Gene_ID,Gene_Name,Control_1-1_Raw_Read_Counts,Control_1-2_Raw_Read_Counts,Control_2-1_Raw_Read_Counts,Control_2-2_Raw_Read_Counts,Control_3-1_Raw_Read_Counts,Control_3-2_Raw_Read_Counts,TMEM11KO_1-1_Raw_Read_Counts,TMEM11KO_1-2_Raw_Read_Counts,TMEM11KO_2-1_Raw_Read_Counts,TMEM11KO_2-2_Raw_Read_Counts,TMEM11KO_3-1_Raw_Read_Counts,TMEM11KO_3-2_Raw_Read_Counts
ENSMUSG00000102628,Gm37671,0,0,0,0,0,0,0,0,0,0,0,0
ENSMUSG00000100595,Gm19087,0,0,0,0,0,0,0,1,0,0,1,0
ENSMUSG00000097426,Gm8941,28,13,9,10,7,4,18,14,41,18,7,12
ENSMUSG00000104478,Gm38212,0,0,0,0,0,0,0,0,0,0,0,0
ENSMUSG00000104385,Gm7449,0,0,1,0,0,0,0,0,0,0,0,0
ENSMUSG00000086053,Gm15178,0,0,0,0,0,0,0,0,0,0,0,0
ENSMUSG00000101231,Gm28283,0,0,0,0,0,0,0,0,0,0,0,0
ENSMUSG00000102135,Gm37108,3,7,2,4,5,0,14,1,6,3,4,3
ENSMUSG00000103282,Gm37275,0,0,0,0,0,0,0,0,0,0,0,0
ENSMUSG00000101097,Gm6679,0,0,0,0,0,1,0,0,0,0,0,1
ENSMUSG00000100764,Gm29155,7,7,5,8,5,3,5,2,2,1,8,3
ENSMUSG00000102095,C730036E19Rik,0,0,0,0,0,2,0,0,0,0,0,0
ENSMUSG00000102534,Gm37225,0,0,0,0,0,2,0,0,0,0,0,0
ENSMUSG00000100831,Gm17847,0,0,0,0,0,0,0,0,0,0,0,0
ENSMUSG00000100884,Gm28281,0,0,0,0,0,0,0,0,0,0,0,0
ENSMUSG00000100635,Gm29157,0,0,0,0,0,0,0,0,0,0,0,0
ENSMUSG00000102213,Gm37489,0,0,0,0,0,0,0,0,0,0,0,0
ENSMUSG00000100480,Gm29156,6,2,5,8,4,2,1,1,5,7,5,2
ENSMUSG00000089037,Gm22159,0,0,0,0,0,0,0,0,0,0,0,0
ENSMUSG00000103629,Gm5694,0,0,0,0,0,0,0,0,0,0,0,0
ENSMUSG00002076531,#N/A,0,0,0,0,0,0,0,0,0,0,0,0
ENSMUSG00000100025,Gm8141,9,6,7,6,5,1,2,1,4,7,4,9
ENSMUSG00000051285,Pcmtd1,223,227,194,212,160,188,171,213,198,202,229,221
ENSMUSG00000098201,Gm26983,1,0,0,0,1,0,0,0,2,1,0,1
ENSMUSG00000103509,Gm38372,35,28,31,22,11,19,7,30,15,31,22,15
ENSMUSG00000048538,Gm9826,0,0,0,0,1,0,0,0,0,1,0,0
ENSMUSG00000103709,Nras-ps2,0,0,0,0,0,0,0,0,0,0,0,0
ENSMUSG00000077244,Gm23274,0,0,0,0,0,0,0,0,0,0,0,0
ENSMUSG00000102768,Gm19002,0,0,0,0,0,0,0,0,0,0,0,0
ENSMUSG00000097797,Gm26901,18,27,14,21,16,18,30,23,27,20,19,24
ENSMUSG00000103498,Gm18984,0,0,0,0,0,0,0,0,0,0,0,0
ENSMUSG00000103067,Gm30414,0,0,0,0,0,0,0,1,0,0,0,0
ENSMUSG00000102320,Gm37791,0,0,0,0,0,0,0,0,0,0,0,0
ENSMUSG00000104226,Gm7470,0,1,0,0,0,1,0,0,0,1,1,0
ENSMUSG00000103903,Rps2-ps2,0,4,1,2,3,1,5,5,0,0,2,0
ENSMUSG00000103557,Gm38216,0,0,0,0,0,0,0,0,0,0,0,0
ENSMUSG00000026312,Cdh7,0,0,0,0,0,1,0,0,0,0,0,0
ENSMUSG00000100290,Gm18552,0,0,0,0,0,0,0,0,0,0,0,0
ENSMUSG00000100758,Gm3332,0,0,0,0,0,0,0,0,0,0,0,0
ENSMUSG00000099926,Gm6693,0,0,0,0,0,0,0,0,0,0,0,0
ENSMUSG00000039748,Exo1,860,930,1066,1039,1180,717,1163,1367,832,747,959,850
ENSMUSG00000118715,#N/A,1,1,0,0,0,0,0,1,0,0,1,0
ENSMUSG00000104158,Gm38100,0,0,1,0,0,0,1,0,0,0,0,0
ENSMUSG00000103540,Gm37668,0,0,0,0,0,0,0,0,0,0,0,0
ENSMUSG00000057363,Uxs1,814,798,628,631,613,458,741,724,829,679,655,652
ENSMUSG00000047216,Cdh19,0,0,0,0,0,0,0,0,0,0,0,0
ENSMUSG00000102788,Gm38255,0,0,0,0,0,1,0,0,0,0,0,0
ENSMUSG00000102160,Gm36944,0,0,0,0,0,0,0,0,0,0,0,0
ENSMUSG00000101253,Gm29088,0,0,0,0,0,0,0,0,0,0,0,0
ENSMUSG00000101846,Gm19927,0,0,0,0,0,0,0,0,0,0,0,0
ENSMUSG00000090243,Gm16103,1,0,0,0,2,0,2,0,2,1,0,0
ENSMUSG00000100701,Gm19587,3,5,1,2,0,2,0,2,3,4,0,1
ENSMUSG00000100555,Gm8173,1,2,2,0,0,0,2,2,2,0,2,2
ENSMUSG00000101395,Gm8241,0,0,0,0,0,0,0,0,0,0,1,0
ENSMUSG00000102728,Gm37934,0,0,0,0,0,0,0,0,0,0,0,0
ENSMUSG00000088848,Gm26352,0,0,0,0,0,0,0,0,0,0,0,0
ENSMUSG00002075225,#N/A,0,0,0,0,0,0,0,0,0,0,0,0
ENSMUSG00000038702,Dsel,172,155,111,106,99,85,85,122,155,162,115,108
ENSMUSG00000101875,Gm6028,1,0,1,1,0,0,4,1,0,0,0,0
ENSMUSG00000099732,Gm17752,0,0,0,0,0,0,0,1,0,0,0,0
ENSMUSG00000101220,Gm6717,1,0,0,0,0,0,1,0,1,1,0,0
ENSMUSG00000100020,Gm19086,0,0,0,0,0,0,0,0,0,0,0,0
ENSMUSG00000101054,Gm18406,0,0,0,0,0,0,0,0,0,0,0,0
ENSMUSG00000088691,Gm22331,0,0,0,0,0,0,0,0,0,0,0,0
ENSMUSG00000099884,Gm8204,0,0,0,0,0,0,0,0,0,0,0,0
ENSMUSG00000100304,Gm28190,0,0,0,0,0,0,0,0,0,0,0,0
ENSMUSG00000101453,Gm28189,0,0,0,0,0,0,0,0,0,0,0,0
ENSMUSG00000102105,Gm17946,0,0,0,0,0,0,0,0,0,0,0,0
ENSMUSG00000099943,Gm18181,0,0,0,0,0,0,0,0,0,0,0,0
ENSMUSG00002075119,#N/A,0,0,0,0,0,0,0,0,0,0,0,0
ENSMUSG00000097648,9330185C12Rik,0,0,0,0,0,0,0,0,0,0,0,0
ENSMUSG00000101687,Gm4854,1,0,0,0,0,0,0,0,0,0,0,0
ENSMUSG00000100515,Gm17916,0,0,0,0,0,0,0,0,0,0,0,0
ENSMUSG00000033021,Gmppa,626,661,538,474,546,202,486,489,543,461,583,597
ENSMUSG00000055214,Pld5,0,0,1,0,0,2,0,0,0,0,1,0
ENSMUSG00000078184,Rbm8a2,3,4,3,8,3,8,4,4,5,4,3,4
ENSMUSG00000104363,Gm38081,0,0,0,0,0,0,0,0,0,0,0,0
ENSMUSG00000103277,Gm37916,0,0,0,0,0,0,0,0,0,0,0,0
ENSMUSG00000104157,Gm38101,0,0,0,0,0,0,0,0,0,0,0,0
ENSMUSG00000102446,Gm17965,0,0,0,0,0,0,0,0,0,0,0,0
ENSMUSG00000104248,Gm38152,0,0,0,0,0,0,0,0,0,0,0,0
ENSMUSG00000104021,Gm36536,0,0,0,0,0,0,0,0,0,0,0,0
ENSMUSG00000103471,Gm17966,0,0,0,0,2,0,0,0,0,0,0,0
ENSMUSG00000087875,Gm26104,0,0,0,0,1,0,0,0,0,0,0,0
ENSMUSG00000033007,Asic4,0,0,0,0,0,1,0,0,0,0,0,0
ENSMUSG00000102605,Gm37264,1,0,1,3,1,1,2,0,1,0,1,0
ENSMUSG00000070695,Cntnap5a,0,0,0,0,0,0,0,0,0,0,0,0
ENSMUSG00000025909,Sntg1,0,0,0,0,1,2,0,0,0,0,0,0
ENSMUSG00002076179,#N/A,0,0,0,0,0,0,0,0,0,0,0,0
ENSMUSG00000102033,Gm28263,0,0,0,0,0,0,0,0,0,0,0,0
ENSMUSG00000102647,Gm38024,0,0,0,0,0,0,0,0,0,0,0,0
ENSMUSG00000086235,Gm16284,0,0,0,1,0,0,0,1,0,1,0,0
ENSMUSG00000102253,Gm38259,0,0,0,0,0,1,0,0,0,0,0,0
ENSMUSG00002074990,#N/A,0,0,0,0,0,0,0,0,0,0,0,0
ENSMUSG00000094429,Gm19965,0,0,0,0,0,0,0,0,0,0,0,0
ENSMUSG00000101154,Gm17777,0,0,0,0,0,0,0,0,0,0,0,0
ENSMUSG00000103884,Gm37005,0,0,0,0,0,0,0,0,0,0,0,0
ENSMUSG00000065865,Gm24030,0,0,0,0,0,0,0,0,0,0,0,0
ENSMUSG00000084353,Gm15452,1,0,0,0,0,0,0,0,0,0,0,0
ENSMUSG00002076328,#N/A,0,0,0,0,0,0,0,0,0,0,0,0
ENSMUSG00000103933,Gm36964,4,1,2,6,2,6,15,7,6,5,4,3
ENSMUSG00000101573,Gm28361,0,0,0,0,0,0,0,0,0,0,0,0
ENSMUSG00002075967,#N/A,1,1,1,2,1,0,0,0,1,1,0,1
ENSMUSG00000086195,Gm6152,0,0,0,0,0,0,0,0,0,0,0,0
ENSMUSG00000107979,Zfp813-ps,0,0,0,0,0,0,0,0,0,0,0,0
ENSMUSG00000101373,Zfp813-ps,0,0,0,0,0,0,0,0,0,0,0,0
ENSMUSG00000104504,Gm7445,0,0,0,0,0,0,0,0,0,0,0,0
ENSMUSG00000099615,Gm28362,0,0,0,0,0,1,0,0,0,0,0,0
ENSMUSG00000066693,Gm7493,0,0,0,0,0,0,0,0,0,0,0,0
ENSMUSG00000102316,Gm37629,0,0,0,0,0,1,0,0,0,0,0,0
ENSMUSG00000100265,Gm28363,0,0,0,0,0,0,0,0,0,0,0,0
ENSMUSG00000103819,Gm38008,0,0,0,0,0,0,0,0,0,0,0,0
ENSMUSG00000100527,Gm28359,0,0,0,0,0,0,0,0,0,0,0,0
ENSMUSG00000102871,Gm37143,0,0,0,0,0,0,0,0,0,0,0,0
ENSMUSG00000099571,Gm18182,0,0,0,0,0,0,0,0,0,0,0,0
ENSMUSG00000101571,Gm6187,2,0,1,0,0,0,0,0,1,0,0,0
ENSMUSG00000104428,Gm18299,0,0,0,0,0,0,0,0,0,0,0,0
ENSMUSG00000101303,B020011L13Rik,0,0,0,0,0,0,0,0,0,0,0,0
ENSMUSG00000102272,Gm7512,0,0,0,0,0,0,0,0,0,0,0,0
ENSMUSG00000100305,Gm28360,0,0,0,0,0,0,0,0,0,0,0,0
ENSMUSG00000065625,Gm24765,0,0,0,0,0,0,0,0,0,0,0,0
ENSMUSG00000099534,Gm28169,0,0,0,0,0,0,0,0,0,0,0,0
ENSMUSG00000103411,Gm18300,0,0,0,0,0,0,0,0,0,0,0,0
ENSMUSG00000100886,Gm7195,0,0,0,0,0,0,0,0,0,0,0,0
ENSMUSG00000101415,Gm28168,0,0,0,0,0,0,0,0,0,0,0,0
ENSMUSG00000061024,Rrs1,4905,5621,4532,4724,4091,1871,3837,4226,4924,4360,3935,3531
ENSMUSG00000100617,Gm7145,0,0,0,0,0,0,0,0,0,0,0,0
ENSMUSG00000100703,Gm28358,0,0,0,0,0,0,0,0,0,0,0,0
ENSMUSG00000100177,Gm29489,0,0,0,0,0,0,0,0,0,0,0,0
ENSMUSG00000101363,Gm29490,0,0,0,0,0,0,0,0,0,0,0,0
ENSMUSG00000101590,Gm29104,0,0,0,0,0,0,0,0,0,0,0,0
ENSMUSG00000102030,Gm29106,0,0,0,0,0,0,0,0,0,0,0,0
ENSMUSG00000099870,Gm7200,0,0,0,0,0,0,0,0,0,0,0,1
ENSMUSG00000026374,Tsn,3570,3699,3241,3087,3389,1419,3492,3260,3566,3083,3214,3025
ENSMUSG00000026377,Nifk,4989,5947,4292,4524,4121,2537,4106,4410,5213,4777,4339,3831
ENSMUSG00000099936,Gm28867,0,0,0,0,0,0,0,0,0,0,0,0
ENSMUSG00000025911,Adhfe1,1,5,5,1,1,1,4,5,5,3,4,5
ENSMUSG00000079671,2610203C22Rik,0,0,0,0,0,1,0,0,0,0,0,0
ENSMUSG00000081441,Gm6161,0,0,0,0,0,0,0,0,1,0,1,0
ENSMUSG00000067879,Vxn,0,0,0,0,0,0,0,0,0,0,0,0
ENSMUSG00000099827,Gm29520,0,0,0,0,0,0,0,0,0,0,0,0
ENSMUSG00000057335,Cep170,790,795,553,547,640,608,420,708,527,652,957,712
ENSMUSG00000103634,3110062G12Rik,0,1,0,0,0,0,0,0,1,1,0,0
ENSMUSG00000104154,Gm38104,1,1,0,4,1,2,2,3,2,4,1,3
ENSMUSG00000103435,Gm36992,0,0,0,0,0,0,0,0,0,0,0,0
ENSMUSG00000065573,Mir350,0,0,0,0,0,0,0,0,0,0,0,0
ENSMUSG00002076271,#N/A,0,0,0,0,0,0,0,0,0,0,0,0
ENSMUSG00000100551,Gm19503,1,0,0,0,0,0,0,1,1,0,1,1
ENSMUSG00000100357,Gm28181,0,0,0,0,0,0,0,0,0,0,0,0
ENSMUSG00000025912,Mybl1,81,87,96,118,133,154,108,143,74,84,128,118
ENSMUSG00000045210,Vcpip1,1613,1499,1421,1303,1209,957,883,1408,1267,1272,1337,1204
ENSMUSG00000041763,Tpp2,3602,4019,3297,3208,3103,2555,2386,3262,3292,3139,3199,2936
ENSMUSG00000097893,1700034P13Rik,0,1,0,3,1,7,2,1,4,3,0,1
ENSMUSG00000026504,Sdccag8,93,99,63,79,86,62,67,87,107,65,105,100
ENSMUSG00000103367,Gm38158,0,0,0,0,0,0,0,0,0,0,0,0
ENSMUSG00000103584,Gm38053,0,0,0,0,0,0,0,0,0,0,0,0
ENSMUSG00002076339,#N/A,0,0,0,0,0,0,0,0,0,0,0,0
ENSMUSG00000102475,Gm37246,0,0,1,0,0,0,0,1,1,0,0,0
ENSMUSG00000047343,Mettl21c,1,0,0,0,2,1,0,0,0,0,0,0
ENSMUSG00000102211,Gm37490,3,1,1,0,0,2,1,1,3,0,0,0
ENSMUSG00000087082,Gm15423,0,0,0,0,0,0,0,0,0,0,0,0
ENSMUSG00000090106,Gm15838,0,0,0,0,0,0,0,0,0,0,0,0
ENSMUSG00000103251,Gm37519,0,0,1,0,0,1,3,0,0,2,0,1
ENSMUSG00000091844,Gm8251,19,14,19,18,16,43,13,17,6,20,18,18
ENSMUSG00000026483,Fam129a,4422,4826,5035,5162,4367,2634,3727,4773,4440,4209,3105,2788
ENSMUSG00000100594,2810414N06Rik,6,4,2,4,4,4,4,0,2,3,5,4
ENSMUSG00000082528,Gm15182,0,0,0,0,0,0,0,0,0,0,0,0
ENSMUSG00000082012,Gm5257,3,4,7,4,4,1,6,2,2,1,1,2
ENSMUSG00000099996,Gm29065,0,0,0,0,0,0,0,0,0,0,0,0
ENSMUSG00000101763,Gm29068,0,0,0,0,0,0,0,0,0,0,0,0
ENSMUSG00000100827,Gm29069,0,0,0,0,0,0,0,0,0,0,0,0
ENSMUSG00000100553,Gm17751,0,0,0,0,0,4,0,0,0,0,0,0
ENSMUSG00000098611,Mir6343,0,0,0,0,0,0,0,0,0,0,0,0
ENSMUSG00000100534,Gm816,0,0,1,0,2,4,0,3,0,1,0,0
ENSMUSG00000102904,Gm38265,0,0,0,0,0,0,0,0,0,0,0,0
ENSMUSG00002076350,#N/A,0,0,0,0,0,0,0,0,0,0,0,0
ENSMUSG00000019699,Akt3,363,398,339,315,334,332,252,423,382,356,418,353
ENSMUSG00000104391,Gm37960,2,3,4,3,1,2,2,0,4,1,2,5
ENSMUSG00000102133,Gm37106,0,0,0,0,1,0,0,0,0,0,0,0
ENSMUSG00000102749,Gm37598,0,0,0,0,0,1,0,0,1,0,0,0
ENSMUSG00000103163,Gm38146,0,0,0,0,0,0,0,2,0,0,0,0
ENSMUSG00000103646,Gm37706,0,0,0,2,0,2,0,0,0,0,0,4
ENSMUSG00000102427,Gm37463,0,0,1,0,1,0,0,0,0,0,1,1
ENSMUSG00000103633,Gm38328,0,0,0,0,0,0,0,0,1,0,0,0
ENSMUSG00000097892,Gm26801,0,3,0,0,3,7,1,1,3,2,2,0
ENSMUSG00000063659,Zbtb18,673,668,598,477,668,499,362,566,690,608,723,673
ENSMUSG00000102432,Gm29856,0,0,0,0,0,0,0,0,0,0,0,0
ENSMUSG00000103043,Gm37306,0,0,0,0,0,0,0,0,0,0,0,0
ENSMUSG00000102885,Gm37280,0,0,0,0,0,0,0,0,0,0,0,0
ENSMUSG00000026049,Tex30,614,585,649,545,723,455,761,738,639,560,671,672
ENSMUSG00000103767,Gm37858,0,0,0,0,0,0,0,0,0,0,0,0
ENSMUSG00000101746,2310043L19Rik,0,0,0,0,0,0,0,0,0,0,0,0
ENSMUSG00000043019,Edem3,1028,1046,846,850,775,642,540,882,818,751,814,735
ENSMUSG00000101104,Gm29247,0,0,0,0,0,0,0,0,0,0,0,0
ENSMUSG00000015962,1700016C15Rik,2,0,0,1,2,1,2,1,1,0,0,0
ENSMUSG00000032666,1700025G04Rik,103,89,164,179,148,92,159,206,133,111,99,111
ENSMUSG00000084557,Gm25279,0,0,0,0,0,0,0,0,0,0,0,0
ENSMUSG00000100685,Gm28610,0,0,0,0,0,0,0,0,0,0,1,0
ENSMUSG00000102090,Gm8964,0,0,1,0,0,0,1,1,0,1,0,0
ENSMUSG00000103744,Gm38238,0,0,0,0,0,0,0,0,0,0,0,0
ENSMUSG00000015961,Adss,2566,2974,2477,2538,2504,1668,2244,2753,2579,2525,2599,2270
ENSMUSG00000089657,Gm16585,3,1,3,2,0,0,3,1,0,2,5,3
ENSMUSG00000102483,Catspere1,0,0,0,0,0,0,0,0,0,0,0,0
ENSMUSG00000014980,Tsen15,125,142,122,128,123,79,135,150,120,92,98,115
ENSMUSG00000026235,Epha4,0,0,0,0,0,4,0,0,0,0,0,0
ENSMUSG00000099141,Mir6352,0,0,0,0,0,0,0,0,0,0,0,0
ENSMUSG00000032649,Colgalt2,0,0,0,0,1,1,0,0,0,0,0,0
ENSMUSG00000101849,Gm28386,0,0,0,0,0,0,1,0,0,0,0,0
ENSMUSG00000101506,Gm28385,0,0,0,0,0,0,0,0,0,0,0,0
ENSMUSG00000065215,Gm26263,0,0,0,0,0,0,0,0,0,0,0,0
ENSMUSG00000102052,Gm28387,0,0,0,0,0,0,0,0,0,0,0,0
ENSMUSG00000026047,Poglut2,139,146,99,113,163,88,110,131,127,110,186,203
ENSMUSG00000080878,Gm15618,1,0,0,0,0,0,0,0,0,0,0,0
ENSMUSG00000091476,Catspere2,3,0,0,1,1,4,2,0,2,4,3,0
ENSMUSG00000104097,Gm37313,0,0,0,0,0,0,0,0,0,0,0,0
ENSMUSG00000119789,#N/A,0,0,0,0,0,0,0,0,0,0,0,0
ENSMUSG00000102493,Gm8010,1,0,0,0,1,0,0,0,1,3,0,2
ENSMUSG00000004872,Pax3,0,0,0,0,0,1,0,0,0,0,0,0
ENSMUSG00000118426,Gm2102,0,0,0,0,0,0,0,0,0,0,0,0
ENSMUSG00000041684,Bivm,106,135,76,84,127,78,89,98,102,93,147,159
ENSMUSG00000032908,Sgpp2,0,0,0,0,0,0,0,0,0,0,0,0
ENSMUSG00000099561,Gm28410,0,0,0,0,0,0,0,0,0,0,0,0
ENSMUSG00000102945,Gm37884,0,0,0,0,0,1,0,0,0,0,0,0
ENSMUSG00000026502,Desi2,1853,1944,1430,1481,1298,775,1234,1416,1686,1528,1407,1311
ENSMUSG00000103958,Gm8023,0,0,0,0,0,0,0,0,0,0,0,0
ENSMUSG00000070489,4930527J03Rik,0,0,0,0,0,0,0,0,0,0,0,1
ENSMUSG00000104126,Gm37486,5,9,8,9,9,1,8,4,11,6,0,3
ENSMUSG00000086350,B230369F24Rik,5,4,6,4,12,3,4,11,7,9,6,10
ENSMUSG00000026500,Cox20,137,156,124,119,154,179,165,177,156,161,157,152
ENSMUSG00000026048,Ercc5,412,408,325,285,337,274,302,285,287,334,399,333
ENSMUSG00000046828,Mettl21e,0,0,0,0,0,5,0,0,0,0,0,0
ENSMUSG00000089703,Gm15833,2,0,0,0,0,0,1,0,1,0,0,0
ENSMUSG00000100966,Gm5700,0,0,0,0,0,0,0,0,0,0,0,0
ENSMUSG00000100769,Gm28893,0,0,0,0,0,0,0,0,0,0,0,0
ENSMUSG00000101567,Txn-ps1,1,3,1,1,4,0,2,0,1,2,3,1
ENSMUSG00000026245,Farsb,3297,3943,2888,2946,3318,2035,2559,2707,3516,3219,3266,2927
ENSMUSG00000101798,Gm28995,0,0,0,0,0,0,0,0,0,0,0,0
ENSMUSG00000104018,4833412K13Rik,20,7,8,10,5,2,5,3,4,9,7,5
ENSMUSG00000090486,BC035947,0,0,0,0,0,0,0,0,0,0,0,0
ENSMUSG00000026482,Rgl1,8,14,9,9,13,7,10,8,17,11,9,11
ENSMUSG00000086145,Gm15479,0,0,0,0,0,0,0,0,0,0,0,0
ENSMUSG00000080950,Gm7278,8,7,6,6,3,0,3,4,8,5,0,4
ENSMUSG00000099868,Gm28792,0,0,0,0,0,0,0,0,0,0,0,0
ENSMUSG00000055547,Apobec4,0,0,0,0,0,0,0,0,0,0,0,0
ENSMUSG00000012187,Mogat1,0,0,0,0,0,0,0,0,0,0,0,0
ENSMUSG00000008475,Arpc5,5816,6687,4551,4715,4414,2805,4424,4628,5883,5327,4440,4434
ENSMUSG00000099364,5730419F03Rik,0,0,1,0,0,0,0,0,0,0,0,1
ENSMUSG00000100562,Gm29611,0,0,0,0,0,0,0,0,0,0,0,0
ENSMUSG00000056870,Gulp1,0,0,0,0,0,0,0,0,0,0,0,0
ENSMUSG00000102319,Gm37626,0,0,0,0,0,0,0,0,0,0,0,0
ENSMUSG00000089877,Gm16102,0,0,0,0,1,2,0,0,0,0,0,0
ENSMUSG00000101701,4930521E06Rik,0,0,0,0,0,1,0,0,0,0,0,0
ENSMUSG00000103071,Gm38110,0,0,0,0,0,0,0,0,0,0,0,0
ENSMUSG00000100434,Gm3489,0,1,0,0,0,0,0,0,0,0,0,0
ENSMUSG00000100013,Gm19480,0,0,0,0,0,0,0,0,0,0,0,0
ENSMUSG00000101251,Gm3496,0,1,0,0,0,0,0,0,0,0,1,0
ENSMUSG00000101937,Gm5268,0,0,0,0,0,1,0,0,0,1,0,0
ENSMUSG00000039630,Hnrnpu,39393,38730,32228,32259,35082,30961,27713,33404,38379,36335,40443,36653
ENSMUSG00000104279,Gm38300,8,5,3,5,9,4,7,8,3,4,2,1
ENSMUSG00002075531,#N/A,0,0,0,0,0,0,0,0,0,0,0,0
ENSMUSG00000064954,Gm24919,0,0,0,0,0,0,0,0,0,0,0,0
ENSMUSG00000026495,Efcab2,25,22,19,18,20,24,23,19,27,19,28,25
ENSMUSG00000032883,Acsl3,507,517,599,542,422,472,516,624,501,487,448,409
ENSMUSG00000026480,Ncf2,46,53,15,32,30,14,49,29,51,35,49,32
ENSMUSG00000026494,Kif26b,0,1,0,2,1,4,0,0,1,0,0,4
ENSMUSG00000064967,Gm24405,0,0,0,0,0,0,0,0,0,0,0,0
ENSMUSG00000102922,Gm34176,0,0,0,0,0,0,0,0,0,0,0,0
ENSMUSG00000025915,Sgk3,179,160,169,176,210,139,170,196,177,199,241,213
ENSMUSG00000089713,Gm16564,0,0,0,0,0,0,0,0,0,0,0,0
ENSMUSG00000079470,Utp14b,698,748,849,819,709,787,527,822,726,620,600,561
ENSMUSG00000099377,Gm6159,10,1,1,4,3,2,3,3,7,7,6,4
ENSMUSG00000099706,Gm29536,0,0,0,0,0,0,0,0,0,0,0,0
ENSMUSG00000047330,Kcne4,0,0,0,0,0,1,0,0,0,0,0,0
ENSMUSG00000101324,Gm29187,0,0,0,0,0,0,0,0,0,0,0,0
ENSMUSG00000072978,Gm5830,0,0,0,0,1,0,0,0,1,0,0,1
ENSMUSG00000046334,Gm6195,1,0,0,1,1,0,0,0,0,0,4,0
ENSMUSG00002075801,#N/A,0,0,0,0,0,0,0,0,0,0,0,0
ENSMUSG00000050711,Scg2,21,18,20,11,13,6,18,14,27,21,7,11
ENSMUSG00000099562,Gm19027,0,0,1,2,3,1,0,1,3,1,2,2
ENSMUSG00000077782,Gm24160,0,0,0,0,0,0,0,0,0,0,0,0
ENSMUSG00000055067,Smyd3,201,196,134,145,237,109,147,135,176,126,354,276
ENSMUSG00000054702,Ap1s3,696,694,812,747,719,607,628,818,781,703,636,672
ENSMUSG00000096474,Gm5561,1,5,0,4,3,0,2,4,2,0,0,1
ENSMUSG00000102235,Gm37886,18,13,27,10,2,7,6,18,9,10,3,7
ENSMUSG00000026492,Tfb2m,226,260,166,165,174,85,133,160,195,209,189,150
ENSMUSG00000082395,Gm15480,0,0,0,0,0,0,0,0,0,0,0,0
ENSMUSG00000038949,Cnst,268,252,172,162,232,147,182,239,222,218,287,284
ENSMUSG00000026043,Col3a1,0,0,0,0,0,1,0,0,0,0,0,0
ENSMUSG00000046101,Mcmdc2,0,1,0,1,0,2,2,1,0,0,0,0
ENSMUSG00002074901,#N/A,0,0,0,0,0,0,0,0,0,0,0,0
ENSMUSG00000098234,Snhg6,991,1170,1173,1150,969,658,1392,1114,1106,1002,872,837
ENSMUSG00000093178,Snord87,36,28,36,36,13,18,37,26,38,26,17,20
ENSMUSG00000099032,Tcf24,1,3,2,3,1,1,7,2,4,1,2,0
ENSMUSG00000104025,E330040D14Rik,0,0,0,0,0,0,0,0,0,0,0,0
ENSMUSG00000038936,Sccpdh,99,122,67,75,78,48,99,100,91,78,82,82
ENSMUSG00000042772,Smg7,5847,5767,4603,4434,4642,3716,3189,4826,4854,4747,4871,4305
ENSMUSG00000100394,Gm28791,8,5,9,3,1,3,1,3,6,6,3,5
ENSMUSG00000103840,1700040K01Rik,0,0,0,0,0,0,0,0,0,0,0,0
ENSMUSG00000087236,Kif28,0,0,0,1,0,1,0,0,0,0,0,0
ENSMUSG00000100702,Gm8976,8,11,16,17,10,0,13,7,14,10,3,3
ENSMUSG00000026042,Col5a2,1,0,0,0,0,1,1,0,0,2,1,0
ENSMUSG00000104476,Gm38211,0,0,0,0,0,1,0,0,0,0,0,0
ENSMUSG00000073643,Wdfy1,945,1086,967,960,823,483,851,898,958,848,750,687
ENSMUSG00000104497,Gm10555,0,0,0,0,0,0,0,0,0,0,0,0
ENSMUSG00000025916,Ppp1r42,0,1,0,0,0,0,0,2,0,0,0,0
ENSMUSG00000087199,Gm15818,0,0,0,0,0,0,0,0,0,0,0,0
ENSMUSG00000026248,Mrpl44,870,988,827,879,915,381,880,866,947,828,733,732
ENSMUSG00000119658,#N/A,0,0,0,0,0,0,0,0,0,0,0,0
ENSMUSG00000026249,Serpine2,2465,2374,4055,3801,4105,2066,3197,3026,2319,1955,2679,2358
ENSMUSG00000042751,Nmnat2,50,52,19,33,36,25,22,21,77,58,23,34
ENSMUSG00000067106,Gm5529,1,3,0,3,0,0,0,0,1,0,1,0
ENSMUSG00000099969,Gm28960,0,0,0,0,0,0,0,0,0,0,0,0
ENSMUSG00000100397,Gm28071,1,1,2,2,0,0,1,1,4,4,0,3
ENSMUSG00000099753,Gm28058,0,0,0,0,0,0,0,0,0,0,0,0
ENSMUSG00000118883,#N/A,0,0,0,0,0,0,0,0,0,0,0,0
ENSMUSG00000102518,Gm38339,0,0,1,6,0,3,1,3,0,1,0,0
ENSMUSG00000099552,9830004L10Rik,0,0,0,0,0,0,0,0,0,0,0,0
ENSMUSG00000043230,Fam124b,95,104,65,83,75,34,40,38,115,98,54,53
ENSMUSG00000101257,2310015K22Rik,0,0,0,0,0,0,0,0,0,0,0,0
ENSMUSG00000103404,Gm37932,0,0,0,0,0,1,0,0,2,0,0,1
ENSMUSG00000026491,Ahctf1,7052,7813,6464,6287,5937,4086,3937,6452,6523,6451,6048,5701
ENSMUSG00000073486,Gm10518,7,4,3,2,5,0,5,3,10,1,4,5
ENSMUSG00000025917,Cops5,1718,2137,1700,1800,1848,997,1791,1770,1820,1644,1703,1619
ENSMUSG00000104418,Gm37070,2,1,0,4,3,2,4,2,1,0,3,0
ENSMUSG00000026479,Lamc2,115,105,59,66,28,21,30,46,48,49,30,21
ENSMUSG00000004364,Cul3,4313,4508,3692,3536,3644,3692,3198,4018,4142,4011,3847,3321
ENSMUSG00000103076,Gm37902,23,14,9,7,7,17,6,14,17,12,15,17
ENSMUSG00000103525,Gm37262,3,1,0,1,1,1,0,2,1,0,1,5
ENSMUSG00000101722,Gm29125,3,2,0,0,1,0,0,2,0,0,3,0
ENSMUSG00000090637,Gm6189,0,0,1,1,1,0,0,1,1,2,1,0
ENSMUSG00000026478,Lamc1,3399,3614,2523,2644,2180,1273,1677,2552,2476,2515,2290,2211
ENSMUSG00000101483,1700016L21Rik,0,0,0,0,0,0,0,0,0,0,0,0
ENSMUSG00000110100,Gm45261,0,0,0,0,0,1,0,0,0,0,0,0
ENSMUSG00000103818,Gm38009,5,4,5,4,1,0,3,5,8,2,0,5
ENSMUSG00000079138,Gm8818,2,6,15,4,1,2,6,3,2,3,0,0
ENSMUSG00000073538,E330020D12Rik,23,20,16,22,32,9,18,12,8,7,25,26
ENSMUSG00000042708,Shcbp1l,4,7,10,13,3,6,9,5,6,11,11,2
ENSMUSG00000064435,Gm25588,0,0,1,1,0,3,1,0,0,0,1,1
ENSMUSG00000103543,Gm37669,1,0,2,0,3,0,0,1,0,2,2,2
ENSMUSG00000099432,Gm18849,0,0,0,0,0,0,0,0,0,0,0,0
ENSMUSG00000041144,Dnah7b,0,1,0,0,2,1,0,0,0,0,0,0
ENSMUSG00000119743,#N/A,0,0,0,0,0,0,0,0,0,0,0,0
ENSMUSG00000042699,Dhx9,10383,10499,8845,8642,9938,7310,7293,9521,10027,9321,10320,9656
ENSMUSG00000101262,Gm8326,17,24,9,7,14,9,15,8,7,10,20,19
ENSMUSG00000042684,Npl,51,35,12,23,24,10,28,18,38,37,39,38
ENSMUSG00000099858,Gm6652,1,1,1,0,0,2,1,2,1,2,1,0
ENSMUSG00000101337,Dnah7c,0,0,0,0,0,0,0,0,0,0,0,0
ENSMUSG00000025986,Slc39a10,963,979,887,809,915,737,650,989,950,879,1202,1076
ENSMUSG00000100213,Gm28151,4,5,1,7,16,9,2,8,1,2,13,16
ENSMUSG00000103129,Gm37393,0,0,0,0,0,0,0,0,0,0,0,0
ENSMUSG00000100160,Gm28527,0,0,0,0,0,0,0,0,0,0,0,0
ENSMUSG00000101921,Gm28825,0,0,0,0,0,0,0,0,0,1,0,0
ENSMUSG00000101447,Gm28826,0,0,0,0,0,0,0,0,0,0,0,0
ENSMUSG00000081185,Gm4852,1,0,0,0,0,0,0,0,0,0,0,0
ENSMUSG00000103246,Gm38090,0,0,0,0,0,0,0,0,0,0,0,0
ENSMUSG00000098876,Mir6350,0,0,0,0,0,0,0,0,0,0,0,0
ENSMUSG00000100530,Gm18117,0,0,0,0,0,0,0,0,0,0,0,0
ENSMUSG00000104067,Gm37196,0,0,0,0,0,0,0,0,0,0,0,0
ENSMUSG00000100033,Gm8337,20,10,8,12,14,11,12,8,15,18,7,16
ENSMUSG00002075213,#N/A,0,0,0,0,0,0,0,0,0,0,0,0
ENSMUSG00002076633,#N/A,0,0,0,0,0,0,0,0,0,0,0,0
ENSMUSG00000101996,Gm19206,0,0,0,0,0,0,0,0,1,0,0,0
ENSMUSG00000096973,Gm5974,13,6,8,5,6,2,16,7,15,8,4,3
ENSMUSG00000064943,Gm23240,0,0,0,0,0,2,0,0,0,0,0,0
ENSMUSG00000100866,Gm28830,0,0,0,0,0,0,0,0,0,0,0,0
ENSMUSG00000101721,Gm8354,0,0,0,0,0,0,0,0,0,0,0,0
ENSMUSG00000099376,Gm19124,0,0,0,0,0,0,0,0,0,0,0,0
ENSMUSG00000097883,Gm8357,8,12,2,8,3,3,3,3,5,4,1,2
ENSMUSG00002076043,#N/A,0,0,0,0,0,0,0,0,0,0,0,0
ENSMUSG00000099698,Gm28740,0,0,0,0,0,0,0,0,0,0,0,0
ENSMUSG00000056763,Cspp1,509,550,512,442,473,558,362,572,457,473,518,500
ENSMUSG00000099454,Gm8367,0,0,0,0,0,0,0,0,0,0,0,0
ENSMUSG00000051616,C230029F24Rik,0,0,0,0,0,0,0,0,0,0,0,0
ENSMUSG00000099627,Gm6757,0,0,0,0,0,0,0,0,0,0,0,0
ENSMUSG00000099577,Gm3605,0,0,0,0,0,0,0,0,0,0,0,0
ENSMUSG00000099882,Gm28388,0,0,0,0,0,0,0,0,0,0,0,0
ENSMUSG00000101760,Gm8384,0,0,0,0,0,0,0,0,0,0,0,0
ENSMUSG00000102356,1700047N06Rik,0,0,0,0,0,0,0,0,0,0,0,0
ENSMUSG00000099608,4933411E06Rik,0,0,0,0,0,0,0,0,0,0,0,0
ENSMUSG00000099864,Gm8391,0,0,0,0,0,0,0,0,0,0,0,0
ENSMUSG00002075839,#N/A,0,0,0,0,0,0,0,0,0,0,0,0
ENSMUSG00000100451,Gm29665,0,0,0,0,0,0,0,0,0,0,0,0
ENSMUSG00000099941,Gm20118,0,0,0,0,0,0,0,0,0,0,0,0
ENSMUSG00002075589,#N/A,0,0,0,0,0,0,0,0,0,0,0,0
ENSMUSG00000100816,Gm28321,0,0,0,0,0,0,0,0,0,0,0,0
ENSMUSG00000042671,Rgs8,166,168,87,94,34,22,42,64,125,99,85,95
ENSMUSG00000100945,Gm29529,0,0,0,0,0,0,0,0,0,0,0,1
ENSMUSG00000102404,5530400K19Rik,1,2,0,0,0,0,0,0,1,0,0,1
ENSMUSG00000100334,C230024C17Rik,50,53,27,21,17,5,11,12,38,32,15,14
ENSMUSG00000026109,Tmeff2,0,0,0,0,1,0,0,0,1,0,0,0
ENSMUSG00000026475,Rgs16,22599,23555,14847,15091,11788,5941,10516,12081,17578,16036,11558,11059
ENSMUSG00000099568,Gm28513,4,1,2,9,4,1,0,3,6,7,1,3
ENSMUSG00000100671,Gm28322,0,0,0,1,0,3,0,0,0,0,0,0
ENSMUSG00002075527,#N/A,0,0,0,0,0,0,0,0,0,0,0,0
ENSMUSG00000101242,Gm28319,0,0,0,0,0,0,0,0,0,0,0,0
ENSMUSG00000099924,Gm28320,0,0,0,0,0,1,0,0,0,0,1,0
ENSMUSG00000099625,Gm29325,0,0,0,0,0,0,0,0,0,0,0,0
ENSMUSG00000101799,9330175M20Rik,0,0,0,0,0,0,0,0,0,0,0,0
ENSMUSG00000045954,Cavin2,0,0,0,0,0,6,0,0,2,0,0,0
ENSMUSG00000099741,Gm5253,0,0,0,0,1,1,0,0,0,0,0,0
ENSMUSG00000101702,1700072G22Rik,0,2,1,1,0,0,2,0,0,0,0,0
ENSMUSG00000066800,Rnasel,470,500,327,343,227,190,178,278,323,331,360,304
ENSMUSG00000100183,Gm28512,3,1,1,2,0,0,0,2,1,2,2,2
ENSMUSG00000067851,Arfgef1,4115,4507,3439,3365,3530,2789,2217,3651,3874,3794,3694,3519
ENSMUSG00002076532,#N/A,0,0,0,0,0,0,0,0,0,0,0,0
ENSMUSG00000102556,Gm37569,0,2,3,2,0,3,1,1,3,1,1,1
ENSMUSG00000038608,Dock10,6717,7130,7188,7330,5398,4145,4208,6784,5016,5337,5230,4725
ENSMUSG00000042501,Cpa6,0,0,0,0,0,0,0,0,0,0,0,0
ENSMUSG00000103810,Gm38005,0,0,0,0,0,0,0,0,0,0,0,0
ENSMUSG00000083422,Gm15604,7,4,6,4,1,1,1,1,7,3,3,6
ENSMUSG00000119312,#N/A,0,0,0,0,0,0,0,0,0,0,0,0
ENSMUSG00000042641,Rgsl1,0,0,0,0,0,1,0,0,0,1,0,1
ENSMUSG00000081417,Gm15603,0,0,0,0,0,0,0,0,0,0,0,0
ENSMUSG00000103448,Gm37133,0,0,0,0,0,0,0,0,0,0,0,0
ENSMUSG00000103192,Gm37645,1,4,11,6,5,3,4,4,5,3,7,4
ENSMUSG00000104488,Gm38062,5,2,10,9,0,6,2,6,4,3,4,10
ENSMUSG00000100212,Gm5522,0,0,0,0,0,0,0,0,0,0,0,0
ENSMUSG00000102721,A630081D01Rik,14,22,20,16,8,19,18,15,11,14,21,15
ENSMUSG00000100648,Gm28659,1,3,4,6,5,3,2,5,5,1,4,2
ENSMUSG00002076499,#N/A,0,0,0,0,0,0,0,0,0,0,0,0
ENSMUSG00000099949,Gm29124,1,2,1,1,1,0,1,2,0,0,0,0
ENSMUSG00000099918,Gm28066,0,0,0,0,0,0,0,0,0,0,0,0
ENSMUSG00000045968,Teddm2,1,1,3,1,2,4,1,1,5,2,2,1
ENSMUSG00000043282,Teddm1b,0,0,0,0,0,0,0,0,0,0,0,0
ENSMUSG00000102459,Gm38352,0,0,0,1,0,0,0,0,0,0,0,1
ENSMUSG00000047053,Teddm1a,0,0,0,0,0,0,0,0,0,0,0,0
ENSMUSG00000099227,Mir8114,0,0,0,0,1,0,0,0,0,0,0,0
ENSMUSG00000026107,Nabp1,3119,2990,3359,3257,3809,3244,3214,3707,2920,2718,4517,4195
ENSMUSG00000099413,Gm17767,198,185,274,259,141,72,252,278,186,159,216,145
ENSMUSG00000103424,Gm37535,5,5,1,4,0,3,2,2,7,1,3,4
ENSMUSG00000101741,Gm28055,0,0,0,0,0,0,0,0,0,0,0,0
ENSMUSG00000054976,Nyap2,0,0,0,0,1,1,1,0,0,0,0,0
ENSMUSG00000104029,Gm37210,0,0,0,0,0,1,0,0,0,0,0,0
ENSMUSG00000101986,Gm6198,0,0,1,0,0,0,0,0,0,0,0,0
ENSMUSG00000087008,Gm5530,5,1,3,9,4,1,5,2,1,4,1,4
ENSMUSG00000100561,Gm7516,2,5,4,2,2,0,1,2,6,4,2,2
ENSMUSG00000103571,Gm37114,0,0,0,0,0,0,0,0,0,0,0,0
ENSMUSG00000098797,Mir6344,0,0,0,0,0,0,0,0,0,0,0,0
ENSMUSG00000026473,Glul,1004,1057,1033,1038,994,714,1053,1076,1102,1014,1044,949
ENSMUSG00000100014,Gm29290,0,0,0,0,0,0,0,0,0,0,0,0
ENSMUSG00000101903,Gm29291,0,0,0,0,0,0,0,0,0,0,0,0
ENSMUSG00000055980,Irs1,0,0,0,0,3,1,0,2,1,0,1,0
ENSMUSG00000100502,Gm28286,0,0,0,0,0,0,0,0,0,0,0,0
ENSMUSG00000022591,Gm9747,0,0,0,0,0,0,0,0,0,0,0,0
ENSMUSG00000100627,A830008E24Rik,0,0,1,0,0,2,0,0,0,0,1,0
ENSMUSG00000088669,Gm25336,0,0,0,0,0,0,0,0,0,0,0,0
ENSMUSG00000066797,Zfp648,0,0,0,0,0,0,0,0,0,0,0,0
ENSMUSG00000048960,Prex2,0,0,0,1,0,1,0,0,0,1,0,0
ENSMUSG00000099933,4930452N14Rik,0,0,0,0,0,0,0,0,0,0,0,0
ENSMUSG00000100221,4930532M18Rik,0,0,0,0,0,2,0,0,0,0,0,0
ENSMUSG00002076439,#N/A,0,0,0,0,0,0,0,0,0,0,0,0
ENSMUSG00000100031,Gm18727,0,0,0,0,0,0,0,0,0,0,0,0
ENSMUSG00000077318,Gm24173,0,0,0,0,0,0,0,0,0,0,0,0
ENSMUSG00000101827,Gm28686,22,7,7,11,10,1,18,15,31,22,10,19
ENSMUSG00000103494,Gm37410,0,0,0,0,0,0,0,0,0,0,0,0
ENSMUSG00000026142,Rhbdd1,434,504,437,450,377,216,390,423,403,344,353,338
ENSMUSG00000104493,Gm19552,6,1,4,7,2,1,3,2,4,1,6,6
ENSMUSG00000100786,Gm28940,0,0,0,0,0,0,0,0,0,0,0,0
ENSMUSG00002075724,#N/A,0,0,0,0,0,0,0,0,0,0,0,0
ENSMUSG00000067158,Col4a4,0,0,0,0,0,4,0,1,0,0,2,0
ENSMUSG00000079465,Col4a3,0,0,0,0,0,0,0,0,0,0,1,0
ENSMUSG00002075966,#N/A,0,0,0,0,0,0,0,0,0,0,0,0
ENSMUSG00000004110,Cacna1e,0,0,1,0,2,8,0,0,0,0,0,0
ENSMUSG00000097564,C430014B12Rik,5,2,3,0,2,2,0,0,0,2,2,7
ENSMUSG00000101880,Gm29282,1,0,1,1,2,4,0,0,1,2,0,2
ENSMUSG00000101433,Gm29441,1,0,1,0,0,0,0,0,0,1,0,0
ENSMUSG00000096950,Gm9530,0,1,1,1,0,0,0,0,2,1,1,0
ENSMUSG00000056708,Ier5,4453,4913,4008,4007,3339,947,3241,3203,3966,3556,2546,2548
ENSMUSG00000026471,Mr1,39,39,33,22,21,27,24,32,40,28,33,23
ENSMUSG00000057715,A830018L16Rik,0,0,0,0,0,0,0,0,0,0,0,0
ENSMUSG00000026470,Stx6,5041,5664,4216,4698,3345,1680,3657,4309,4745,4347,3012,2839
ENSMUSG00000103825,Gm38178,0,1,2,0,0,3,0,0,0,0,1,0
ENSMUSG00000099845,Gm29273,0,0,0,0,0,0,0,0,0,0,0,0
ENSMUSG00000103561,Gm38069,0,0,0,0,0,0,0,0,0,0,0,0
ENSMUSG00000101610,Gm7560,1,0,0,0,0,0,0,0,0,0,1,0
ENSMUSG00000104181,Gm8850,12,13,19,8,2,6,0,7,15,11,5,7
ENSMUSG00000118923,#N/A,0,0,0,0,0,0,0,0,0,0,0,0
ENSMUSG00000098555,Mir6341,0,0,0,0,0,0,0,0,0,0,0,0
ENSMUSG00000097628,Gm2383,14,17,7,9,2,1,8,7,25,16,2,9
ENSMUSG00000098163,Gm6216,0,0,1,1,0,0,2,0,0,0,0,1
ENSMUSG00000097171,Gm17644,0,0,0,0,0,0,0,0,0,0,0,0
ENSMUSG00000101314,Gm29663,0,0,0,0,0,0,0,0,0,0,0,0
ENSMUSG00000033722,BC034090,12,2,6,2,5,4,7,9,7,2,9,6
ENSMUSG00000103670,Gm37622,0,0,0,0,0,0,0,0,2,0,0,0
ENSMUSG00000026150,Mff,1306,1494,1074,1071,1105,602,1070,1101,1268,1199,1028,1086
ENSMUSG00000101450,Gm28941,14,5,7,7,4,4,1,6,12,14,6,3
ENSMUSG00000026149,Tm4sf20,0,0,0,0,0,0,0,1,1,1,0,0
ENSMUSG00000114299,Gm47791,0,0,0,0,0,0,0,0,0,0,0,0
ENSMUSG00000099771,Gm19257,0,0,0,0,0,0,0,0,0,0,0,0
ENSMUSG00000102280,Gm36999,1,0,0,0,2,0,1,1,0,1,2,0
ENSMUSG00000100170,Gm28942,2,1,2,2,5,0,1,0,0,4,4,2
ENSMUSG00000100744,Gm17764,0,0,0,0,1,0,0,0,1,0,0,1
ENSMUSG00002074851,#N/A,0,0,0,0,0,0,0,0,0,0,0,0
ENSMUSG00000026469,Xpr1,1440,1487,1220,1185,1003,872,846,1296,1165,1248,1009,845
ENSMUSG00002076398,#N/A,0,0,0,0,0,0,0,0,0,0,0,0
ENSMUSG00000073535,Gm5532,1,1,1,2,3,6,3,2,2,0,1,0
ENSMUSG00000018417,Myo1b,2,1,1,1,7,5,0,5,4,0,0,2
ENSMUSG00000101724,Gm29453,0,0,0,0,0,0,0,0,0,0,0,0
ENSMUSG00000100313,Gm28323,0,0,0,0,0,1,0,0,0,0,0,0
ENSMUSG00000100696,Gm8419,0,0,0,0,0,0,1,0,0,0,0,0
ENSMUSG00002075355,#N/A,0,0,0,0,0,0,0,0,0,0,0,0
ENSMUSG00000072324,Gm8420,0,5,1,0,2,0,5,2,1,4,2,1
ENSMUSG00000026490,Cdc42bpa,152,141,159,157,152,125,120,184,81,83,97,111
ENSMUSG00000033701,Acbd6,1580,1740,1229,1405,1396,510,1443,1325,1631,1365,1402,1260
ENSMUSG00000102194,Gm38169,0,0,1,1,0,1,0,0,1,0,1,1
ENSMUSG00000103636,Gm38331,0,0,0,0,0,1,0,0,0,0,0,0
ENSMUSG00000026468,Lhx4,0,0,0,0,0,3,0,0,1,0,0,0
ENSMUSG00000103180,Gm37089,0,0,0,0,0,0,0,0,0,0,0,0
ENSMUSG00000062939,Stat4,1151,1151,1694,1575,2421,2023,1583,1762,1317,1200,1406,1275
ENSMUSG00000101628,Gm28177,0,1,0,0,3,0,1,0,0,0,0,1
ENSMUSG00000078291,Gm3940,1,2,0,0,0,0,0,0,0,3,1,0
ENSMUSG00000109599,Gm31812,0,3,0,0,2,0,0,0,1,1,2,0
ENSMUSG00000033684,Qsox1,293,320,282,228,190,72,245,312,243,254,155,183
ENSMUSG00000102299,Gm37539,0,0,0,0,0,0,0,0,0,0,0,0
ENSMUSG00000102558,Gm37571,0,0,0,0,0,0,0,0,0,0,0,0
ENSMUSG00000016918,Sulf1,0,0,0,0,0,2,0,0,0,1,0,0
ENSMUSG00000033671,Cep350,1453,1414,1236,1123,1218,1028,743,1361,1199,1207,1212,1118
ENSMUSG00000103717,Gm38038,0,0,0,0,0,0,0,0,0,0,0,0
ENSMUSG00000103771,Gm36934,0,0,0,0,0,0,0,0,0,0,0,0
ENSMUSG00000102837,Gm37383,1,0,0,0,1,0,0,0,0,0,0,0
ENSMUSG00000077419,Gm23744,0,0,0,0,0,0,0,0,0,0,0,0
ENSMUSG00000102833,Gm9694,0,2,0,0,0,1,1,1,0,2,0,1
ENSMUSG00000026489,Coq8a,275,273,401,447,391,159,344,388,263,245,185,221
ENSMUSG00000104520,Gm37336,1,0,0,0,0,0,0,0,2,0,0,0
ENSMUSG00000025938,Slco5a1,5,7,4,8,5,1,3,0,9,4,6,5
ENSMUSG00000026159,Agfg1,7276,7659,6389,6298,5923,3873,5289,6252,7225,6637,6244,5972
ENSMUSG00000104518,Gm37162,0,0,0,0,0,0,0,0,0,0,0,0
ENSMUSG00000069620,Gm5250,0,0,0,0,0,0,0,0,0,0,0,0
ENSMUSG00000099498,Gm29283,0,0,0,0,0,0,0,0,0,0,0,0
ENSMUSG00000113880,A030005L19Rik,5,8,5,2,3,5,7,5,4,5,3,4
ENSMUSG00000113973,A030014E15Rik,0,0,0,1,0,0,0,0,0,0,0,0
ENSMUSG00000113846,Gm6217,0,0,0,0,0,0,0,0,0,0,0,0
ENSMUSG00000113084,A030003K21Rik,0,0,0,0,0,0,0,0,0,0,0,0
ENSMUSG00000042414,Prdm14,0,1,0,0,1,0,1,2,0,1,1,0
ENSMUSG00000113925,Gm7544,0,0,0,0,0,0,0,0,0,0,0,0
ENSMUSG00000114011,Gm47955,0,0,0,0,0,0,0,0,0,0,0,0
ENSMUSG00000113097,Gm47959,0,0,0,0,0,0,0,0,0,0,0,0
ENSMUSG00000101784,Gm7553,1,0,0,1,0,0,0,0,0,0,0,0
ENSMUSG00000038496,Slc19a3,0,1,1,0,0,0,0,0,0,0,0,1
ENSMUSG00000100432,Gm7539,0,0,0,0,0,0,0,0,0,0,0,0
ENSMUSG00000100190,Krtap28-10,0,0,0,0,0,0,0,0,0,0,0,0
ENSMUSG00000113267,Gm47969,0,0,0,0,0,0,0,0,0,0,0,0
ENSMUSG00000104423,A030005K14Rik,0,0,0,0,0,0,0,0,0,0,0,0
ENSMUSG00000101315,Krtap28-13,0,0,0,0,0,0,0,0,0,0,0,0
ENSMUSG00000099691,Gm29518,0,0,0,0,0,0,0,0,0,0,0,0
ENSMUSG00000026166,Ccl20,59,65,74,69,33,61,45,50,58,55,15,13
ENSMUSG00000101173,Gm29519,0,0,0,0,0,0,1,0,0,0,0,0
ENSMUSG00000064302,Clasp1,3108,3247,2282,2249,2111,1398,1788,2502,2703,2561,2449,2227
ENSMUSG00000077257,Gm26080,0,0,0,0,0,0,0,0,0,0,0,0
ENSMUSG00000107722,2900060B14Rik,4,6,30,28,25,12,28,21,22,17,9,11
ENSMUSG00000080542,Gm22710,0,0,0,0,0,0,0,0,0,0,0,0
ENSMUSG00000100770,Gm28466,0,1,0,0,0,0,0,0,0,0,0,0
ENSMUSG00000053161,Daw1,0,0,0,0,0,0,0,0,0,0,0,0
ENSMUSG00000101896,Gm6244,1,0,0,0,0,0,1,1,0,0,0,0
ENSMUSG00002075005,#N/A,0,0,0,0,0,0,0,0,0,0,0,0
ENSMUSG00000026466,Tor1aip1,2010,2276,1651,1671,1565,1248,1513,1838,1856,1705,1812,1675
ENSMUSG00000102964,9430034N14Rik,24,25,16,16,9,12,10,14,14,22,10,9
ENSMUSG00000026380,Tfcp2l1,14,7,11,8,7,9,10,7,7,5,9,8
ENSMUSG00002076551,#N/A,0,0,0,0,0,0,0,0,0,0,0,0
ENSMUSG00000101624,Gm28882,0,1,0,0,0,0,1,0,0,1,0,0
ENSMUSG00000088363,Gm23497,0,0,0,0,0,0,0,0,0,0,0,0
ENSMUSG00000100040,Gm28467,0,0,0,0,0,0,0,0,0,0,0,0
ENSMUSG00000010609,Psen2,500,564,450,456,513,309,525,536,479,409,557,531
ENSMUSG00000102923,Gm31728,0,0,0,0,0,0,0,0,0,0,0,0
ENSMUSG00000055676,Gm5069,14,16,17,10,10,1,14,12,10,11,7,8
ENSMUSG00000026163,Sphkap,0,0,0,0,0,0,0,0,0,0,0,0
ENSMUSG00000079140,Gm6374,1,0,0,0,0,0,1,1,0,1,0,0
ENSMUSG00000104374,Gm37517,0,0,0,0,0,0,0,0,0,0,0,0
ENSMUSG00000104219,Gm37989,0,0,0,0,0,0,0,0,0,0,0,0
ENSMUSG00000100580,4933436I20Rik,0,0,0,0,0,1,0,0,0,0,0,0
ENSMUSG00000038855,Itpkb,2751,2843,2372,2377,2494,1018,1511,2103,2218,2138,1718,1679
ENSMUSG00002076780,#N/A,0,0,0,0,0,0,0,0,0,0,0,0
ENSMUSG00000104388,Gm37033,18,11,23,10,14,20,16,18,18,8,9,29
ENSMUSG00000077736,Gm24555,0,0,0,0,0,0,0,0,0,0,0,0
ENSMUSG00000103123,Gm37390,0,4,2,1,0,1,1,7,3,1,2,2
ENSMUSG00000103772,Gm36933,6,4,11,7,2,15,1,8,3,3,8,10
ENSMUSG00000053963,Stum,5,4,1,1,7,6,5,1,2,3,0,3
ENSMUSG00000104210,Gm37984,0,0,0,0,0,0,0,0,0,0,0,0
ENSMUSG00000102608,Gm37267,0,3,0,0,3,0,2,0,2,2,0,0
ENSMUSG00000045658,Pid1,0,0,1,0,0,2,0,0,0,1,0,0
ENSMUSG00000050565,Tor1aip2,1919,2176,1894,1895,1898,1060,1744,2017,1919,1709,1716,1627
ENSMUSG00000102750,Gm37058,0,0,0,0,0,0,0,0,0,0,0,0
ENSMUSG00000101934,Gm18304,0,0,0,0,1,0,0,0,0,0,0,0
ENSMUSG00000098851,Mir6353,0,0,0,0,0,0,0,0,0,0,0,0
ENSMUSG00000015484,Fam163a,0,0,0,1,2,1,0,0,0,0,0,0
ENSMUSG00000048402,Gli2,0,0,0,0,0,0,0,0,0,0,0,0
ENSMUSG00000098273,Mir6346,0,0,0,0,0,0,0,0,0,0,0,0
ENSMUSG00000097408,Gm26831,0,0,0,0,0,1,0,0,0,0,0,0
ENSMUSG00000096939,Gm8321,2,2,0,0,0,1,0,4,2,1,1,0
ENSMUSG00000100767,Gm3508,0,2,2,2,3,1,0,0,3,1,0,0
ENSMUSG00000099860,Gm29456,0,0,0,0,0,0,0,0,0,0,0,0
ENSMUSG00000101179,Gm29455,0,0,0,0,0,0,0,0,0,0,0,0
ENSMUSG00000037035,Inhbb,0,0,0,0,0,0,1,0,0,0,0,0
ENSMUSG00000036766,Dner,0,1,1,0,0,0,0,0,0,0,0,0
ENSMUSG00000104396,Gm37959,0,0,0,0,0,2,1,0,0,0,0,0
ENSMUSG00000102481,Gm37925,0,1,0,0,0,1,0,0,0,0,0,0
ENSMUSG00000005886,Ncoa2,3514,3721,2925,2800,2965,2043,2080,3245,2955,3024,2758,2496
ENSMUSG00000093254,Mir5126,0,0,0,0,0,0,0,0,0,0,0,0
ENSMUSG00000004451,Ralb,199,189,126,140,87,47,140,138,158,140,98,104
ENSMUSG00000101437,Gm29454,0,0,0,0,0,0,0,0,0,0,0,0
ENSMUSG00000103506,Gm38376,10,11,14,8,2,7,2,3,10,9,3,4
ENSMUSG00000098447,Gm27184,4,4,2,2,6,1,2,5,2,3,8,4
ENSMUSG00000103495,Gm37409,0,0,3,6,0,1,1,3,0,0,1,5
ENSMUSG00002076346,#N/A,0,0,0,0,0,0,0,0,0,0,0,0
ENSMUSG00000102639,Gm38223,0,1,0,0,0,0,0,2,0,5,1,0
ENSMUSG00000098923,Tmem185b,1488,1687,1216,1358,1193,532,1148,1054,1427,1277,1104,1123
ENSMUSG00000104170,Gm37702,0,0,4,3,2,0,1,4,4,2,2,6
ENSMUSG00000087782,Gm23169,1,0,1,0,1,0,0,0,0,1,0,0
ENSMUSG00000101731,3830432H09Rik,0,0,0,0,0,0,0,0,0,0,0,1
ENSMUSG00000103085,Gm38120,8,7,12,8,10,12,2,12,7,9,2,14
ENSMUSG00000084505,Gm25322,0,0,0,0,0,0,0,0,0,0,0,0
ENSMUSG00000102664,Gm38380,5,9,7,4,4,5,4,8,10,8,9,11
ENSMUSG00000101476,Gm29570,0,0,1,0,3,1,0,1,0,0,3,2
ENSMUSG00000101171,Gm7593,10,1,7,1,2,9,1,1,7,7,5,4
ENSMUSG00000026496,Parp1,3610,3575,3057,2813,3631,1707,3015,3385,3686,3195,4243,4056
ENSMUSG00000025935,Tram1,3638,3616,3033,2864,2833,2079,2860,3155,3348,2912,3051,2950
ENSMUSG00000098926,Mir6904,0,0,0,1,0,0,0,1,1,1,1,0
ENSMUSG00000025937,Lactb2,674,643,506,516,747,634,478,558,685,599,964,882
ENSMUSG00000102982,Gm38319,14,18,5,14,7,13,8,12,11,11,19,20
ENSMUSG00000067813,Xkr9,0,1,0,1,0,0,0,2,0,0,0,0
ENSMUSG00000077368,Gm26273,0,0,0,0,0,0,0,0,0,0,0,0
ENSMUSG00000097711,Gm5523,16,15,14,11,14,1,25,18,14,12,6,5
ENSMUSG00000102166,Gm36947,0,0,1,0,0,0,0,0,0,0,0,0
ENSMUSG00002075174,#N/A,0,0,0,0,0,0,0,0,0,0,0,0
ENSMUSG00000104209,Gm37400,0,0,0,0,0,0,0,0,0,0,0,0
ENSMUSG00000101523,Csnk2a3,24,20,14,11,21,31,6,13,27,17,11,23
ENSMUSG00000058729,Lin9,414,415,431,407,543,474,431,594,409,349,479,475
ENSMUSG00000026497,Mixl1,0,0,0,0,0,5,0,0,0,0,1,0
ENSMUSG00000104202,Gm8101,0,0,0,1,0,0,0,0,1,0,1,0
ENSMUSG00000026499,Acbd3,1615,1747,1465,1418,1265,1132,1294,1410,1507,1407,1327,1181
ENSMUSG00000103649,Gm37768,0,0,0,0,0,0,0,0,0,0,0,0
ENSMUSG00000103156,Gm38293,2,1,0,0,0,0,1,1,0,2,0,3
ENSMUSG00000026596,Abl2,2184,2249,1993,1946,1662,823,1220,1851,1818,1835,1569,1580
ENSMUSG00000104293,Gm38043,12,9,5,7,11,6,11,13,10,8,10,8
ENSMUSG00000026219,Trip12,7026,7533,5610,5742,5306,3880,3886,5701,5848,5848,5550,5157
ENSMUSG00000103505,Gm38374,0,0,0,0,0,8,0,2,0,4,0,0
ENSMUSG00000104503,Gm37738,6,6,8,5,3,9,5,7,9,4,5,10
ENSMUSG00000073633,Fbxo36,8,6,6,5,5,5,8,17,11,10,6,7
ENSMUSG00000026220,Slc16a14,0,0,0,0,1,1,0,0,0,0,0,0
ENSMUSG00000118590,AC167036.1,0,0,0,0,0,0,0,0,0,0,0,0
ENSMUSG00000099693,Gm29284,0,0,0,0,0,0,0,0,0,0,0,0
ENSMUSG00000026104,Stat1,890,989,781,857,700,337,1098,1058,971,972,852,824
ENSMUSG00000026383,Epb41l5,17,18,3,10,8,10,3,10,13,8,9,4
ENSMUSG00000099569,Gm18301,0,0,0,0,0,0,0,0,0,0,0,0
ENSMUSG00000102687,Gm37219,0,0,0,0,0,0,0,0,1,0,0,0
ENSMUSG00000060519,Tor3a,499,560,309,371,308,129,348,385,445,388,273,274
ENSMUSG00000060743,H3f3a,276,185,147,140,163,352,234,225,259,283,230,308
ENSMUSG00000073485,H3f3aos,4,11,5,8,4,4,5,9,8,7,4,5
ENSMUSG00000084558,Gm24836,0,0,0,0,0,0,0,0,0,0,0,0
ENSMUSG00000038806,Sde2,1761,1697,1450,1556,1339,738,1305,1428,1653,1424,1402,1419
ENSMUSG00000052477,C130026I21Rik,1,5,1,5,1,0,3,4,5,10,6,0
ENSMUSG00000103979,Gm20305,1,0,0,0,1,0,0,0,0,0,0,0
ENSMUSG00000064281,Rpl19-ps1,4,1,1,1,0,0,1,3,4,0,3,1
ENSMUSG00002076475,#N/A,0,0,0,0,0,0,0,0,0,0,0,0
ENSMUSG00000118640,AC167036.2,0,0,0,0,0,0,0,0,0,0,0,0
ENSMUSG00000104251,Gm18036,0,0,0,0,0,0,0,0,0,0,0,0
ENSMUSG00000061852,Gm7582,0,0,0,0,0,0,0,0,0,0,0,0
ENSMUSG00000089976,Gm2389,0,0,0,0,0,0,0,0,0,0,0,0
ENSMUSG00000033557,Fam20b,1571,1685,1053,1070,1190,740,1033,1413,1278,1187,1196,1058
ENSMUSG00000102961,Gm19918,0,0,0,0,0,0,0,0,0,0,0,0
ENSMUSG00000046057,Gm15428,0,1,0,0,0,0,1,0,0,0,0,0
ENSMUSG00000101279,Gm18342,0,0,0,0,0,0,0,0,0,0,0,0
ENSMUSG00000066652,Lefty2,0,0,0,0,0,0,0,0,0,0,0,0
ENSMUSG00000025932,Eya1,0,2,1,0,1,5,2,1,1,0,1,0
ENSMUSG00002075819,#N/A,0,0,0,0,0,0,0,0,0,0,0,0
ENSMUSG00000102588,Gm37444,0,0,0,0,0,0,0,0,0,0,0,0
ENSMUSG00000054493,Gm9947,21,17,14,6,2,4,8,9,8,10,7,5
ENSMUSG00000089844,A530032D15Rik,0,0,0,0,1,0,0,2,0,0,0,0
ENSMUSG00000073631,Gm10553,0,0,0,0,0,0,0,0,0,0,0,0
ENSMUSG00000026520,Pycr2,1880,2122,1850,1842,1767,341,1739,1750,1853,1553,1555,1457
ENSMUSG00000025930,Msc,311,356,218,253,106,32,198,220,147,144,129,122
ENSMUSG00000103492,Gm37412,1,1,0,0,0,0,0,2,0,2,0,1
ENSMUSG00000081201,Smt3h2-ps4,0,0,0,0,0,0,0,0,0,0,0,0
ENSMUSG00000038793,Lefty1,0,0,0,0,1,0,0,0,0,0,2,0
ENSMUSG00000082193,Rpl5-ps1,3,2,0,4,2,0,1,3,2,0,1,3
ENSMUSG00000072109,A530040E14Rik,0,1,0,0,0,0,1,0,1,0,1,1
ENSMUSG00000090128,Gm16038,0,0,0,0,0,0,0,0,0,0,0,0
ENSMUSG00000090186,Gm7592,0,0,0,0,0,0,0,0,0,0,0,0
ENSMUSG00000089716,Gm6264,0,1,0,0,0,0,0,0,0,0,0,0
ENSMUSG00000079457,Gm7609,0,0,0,1,0,0,0,0,0,0,0,0
ENSMUSG00000118618,AC123856.1,0,0,0,0,0,0,0,0,0,0,0,0
ENSMUSG00000090252,Gm16028,0,0,0,0,0,0,0,0,0,0,0,0
ENSMUSG00000026384,Ptpn4,1034,941,900,926,832,795,551,1024,840,976,1003,989
ENSMUSG00000091876,Gm3851,0,0,0,0,0,0,0,1,0,0,0,1
ENSMUSG00000103146,Gm37745,3,1,3,3,0,1,1,3,2,2,6,5
ENSMUSG00000079455,Gm16026,2,0,1,0,0,0,0,0,0,1,1,1
ENSMUSG00000100436,Gm29657,0,0,0,0,0,0,0,0,0,0,0,0
ENSMUSG00000091199,Gm2619,0,0,0,0,0,0,0,0,0,0,0,0
ENSMUSG00000090277,Gm8338,0,0,0,0,0,0,0,0,0,0,0,0
ENSMUSG00000100042,Gm29658,0,0,0,0,0,0,0,0,0,0,0,0
ENSMUSG00000089652,Gm16025,0,0,0,0,0,0,0,0,0,0,0,0
ENSMUSG00000100636,Gm3551,0,0,0,0,0,0,0,0,0,0,0,0
ENSMUSG00000089937,Gm7281,0,0,0,0,0,0,0,1,0,0,0,0
ENSMUSG00000101224,Gm28209,0,0,0,0,0,0,0,0,0,0,0,0
ENSMUSG00000118591,AC147806.1,0,0,0,0,0,0,0,0,0,0,0,0
ENSMUSG00000036975,Tmem177,151,191,123,141,161,66,139,153,168,138,148,139
ENSMUSG00000101751,Gm2427,0,0,0,0,0,0,0,0,0,0,0,0
ENSMUSG00000089714,Gm16092,0,0,0,0,0,0,0,0,0,0,0,0
ENSMUSG00000118607,AC147806.2,0,0,0,0,0,0,0,0,0,1,0,0
ENSMUSG00000118632,AC147806.3,0,0,0,0,0,0,0,0,0,0,0,0
ENSMUSG00000094127,G530012D18Rik,0,0,0,0,0,1,0,0,1,1,0,0
ENSMUSG00000032769,Trpa1,29,30,28,41,32,21,20,27,24,8,30,24
ENSMUSG00000088159,Gm26345,0,0,0,0,0,0,0,0,0,0,0,0
ENSMUSG00000073737,Gm10566,0,1,0,0,0,1,2,1,0,0,0,2
ENSMUSG00000092083,Kcnb2,0,0,0,0,0,0,0,0,0,0,0,0
ENSMUSG00000102937,Gm38116,0,0,0,0,0,0,0,0,0,0,0,0
ENSMUSG00000104149,Gm37138,0,0,0,0,0,0,0,0,0,0,0,0
ENSMUSG00000088829,Gm25227,0,0,0,0,0,0,0,0,0,0,0,0
ENSMUSG00000077377,Gm25168,0,0,0,0,0,0,0,0,0,0,0,0
ENSMUSG00000026519,Tmem63a,68,78,46,34,71,24,40,40,75,51,85,58
ENSMUSG00000101652,Gm6060,1,0,0,0,0,0,0,1,0,2,1,0
ENSMUSG00000100814,Gm28669,0,0,0,0,0,0,0,0,0,0,0,0
ENSMUSG00000085563,2210411M09Rik,0,0,0,0,0,0,0,0,0,0,0,0
ENSMUSG00000103930,Gm36961,0,0,0,0,0,0,0,0,0,0,0,0
ENSMUSG00000036962,Cfap221,0,0,0,0,1,0,0,0,0,0,0,0
ENSMUSG00000092245,Gm17973,0,0,0,0,0,0,0,0,0,0,0,0
ENSMUSG00000070034,Sp110,994,1047,792,749,701,711,880,905,935,946,1049,854
ENSMUSG00000090103,Gm16094,0,0,0,0,0,0,0,0,0,0,0,0
ENSMUSG00000025925,Terf1,268,321,267,316,354,416,304,381,282,271,358,323
ENSMUSG00000104379,Gm37509,1,2,5,7,2,2,1,0,1,5,3,2
ENSMUSG00000026387,Sctr,0,0,0,0,0,1,0,0,0,0,0,0
ENSMUSG00000038776,Ephx1,214,254,173,188,164,77,188,208,252,258,102,89
ENSMUSG00000050777,Tmem37,26,42,45,38,23,8,24,18,23,24,8,12
ENSMUSG00000103516,Gm37431,0,0,0,0,0,0,0,0,0,0,0,0
ENSMUSG00000102858,Gm37086,0,0,0,0,0,0,0,0,0,0,0,0
ENSMUSG00000032719,Sbspon,0,0,0,0,0,0,0,0,0,0,0,0
ENSMUSG00002076565,#N/A,0,0,0,0,0,0,0,0,0,0,0,0
ENSMUSG00000100652,Gm7634,9,20,21,11,7,0,11,7,9,8,8,8
ENSMUSG00000038768,9130409I23Rik,0,0,0,0,0,0,0,0,0,0,0,0
ENSMUSG00000104390,Gm17967,0,0,0,0,0,0,0,0,0,0,0,0
ENSMUSG00000103328,Gm37406,0,0,0,0,0,0,0,0,0,0,0,0
ENSMUSG00000102219,Gm6606,0,0,0,0,0,0,0,0,0,0,0,0
ENSMUSG00000070031,Sp140,200,209,140,149,106,77,135,158,162,142,106,123
ENSMUSG00000067795,4930444P10Rik,0,0,0,0,0,0,0,0,0,0,0,0
ENSMUSG00000073628,Gm10552,0,1,0,0,0,0,0,0,0,0,0,0
ENSMUSG00000090246,Gm17017,0,0,0,0,0,0,0,0,0,0,0,0
ENSMUSG00000043716,Rpl7,11719,13268,9633,10369,9910,6276,10357,10738,11568,10935,10418,9472
ENSMUSG00000026516,Nvl,2890,3115,2657,2595,2676,1685,2051,2678,2822,2598,2644,2504
ENSMUSG00000103178,Fgfr3-ps,0,0,0,0,1,0,2,0,0,1,0,1
ENSMUSG00000025921,Rdh10,346,329,291,270,251,122,227,253,330,254,255,278
ENSMUSG00000104165,Gm38249,0,0,0,0,0,0,1,0,0,0,0,0
ENSMUSG00000100868,Gm28095,0,0,0,0,0,0,0,0,0,0,0,0
ENSMUSG00000062169,Cnih4,388,516,432,463,526,387,526,431,424,341,478,450
ENSMUSG00000026103,Gls,7405,7793,6326,5968,5881,4429,4570,6187,6683,6442,6364,6326
ENSMUSG00000099648,Gm5975,0,0,0,0,0,0,0,0,0,0,0,0
ENSMUSG00000065192,Gm23460,0,0,0,0,0,0,0,0,0,0,0,0
ENSMUSG00000002881,Nab1,1838,1860,1403,1456,1214,1289,1240,1448,1527,1582,1457,1193
ENSMUSG00000097833,Gm5976,10,8,5,7,3,3,7,7,21,6,3,10
ENSMUSG00000101501,Rps27a-ps1,2,3,0,1,1,0,0,2,2,1,1,0
ENSMUSG00000100120,Gm553,1,0,1,3,0,2,1,0,0,1,1,0
ENSMUSG00000099878,Gm28178,0,0,0,0,0,3,0,0,0,0,0,0
ENSMUSG00000100007,Gm5527,0,0,0,0,1,1,0,1,0,0,2,0
ENSMUSG00000058665,En1,0,0,0,0,0,0,0,0,0,0,0,0
ENSMUSG00000099957,2610027F03Rik,0,0,0,0,0,1,0,0,0,0,0,0
ENSMUSG00000101386,Gm29346,0,0,0,0,0,0,0,0,0,0,0,0
ENSMUSG00000101922,Gm29345,0,0,0,0,0,0,0,0,0,0,0,0
ENSMUSG00000100761,Gm29344,0,0,0,0,0,0,0,0,0,0,0,0
ENSMUSG00000099336,Gm29348,0,0,0,0,0,0,0,0,0,0,0,0
ENSMUSG00000100979,Gm29347,0,0,0,0,0,0,0,0,0,0,0,0
ENSMUSG00000102360,Gm37043,0,0,0,0,0,0,0,0,0,0,0,0
ENSMUSG00000097881,Celrr,0,0,0,0,0,1,0,0,0,0,0,0
ENSMUSG00000101700,Gm29359,0,0,0,0,0,0,0,0,0,0,0,0
ENSMUSG00000104332,Gm38283,0,0,0,0,0,0,0,0,0,0,0,0
ENSMUSG00000043015,Nemp2,275,265,261,191,254,128,198,209,241,235,195,217
ENSMUSG00000103630,Gm37242,3,0,2,0,4,1,4,1,0,0,1,0
ENSMUSG00000038733,Wdr26,5583,5515,4364,4283,4082,2548,3474,4506,4933,4682,4613,4298
ENSMUSG00000003721,Insig2,241,331,198,195,249,182,200,209,253,235,254,217
ENSMUSG00000104253,Gm37174,2,3,2,2,7,1,1,2,5,1,5,8
ENSMUSG00000054135,A430110L20Rik,8,9,17,9,19,11,7,6,17,11,22,16
ENSMUSG00000101791,2210011K15Rik,0,0,0,0,0,0,0,0,0,0,0,0
ENSMUSG00000081214,Rpl35a-ps2,0,0,0,0,0,0,0,0,0,1,0,0
ENSMUSG00000103260,Gm8146,0,0,0,0,1,0,0,1,0,2,0,2
ENSMUSG00000041439,Mfsd6,1020,1163,829,882,858,589,785,1032,914,874,676,656
ENSMUSG00000100302,Gm29670,0,0,1,0,0,0,0,0,0,0,1,1
ENSMUSG00000100230,Gm28650,0,0,0,0,0,0,0,0,0,0,0,0
ENSMUSG00000026514,Cnih3,6,1,4,2,2,0,0,0,2,1,4,2
ENSMUSG00000102276,2900069G24Rik,0,0,0,0,0,0,1,0,0,0,0,0
ENSMUSG00000089888,Gm16547,0,0,0,0,0,0,0,0,0,0,0,0
ENSMUSG00000089927,Gm16539,0,0,0,0,0,0,0,0,0,0,0,0
ENSMUSG00000026102,Inpp1,338,377,323,295,405,310,290,374,327,333,298,280
ENSMUSG00000050625,Ccdc121,0,0,0,0,0,0,0,0,0,0,0,0
ENSMUSG00000041426,Hibch,146,191,113,164,182,131,182,150,188,167,169,168
ENSMUSG00000089802,Gm16107,0,0,0,0,0,0,0,0,0,0,0,0
ENSMUSG00000026339,Ccdc93,727,752,523,603,568,349,400,613,640,576,589,485
ENSMUSG00000085857,Gm15392,0,0,0,0,0,0,0,0,0,0,0,0
ENSMUSG00000083582,Gm15393,0,0,0,0,0,0,1,0,0,0,0,0
ENSMUSG00000050534,Htr5b,1,3,0,0,0,0,1,0,2,3,4,0
ENSMUSG00000081130,Gm8217,2,14,0,0,0,0,1,0,1,0,1,0
ENSMUSG00000043629,1700019D03Rik,21,21,21,17,22,23,21,19,38,25,25,21
ENSMUSG00000026100,Mstn,0,0,0,0,0,0,0,0,0,0,0,0
ENSMUSG00000089334,Gm24349,0,0,0,0,0,0,0,0,0,0,0,0
ENSMUSG00000047369,Dnah14,0,0,0,2,0,2,0,0,1,0,1,0
ENSMUSG00000001674,Ddx18,2038,2316,1677,1742,1772,1083,1724,1657,2102,1820,1953,1708
ENSMUSG00000103100,Gm37664,0,0,0,0,0,0,0,0,0,0,0,0
ENSMUSG00000064970,Gm23690,1,0,1,1,0,0,1,0,1,0,0,0
ENSMUSG00000102006,Gm28591,0,0,0,0,0,0,0,0,0,0,0,0
ENSMUSG00000102488,Gm37920,0,0,0,0,0,0,0,0,0,0,0,0
ENSMUSG00000083584,Gm15394,0,0,0,0,0,0,0,0,0,0,0,0
ENSMUSG00000060715,1700019A02Rik,0,0,2,5,1,4,1,0,1,0,0,1
ENSMUSG00000100913,Gm8392,0,0,0,0,0,0,0,0,0,0,0,0
ENSMUSG00002076253,#N/A,0,0,0,0,0,0,0,0,0,0,0,0
ENSMUSG00000099960,Gm28590,0,0,0,0,0,0,0,0,0,0,0,0
ENSMUSG00000089274,Gm24547,0,0,0,0,0,0,0,0,0,0,0,0
ENSMUSG00000103263,Gm36982,0,0,0,0,0,0,0,0,0,0,0,0
ENSMUSG00000089190,Gm25771,0,0,0,0,0,0,0,0,0,0,0,0
ENSMUSG00000099451,Gm29192,0,0,0,0,0,0,0,0,0,0,0,0
ENSMUSG00000104180,Gm37970,0,0,0,0,0,2,0,0,0,0,0,0
ENSMUSG00000100762,Gm8403,0,0,0,0,0,0,0,0,0,0,0,0
ENSMUSG00000026222,Sp100,555,657,673,737,470,420,787,942,525,536,661,506
ENSMUSG00000100405,Gm28911,0,0,0,0,0,0,0,0,0,0,0,0
ENSMUSG00000100525,Gm20058,0,0,0,0,0,0,0,0,0,0,0,0
ENSMUSG00000101495,Gm28912,0,0,0,0,0,0,0,0,0,0,0,0
ENSMUSG00002075189,#N/A,0,0,0,0,0,0,0,0,0,0,0,0
ENSMUSG00000004880,Lbr,1971,2500,2213,2141,2578,1229,2106,2495,2029,1724,2222,2029
ENSMUSG00002075457,#N/A,0,0,0,0,0,0,0,2,0,1,0,1
ENSMUSG00000056699,Gm5533,0,0,0,0,0,0,1,2,0,0,0,0
ENSMUSG00000052760,A630001G21Rik,717,755,619,643,617,466,522,531,712,620,776,651
ENSMUSG00000098634,Mir8096,0,0,0,0,0,0,0,0,0,0,0,1
ENSMUSG00002076791,#N/A,0,0,0,0,0,0,0,0,0,0,0,0
ENSMUSG00000100217,9930111H07Rik,0,0,0,0,0,0,0,0,0,0,0,0
ENSMUSG00002075989,#N/A,0,0,0,0,0,0,0,0,0,0,0,0
ENSMUSG00000026098,Pms1,445,460,418,406,516,467,361,438,485,442,524,462
ENSMUSG00000100763,Gm28777,0,0,0,0,0,0,0,0,0,0,0,0
ENSMUSG00000026097,Ormdl1,366,389,347,335,373,230,382,368,381,373,338,337
ENSMUSG00000100679,Gm28778,0,0,0,0,0,0,0,0,0,0,0,0
ENSMUSG00000036707,Cab39,9349,9222,7155,7040,6310,4990,5601,7149,8886,8140,7308,6849
ENSMUSG00000026223,Itm2c,1001,1230,786,940,802,264,917,966,948,847,638,577
ENSMUSG00000026224,4933407L21Rik,1,1,1,0,0,0,1,0,0,1,0,0
ENSMUSG00000099767,Gm28884,3,1,2,1,0,5,3,1,0,0,1,0
ENSMUSG00000049608,Gpr55,74,74,93,112,51,35,77,86,72,43,43,42
ENSMUSG00000026096,Osgepl1,109,110,84,83,134,136,90,95,92,96,122,105
ENSMUSG00000099913,Gm28551,0,0,0,0,0,0,0,0,0,0,0,0
ENSMUSG00000101838,Gm18800,0,0,1,1,1,0,1,2,0,0,0,0
ENSMUSG00000036815,Dpp10,0,0,0,0,2,2,0,0,0,0,0,0
ENSMUSG00000102801,Gm37478,0,0,0,0,0,0,0,0,0,0,0,0
ENSMUSG00000102681,Gm37221,0,0,0,0,0,0,0,0,0,0,0,0
ENSMUSG00000077472,Gm24791,0,0,0,0,0,0,0,0,0,0,0,0
ENSMUSG00000104410,Gm37066,0,0,0,0,0,1,0,0,0,0,0,0
ENSMUSG00000102521,Gm37781,1,0,0,0,0,1,0,0,0,0,0,0
ENSMUSG00000104205,Gm37396,0,0,0,0,0,0,0,0,0,0,0,0
ENSMUSG00000102902,Gm38263,0,0,0,0,1,0,0,0,0,0,0,0
ENSMUSG00000101985,Gm28929,0,0,0,0,0,0,0,0,1,0,0,0
ENSMUSG00000101994,Gm18875,0,0,0,0,0,0,0,0,0,0,0,0
ENSMUSG00000102940,Gm37551,0,0,0,0,0,1,0,0,0,0,0,0
ENSMUSG00000103914,Gm38073,0,0,0,0,0,0,0,0,0,0,0,0
ENSMUSG00000065340,Gm25578,0,0,0,0,0,0,0,0,0,0,0,0
ENSMUSG00000101006,Gm28299,0,0,0,0,0,0,0,0,0,0,0,0
ENSMUSG00000102240,Gm37717,0,0,0,0,0,0,0,0,0,0,0,0
ENSMUSG00000099574,1700121L03Rik,0,0,0,0,0,0,0,0,0,0,0,0
ENSMUSG00000026095,Asnsd1,228,288,188,220,285,113,204,173,289,211,191,242
ENSMUSG00000117809,Gm50478,0,0,0,0,0,0,0,0,0,0,0,0
ENSMUSG00000100267,Gm28779,0,0,0,0,0,0,0,0,0,0,0,0
ENSMUSG00000099450,Gm6799,0,0,0,0,0,0,0,0,0,0,0,0
ENSMUSG00000100069,Gm6801,0,0,0,0,0,0,0,0,0,0,0,0
ENSMUSG00000025920,Stau2,121,136,89,102,114,98,83,106,115,89,118,93
ENSMUSG00000089982,Gm7568,0,0,0,0,0,0,0,0,0,0,0,0
ENSMUSG00000025939,Ube2w,606,667,587,547,578,398,494,528,569,560,539,435
ENSMUSG00000102457,Gm38342,3,4,3,3,6,3,3,3,3,2,0,5
ENSMUSG00000096141,Dnah7a,35,30,35,36,25,12,24,24,36,33,22,21
ENSMUSG00002076105,#N/A,0,0,0,0,0,0,0,0,0,0,0,0
ENSMUSG00000026094,Stk17b,2581,2807,2563,2420,2434,1692,2201,2617,2780,2646,2603,2355
ENSMUSG00000102405,Gm37863,0,0,0,0,0,0,0,0,0,0,0,0
ENSMUSG00000026341,Actr3,5458,6118,4421,4451,4349,2215,4285,4204,5389,4897,4442,4108
ENSMUSG00000102063,Gm28706,0,0,0,0,0,0,0,0,0,0,0,0
ENSMUSG00000079658,Eloc,1247,1403,1214,1255,1449,991,1521,1403,1407,1265,1416,1305
ENSMUSG00000097744,D030040B21Rik,0,0,2,0,0,0,0,0,0,0,1,0
ENSMUSG00000100959,Gm7654,0,0,0,0,0,0,0,0,0,0,0,0
ENSMUSG00000026342,Slc35f5,13,6,15,9,6,14,12,11,12,6,3,5
ENSMUSG00000025940,Tmem70,1015,1276,1019,976,1108,621,1023,968,1122,985,1015,921
ENSMUSG00000101015,Gm18444,0,0,0,0,0,0,0,0,0,0,0,0
ENSMUSG00000026343,Gpr39,0,0,0,0,0,1,0,0,0,0,0,0
ENSMUSG00000025779,Ly96,13,19,3,9,9,15,6,9,9,6,6,7
ENSMUSG00000100093,Gm29649,0,0,0,0,0,0,0,0,0,0,0,0
ENSMUSG00000091020,Gm5828,0,1,0,0,0,0,0,2,1,0,0,0
ENSMUSG00000026344,Lypd1,0,0,0,0,0,0,0,0,0,0,0,0
ENSMUSG00000101640,Gm28376,0,0,0,0,1,0,0,0,0,0,0,0
ENSMUSG00000104133,4921511E07Rik,0,0,0,0,0,0,0,0,0,0,0,0
ENSMUSG00000042686,Jph1,2,0,0,0,1,0,1,0,0,0,2,0
ENSMUSG00000100110,Gm28783,0,0,0,0,0,0,0,0,0,0,0,0
ENSMUSG00000025777,Gdap1,0,0,0,0,0,7,0,0,0,0,0,0
ENSMUSG00000099899,Gm28784,0,0,0,0,0,0,0,0,0,0,0,0
ENSMUSG00000100272,Gm28785,0,0,0,0,0,0,0,0,0,0,0,0
ENSMUSG00000100398,Gm5251,0,0,0,0,1,1,0,0,0,0,1,1
ENSMUSG00000101589,Rbm6-ps1,8,1,2,2,2,4,2,2,4,5,5,10
ENSMUSG00000102048,Gm6075,2,0,0,0,1,0,0,1,1,2,2,2
ENSMUSG00000089534,Gm25166,0,0,0,0,0,0,0,0,0,0,0,0
ENSMUSG00000042807,Hecw2,3,1,6,2,5,3,1,4,4,0,2,0
ENSMUSG00000067780,Pi15,1,4,2,7,3,1,1,2,2,2,1,1
ENSMUSG00000100053,Gm28154,0,0,0,0,0,0,0,0,0,0,0,0
ENSMUSG00000098443,Mir7681,0,0,0,0,0,0,0,0,0,0,0,0
ENSMUSG00000087949,Gm24251,0,0,0,0,0,0,0,0,0,0,0,0
ENSMUSG00000102868,Gm37633,0,0,0,0,1,9,1,0,0,0,0,0
ENSMUSG00000119657,#N/A,0,0,0,0,0,0,0,0,0,0,0,0
ENSMUSG00000085125,Gm16070,0,0,0,0,0,1,0,0,0,0,0,0
ENSMUSG00000025776,Crispld1,0,0,0,0,0,1,0,0,0,0,0,0
ENSMUSG00000099895,Gm28153,0,0,0,0,0,0,0,0,0,0,0,0
ENSMUSG00000100554,Gm7690,0,0,0,0,0,0,0,0,0,0,0,0
ENSMUSG00000099473,Gm18775,0,0,0,0,0,0,0,0,0,0,0,0
ENSMUSG00000099591,Gm17969,0,0,0,1,0,2,0,0,0,0,1,0
ENSMUSG00000109887,Gm28756,0,0,0,0,0,0,0,0,0,0,0,0
ENSMUSG00000102001,Gm28755,0,0,0,0,0,0,0,0,0,0,0,0
ENSMUSG00000101717,Gm45784,0,0,0,0,0,0,0,0,0,0,0,0
ENSMUSG00000025983,Ccdc150,0,2,0,0,1,0,0,1,2,1,0,0
ENSMUSG00000025774,Crisp4,0,0,0,0,0,0,0,0,0,0,0,0
ENSMUSG00000070977,Defb44-ps,0,0,0,0,0,0,0,0,0,0,0,0
ENSMUSG00000073735,Defb18,0,0,0,0,0,0,0,0,0,0,0,0
ENSMUSG00000041303,Gtf3c3,675,660,609,582,634,455,494,573,612,557,566,560
ENSMUSG00000109809,Gm34066,0,0,0,0,0,0,0,0,0,0,0,0
ENSMUSG00000049690,Nckap5,0,0,1,0,0,4,1,0,0,1,0,0
ENSMUSG00000067773,Defb41,0,0,0,0,0,0,0,0,0,0,0,0
ENSMUSG00000101685,Gm17837,1,0,3,1,1,2,0,1,0,0,3,1
ENSMUSG00000101306,Gm5252,0,0,0,0,0,0,0,0,0,0,0,0
ENSMUSG00000104519,Gm37161,0,0,0,0,0,0,0,0,0,0,0,0
ENSMUSG00000088800,Gm24075,0,0,0,0,0,0,0,0,0,0,0,0
ENSMUSG00000102723,Gm37936,0,0,0,0,0,0,0,0,0,0,0,0
ENSMUSG00000101644,Gm28343,0,0,0,0,0,0,0,0,0,0,0,0
ENSMUSG00000103824,Gm38177,0,0,0,0,0,0,0,0,0,0,0,0
ENSMUSG00000099433,Gm28344,0,0,0,0,0,0,0,0,0,0,0,0
ENSMUSG00000101600,4930599A14Rik,0,0,0,0,0,0,0,0,0,0,0,0
ENSMUSG00000089787,Gm15825,0,0,0,0,0,0,0,0,0,0,0,0
ENSMUSG00000022995,Enah,153,120,196,188,85,109,120,225,104,119,93,76
ENSMUSG00000101385,Gm5261,0,0,0,0,0,0,0,0,0,0,0,0
ENSMUSG00000103722,2700078F05Rik,0,0,0,0,0,3,0,0,0,0,0,0
ENSMUSG00000103317,Gm38359,0,0,0,0,0,7,0,2,0,0,0,0
ENSMUSG00000102950,Gm37018,0,0,0,0,2,2,1,2,1,0,1,0
ENSMUSG00000042596,Tfap2d,0,0,0,0,0,3,0,0,0,0,0,0
ENSMUSG00000102760,Gm37258,0,0,0,0,1,0,0,0,0,0,0,0
ENSMUSG00000100720,Gm10075,0,0,1,1,2,1,1,0,0,0,3,1
ENSMUSG00000073678,Pgap1,519,499,351,352,309,215,191,271,431,424,325,289
ENSMUSG00000103379,Gm37177,0,0,0,0,0,0,0,0,0,0,0,0
ENSMUSG00000104136,Gm36955,4,1,0,0,0,0,0,0,0,2,1,2
ENSMUSG00000101130,Gm19637,1,0,0,0,0,0,0,0,0,0,0,0
ENSMUSG00000026511,Srp9,791,802,619,655,631,422,649,651,760,665,561,566
ENSMUSG00000103018,Gm17968,0,0,0,0,0,0,0,0,0,1,1,0
ENSMUSG00000091013,Vmn1r1,0,0,0,0,0,0,0,0,0,0,0,0
ENSMUSG00000036155,Mgat5,1171,1238,828,778,943,494,553,672,998,954,966,881
ENSMUSG00000104039,Gm37772,0,0,1,0,1,1,0,1,4,1,0,0
ENSMUSG00000038633,Degs1,3641,4078,3208,3523,2706,1625,3260,3385,3402,3107,2450,2296
ENSMUSG00000104378,Gm37510,4,1,1,2,1,6,5,1,4,3,2,2
ENSMUSG00000099471,Gm8451,0,1,4,0,0,3,3,3,2,0,0,0
ENSMUSG00000106307,Gm23370,0,0,0,0,0,0,0,0,0,0,0,0
ENSMUSG00000100147,1700047M11Rik,0,0,0,0,0,3,0,0,0,0,0,0
ENSMUSG00002075922,#N/A,0,0,0,0,0,0,0,0,0,0,0,0
ENSMUSG00000065687,Gm23734,0,0,0,0,0,0,0,0,0,0,0,0
ENSMUSG00000103390,Gm38301,0,0,1,0,0,0,0,0,1,1,0,1
ENSMUSG00000026594,Ralgps2,178,185,189,164,226,131,169,244,236,171,198,174
ENSMUSG00000025927,Tfap2b,0,0,0,0,0,2,0,0,0,0,0,0
ENSMUSG00000100538,Gm28340,0,0,0,0,0,0,0,0,0,0,0,0
ENSMUSG00000101117,Gm28341,0,0,0,0,1,0,0,0,0,0,0,0
ENSMUSG00000100204,Gm4849,3,3,1,3,6,2,3,3,2,3,4,2
ENSMUSG00002076883,#N/A,0,0,0,0,0,0,0,0,0,0,0,0
ENSMUSG00000102597,Gm38382,0,0,0,0,0,0,0,0,0,0,0,0
ENSMUSG00000101964,Gm28693,0,0,1,0,2,0,1,2,3,1,2,0
ENSMUSG00000047539,Fbxo28,1355,1401,1129,1127,1166,609,954,1141,1167,1172,1014,947
ENSMUSG00000097260,Gm5706,42,29,20,33,16,11,37,40,21,22,24,14
ENSMUSG00000073482,Gm10517,7,8,2,5,4,1,4,6,4,6,4,4
ENSMUSG00000033544,Angptl1,0,0,0,0,1,5,0,0,0,0,1,0
ENSMUSG00000103303,Gm37802,0,0,2,2,0,1,3,2,4,0,2,0
ENSMUSG00000102960,Gm37943,1,0,2,1,0,0,1,2,0,0,0,0
ENSMUSG00000101905,4930439D14Rik,0,0,2,0,0,1,0,0,0,1,0,4
ENSMUSG00000101768,Gm28694,0,0,0,0,0,0,0,0,0,0,0,0
ENSMUSG00000103325,Gm10531,0,0,0,0,0,2,0,0,0,0,0,0
ENSMUSG00000026347,Tmem163,363,317,144,140,74,45,162,160,165,164,152,140
ENSMUSG00000026348,Acmsd,0,0,0,0,0,2,0,0,0,0,0,0
ENSMUSG00000102014,2900009J06Rik,0,1,0,1,0,0,0,1,1,0,2,0
ENSMUSG00000026510,Trp53bp2,775,836,691,704,644,466,519,782,671,647,616,521
ENSMUSG00000043760,Pkhd1,0,0,0,0,2,1,0,0,0,0,0,0
ENSMUSG00000091806,Gm5258,0,0,0,0,0,0,1,0,0,1,0,0
ENSMUSG00000101853,Gm28627,0,0,0,0,0,0,0,0,0,0,0,0
ENSMUSG00000104095,Gm37315,0,0,0,0,0,1,0,0,0,0,0,0
ENSMUSG00000089914,4930486I03Rik,0,0,0,0,0,0,0,0,0,0,0,0
ENSMUSG00000090142,Gm15795,1,4,3,1,2,0,1,3,1,0,0,1
ENSMUSG00000070175,Gm24162,0,0,0,0,0,0,0,0,0,0,0,0
ENSMUSG00000099906,Gm28653,0,0,0,0,0,0,0,0,0,0,0,0
ENSMUSG00000065559,Mir206,0,0,0,0,0,0,0,0,0,0,0,0
ENSMUSG00000065480,Mir133b,0,0,0,0,0,0,0,0,0,0,0,0
ENSMUSG00000025929,Il17a,35,34,52,29,17,11,16,20,22,22,67,36
ENSMUSG00000026349,Ccnt2,1592,1755,1499,1423,1353,1206,1003,1405,1443,1413,1590,1501
ENSMUSG00000041872,Il17f,51,69,111,97,80,58,72,54,46,48,16,22
ENSMUSG00000052331,Ankrd44,815,787,622,679,733,596,621,827,765,789,898,794
ENSMUSG00000026234,Ncl,87497,87596,72651,74977,79599,94832,64062,77417,85881,81763,94473,77843
ENSMUSG00000101674,4930444A19Rik,0,0,0,0,0,0,1,0,0,0,0,0
ENSMUSG00000102503,Gm37370,4,3,4,1,0,1,2,6,0,0,1,2
ENSMUSG00000064837,Snora75,0,0,0,0,0,0,0,0,0,0,0,0
ENSMUSG00002075552,#N/A,0,0,0,0,0,0,0,0,0,0,0,0
ENSMUSG00000104627,Mir3535,12,9,3,6,7,4,3,4,3,6,2,2
ENSMUSG00000102642,A130048G24Rik,6,1,6,3,1,7,6,6,3,5,4,3
ENSMUSG00002076827,#N/A,0,0,0,0,0,0,0,0,0,0,0,0
ENSMUSG00000064823,Snord82,11,6,9,4,2,1,4,9,4,14,2,5
ENSMUSG00000073627,C130036L24Rik,30,31,44,45,70,29,43,26,40,32,70,51
ENSMUSG00000026509,Capn2,2284,2442,1738,1904,1172,726,1456,1831,1644,1467,1335,1160
ENSMUSG00000110510,Gm45908,0,0,0,0,0,0,0,0,0,0,0,0
ENSMUSG00000102234,Gm37885,1,0,0,0,0,0,1,0,1,1,1,0
ENSMUSG00000104415,Gm37069,0,0,0,0,0,0,0,0,0,0,0,0
ENSMUSG00000026237,Nmur1,0,0,0,0,0,0,0,0,0,0,0,0
ENSMUSG00000036574,Tex44,0,2,0,0,0,0,0,0,0,0,0,0
ENSMUSG00000101328,Rpl30-ps6,0,0,0,0,0,0,0,0,0,0,0,0
ENSMUSG00000051590,Map3k19,1,0,1,0,0,0,0,0,0,0,0,2
ENSMUSG00000041859,Mcm3,6178,6529,5764,5780,6247,3531,5757,6551,6573,5592,7025,6190
ENSMUSG00000099714,Gm20587,0,0,0,0,0,0,0,0,0,0,0,0
ENSMUSG00000102121,Gm28065,0,0,0,0,1,0,0,0,0,0,0,0
ENSMUSG00000088858,Gm24723,0,0,0,0,0,0,0,0,0,0,0,0
ENSMUSG00000097934,6720483E21Rik,0,0,0,0,0,0,0,0,0,0,0,0
ENSMUSG00000026592,Tex35,0,0,0,0,0,0,0,0,1,0,0,0
ENSMUSG00000109913,Gm30694,0,0,0,0,0,0,0,0,0,0,0,0
ENSMUSG00000025982,Sf3b1,9070,9636,7452,7211,8800,6506,5816,7647,8790,8277,9178,8276
ENSMUSG00000103030,E330011M16Rik,6,5,8,2,0,1,4,1,2,2,1,6
ENSMUSG00000026238,Ptma,2800,1763,2004,1967,2492,1768,2696,2895,3541,2788,3336,3726
ENSMUSG00000025931,Paqr8,35,34,23,22,27,7,27,23,23,23,22,33
ENSMUSG00000077314,Gm24171,0,0,0,0,0,0,0,0,0,0,0,0
ENSMUSG00000100929,Gm28064,0,0,0,0,0,0,0,0,0,0,0,0
ENSMUSG00000041809,Efhc1,0,0,2,0,0,6,2,1,0,1,1,0
ENSMUSG00000026239,Pde6d,85,111,66,89,119,50,116,94,98,64,116,113
ENSMUSG00000102927,Gm37152,0,0,0,0,0,0,0,0,0,0,0,0
ENSMUSG00000025981,Coq10b,539,580,505,464,492,336,432,417,517,490,495,404
ENSMUSG00000101122,Gm17971,2,16,18,11,24,6,20,15,12,6,15,12
ENSMUSG00000041779,Tram2,224,186,167,144,179,100,173,184,228,204,210,202
ENSMUSG00000099971,Gm28287,0,0,2,0,0,1,1,3,0,0,1,0
ENSMUSG00000100819,Gm2693,0,0,0,0,0,0,0,0,0,0,0,0
ENSMUSG00000036104,Rab3gap1,1504,1677,1303,1420,1273,794,1080,1433,1434,1358,1325,1170
ENSMUSG00000025933,Tmem14a,27,33,24,27,31,14,37,22,28,27,24,15
ENSMUSG00000102633,Gm38224,0,0,0,0,0,2,0,0,0,0,0,0
ENSMUSG00000026240,Cops7b,712,762,607,585,692,303,681,661,793,673,649,624
ENSMUSG00002075077,#N/A,0,0,0,0,0,0,0,0,0,0,0,0
ENSMUSG00000103609,Gm37022,0,0,0,0,1,1,0,0,0,0,0,0
ENSMUSG00000070565,Rasal2,110,103,87,75,121,76,74,91,98,90,114,89
ENSMUSG00000026241,Nppc,5,6,8,11,9,3,8,9,7,4,4,3
ENSMUSG00000102326,Gm37788,0,1,0,0,0,1,0,0,0,0,0,0
ENSMUSG00000102391,Gm37578,0,0,0,0,0,0,0,0,0,0,0,0
ENSMUSG00000087632,Gm6058,0,0,0,1,1,2,0,0,0,0,0,0
ENSMUSG00000103808,Gm37060,1,0,0,0,0,2,0,0,0,0,2,1
ENSMUSG00000025980,Hspd1,10381,11472,9810,9710,11624,9968,8601,9858,11003,9986,11538,10177
ENSMUSG00000049881,2810025M15Rik,33,63,42,35,34,9,31,33,27,24,28,35
ENSMUSG00000073676,Hspe1,690,940,757,817,1122,493,947,636,918,734,879,985
ENSMUSG00000100736,Gm5147,37,23,24,16,22,13,24,18,35,22,38,28
ENSMUSG00000089670,Gm16581,1,0,1,1,0,0,1,0,0,1,0,0
ENSMUSG00000025934,Gsta3,0,0,0,0,0,2,0,2,0,0,4,1
ENSMUSG00000099343,Gm28836,1,0,0,3,0,1,0,1,0,1,1,0
ENSMUSG00000096375,Gm7094,1,0,1,1,0,0,2,0,1,2,0,1
ENSMUSG00000036086,Zranb3,27,34,32,30,59,31,19,34,23,18,54,39
ENSMUSG00000099760,Gm28800,0,1,3,2,0,0,1,3,2,1,0,3
ENSMUSG00000104164,Gm38248,1,8,7,3,10,7,3,5,5,8,15,10
ENSMUSG00000058603,Rpl28-ps1,4,27,17,27,27,73,30,37,4,0,27,6
ENSMUSG00000102782,Gm37625,2,0,0,0,0,2,1,0,0,0,2,0
ENSMUSG00000103999,Gm38026,2,1,0,1,0,1,0,0,0,0,0,3
ENSMUSG00000025936,Gm4956,0,2,1,0,0,0,2,4,1,0,3,3
ENSMUSG00000033488,Cryzl2,19,27,17,15,18,5,14,16,18,12,20,22
ENSMUSG00000087093,Gm15486,0,0,0,0,0,0,0,0,0,0,0,0
ENSMUSG00000093963,Gm21909,0,0,0,0,0,0,0,0,0,0,0,0
ENSMUSG00000067750,Khdc1a,0,0,0,0,0,0,0,0,2,0,0,0
ENSMUSG00000086194,Gm16329,0,0,0,0,0,0,0,0,0,0,0,0
ENSMUSG00000094436,Gm16327,0,0,0,0,0,0,0,0,0,0,0,0
ENSMUSG00000041722,Khdc1c,0,0,0,0,0,0,0,0,0,0,0,0
ENSMUSG00000025979,Mob4,907,997,813,813,801,607,922,922,849,830,837,803
ENSMUSG00000085507,Gm2709,0,0,0,0,0,0,0,0,0,0,0,0
ENSMUSG00000061863,Gm6822,0,0,0,0,0,0,0,0,0,0,0,0
ENSMUSG00000094926,Gm16533,0,0,0,0,0,0,0,0,0,0,0,0
ENSMUSG00000085079,Khdc1b,2,0,0,0,0,0,1,0,2,0,1,0
ENSMUSG00000085679,Gm16328,0,0,0,0,0,0,0,0,0,0,0,0
ENSMUSG00000053333,Dis3l2,398,410,275,274,350,182,264,299,349,363,411,393
ENSMUSG00000100225,Gm29097,0,0,0,0,0,0,0,0,0,0,0,0
ENSMUSG00000100768,Gm29055,0,0,0,0,0,0,0,0,0,0,0,0
ENSMUSG00000104121,Gm37485,2,1,1,0,0,9,0,1,0,0,0,1
ENSMUSG00000102383,Gm38142,3,2,0,0,1,0,1,0,0,0,0,2
ENSMUSG00000104400,Gm38010,2,0,0,0,0,0,0,2,0,1,0,0
ENSMUSG00000102293,Gm37541,0,3,0,2,3,1,1,2,0,0,0,3
ENSMUSG00000102649,Gm38021,1,1,3,2,6,3,11,5,5,2,9,5
ENSMUSG00000084106,Gm6136,47,34,17,23,21,39,29,35,38,28,31,29
ENSMUSG00000102571,Gm37967,0,1,1,4,2,4,2,2,5,2,1,3
ENSMUSG00000099401,Gm28375,0,0,0,0,0,0,0,0,0,0,0,0
ENSMUSG00000102956,Gm37017,2,0,0,0,0,0,0,1,0,0,0,0
ENSMUSG00000103984,Gm37447,14,15,11,9,11,9,4,17,13,15,15,25
ENSMUSG00000025978,Rftn2,10,14,5,9,19,14,11,12,11,15,13,14
ENSMUSG00000097649,Gm10561,2,0,0,0,0,0,0,0,0,0,0,0
ENSMUSG00000046994,Mars2,776,808,804,777,829,446,650,733,714,647,763,746
ENSMUSG00000101940,Akp-ps1,0,0,2,0,0,0,0,1,0,0,0,0
ENSMUSG00000101625,Gm29371,0,0,0,0,0,0,0,0,0,0,0,0
ENSMUSG00000026246,Alppl2,0,0,0,0,0,0,0,0,0,0,0,0
ENSMUSG00000079440,Alpi,0,0,0,0,0,0,0,0,0,0,1,0
ENSMUSG00000100940,Gm29372,0,0,0,0,0,0,0,0,0,0,0,0
ENSMUSG00000028033,Kcnq5,1073,1020,858,746,1051,918,671,849,953,837,1161,1036
ENSMUSG00000036500,Akp3,0,0,0,0,0,0,0,0,0,0,0,0
ENSMUSG00000099839,Gm29374,0,0,0,0,0,1,0,0,0,0,0,0
ENSMUSG00000104138,Gm36949,5,5,3,2,4,3,0,6,3,8,5,7
ENSMUSG00000082935,Gm7658,3,5,3,3,3,6,6,12,5,5,8,7
ENSMUSG00000103748,Gm38243,5,4,7,6,1,3,1,4,2,2,2,3
ENSMUSG00000025977,Boll,22,18,20,19,22,14,15,16,18,15,15,18
ENSMUSG00000100215,Gm8292,1,2,2,1,3,0,1,2,1,0,1,0
ENSMUSG00000101945,Gm29138,0,0,0,0,0,0,0,0,0,0,0,0
ENSMUSG00000101085,Gm8531,0,0,0,0,0,0,0,0,0,0,0,0
ENSMUSG00000038349,Plcl1,193,184,201,182,91,93,80,113,92,99,104,98
ENSMUSG00000102145,Gm38056,0,0,0,1,1,0,1,0,0,0,0,1
ENSMUSG00000100309,Gm6644,0,0,0,0,0,0,0,1,1,0,0,0
ENSMUSG00000056211,R3hdm1,2470,2423,2016,1928,2128,2205,1730,2406,2288,2158,2273,2127
ENSMUSG00000102831,Gm37382,0,0,1,0,0,0,0,0,0,0,0,0
ENSMUSG00000101535,Gm29383,0,0,0,0,0,0,0,0,0,0,0,0
ENSMUSG00000099950,9130227L01Rik,0,0,0,0,0,0,1,0,0,0,0,0
ENSMUSG00000104239,Gm37588,2,0,1,1,2,10,3,4,7,0,1,3
ENSMUSG00000102491,Gm36986,0,0,0,0,0,0,0,0,0,0,0,0
ENSMUSG00000102179,Gm37868,3,1,2,0,0,1,0,0,2,2,2,4
ENSMUSG00000103497,Gm37407,0,0,0,0,1,0,0,3,2,0,0,1
ENSMUSG00000100372,1700003I22Rik,0,0,0,0,0,0,0,0,0,0,0,0
ENSMUSG00000065520,Mir128-1,0,0,0,0,0,0,0,0,0,0,0,0
ENSMUSG00000100944,Gm28900,0,0,0,0,0,0,0,0,0,0,0,0
ENSMUSG00000101332,Gm28240,0,0,0,0,0,0,0,0,0,0,0,0
ENSMUSG00000045336,Hsfy2,0,0,0,0,0,0,0,0,0,0,0,0
ENSMUSG00000026247,Ecel1,2,3,1,1,0,2,1,1,0,0,1,1
ENSMUSG00000026353,Ubxn4,2730,2957,2138,2214,2487,1990,2174,2489,2679,2408,2720,2264
ENSMUSG00000036480,Prss56,2,3,1,0,1,0,0,1,2,2,3,1
ENSMUSG00000026589,Sec16b,6,14,5,4,4,3,2,6,6,6,4,1
ENSMUSG00000103021,Gm37682,0,0,0,0,0,0,0,0,0,0,0,0
ENSMUSG00000103501,Gm7412,0,0,0,0,0,0,0,0,1,0,0,0
ENSMUSG00000026354,Lct,6,5,8,8,7,5,6,7,7,8,7,6
ENSMUSG00000102245,Gm37713,0,0,0,0,0,0,0,0,0,0,0,0
ENSMUSG00000103962,Gm38213,0,0,0,0,0,0,0,0,0,0,0,0
ENSMUSG00000102789,Gm38256,0,0,0,0,0,3,0,0,0,0,1,0
ENSMUSG00000004031,Brinp2,0,0,1,0,0,0,0,0,0,0,0,0
ENSMUSG00000026251,Chrnd,0,0,1,0,0,0,0,0,0,0,0,0
ENSMUSG00000026355,Mcm6,6648,7206,5972,5949,6906,4051,5984,6714,7170,6155,7614,6938
ENSMUSG00000038331,Satb2,3,5,3,1,5,11,3,3,1,2,8,3
ENSMUSG00000087022,9130024F11Rik,1,1,0,0,0,1,0,0,1,0,1,0
ENSMUSG00000104310,Gm4081,0,0,0,0,0,0,0,0,0,0,0,0
ENSMUSG00002075847,#N/A,0,0,0,0,0,0,0,0,0,1,0,0
ENSMUSG00000099945,1700126A01Rik,0,0,0,0,0,0,0,0,0,0,0,0
ENSMUSG00000101429,BC055402,0,0,0,0,0,0,0,0,0,0,0,0
ENSMUSG00000101129,Gm5254,0,0,0,2,1,0,0,1,1,0,0,0
ENSMUSG00000097519,4930558J18Rik,12,11,19,8,18,25,9,9,8,12,15,14
ENSMUSG00000038323,1700066M21Rik,141,124,105,96,161,117,129,124,138,118,119,135
ENSMUSG00000026356,Dars,3396,3688,3120,3057,3683,2423,2750,3081,3623,3277,3550,3288
ENSMUSG00000088196,Gm23902,0,0,0,0,0,0,0,0,0,0,0,0
ENSMUSG00000100152,Gm29598,0,0,0,0,0,0,0,0,0,0,0,0
ENSMUSG00000100941,Gm29597,0,0,0,0,0,0,0,0,0,0,0,0
ENSMUSG00000088432,Gm25384,0,0,0,0,0,0,0,0,0,0,0,0
ENSMUSG00000026253,Chrng,0,0,0,0,0,0,0,0,0,0,0,0
ENSMUSG00000100078,Gm6170,10,27,18,13,12,5,12,13,20,14,15,21
ENSMUSG00000045382,Cxcr4,134,187,161,167,207,110,178,158,132,127,154,132
ENSMUSG00000099403,Gm29599,0,0,0,0,0,0,0,0,0,0,0,0
ENSMUSG00000097283,Gm26686,0,0,0,0,0,0,0,0,0,0,0,0
ENSMUSG00000064737,Gm23056,0,0,0,0,0,0,0,0,0,0,0,0
ENSMUSG00000048495,Tyw5,284,357,243,268,276,230,261,271,270,293,286,275
ENSMUSG00000025971,Maip1,652,682,522,569,505,279,562,580,624,585,472,471
ENSMUSG00000077776,Gm22371,0,0,0,0,0,0,0,0,0,0,0,0
ENSMUSG00002076848,#N/A,0,0,0,0,0,0,0,0,0,0,0,0
ENSMUSG00000101826,Gm8581,0,0,0,1,0,0,0,0,0,0,0,0
ENSMUSG00000102685,Gm37373,0,0,0,0,0,0,0,0,0,0,0,0
ENSMUSG00000101151,Gm17929,0,0,0,0,0,0,0,0,0,0,0,0
ENSMUSG00000042581,Thsd7b,0,0,0,0,0,6,0,0,0,0,0,0
ENSMUSG00000103742,Gm38240,0,0,0,0,0,0,0,0,0,0,0,0
ENSMUSG00000103637,Gm38330,0,0,0,0,0,0,0,0,0,0,0,0
ENSMUSG00000104130,Gm36951,0,0,0,0,1,1,0,0,0,0,0,0
ENSMUSG00000089648,Gm15790,1,0,0,2,0,0,0,0,1,0,2,1
ENSMUSG00000094122,Rpl31-ps9,0,2,1,3,1,1,0,1,2,0,0,1
ENSMUSG00000102800,Gm37479,0,0,0,0,0,1,0,0,0,0,0,0
ENSMUSG00000103803,Gm37064,0,0,0,0,0,0,0,0,0,0,0,0
ENSMUSG00000103281,Gm37278,0,0,0,0,0,0,0,0,0,0,0,0
ENSMUSG00000100623,Gm29428,0,0,0,0,0,0,1,0,0,0,1,0
ENSMUSG00000086633,Gm16081,0,0,0,0,0,0,0,0,0,0,0,0
ENSMUSG00000026401,Cd55b,0,0,1,0,0,0,0,0,0,0,0,0
ENSMUSG00000087691,Cd55os,0,0,0,0,0,3,0,0,0,0,0,0
ENSMUSG00000086825,Gm15675,3,0,1,0,1,0,1,2,0,0,3,2
ENSMUSG00000090533,Gm8214,0,0,0,0,0,0,0,0,0,0,0,0
ENSMUSG00000103305,Gm34068,0,0,0,0,0,0,0,0,0,0,0,0
ENSMUSG00000026399,Cd55,40,53,38,45,40,62,38,48,41,45,52,59
ENSMUSG00000104007,Gm38332,0,0,0,0,0,0,0,1,0,0,0,0
ENSMUSG00000085526,Gm16083,0,0,1,0,0,0,0,0,0,0,1,0
ENSMUSG00000102139,Gm37109,0,0,0,1,1,1,0,0,0,0,0,0
ENSMUSG00000102743,Gm38108,0,0,0,0,0,2,0,0,0,0,0,0
ENSMUSG00000103751,Gm37283,0,0,0,0,0,0,1,0,0,0,1,0
ENSMUSG00000039384,Dusp10,531,614,422,448,644,359,424,504,600,608,694,593
ENSMUSG00000044854,1700056E22Rik,4,6,5,11,7,1,8,8,3,6,3,5
ENSMUSG00000102682,Gm37223,0,0,0,0,0,0,0,0,0,0,0,0
ENSMUSG00000102794,Gm37712,0,0,0,0,0,0,0,0,0,0,0,0
ENSMUSG00000104419,2900092O11Rik,0,0,0,0,0,0,0,0,0,0,0,0
ENSMUSG00000101574,1700112H15Rik,1,1,1,1,0,3,0,1,0,0,0,0
ENSMUSG00000089057,Gm23349,0,0,0,0,0,0,0,0,0,0,0,0
ENSMUSG00000103308,Gm37800,0,0,0,2,0,0,0,0,0,0,0,0
ENSMUSG00000102606,Rpl21-ps1,2,0,0,1,0,1,2,3,0,3,0,1
ENSMUSG00000103314,Gm38358,1,2,0,0,0,0,2,1,1,0,0,0
ENSMUSG00000092578,4930488B22Rik,0,0,0,0,0,0,0,0,0,0,0,0
ENSMUSG00000042554,Zp3r,0,0,0,0,0,2,0,0,0,0,0,0
ENSMUSG00000064395,Gm23623,0,0,0,0,0,0,0,0,0,0,0,0
ENSMUSG00000039377,Hlx,86,91,76,62,64,38,65,67,80,80,79,67
ENSMUSG00000102158,Gm34342,1,1,0,2,1,0,4,0,1,0,1,0
ENSMUSG00000026254,Eif4e2,3015,3339,2722,2847,2969,1871,2813,2964,3122,2657,2740,2449
ENSMUSG00000101468,Gm7761,0,0,0,0,0,1,0,0,0,0,0,0
ENSMUSG00000026405,C4bp,0,0,0,0,0,0,0,0,0,0,0,0
ENSMUSG00000101227,Gm29506,0,0,0,0,0,0,0,0,0,0,0,0
ENSMUSG00000026621,44621,0,0,0,0,0,0,0,1,0,0,0,0
ENSMUSG00000088318,Gm26187,0,0,1,0,0,0,0,0,0,0,0,0
ENSMUSG00000073730,Ppp1r14bl,0,0,0,0,0,0,0,0,0,0,0,0
ENSMUSG00000089553,Gm24176,0,0,0,0,0,0,0,0,0,0,0,0
ENSMUSG00000101904,Gm29427,0,0,0,0,0,0,0,0,0,0,0,0
ENSMUSG00000102766,Gm6420,0,0,0,0,0,0,0,0,0,0,0,0
ENSMUSG00000100257,C4bp-ps1,0,0,1,0,0,0,0,0,0,0,0,0
ENSMUSG00000065405,Mir30a,0,0,0,0,0,0,0,0,0,0,0,0
ENSMUSG00000097970,Gm27028,0,0,0,0,0,0,0,0,0,0,0,0
ENSMUSG00000065567,Mir30c-2,0,0,0,0,0,0,0,0,0,0,0,0
ENSMUSG00000100775,Gm29107,0,0,0,0,0,0,0,0,0,0,0,0
ENSMUSG00000101226,Gm20954,0,0,0,0,0,0,0,0,0,0,0,0
ENSMUSG00000026255,Efhd1,2,1,0,0,1,0,2,1,1,0,1,1
ENSMUSG00000089821,Efhd1os,0,0,0,0,0,0,0,0,0,0,0,0
ENSMUSG00000026158,Ogfrl1,239,225,206,262,199,180,249,301,289,246,240,208
ENSMUSG00000097920,Gm7784,8,12,2,7,7,3,5,13,5,6,6,2
ENSMUSG00000099503,Gm28822,0,0,0,0,0,0,0,0,0,0,0,0
ENSMUSG00000026156,B3gat2,0,0,2,0,0,0,1,0,2,0,0,0
ENSMUSG00000073481,44622,823,814,628,715,766,310,835,830,879,715,659,671
ENSMUSG00000088559,Mir1981,0,0,0,0,0,0,0,2,0,0,0,0
ENSMUSG00002076207,#N/A,0,0,0,0,0,0,0,0,0,0,0,0
ENSMUSG00000039349,C130074G19Rik,1,0,2,4,1,0,4,1,0,1,0,0
ENSMUSG00000026587,Astn1,0,0,0,0,0,6,3,0,2,0,2,0
ENSMUSG00000103762,Gm37861,0,0,0,0,0,0,0,0,0,0,0,0
ENSMUSG00000103971,Gm37679,0,0,0,0,0,0,0,0,0,0,0,0
ENSMUSG00000070103,Mir488,0,0,0,0,0,0,0,0,0,0,0,0
ENSMUSG00000102508,Gm37367,0,0,0,0,0,1,0,0,0,0,0,0
ENSMUSG00000102618,Gm37848,0,0,0,0,0,0,0,1,0,0,0,0
ENSMUSG00000026620,Mark1,1,0,0,0,0,0,0,0,1,1,0,1
ENSMUSG00000102784,Gm38251,0,0,0,0,0,0,0,0,0,0,0,0
ENSMUSG00000103942,Gm34732,0,0,0,0,0,0,0,0,0,0,0,0
ENSMUSG00000103478,4930433J02Rik,0,0,0,0,0,0,0,0,0,0,0,0
ENSMUSG00000104461,Gm37662,0,0,0,0,0,0,0,0,0,0,0,0
ENSMUSG00000026155,Smap1,887,967,713,717,759,540,771,811,860,738,772,712
ENSMUSG00000026154,Sdhaf4,38,81,48,33,54,20,59,38,70,43,56,44
ENSMUSG00000102495,Gm26524,0,0,0,0,0,0,0,0,0,0,0,0
ENSMUSG00000073530,Pappa2,1,0,1,3,2,9,1,7,1,2,1,0
ENSMUSG00000047661,1600012P17Rik,0,0,0,0,0,0,0,0,0,0,0,0
ENSMUSG00000104014,4930562F17Rik,0,0,0,0,0,1,0,0,0,0,0,0
ENSMUSG00000061992,Gm4953,0,0,0,1,1,2,0,3,1,2,2,0
ENSMUSG00000104169,Gm7430,0,0,0,0,0,2,0,0,0,0,0,0
ENSMUSG00000038305,Spats2l,3,4,3,2,5,0,1,2,3,4,2,1
ENSMUSG00000091283,Gm17234,0,0,0,0,0,0,0,0,0,0,0,0
ENSMUSG00000054770,Kctd18,449,439,378,360,302,224,269,366,435,345,323,310
ENSMUSG00000026039,Sgo2a,303,315,310,316,520,605,369,497,264,264,462,424
ENSMUSG00000040782,Cop1,325,329,244,257,273,233,198,281,291,257,253,264
ENSMUSG00000103572,Gm37115,2,2,0,0,1,2,0,3,2,0,0,5
ENSMUSG00000103186,Gm37088,0,0,0,0,0,0,0,0,0,0,0,0
ENSMUSG00002074853,#N/A,0,0,0,0,0,2,0,0,0,0,0,0
ENSMUSG00000105399,Mir1843b,0,0,0,0,0,0,0,0,0,0,0,0
ENSMUSG00000103289,Gm31256,0,0,0,0,0,0,0,0,0,0,0,0
ENSMUSG00000103389,Gm37757,0,0,0,0,0,0,0,0,0,0,0,0
ENSMUSG00000039318,Rab3gap2,681,767,575,556,590,323,450,463,578,548,699,620
ENSMUSG00002075146,#N/A,0,0,0,0,0,0,0,0,0,0,0,0
ENSMUSG00000105770,Mir664,0,0,0,0,0,0,0,0,0,0,0,0
ENSMUSG00000103613,Gm34882,0,0,0,0,0,0,0,0,0,0,0,0
ENSMUSG00000063558,Aox1,0,0,0,0,0,0,0,0,0,0,0,0
ENSMUSG00000026153,Fam135a,11,8,8,12,6,7,4,11,8,4,8,10
ENSMUSG00000102398,Gm37580,0,0,0,0,0,1,0,0,0,0,0,0
ENSMUSG00000097670,Gm26607,0,0,0,0,0,0,0,0,0,0,0,0
ENSMUSG00000026409,Pfkfb2,49,60,36,31,37,28,21,24,24,45,52,46
ENSMUSG00000015829,Tnr,0,0,0,0,0,1,0,0,0,0,1,2
ENSMUSG00000103225,Gm37731,0,0,0,0,0,0,0,0,0,0,0,0
ENSMUSG00000046404,Yod1,326,294,292,294,357,274,247,307,286,281,363,361
ENSMUSG00000104515,Gm37163,0,0,0,0,0,0,0,0,0,0,1,0
ENSMUSG00000073528,Gm10530,0,0,0,0,0,0,0,0,0,0,0,0
ENSMUSG00000103719,Gm38039,0,0,0,0,0,0,0,0,0,0,0,0
ENSMUSG00000088145,Gm24719,0,0,0,0,0,0,0,0,0,0,0,0
ENSMUSG00000104111,Gm37294,0,0,0,2,0,0,0,0,3,0,0,0
ENSMUSG00000042510,AA986860,5,9,3,7,1,0,5,7,2,8,2,1
ENSMUSG00000099556,Gm28857,0,0,0,0,0,0,0,0,0,0,0,0
ENSMUSG00000100106,Gm28856,0,0,0,0,0,0,0,0,0,0,0,0
ENSMUSG00000090394,4930523C07Rik,452,455,542,562,498,348,477,617,442,402,403,365
ENSMUSG00000064294,Aox3,0,0,0,0,0,0,0,0,0,0,2,0
ENSMUSG00000026729,4930562F07Rik,1,1,1,0,0,0,0,0,2,0,0,0
ENSMUSG00000089275,Gm24548,0,0,0,0,0,0,0,0,0,0,0,0
ENSMUSG00000026415,Fcamr,0,0,0,0,0,0,0,0,0,0,0,0
ENSMUSG00000026618,Iars2,1676,1920,1398,1444,1714,1087,1279,1462,1667,1544,1724,1572
ENSMUSG00000086706,Gm15848,0,0,0,0,1,0,0,0,0,0,0,0
ENSMUSG00000104368,2010103J01Rik,0,0,0,0,0,0,0,0,0,0,0,0
ENSMUSG00000065581,Mir194-1,0,0,0,0,0,0,0,0,0,0,0,0
ENSMUSG00000065562,Mir215,0,0,0,0,0,0,0,0,0,0,0,0
ENSMUSG00000102526,Gm37785,3,1,3,4,3,4,0,1,2,4,3,2
ENSMUSG00000026417,Pigr,8,9,5,2,5,2,1,3,13,6,3,7
ENSMUSG00000026725,Tnn,0,0,1,1,0,1,0,1,1,0,0,2
ENSMUSG00000042474,Fcmr,29,22,34,37,24,22,45,39,28,18,18,24
ENSMUSG00000038242,Aox4,0,0,0,0,0,0,0,0,0,0,0,0
ENSMUSG00000089822,Gm15759,1,0,0,0,1,0,0,0,0,0,0,0
ENSMUSG00000026617,Bpnt1,290,298,256,262,259,157,276,258,297,253,267,285
ENSMUSG00000058267,Mrps14,692,757,617,642,724,253,720,641,734,636,566,626
ENSMUSG00000097261,4930532G15Rik,16,9,14,17,10,10,12,13,11,10,16,10
ENSMUSG00000026420,Il24,1817,1942,1278,1282,872,525,1296,1188,1080,884,1281,1135
ENSMUSG00000014226,Cacybp,4038,4218,3457,3512,4322,5489,3911,4199,4306,4169,5204,4532
ENSMUSG00000103006,4933417C20Rik,5,3,5,8,6,6,11,6,3,3,4,6
ENSMUSG00000026416,Il20,0,0,1,0,1,0,0,0,0,0,1,0
ENSMUSG00000079554,Aox2,0,1,0,0,0,0,0,3,0,0,0,0
ENSMUSG00000103839,Gm37607,13,12,7,9,17,43,14,7,13,10,21,15
ENSMUSG00000016524,Il19,4,3,1,4,2,0,1,2,3,1,1,1
ENSMUSG00000016529,Il10,1820,2092,1957,2073,877,532,848,987,989,955,743,658
ENSMUSG00000026147,Col9a1,0,0,0,0,0,3,0,0,0,0,0,0
ENSMUSG00000016528,Mapkapk2,9603,10893,9515,11014,7815,2497,8962,10299,8118,7726,5233,5136
ENSMUSG00000088705,Gm25549,0,1,5,1,0,2,1,3,0,0,1,1
ENSMUSG00000102856,Gm37084,51,27,53,20,12,7,21,47,32,37,17,32
ENSMUSG00002075689,#N/A,0,0,0,0,0,0,0,0,0,0,0,0
ENSMUSG00000051223,Bzw1,12982,13893,10516,10479,10038,6436,9301,10906,12704,11898,10247,9919
ENSMUSG00000016526,Dyrk3,231,287,206,225,211,111,220,209,233,181,258,188
ENSMUSG00000026615,Eprs,9596,10517,8684,8828,8753,6370,6648,7818,9204,8792,9165,8398
ENSMUSG00000051295,9630028B13Rik,0,0,0,0,0,0,0,0,0,0,0,0
ENSMUSG00000118510,AC131980.1,0,0,0,0,0,0,0,0,0,0,0,0
ENSMUSG00000097615,Gm2061,0,0,0,0,0,0,0,0,0,0,1,0
ENSMUSG00000026614,Slc30a10,0,0,0,0,0,0,0,0,0,1,0,0
ENSMUSG00000102185,5033404E19Rik,0,0,0,0,0,0,0,0,0,0,0,0
ENSMUSG00000103799,Gm38093,0,0,0,0,0,0,0,0,0,0,0,0
ENSMUSG00000102546,Gm9722,0,1,1,0,2,0,1,1,0,0,1,0
ENSMUSG00000039246,Lyplal1,1,0,0,0,2,1,0,0,0,0,0,1
ENSMUSG00000103056,Gm38268,0,0,0,0,0,0,0,0,0,0,0,0
ENSMUSG00002076007,#N/A,0,0,0,0,0,0,0,0,0,0,0,0
ENSMUSG00000103449,Gm37134,0,0,0,0,0,0,0,0,0,0,0,0
ENSMUSG00000102790,Gm37272,0,0,0,0,0,4,0,0,0,0,0,0
ENSMUSG00000102217,Gm37491,0,0,0,0,0,0,0,0,0,0,0,0
ENSMUSG00000103690,A730004F24Rik,0,0,0,0,0,0,0,0,0,0,0,0
ENSMUSG00000048000,Gigyf2,2337,2275,1959,1849,1768,1533,1655,2146,2025,1862,1896,1696
ENSMUSG00000119117,#N/A,0,0,0,0,0,0,0,0,0,0,0,0
ENSMUSG00000079436,Kcnj13,0,0,0,0,0,0,0,0,0,0,0,0
ENSMUSG00002076368,#N/A,0,0,0,0,0,0,0,0,0,0,0,0
ENSMUSG00000026141,Col19a1,0,1,0,0,0,2,0,0,0,0,0,0
ENSMUSG00000026258,Snorc,0,0,0,0,0,0,0,0,0,0,0,0
ENSMUSG00000077463,Gm26418,0,0,0,0,0,0,0,0,0,0,0,0
ENSMUSG00000099997,Tubb4b-ps2,2,0,2,0,1,0,1,0,2,0,2,1
ENSMUSG00000100131,Gm28439,0,0,0,0,0,1,0,1,1,0,0,0
ENSMUSG00000067736,Gm10222,0,0,0,0,0,0,0,0,0,0,0,0
ENSMUSG00000026034,Clk1,1472,1688,1447,1329,2143,1990,1276,1509,1372,1397,2229,2002
ENSMUSG00000101939,Gm28438,20,13,10,13,7,19,9,26,10,15,5,7
ENSMUSG00000101111,Gm28437,0,0,0,1,0,1,0,0,0,0,0,0
ENSMUSG00000026721,Rabgap1l,2294,2630,2108,1998,1964,1606,1599,2127,2147,1947,2143,1880
ENSMUSG00000100862,Gm10925,1,0,2,0,0,0,2,2,1,2,7,3
ENSMUSG00000102070,Gm28661,0,1,0,1,0,0,0,3,1,1,0,1
ENSMUSG00000101249,Gm29216,0,0,1,0,0,1,0,0,0,1,0,0
ENSMUSG00000039239,Tgfb2,21,25,28,25,24,18,15,22,23,11,13,16
ENSMUSG00000089045,Gm26169,0,0,0,0,0,0,0,0,0,0,0,0
ENSMUSG00000100393,Gm29491,0,0,0,0,0,0,0,0,0,0,0,0
ENSMUSG00000102619,Gm37849,2,1,5,1,0,0,0,2,6,5,4,2
ENSMUSG00000001305,Rrp15,2535,2913,2132,2312,2284,1970,2146,2241,2675,2490,2413,2215
ENSMUSG00000097784,A430105J06Rik,5,8,2,11,4,6,9,4,5,8,7,10
ENSMUSG00000104302,Gm36975,0,0,0,1,1,4,0,0,0,1,1,0
ENSMUSG00000103503,1700023G09Rik,0,0,0,0,0,0,0,0,0,0,0,0
ENSMUSG00000089204,Mir1927,0,0,0,0,0,0,0,0,0,0,0,0
ENSMUSG00000097935,Gm3809,6,5,11,7,5,1,13,13,10,7,5,2
ENSMUSG00000103522,9430087J23Rik,5,1,0,5,5,2,3,5,3,4,6,7
ENSMUSG00000104312,Gm37912,0,0,0,0,0,0,0,0,0,0,0,0
ENSMUSG00000103693,Gm37529,10,5,17,16,10,17,21,8,16,23,14,15
ENSMUSG00000104026,Gm37212,8,5,7,7,2,6,3,8,8,3,7,5
ENSMUSG00000039224,D1Pas1,0,2,1,0,1,0,0,2,0,0,0,2
ENSMUSG00000118401,Gpr52,36,30,31,24,28,11,24,20,29,23,25,20
ENSMUSG00000104424,Gm19058,0,0,0,0,0,0,0,0,0,0,0,0
ENSMUSG00000104020,Gm37215,1,1,1,2,3,5,2,3,2,4,4,7
ENSMUSG00000103391,Gm38302,9,7,6,7,4,12,2,3,7,6,4,4
ENSMUSG00000103432,6720464F23Rik,13,14,17,8,9,25,16,12,14,19,13,10
ENSMUSG00000077759,Gm23528,0,0,0,0,0,0,0,0,0,0,0,0
ENSMUSG00000102172,Gm37873,1,5,7,5,4,4,3,5,7,6,3,1
ENSMUSG00000103200,Gm37328,7,14,5,6,7,8,6,13,7,4,17,11
ENSMUSG00000103632,Gm38329,104,108,102,97,66,74,104,87,78,86,112,94
ENSMUSG00000104053,Gm38126,0,0,1,2,0,1,1,0,0,0,0,0
ENSMUSG00000102852,Gm37083,22,23,35,39,20,27,32,28,20,19,15,13
ENSMUSG00000103631,Gm38060,0,0,2,4,1,0,1,1,0,0,2,0
ENSMUSG00000077648,Gm24988,0,0,0,0,0,0,0,0,0,0,0,0
ENSMUSG00000057499,Gm6177,2,1,0,1,0,0,1,1,1,1,0,0
ENSMUSG00000026259,Ngef,0,5,0,3,1,0,0,1,2,1,2,0
ENSMUSG00000026035,Ppil3,646,786,607,604,719,505,707,636,637,592,748,685
ENSMUSG00000026611,Spata17,0,0,0,0,0,0,0,0,0,0,0,0
ENSMUSG00000089831,Gm15508,0,0,0,0,0,0,0,0,0,0,0,0
ENSMUSG00000106839,Gm43497,0,0,0,0,0,0,0,0,0,0,0,0
ENSMUSG00000107163,Gm43496,0,0,0,0,1,1,1,0,0,0,0,0
ENSMUSG00000079434,Neu2,0,0,0,0,0,0,0,0,0,0,0,0
ENSMUSG00000089947,Gm15509,0,0,0,0,1,3,0,0,0,0,0,0
ENSMUSG00000091123,Gm17181,0,0,0,0,0,0,0,0,0,0,0,0
ENSMUSG00000090994,Gm6153,0,1,0,0,0,0,0,0,1,1,2,0
ENSMUSG00000089730,1700007P06Rik,0,0,0,0,0,0,0,0,0,0,0,0
ENSMUSG00000073725,Lmbrd1,513,571,397,376,407,322,381,419,450,425,421,363
ENSMUSG00000040423,Rc3h1,3723,3880,3568,3431,3251,2349,2086,3461,3336,3352,3326,2926
ENSMUSG00000103343,Gm37052,10,5,4,4,9,7,6,6,10,4,7,2
ENSMUSG00000103846,Gm37809,1,2,2,2,1,0,2,3,0,1,0,3
ENSMUSG00000103739,Gm37653,7,8,7,4,9,6,5,12,4,17,7,11
ENSMUSG00000100808,Gm28594,0,0,0,0,0,0,0,0,0,0,0,0
ENSMUSG00000100483,Gm28237,0,0,0,0,0,2,0,0,0,0,0,0
ENSMUSG00000100450,Gm9443,1,0,0,1,0,0,0,0,0,0,1,0
ENSMUSG00000099392,Gm29414,0,0,0,0,0,0,0,0,0,0,0,0
ENSMUSG00000026036,Nif3l1,697,883,588,650,633,374,637,655,784,683,648,614
ENSMUSG00000026715,Serpinc1,42,27,27,25,28,18,29,17,20,27,23,22
ENSMUSG00000103222,Gm37729,3,2,1,1,0,3,2,2,2,2,5,1
ENSMUSG00000103680,Gm37072,0,2,1,0,0,2,2,0,1,0,0,0
ENSMUSG00000043467,Zbtb37,503,584,487,456,579,403,281,492,505,493,661,566
ENSMUSG00000104016,Gm37362,0,0,0,0,0,0,0,1,0,0,0,0
ENSMUSG00000026037,Orc2,2437,2908,2329,2345,2466,1581,2136,2472,2379,2156,2306,2206
ENSMUSG00000119442,#N/A,5,1,9,3,5,8,3,11,2,3,7,3
ENSMUSG00000039210,Gpatch2,456,430,363,342,332,239,295,378,360,329,339,313
ENSMUSG00000104394,Gm37254,88,119,125,89,93,43,107,92,105,96,63,82
ENSMUSG00000085054,Gm15834,20,24,16,20,24,14,6,17,13,17,28,27
ENSMUSG00000104245,Gm38155,0,1,0,0,0,0,0,0,0,0,0,0
ENSMUSG00000103923,Gm37896,0,0,0,0,0,0,0,0,0,0,0,0
ENSMUSG00000026427,Eif2d,853,894,678,765,939,447,703,767,826,752,921,843
ENSMUSG00000026610,Esrrg,0,0,0,0,1,3,0,0,0,0,0,0
ENSMUSG00000103961,Gm36388,0,0,0,0,0,0,0,0,0,0,0,0
ENSMUSG00000103401,Gm37929,0,0,0,0,0,0,0,0,0,0,0,0
ENSMUSG00000118492,AC121143.1,0,0,0,0,0,0,0,0,0,0,0,0
ENSMUSG00000103577,9330162B11Rik,0,0,0,0,0,0,0,0,0,0,0,0
ENSMUSG00000103732,Gm38315,0,0,0,0,0,0,0,0,0,0,0,0
ENSMUSG00000104482,Gm38064,0,0,0,0,0,0,0,0,0,0,0,0
ENSMUSG00000038174,Fam126b,241,243,189,227,228,198,145,241,185,248,286,267
ENSMUSG00000033569,Adgrb3,0,0,0,0,0,11,0,0,0,0,0,0
ENSMUSG00000026032,Ndufb3,191,255,241,268,288,213,306,259,267,215,241,259
ENSMUSG00000100202,Gm29389,0,1,0,0,0,0,0,0,0,0,0,0
ENSMUSG00000099490,Gm18802,0,0,0,0,0,0,0,0,0,0,0,0
ENSMUSG00000026430,Rassf5,6013,6784,4394,4396,3945,1920,3704,4404,5643,5179,4701,4261
ENSMUSG00000059647,Cbx3-ps7,0,0,0,0,0,1,2,0,0,0,0,0
ENSMUSG00000080849,Gm15702,0,0,0,0,0,0,0,0,0,0,0,0
ENSMUSG00000104257,Gm20172,0,0,0,0,0,0,0,0,0,0,0,0
ENSMUSG00000101729,Gm17796,0,0,0,0,0,0,0,0,0,0,0,0
ENSMUSG00000119153,#N/A,0,0,0,0,0,0,0,0,0,0,0,0
ENSMUSG00000102296,Gm37543,0,0,0,0,0,0,0,0,0,0,0,0
ENSMUSG00000103209,Gm37331,0,0,0,0,0,0,0,0,0,0,0,0
ENSMUSG00000104027,Gm37211,0,0,0,0,0,0,0,0,0,0,0,0
ENSMUSG00000102407,Gm37862,0,0,0,0,0,0,0,0,0,0,0,0
ENSMUSG00000103214,Gm38286,0,0,0,0,0,0,0,0,0,0,0,0
ENSMUSG00000104100,Gm37880,0,0,0,0,0,0,0,0,0,0,0,0
ENSMUSG00000084740,Gm25294,0,0,0,0,0,0,0,0,0,0,0,0
ENSMUSG00000103889,Gm37011,0,0,0,0,0,0,0,0,0,0,0,0
ENSMUSG00000101301,Gm29214,0,0,0,0,1,0,0,0,0,0,0,0
ENSMUSG00000104221,Gm37051,0,0,0,0,0,0,0,0,0,0,0,0
ENSMUSG00000102250,Gm38260,0,0,0,0,0,0,1,0,0,0,0,0
ENSMUSG00000102317,Gm37628,0,0,0,0,0,1,0,0,0,0,0,0
ENSMUSG00000103563,8030445P17Rik,0,0,0,0,0,0,0,0,0,0,0,0
ENSMUSG00000102465,Gm38198,0,0,0,0,0,0,0,0,0,0,0,0
ENSMUSG00000102659,Gm37077,0,0,0,0,0,1,0,0,0,0,0,0
ENSMUSG00000103924,Gm37895,0,0,0,0,0,0,0,0,0,0,0,0
ENSMUSG00000104132,Gm36952,0,0,0,0,0,0,0,0,0,0,0,0
ENSMUSG00000102747,Gm37602,0,0,0,0,0,2,0,0,0,0,0,0
ENSMUSG00000102386,2900022M07Rik,0,0,0,0,0,0,0,0,0,0,0,0
ENSMUSG00000103004,2900002M20Rik,0,0,0,0,0,0,0,0,0,0,0,0
ENSMUSG00000104516,Gm9884,0,0,0,0,0,0,0,0,0,0,0,0
ENSMUSG00000101618,Gm18443,0,0,0,0,0,0,0,0,0,0,0,0
ENSMUSG00000099458,Gm19123,0,0,0,0,0,0,0,1,1,0,0,0
ENSMUSG00000088111,Gm24064,0,0,0,0,0,0,0,0,0,0,0,0
ENSMUSG00000073722,4931408C20Rik,0,0,0,0,0,0,0,0,0,0,0,0
ENSMUSG00000119695,#N/A,0,0,0,0,0,0,0,0,0,0,0,0
ENSMUSG00000100310,Gm19641,0,0,0,0,0,0,0,0,0,0,0,0
ENSMUSG00000101514,Gm5524,0,0,0,0,0,1,1,1,0,0,0,0
ENSMUSG00000101033,Gm18776,0,0,0,0,0,0,0,0,0,0,0,0
ENSMUSG00000101372,Gm19028,0,3,2,0,4,2,0,1,3,4,1,0
ENSMUSG00000103241,Gm38089,0,0,0,0,0,0,0,0,0,0,0,0
ENSMUSG00000086240,Gm7846,0,1,0,0,4,0,1,0,0,0,1,0
ENSMUSG00000048411,Gm597,0,0,0,0,0,0,0,0,0,0,0,0
ENSMUSG00000081557,Gm5697,1,1,7,1,2,0,1,3,4,0,2,2
ENSMUSG00000058590,Gm6462,0,0,0,0,0,0,0,0,0,0,0,0
ENSMUSG00000101235,Gm18033,0,0,0,0,0,0,0,0,0,0,0,0
ENSMUSG00002075209,#N/A,0,0,0,0,0,0,0,0,0,0,0,0
ENSMUSG00000026609,Ush2a,0,0,0,0,0,1,0,0,0,0,1,0
ENSMUSG00002076857,#N/A,0,0,0,0,0,0,0,0,0,0,0,0
ENSMUSG00002074912,#N/A,0,0,0,0,0,0,0,0,0,0,0,0
ENSMUSG00000047528,Flacc1,2,1,2,1,0,1,0,1,2,3,1,1
ENSMUSG00000099257,Mir6342,0,0,0,0,0,0,0,0,0,0,0,0
ENSMUSG00000099492,Gm5525,10,7,5,6,10,0,6,4,8,5,4,6
ENSMUSG00000102059,Gm20257,17,20,19,14,11,27,15,22,24,22,28,21
ENSMUSG00000118548,AC125120.1,0,0,0,0,0,0,0,0,0,0,0,0
ENSMUSG00000101046,Gm28803,0,0,0,0,0,0,0,0,0,0,0,0
ENSMUSG00000101726,Gm7858,0,0,1,0,0,0,2,0,0,0,1,1
ENSMUSG00002075317,#N/A,0,0,0,0,0,0,0,0,0,0,0,0
ENSMUSG00002075289,#N/A,0,0,0,0,0,0,0,0,0,0,0,0
ENSMUSG00000077235,Gm25095,0,0,0,0,0,0,0,0,0,0,0,0
ENSMUSG00000084550,Gm25269,0,0,0,0,0,0,0,0,0,0,0,0
ENSMUSG00000053185,Gm9898,0,0,0,0,0,0,0,0,0,0,0,0
ENSMUSG00000100261,Gm6473,0,0,0,0,0,0,1,0,0,0,0,0
ENSMUSG00000101180,Gm2914,0,0,0,0,0,0,0,0,0,0,0,0
ENSMUSG00000042349,Ikbke,1523,1767,1418,1564,1318,648,1477,1858,1543,1587,1104,1090
ENSMUSG00000102027,Gm28914,0,1,0,0,1,0,0,0,0,1,0,0
ENSMUSG00000102055,Gm28913,0,0,0,0,0,0,0,1,0,0,0,0
ENSMUSG00000026031,Cflar,4602,4630,4038,4016,2660,2153,2519,3207,3202,3286,2380,2105
ENSMUSG00000100236,Gm3841,0,0,0,0,0,0,0,0,0,0,0,0
ENSMUSG00000048874,Phf3,2580,2632,2049,1943,2169,2219,1418,2420,2346,2381,2618,2177
ENSMUSG00000103783,Gm37522,2,0,2,1,1,5,1,2,5,3,1,0
ENSMUSG00000104315,Gm37906,4,5,6,3,2,1,3,2,2,5,3,3
ENSMUSG00000026064,Ptp4a1,12,12,12,10,18,8,13,18,14,18,13,21
ENSMUSG00000026608,Kctd3,814,915,665,735,628,368,628,776,757,713,621,507
ENSMUSG00000026029,Casp8,1513,1829,1246,1376,1211,1039,1406,1462,1438,1302,1244,1190
ENSMUSG00000117310,Ptp4a1,0,2,2,0,0,0,1,0,2,1,1,1
ENSMUSG00000102719,Gm37760,35,26,26,22,13,11,30,31,30,25,29,23
ENSMUSG00000103370,Gm37178,0,0,0,0,0,2,0,0,0,0,0,0
ENSMUSG00000104464,Gm18698,0,0,0,0,0,0,0,0,0,0,0,0
ENSMUSG00000117091,Gm5698,0,0,0,0,0,0,0,0,0,0,0,0
ENSMUSG00000086726,Gm9458,0,0,0,0,0,0,0,0,0,0,0,0
ENSMUSG00000099719,Gm28802,5,4,2,0,1,5,0,3,2,3,0,2
ENSMUSG00000086727,4931428L18Rik,0,0,0,0,0,4,0,0,1,0,0,0
ENSMUSG00000100237,Gm28644,0,0,0,0,0,0,0,0,0,0,0,0
ENSMUSG00002076113,#N/A,0,0,0,0,0,0,0,0,0,0,0,0
ENSMUSG00000100910,Gm29128,0,0,0,0,0,1,0,0,0,0,0,0
ENSMUSG00000053332,Gas5,7558,8687,7707,7663,7894,6001,8457,8230,7688,7225,8028,7294
ENSMUSG00000099796,Gm7893,0,0,0,0,0,0,0,0,0,0,0,0
ENSMUSG00000064440,Gm26224,0,0,0,0,0,0,0,0,0,0,0,0
ENSMUSG00000080463,Gm22489,0,0,0,0,0,0,0,0,0,0,0,0
ENSMUSG00000064816,Gm22357,0,0,0,0,0,0,0,0,0,0,0,0
ENSMUSG00000084667,Gm23212,0,0,0,0,0,0,0,0,0,0,0,0
ENSMUSG00000077220,Snord78,0,0,0,0,0,0,0,0,0,0,0,0
ENSMUSG00000065160,Gm50452,0,0,0,0,0,0,0,0,0,0,0,0
ENSMUSG00000065735,Snord80,0,0,0,0,0,0,0,0,0,0,0,0
ENSMUSG00000050217,Lgsn,0,0,0,0,0,0,0,0,0,0,0,0
ENSMUSG00002075950,#N/A,0,0,0,0,0,0,0,0,0,0,0,0
ENSMUSG00000064968,Snord47,0,0,0,0,0,0,0,0,0,0,0,0
ENSMUSG00000065228,Gm25789,0,0,0,0,0,0,0,0,0,0,0,0
ENSMUSG00000026063,Pih1d3,0,0,0,0,1,0,0,0,0,0,0,0
ENSMUSG00000077664,Gm26145,0,0,0,0,0,0,0,0,0,0,0,0
ENSMUSG00000100205,Gm4850,0,0,0,0,0,0,0,0,0,0,0,0
ENSMUSG00000100592,Gm28645,0,0,0,0,0,0,0,0,0,0,0,0
ENSMUSG00000094215,Gm6489,0,0,0,0,0,0,0,0,0,0,0,0
ENSMUSG00000101093,Eef1a1-ps2,0,1,0,0,0,0,0,0,0,0,0,0
ENSMUSG00000026028,Trak2,2451,2528,2143,2160,1906,1343,1659,2293,2098,2074,1839,1708
ENSMUSG00000070960,Gm19680,1,2,3,1,0,0,2,0,2,0,1,0
ENSMUSG00000088620,Gm23032,0,0,0,0,0,0,0,0,0,0,0,0
ENSMUSG00000082159,Gm7910,0,0,0,0,0,0,0,0,0,0,0,0
ENSMUSG00000026425,Srgap2,790,834,735,719,697,448,657,913,702,651,676,601
ENSMUSG00000102733,Gm38262,0,0,0,1,2,0,0,0,0,0,0,0
ENSMUSG00000104060,Gm37954,0,0,0,2,3,0,1,2,0,2,0,0
ENSMUSG00000101778,Gm29488,3,0,5,1,2,2,2,2,1,2,2,2
ENSMUSG00000099959,Gm29487,0,0,0,0,0,0,0,0,0,0,0,1
ENSMUSG00002076189,#N/A,0,0,1,0,0,0,0,0,0,0,0,0
ENSMUSG00000026058,Khdrbs2,0,1,0,0,1,3,0,0,0,0,1,0
ENSMUSG00000064688,Gm25814,0,0,0,0,0,0,0,0,0,0,0,0
ENSMUSG00000103482,Gm37999,0,0,0,0,0,0,0,0,0,0,0,0
ENSMUSG00000104498,Gm37110,1,0,0,0,0,0,0,0,0,0,0,0
ENSMUSG00000104313,Gm37911,0,0,0,0,0,0,0,0,0,0,0,0
ENSMUSG00000102865,Gm9839,0,0,0,0,0,0,0,0,0,0,0,0
ENSMUSG00000055184,Fam72a,192,204,221,244,384,190,289,251,198,165,247,233
ENSMUSG00000102321,Gm37792,0,0,0,0,0,0,0,0,0,0,0,0
ENSMUSG00000091318,Gm5415,0,0,0,0,1,10,0,0,0,0,0,1
ENSMUSG00000089489,Gm24732,0,0,0,0,0,0,0,0,0,0,0,0
ENSMUSG00000104433,Gm37426,0,0,0,0,0,0,0,0,0,0,0,0
ENSMUSG00002076392,#N/A,0,0,0,0,0,0,0,0,0,0,0,0
ENSMUSG00000026432,Avpr1b,0,0,0,0,0,1,0,0,0,0,0,0
ENSMUSG00000037624,Kcnk2,0,0,0,0,0,0,1,0,0,0,0,0
ENSMUSG00000102926,Gm37151,0,0,1,0,0,6,0,0,0,0,1,0
ENSMUSG00000095841,Gm8532,0,0,0,1,0,0,0,0,0,0,0,0
ENSMUSG00000100497,Gm28624,0,0,0,0,0,0,0,0,0,0,0,0
ENSMUSG00000102917,Gm37724,0,0,0,0,0,0,0,0,0,0,0,0
ENSMUSG00000103669,2900042K21Rik,1,0,0,0,0,0,3,0,0,0,0,1
ENSMUSG00000102824,Pdcd5-ps,24,23,13,11,19,10,18,16,9,23,13,20
ENSMUSG00000100481,Gm7114,0,0,1,0,0,0,1,0,0,0,2,0
ENSMUSG00000100590,Gm4785,1,0,0,0,0,0,0,0,0,0,0,0
ENSMUSG00000088750,Gm24901,0,0,0,0,0,0,0,0,0,0,0,0
ENSMUSG00000104230,Gm37591,0,0,0,0,0,0,0,0,0,0,0,0
ENSMUSG00000104507,A430027H14Rik,0,0,0,0,0,0,0,0,0,0,0,0
ENSMUSG00002075718,#N/A,0,0,0,0,0,0,0,0,0,0,0,0
ENSMUSG00000101754,Gm2987,0,0,0,0,0,0,0,0,0,0,0,0
ENSMUSG00000065223,Gm25792,0,0,0,0,0,0,0,0,0,0,0,0
ENSMUSG00000103087,Gm38122,0,0,0,0,0,0,0,0,0,0,0,1
ENSMUSG00000100318,Gm18799,0,0,0,0,0,0,0,0,0,0,0,0
ENSMUSG00000101612,Gm7933,0,0,1,0,1,0,1,1,0,0,1,0
ENSMUSG00000065260,Gm23453,0,0,0,0,0,0,0,0,0,0,0,0
ENSMUSG00000026709,Dars2,139,115,134,95,273,92,145,129,112,106,178,220
ENSMUSG00000102864,Gm37634,1,0,3,1,0,2,0,6,2,0,0,1
ENSMUSG00000026134,Prim2,187,252,243,199,306,205,273,262,211,178,307,210
ENSMUSG00000101682,Gm29228,0,2,1,2,1,1,0,0,0,1,0,0
ENSMUSG00000102714,Gm37618,3,2,5,4,1,0,1,1,2,0,1,5
ENSMUSG00000102093,Gm17813,1,0,0,0,0,0,0,0,0,0,0,0
ENSMUSG00000103746,1700001G17Rik,7,3,3,3,3,5,1,1,0,7,6,4
ENSMUSG00000102198,Gm38173,0,0,0,0,0,0,0,0,0,0,0,0
ENSMUSG00000004552,Ctse,59,79,60,73,50,24,68,73,85,91,55,38
ENSMUSG00000026605,Cenpf,533,821,530,569,1431,1566,460,843,478,714,1255,1097
ENSMUSG00000103374,Gm37239,0,0,0,0,0,0,0,0,1,0,0,0
ENSMUSG00000026027,Stradb,116,151,117,114,137,73,129,126,150,112,120,129
ENSMUSG00000052688,Rab7b,0,0,0,0,0,0,1,0,0,0,1,0
ENSMUSG00000004768,Rab23,355,418,291,334,336,203,273,345,376,288,390,362
ENSMUSG00000042215,Bag2,445,499,294,320,402,255,329,368,457,374,629,536
ENSMUSG00000103072,Gm37905,0,0,0,0,0,0,0,0,0,0,0,0
ENSMUSG00000026708,Cenpl,167,196,182,192,284,180,248,265,206,149,215,189
ENSMUSG00000072295,C2cd6,0,0,2,0,2,1,1,1,0,0,2,0
ENSMUSG00000047383,AC169382.1,0,0,0,0,0,0,0,0,0,0,0,0
ENSMUSG00000099752,Gm29018,0,0,0,0,0,0,0,0,0,0,0,0
ENSMUSG00000077616,Gm25502,0,0,0,0,0,0,0,0,0,0,0,0
ENSMUSG00000026604,Ptpn14,21,18,24,21,18,15,27,24,15,8,13,11
ENSMUSG00000042268,Slc26a9,0,0,1,1,0,1,3,1,0,0,0,0
ENSMUSG00000102248,Gm30280,0,1,1,0,0,0,0,0,0,0,0,0
ENSMUSG00000097925,Gm26574,0,0,0,0,0,0,0,0,0,0,0,0
ENSMUSG00000104435,Gm37422,1,0,0,2,4,0,3,0,3,3,3,5
ENSMUSG00000042197,Zfp451,2089,2072,1743,1595,1800,1401,1265,1813,1838,1711,2010,1920
ENSMUSG00000026705,Klhl20,1048,1099,878,869,963,872,782,925,923,894,1104,990
ENSMUSG00000081402,Gm15455,3,1,1,3,0,1,1,3,1,1,0,5
ENSMUSG00000026603,Smyd2,2261,2492,2005,1926,2147,1004,2014,2055,2310,2132,2165,2145
ENSMUSG00000103467,Gm38245,26,23,23,13,10,13,16,22,19,22,23,26
ENSMUSG00000042251,Pm20d1,0,0,0,1,0,3,0,0,0,0,0,0
ENSMUSG00000044835,Ankrd45,1,1,2,0,1,6,0,2,3,2,2,1
ENSMUSG00000049160,Tex50,0,0,0,0,0,0,0,0,0,1,0,0
ENSMUSG00000013275,Slc41a1,1085,1337,1318,1425,964,466,986,1285,1078,1086,810,719
ENSMUSG00000026288,Inpp5d,1841,1940,1246,1221,1237,467,1118,1316,1580,1432,1154,1151
ENSMUSG00000042182,Bend6,5,5,4,9,2,7,12,7,11,15,9,5
ENSMUSG00000104416,Gm37067,0,0,0,0,0,0,0,0,0,0,0,0
ENSMUSG00000102817,Gm6185,0,0,0,0,0,0,0,0,0,0,0,0
ENSMUSG00000010175,Prox1,0,0,0,0,0,0,0,0,1,0,0,0
ENSMUSG00000099404,Gm28172,0,0,0,0,0,0,0,0,0,0,0,0
ENSMUSG00000079045,Prox1os,0,0,0,0,0,0,0,0,0,0,0,0
ENSMUSG00000103644,Gm29678,0,0,0,0,0,0,0,0,0,0,0,0
ENSMUSG00000103510,Gm30725,0,0,0,0,0,0,0,0,0,0,0,0
ENSMUSG00000093064,Gm23153,0,0,2,0,0,7,0,0,0,0,0,0
ENSMUSG00002075368,#N/A,0,0,0,0,0,0,0,0,0,0,0,0
ENSMUSG00000103963,Gm30932,0,0,0,0,0,0,0,0,0,0,0,0
ENSMUSG00000026433,Rab29,85,91,70,63,97,36,72,81,81,94,94,89
ENSMUSG00000100026,Gm29105,0,0,0,0,0,0,0,0,1,0,0,1
ENSMUSG00000026434,Nucks1,5642,5804,5488,5165,6433,4552,5121,5874,6025,5301,6342,5732
ENSMUSG00000103569,Gm38067,23,16,19,10,9,10,8,24,21,23,12,19
ENSMUSG00000103975,Gm37676,0,0,0,0,1,0,0,0,1,0,0,0
ENSMUSG00000100037,Gm29103,0,0,0,0,0,0,0,0,0,0,0,0
ENSMUSG00000026701,Prdx6,2373,2794,2311,2457,2360,819,2679,2570,2539,2300,2168,2054
ENSMUSG00000104163,Gm19057,0,0,0,0,0,0,0,0,0,0,0,0
ENSMUSG00000038079,Tmem237,171,197,152,180,160,150,180,199,177,138,172,156
ENSMUSG00000026435,Slc45a3,38,32,19,22,10,6,15,15,25,17,5,3
ENSMUSG00000097573,G730003C15Rik,3,4,5,4,7,0,4,2,4,2,6,4
ENSMUSG00000026700,Tnfsf4,302,340,623,599,568,247,534,602,273,228,254,193
ENSMUSG00000026436,Elk4,1716,1781,1618,1455,1338,1044,1201,1653,1578,1616,1458,1352
ENSMUSG00000089872,Rps6kc1,706,744,499,599,430,168,411,522,638,577,420,412
ENSMUSG00000066755,Tnfsf18,0,0,0,0,0,3,0,0,0,0,0,0
ENSMUSG00002076072,#N/A,0,0,0,0,0,0,0,0,0,0,0,0
ENSMUSG00000102860,Gm37638,0,0,0,0,0,0,0,0,0,0,0,0
ENSMUSG00000040323,Gm15429,6,5,1,4,3,0,7,5,2,6,3,6
ENSMUSG00000102399,Gm5049,0,0,0,0,0,1,0,1,0,0,1,0
ENSMUSG00000000817,Fasl,834,915,870,846,933,594,793,895,980,867,673,620
ENSMUSG00000103625,Gm37357,2,0,3,0,0,2,1,2,2,5,0,0
ENSMUSG00000026634,Angel2,1344,1522,1141,1129,1184,693,1055,1163,1378,1223,1404,1274
ENSMUSG00000040297,Suco,1401,1477,1250,1300,1129,925,870,1297,1246,1333,1215,1031
ENSMUSG00000102254,Gm7496,0,0,0,0,0,0,0,0,0,0,0,0
ENSMUSG00000103158,Gm31925,0,0,0,0,0,0,0,0,0,0,0,0
ENSMUSG00000037568,Vash2,4,4,1,2,1,5,1,3,2,1,2,3
ENSMUSG00000104487,Gm31373,0,0,0,0,0,0,0,0,0,0,0,0
ENSMUSG00000103723,Gm37095,1,4,0,0,2,0,0,0,0,1,0,0
ENSMUSG00000103964,Gm8407,2,0,2,1,0,0,3,2,0,2,1,0
ENSMUSG00000086277,4930558K02Rik,2,2,1,0,0,0,0,0,0,1,1,2
ENSMUSG00000026698,Pigc,300,286,260,267,279,150,272,301,283,260,245,228
ENSMUSG00000103393,Gm38304,0,0,0,0,0,0,0,0,0,0,0,0
ENSMUSG00000066595,Flvcr1,2041,2258,1772,1707,1460,989,1345,1682,1996,1688,1651,1659
ENSMUSG00000097845,A230020J21Rik,2,4,2,4,1,1,0,2,8,1,3,2
ENSMUSG00000057072,Spata45,0,0,0,0,0,0,0,0,0,0,0,0
ENSMUSG00000059149,Mfsd4a,2,0,1,3,2,1,1,3,2,2,3,0
ENSMUSG00002075658,#N/A,0,0,0,0,0,0,0,0,0,0,0,0
ENSMUSG00000103966,Gm37120,0,0,0,0,0,1,0,0,0,0,1,1
ENSMUSG00000026437,Cdk18,5,5,3,0,7,6,0,3,5,2,5,2
ENSMUSG00000099874,Gm29629,0,0,0,0,0,0,0,0,0,0,0,0
ENSMUSG00000026289,Atg16l1,1834,1982,1542,1477,1383,693,1202,1517,1598,1395,1399,1421
ENSMUSG00000079550,Mpp4,1,2,5,3,2,3,4,2,3,1,3,4
ENSMUSG00000087968,Gm25395,3,2,5,4,0,1,4,5,4,6,2,4
ENSMUSG00000089281,Scarna6,2,4,2,2,5,3,0,3,2,1,2,0
ENSMUSG00000101586,Gm29017,0,0,0,1,0,0,0,0,0,0,0,0
ENSMUSG00000099563,Gm19125,0,0,0,0,0,0,0,0,0,1,1,0
ENSMUSG00000079330,Lemd1,0,0,0,0,0,0,0,0,0,0,0,0
ENSMUSG00000118219,Gm29695,0,0,0,0,0,0,0,0,0,0,0,0
ENSMUSG00000065435,Mir135b,0,0,0,0,0,0,0,0,0,0,0,0
ENSMUSG00000066936,Gm10188,0,0,0,0,0,0,0,0,0,0,0,0
ENSMUSG00000101549,Gm29630,0,0,0,0,0,0,0,0,0,0,0,0
ENSMUSG00000089808,Gm7241,0,1,0,0,0,0,0,0,0,1,1,0
ENSMUSG00000042115,Klhdc8a,0,0,0,0,1,0,0,0,0,0,0,0
ENSMUSG00000026632,Tatdn3,52,48,42,49,45,27,31,70,51,43,51,45
ENSMUSG00000040265,Dnm3,12,10,13,8,10,17,14,8,8,7,5,5
ENSMUSG00000062510,Nsl1,278,298,381,336,452,249,368,452,283,271,360,363
ENSMUSG00000090260,2810442N19Rik,0,0,0,0,0,0,0,0,0,0,0,2
ENSMUSG00000102994,Gm37767,0,0,0,0,0,0,0,0,0,0,0,0
ENSMUSG00000103576,Gm38188,0,0,0,1,1,2,0,0,0,0,2,1
ENSMUSG00000078190,Dnm3os,0,0,0,0,0,5,0,0,0,0,0,0
ENSMUSG00000070126,Mir199a-2,0,0,0,0,0,0,0,0,0,0,0,0
ENSMUSG00000065516,Mir214,0,0,0,0,0,0,0,0,0,0,0,0
ENSMUSG00000089933,Gm16101,0,0,0,0,0,0,0,0,0,0,0,0
ENSMUSG00000066752,Gm10176,0,0,1,0,0,0,0,0,0,0,0,0
ENSMUSG00000026630,Batf3,530,624,479,536,277,81,568,498,499,414,520,460
ENSMUSG00000009772,Nuak2,17,23,22,35,24,12,29,28,16,20,26,27
ENSMUSG00000102777,Gm38161,0,0,0,0,0,0,0,0,0,0,0,0
ENSMUSG00000100658,F730311O21Rik,2,6,6,3,14,8,6,3,5,7,18,8
ENSMUSG00000091017,Fam71a,0,0,0,1,0,0,0,0,0,0,0,0
ENSMUSG00000056055,Sag,23,24,17,22,21,6,18,21,20,20,12,16
ENSMUSG00000026628,Atf3,1019,1045,588,640,312,174,669,671,653,610,574,505
ENSMUSG00002076612,#N/A,0,0,0,0,0,0,0,0,0,0,0,0
ENSMUSG00000042066,Tmcc2,274,269,207,188,254,87,188,206,196,214,203,198
ENSMUSG00000026024,Als2,772,840,680,599,493,247,402,562,645,640,509,438
ENSMUSG00000073478,D730003I15Rik,4,3,13,7,19,8,7,13,9,11,17,13
ENSMUSG00000090079,Gm15849,0,0,0,0,0,0,0,0,0,0,0,0
ENSMUSG00000103685,Gm37074,2,0,0,0,1,0,0,0,1,0,2,1
ENSMUSG00000026694,Eef1aknmt,1813,1960,1430,1589,1391,606,1216,1414,1745,1612,1458,1422
ENSMUSG00000103174,Gm37168,0,0,0,0,0,0,0,0,0,0,0,0
ENSMUSG00000037499,Nenf,119,126,97,100,103,60,128,129,140,104,105,94
ENSMUSG00000026627,Pacc1,573,659,496,530,525,289,492,560,542,483,557,524
ENSMUSG00000070738,Dgkd,3644,4069,3396,3369,3007,1315,2426,3223,3222,3004,3050,2867
ENSMUSG00000101942,Gm19582,0,1,0,1,6,0,2,2,4,2,0,0
ENSMUSG00000103996,4833421G17Rik,0,2,0,0,5,1,0,0,1,0,1,2
ENSMUSG00000103591,Gm38365,8,3,7,6,9,12,3,10,6,8,2,10
ENSMUSG00000026023,Cdk15,0,1,1,0,0,1,0,2,2,1,0,0
ENSMUSG00000099922,Gm29016,0,0,0,0,0,0,0,0,0,0,0,0
ENSMUSG00000104502,Gm37737,0,0,0,0,1,0,0,0,0,0,0,0
ENSMUSG00000026626,Ppp2r5a,2030,2186,1785,1768,1964,1175,1543,1857,2142,1855,1946,1748
ENSMUSG00000041075,Fzd7,63,46,39,38,29,17,28,33,26,39,29,33
ENSMUSG00000042046,Dstyk,476,478,379,384,360,167,328,391,424,424,354,334
ENSMUSG00000097819,Gm26813,0,0,0,0,0,0,0,0,0,0,0,0
ENSMUSG00000103433,Gm2272,1,1,1,1,0,1,0,1,0,0,0,1
ENSMUSG00000097760,6030442K20Rik,18,12,12,12,18,8,12,9,19,23,14,18
ENSMUSG00000103114,Gm32200,0,0,1,1,1,10,0,0,0,0,0,0
ENSMUSG00000104341,Gm37688,0,2,2,0,0,0,2,0,1,2,0,0
ENSMUSG00000103517,Gm37432,0,0,0,0,0,0,0,0,0,0,0,0
ENSMUSG00000102246,9430037O13Rik,12,8,18,9,2,8,15,10,7,11,8,10
ENSMUSG00000047361,Gm973,0,1,0,0,0,2,0,0,0,0,0,0
ENSMUSG00000099811,Gm28411,0,0,0,0,0,0,0,0,0,0,0,0
ENSMUSG00000101409,1700122D07Rik,0,0,0,0,0,0,0,0,0,0,0,0
ENSMUSG00000026021,Sumo1,557,622,445,525,567,542,500,595,585,547,577,482
ENSMUSG00000026696,Vamp4,286,267,263,266,304,234,281,320,313,299,348,339
ENSMUSG00002075401,#N/A,0,0,0,0,0,0,0,0,0,0,0,0
ENSMUSG00000103821,D430013B06Rik,18,21,19,23,7,18,15,17,30,32,18,12
ENSMUSG00000091743,Gm5705,0,0,0,0,0,0,0,0,0,0,0,0
ENSMUSG00000101400,Gm29596,0,0,0,0,3,0,3,0,0,1,1,1
ENSMUSG00000026697,Myoc,0,0,0,0,0,1,0,0,0,0,0,0
ENSMUSG00000091060,Myocos,0,0,0,0,0,0,0,0,0,0,0,0
ENSMUSG00000037474,Dtl,1529,1559,1560,1581,1468,1059,1395,1791,1577,1438,1476,1431
ENSMUSG00000026439,Rbbp5,1519,1732,1334,1308,1348,798,1165,1391,1367,1281,1335,1205
ENSMUSG00000048174,Tmem81,131,142,164,145,124,79,112,144,109,112,109,113
ENSMUSG00000005501,Usp40,664,774,583,592,729,451,505,564,576,601,641,602
ENSMUSG00002075025,#N/A,0,0,0,0,0,0,0,0,0,0,0,0
ENSMUSG00000084021,Gm5832,0,0,0,0,0,1,0,1,1,0,0,0
ENSMUSG00000083478,Gm15375,0,0,0,0,0,0,1,0,0,0,0,0
ENSMUSG00000118514,AC087801.1,0,0,0,0,0,0,0,0,0,0,0,0
ENSMUSG00000026020,Nop58,13140,13855,10662,10752,12040,11696,10335,11325,13425,12492,13526,11933
ENSMUSG00000077345,Snord70,5,1,2,0,0,1,1,1,0,2,3,1
ENSMUSG00000077358,Gm26293,0,0,0,0,0,0,0,0,0,0,0,0
ENSMUSG00000089512,Gm26287,9,4,2,1,2,4,6,7,7,2,7,6
ENSMUSG00000089093,Snord11,2,0,0,0,1,0,1,1,0,0,1,0
ENSMUSG00000037461,Ints7,2229,2375,2007,1890,1840,927,1737,2090,2022,1984,2036,1832
ENSMUSG00000102970,Gm37349,0,1,5,1,1,3,3,7,4,3,2,0
ENSMUSG00000067336,Bmpr2,665,680,539,520,691,735,351,598,684,722,709,646
ENSMUSG00000104052,Gm38125,0,0,2,0,0,2,0,1,0,0,0,0
ENSMUSG00000103131,Gm37977,0,0,0,0,0,0,0,0,0,0,0,0
ENSMUSG00000090165,Ugt1a10,2,0,1,4,1,3,1,3,1,1,1,0
ENSMUSG00000092220,Gm20528,0,0,0,0,0,0,0,0,0,0,0,0
ENSMUSG00000118583,AC087801.2,1,0,0,0,0,0,0,0,0,0,0,0
ENSMUSG00000041040,Fam117b,1428,1440,1393,1226,1374,841,1112,1451,1523,1326,1285,1199
ENSMUSG00000103696,Gm37531,3,3,2,1,0,5,3,3,1,9,2,0
ENSMUSG00000100901,Gm18829,0,0,0,0,0,0,0,0,0,0,0,0
ENSMUSG00000053024,Cntn2,0,0,0,0,0,1,0,0,0,0,0,0
ENSMUSG00000090175,Ugt1a9,0,0,0,0,1,0,0,0,0,2,0,0
ENSMUSG00000089675,Ugt1a8,0,0,0,0,0,0,0,0,0,0,0,0
ENSMUSG00000026623,Lpgat1,3381,3380,2705,2665,2401,1850,2025,2826,3042,2648,2564,2490
ENSMUSG00000119660,#N/A,0,0,0,0,0,0,0,0,0,0,0,0
ENSMUSG00000064845,Gm26203,0,0,0,0,0,0,0,0,0,0,0,0
ENSMUSG00000102596,Gm20203,0,0,0,0,0,0,0,0,0,0,0,0
ENSMUSG00000102840,Gm38037,4,5,2,3,8,4,6,5,2,2,5,0
ENSMUSG00000026018,Ica1l,2,2,2,0,2,0,2,1,1,2,3,4
ENSMUSG00000026622,Nek2,420,417,435,401,741,469,519,588,459,394,600,607
ENSMUSG00000055833,1700034H15Rik,13,10,17,18,12,10,11,18,17,24,21,29
ENSMUSG00000037434,Slc30a1,452,506,415,460,352,220,372,440,449,420,291,318
ENSMUSG00000090124,Ugt1a7c,7,6,11,8,6,2,9,9,5,7,3,6
ENSMUSG00000082837,Gm15373,0,0,0,0,0,0,0,1,0,0,0,0
ENSMUSG00000090145,Ugt1a6b,0,0,2,0,0,0,0,0,0,0,0,0
ENSMUSG00000084195,Gm15372,0,0,0,0,0,1,0,0,1,0,0,0
ENSMUSG00000081261,Gm15370,0,0,0,0,0,0,0,0,0,0,0,0
ENSMUSG00000054545,Ugt1a6a,1,2,3,2,0,1,0,0,2,4,1,0
ENSMUSG00000081602,Gm15369,0,0,0,0,1,0,0,0,0,0,0,0
ENSMUSG00000082513,Gm15374,0,0,0,0,0,0,1,0,0,2,0,0
ENSMUSG00000082677,Gm15371,0,0,0,0,0,0,0,0,0,0,0,0
ENSMUSG00000089943,Ugt1a5,0,0,0,0,0,0,0,0,0,0,1,0
ENSMUSG00000118621,AC087801.3,0,0,0,0,0,0,0,0,0,0,0,0
ENSMUSG00000081488,Gm15368,0,0,0,0,0,0,0,0,0,0,0,1
ENSMUSG00000083277,Gm15376,0,0,1,0,0,0,0,0,0,0,0,0
ENSMUSG00000026019,Wdr12,2195,2603,2030,2048,2260,1538,1916,1981,2404,2118,2198,2063
ENSMUSG00000090171,Ugt1a2,0,0,0,0,0,0,0,0,0,0,0,0
ENSMUSG00000081984,Dnajb3,9,5,7,11,8,5,5,5,6,6,4,3
ENSMUSG00000089960,Ugt1a1,0,0,0,0,0,0,0,1,0,0,0,0
ENSMUSG00000079429,Mroh2a,0,0,0,2,0,0,0,0,3,0,0,1
ENSMUSG00000040225,Prrc2c,18016,17516,16021,14799,14204,16170,9576,17385,14840,15532,15744,13879
ENSMUSG00000044783,Hjurp,2147,2153,1991,1961,2518,1196,2050,2468,1842,1639,2049,1924
ENSMUSG00000098259,Gm27616,4,3,4,4,6,4,5,6,8,3,3,5
ENSMUSG00000026017,Carf,77,60,77,67,72,74,58,73,70,63,89,95
ENSMUSG00000082609,Gm15464,1,0,0,0,1,0,0,1,0,0,2,0
ENSMUSG00000026692,Fmo4,0,0,0,0,0,2,0,0,0,0,0,0
ENSMUSG00000037395,Rcor3,272,278,217,219,189,150,188,267,233,211,206,195
ENSMUSG00000102755,Gm37055,0,0,0,0,0,0,0,0,0,0,0,0
ENSMUSG00000097316,Gm10516,3,2,6,2,2,7,3,6,9,7,8,15
ENSMUSG00000040181,Fmo1,0,0,0,0,0,0,0,0,0,0,0,0
ENSMUSG00000036251,Trpm8,0,0,0,0,0,4,0,0,0,0,0,0
ENSMUSG00000085420,4930453O03Rik,0,0,0,0,0,0,0,0,0,0,0,0
ENSMUSG00000026442,Nfasc,0,0,3,1,6,10,7,4,0,0,7,0
ENSMUSG00000073664,Nbeal1,180,187,153,138,206,188,89,168,137,181,215,235
ENSMUSG00000101126,Gm10538,0,0,0,0,0,0,0,0,0,0,0,0
ENSMUSG00000100516,Gm29332,0,0,0,0,0,0,0,0,0,0,0,0
ENSMUSG00000088911,Gm22609,0,0,0,0,0,0,0,0,0,0,0,0
ENSMUSG00000026443,Lrrn2,0,0,0,0,0,0,0,0,0,0,0,0
ENSMUSG00002075842,#N/A,0,0,0,0,0,2,0,0,0,0,0,0
ENSMUSG00000102709,Gm38308,0,0,0,0,0,0,0,0,1,2,1,0
ENSMUSG00000026295,Spp2,0,0,0,0,0,0,0,0,0,0,0,0
ENSMUSG00000099553,Gm29538,0,0,0,0,0,1,0,0,0,0,0,0
ENSMUSG00000040170,Fmo2,0,0,0,0,0,0,0,0,0,0,0,0
ENSMUSG00000100908,Gm28888,0,0,0,0,0,0,0,0,0,0,0,0
ENSMUSG00000062310,Glrp1,25,31,31,36,12,21,19,18,15,14,19,14
ENSMUSG00000100798,Gm19589,0,0,0,0,0,0,0,0,0,0,0,0
ENSMUSG00000104057,Gm38130,0,0,0,0,0,0,0,0,0,0,0,0
ENSMUSG00000100367,Gm29336,0,0,1,1,0,0,2,0,0,1,0,0
ENSMUSG00000049439,Cyp20a1,655,707,596,683,643,440,603,682,680,597,585,559
ENSMUSG00000103822,6030460B20Rik,11,2,4,0,0,1,4,4,2,4,0,1
ENSMUSG00000049866,Arl4c,429,547,525,636,288,91,560,647,380,382,412,324
ENSMUSG00000101736,Gm29335,0,0,0,2,0,0,0,0,0,0,0,1
ENSMUSG00000097398,Platr5,0,0,0,1,0,0,0,0,0,0,0,0
ENSMUSG00000099848,Gm29337,0,0,0,0,0,0,0,0,0,0,0,0
ENSMUSG00000058248,Kcnh1,0,0,0,2,0,0,0,0,0,0,0,0
ENSMUSG00000101333,Gm4753,0,0,0,0,0,0,0,0,0,0,0,0
ENSMUSG00000099378,1700067G17Rik,0,1,0,0,0,0,0,0,0,0,0,0
ENSMUSG00000099544,Gm18699,0,0,0,0,0,0,0,1,0,0,0,0
ENSMUSG00000095576,Fmo6,0,0,0,0,1,0,0,0,0,0,1,0
ENSMUSG00000036206,Sh3bp4,66,68,58,81,62,18,63,87,34,50,28,14
ENSMUSG00000102700,Gm38312,1,0,0,1,0,3,0,0,0,0,0,1
ENSMUSG00000102083,Gm5259,0,0,1,2,0,0,1,0,0,1,0,2
ENSMUSG00000101288,Gm28342,0,0,0,0,0,0,0,0,0,0,0,0
ENSMUSG00000099938,C030007H22Rik,0,0,0,0,0,0,0,0,0,0,0,0
ENSMUSG00000026691,Fmo3,0,0,0,0,0,1,0,0,0,0,0,0
ENSMUSG00000103288,Gm37273,0,0,0,0,0,1,0,0,0,0,0,0
ENSMUSG00000026131,Dst,885,876,784,775,526,407,485,852,647,694,410,372
ENSMUSG00000071890,Mroh9,0,0,0,0,0,0,0,0,0,0,0,0
ENSMUSG00000077608,Gm22671,0,0,0,0,0,0,0,0,0,0,0,0
ENSMUSG00000103102,Gm37049,0,0,0,0,0,1,0,0,0,0,0,0
ENSMUSG00000089174,Gm22434,0,0,0,0,0,0,0,0,0,0,0,0
ENSMUSG00000037375,Hhat,63,48,39,44,52,37,53,48,51,62,76,46
ENSMUSG00000119403,#N/A,0,0,0,0,0,0,0,0,0,0,0,0
ENSMUSG00000103596,Gm37354,1,0,0,0,1,4,0,0,0,0,0,0
ENSMUSG00000103874,Gm38360,0,0,0,0,0,0,0,0,0,0,0,0
ENSMUSG00000099382,Gm28631,0,0,0,0,0,0,0,0,0,0,0,0
ENSMUSG00000084506,Gm23792,0,0,0,0,0,0,0,0,0,0,0,0
ENSMUSG00000103364,Gm38157,0,0,0,0,0,1,0,1,0,2,0,0
ENSMUSG00000047384,A730013G03Rik,0,0,0,0,0,0,0,0,0,0,0,0
ENSMUSG00000105982,Mir6896,0,0,0,0,0,0,0,0,0,0,0,0
ENSMUSG00000100872,1700065J18Rik,0,0,0,0,0,0,0,0,0,0,0,0
ENSMUSG00000096992,Gm26788,0,0,1,1,1,0,0,2,1,0,1,1
ENSMUSG00000055013,Agap1,14,10,3,6,7,15,5,4,5,10,9,6
ENSMUSG00000103001,A930005N03Rik,0,0,0,0,0,0,0,1,0,0,1,0
ENSMUSG00000104397,Gm37958,0,0,0,0,0,0,0,0,0,0,0,0
ENSMUSG00000104114,Gm37297,0,0,0,0,0,0,0,0,0,0,0,0
ENSMUSG00000102839,Gm37385,0,0,0,0,0,0,0,0,0,0,0,0
ENSMUSG00002075930,#N/A,0,0,0,0,0,0,0,0,0,0,0,0
ENSMUSG00000101206,Gm5266,0,4,1,0,0,0,0,1,1,0,0,0
ENSMUSG00000101662,Gm28499,0,0,0,0,0,0,0,0,0,0,0,0
ENSMUSG00000101462,Gm3052,3,3,7,4,4,2,3,2,3,7,0,5
ENSMUSG00000102336,Gm37233,29,30,45,35,30,16,9,25,30,56,43,32
ENSMUSG00000092852,Mir5103,0,0,0,0,0,0,0,0,0,0,0,0
ENSMUSG00000102009,4933400F21Rik,0,0,0,0,0,0,0,0,0,0,0,0
ENSMUSG00002076983,#N/A,0,0,0,0,0,0,0,0,0,0,0,0
ENSMUSG00000103252,Gm37521,0,0,0,0,0,0,0,0,0,0,0,0
ENSMUSG00000026586,Prrx1,2,1,0,0,0,6,1,0,0,1,2,1
ENSMUSG00000042111,Ccdc115,1238,1370,889,1008,690,541,870,970,1058,950,826,729
ENSMUSG00000092188,Gm20471,0,0,0,0,0,0,0,0,0,0,0,0
ENSMUSG00000101711,Gm28306,1,1,0,0,0,0,0,0,1,1,0,0
ENSMUSG00000034486,Gbx2,0,0,0,0,0,0,0,0,0,0,0,0
ENSMUSG00000103195,Gm37644,0,0,0,0,0,0,0,1,0,0,0,0
ENSMUSG00000092627,D130058E05Rik,1,1,0,0,0,0,0,0,0,0,0,0
ENSMUSG00000016262,Sertad4,2,0,0,0,0,0,2,0,0,0,0,0
ENSMUSG00000089812,Gm15867,0,0,0,0,0,0,0,0,0,0,0,0
ENSMUSG00000102162,Gm2367,0,3,1,0,1,0,3,1,1,3,2,0
ENSMUSG00000040124,Gorab,173,184,147,164,170,111,138,169,170,162,150,167
ENSMUSG00000088951,Gm24940,0,0,0,0,0,0,0,0,0,0,0,0
ENSMUSG00000101869,Gm29500,0,0,0,0,0,0,0,0,0,0,0,0
ENSMUSG00000102117,Rpsa-ps1,19,33,13,21,21,2,22,12,30,13,11,14
ENSMUSG00000040113,Mettl11b,0,0,0,0,0,0,0,0,0,0,0,0
ENSMUSG00000089700,Gm2343,0,0,0,0,0,0,0,0,0,0,0,0
ENSMUSG00000067081,Asb18,0,0,0,0,0,0,0,0,0,0,0,0
ENSMUSG00000026782,Abi2,1137,1163,884,940,856,561,706,894,1002,986,854,634
ENSMUSG00000054387,Mdm4,1843,1887,1840,1728,1800,1110,1166,1487,1838,1672,1884,1941
ENSMUSG00000100228,Gm29257,12,12,16,16,6,0,6,6,7,4,10,4
ENSMUSG00000016200,Syt14,19,8,10,13,9,2,11,13,14,7,12,5
ENSMUSG00002076180,#N/A,0,0,1,0,0,0,0,0,0,0,0,0
ENSMUSG00000103640,Gm31406,0,0,0,0,0,1,0,0,0,1,0,0
ENSMUSG00000102442,Gm37103,0,0,0,0,0,0,0,0,0,0,0,0
ENSMUSG00000026127,Imp4,5030,5482,4009,4260,3790,2199,3818,4230,4727,4310,3856,3769
ENSMUSG00000026301,Iqca,0,0,0,0,0,0,0,0,0,0,0,0
ENSMUSG00000100850,4930434B07Rik,0,0,0,0,0,0,0,0,0,0,0,0
ENSMUSG00000044337,Ackr3,0,0,0,0,0,0,0,0,0,0,0,0
ENSMUSG00000104087,Gm38277,0,0,0,0,0,0,0,0,0,0,0,0
ENSMUSG00000026014,Raph1,1806,1806,1530,1502,1084,1017,1104,1567,1156,1125,1309,1160
ENSMUSG00000101951,Gm28721,0,0,0,0,0,0,0,0,0,0,0,0
ENSMUSG00000101028,Gm28723,0,0,0,0,0,0,0,0,0,0,0,0
ENSMUSG00000081562,Gm11575,2,1,0,1,0,3,0,1,2,3,0,0
ENSMUSG00000084400,Gm11576,0,0,0,0,0,0,0,0,0,0,0,0
ENSMUSG00002075783,#N/A,0,0,0,0,0,0,0,0,0,0,0,0
ENSMUSG00000026447,Pik3c2b,128,169,99,101,99,61,79,117,105,119,131,126
ENSMUSG00000082160,Gm11578,0,0,0,0,0,0,0,0,0,0,0,0
ENSMUSG00000103215,Gm38388,0,0,0,0,0,0,0,0,0,0,0,0
ENSMUSG00000101997,Gm28722,0,0,0,0,0,0,0,0,0,0,0,0
ENSMUSG00002075076,#N/A,0,0,0,0,0,0,0,0,0,0,0,0
ENSMUSG00000103292,Gm35048,0,0,0,0,0,0,0,0,0,0,0,0
ENSMUSG00000084151,Gm11577,0,0,0,0,0,0,0,0,0,0,0,0
ENSMUSG00000101188,Eif4a-ps4,169,214,123,135,169,97,146,160,144,134,203,131
ENSMUSG00000101102,Gm28609,0,0,0,0,0,0,0,0,0,0,0,0
ENSMUSG00000102425,Gm26616,21,19,18,15,20,15,8,17,14,11,7,12
ENSMUSG00000026126,Ptpn18,836,1168,871,1027,923,526,1054,1041,1131,1039,897,963
ENSMUSG00000046062,Ppp1r15b,5366,5641,4522,4547,4121,1992,3232,4315,4589,4325,3661,3691
ENSMUSG00000026012,Cd28,4679,4862,3701,3588,3010,2240,3675,4162,4053,3932,4695,4240
ENSMUSG00000100280,Gm28417,17,19,25,22,30,10,24,23,50,21,30,36
ENSMUSG00000086795,Gm11579,3,3,2,4,4,3,4,5,8,6,13,10
ENSMUSG00000101223,4930568A12Rik,2,4,2,0,4,0,1,4,4,1,2,2
ENSMUSG00000085965,2310016D23Rik,8,7,3,3,3,0,1,2,4,1,6,3
ENSMUSG00000104069,Gm37198,21,15,14,15,12,5,20,23,13,25,21,22
ENSMUSG00000083118,Gm11609,0,1,2,1,1,0,2,0,1,1,1,0
ENSMUSG00000083355,Gm11581,0,2,0,1,0,0,2,1,2,3,1,0
ENSMUSG00000102549,Gm38137,1,1,2,0,1,2,0,3,2,0,1,0
ENSMUSG00000026585,Kifap3,102,102,66,81,56,67,68,85,59,71,74,64
ENSMUSG00000034432,Cops8,2144,2452,1847,2008,1927,674,1958,1785,2082,1846,1745,1693
ENSMUSG00000026125,Prss39,1,0,0,0,1,0,0,0,0,0,0,0
ENSMUSG00000101116,Gm28416,0,0,0,0,0,0,0,0,0,0,0,0
ENSMUSG00000056128,Gm9991,1,0,0,0,0,0,0,0,0,0,0,0
ENSMUSG00000026124,Cfc1,0,0,0,0,0,0,0,0,0,0,0,0
ENSMUSG00000101803,Gm28419,0,0,0,0,0,0,0,0,0,0,0,0
ENSMUSG00000026011,Ctla4,1412,1634,1875,2153,1117,706,1836,1939,1285,1313,1492,1368
ENSMUSG00000081382,Rpl18-ps1,16,30,22,22,16,5,18,16,19,20,17,15
ENSMUSG00000080800,Gm11582,0,1,0,1,0,1,0,0,0,0,0,0
ENSMUSG00000037529,Prss40,0,0,0,0,0,0,0,0,0,0,0,0
ENSMUSG00000045815,1700101I19Rik,0,0,0,0,0,0,0,0,0,0,0,0
ENSMUSG00000045174,Amer3,0,0,1,0,0,0,0,0,0,0,0,0
ENSMUSG00000100524,Gm28418,0,0,0,0,0,0,0,0,0,0,0,0
ENSMUSG00000102499,Gm36984,0,0,0,0,0,0,0,0,0,0,0,0
ENSMUSG00000103521,Gm29730,0,0,0,0,0,0,0,0,0,0,0,0
ENSMUSG00000104098,AA619741,0,0,0,0,0,0,0,0,0,0,0,0
ENSMUSG00000026009,Icos,3338,3884,3189,3394,2733,1725,3411,3542,3994,3559,4338,3716
ENSMUSG00000102561,Gm37039,47,28,36,37,11,12,13,37,48,50,33,32
ENSMUSG00000082804,Rpl17-ps1,4,4,4,4,6,0,8,7,8,4,4,2
ENSMUSG00000082661,Gm11590,0,0,0,0,0,1,0,0,0,0,0,0
ENSMUSG00000080785,Gm11591,0,0,0,0,0,1,0,0,0,0,0,0
ENSMUSG00000100893,Gm28083,0,0,0,0,0,0,0,0,0,0,0,0
ENSMUSG00000085248,Gm11587,0,0,0,0,0,0,0,0,0,0,0,0
ENSMUSG00000085447,9530026F06Rik,0,0,0,0,0,1,0,0,0,0,0,0
ENSMUSG00000086408,Gm11588,0,0,0,0,0,0,0,0,0,0,0,0
ENSMUSG00002075578,#N/A,0,0,0,0,0,0,0,0,0,0,0,0
ENSMUSG00000100965,Gm28449,0,0,0,0,0,0,0,0,0,0,0,0
ENSMUSG00000102168,Gm36943,0,0,0,0,0,0,0,0,0,0,0,0
ENSMUSG00000100381,Gm28094,0,0,0,0,0,0,0,0,0,0,0,0
ENSMUSG00000086009,4930587A21Rik,0,0,0,0,0,0,0,0,0,0,0,0
ENSMUSG00000026584,Scyl3,1490,1634,1208,1254,1037,566,1043,1247,1392,1301,1185,1108
ENSMUSG00000052062,Pard3b,2,2,6,8,7,0,5,6,5,4,6,3
ENSMUSG00000103656,Gm37205,1,0,0,0,0,1,0,0,0,0,0,0
ENSMUSG00000104402,Gm38012,0,0,0,0,0,1,1,0,0,0,1,0
ENSMUSG00000104081,Gm38278,0,0,0,0,0,0,0,0,0,1,0,0
ENSMUSG00000085842,Pard3bos1,0,1,0,0,0,0,0,0,0,0,0,0
ENSMUSG00000103002,Gm38075,0,0,0,0,0,0,0,0,0,0,1,0
ENSMUSG00000100344,Gm29640,0,0,0,0,0,0,0,0,0,0,0,0
ENSMUSG00000101509,Gm29641,0,0,0,0,0,0,0,0,0,0,0,0
ENSMUSG00000085019,Pard3bos2,0,0,0,0,0,0,0,0,0,0,0,0
ENSMUSG00000102359,Gm38351,0,0,0,0,0,0,0,0,0,0,0,0
ENSMUSG00000085400,Pard3bos3,0,0,0,0,0,0,0,0,0,0,0,0
ENSMUSG00000100750,Gm29084,0,1,0,0,0,0,0,0,1,0,0,0
ENSMUSG00000081950,Gm11600,0,0,0,0,0,0,0,0,0,0,0,0
ENSMUSG00000084333,Gm11599,0,11,4,10,2,0,3,5,5,1,4,1
ENSMUSG00000048126,Col6a3,1,0,0,0,2,0,1,0,2,0,0,0
ENSMUSG00000037509,Arhgef4,269,296,228,247,163,77,210,241,236,256,149,173
ENSMUSG00000103061,Gm36970,0,0,0,0,0,0,0,0,0,0,0,0
ENSMUSG00000103978,4930474B08Rik,0,0,0,0,0,0,0,0,0,0,0,0
ENSMUSG00000102537,Gm37224,0,0,0,0,0,0,0,0,0,0,0,0
ENSMUSG00000102612,Gm37845,0,0,0,0,0,0,0,0,0,0,0,0
ENSMUSG00000118272,Arhgef4,0,0,0,0,0,0,0,0,0,0,0,0
ENSMUSG00000104002,Gm38336,9,4,8,8,12,6,5,10,9,7,7,15
ENSMUSG00000026303,Mlph,0,0,0,0,0,0,0,0,0,0,0,0
ENSMUSG00000090550,Prlh,0,0,0,0,0,0,0,0,0,0,0,0
ENSMUSG00000041757,Plekha6,1,3,4,3,2,3,2,1,1,2,0,1
ENSMUSG00000026304,Rab17,3,0,2,0,1,0,1,0,0,3,1,0
ENSMUSG00000100791,Gm28199,0,0,0,0,0,0,0,0,0,0,0,0
ENSMUSG00000041406,BC055324,169,206,238,236,386,212,252,275,187,157,298,291
ENSMUSG00000041396,Mettl18,145,155,127,129,139,82,131,136,147,123,145,143
ENSMUSG00000103960,Gm37119,0,0,0,0,0,0,0,0,0,0,0,0
ENSMUSG00000037503,Fam168b,3863,3814,3079,3037,2925,1520,2504,3047,3495,3242,3225,3066
ENSMUSG00000026639,Lamb3,155,165,112,119,98,45,101,114,131,81,127,115
ENSMUSG00000104358,Gm37127,0,0,0,0,0,0,0,0,0,2,0,0
ENSMUSG00000026582,Sele,0,1,0,2,1,0,0,1,0,0,1,0
ENSMUSG00000026123,Plekhb2,1823,2026,1386,1350,1136,526,1059,1222,1525,1324,1193,1045
ENSMUSG00000103716,Gm19430,1,0,0,0,0,0,0,0,0,0,1,0
ENSMUSG00000103548,Gm37670,0,0,0,0,0,0,0,0,1,0,0,0
ENSMUSG00000103760,Gm8009,1,0,0,0,0,0,0,0,0,0,0,0
ENSMUSG00000026581,Sell,1712,2069,3015,3441,3352,2751,2953,3703,1845,1914,2386,2074
ENSMUSG00000103997,Gm38027,0,0,0,0,0,0,0,0,0,0,0,0
ENSMUSG00000077231,Gm25096,0,0,0,0,0,0,0,0,0,0,0,0
ENSMUSG00000104417,Gm37068,0,0,0,0,0,0,0,0,0,0,0,0
ENSMUSG00000064601,Gm25634,0,0,0,0,0,0,0,0,0,0,0,0
ENSMUSG00000101714,Gm28415,0,0,0,0,0,0,0,0,0,0,0,0
ENSMUSG00000016194,Hsd11b1,136,178,155,159,178,76,121,125,171,132,154,129
ENSMUSG00000102531,1110002O04Rik,0,0,0,0,0,0,0,0,0,0,0,0
ENSMUSG00000103089,Gm38118,0,0,0,0,0,0,0,0,1,0,1,0
ENSMUSG00000103096,Gm8022,0,0,0,0,0,0,0,0,0,0,0,0
ENSMUSG00000102279,Gm37146,0,0,0,0,0,0,0,0,0,0,0,0
ENSMUSG00000009633,G0s2,0,0,0,0,1,0,0,0,0,1,0,0
ENSMUSG00000103708,Gm33222,0,0,0,0,0,0,0,0,0,0,0,0
ENSMUSG00000104348,Gm37691,78,103,90,101,105,91,88,120,83,88,96,73
ENSMUSG00000104201,4930535G08Rik,0,0,0,0,0,0,0,0,0,0,0,0
ENSMUSG00000102434,Gm38049,0,0,0,0,0,0,0,0,0,0,0,0
ENSMUSG00000103736,Gm37650,0,0,0,0,0,0,0,0,0,0,0,0
ENSMUSG00000045216,Hs6st1,894,965,657,711,705,377,632,903,858,766,813,729
ENSMUSG00000064814,Gm23939,0,0,0,0,0,0,0,0,0,0,0,0
ENSMUSG00000104523,Gm37335,0,0,0,0,0,0,0,0,0,0,0,0
ENSMUSG00000102202,Gm33280,2,2,1,0,0,0,0,0,0,0,0,0
ENSMUSG00000026580,Selp,29,29,47,35,69,30,51,35,26,12,45,45
ENSMUSG00000090081,Gm16587,0,0,0,0,0,5,0,0,2,0,0,0
ENSMUSG00000086593,Gm16548,0,0,0,0,1,8,0,0,1,0,3,0
ENSMUSG00000090553,Snrpe,972,1271,1036,1068,1213,630,1293,1082,1101,989,1035,983
ENSMUSG00000016179,Camk1g,0,0,0,0,0,0,0,0,0,0,0,0
ENSMUSG00000103895,Gm37942,0,0,0,0,0,0,0,0,0,0,0,0
ENSMUSG00000102648,Gm38022,0,2,1,0,2,1,3,0,0,0,0,2
ENSMUSG00000102981,Gm38322,0,0,0,0,0,0,0,0,0,0,0,0
ENSMUSG00000097850,Mir205hg,0,0,0,0,0,0,0,0,0,1,0,0
ENSMUSG00000065533,Mir205,0,0,0,0,0,0,0,0,0,0,0,0
ENSMUSG00000104182,Gm21362,1,1,0,0,0,0,0,0,0,1,0,0
ENSMUSG00000103692,4930503O07Rik,0,0,0,0,0,0,0,0,0,0,0,0
ENSMUSG00000026579,F5,0,0,1,0,1,2,0,0,1,0,0,1
ENSMUSG00000089790,Gm16588,0,0,0,0,0,0,0,0,0,0,0,0
ENSMUSG00000040918,Slc19a2,1050,1211,996,986,980,409,914,1002,945,833,853,795
ENSMUSG00000102976,Zc3h11a,318,262,233,217,185,236,136,254,280,267,304,260
ENSMUSG00000116275,Zc3h11a,0,0,0,0,0,0,0,0,0,0,0,0
ENSMUSG00000037470,Uggt1,5238,5310,4271,4180,4294,2714,2994,4343,4675,4272,4541,4216
ENSMUSG00000026640,Plxna2,0,0,0,0,0,0,0,0,0,0,2,0
ENSMUSG00000026578,Ccdc181,60,53,56,46,71,79,64,67,73,41,83,68
ENSMUSG00000098752,Mir6897,1,0,1,0,0,0,0,0,0,0,0,0
ENSMUSG00000102523,Gm37783,0,0,0,0,0,0,0,0,0,0,0,0
ENSMUSG00000102621,Gm37674,0,0,0,0,0,0,0,0,0,0,0,0
ENSMUSG00000102841,Gm38036,0,0,0,0,0,1,0,0,0,0,0,0
ENSMUSG00000103776,2900035J10Rik,0,0,0,0,0,0,0,0,0,0,0,0
ENSMUSG00000047180,Neurl3,128,122,164,177,96,34,187,151,124,105,108,122
ENSMUSG00000103597,Gm19777,0,0,0,0,0,0,0,0,0,0,0,0
ENSMUSG00000092633,Mir3962,0,0,0,0,0,0,0,0,0,0,0,0
ENSMUSG00002075163,#N/A,0,0,0,0,0,0,0,0,0,0,0,0
ENSMUSG00000094410,Gm38394,1293,1356,1274,1099,1030,681,482,1205,1123,1095,1016,966
ENSMUSG00000051998,Lax1,239,296,135,168,206,124,145,176,305,252,232,218
ENSMUSG00000026577,Blzf1,793,868,662,662,695,575,577,742,770,659,693,605
ENSMUSG00000026305,Lrrfip1,3897,4547,3062,3291,2070,1714,2312,3382,3501,3509,2616,2326
ENSMUSG00000016494,Cd34,0,0,2,0,0,0,0,0,0,0,0,0
ENSMUSG00000097325,Gm16897,0,0,0,0,0,0,0,0,0,3,0,2
ENSMUSG00000096929,A330023F24Rik,23,12,23,24,29,19,24,35,24,33,52,42
ENSMUSG00000104206,Gm32250,0,0,0,0,0,0,0,0,0,0,0,0
ENSMUSG00000104525,Gm37334,3,1,3,0,0,1,2,1,4,7,2,2
ENSMUSG00000103867,9630010A21Rik,4,1,5,2,1,0,2,1,2,1,8,4
ENSMUSG00000104077,Gm37027,0,0,0,0,0,0,0,0,0,0,0,0
ENSMUSG00000070732,Rbm44,28,19,6,9,34,20,18,9,14,5,29,13
ENSMUSG00000100018,Gm7776,13,13,10,8,16,3,9,23,17,11,15,8
ENSMUSG00000034353,Ramp1,48,82,48,50,57,13,83,83,51,50,30,45
ENSMUSG00000026575,Nme7,104,127,91,91,99,72,122,123,109,70,117,101
ENSMUSG00000103493,Gm37411,0,0,1,4,1,0,0,1,1,3,2,3
ENSMUSG00000016493,Cd46,10,5,10,6,15,12,9,10,6,6,11,8
ENSMUSG00000065412,Mir29b-2,0,0,0,0,0,0,0,0,0,0,0,0
ENSMUSG00000065548,Mir29c,0,0,0,0,0,0,0,0,0,0,0,0
ENSMUSG00000104010,Gm37366,0,0,2,0,1,3,0,0,0,0,1,0
ENSMUSG00000103443,Gm37132,0,1,0,0,1,1,0,0,0,0,0,2
ENSMUSG00000026576,Atp1b1,365,309,328,288,250,142,250,287,341,370,184,215
ENSMUSG00000104011,Gm32391,0,0,0,0,0,0,0,0,0,0,0,0
ENSMUSG00000103226,Gm37732,0,0,0,0,0,0,0,0,0,0,0,0
ENSMUSG00000097281,Gm26685,0,0,0,0,0,0,0,0,0,0,0,0
ENSMUSG00000102389,D630023O14Rik,0,1,1,0,1,2,1,0,0,0,1,0
ENSMUSG00000103383,Gm37754,1,0,0,0,0,0,0,0,0,0,0,0
ENSMUSG00000102897,Gm37853,0,0,0,0,0,0,0,0,0,0,0,0
ENSMUSG00000102761,Gm37184,0,0,0,0,0,0,0,0,0,0,0,0
ENSMUSG00000025969,Nrp2,42,58,56,44,57,48,35,62,44,35,37,38
ENSMUSG00000102163,Gm36945,0,0,0,0,0,1,0,0,0,0,0,0
ENSMUSG00000100811,Gm29083,0,0,0,0,0,0,0,0,0,0,0,0
ENSMUSG00000026574,Dpt,0,0,0,0,0,0,0,0,0,0,0,0
ENSMUSG00000103032,Gm37121,0,0,0,0,0,0,0,0,0,0,0,0
ENSMUSG00000100426,Gm4208,0,1,3,0,4,2,2,1,0,0,1,1
ENSMUSG00000103659,Gm32569,0,0,1,0,1,1,0,0,0,0,0,1
ENSMUSG00000104117,Gm20743,12,10,2,6,9,3,4,2,17,12,3,7
ENSMUSG00000103320,Gm37403,0,0,0,1,1,1,0,0,0,0,0,1
ENSMUSG00000026573,Xcl1,37567,39180,33883,34114,26571,22920,19993,18897,36074,28941,26244,23077
ENSMUSG00000101189,1700029M03Rik,0,0,0,0,0,0,0,0,0,0,0,0
ENSMUSG00002075650,#N/A,0,0,0,0,0,0,0,0,0,0,0,0
ENSMUSG00000102408,4930568G15Rik,0,0,1,1,0,1,0,0,1,2,0,0
ENSMUSG00000034343,Ube2f,1202,1544,1041,1162,1131,747,1076,1086,1278,1093,1020,887
ENSMUSG00000083064,Gm7785,24,17,12,13,9,6,8,17,15,17,13,12
ENSMUSG00000026572,Tbx19,0,0,1,0,2,0,0,0,0,0,1,0
ENSMUSG00000089967,Gm16550,0,0,0,0,0,0,0,0,0,0,0,0
ENSMUSG00000037447,Arid5a,1122,1253,1084,1212,728,249,967,1087,968,969,1145,1029
ENSMUSG00000102762,4930403P22Rik,0,0,0,0,0,0,1,0,0,0,0,0
ENSMUSG00000016481,Cr1l,986,1226,821,799,947,751,844,876,999,934,1006,928
ENSMUSG00000040848,Sft2d2,511,521,537,577,483,186,478,537,488,431,441,461
ENSMUSG00000040843,Tiprl,880,1057,831,822,917,557,870,865,918,884,779,808
ENSMUSG00000102302,Gm38190,46,46,50,36,69,73,22,47,53,39,79,78
ENSMUSG00000040836,Gpr161,13,12,9,7,18,11,17,25,15,12,13,18
ENSMUSG00000026307,Scly,324,347,256,268,260,140,253,301,308,277,295,289
ENSMUSG00000090322,Gm17090,0,2,1,1,0,0,2,4,1,3,0,0
ENSMUSG00000040865,Ino80d,2440,2468,2557,2306,2022,1384,1479,2493,2064,2135,2146,1945
ENSMUSG00000104991,Gm44468,0,0,0,0,0,0,0,0,0,0,0,0
ENSMUSG00000088953,Gm24942,0,0,0,0,0,0,0,0,0,0,0,0
ENSMUSG00000081617,Rps13-ps7,0,0,0,0,0,0,0,0,0,0,0,0
ENSMUSG00000081429,Rps27-ps1,0,0,0,0,0,0,0,0,2,0,0,0
ENSMUSG00000084799,Ino80dos,6,9,8,9,7,16,8,14,7,6,15,17
ENSMUSG00000101599,Gm20342,40,41,24,19,39,34,28,33,26,32,49,51
ENSMUSG00000049515,Espnl,35,28,26,22,34,11,10,21,27,26,19,34
ENSMUSG00000026571,Dcaf6,316,360,261,272,202,187,228,267,273,269,287,214
ENSMUSG00000104427,Gm38368,0,0,0,0,0,0,0,0,0,0,0,0
ENSMUSG00000089299,Gm24637,0,0,0,0,0,0,0,0,0,0,0,0
ENSMUSG00000102401,Gm37864,2,2,1,1,1,1,2,2,0,2,1,3
ENSMUSG00000026308,Klhl30,1,0,1,3,2,0,1,0,2,1,2,1
ENSMUSG00000026616,Cr2,0,0,0,1,1,0,0,0,0,0,0,0
ENSMUSG00000026568,Mpc2,275,356,235,264,303,110,294,262,307,276,265,262
ENSMUSG00000103763,Gm37860,3,4,2,8,3,3,1,3,7,3,2,2
ENSMUSG00000102236,Gm37887,0,0,0,0,0,0,0,0,0,0,0,0
ENSMUSG00002076810,#N/A,0,0,0,0,0,0,0,0,0,0,0,0
ENSMUSG00002075165,#N/A,0,0,0,0,0,0,0,0,0,0,0,0
ENSMUSG00000104297,Gm38046,0,0,0,0,0,0,0,0,0,0,0,0
ENSMUSG00000102307,Gm38194,0,0,0,0,0,0,0,0,0,0,0,0
ENSMUSG00000047443,Erfe,46,33,32,24,62,21,28,33,32,25,49,43
ENSMUSG00000026463,Atp2b4,900,1088,1173,1261,605,354,873,1486,670,737,402,375
ENSMUSG00000010453,Kansl3,1925,2072,1713,1831,1687,788,1466,1817,1711,1650,1665,1561
ENSMUSG00000098606,Mir6903,0,0,0,0,0,0,0,0,0,0,0,0
ENSMUSG00000102509,Gm37368,1,0,0,0,3,0,1,0,0,0,0,0
ENSMUSG00000103166,Gm10537,0,0,0,2,1,0,0,0,0,0,0,1
ENSMUSG00000098680,Mir6898,1,0,0,0,0,0,0,0,0,0,0,0
ENSMUSG00000100830,Gm28441,0,1,0,1,0,0,0,0,0,0,1,0
ENSMUSG00000010311,Optc,0,0,0,0,0,0,0,0,0,0,0,0
ENSMUSG00000090208,Gm15851,0,0,0,0,0,0,0,0,0,0,0,0
ENSMUSG00000037432,Fer1l5,0,1,0,1,0,2,0,1,0,0,0,0
ENSMUSG00000041577,Prelp,0,0,0,0,0,0,0,0,0,0,0,0
ENSMUSG00000100987,Gm1627,0,0,0,0,0,0,0,0,0,0,0,0
ENSMUSG00000099507,Gm18970,0,0,0,0,0,0,0,0,0,0,0,0
ENSMUSG00000041559,Fmod,0,0,0,0,0,0,0,0,0,0,0,0
ENSMUSG00000020423,Btg2,727,778,858,804,944,382,734,779,732,687,674,628
ENSMUSG00000102380,Gm38140,0,0,0,0,0,0,0,0,1,0,0,0
ENSMUSG00000026309,Ilkap,1272,1416,1201,1196,1250,677,1272,1296,1343,1179,1369,1201
ENSMUSG00000073559,Gm8618,2,4,1,5,1,0,6,2,2,1,3,2
ENSMUSG00000100253,1700020N18Rik,1,1,0,0,1,0,1,0,0,0,0,1
ENSMUSG00000067071,Hes6,193,188,179,196,171,43,175,161,216,140,207,147
ENSMUSG00000026450,Chit1,27,25,8,14,11,1,9,9,14,11,5,5
ENSMUSG00000001143,Lman2l,114,182,115,86,155,70,145,135,121,130,205,170
ENSMUSG00000037408,Cnnm4,445,494,419,382,472,253,340,438,423,401,440,380
ENSMUSG00000104316,Gm37909,7,3,6,5,4,5,6,5,1,4,9,7
ENSMUSG00002075980,#N/A,0,0,0,0,0,0,0,0,0,0,0,0
ENSMUSG00000055866,Per2,758,708,535,475,346,232,276,412,586,590,508,473
ENSMUSG00000025968,Ndufs1,1918,2195,1599,1753,1688,1187,1605,1728,1864,1713,1856,1656
ENSMUSG00000101911,Gm28381,0,0,0,0,0,0,0,0,0,0,0,0
ENSMUSG00000100151,Gm28382,0,0,0,0,0,0,0,0,0,0,0,0
ENSMUSG00000101958,Gm19085,0,0,0,0,0,1,0,0,0,1,1,1
ENSMUSG00002076280,#N/A,0,0,0,0,0,0,0,0,0,0,0,0
ENSMUSG00000034292,Traf3ip1,416,375,298,288,320,246,282,334,385,315,352,332
ENSMUSG00000001138,Cnnm3,1006,1063,937,996,1092,462,990,1017,1053,945,935,920
ENSMUSG00000025967,Eef1b2,15981,20213,14505,16112,16460,8136,15896,14790,17212,14790,14205,13782
ENSMUSG00002076939,#N/A,0,0,0,0,0,0,0,0,0,0,0,0
ENSMUSG00000064612,Gm26457,22,9,14,8,8,7,7,13,19,22,18,19
ENSMUSG00000102845,Gm38033,0,0,0,1,2,0,0,1,0,0,0,0
ENSMUSG00002074855,#N/A,0,0,0,0,0,0,0,0,0,0,0,0
ENSMUSG00000064602,Snora41,54,73,45,58,52,21,51,46,54,41,60,42
ENSMUSG00000064246,Chil1,0,0,0,0,0,0,0,0,0,0,0,0
ENSMUSG00000046856,Gpr1,0,0,0,0,0,0,0,0,0,0,0,0
ENSMUSG00002075004,#N/A,0,0,0,0,0,0,0,0,0,0,0,0
ENSMUSG00000086730,Platr12,0,0,0,0,0,0,0,0,0,0,0,0
ENSMUSG00000102536,1700039I01Rik,0,0,0,0,0,0,0,0,0,0,0,0
ENSMUSG00000087561,Gm11608,0,0,0,0,0,0,0,0,0,0,0,0
ENSMUSG00002076057,#N/A,0,0,0,0,0,0,0,0,0,0,0,0
ENSMUSG00000026311,Asb1,332,354,219,224,196,71,150,181,215,185,184,200
ENSMUSG00000101705,Gm28380,0,0,0,0,0,0,0,0,0,0,0,0
ENSMUSG00000042451,Mybph,0,0,0,0,0,0,0,0,0,0,0,0
ENSMUSG00000100980,Gm29100,0,2,0,1,0,4,0,1,0,0,0,0
ENSMUSG00000007805,Twist2,0,0,0,1,0,0,0,0,0,0,0,1
ENSMUSG00000026567,Adcy10,0,0,0,0,0,3,0,0,0,0,0,0
ENSMUSG00000027520,Zdbf2,12,3,14,6,22,25,7,17,5,4,9,6
ENSMUSG00000101414,Gm29101,0,0,0,0,0,0,0,0,0,0,0,0
ENSMUSG00000067653,Ankrd23,36,22,42,30,48,19,30,42,26,25,42,48
ENSMUSG00000102745,Gm37600,0,0,0,0,0,0,0,0,0,1,0,0
ENSMUSG00000119074,#N/A,0,0,0,0,0,0,0,0,0,0,0,0
ENSMUSG00000083039,Gm11606,0,0,0,0,0,0,0,0,0,0,0,0
ENSMUSG00000081643,Gm11605,2,1,2,2,3,0,2,2,5,6,2,0
ENSMUSG00000042429,Adora1,0,0,0,0,0,0,0,0,0,0,0,0
ENSMUSG00000109510,Gm42417,0,0,0,0,0,0,0,0,0,0,0,0
ENSMUSG00000119277,#N/A,0,0,0,0,0,1,0,0,0,0,0,0
ENSMUSG00000103059,Gm18186,1,0,0,0,0,0,0,0,0,0,0,0
ENSMUSG00000103583,Gm38325,0,0,0,0,0,0,0,0,0,0,0,0
ENSMUSG00002076323,#N/A,0,0,0,0,0,0,0,0,0,0,0,0
ENSMUSG00002074951,#N/A,0,0,0,0,0,0,0,0,0,0,0,0
ENSMUSG00000104474,Gm38210,0,0,0,0,0,0,0,0,0,0,0,0
ENSMUSG00000026459,Myog,0,0,0,0,0,2,0,0,0,0,0,0
ENSMUSG00000079610,Ankrd39,234,288,278,253,305,146,196,276,260,257,275,272
ENSMUSG00000026566,Mpzl1,57,57,67,75,71,21,74,59,37,61,53,63
ENSMUSG00000103098,Gm37559,0,2,2,0,0,0,0,2,0,1,0,0
ENSMUSG00000104517,Gm18407,0,2,1,1,0,2,3,3,1,2,0,0
ENSMUSG00000026313,Hdac4,1289,1433,1246,1224,1080,488,985,1357,1087,1058,1059,935
ENSMUSG00000103101,Gm37048,0,0,0,0,0,0,0,0,0,0,0,0
ENSMUSG00000102565,Gm37036,1,3,2,3,0,1,2,7,3,3,0,2
ENSMUSG00000101265,Gm29099,0,0,0,0,0,1,0,0,0,0,0,0
ENSMUSG00000101522,Gm7837,0,0,0,0,0,0,0,0,0,0,0,0
ENSMUSG00000040723,Rcsd1,1943,2099,1653,1561,1855,975,1827,2074,1984,1873,1903,1621
ENSMUSG00002075583,#N/A,0,0,0,0,0,0,0,0,0,0,0,0
ENSMUSG00000026458,Ppfia4,8,7,8,10,1,2,2,5,7,3,6,3
ENSMUSG00000103686,Gm37073,1,0,1,0,0,0,0,0,1,0,1,0
ENSMUSG00000103242,Gm34767,0,0,0,0,0,0,1,0,0,0,0,0
ENSMUSG00000026260,Ndufa10,2549,2728,1896,2149,2258,1132,2151,2275,2462,2217,2129,2087
ENSMUSG00000098288,Mir6900,0,0,1,0,0,0,0,0,0,0,0,0
ENSMUSG00000040713,Creg1,239,273,201,196,289,165,208,211,277,191,231,249
ENSMUSG00000042305,Tmem183a,1584,1815,1497,1570,1613,861,1501,1642,1648,1545,1482,1265
ENSMUSG00000104306,Gm36972,0,0,1,0,0,0,0,2,0,0,0,0
ENSMUSG00000067064,Olfr1416,0,0,0,0,0,3,1,0,0,0,1,0
ENSMUSG00000089829,Gm16565,15,8,16,8,12,7,17,16,13,12,21,6
ENSMUSG00002076221,#N/A,0,0,0,0,0,0,0,0,0,0,0,0
ENSMUSG00000050526,Mgat4f,0,0,0,0,0,0,0,0,0,0,0,0
ENSMUSG00000057464,Olfr1415,0,0,0,0,0,0,0,0,0,0,0,0
ENSMUSG00000042849,Olfr1414,0,0,0,0,0,0,0,0,0,0,0,0
ENSMUSG00000058904,Olfr1413,0,0,0,0,0,0,0,0,0,0,0,0
ENSMUSG00000026121,Sema4c,871,859,1135,1123,1568,568,1007,1226,994,923,949,901
ENSMUSG00000097001,1700054K02Rik,0,0,0,0,0,0,0,0,0,0,0,0
ENSMUSG00000099363,Gm28478,0,0,0,0,0,0,0,0,0,0,0,0
ENSMUSG00000046300,Olfr1412,0,0,0,0,0,0,0,0,0,0,0,0
ENSMUSG00000107778,Gm44098,0,0,0,0,0,0,0,0,0,0,0,0
ENSMUSG00000087589,D430040D24Rik,9,1,4,8,21,9,5,14,19,10,5,11
ENSMUSG00000062497,Olfr1411,0,0,0,0,2,0,0,0,0,0,0,0
ENSMUSG00000108131,Gm44099,0,0,0,0,0,0,0,0,0,0,0,0
ENSMUSG00000063583,Olfr1410,0,0,0,0,0,0,0,0,0,0,0,0
ENSMUSG00000061616,Olfr12,0,0,0,0,0,0,0,0,0,0,0,0
ENSMUSG00000073616,Cops9,392,507,385,405,423,168,466,386,443,372,363,365
ENSMUSG00000026456,Cyb5r1,412,433,442,461,415,214,411,410,332,292,405,371
ENSMUSG00000044055,Otos,1,0,6,2,1,0,0,1,2,5,4,2
ENSMUSG00000046337,Fam178b,2,1,1,0,0,0,3,2,0,1,2,1
ENSMUSG00000100546,Gm29483,0,0,0,0,0,0,0,0,0,0,0,0
ENSMUSG00000099665,Gm29482,0,0,0,0,0,0,0,0,0,0,0,0
ENSMUSG00000100781,Gm29481,0,0,0,0,0,0,0,0,0,0,0,0
ENSMUSG00000089906,Gm6428,0,0,0,1,0,0,1,0,0,0,0,0
ENSMUSG00002075377,#N/A,0,0,0,0,0,0,0,0,0,0,0,0
ENSMUSG00000061518,Cox5b,804,728,593,624,687,472,725,805,887,758,786,795
ENSMUSG00000034220,Gpc1,654,769,755,761,371,81,464,569,412,363,269,269
ENSMUSG00000101995,Gm29480,0,0,0,0,0,0,0,0,1,0,0,0
ENSMUSG00000065470,Mir149,0,0,0,0,0,0,0,0,0,0,0,0
ENSMUSG00000026457,Adipor1,2732,2984,2113,2203,2117,906,2182,2263,2610,2278,2247,2176
ENSMUSG00000101061,Platr1,1,0,1,2,1,0,0,0,0,1,1,0
ENSMUSG00000102722,Gm37935,1,1,0,3,2,0,1,2,0,1,2,1
ENSMUSG00000037351,Actr1b,2746,2931,2267,2470,2573,1104,2379,2559,2664,2242,2402,2245
ENSMUSG00000102416,4933424G06Rik,1,0,0,1,4,1,1,0,3,2,1,0
ENSMUSG00000104237,Gm33533,0,3,0,0,0,0,0,0,0,0,0,0
ENSMUSG00000034212,Ankmy1,1,2,1,0,1,0,0,0,1,1,1,0
ENSMUSG00000005763,Cd247,3714,4331,3565,4047,3575,2245,3739,4141,3366,3031,3406,2858
ENSMUSG00000047067,Dusp28,23,40,28,28,29,9,41,33,34,24,36,35
ENSMUSG00000097251,5033417F24Rik,1,8,8,1,8,0,4,5,5,3,9,9
ENSMUSG00000118799,#N/A,0,0,0,0,0,3,0,0,0,0,0,0
ENSMUSG00000102363,Gm32999,0,0,0,0,0,0,1,0,0,0,0,0
ENSMUSG00000026455,Klhl12,863,919,734,724,791,366,669,711,862,820,649,601
ENSMUSG00000103768,Gm37856,0,0,0,0,0,0,0,0,0,0,0,0
ENSMUSG00000102154,Gm37469,2,0,2,0,1,0,2,0,2,0,2,1
ENSMUSG00000042229,Rabif,948,1207,962,966,937,390,930,919,1027,939,866,723
ENSMUSG00000077202,Gm25612,2,5,1,6,7,0,3,1,4,3,2,3
ENSMUSG00000096712,Gm15454,1,0,0,1,0,1,0,1,1,1,0,2
ENSMUSG00000101955,Gm29376,0,0,0,0,0,0,0,0,0,0,1,0
ENSMUSG00000026117,Zap70,8572,10399,6769,7647,7250,2790,6023,6659,9058,8127,7126,6849
ENSMUSG00000046367,Mgat4e,2,2,3,1,0,0,1,2,3,1,1,1
ENSMUSG00000097291,Gm18828,0,0,0,0,0,1,0,2,0,0,1,0
ENSMUSG00000026269,Rnpepl1,1624,1653,1341,1336,1527,529,1454,1511,1555,1425,1532,1484
ENSMUSG00000100632,9430060I03Rik,8,14,14,12,5,6,9,12,11,12,11,12
ENSMUSG00000025964,Adam23,0,0,0,0,1,2,0,0,1,0,1,0
ENSMUSG00000087823,Gm22281,0,0,0,0,0,1,0,0,0,0,0,0
ENSMUSG00000115378,Gm39653,0,0,0,0,0,0,0,0,0,0,0,0
ENSMUSG00000069085,Dytn,0,0,0,0,0,0,0,0,0,0,0,0
ENSMUSG00000083066,Gm12748,0,0,0,0,0,0,0,0,0,0,0,0
ENSMUSG00000025963,Mdh1b,0,0,0,0,0,0,0,0,0,1,0,0
ENSMUSG00000026270,Capn10,254,287,193,215,229,76,193,241,252,199,191,195
ENSMUSG00000026271,Gpr35,4,2,2,1,1,1,2,0,0,0,3,0
ENSMUSG00000026116,Tmem131,4171,4160,3410,3217,3102,2662,2460,3533,3400,3403,3296,2979
ENSMUSG00000100021,Gm18697,0,0,0,1,0,0,0,0,0,0,0,0
ENSMUSG00000045091,Aqp12,0,0,0,0,0,0,0,0,0,0,0,0
ENSMUSG00000042207,Kdm5b,1737,1832,1327,1119,997,606,780,1043,1539,1404,1186,1058
ENSMUSG00000103016,Gm37506,0,1,2,1,0,0,0,0,2,0,0,0
ENSMUSG00000102930,Gm38115,3,0,1,5,3,2,5,2,1,1,0,4
ENSMUSG00000103159,F830112A20Rik,4,1,5,2,2,1,2,2,5,0,2,3
ENSMUSG00000080054,Rpl12-ps1,0,5,2,1,1,4,1,0,0,1,0,0
ENSMUSG00000025962,Fastkd2,1486,1627,1346,1415,1463,881,1200,1299,1467,1352,1302,1210
ENSMUSG00000097435,Gm26783,0,0,0,0,0,0,0,0,0,0,0,0
ENSMUSG00000119706,#N/A,0,0,0,0,0,0,0,0,0,0,0,1
ENSMUSG00000025961,4933402D24Rik,0,0,0,0,0,0,0,0,0,0,0,0
ENSMUSG00000080817,Gm13751,0,0,0,0,0,0,0,0,0,0,0,0
ENSMUSG00000082373,Gm13754,0,0,0,0,0,0,0,0,0,0,0,0
ENSMUSG00000044689,Gm13749,0,0,0,0,0,0,0,0,0,0,0,0
ENSMUSG00000026452,Syt2,2,0,0,3,0,6,1,2,0,0,0,0
ENSMUSG00000025959,Klf7,493,583,469,497,331,275,382,457,413,398,448,382
ENSMUSG00000098487,Mir6899,0,0,0,0,0,0,0,0,0,0,0,0
ENSMUSG00000086836,Gm13748,0,4,1,2,0,0,0,1,0,0,0,1
ENSMUSG00000086721,Gm13750,0,0,1,0,1,0,0,0,0,0,2,1
ENSMUSG00000101895,Gm28981,0,0,2,0,0,0,0,0,0,1,0,0
ENSMUSG00002076107,#N/A,0,0,0,0,0,0,0,0,0,0,0,0
ENSMUSG00000099658,Gm28980,0,0,0,0,0,0,0,0,0,0,0,0
ENSMUSG00000050122,Vwa3b,1,1,0,1,0,3,1,0,0,0,0,0
ENSMUSG00000103603,Gm37020,0,0,0,0,0,0,0,0,0,0,0,0
ENSMUSG00000026114,Cnga3,0,0,0,1,0,4,0,2,0,0,0,0
ENSMUSG00000102231,1700074A21Rik,0,0,0,0,0,0,0,0,0,0,0,0
ENSMUSG00000073557,Ppp1r12b,132,145,150,126,133,85,115,160,137,129,136,133
ENSMUSG00000103614,Gm37949,1,0,1,0,2,0,0,0,1,1,1,0
ENSMUSG00002075458,#N/A,0,0,0,0,0,0,0,0,0,0,0,0
ENSMUSG00000103976,Gm37677,6,6,9,10,2,5,9,17,6,5,6,14
ENSMUSG00000101168,Gm28892,0,0,0,0,0,1,0,0,0,0,0,0
ENSMUSG00000026429,Ube2t,200,212,204,252,374,144,316,274,228,179,286,244
ENSMUSG00000042793,Lgr6,21,18,14,12,6,8,4,7,16,7,10,7
ENSMUSG00000097993,Ptprv,377,428,339,334,260,107,198,288,341,326,267,268
ENSMUSG00000097988,Gm10535,0,0,0,0,0,0,0,0,0,0,0,0
ENSMUSG00000025958,Creb1,1477,1354,1433,1326,1250,1154,1069,1518,1231,1177,1395,1275
ENSMUSG00000025956,Mettl21a,151,158,122,176,157,78,153,139,183,135,174,166
ENSMUSG00000101832,Gm28982,1,0,1,1,1,2,1,2,5,1,0,0
ENSMUSG00000100437,Gm29152,0,0,0,0,0,1,0,0,0,0,0,0
ENSMUSG00000087213,2810408I11Rik,49,43,37,55,57,55,44,44,34,20,37,46
ENSMUSG00000031506,Ptpn7,8270,8825,5455,5583,5502,2790,5124,5518,7196,6419,6225,5579
ENSMUSG00000070871,Ccnyl1,104,138,127,111,127,71,104,121,119,121,74,104
ENSMUSG00000026426,Arl8a,986,987,790,773,635,557,785,924,900,754,652,602
ENSMUSG00002075149,#N/A,0,0,0,0,0,0,0,0,0,0,0,0
ENSMUSG00000085311,Gm15445,5,8,1,3,4,5,4,6,0,1,5,5
ENSMUSG00000045005,Fzd5,176,212,167,167,167,99,123,183,163,114,124,156
ENSMUSG00000102140,Gm38058,1,2,3,0,0,1,0,1,3,1,3,3
ENSMUSG00000026424,Gpr37l1,0,0,0,0,0,0,0,0,0,0,0,0
ENSMUSG00000079139,Gm4204,285,223,222,224,240,136,194,172,321,259,262,273
ENSMUSG00000097680,Gm26642,0,0,0,0,1,0,0,0,2,0,1,0
ENSMUSG00000026565,Pou2f1,1155,1091,1215,1143,1223,900,828,1325,951,1044,1055,1052
ENSMUSG00000051344,Plekhm3,115,118,107,116,103,59,82,111,72,76,80,76
ENSMUSG00000099008,Gm17976,0,0,0,0,0,0,1,0,0,0,0,0
ENSMUSG00000097264,Rpl31-ps24,0,0,0,0,0,0,0,1,0,0,0,1
ENSMUSG00000097196,Gm26665,0,0,0,0,0,0,0,0,0,0,0,0
ENSMUSG00000084416,Rpl10a-ps1,42,83,56,52,46,158,64,77,28,40,47,39
ENSMUSG00000102890,Gm7626,0,0,0,0,0,0,0,0,0,0,0,0
ENSMUSG00000077471,Gm24788,0,0,0,0,0,0,0,0,0,0,0,0
ENSMUSG00000102484,Gm37923,0,0,0,0,0,0,0,0,0,0,0,0
ENSMUSG00000003051,Elf3,1,0,1,0,0,0,1,0,0,0,0,1
ENSMUSG00000026564,Dusp27,0,0,0,0,0,0,0,0,0,0,0,1
ENSMUSG00000025955,Akr1cl,0,0,0,0,0,2,0,0,0,0,1,0
ENSMUSG00000090042,Gm8550,0,1,0,0,1,0,0,0,0,1,1,1
ENSMUSG00000000544,Gpa33,0,0,1,0,0,0,0,0,0,0,0,0
ENSMUSG00000070870,Cryge,0,0,0,0,0,0,0,0,0,0,0,0
ENSMUSG00000067299,Crygd,0,0,0,0,0,0,0,0,0,0,0,0
ENSMUSG00000041926,Rnpep,1290,1319,1007,935,1143,390,883,946,1136,1000,1153,1167
ENSMUSG00000025952,Crygc,0,0,0,0,0,0,0,0,0,0,0,0
ENSMUSG00000073658,Crygb,0,0,0,0,0,0,0,0,0,0,0,0
ENSMUSG00000100774,Gm7329,0,0,0,0,0,0,0,0,0,0,0,0
ENSMUSG00000044429,Cryga,0,0,0,0,0,0,0,0,0,0,0,0
ENSMUSG00000100846,Gm28845,0,0,0,0,0,0,0,0,0,0,0,0
ENSMUSG00000062580,Timm17a,2411,2721,2139,2323,2381,1575,2432,2254,2569,2376,2142,2107
ENSMUSG00000040629,Mael,0,0,0,0,0,0,0,0,0,0,0,0
ENSMUSG00000048096,Lmod1,0,0,0,0,0,3,0,0,0,0,1,0
ENSMUSG00002075633,#N/A,0,0,0,0,0,0,0,0,0,0,0,0
ENSMUSG00000044816,D630023F18Rik,1,1,0,0,0,1,0,1,1,2,0,3
ENSMUSG00000041889,Shisa4,1,1,4,1,1,0,1,1,2,2,0,0
ENSMUSG00000014602,Kif1a,6,1,5,3,1,0,2,5,5,5,3,4
ENSMUSG00000101378,Gm28086,0,0,0,0,0,0,0,0,0,0,0,0
ENSMUSG00000025950,Idh1,67,69,71,72,42,37,63,55,43,52,36,30
ENSMUSG00000026272,Agxt,0,0,0,0,0,0,0,0,0,0,0,0
ENSMUSG00000034159,Mab21l4,0,0,0,0,0,1,0,0,0,0,0,0
ENSMUSG00000084989,Crocc2,0,0,0,0,0,0,0,0,0,0,0,0
ENSMUSG00000041879,Ipo9,1900,1967,1575,1558,1815,1070,1424,1843,1770,1630,1786,1801
ENSMUSG00000100620,Gm28277,2,0,3,0,0,0,0,0,2,0,0,2
ENSMUSG00000040612,Ildr2,0,0,0,0,0,0,0,0,0,0,0,0
ENSMUSG00000091393,5330438I03Rik,0,0,0,0,0,0,0,0,0,0,0,0
ENSMUSG00000103400,Gm15853,9,3,2,3,6,4,9,1,3,12,5,3
ENSMUSG00000026563,Tada1,951,1019,894,846,909,479,804,815,1017,970,900,930
ENSMUSG00000047793,Sned1,39,40,23,26,25,30,16,28,17,22,28,15
ENSMUSG00000098997,Mir6901,0,0,0,0,0,0,0,0,0,0,0,0
ENSMUSG00000040596,Pogk,2889,3089,2310,2333,2128,1210,1383,2098,2826,2648,2466,2233
ENSMUSG00000084093,Gm16418,0,0,0,0,0,0,1,0,0,0,0,0
ENSMUSG00000104194,Gm33354,0,0,0,0,0,0,0,0,0,0,0,0
ENSMUSG00000086056,Gm4846,0,0,0,0,0,0,0,0,0,0,0,0
ENSMUSG00000026273,Mterf4,259,349,286,277,307,132,237,255,320,267,275,222
ENSMUSG00002076371,#N/A,0,0,0,0,0,0,0,0,0,0,0,0
ENSMUSG00000101172,Gm28535,2,2,3,6,7,2,3,9,5,10,5,2
ENSMUSG00000100351,Gm7867,1,4,4,2,0,0,3,0,0,0,0,0
ENSMUSG00000051081,Gm4847,0,0,0,0,0,0,0,0,0,0,0,0
ENSMUSG00000025949,Pikfyve,953,927,932,899,772,580,575,894,841,826,810,793
ENSMUSG00000026274,Pask,179,182,170,203,181,121,189,213,186,151,203,186
ENSMUSG00000026560,Fmo9,0,0,0,0,0,0,0,0,0,0,0,0
ENSMUSG00000085841,Gm4954,0,0,0,0,0,0,0,0,0,0,0,0
ENSMUSG00000103073,Gm37904,0,0,0,0,0,0,0,0,0,0,0,0
ENSMUSG00000086925,Gm6286,1,1,0,0,0,0,0,0,0,0,1,1
ENSMUSG00000102548,Gm16701,0,1,1,2,1,1,1,0,0,1,1,0
ENSMUSG00000025946,Pth2r,0,0,0,0,0,0,0,0,0,0,0,0
ENSMUSG00000097823,Gm16701,3,2,0,2,1,0,0,0,1,4,3,4
ENSMUSG00000100503,Gm28927,0,0,0,0,0,0,0,0,0,0,0,0
ENSMUSG00000100504,Gm28926,0,0,0,0,0,0,0,0,0,0,0,0
ENSMUSG00000099383,Gm28925,0,0,0,0,0,0,0,0,0,0,0,0
ENSMUSG00000100340,Gm28923,0,0,0,0,0,0,0,0,0,0,0,0
ENSMUSG00000100439,Gm28922,1,0,0,0,1,0,0,0,0,0,0,0
ENSMUSG00000099819,Gm28728,0,0,0,0,0,0,0,0,0,0,0,0
ENSMUSG00000082565,Gm5255,0,0,0,0,0,0,0,0,0,0,0,0
ENSMUSG00000082774,Gm8805,3,4,5,1,5,0,3,2,4,2,6,3
ENSMUSG00000060568,Fam78b,114,113,82,113,106,67,68,72,103,100,64,56
ENSMUSG00000102870,Gm17868,0,0,0,0,0,0,0,0,0,0,0,0
ENSMUSG00000103333,Gm37994,0,0,0,0,0,0,1,0,0,0,0,0
ENSMUSG00000025945,Crygf,0,0,0,0,0,0,0,0,0,0,0,0
ENSMUSG00000081623,Gm8809,0,0,0,0,0,0,0,0,0,0,0,0
ENSMUSG00000083242,Gm15659,2,2,1,1,2,0,0,2,2,1,3,1
ENSMUSG00000083289,Gm8812,0,0,0,0,0,0,0,0,0,0,0,0
ENSMUSG00000026275,Ppp1r7,1891,2091,1595,1657,1558,1201,1604,1873,1840,1592,1448,1394
ENSMUSG00000106302,Mir6902,0,0,1,0,0,0,0,0,0,0,0,0
ENSMUSG00000098689,Mir6345,0,0,1,1,1,0,0,0,0,0,1,0
ENSMUSG00000009418,Nav1,59,65,40,51,47,44,38,44,43,39,50,17
ENSMUSG00000064389,Gm26446,2,3,1,3,0,2,1,3,0,0,1,2
ENSMUSG00000093515,Mir1231,0,0,0,0,0,0,0,0,0,0,0,0
ENSMUSG00000102474,2610012C04Rik,0,0,1,0,0,1,0,0,0,0,0,0
ENSMUSG00000104524,Gm37333,1,0,0,1,4,0,1,0,0,0,0,0
ENSMUSG00000054412,Gm4793,0,0,0,0,2,0,0,0,0,0,0,0
ENSMUSG00000026421,Csrp1,1416,1634,1259,1475,1410,781,1538,1755,1508,1379,1236,1101
ENSMUSG00000041801,Phlda3,711,768,638,637,958,252,759,705,739,606,763,781
ENSMUSG00000026558,Uck2,9078,9830,7730,8149,8153,4113,7369,8730,9442,9010,8058,7700
ENSMUSG00000103139,Gm37982,0,0,0,0,0,0,0,0,0,0,0,0
ENSMUSG00000026113,Inpp4a,1211,1230,971,894,712,325,632,868,1164,1014,564,588
ENSMUSG00000102909,Gm2453,3,2,6,5,6,1,3,3,7,8,4,1
ENSMUSG00000098379,Mir6347,0,0,0,0,0,0,0,0,0,0,0,0
ENSMUSG00000102337,Gm37232,0,0,0,0,0,0,0,0,0,0,0,0
ENSMUSG00000086064,4930439A04Rik,1,0,0,0,0,0,0,0,0,0,0,0
ENSMUSG00000102879,Gm37135,0,0,0,0,0,0,0,0,0,0,0,0
ENSMUSG00000026112,Coa5,3418,3974,3185,3122,3353,1777,2703,3181,3506,3087,3211,2699
ENSMUSG00000034107,Ano7,14,11,11,12,14,5,13,11,12,6,14,8
ENSMUSG00000052428,Tmco1,865,898,701,737,748,654,810,755,823,800,778,725
ENSMUSG00002075501,#N/A,0,0,0,0,1,0,1,1,1,1,1,0
ENSMUSG00000119799,#N/A,0,0,0,0,0,0,0,0,0,0,0,0
ENSMUSG00000026687,Aldh9a1,1536,1632,1244,1301,1381,640,1255,1384,1535,1332,1562,1479
ENSMUSG00000026111,Unc50,511,614,527,535,513,229,543,483,508,448,489,441
ENSMUSG00000026688,Mgst3,47,47,48,35,28,10,39,34,28,25,26,27
ENSMUSG00000040485,Lrrc52,0,0,0,0,0,0,0,0,0,0,0,0
ENSMUSG00000026418,Tnni1,6,16,16,6,17,7,12,14,16,15,12,13
ENSMUSG00000041782,Lad1,10491,11204,9913,11007,16082,11861,10593,13258,12816,12302,12852,11067
ENSMUSG00000015843,Rxrg,0,0,0,0,0,0,0,0,0,0,0,0
ENSMUSG00000026686,Lmx1a,0,0,0,0,0,0,0,0,0,0,0,0
ENSMUSG00000093538,Gm20711,0,0,0,0,0,0,0,0,0,0,0,0
ENSMUSG00000026110,Mgat4a,359,424,378,368,335,209,260,399,327,341,397,344
ENSMUSG00000103948,4930594C11Rik,1,2,3,3,1,6,5,5,2,1,3,0
ENSMUSG00000087233,Gm43213,2,0,2,0,0,0,0,0,0,0,1,1
ENSMUSG00000034088,Hdlbp,9595,10069,7733,7727,8080,5323,5972,8454,8323,7797,8301,7544
ENSMUSG00000026090,2010300C02Rik,38,40,31,34,31,18,24,28,44,33,35,29
ENSMUSG00000089767,4930556I23Rik,0,0,0,0,0,1,0,0,0,0,0,0
ENSMUSG00000104365,4930470B04Rik,0,0,0,0,0,0,0,0,0,0,0,0
ENSMUSG00000090489,Gm17415,1,1,0,0,1,1,1,0,3,1,2,0
ENSMUSG00000102650,Gm19863,1,0,0,1,0,0,1,0,0,0,0,0
ENSMUSG00000052534,Pbx1,0,0,0,0,0,6,0,0,0,1,0,0
ENSMUSG00000103780,Gm37524,0,0,0,0,0,0,0,0,0,0,0,0
ENSMUSG00000102594,Gm38381,0,0,0,0,0,0,0,0,0,0,0,0
ENSMUSG00000098407,Mir6348,0,0,0,0,0,0,0,0,0,0,0,0
ENSMUSG00000103463,1700063I16Rik,0,0,0,0,0,0,0,0,0,0,0,0
ENSMUSG00000098829,Mir6354,0,0,0,0,0,0,0,0,0,0,0,0
ENSMUSG00000103530,Gm37839,0,0,0,0,0,0,0,0,0,0,0,0
ENSMUSG00000058622,Gm5265,0,0,0,0,0,0,0,0,0,0,0,0
ENSMUSG00000116048,44806,0,0,0,0,0,0,0,0,0,0,0,0
ENSMUSG00000015222,Map2,37,32,34,31,32,25,19,30,19,25,22,19
ENSMUSG00000088850,Gm24729,0,0,0,0,0,0,0,0,0,0,0,0
ENSMUSG00000073656,Gm10558,0,0,0,0,0,1,0,0,0,0,0,0
ENSMUSG00000065694,Gm25411,0,0,0,0,0,0,0,0,0,0,0,0
ENSMUSG00000026683,Nuf2,408,413,431,425,734,675,538,602,395,362,687,561
ENSMUSG00000103526,Gm18900,0,0,0,0,0,0,0,0,0,0,0,0
ENSMUSG00000103267,Gm36980,0,0,0,0,0,0,0,0,0,0,0,0
ENSMUSG00000026678,Rgs5,0,0,0,0,0,0,0,0,0,0,0,0
ENSMUSG00000038530,Rgs4,0,0,0,0,0,0,0,0,0,0,0,0
ENSMUSG00000119314,#N/A,0,0,0,0,0,0,0,0,0,0,0,0
ENSMUSG00000103110,Gm37586,0,0,0,0,0,0,0,0,0,0,0,0
ENSMUSG00000070532,Ccdc190,0,0,0,0,0,0,0,0,0,0,0,0
ENSMUSG00000089990,Gm15852,0,0,0,0,0,0,0,0,0,0,0,0
ENSMUSG00000026276,44806,64,83,73,78,59,41,34,68,77,71,71,66
ENSMUSG00000026675,Hsd17b7,1474,1727,1372,1403,687,353,936,1285,1359,1271,728,689
ENSMUSG00000097503,3110045C21Rik,3,3,4,4,4,1,7,4,4,6,2,5
ENSMUSG00000034066,Farp2,150,149,126,109,112,71,69,133,114,139,120,120
ENSMUSG00000103854,Gm37250,0,0,6,0,0,1,1,2,1,0,2,1
ENSMUSG00000060771,Tsga10,6,5,7,8,11,9,5,5,8,9,13,8
ENSMUSG00000097268,Gm26805,0,0,0,0,0,3,0,0,0,0,0,0
ENSMUSG00000026674,Ddr2,0,0,0,1,1,0,1,0,0,0,1,0
ENSMUSG00000037216,Lipt1,123,142,86,111,112,56,85,126,126,80,115,93
ENSMUSG00000026277,Stk25,1116,1124,980,995,1000,569,934,1014,1127,991,1036,1028
ENSMUSG00000100927,Gm28536,4,3,0,0,1,5,2,0,1,0,5,1
ENSMUSG00000026088,Mitd1,311,323,258,265,296,278,275,306,294,244,326,303
ENSMUSG00000026278,Bok,5,3,9,2,5,0,6,6,3,1,4,1
ENSMUSG00000055567,Unc80,31,39,47,59,15,7,23,23,14,26,9,6
ENSMUSG00000103375,Gm37181,0,0,1,0,1,0,0,0,0,0,0,0
ENSMUSG00000026087,Mrpl30,1373,1753,1308,1379,1378,636,1476,1378,1481,1472,1330,1242
ENSMUSG00000026279,Thap4,1202,1252,875,1038,958,385,894,995,1211,1117,928,900
ENSMUSG00000101952,Gm10550,1,2,1,0,1,1,2,4,1,3,3,1
ENSMUSG00000061584,Lyg2,0,0,0,0,0,0,0,0,0,0,0,0
ENSMUSG00000087374,Gm15457,0,0,0,0,0,0,0,0,0,0,0,0
ENSMUSG00000026085,Lyg1,0,0,0,0,0,0,0,0,0,0,0,0
ENSMUSG00002076708,#N/A,0,0,0,0,0,0,0,0,0,0,0,0
ENSMUSG00000026005,Rpe,1556,1496,1273,1228,1206,1021,1094,1260,1562,1349,1401,1321
ENSMUSG00000026670,Uap1,1249,1421,1252,1257,1232,767,1253,1266,1289,1161,1083,969
ENSMUSG00000104266,Gm37748,0,0,0,0,0,0,0,0,0,0,2,1
ENSMUSG00000103908,Gm37502,0,1,0,1,0,0,0,0,0,0,0,0
ENSMUSG00000026280,Atg4b,1330,1438,976,1083,930,363,953,938,1313,1138,969,939
ENSMUSG00000026281,Dtymk,1069,1262,1099,1109,1351,646,1135,1069,1106,1002,1179,1192
ENSMUSG00000058407,Txndc9,1813,1921,1533,1489,1381,1200,1548,1541,1705,1625,1470,1330
ENSMUSG00000026667,Uhmk1,6982,7159,6029,5577,4926,2735,3849,5237,5828,5500,4641,4548
ENSMUSG00000044306,4930500M09Rik,0,0,0,5,2,0,3,3,1,5,2,3
ENSMUSG00000073494,Sh2d1b2,0,0,0,0,0,0,0,0,0,0,0,1
ENSMUSG00000026004,Kansl1l,34,49,50,37,34,31,27,52,40,60,28,31
ENSMUSG00000096964,Gm6345,0,0,0,2,1,2,0,1,2,4,1,1
ENSMUSG00000102559,Gm37570,2,1,1,0,0,4,1,3,0,0,2,1
ENSMUSG00000102374,Gm38387,1,0,0,1,0,0,0,0,1,1,1,2
ENSMUSG00000102776,Gm38162,5,12,6,3,8,13,5,7,15,7,12,14
ENSMUSG00000026283,Ing5,1665,1751,1429,1335,1669,827,1282,1657,1608,1421,1541,1521
ENSMUSG00000082057,Gm15789,2,1,3,1,0,1,1,1,4,1,0,1
ENSMUSG00000102418,Sh2d1b1,3,2,2,3,4,5,1,1,3,8,1,1
ENSMUSG00000088961,Gm22089,0,0,0,0,0,0,0,0,0,0,0,0
ENSMUSG00000103706,6820402A03Rik,0,1,1,2,0,0,0,0,1,4,0,0
ENSMUSG00000103756,Gm37285,6,2,2,6,5,2,7,6,7,6,12,3
ENSMUSG00000103382,Gm37755,0,0,0,2,0,0,0,0,1,0,2,0
ENSMUSG00000103553,Gm38218,0,0,2,3,2,1,1,1,2,0,0,0
ENSMUSG00000102752,Gm7694,0,1,0,2,1,1,0,0,0,3,3,0
ENSMUSG00000026083,Eif5b,8570,9253,6573,7078,7265,8529,7630,7406,7887,8147,9071,7668
ENSMUSG00000026003,Acadl,836,801,721,786,577,438,849,874,659,670,707,592
ENSMUSG00000082769,Gm15793,2,0,1,1,0,0,1,2,0,1,1,0
ENSMUSG00000089420,Gm27934,0,0,0,0,0,0,0,0,0,0,0,0
ENSMUSG00000077328,Gm25832,0,0,0,0,0,0,0,0,0,0,0,0
ENSMUSG00000073609,D2hgdh,55,53,41,38,48,41,44,47,50,45,73,74
ENSMUSG00000094651,Gal3st2,0,0,0,0,0,0,1,0,0,0,0,0
ENSMUSG00000101660,Gm18666,0,0,0,0,0,2,0,0,0,0,0,0
ENSMUSG00000093805,Gal3st2b,0,0,0,1,0,0,0,0,0,0,0,0
ENSMUSG00000099624,Gm7889,0,0,0,0,0,0,0,0,0,0,0,0
ENSMUSG00000061816,Myl1,0,0,0,0,0,0,0,0,0,0,0,0
ENSMUSG00000073608,Gal3st2c,1,0,0,0,0,2,0,0,0,0,0,0
ENSMUSG00000094191,Rpl31-ps14,2,5,2,1,1,0,2,3,0,3,7,2
ENSMUSG00000082212,Gm15826,0,0,0,0,0,0,0,0,0,0,0,0
ENSMUSG00000026082,Rev1,768,803,698,616,739,434,472,668,707,698,833,725
ENSMUSG00000034000,Neu4,0,0,0,0,0,0,0,0,0,0,0,0
ENSMUSG00000103804,Gm37062,4,3,7,3,0,4,0,6,8,5,3,1
ENSMUSG00000102716,Gm5099,0,0,0,0,0,0,0,0,0,0,0,0
ENSMUSG00000038473,Nos1ap,1,0,2,0,0,1,1,2,0,1,0,1
ENSMUSG00000026285,Pdcd1,3379,3823,2133,2218,1692,598,1652,1755,2673,2240,1663,1506
ENSMUSG00000100990,Gm7891,0,0,0,0,0,0,0,0,0,0,0,0
ENSMUSG00000042800,Spata46,0,0,0,0,0,0,0,0,0,0,0,0
ENSMUSG00000100347,Gm7895,1,0,0,1,0,1,0,0,0,0,0,0
ENSMUSG00000102193,Gm7299,0,1,1,2,3,1,0,1,1,3,1,0
ENSMUSG00000077413,Gm23389,0,0,0,0,0,0,0,0,0,0,0,0
ENSMUSG00000100518,4930440C22Rik,0,0,0,0,0,3,0,0,0,0,1,0
ENSMUSG00000089310,Gm23181,0,0,0,0,0,0,0,0,0,0,0,0
ENSMUSG00000099592,Gm5264,0,0,0,0,0,0,0,0,0,0,0,0
ENSMUSG00000038463,Olfml2b,0,1,0,0,0,0,0,0,0,1,0,1
ENSMUSG00000051185,Fam174a,160,199,108,136,131,88,124,136,152,126,170,150
ENSMUSG00000103973,BC055308,7,1,1,4,10,6,2,4,3,5,7,9
ENSMUSG00000081051,Gm15427,139,184,129,162,139,52,145,188,118,126,110,89
ENSMUSG00000026663,Atf6,2259,2373,1755,1809,1281,844,1163,1719,1823,1771,1346,1264
ENSMUSG00000040710,St8sia4,88,105,75,99,85,56,86,132,68,85,111,114
ENSMUSG00000103197,Gm37642,0,0,0,0,0,3,0,0,0,1,0,0
ENSMUSG00000119556,#N/A,0,0,0,0,0,0,0,0,0,0,0,0
ENSMUSG00000119049,#N/A,0,0,0,0,0,0,0,0,0,0,0,1
ENSMUSG00000100777,4930598F16Rik,0,0,0,0,0,0,0,0,0,0,0,0
ENSMUSG00000053925,Gm9929,0,0,0,1,0,0,0,0,0,0,1,1
ENSMUSG00000102718,Gm37761,0,0,0,0,0,1,0,0,0,0,0,0
ENSMUSG00000119061,#N/A,0,0,0,0,0,0,0,0,0,0,0,0
ENSMUSG00000100062,1700063A18Rik,0,0,0,0,0,0,0,0,0,0,0,0
ENSMUSG00002076073,#N/A,0,0,0,0,0,0,0,0,0,0,0,0
ENSMUSG00002075550,#N/A,0,0,0,0,0,0,0,0,0,0,0,0
ENSMUSG00000102658,Gm37076,0,0,0,0,0,0,0,0,0,0,0,0
ENSMUSG00000100336,Gm29601,0,0,0,0,0,1,0,0,0,0,0,0
ENSMUSG00000100589,4930533P14Rik,0,0,0,0,0,0,0,0,0,0,0,0
ENSMUSG00000119190,#N/A,0,0,0,0,0,0,0,0,0,0,0,0
ENSMUSG00000100362,Gm1833,0,0,0,0,0,0,0,0,0,0,0,0
ENSMUSG00000077255,Gm26078,0,0,0,0,0,0,0,0,0,0,0,0
ENSMUSG00000026000,Lancl1,164,259,217,219,193,93,216,264,188,180,185,164
ENSMUSG00000026659,Dusp12,467,559,394,394,488,219,398,378,559,498,433,520
ENSMUSG00000037138,Aff3,405,419,376,402,338,254,382,581,378,397,609,463
ENSMUSG00000096968,Gm26620,6,13,8,7,4,2,3,3,9,8,2,5
ENSMUSG00000040693,Slco4c1,0,0,0,0,0,1,0,0,0,0,0,1
ENSMUSG00000085391,Gm16150,0,0,0,0,0,0,0,0,0,0,0,0
ENSMUSG00000097814,Panct2,0,0,1,0,0,1,0,0,1,0,0,0
ENSMUSG00000085280,Gm16151,0,0,0,0,0,0,0,0,0,0,0,0
ENSMUSG00000070524,Fcrlb,1,1,0,0,0,0,1,0,1,0,1,0
ENSMUSG00000087131,Gm16152,0,0,0,0,0,0,0,0,0,0,0,0
ENSMUSG00000102984,Gm34727,0,0,0,0,0,0,0,0,0,0,0,0
ENSMUSG00000045463,Slco6b1,0,0,0,0,1,1,0,0,0,0,1,0
ENSMUSG00000097480,Gm9499,13,5,6,8,6,4,8,7,12,6,8,6
ENSMUSG00000100454,Gm28901,0,0,0,0,0,0,0,0,0,0,0,0
ENSMUSG00000044757,Gm6430,6,5,1,6,2,1,3,4,4,6,7,9
ENSMUSG00000025991,Cps1,0,0,0,0,0,0,0,0,0,0,0,0
ENSMUSG00000086204,Gm15668,0,0,0,0,0,0,0,0,0,0,0,0
ENSMUSG00000077745,Gm26342,0,0,0,0,0,0,0,0,0,0,0,0
ENSMUSG00000082473,Kif22-ps,0,0,0,0,0,0,0,0,0,0,0,0
ENSMUSG00002076414,#N/A,0,0,0,0,0,0,0,0,0,0,0,0
ENSMUSG00000026414,Tnnt2,187,200,301,268,316,261,292,414,243,236,143,128
ENSMUSG00000085075,Gm15669,0,0,0,0,0,0,0,0,0,0,0,0
ENSMUSG00000038421,Fcrla,0,0,0,0,0,0,0,0,0,0,0,0
ENSMUSG00000104395,Gm37957,0,0,0,0,0,0,0,0,0,0,0,0
ENSMUSG00002074910,#N/A,0,0,0,0,0,0,0,0,0,0,0,0
ENSMUSG00000089838,Gm2962,1,0,0,0,0,0,0,0,0,0,0,0
ENSMUSG00000087329,Gm15671,0,0,0,0,0,0,0,0,0,0,0,0
ENSMUSG00000104386,Gm37030,0,0,0,0,0,0,0,0,0,0,0,0
ENSMUSG00000101482,Gm28883,0,0,0,0,0,0,0,0,0,1,0,0
ENSMUSG00000026331,Slco6c1,0,0,0,0,0,0,0,0,0,0,0,0
ENSMUSG00000100484,Gm7133,0,0,0,0,0,0,0,0,0,0,0,0
ENSMUSG00000101348,Gm7135,0,0,0,0,0,0,0,0,0,0,0,0
ENSMUSG00000103179,Gm37171,0,0,0,0,0,0,0,0,0,0,0,0
ENSMUSG00000044768,D1Ertd622e,577,640,530,522,470,345,482,535,593,589,550,493
ENSMUSG00000118489,AC099860.1,6,2,1,2,1,0,0,1,8,5,1,4
ENSMUSG00000026413,Pkp1,2,0,0,0,1,3,0,1,0,0,0,2
ENSMUSG00000102414,Gm36938,0,0,0,0,0,0,0,0,0,0,0,0
ENSMUSG00000026078,Pdcl3,714,839,544,523,732,517,610,690,747,626,788,718
ENSMUSG00000062209,Erbb4,0,0,1,0,0,1,0,0,0,0,0,0
ENSMUSG00000103046,Gm37309,11,11,10,5,14,9,7,14,14,16,17,24
ENSMUSG00000104188,Gm37821,0,0,0,0,0,0,0,0,0,0,0,0
ENSMUSG00000103182,Gm37091,0,0,0,0,0,0,0,0,0,0,0,0
ENSMUSG00000102449,Gm37100,0,0,0,0,0,0,1,0,0,0,0,0
ENSMUSG00000098833,Mir6349,0,0,0,0,0,0,0,0,0,0,0,0
ENSMUSG00000083795,Gm15670,0,0,0,0,0,0,1,1,0,0,0,0
ENSMUSG00000080539,Gm25542,0,0,0,0,0,0,0,0,0,0,0,0
ENSMUSG00000103307,Gm19335,0,0,0,0,0,0,0,0,0,0,0,0
ENSMUSG00000104508,Gm37735,0,0,0,0,0,0,0,0,0,0,0,0
ENSMUSG00000103642,Gm37769,0,0,0,0,0,0,0,0,0,0,0,0
ENSMUSG00000026656,Fcgr2b,0,0,0,0,0,0,0,0,0,0,0,0
ENSMUSG00000103809,Gm37061,0,0,0,0,0,2,0,0,0,0,1,0
ENSMUSG00000087514,Gm16076,0,0,0,0,0,0,0,0,0,0,0,0
ENSMUSG00000084332,Gm8840,0,1,2,0,0,0,1,0,0,1,1,2
ENSMUSG00000101387,Pced1c-ps,0,0,0,0,0,0,0,0,0,0,0,0
ENSMUSG00000103676,Gm38204,0,0,0,0,0,0,0,0,0,0,0,0
ENSMUSG00000099804,Gm28497,0,0,0,0,0,0,0,0,0,0,0,0
ENSMUSG00000104340,Gm10522,1,0,0,0,0,0,0,0,0,0,0,0
ENSMUSG00000100354,Gm29113,0,0,0,0,0,0,0,0,0,2,0,0
ENSMUSG00000101156,Gm29114,1,0,0,0,0,0,1,1,1,2,0,0
ENSMUSG00000059089,Fcgr4,0,0,0,0,1,2,0,0,1,1,0,1
ENSMUSG00000065905,Gm26110,0,0,0,0,0,0,0,0,0,0,0,0
ENSMUSG00000026077,Npas2,90,73,99,98,85,87,103,108,74,84,43,37
ENSMUSG00000092553,Gm20428,1,0,1,0,0,0,3,0,0,0,0,0
ENSMUSG00000092563,Gm3617,3,3,7,1,1,1,0,1,2,0,1,3
ENSMUSG00000051985,Igfn1,0,2,0,0,0,2,0,0,0,0,0,0
ENSMUSG00000059498,Fcgr3,3,6,3,1,3,1,3,1,2,2,2,5
ENSMUSG00000118979,#N/A,0,0,0,0,0,0,0,0,0,0,0,0
ENSMUSG00002076366,#N/A,0,0,0,0,0,0,0,0,0,0,0,0
ENSMUSG00002075095,#N/A,0,0,0,0,0,0,0,0,0,0,0,0
ENSMUSG00000025997,Ikzf2,963,990,905,845,1997,1296,649,905,1260,1206,1435,1405
ENSMUSG00000026411,Tmem9,75,117,79,76,100,22,116,109,84,58,85,47
ENSMUSG00000073702,Rpl31,412,472,337,384,441,256,427,319,406,360,451,431
ENSMUSG00000100815,Gm29112,2,0,1,0,0,2,0,0,0,0,0,0
ENSMUSG00000099954,Gm28112,0,0,2,2,1,3,2,1,0,0,0,0
ENSMUSG00000097918,Ascl5,0,0,0,0,0,0,0,0,0,0,0,0
ENSMUSG00000103402,Gm37930,0,0,0,0,0,0,0,0,0,1,0,0
ENSMUSG00000040648,Ppip5k2,2136,2152,1830,1836,1717,1449,1246,1831,1937,1976,1911,1920
ENSMUSG00000026649,Cfap126,1,1,4,0,3,2,0,0,1,7,6,3
ENSMUSG00000053153,Spag16,0,0,0,0,1,3,0,0,0,0,0,0
ENSMUSG00002076719,#N/A,0,0,0,0,0,0,0,0,0,0,0,0
ENSMUSG00000080524,Gm23879,0,0,0,0,0,0,0,0,0,0,0,0
ENSMUSG00000101730,Gm28580,1,1,1,0,0,0,1,0,0,0,1,1
ENSMUSG00000103052,Gm38272,0,0,0,0,0,0,0,0,0,0,0,0
ENSMUSG00000104287,Gm37456,0,0,0,0,0,0,0,0,0,0,0,0
ENSMUSG00000075952,Gm23422,0,0,0,0,0,0,0,0,0,0,0,0
ENSMUSG00000058076,Sdhc,1114,1423,1085,1154,1229,398,1264,1128,1211,1012,1075,995
ENSMUSG00000045648,Vwc2l,0,0,0,0,0,0,0,0,0,0,0,0
ENSMUSG00000026333,Gin1,145,175,121,120,173,112,127,120,169,148,187,145
ENSMUSG00000003134,Tbc1d8,7,11,8,11,5,2,2,5,6,9,6,10
ENSMUSG00000026196,Bard1,227,256,336,328,445,311,367,455,264,201,378,333
ENSMUSG00000089965,Gm16236,2,1,0,2,1,1,0,5,0,1,0,3
ENSMUSG00000101551,Gm8870,7,10,9,10,13,2,10,7,5,11,4,9
ENSMUSG00000102607,Gm37265,0,0,0,0,0,0,0,0,0,0,1,0
ENSMUSG00000065629,Gm24826,0,0,0,0,0,0,0,0,0,0,0,0
ENSMUSG00002076218,#N/A,0,0,0,0,0,0,0,0,0,0,0,0
ENSMUSG00000003135,Cnot11,2241,2306,1498,1575,1507,926,1409,1612,2007,1935,1572,1517
ENSMUSG00000056569,Mpz,4,0,2,4,2,0,0,1,0,0,1,4
ENSMUSG00000085894,Gm15832,106,119,68,69,60,63,43,54,71,55,69,91
ENSMUSG00000077704,Snord89,3,11,8,3,6,0,0,1,5,2,3,8
ENSMUSG00000038370,Pcp4l1,0,0,0,1,0,0,0,0,0,0,0,0
ENSMUSG00000048234,Rnf149,2912,3156,1709,1874,1339,947,1158,1492,2652,2580,1399,1533
ENSMUSG00000050296,Abca12,0,0,0,0,0,0,0,0,0,0,1,0
ENSMUSG00000064936,Gm23722,8,13,5,9,2,3,3,3,5,4,6,3
ENSMUSG00000102471,Gm5100,0,1,0,0,2,0,0,1,3,0,0,1
ENSMUSG00000101617,Gm6947,0,0,0,0,0,0,0,0,0,0,0,0
ENSMUSG00000050967,Creg2,10,16,2,3,4,1,1,0,5,10,1,2
ENSMUSG00000097083,D930019O06Rik,0,1,1,0,1,0,0,0,0,1,0,0
ENSMUSG00000057173,Rfx8,1,7,3,5,2,6,4,3,6,6,2,6
ENSMUSG00000091937,Gm3646,0,0,0,0,0,0,0,0,0,0,0,0
ENSMUSG00000026335,Pam,48,55,47,43,55,24,49,47,45,53,57,60
ENSMUSG00000101634,1700066B17Rik,0,0,0,2,0,0,0,0,0,0,0,0
ENSMUSG00000104140,Gm37140,1,0,1,0,0,2,0,0,0,0,0,0
ENSMUSG00002076269,#N/A,0,0,0,0,0,0,0,0,0,0,0,0
ENSMUSG00000089782,Gm3531,43,44,46,34,50,16,48,45,42,34,38,26
ENSMUSG00000089706,B230216N24Rik,13,7,10,11,4,13,9,11,15,8,10,11
ENSMUSG00000119063,#N/A,0,0,0,0,0,0,0,0,0,0,0,0
ENSMUSG00000100182,1810006J02Rik,0,3,0,0,0,0,1,0,0,4,1,0
ENSMUSG00000100711,Gm29461,0,0,0,0,0,0,0,0,0,0,0,0
ENSMUSG00000097608,Gm7952,84,16,24,20,8,9,23,22,74,66,13,32
ENSMUSG00000099634,Gm29462,2,3,4,2,2,0,2,5,3,8,3,4
ENSMUSG00000026192,Atic,5374,5755,4223,4427,4735,2734,4299,5162,5260,4792,5318,4979
ENSMUSG00000005677,Nr1i3,0,1,0,0,0,0,2,0,0,0,0,0
ENSMUSG00000026336,Slco6d1,0,0,0,0,0,0,0,0,0,0,0,0
ENSMUSG00000089791,Gm3555,0,0,0,0,0,0,0,0,0,0,0,0
ENSMUSG00002075992,#N/A,0,0,0,0,0,0,0,0,0,0,0,0
ENSMUSG00000100009,Gm7967,1,0,0,3,1,3,0,1,1,3,0,2
ENSMUSG00000099686,Gm29460,0,0,0,0,0,0,0,0,0,0,0,0
ENSMUSG00000087804,Gm23434,0,0,0,0,0,0,0,0,0,0,0,0
ENSMUSG00000099453,Gm18248,0,0,0,0,0,0,0,0,0,0,0,0
ENSMUSG00000005674,Tomm40l,665,817,598,601,671,236,591,589,729,601,673,676
ENSMUSG00000026407,Cacna1s,12,24,38,31,43,9,40,28,26,21,22,25
ENSMUSG00000067028,Cntnap5b,0,0,0,0,0,1,0,0,0,0,0,0
ENSMUSG00000082431,Prdx2-ps1,0,0,0,0,2,0,0,0,1,2,0,1
ENSMUSG00000104104,Gm37877,0,0,0,0,0,2,0,0,0,0,0,0
ENSMUSG00000005681,Apoa2,11,15,6,8,8,8,3,4,16,4,4,6
ENSMUSG00000100662,Gm19029,0,0,0,0,0,0,0,0,0,0,0,0
ENSMUSG00000087883,Gm23602,0,0,0,0,0,0,0,0,0,0,0,0
ENSMUSG00000102838,Gm37014,0,0,0,0,0,0,0,0,0,0,0,0
ENSMUSG00000102717,Gm37759,0,0,0,0,0,0,0,1,1,0,0,0
ENSMUSG00000099835,Gm29668,27,14,5,6,11,2,13,7,46,39,12,14
ENSMUSG00000100794,Gm29667,22,14,10,11,2,6,9,8,21,11,4,20
ENSMUSG00000099427,Gm18700,0,0,0,0,0,0,0,0,0,0,0,0
ENSMUSG00000099892,Gm18185,0,0,0,0,0,0,0,0,0,0,0,0
ENSMUSG00000100977,Gm29334,0,0,0,0,0,0,0,0,0,0,0,0
ENSMUSG00002076597,#N/A,0,0,0,0,0,0,0,0,0,0,0,0
ENSMUSG00000086264,Gm15850,2,0,0,1,0,2,1,1,0,0,0,2
ENSMUSG00000100684,Gm20268,0,0,0,0,0,0,0,0,0,0,0,0
ENSMUSG00000058715,Fcer1g,18,23,18,22,21,18,27,34,16,21,23,23
ENSMUSG00000100088,Gm28801,0,0,0,0,0,0,0,0,0,0,0,0
ENSMUSG00000100222,Psmb6-ps2,0,1,1,1,1,0,1,0,0,2,0,0
ENSMUSG00000100065,Gm18969,0,0,0,0,0,0,0,0,0,0,0,0
ENSMUSG00000100349,Gm28188,1,0,0,0,0,0,0,0,0,0,3,0
ENSMUSG00000099375,Gm28187,22,17,13,25,11,18,3,15,17,15,19,31
ENSMUSG00000077295,Gm24122,0,0,0,0,0,0,0,0,0,0,0,0
ENSMUSG00000099770,Gm28623,0,0,0,0,0,0,0,0,0,0,0,0
ENSMUSG00000088510,Gm23036,0,0,0,0,0,0,0,0,0,0,0,0
ENSMUSG00000101890,Gm3116,0,0,0,0,0,0,0,0,0,0,0,0
ENSMUSG00000099989,Gm20281,0,1,0,0,0,0,0,0,0,0,0,0
ENSMUSG00000087908,Gm22034,0,0,0,0,0,0,0,0,0,0,0,0
ENSMUSG00000100955,Gm18728,0,0,0,0,0,1,0,0,0,0,0,0
ENSMUSG00000088594,Gm23965,0,0,0,0,0,0,0,0,0,0,0,0
ENSMUSG00000099469,Gm29141,0,0,0,0,0,0,0,0,0,0,0,0
ENSMUSG00000102325,Gm37789,0,0,0,0,0,1,0,0,0,0,1,0
ENSMUSG00000101297,Gm18447,0,0,0,0,0,0,0,0,0,0,0,0
ENSMUSG00000100059,Gm29140,0,0,0,0,0,0,0,0,0,0,0,0
ENSMUSG00002076592,#N/A,0,0,0,0,0,0,0,0,0,0,0,0
ENSMUSG00000099464,Gm5260,0,0,0,0,0,0,0,0,0,0,0,0
ENSMUSG00000100935,Gm29592,0,0,0,0,0,0,0,0,0,0,0,0
ENSMUSG00000099801,Gm29011,0,0,0,0,0,0,0,0,0,0,0,0
ENSMUSG00000050840,Cdh20,0,1,0,0,0,3,0,0,0,0,0,0
ENSMUSG00000103991,Gm38031,0,0,0,0,0,0,0,0,0,0,0,0
ENSMUSG00002075223,#N/A,0,0,0,0,0,0,0,0,0,0,0,0
ENSMUSG00000041642,Kif21b,2306,2497,3533,3532,3585,1834,2195,3638,2293,2256,2165,2123
ENSMUSG00000103060,Gm36969,0,0,0,0,0,1,0,0,0,0,0,0
ENSMUSG00000089866,Gm15699,0,0,0,0,0,0,0,0,0,0,0,0
ENSMUSG00000099669,Gm29012,0,0,0,0,0,0,0,0,0,0,0,0
ENSMUSG00000099702,Gm29013,0,0,0,1,0,0,0,0,1,0,0,0
ENSMUSG00000013593,Ndufs2,2085,2223,1660,1837,1929,916,1832,1782,2097,1796,1942,1822
ENSMUSG00000047496,Rnf152,8,6,12,9,15,11,9,9,7,3,5,10
ENSMUSG00000099582,Gm29014,0,0,0,0,0,0,0,0,0,0,0,0
ENSMUSG00000097482,Gm17634,0,0,0,0,0,0,0,0,0,0,0,0
ENSMUSG00000101214,Gm28403,0,0,0,0,0,0,0,0,0,0,0,0
ENSMUSG00000067017,Gm3608,7,23,15,12,11,6,9,16,6,4,18,8
ENSMUSG00000087230,Mroh3,0,0,0,0,0,1,0,0,0,0,0,0
ENSMUSG00000006403,Adamts4,5,10,1,11,2,3,4,1,4,3,1,0
ENSMUSG00000041605,Inava,0,0,0,0,0,2,1,1,1,0,0,0
ENSMUSG00000097315,Gm26568,0,0,0,0,0,1,0,0,0,0,0,0
ENSMUSG00000103594,A430034D21Rik,0,0,0,0,0,0,0,0,0,0,0,0
ENSMUSG00000102941,Gm37552,0,0,0,0,0,0,0,0,0,0,0,0
ENSMUSG00000097433,Gm26781,1,0,2,1,0,0,0,1,0,0,0,0
ENSMUSG00000052759,Gpr25,1,1,1,4,0,0,0,0,1,1,0,2
ENSMUSG00000056536,Pign,523,482,492,449,396,270,359,436,442,414,393,393
ENSMUSG00000100672,Gm28404,1,1,0,2,0,0,0,0,0,1,0,1
ENSMUSG00000101219,Gm20302,3,1,0,0,0,0,0,0,1,1,0,0
ENSMUSG00002075378,#N/A,0,0,0,0,0,0,0,0,0,0,0,0
ENSMUSG00000101656,Gm8004,0,0,0,0,0,0,0,0,0,1,0,0
ENSMUSG00000041570,Camsap2,1132,1112,1066,1011,1240,1000,782,1258,1045,1009,1105,1059
ENSMUSG00000097403,9230116N13Rik,11,9,3,7,13,9,7,8,10,12,8,9
ENSMUSG00000026404,Ddx59,150,155,127,147,172,95,101,132,138,134,147,153
ENSMUSG00000041498,Kif14,427,415,369,347,574,521,386,584,372,294,626,502
ENSMUSG00000099337,Gm29486,0,0,0,1,1,0,1,0,0,0,0,0
ENSMUSG00000101413,Gm29485,0,0,0,0,0,0,0,0,0,0,0,0
ENSMUSG00000104414,Gm37799,0,0,0,0,0,0,0,0,0,0,0,0
ENSMUSG00000104509,Gm33994,7,6,5,9,8,10,3,10,9,20,12,10
ENSMUSG00000104366,4933409D19Rik,0,0,0,0,0,0,0,0,1,0,0,0
ENSMUSG00000097229,Platr23,0,2,1,5,2,1,3,3,1,1,5,2
ENSMUSG00000041483,Zfp281,1951,1905,1922,1799,1772,1357,1616,1960,2012,2086,2360,1998
ENSMUSG00000097113,Gm19705,20,15,31,42,20,22,30,18,23,21,17,21
ENSMUSG00000097448,Platr22,0,0,0,0,0,1,0,0,0,0,0,0
ENSMUSG00000092912,Gm24086,0,0,0,0,0,0,0,0,0,0,0,0
ENSMUSG00002076813,#N/A,0,0,0,0,0,0,0,0,0,0,0,0
ENSMUSG00000104360,Gm8762,0,0,1,1,0,0,0,0,1,1,0,0
ENSMUSG00000103953,Gm29718,1,0,0,0,0,0,0,0,0,0,1,2
ENSMUSG00000104261,Gm17781,0,0,0,0,0,0,0,0,0,0,0,0
ENSMUSG00000026398,Nr5a2,1,0,1,0,0,1,0,0,0,0,2,0
ENSMUSG00000088970,Gm23763,0,0,0,0,0,0,0,0,0,0,0,0
ENSMUSG00000077207,Gm25609,0,0,0,0,0,0,0,0,0,0,0,0
ENSMUSG00000102751,Gm37057,0,0,0,0,0,0,0,0,0,0,0,0
ENSMUSG00000102738,1700006P03Rik,0,0,0,0,0,0,0,0,0,0,0,0
ENSMUSG00000088164,Gm23534,0,0,0,0,0,0,0,0,0,0,0,0
ENSMUSG00000103070,Gm37903,0,0,0,0,0,0,0,0,0,0,0,0
ENSMUSG00000088715,Gm22727,0,0,0,0,0,0,0,0,0,0,0,0
ENSMUSG00000103728,Gm37099,0,1,0,0,0,11,0,2,0,1,2,1
ENSMUSG00000104112,Gm37293,0,0,0,0,0,0,0,0,0,0,0,0
ENSMUSG00000098243,Gm4258,3,0,0,0,0,5,1,0,1,0,0,0
ENSMUSG00000104118,Gm37298,2,0,1,1,1,1,0,0,0,0,1,1
ENSMUSG00000098045,Gm26979,0,0,0,0,0,0,0,0,0,0,0,0
ENSMUSG00000103038,Gm37124,0,0,1,0,0,0,0,0,0,1,0,0
ENSMUSG00000102277,A130050O07Rik,0,0,0,0,0,2,0,0,0,0,0,3
ENSMUSG00000098145,Gm26936,0,0,0,0,0,0,0,0,0,0,0,0
ENSMUSG00000102142,Gm26930,0,2,0,1,0,0,0,0,0,0,0,0
ENSMUSG00000026074,Map4k4,2984,2967,2605,2848,2177,1839,2120,2909,2616,2506,2007,1842
ENSMUSG00000104145,D130019J16Rik,0,2,0,2,0,2,0,0,0,0,0,1
ENSMUSG00000103427,Gm37534,2,2,1,2,1,4,0,0,0,0,5,1
ENSMUSG00000065565,Mir181a-1,0,0,0,0,0,0,0,0,0,0,0,0
ENSMUSG00000098206,Mir181a-1hg,3,3,3,5,2,3,2,1,0,2,5,4
ENSMUSG00000065458,Mir181b-1,0,0,0,0,0,0,0,0,0,0,0,0
ENSMUSG00000104197,Gm37632,3,0,0,0,1,1,0,0,0,0,0,0
ENSMUSG00002075181,#N/A,0,0,0,0,0,0,0,0,0,0,0,0
ENSMUSG00000102985,4930456G14Rik,2,0,3,4,2,2,2,0,0,1,1,0
ENSMUSG00000026319,Relch,862,914,712,781,590,352,496,723,700,703,651,560
ENSMUSG00000104044,Gm37566,2,1,6,3,4,1,0,10,2,5,4,6
ENSMUSG00000101330,Gm10193,0,0,0,0,1,0,0,0,0,0,1,0
ENSMUSG00000026073,Il1r2,1087,1289,1016,1082,666,356,649,599,1057,981,436,544
ENSMUSG00000097899,Gm16894,1,3,4,1,3,1,0,0,1,2,0,0
ENSMUSG00000102975,Gm37347,0,1,1,2,4,4,0,3,5,2,3,0
ENSMUSG00000026321,Tnfrsf11a,2,6,1,2,3,4,2,3,2,0,1,0
ENSMUSG00000102690,Gm37779,0,0,0,0,0,0,0,0,0,0,0,0
ENSMUSG00000118795,#N/A,0,0,0,0,0,0,0,0,0,0,0,0
ENSMUSG00000099448,Gm18801,0,0,0,0,0,0,0,0,0,0,0,0
ENSMUSG00000099843,Gm7160,18,27,30,13,28,14,21,24,21,29,21,16
ENSMUSG00000102693,4933401J01Rik,0,0,0,0,0,0,0,0,0,0,0,0
ENSMUSG00000064842,Gm26206,0,0,0,0,0,0,0,0,0,0,0,0
ENSMUSG00000051951,Xkr4,0,0,0,0,0,5,0,0,0,0,0,0
ENSMUSG00000102851,Gm18956,0,0,0,0,0,0,0,0,0,0,0,0
ENSMUSG00000103377,Gm37180,0,0,0,0,0,0,0,0,0,0,0,0
ENSMUSG00000104017,Gm37363,0,0,0,0,0,2,0,0,0,0,0,0
ENSMUSG00000103025,Gm37686,0,0,0,0,0,0,0,0,0,0,0,0
ENSMUSG00000089699,Gm1992,0,0,0,0,0,0,0,0,0,0,0,0
ENSMUSG00000103201,Gm37329,0,0,0,0,0,0,0,0,0,0,0,0
ENSMUSG00000103147,Gm7341,0,0,0,0,1,0,0,0,1,0,0,0
ENSMUSG00000103161,Gm38148,0,0,0,0,0,0,0,1,0,0,0,0
ENSMUSG00000102331,Gm19938,0,0,0,0,0,0,0,0,0,0,0,0
ENSMUSG00000102348,Gm10568,0,0,0,0,0,0,0,0,0,0,0,0
ENSMUSG00000102592,Gm38385,0,0,0,0,0,0,0,0,0,0,0,0
ENSMUSG00000088333,Gm27396,0,0,0,0,0,0,0,0,0,0,0,0
ENSMUSG00000102343,Gm37381,0,0,0,0,0,0,0,0,0,0,0,0
ENSMUSG00000025900,Rp1,0,0,0,0,0,0,0,0,0,0,1,0
ENSMUSG00000102948,Gm6101,0,0,0,0,0,0,0,0,0,0,1,1
ENSMUSG00000104123,Gm37483,0,0,0,0,0,0,0,0,0,0,0,0
ENSMUSG00000026072,Il1r1,130,141,171,148,67,43,69,103,66,62,37,36
ENSMUSG00000103560,Gm38070,2,2,2,3,1,1,0,1,1,0,1,1
ENSMUSG00000025902,Sox17,0,0,0,0,0,0,0,0,0,0,0,0
ENSMUSG00000104238,Gm37587,0,0,0,0,0,0,0,0,0,0,0,0
ENSMUSG00000102269,Gm7357,0,0,0,0,0,1,0,0,1,1,0,0
ENSMUSG00000118917,#N/A,0,0,0,0,0,0,0,0,0,0,0,0
ENSMUSG00000103003,Gm38076,0,0,0,0,0,0,0,0,0,0,0,0
ENSMUSG00000104328,Gm37323,0,0,0,0,0,1,0,0,0,0,1,0
ENSMUSG00000102735,Gm7369,0,0,0,0,0,0,0,0,0,0,0,0
ENSMUSG00000098104,Gm6085,23,50,28,44,30,20,43,40,20,29,24,20
ENSMUSG00000102175,Gm6119,0,0,0,1,0,0,0,0,1,0,0,0
ENSMUSG00002075947,#N/A,0,0,0,0,0,0,0,0,0,0,1,0
ENSMUSG00000103265,Gm2053,0,0,0,0,0,0,0,0,0,1,1,0
ENSMUSG00000103922,Gm6123,1,3,1,0,0,0,1,0,1,0,0,1
ENSMUSG00000038866,Zcchc2,2567,2705,2193,2015,2109,1807,1681,2365,2484,2132,2507,2193
ENSMUSG00000070942,Il1rl2,252,264,249,309,134,86,177,217,206,209,106,68
ENSMUSG00000102501,Gm37372,0,0,0,0,0,1,0,0,0,0,3,0
ENSMUSG00000103230,Gm17970,2,1,2,0,3,5,1,0,2,0,1,2
ENSMUSG00000097612,Gm26509,1,0,0,1,0,2,0,1,0,1,1,0
ENSMUSG00000101583,Gm20753,0,0,0,0,0,0,0,0,0,0,0,0
ENSMUSG00000044340,Phlpp1,411,428,540,543,581,371,507,635,393,333,351,387
ENSMUSG00000103291,Gm38235,0,2,0,0,0,3,1,1,1,1,0,1
ENSMUSG00000100247,A530053M12Rik,0,0,0,0,0,0,0,0,0,0,0,0
ENSMUSG00000099604,Gm6651,1,0,0,0,0,0,0,0,0,0,0,0
ENSMUSG00000057329,Bcl2,1657,1874,1416,1534,954,635,1323,1601,1478,1523,1469,1341
ENSMUSG00000033845,Mrpl15,2380,2498,1945,2101,2658,1255,2079,2143,2495,2218,2679,2575
ENSMUSG00000054006,D630008O14Rik,1,0,1,2,2,1,1,2,2,3,1,0
ENSMUSG00000102275,Gm37144,32,45,39,34,19,10,41,36,39,37,29,35
ENSMUSG00000098344,Mir3473f,1,0,1,0,0,0,0,0,0,0,0,0
ENSMUSG00000103348,Gm37053,2,3,2,2,2,3,0,1,2,2,2,3
ENSMUSG00000009905,Kdsr,396,370,316,332,304,190,311,329,376,363,335,310
ENSMUSG00000026069,Il1rl1,1896,2113,1808,1686,1744,1270,949,1327,1299,1208,1422,1300
ENSMUSG00000009907,Vps4b,2593,2775,2172,2137,2067,1534,1807,2066,2470,2435,2212,2014
ENSMUSG00000067006,Serpinb5,40,38,30,31,17,3,39,39,50,41,12,17
ENSMUSG00000083613,Pou2f3-rs1,0,0,0,0,0,0,0,0,0,0,0,0
ENSMUSG00000026070,Il18r1,2995,3507,2784,2967,2574,2279,1793,2294,2477,2463,2067,1976
ENSMUSG00000059956,Serpinb12,0,0,0,0,0,0,0,0,0,0,0,0
ENSMUSG00000026395,Ptprc,40017,43485,34341,34167,32854,26463,25287,34852,36369,38405,34696,31938
ENSMUSG00000048775,Serpinb13,0,0,0,0,0,2,0,0,0,0,0,0
ENSMUSG00000026068,Il18rap,2199,2506,2005,2198,1542,874,1266,1645,1771,1765,988,832
ENSMUSG00000084228,Gm8080,0,0,0,0,0,0,0,0,0,0,0,0
ENSMUSG00000104441,Gm35801,0,0,0,0,0,0,0,0,0,0,0,0
ENSMUSG00000044594,Serpinb3a,0,0,0,0,0,0,0,0,0,0,0,0
ENSMUSG00000104291,A130071D04Rik,53,63,104,64,65,106,79,83,78,69,52,73
ENSMUSG00000099656,Gm18667,0,0,0,0,0,0,0,0,0,0,0,0
ENSMUSG00000091993,B930036N10Rik,66,65,63,58,25,22,88,69,71,68,34,16
ENSMUSG00000119640,#N/A,0,0,0,0,0,0,0,0,0,0,0,0
ENSMUSG00000099459,Gm28556,1,1,2,1,2,0,4,0,1,3,0,0
ENSMUSG00000102822,1700113B19Rik,0,0,0,0,0,0,0,0,0,0,0,0
ENSMUSG00000060244,Alyref2,75,83,51,67,55,40,52,60,86,70,54,47
ENSMUSG00000026065,Slc9a4,0,0,0,0,1,0,0,0,0,0,0,0
ENSMUSG00000038218,Gm9765,0,0,0,0,0,0,0,0,0,0,0,0
ENSMUSG00000058017,Serpinb3d,0,0,0,0,0,0,0,0,0,0,0,0
ENSMUSG00000026394,Atp6v1g3,0,0,0,1,3,0,0,0,0,0,0,1
ENSMUSG00000102676,Gm37435,0,0,0,0,0,0,0,0,0,0,0,0
ENSMUSG00000101793,Gm28500,0,0,0,0,0,0,0,0,0,0,0,0
ENSMUSG00000083884,Gm15388,0,0,0,0,0,0,0,1,0,0,0,0
ENSMUSG00000025903,Lypla1,1132,740,849,673,702,898,833,917,1000,1008,1116,948
ENSMUSG00000073602,Serpinb3b,0,0,0,0,0,0,0,0,0,0,0,0
ENSMUSG00000026062,Slc9a2,3,5,6,6,2,4,0,3,5,4,2,4
ENSMUSG00000104217,Gm37988,0,0,0,0,0,0,0,0,0,0,0,0
ENSMUSG00000080729,Gm8084,0,0,0,0,0,0,0,0,0,0,0,0
ENSMUSG00000081114,Gm15390,0,0,0,0,0,0,0,0,0,0,0,0
ENSMUSG00000103679,Gm37623,0,0,0,0,0,0,0,0,0,0,0,0
ENSMUSG00000103270,Gm37915,0,0,0,0,0,0,0,0,0,0,0,0
ENSMUSG00000038209,Itln1,0,0,0,0,0,1,0,0,0,0,0,1
ENSMUSG00000073601,Serpinb3c,0,0,0,0,0,0,0,0,0,0,0,0
ENSMUSG00000084189,Gm8089,0,0,0,0,0,0,0,0,0,0,0,0
ENSMUSG00000103980,Gm37450,0,0,0,0,0,0,0,0,0,0,0,0
ENSMUSG00000041945,Mfsd9,10,16,11,15,10,5,7,13,9,10,11,8
ENSMUSG00000026393,Nek7,3051,3128,2736,2603,2551,2125,2351,2895,3229,2846,2575,2400
ENSMUSG00000099510,Gm28501,0,0,0,0,0,0,0,0,0,0,0,0
ENSMUSG00000026327,Serpinb11,0,0,0,0,0,0,0,0,0,0,0,0
ENSMUSG00000102651,Gm37080,2,3,3,3,0,5,3,5,0,2,2,2
ENSMUSG00000087210,Gm15391,0,0,0,0,0,0,0,0,0,0,0,0
ENSMUSG00000102448,Gm37101,7,3,15,6,4,1,3,2,6,4,6,4
ENSMUSG00000079588,Tmem182,0,0,0,0,0,2,0,0,0,0,0,0
ENSMUSG00000094136,Gm5973,0,0,0,0,0,0,0,0,0,0,0,0
ENSMUSG00000100459,Gm5833,0,0,0,0,0,7,0,0,0,0,0,0
ENSMUSG00000104072,4930448I06Rik,0,0,0,0,0,0,0,0,0,0,0,0
ENSMUSG00000103152,Gm8790,0,0,0,0,0,0,0,0,0,0,1,0
ENSMUSG00000100185,Gm28634,0,0,0,0,0,0,0,0,0,0,0,0
ENSMUSG00000033813,Tcea1,655,640,535,503,567,511,515,609,676,571,606,581
ENSMUSG00000100832,Gm29260,0,0,0,0,0,0,0,0,0,0,0,0
ENSMUSG00000062588,Gm6104,0,1,0,2,1,0,1,1,0,3,2,0
ENSMUSG00000103280,Gm37277,0,0,0,0,0,0,0,0,0,0,0,0
ENSMUSG00000100178,Gm5267,0,0,0,0,0,0,0,0,0,0,0,0
ENSMUSG00000101877,Gm8176,0,0,0,0,0,0,0,0,0,0,0,0
ENSMUSG00000004709,Cd244a,43,59,67,55,36,25,19,34,52,44,47,27
ENSMUSG00000053640,Gm9915,0,0,0,0,0,0,0,0,0,0,0,0
ENSMUSG00000067001,Serpinb7,0,0,0,0,0,0,0,0,0,0,0,0
ENSMUSG00000101919,Gm29664,0,0,0,0,0,0,0,0,0,0,0,0
ENSMUSG00000101299,Gm28175,0,0,0,0,0,0,0,0,0,0,0,0
ENSMUSG00000026193,Fn1,36,32,31,22,23,11,14,13,25,17,12,14
ENSMUSG00000100180,Gm28140,0,0,0,0,0,1,0,0,0,0,0,0
ENSMUSG00000103106,Gm37047,0,0,0,0,0,0,0,0,0,0,0,0
ENSMUSG00000060424,Pantr1,0,0,0,0,0,0,0,0,0,0,0,0
ENSMUSG00000073652,Apol7d,0,1,1,0,0,4,2,0,0,0,1,0
ENSMUSG00000104199,4930420N18Rik,0,0,0,0,0,0,0,0,0,0,0,0
ENSMUSG00000101834,Gm5829,0,0,0,0,0,0,0,1,0,0,0,0
ENSMUSG00000100319,Gm5256,1,1,1,0,0,0,1,0,2,1,1,0
ENSMUSG00000002459,Rgs20,0,0,0,0,0,0,0,0,0,0,0,0
ENSMUSG00000093436,Gm20646,0,0,0,0,0,0,0,0,0,0,0,0
ENSMUSG00000102689,Gm37217,0,0,0,0,0,1,0,0,0,0,1,0
ENSMUSG00000091305,Gm17100,0,0,0,0,0,0,0,0,0,0,0,0
ENSMUSG00000102653,Gm37079,0,0,0,0,1,3,0,0,0,0,2,0
ENSMUSG00000045515,Pou3f3,0,0,0,0,3,7,0,0,0,0,1,1
ENSMUSG00000085623,Gm16041,0,0,0,0,0,0,0,0,0,0,0,0
ENSMUSG00000099707,Gm8883,0,0,0,0,0,0,0,0,0,0,0,0
ENSMUSG00000091665,Gm17101,0,0,0,0,0,0,0,0,0,0,0,0
ENSMUSG00000097063,Pantr2,0,0,0,0,0,0,0,0,0,0,0,0
ENSMUSG00000099784,Dalir,0,0,0,0,0,2,0,0,0,0,0,0
ENSMUSG00000101211,Gm28818,0,0,0,0,0,0,0,0,0,0,0,0
ENSMUSG00000101848,4933417E11Rik,0,0,0,0,0,0,0,0,0,0,0,0
ENSMUSG00000101764,4930556G22Rik,0,0,0,0,0,0,0,0,0,0,0,0
ENSMUSG00000059483,Gm5528,5,4,5,8,7,0,8,3,6,4,7,7
ENSMUSG00000101496,Gm8885,0,3,0,3,3,0,3,1,1,4,2,1
ENSMUSG00000019230,Lhx9,1,6,7,5,6,6,3,3,3,1,1,8
ENSMUSG00000102123,Gm4319,0,0,0,0,0,0,0,0,0,0,0,0
ENSMUSG00000039395,Mreg,8,26,11,18,19,4,10,19,16,9,15,22
ENSMUSG00000118839,#N/A,0,0,0,0,1,1,2,0,2,0,0,2
ENSMUSG00000119668,#N/A,0,0,0,0,0,0,0,0,0,0,0,0
ENSMUSG00000079283,2310009B15Rik,54,71,51,62,74,21,59,68,61,65,53,61
ENSMUSG00000119873,#N/A,0,0,0,0,0,1,0,0,1,0,1,0
ENSMUSG00000026315,Serpinb8,0,0,0,0,0,0,0,0,1,0,0,0
ENSMUSG00000118790,#N/A,0,0,0,0,3,0,3,0,0,0,2,1
ENSMUSG00000099808,1700019P21Rik,0,0,0,0,0,0,0,0,0,0,0,0
ENSMUSG00002076567,#N/A,0,0,0,0,0,0,0,0,0,0,0,0
ENSMUSG00000086161,Gm15389,0,0,0,0,0,0,0,0,0,0,0,0
ENSMUSG00000103850,Gm3933,0,1,0,0,0,0,0,0,0,0,0,0
ENSMUSG00000119815,#N/A,0,0,0,0,0,0,0,0,0,0,0,0
ENSMUSG00000102365,Gm37045,14,10,8,5,0,5,10,7,15,7,1,4
ENSMUSG00000077237,Gm22438,0,0,0,0,0,0,0,0,0,0,0,0
ENSMUSG00000100457,D830032E09Rik,0,0,0,0,0,0,0,0,0,0,0,0
ENSMUSG00000101477,Gm18448,0,0,0,0,0,0,0,0,0,0,0,0
ENSMUSG00000099484,Gm28282,0,0,0,0,0,0,0,0,0,0,0,0
ENSMUSG00000100041,Gm5702,0,0,0,2,1,0,0,3,2,6,0,3
ENSMUSG00000060679,Mrps9,1229,1356,1093,1117,1173,762,1049,1242,1322,1149,1212,1171
ENSMUSG00000004707,Ly9,2615,2970,2227,2261,2711,1566,1929,2256,2893,2559,2450,2287
ENSMUSG00000077448,Gm23126,0,0,0,0,0,0,0,0,0,0,0,0
ENSMUSG00000026189,Pecr,192,233,145,158,177,89,166,148,191,167,204,207
ENSMUSG00000041907,Gpr45,3,9,5,6,11,7,3,12,9,4,7,4
ENSMUSG00002075628,#N/A,0,0,0,0,0,0,0,0,0,0,0,0
ENSMUSG00000026188,Tmem169,1,1,0,1,0,1,0,1,1,0,0,0
ENSMUSG00000026187,Xrcc5,1501,1736,1237,1249,1456,1101,1039,1196,1573,1412,1573,1409
ENSMUSG00000039372,44624,0,0,0,0,0,2,0,0,1,0,0,0
ENSMUSG00000085812,Gm15843,1,0,4,2,2,0,3,2,0,1,0,1
ENSMUSG00000033793,Atp6v1h,656,758,546,536,577,264,467,506,733,628,664,663
ENSMUSG00000070939,Tgfbrap1,1514,1722,1206,1230,1199,658,1014,1218,1482,1340,1333,1222
ENSMUSG00000104352,Gm7182,0,0,0,0,0,0,0,0,0,0,0,0
ENSMUSG00000104046,Gm37567,0,0,0,0,0,0,0,0,0,0,0,0
ENSMUSG00000102907,Gm38264,0,0,0,0,0,0,0,0,0,0,0,0
ENSMUSG00000100269,Gm28782,0,0,0,0,0,0,0,0,0,0,0,0
ENSMUSG00000041878,8430432A02Rik,2,0,2,4,1,4,2,2,4,2,3,5
ENSMUSG00000010290,AI597479,780,845,614,652,780,496,590,605,769,690,737,731
ENSMUSG00000038179,Slamf7,4602,4926,3814,3864,2373,1932,2196,3067,3629,3265,2062,1834
ENSMUSG00000103219,Gm37787,1,0,0,2,2,2,0,0,0,2,2,0
ENSMUSG00000025905,Oprk1,0,0,0,0,0,0,0,0,0,0,0,0
ENSMUSG00000098316,Mir7683,2,0,1,0,0,0,0,0,0,2,0,0
ENSMUSG00000103936,Gm36965,0,0,0,0,1,0,0,0,0,0,0,0
ENSMUSG00000103083,A630035G10Rik,6,2,4,4,4,1,1,3,3,9,1,2
ENSMUSG00002076544,#N/A,0,0,0,0,0,0,0,0,0,0,0,0
ENSMUSG00000103137,Gm37981,1,2,0,1,0,0,0,0,1,2,0,1
ENSMUSG00000103519,Gm37429,0,0,0,0,0,0,0,0,0,0,0,0
ENSMUSG00000033774,Npbwr1,0,0,0,0,0,0,0,0,0,0,0,0
ENSMUSG00000103090,Gm19214,0,0,0,0,0,0,0,0,0,0,0,0
ENSMUSG00000008136,Fhl2,1263,1450,1150,1238,759,421,888,852,1220,1005,470,437
ENSMUSG00000094497,Gm8210,0,0,0,1,0,0,0,0,0,0,0,0
ENSMUSG00000099576,Gm29040,1,0,1,0,0,0,2,2,0,2,0,0
ENSMUSG00000015355,Cd48,1608,2069,1394,1492,2080,1281,1576,1432,1752,1541,1913,1840
ENSMUSG00000099694,Gm29610,0,5,4,1,1,2,0,2,2,2,0,0
ENSMUSG00000103883,Gm37010,15,21,17,17,12,8,8,13,12,12,16,20
ENSMUSG00000101923,Gm29041,0,0,0,0,1,0,0,0,0,0,0,0
ENSMUSG00000059058,Tma7-ps,0,0,0,0,0,0,0,0,0,0,1,0
ENSMUSG00000104224,Gm37693,0,0,0,0,0,0,0,0,0,0,0,0
ENSMUSG00000104440,Gm19030,0,0,0,0,0,0,0,0,0,0,0,0
ENSMUSG00002075752,#N/A,0,0,0,0,0,0,0,0,0,0,0,0
ENSMUSG00000119062,#N/A,0,0,0,0,0,0,0,0,0,0,0,0
ENSMUSG00000056268,Dennd1b,1799,1857,1578,1465,1216,974,966,1412,1598,1565,1508,1496
ENSMUSG00000066877,Nck2,273,286,268,254,197,147,210,256,277,244,223,190
ENSMUSG00000103422,Gm37536,2,0,3,1,0,0,0,3,0,0,2,3
ENSMUSG00000103945,Gm38228,39,30,22,24,17,14,17,30,22,19,13,14
ENSMUSG00000104436,Gm37423,11,11,11,17,9,14,2,17,11,21,11,15
ENSMUSG00000104900,4930596I21Rik,8,9,3,4,2,8,1,3,2,8,1,3
ENSMUSG00000026051,Ecrg4,0,0,0,0,0,0,0,0,0,0,0,0
ENSMUSG00000102626,Gm18553,0,0,0,0,0,0,0,0,0,0,0,0
ENSMUSG00000015316,Slamf1,2768,3101,2120,2321,1625,1166,1805,1878,2390,2246,1645,1382
ENSMUSG00000085361,Gm16305,0,1,0,0,0,0,0,1,0,0,0,1
ENSMUSG00000102157,Gm37470,4,2,2,5,2,8,3,4,3,6,1,1
ENSMUSG00000105936,Gm43544,6,4,2,6,8,2,11,5,4,3,1,4
ENSMUSG00000102451,Gm37655,0,0,0,0,0,0,0,0,0,0,0,0
ENSMUSG00000085481,Gm16304,1,1,0,1,1,0,0,0,1,4,1,0
ENSMUSG00000102243,Gm37718,9,4,16,4,6,3,2,5,11,7,2,7
ENSMUSG00000039354,Smarcal1,557,570,478,481,535,235,387,466,534,478,599,538
ENSMUSG00000110712,Gm39662,0,0,0,0,0,0,0,0,0,0,0,0
ENSMUSG00000063681,Crb1,0,0,0,0,0,0,0,0,0,0,0,0
ENSMUSG00000103844,4933436E23Rik,0,0,0,0,0,0,0,0,0,0,0,0
ENSMUSG00000102661,Gm34816,0,0,0,0,0,0,0,0,0,0,0,0
ENSMUSG00000025907,Rb1cc1,698,722,593,611,538,619,393,691,559,627,589,559
ENSMUSG00000033964,Zbtb41,833,885,665,654,717,709,471,701,622,818,889,817
ENSMUSG00000090031,4732440D04Rik,28,22,21,34,48,52,15,29,35,42,65,75
ENSMUSG00000039342,Ankar,1,0,1,0,2,0,0,0,1,0,2,0
ENSMUSG00000087247,Alkal1,0,0,0,0,1,0,0,0,0,0,0,0
ENSMUSG00000103355,Gm2147,0,0,0,1,0,0,0,0,0,0,0,0
ENSMUSG00000102706,Gm7417,0,0,0,0,0,0,0,0,0,0,0,0
ENSMUSG00000110487,Gm18035,0,0,0,0,0,1,0,0,0,0,0,0
ENSMUSG00000103845,Gm19026,15,15,17,20,9,8,12,19,11,10,8,9
ENSMUSG00000110596,Gm45859,0,0,0,0,0,0,0,0,0,0,0,0
ENSMUSG00000046330,Rpl37a,1079,1488,1039,1151,1097,577,1146,926,1194,1037,796,952
ENSMUSG00000039323,Igfbp2,0,0,0,1,0,1,0,0,0,0,0,0
ENSMUSG00000026185,Igfbp5,0,0,2,0,0,1,0,0,0,0,1,0
ENSMUSG00000101968,1700027A15Rik,0,0,0,0,0,0,0,0,0,0,0,0
ENSMUSG00000026182,Tnp1,0,0,0,0,0,0,0,0,0,0,0,0
ENSMUSG00000102266,Gm38106,0,0,0,0,1,0,0,0,0,0,0,0
ENSMUSG00000101112,Gm29185,0,0,0,0,0,0,0,0,0,0,0,0
ENSMUSG00000100697,Gm29184,0,0,0,0,0,0,0,0,0,0,0,0
ENSMUSG00000026556,Vangl2,4,10,4,3,9,13,7,7,4,9,9,9
ENSMUSG00000099877,Pinc,0,0,0,0,0,0,0,0,0,0,0,0
ENSMUSG00002076669,#N/A,0,0,0,0,0,0,0,0,0,0,0,0
ENSMUSG00000101812,D530049I02Rik,0,0,0,0,0,1,0,0,0,0,0,0
ENSMUSG00000100044,Gm9553,0,0,0,0,0,0,0,0,0,0,0,0
ENSMUSG00000051251,Nhlh1,0,1,0,0,0,1,0,0,0,0,2,1
ENSMUSG00000100444,C530043A13Rik,0,0,0,3,0,2,0,0,0,0,0,1
ENSMUSG00000100429,Gm29186,0,0,0,0,0,0,0,0,0,0,0,0
ENSMUSG00000033952,Aspm,1004,974,1033,1065,1676,1483,874,1468,873,872,1363,1427
ENSMUSG00000100301,6030407O03Rik,0,0,0,0,0,1,0,0,0,0,0,0
ENSMUSG00000101344,Gm29183,0,0,0,0,0,0,0,0,0,0,0,0
ENSMUSG00002076885,#N/A,0,0,0,0,0,0,0,0,0,0,0,0
ENSMUSG00000098504,Mir6351,0,0,0,0,0,0,0,0,0,0,0,0
ENSMUSG00000026368,F13b,0,0,0,0,0,0,0,0,0,0,1,0
ENSMUSG00000057037,Cfhr1,0,0,0,0,0,1,0,0,0,0,0,0
ENSMUSG00000090623,Cfhr3,0,0,0,0,0,0,0,0,0,0,0,0
ENSMUSG00000119797,#N/A,0,0,0,0,0,0,0,0,0,0,0,0
ENSMUSG00000003458,Ncstn,2384,2438,1869,1914,1774,924,1742,1918,2077,1861,1797,1653
ENSMUSG00000070594,Gm4788,0,0,0,0,0,1,0,0,0,0,0,0
ENSMUSG00000119360,#N/A,0,0,0,0,0,0,0,0,0,0,0,0
ENSMUSG00000033898,Cfhr2,0,0,0,0,0,0,0,0,0,0,0,0
ENSMUSG00000089991,Gm16332,0,0,0,0,0,0,0,0,0,0,0,0
ENSMUSG00000104496,Gm5837,11,18,14,12,18,8,12,10,18,13,20,10
ENSMUSG00000085867,Gm5834,0,0,0,0,1,1,0,0,0,0,0,0
ENSMUSG00000102905,Gm38266,0,0,0,0,0,0,0,0,0,0,0,0
ENSMUSG00000087930,Gm26048,0,0,0,0,0,0,0,0,0,0,0,0
ENSMUSG00000103691,Gm38019,0,0,0,0,0,0,0,0,0,0,0,0
ENSMUSG00000026553,Copa,6074,6764,5077,5160,5322,3211,4111,5591,5377,5028,5133,4559
ENSMUSG00000102779,Gm38164,1,2,1,0,2,0,0,2,1,0,3,1
ENSMUSG00000103380,Gm37756,1,1,0,0,0,1,0,0,1,0,0,0
ENSMUSG00000003464,Pex19,747,911,699,771,779,325,784,843,811,794,782,684
ENSMUSG00000089803,Gm10171,0,0,0,0,0,0,0,0,0,0,0,0
ENSMUSG00000055322,Tns1,1837,1956,1282,1350,836,370,772,1064,1401,1335,670,614
ENSMUSG00000026365,Cfh,0,0,0,0,0,0,0,0,0,0,0,0
ENSMUSG00000026554,Dcaf8,1855,1860,1543,1624,1554,883,1278,1750,1763,1545,1627,1612
ENSMUSG00000013698,Pea15a,306,387,259,257,131,96,208,246,284,268,150,145
ENSMUSG00000061815,Rufy4,13,6,11,4,6,4,6,9,4,4,1,1
ENSMUSG00000026180,Cxcr2,7,4,13,5,4,1,4,9,1,6,0,1
ENSMUSG00000007122,Casq1,0,0,0,0,3,0,1,1,0,0,1,0
ENSMUSG00000048480,Cxcr1,12,16,16,19,4,4,21,17,5,19,6,7
ENSMUSG00000087820,Mir1928,0,0,0,0,0,0,0,0,0,0,0,0
ENSMUSG00000092085,Gm17224,0,2,0,1,0,0,0,2,3,1,0,0
ENSMUSG00000118939,#N/A,0,0,0,0,0,0,0,0,0,0,0,0
ENSMUSG00000052726,Kcnt2,0,0,1,0,0,1,0,0,0,0,0,0
ENSMUSG00000102698,Gm37777,0,0,0,0,2,1,0,0,0,0,0,0
ENSMUSG00000102368,4930590L20Rik,0,0,0,0,0,0,0,0,0,0,0,0
ENSMUSG00000102500,Gm37371,0,0,1,1,0,0,0,0,0,0,0,0
ENSMUSG00000095238,Gm4845,0,0,0,0,0,0,0,0,0,0,0,0
ENSMUSG00000033740,St18,7,4,4,6,5,10,9,10,11,2,4,3
ENSMUSG00000118759,#N/A,0,0,0,0,0,0,0,0,0,0,0,0
ENSMUSG00002075391,#N/A,0,0,0,0,0,0,0,0,0,0,0,0
ENSMUSG00000007107,Atp1a4,0,0,0,0,0,0,0,0,0,0,1,0
ENSMUSG00000102740,Gm37599,0,0,0,0,0,0,0,0,0,0,0,1
ENSMUSG00000104147,Gm37142,0,0,0,0,0,0,0,0,0,0,0,0
ENSMUSG00000103858,Gm37604,0,0,0,0,0,0,0,0,0,0,0,0
ENSMUSG00000099671,Gm18183,0,0,0,0,0,0,0,0,0,0,0,0
ENSMUSG00000103890,Gm28724,0,0,0,0,0,0,0,0,0,0,0,0
ENSMUSG00000103617,Gm37950,0,0,0,0,0,0,0,0,0,0,0,0
ENSMUSG00000101909,Gm28724,0,0,0,0,0,0,0,0,0,0,0,0
ENSMUSG00000102818,Gm37796,0,0,0,0,0,0,0,0,0,0,0,0
ENSMUSG00000101795,Gm5835,29,57,34,44,35,19,30,43,33,21,23,22
ENSMUSG00000103329,Gm42492,0,0,0,0,0,0,0,0,0,0,0,0
ENSMUSG00000026361,Cdc73,2585,2555,2198,2049,1904,1989,1780,2339,2270,2374,2299,2160
ENSMUSG00000006304,Arpc2,10668,10939,8300,8816,8192,6180,9560,9650,10261,9366,8335,7598
ENSMUSG00000033849,B3galt2,31,33,12,19,16,5,10,6,10,17,10,14
ENSMUSG00000089640,Gm6397,0,0,0,0,0,0,0,0,0,0,0,0
ENSMUSG00000064272,Gpbar1,2,0,0,0,0,0,2,0,0,1,0,0
ENSMUSG00000038034,Igsf8,140,125,129,93,199,90,154,157,119,129,221,227
ENSMUSG00000006299,Aamp,1664,1849,1373,1498,1647,612,1526,1527,1872,1673,1763,1674
ENSMUSG00000018196,Glrx2,355,313,279,255,346,235,254,259,370,311,361,343
ENSMUSG00000101503,Gm28364,0,0,0,0,2,0,0,0,0,0,0,0
ENSMUSG00000018199,Ro60,196,170,118,143,148,100,121,151,97,136,137,138
ENSMUSG00000007097,Atp1a2,5,6,1,2,2,3,0,3,4,2,1,2
ENSMUSG00000038026,Kcnj9,0,0,0,1,2,0,0,0,0,2,2,1
ENSMUSG00000102413,Gm36937,0,0,0,0,0,1,0,0,0,0,0,0
ENSMUSG00000044708,Kcnj10,6,10,6,3,13,7,2,3,8,5,4,7
ENSMUSG00000050229,Pigm,1539,1584,1563,1408,1207,651,1187,1363,1440,1365,1178,1146
ENSMUSG00000102278,Gm37145,25,26,29,20,18,10,26,15,11,16,18,18
ENSMUSG00000103357,Gm7804,0,0,0,0,0,0,0,0,0,0,0,0
ENSMUSG00000026548,Slamf9,0,0,1,0,0,0,0,0,1,1,0,0
ENSMUSG00000026179,Pnkd,291,319,311,317,297,145,228,300,303,273,225,181
ENSMUSG00000103013,Gm37503,1,1,2,0,0,1,2,1,1,1,0,0
ENSMUSG00000018189,Uchl5,1151,1250,1040,1014,1394,1642,1139,1179,1119,1173,1491,1395
ENSMUSG00000100455,Gm29170,74,115,103,94,55,61,67,93,88,91,88,96
ENSMUSG00000088323,Gm25663,0,0,0,0,0,0,0,0,0,0,0,0
ENSMUSG00000026360,Rgs2,2439,2984,2051,2033,1243,797,1525,1550,1718,1527,1316,1281
ENSMUSG00000051079,Rgs13,0,0,2,1,0,0,0,0,0,1,1,0
ENSMUSG00000100389,Rbm6-ps2,2,6,2,4,3,1,1,2,1,3,1,1
ENSMUSG00000006301,Tmbim1,1317,1495,1219,1214,1181,536,1100,1180,1260,1097,878,859
ENSMUSG00000099931,Gm29358,2,3,2,1,4,4,1,1,3,6,4,7
ENSMUSG00000103403,Gm37931,0,0,0,2,0,3,0,1,0,2,2,0
ENSMUSG00000037995,Igsf9,33,41,27,28,39,13,24,27,48,36,22,36
ENSMUSG00000026358,Rgs1,14421,15172,9720,9397,5967,5502,8643,9487,10769,10760,7734,7261
ENSMUSG00000100441,Gm7266,3,6,4,6,4,1,8,6,5,7,3,4
ENSMUSG00000098509,Rgs21,0,0,0,0,0,0,0,0,0,0,0,0
ENSMUSG00002075314,#N/A,0,0,0,0,0,0,0,0,0,0,0,0
ENSMUSG00000073650,Catip,0,0,1,2,1,1,1,0,0,0,0,0
ENSMUSG00000026547,Tagln2,8325,8919,6958,7504,7617,4058,8576,8671,7628,6410,7304,6871
ENSMUSG00000104351,Gm37125,1,3,6,0,4,0,3,7,5,3,10,7
ENSMUSG00000026357,Rgs18,0,0,0,0,0,1,0,0,0,1,0,1
ENSMUSG00000101049,Gm8856,0,0,0,0,0,0,1,0,0,1,0,0
ENSMUSG00000065787,Gm22681,0,0,0,0,0,0,0,0,0,0,0,0
ENSMUSG00002076236,#N/A,0,0,0,0,0,0,0,0,0,0,0,0
ENSMUSG00000099617,Gm6550,1,1,0,0,0,0,0,0,1,0,0,0
ENSMUSG00000097130,Gm5262,36,28,24,26,26,16,33,48,30,32,25,18
ENSMUSG00000088579,Gm25460,0,0,0,0,0,0,0,0,0,0,0,0
ENSMUSG00000101661,Gm28392,0,0,0,1,0,0,0,0,0,0,1,0
ENSMUSG00000103055,Gm38269,0,0,0,0,0,0,0,0,0,0,0,0
ENSMUSG00000099964,Gm29514,0,0,0,0,0,0,0,0,0,0,0,0
ENSMUSG00000090323,Gm5263,1,2,0,1,0,0,0,0,1,0,1,0
ENSMUSG00000102403,Gm38187,0,0,0,0,0,1,0,0,0,0,0,0
ENSMUSG00000026177,Slc11a1,1,8,4,8,2,2,9,1,3,0,1,3
ENSMUSG00000035131,Brinp3,0,0,0,0,0,2,0,0,0,0,0,0
ENSMUSG00000080078,Gm15583,0,0,1,0,0,0,2,0,0,0,0,0
ENSMUSG00000087627,A230059L01Rik,0,0,0,0,1,0,0,0,0,0,0,0
ENSMUSG00000085822,Gm15584,0,0,0,0,0,0,0,0,0,0,0,0
ENSMUSG00000104269,Gm37749,0,0,0,0,0,0,0,0,0,0,0,0
ENSMUSG00000102134,Gm9931,0,0,0,0,0,0,0,0,0,0,0,0
ENSMUSG00000100380,Gm17867,0,0,0,0,0,0,0,0,0,0,0,0
ENSMUSG00000104331,Gm38284,0,0,0,0,0,0,0,0,0,0,0,0
ENSMUSG00000101973,Gm29516,0,0,0,1,0,0,0,0,0,0,0,0
ENSMUSG00000099629,Gm29515,0,0,0,0,1,0,0,0,0,0,0,0
ENSMUSG00000088582,Gm22966,0,0,0,0,0,0,0,0,0,0,0,0
ENSMUSG00000101208,Gm19891,0,0,0,0,0,0,0,0,0,0,0,0
ENSMUSG00000101735,Gm18505,0,0,0,0,0,0,0,0,3,0,0,0
ENSMUSG00000099842,Gm4034,5,4,4,1,1,17,2,4,9,7,4,4
ENSMUSG00000026546,Cfap45,1,1,0,1,1,2,1,2,3,0,1,0
ENSMUSG00000101074,Gm29022,0,0,0,0,0,0,0,0,0,0,0,0
ENSMUSG00000026176,Ctdsp1,614,725,535,585,568,164,624,693,596,580,533,509
ENSMUSG00000101564,Gm5703,1,0,0,1,1,0,1,0,1,0,0,0
ENSMUSG00000082588,Gm15443,0,0,0,0,0,0,0,0,0,0,0,0
ENSMUSG00000100917,Gm18751,0,0,0,0,0,0,0,0,0,0,0,0
ENSMUSG00000065468,Mir26b,1,0,0,0,0,0,0,1,0,0,0,1
ENSMUSG00000102074,Gm29020,0,0,0,0,0,0,0,0,0,0,0,0
ENSMUSG00000101457,Gm18701,0,0,0,0,0,0,0,0,0,0,0,0
ENSMUSG00000085184,4933439K11Rik,0,1,0,0,2,0,1,1,0,2,3,3
ENSMUSG00000102314,Gm37630,0,0,0,0,0,0,0,0,0,0,0,0
ENSMUSG00000102309,Gm38189,0,0,0,0,0,0,0,0,0,0,0,0
ENSMUSG00000101011,Gm29398,0,0,0,0,0,0,0,0,0,0,0,0
ENSMUSG00000103724,Gm37096,0,0,0,0,0,0,0,0,0,0,0,0
ENSMUSG00000104036,Gm37775,0,0,0,0,0,0,0,0,0,0,0,0
ENSMUSG00000088167,Gm23535,0,0,0,0,0,0,0,0,0,0,0,0
ENSMUSG00002075595,#N/A,0,0,0,0,0,0,0,0,0,0,0,0
ENSMUSG00000049598,Vsig8,0,0,0,0,0,2,0,0,0,0,0,0
ENSMUSG00000053318,Slamf8,10,15,14,13,5,0,8,7,8,5,3,4
ENSMUSG00000070504,Fcrl6,1,0,3,2,0,0,1,0,2,0,0,0
ENSMUSG00000026544,Dusp23,10,3,7,4,7,5,8,12,4,2,13,5
ENSMUSG00000060128,Gm2710,0,2,0,2,4,5,2,4,1,0,4,0
ENSMUSG00002076129,#N/A,0,0,0,0,0,0,0,0,0,0,0,0
ENSMUSG00000026175,Vil1,0,1,3,0,1,2,0,0,0,0,0,2
ENSMUSG00000037942,Crp,0,0,0,0,0,0,0,0,0,0,0,0
ENSMUSG00000102430,Gm38051,0,0,0,0,0,0,0,0,1,0,0,0
ENSMUSG00000070182,Gm24817,0,0,0,0,0,0,0,0,0,0,0,0
ENSMUSG00000102701,9430083B18Rik,0,0,0,0,0,0,0,0,0,0,0,0
ENSMUSG00000026542,Apcs,1,0,0,0,0,0,0,0,0,0,0,0
ENSMUSG00000077252,Gm26077,0,0,0,0,0,0,0,0,0,0,0,0
ENSMUSG00000037924,Olfr16,0,0,0,0,0,0,0,0,0,0,0,0
ENSMUSG00000106730,Gm42472,0,0,0,0,0,0,0,0,0,0,0,0
ENSMUSG00000107139,Gm42475,0,0,0,0,0,0,0,0,0,0,0,0
ENSMUSG00000103338,Olfr1409-ps1,0,0,0,0,0,0,0,0,0,0,0,0
ENSMUSG00000062527,Olfr1408,0,0,0,0,0,0,0,0,0,0,0,0
ENSMUSG00000066680,Olfr1407-ps1,0,0,0,0,0,0,0,0,0,0,0,0
ENSMUSG00000058981,Olfr1406,0,0,0,0,0,0,0,0,0,0,0,0
ENSMUSG00000056220,Pla2g4a,0,3,6,0,2,3,0,3,6,3,7,6
ENSMUSG00000046643,Olfr218,0,0,0,0,0,0,0,0,0,0,0,0
ENSMUSG00002076362,#N/A,0,0,0,0,0,0,0,0,0,0,0,0
ENSMUSG00000099701,Gm19136,0,0,0,0,0,0,0,1,0,0,0,0
ENSMUSG00002076752,#N/A,0,0,0,0,0,0,0,0,0,0,0,0
ENSMUSG00000049456,Olfr1404,0,0,0,0,0,0,0,0,0,0,0,0
ENSMUSG00000097028,Ptgs2os,0,0,0,0,0,0,0,0,0,0,2,0
ENSMUSG00000005339,Fcer1a,0,0,0,0,0,0,0,0,0,0,0,0
ENSMUSG00000049605,Olfr418,0,0,0,0,1,0,0,0,0,0,0,0
ENSMUSG00000079180,Mptx2,0,0,0,0,0,0,0,0,0,0,0,0
ENSMUSG00000037872,Ackr1,0,0,0,0,0,0,0,0,0,0,0,0
ENSMUSG00000032487,Ptgs2,113,113,86,95,68,74,52,67,67,70,55,44
ENSMUSG00000101199,Gm9687,2,0,0,0,0,1,1,1,0,0,0,0
ENSMUSG00000097754,Ptgs2os2,0,0,0,0,0,0,0,0,0,0,0,0
ENSMUSG00000099875,Rbm3-ps,2,5,0,3,0,1,3,3,1,1,3,4
ENSMUSG00000100690,Gm4322,0,0,0,0,0,0,0,0,0,0,0,0
ENSMUSG00000006007,Pdc,0,0,0,0,0,0,0,0,0,0,0,0
ENSMUSG00000099447,2310030A07Rik,0,0,0,0,0,0,0,0,0,0,0,0
ENSMUSG00000102990,Gm37764,0,0,0,0,1,2,0,0,0,0,0,0
ENSMUSG00000033364,Usp37,1672,1778,1543,1461,1382,1096,1074,1533,1509,1504,1581,1462
ENSMUSG00000103227,Gm37733,17,2,5,1,4,15,4,5,8,12,2,12
ENSMUSG00000005338,Cadm3,0,0,0,0,0,1,0,0,0,0,0,0
ENSMUSG00000026174,Cnot9,2174,2441,1822,1967,2177,1282,2024,2120,2173,1821,2057,1859
ENSMUSG00000037860,Aim2,417,397,319,322,325,390,221,310,347,320,357,320
ENSMUSG00000037849,Ifi206,10,34,49,60,22,17,44,55,16,34,52,28
ENSMUSG00000070501,Ifi214,3,11,9,9,3,4,9,14,7,5,10,5
ENSMUSG00002076661,#N/A,0,0,0,0,0,0,0,0,0,0,0,0
ENSMUSG00000073491,Ifi213,1,3,4,11,2,2,11,7,7,6,16,5
ENSMUSG00000043263,Ifi209,37,51,54,71,21,31,40,49,23,35,37,27
ENSMUSG00002076962,#N/A,0,0,0,0,0,0,0,0,0,0,0,0
ENSMUSG00000066677,Ifi208,0,0,1,1,0,0,3,2,1,1,2,0
ENSMUSG00000103105,Gm18752,0,0,0,0,0,0,0,0,0,0,0,0
ENSMUSG00000103051,Gm7871,0,0,0,0,0,0,0,0,0,0,0,0
ENSMUSG00000073490,Ifi207,1,2,0,0,1,0,1,0,2,0,1,1
ENSMUSG00000073489,Ifi204,12,18,31,28,6,7,22,27,17,19,12,6
ENSMUSG00000090222,Ifi203-ps,0,0,0,0,0,0,0,1,0,0,0,0
ENSMUSG00000102187,Gm7897,0,0,0,0,0,0,0,0,0,0,0,0
ENSMUSG00000090272,Mndal,1673,1837,1504,1503,999,1494,1348,1690,1596,1761,1179,1013
ENSMUSG00000102433,Gm38050,0,0,0,0,0,0,0,0,0,0,0,0
ENSMUSG00000006010,Odr4,605,710,506,502,550,466,453,556,593,620,572,566
ENSMUSG00000026536,Ifi211,276,283,223,238,179,312,170,216,295,241,339,227
ENSMUSG00000026173,Plcd4,3,2,1,3,2,4,1,2,1,0,2,2
ENSMUSG00000039997,Ifi203,432,597,497,523,282,376,454,638,463,562,420,311
ENSMUSG00000026535,Ifi202b,1,0,0,1,0,1,0,0,0,0,0,0
ENSMUSG00000103588,Gm18445,0,0,0,0,0,0,0,1,0,0,0,0
ENSMUSG00000054203,Ifi205,5,4,1,2,1,4,1,0,0,3,0,0
ENSMUSG00000045381,Olfr433,1,0,0,1,0,0,0,0,2,0,0,0
ENSMUSG00000047048,Olfr432,0,0,0,0,0,0,0,0,0,0,0,0
ENSMUSG00000102603,Olfr431-ps1,0,0,0,0,0,0,0,0,0,0,0,0
ENSMUSG00000050134,Olfr430,0,0,0,0,0,0,0,0,0,0,0,0
ENSMUSG00000049528,Olfr429,0,0,0,0,0,0,0,0,0,0,0,0
ENSMUSG00000106975,Olfr428-ps1,0,0,0,0,0,0,0,0,0,0,0,0
ENSMUSG00000059371,Olfr427,0,0,0,0,0,0,0,0,0,0,0,0
ENSMUSG00000103863,Gm37417,0,0,0,0,0,0,0,0,0,0,0,0
ENSMUSG00000046486,Olfr231,0,0,0,0,0,0,0,0,0,0,0,0
ENSMUSG00000051528,Olfr424,0,0,0,0,0,0,0,0,0,0,0,0
ENSMUSG00000102371,Olfr258-ps1,0,0,0,0,0,0,0,0,0,0,0,0
ENSMUSG00000091950,Olfr421-ps1,0,0,0,0,0,0,0,0,0,0,0,0
ENSMUSG00000055033,Olfr420,0,0,0,0,0,0,0,0,0,0,0,0
ENSMUSG00000026135,Zfp142,1764,1815,1477,1370,1295,861,1044,1502,1445,1322,1481,1386
ENSMUSG00000107114,Gm43440,0,0,0,0,0,0,0,0,0,0,0,0
ENSMUSG00000006005,Tpr,10399,11556,8006,8644,9072,11147,5159,9440,7163,10044,10921,8971
ENSMUSG00002075545,#N/A,0,0,0,2,0,0,0,1,1,0,0,1
ENSMUSG00000026532,Spta1,23,21,12,10,6,11,7,8,11,5,10,9
ENSMUSG00000026172,Bcs1l,105,162,78,94,145,71,120,101,157,99,182,184
ENSMUSG00000050788,Olfr419,0,0,0,0,0,0,0,0,0,0,0,0
ENSMUSG00000026531,Mptx1,0,0,0,0,0,0,0,0,0,0,0,0
ENSMUSG00000066672,Olfr417,0,0,0,0,0,0,0,0,0,0,0,0
ENSMUSG00000102920,Olfr416-ps1,0,0,0,0,0,0,0,0,0,0,0,0
ENSMUSG00000059503,Olfr248,0,0,0,0,0,0,0,0,0,0,0,0
ENSMUSG00000051509,Olfr414,0,0,0,0,0,0,0,0,0,0,0,0
ENSMUSG00000066671,Olfr220,0,0,0,0,1,0,0,0,0,0,0,0
ENSMUSG00000028354,Fmn2,0,0,0,1,0,0,0,0,0,0,1,1
ENSMUSG00000050069,Grem2,0,0,0,0,0,0,0,0,0,0,0,0
ENSMUSG00000026171,Rnf25,463,519,435,463,367,181,445,490,430,394,333,359
ENSMUSG00000006014,Prg4,2,2,1,1,1,1,0,2,3,2,1,0
ENSMUSG00000101519,Ska2l-ps,0,0,0,1,0,0,0,0,0,1,0,0
ENSMUSG00000026527,Rgs7,0,1,0,0,0,5,0,0,0,0,0,1
ENSMUSG00000104343,5730408A14Rik,0,0,0,0,1,1,0,0,0,0,1,0
ENSMUSG00000103079,Gm36307,0,0,0,0,0,0,0,0,0,0,0,0
ENSMUSG00000026526,Fh1,1735,2140,1480,1565,2077,1186,1677,1569,1843,1671,1778,1759
ENSMUSG00000039783,Kmo,13,12,13,14,7,11,7,10,8,16,4,7
ENSMUSG00000026525,Opn3,22,28,17,20,16,16,22,24,26,15,21,14
ENSMUSG00000033276,Stk36,0,1,0,1,3,0,0,0,1,0,0,0
ENSMUSG00000078185,Chml,519,543,570,507,474,414,347,562,450,480,456,397
ENSMUSG00000066842,Hmcn1,2,0,4,1,3,2,0,3,1,3,1,0
ENSMUSG00000093650,Gm20631,0,0,0,0,1,0,0,0,0,0,0,0
ENSMUSG00000099622,Gm29188,0,0,0,0,0,0,0,0,0,0,0,0
ENSMUSG00000119402,#N/A,0,0,0,0,0,0,0,0,0,0,0,0
ENSMUSG00000033257,Ttll4,2194,2246,1920,1756,1751,1024,1326,2012,1854,1792,1921,1785
ENSMUSG00000026170,Cyp27a1,2,0,4,7,1,2,7,9,4,1,0,0
ENSMUSG00000026523,Wdr64,1,0,0,0,1,0,0,0,0,0,0,0
ENSMUSG00000077794,Gm25560,0,0,0,0,0,0,0,0,0,0,0,0
ENSMUSG00000006542,Prkag3,1,2,4,1,2,0,1,1,0,1,2,0
ENSMUSG00002075611,#N/A,0,0,0,0,0,0,0,0,0,0,0,0
ENSMUSG00000033227,Wnt6,1,0,1,2,3,0,2,0,1,0,1,0
ENSMUSG00000099472,Gm29539,0,0,0,0,0,0,0,0,0,0,0,0
ENSMUSG00000026167,Wnt10a,0,1,0,0,2,0,0,1,1,1,1,2
ENSMUSG00000026197,Zfand2b,172,208,107,156,111,60,146,154,183,171,180,132
ENSMUSG00000026198,Abcb6,19,16,19,15,23,5,15,20,15,25,6,15
ENSMUSG00000099519,Gm29253,0,0,0,0,0,0,0,0,0,0,0,0
ENSMUSG00000033124,Atg9a,76,57,59,43,49,20,42,44,68,56,51,48
ENSMUSG00000026199,Ankzf1,125,130,133,122,116,60,95,117,92,104,126,98
ENSMUSG00000026200,Glb1l,59,81,68,55,49,30,47,70,44,44,66,67
ENSMUSG00002076477,#N/A,0,0,0,0,0,0,0,0,0,0,0,0
ENSMUSG00000026201,Stk16,964,1045,839,841,942,396,889,868,917,839,976,812
ENSMUSG00000026202,Tuba4a,1644,1843,1322,1325,1549,835,1536,1613,1592,1412,1793,1750
ENSMUSG00000096094,A630095N17Rik,0,1,0,1,1,0,0,1,1,0,4,1
ENSMUSG00000118482,Gm50472,0,0,0,0,0,0,0,0,0,0,0,0
ENSMUSG00000026203,Dnajb2,223,223,185,183,266,80,158,196,222,204,279,301
ENSMUSG00000026204,Ptprn,72,74,79,67,57,23,43,54,32,20,31,34
ENSMUSG00000101840,Gm28294,0,0,0,0,0,0,0,0,0,0,0,1
ENSMUSG00000033061,Resp18,0,0,0,0,0,0,0,0,0,0,0,0
ENSMUSG00000100556,Gm28902,0,0,0,0,0,0,0,0,0,0,0,0
ENSMUSG00000026209,Dnpep,327,328,234,276,307,110,268,288,305,293,297,242
ENSMUSG00000026208,Des,0,0,0,0,0,1,0,0,0,0,0,0
ENSMUSG00000085653,Gm15179,0,0,0,0,0,1,0,0,0,0,0,0
ENSMUSG00000026207,Speg,0,1,0,0,2,2,0,0,0,0,1,0
ENSMUSG00000026385,Dbi,653,712,517,590,1023,842,714,705,672,602,844,765
ENSMUSG00000026388,3110009E18Rik,52,60,34,49,44,33,68,44,58,38,62,41
ENSMUSG00000026389,Steap3,41,33,28,21,37,11,24,28,23,14,15,21
ENSMUSG00000036907,C1ql2,0,0,0,0,0,0,0,0,0,0,0,0
ENSMUSG00000101275,1700012E03Rik,0,0,0,0,0,0,0,0,0,0,0,0
ENSMUSG00000026390,Marco,0,0,0,0,0,0,0,0,0,0,0,0
ENSMUSG00000038147,Cd84,1539,1578,1445,1462,969,874,1051,1309,1341,1386,1034,974
ENSMUSG00000073492,Gm10521,75,64,65,70,43,66,35,71,68,71,56,56
ENSMUSG00000104413,Gm37065,11,11,14,9,10,3,18,20,20,3,8,9
ENSMUSG00000015314,Slamf6,2045,2479,2104,2453,2401,1782,1832,2068,2786,2759,1910,1975
ENSMUSG00000052423,B4galt3,526,606,442,442,549,253,480,484,492,439,469,460
ENSMUSG00000062729,Ppox,403,343,302,297,444,160,305,327,355,319,420,404
ENSMUSG00000062963,Ufc1,873,1084,767,924,726,293,887,929,909,775,839,719
ENSMUSG00000079137,Rpl27-ps1,0,1,2,0,0,3,1,1,0,2,1,3
ENSMUSG00000087747,Gm25151,0,0,0,0,0,1,0,0,0,0,0,0
ENSMUSG00000103983,Gm20045,31,26,37,37,78,99,47,53,33,46,95,94
ENSMUSG00000013973,Dedd,902,931,725,703,837,437,702,736,869,732,785,731
ENSMUSG00000013997,Nit1,413,456,291,337,426,180,294,339,430,377,398,323
ENSMUSG00000006412,Pfdn2,1324,1414,1220,1220,1608,1577,1381,1442,1526,1271,1842,1469
ENSMUSG00000102929,Gm37154,39,45,42,26,37,27,18,27,24,30,37,35
ENSMUSG00000045259,Klhdc9,0,1,0,0,0,0,0,0,0,1,0,0
ENSMUSG00000103727,Gm37097,0,0,0,0,0,0,0,1,0,0,0,0
ENSMUSG00000006411,Nectin4,3,0,1,1,1,1,1,2,2,2,0,1
ENSMUSG00000048865,Arhgap30,4336,4499,3215,3254,2913,1825,2630,3289,3511,3195,3743,3215
ENSMUSG00000026641,Usf1,303,263,259,242,287,115,281,300,235,194,253,258
ENSMUSG00000103711,Tstd1,5,9,4,2,9,2,5,3,5,2,9,6
ENSMUSG00000038235,F11r,8,8,8,10,7,6,7,4,6,11,9,7
ENSMUSG00000053483,Usp21,318,315,295,274,330,197,290,358,359,315,403,364
ENSMUSG00000103878,Gm8197,0,0,0,0,0,0,0,0,0,0,0,0
ENSMUSG00000038599,Capn8,0,0,0,0,0,1,0,0,0,0,0,0
ENSMUSG00000104376,Gm37516,0,0,0,0,0,0,0,0,0,0,0,0
ENSMUSG00000102688,Gm37218,0,0,0,0,0,0,0,0,0,0,0,0
ENSMUSG00000043429,Ccdc185,0,0,0,0,0,0,0,0,0,0,0,0
ENSMUSG00000038576,Susd4,2,5,0,0,0,0,0,4,0,4,2,1
ENSMUSG00000102291,Gm37542,0,0,0,0,0,0,0,0,0,0,0,0
ENSMUSG00000079164,Tlr5,0,0,0,0,0,4,0,2,0,0,0,0
ENSMUSG00002076589,#N/A,0,0,0,0,0,0,0,0,0,0,0,0
ENSMUSG00000030768,Disp1,502,525,401,420,389,241,353,455,442,414,339,360
ENSMUSG00000102478,BC085271,9,6,3,4,5,16,11,10,7,14,8,11
ENSMUSG00000118599,AC122792.1,0,0,0,0,0,0,0,0,0,0,0,0
ENSMUSG00000046836,Brox,585,652,481,449,389,250,384,505,488,507,409,380
ENSMUSG00000042901,Aida,600,664,511,578,512,519,615,718,575,531,551,490
ENSMUSG00000103415,Gm37339,1,2,0,0,1,0,0,0,0,0,0,0
ENSMUSG00000104212,Gm37986,9,8,1,3,10,2,16,6,8,3,8,6
ENSMUSG00000053461,Hhipl2,1,3,1,2,2,2,1,0,1,2,0,0
ENSMUSG00000104022,Gm37214,0,1,0,0,0,0,0,0,0,0,0,0
ENSMUSG00000103451,Gm33973,0,2,0,0,0,0,0,0,0,0,0,0
ENSMUSG00000056050,Mia3,2850,2871,2391,2119,1992,1846,1787,2496,2346,2254,2358,2139
ENSMUSG00000089964,Gm16582,0,0,0,0,0,0,0,0,0,0,0,0
ENSMUSG00000090071,Cdk5r2,1,0,0,0,0,8,0,0,0,0,0,0
ENSMUSG00000055197,Fev,0,0,0,0,0,0,0,0,0,0,0,0
ENSMUSG00000006546,Cryba2,0,0,0,1,0,0,0,0,0,0,0,0
ENSMUSG00000065616,Mir375,0,0,0,0,0,0,0,0,0,0,0,0
ENSMUSG00000047021,Cfap65,1,1,0,0,6,5,0,0,1,0,2,0
ENSMUSG00000089653,Gm15841,0,0,0,0,0,2,0,0,0,0,0,0
ENSMUSG00000006538,Ihh,2,0,1,2,4,0,1,1,3,3,1,0
ENSMUSG00000103145,Gm37744,0,0,0,0,0,0,0,0,0,0,0,0
ENSMUSG00000026162,Nhej1,47,55,32,47,57,24,56,33,42,45,53,38
ENSMUSG00000026205,Slc23a3,10,2,4,1,4,2,0,4,6,0,3,2
ENSMUSG00000033159,Cnppd1,1539,1662,1128,1104,1006,399,1114,1130,1287,1173,1047,1021
ENSMUSG00000049339,Retreg2,810,914,615,682,828,276,686,735,889,808,820,748
ENSMUSG00000100418,Gm28239,0,0,0,0,0,0,0,0,0,0,0,0
ENSMUSG00000097642,Gm26866,0,0,0,0,0,0,0,0,0,0,0,0
ENSMUSG00000072258,Taf1a,559,652,529,477,465,331,421,511,527,546,501,485
ENSMUSG00000049353,Rd3,4,1,1,1,0,0,6,6,3,3,2,5
ENSMUSG00000097416,Gm26670,4,11,14,8,7,10,12,6,6,8,0,2
ENSMUSG00000102915,Gm32460,0,0,0,0,0,0,0,0,0,0,0,0
ENSMUSG00000026637,Traf5,1055,1119,909,824,645,448,670,804,921,709,494,458
ENSMUSG00000093003,Mir3473c,0,0,0,0,0,3,1,0,0,0,0,1
ENSMUSG00000103653,Gstp-ps,5,19,15,6,11,0,15,16,2,5,17,6
ENSMUSG00000097089,Gm26879,0,0,3,3,0,0,0,0,2,5,0,0
ENSMUSG00000032997,Chpf,1988,2184,1294,1455,1392,389,1309,1426,1795,1684,1388,1515
ENSMUSG00000026211,Obsl1,128,107,43,40,23,7,36,50,41,43,40,41
ENSMUSG00000051703,Tmem198,86,70,49,51,43,12,42,42,61,44,56,66
ENSMUSG00000032968,Inha,15,10,3,6,5,6,10,4,6,4,8,6
ENSMUSG00000082745,Gm15181,0,0,0,0,0,0,0,0,0,0,0,0
ENSMUSG00000026213,Stk11ip,417,458,340,334,314,120,281,338,327,353,324,326
ENSMUSG00000082059,Gm15183,0,0,0,0,0,0,0,0,0,0,0,0
ENSMUSG00000006576,Slc4a3,3,1,0,0,0,1,1,0,0,2,2,0
ENSMUSG00000083244,Gm15180,0,0,0,0,0,0,0,0,0,0,0,0
ENSMUSG00000099692,Gm5696,0,0,0,0,0,0,0,0,0,0,0,0
ENSMUSG00000041670,Rims1,0,0,0,0,0,3,0,0,0,0,1,0
ENSMUSG00000099381,Gm18303,0,0,0,0,0,0,0,0,0,1,1,0
ENSMUSG00000025993,Slc40a1,0,0,0,0,0,0,0,0,0,0,0,0
ENSMUSG00000099946,Gm9496,0,0,0,0,0,0,0,0,0,0,0,0
ENSMUSG00000070896,Rpl23a-ps1,2,0,1,0,2,0,0,0,1,1,1,1
ENSMUSG00000090682,Gm3852,0,0,0,0,0,0,0,0,0,0,0,0
ENSMUSG00000044457,Stk-ps2,0,0,0,0,0,0,0,0,0,0,0,0
ENSMUSG00000098549,Gm5269,2,2,1,2,1,1,4,2,0,0,1,2
ENSMUSG00000089278,Gm24553,0,0,0,0,0,0,0,0,0,0,0,0
ENSMUSG00000062345,Serpinb2,0,0,0,0,0,1,0,0,0,0,0,0
ENSMUSG00000092572,Serpinb10,0,0,1,0,0,0,0,0,0,0,0,0
ENSMUSG00000102932,Gm38113,0,0,0,0,0,0,0,0,0,0,0,0
ENSMUSG00000060985,Tdrd5,4,1,3,2,1,3,1,0,1,0,2,2
ENSMUSG00000102372,A430050A11Rik,0,0,0,0,0,0,0,0,0,0,0,0
ENSMUSG00000103705,4930518J20Rik,0,0,0,0,0,0,0,0,0,0,0,0
ENSMUSG00000026602,Nphs2,0,0,0,0,0,0,0,0,0,0,0,0
ENSMUSG00000026601,Axdnd1,1,0,0,0,1,2,0,0,2,0,0,0
ENSMUSG00000078193,Gm2000,16,47,27,47,40,231,54,57,19,16,42,8
ENSMUSG00000026600,Soat1,660,718,527,597,560,348,431,574,538,484,488,456
ENSMUSG00000103199,Gm37648,2,0,0,2,3,5,0,0,0,2,0,1
ENSMUSG00000100218,Gm8296,0,0,0,0,0,0,0,0,0,0,0,0
ENSMUSG00000100361,Gm7063,1,0,0,0,0,0,1,0,0,0,0,0
ENSMUSG00000100894,Gm8304,0,0,0,1,0,0,1,0,0,0,2,0
ENSMUSG00000119267,#N/A,0,0,0,0,0,0,0,0,0,0,0,0
ENSMUSG00000065255,Gm23974,0,0,0,0,0,0,0,0,0,0,0,0
ENSMUSG00000100843,Gm8307,0,0,0,0,0,0,0,0,0,0,0,0
ENSMUSG00000087764,Gm23984,0,0,0,0,0,0,0,0,0,0,0,0
ENSMUSG00000025995,Wdr75,4417,5066,3905,3865,4095,2803,3219,3839,4505,4211,4226,3836
ENSMUSG00000099850,Gm28906,0,0,0,0,0,0,0,0,0,0,0,0
ENSMUSG00000084817,Gm5526,0,0,0,0,2,3,0,2,2,1,0,0
ENSMUSG00000101693,Gm19461,0,0,0,0,0,0,0,0,0,0,0,0
ENSMUSG00000103421,Golt1a,0,0,0,0,0,0,0,0,0,0,0,0
ENSMUSG00000115958,Gm28040,0,0,0,0,0,3,0,0,0,0,0,0
ENSMUSG00000098306,Gm28040,0,0,0,0,0,0,0,0,0,0,0,0
ENSMUSG00000116158,Kiss1,0,0,0,0,0,0,0,0,0,0,0,0
ENSMUSG00000070645,Ren1,0,0,0,0,0,1,0,0,0,0,0,0
ENSMUSG00000070644,Etnk2,4,12,12,15,10,8,6,9,15,3,3,1
ENSMUSG00000070643,Sox13,8,11,4,3,1,4,9,2,1,1,4,7
ENSMUSG00000101004,Gm8596,0,1,0,2,0,0,1,0,1,0,0,0
ENSMUSG00000100108,Gm28100,0,0,0,0,0,0,0,0,0,0,0,0
ENSMUSG00000099342,Gm18180,1,1,2,0,0,2,1,3,0,1,1,0
ENSMUSG00000026226,Spata3,0,0,0,0,0,0,0,0,0,0,0,0
ENSMUSG00000026227,2810459M11Rik,1,0,0,0,0,0,0,0,0,0,0,0
ENSMUSG00000026229,Psmd1,5322,5615,4727,4721,4868,2968,4714,5153,5451,4727,4588,4315
ENSMUSG00000077274,Gm22786,0,0,0,0,0,0,2,3,0,0,3,1
ENSMUSG00000026228,Htr2b,0,0,1,0,0,0,0,0,0,0,0,1
ENSMUSG00000103272,Gm37914,7,10,11,5,12,10,11,9,15,12,9,9
ENSMUSG00000094638,Gm21972,0,0,0,0,0,0,0,0,0,0,0,0
ENSMUSG00000062590,Armc9,85,57,46,47,55,40,48,71,70,47,64,64
ENSMUSG00000087538,Gm16341,0,0,0,0,0,0,0,0,0,0,0,0
ENSMUSG00000079445,B3gnt7,0,1,0,0,2,0,0,1,1,2,2,2
ENSMUSG00000099644,Gm28626,0,0,0,0,0,0,0,0,0,0,0,0
ENSMUSG00000102541,Gm38135,0,0,0,0,0,0,0,0,0,0,0,0
ENSMUSG00000103531,2610300A13Rik,0,0,0,0,0,0,0,0,0,0,0,0
ENSMUSG00000048814,Lonrf2,0,0,0,0,0,4,0,1,1,0,0,0
ENSMUSG00000026080,Chst10,129,124,110,112,92,53,78,90,124,100,131,154
ENSMUSG00000103647,Gm37707,0,0,0,0,0,0,0,0,0,0,1,0
ENSMUSG00000102447,Gm6621,5,10,7,9,4,0,6,6,7,2,4,2
ENSMUSG00000067604,Nms,0,0,0,0,0,0,0,0,0,0,0,0
ENSMUSG00000016181,Utp25,1646,1834,1485,1526,1477,963,1326,1549,1628,1573,1513,1433
ENSMUSG00000026638,Irf6,24,31,15,14,13,4,16,24,15,20,16,14
ENSMUSG00000079144,A130010J15Rik,207,237,181,200,232,126,193,186,216,201,228,185
ENSMUSG00000037318,Traf3ip3,670,800,638,689,641,354,685,729,620,608,814,699
ENSMUSG00000090080,Gm15872,0,0,0,0,0,0,0,0,0,0,0,0
ENSMUSG00000089683,4930570N18Rik,16,25,13,23,15,8,14,7,15,20,10,11
ENSMUSG00000114212,Gm47985,0,0,0,0,0,0,0,0,0,0,0,0
ENSMUSG00000114943,Gm8947,0,0,0,0,0,0,1,0,0,0,0,0
ENSMUSG00000114694,Gm47995,0,0,0,0,0,0,0,0,0,0,0,0
ENSMUSG00000114582,3110040M04Rik,0,0,0,0,0,0,0,0,0,0,0,0
ENSMUSG00000114591,Gm47996,0,0,0,0,0,0,0,0,0,0,0,0
ENSMUSG00002076687,#N/A,0,0,0,0,0,0,0,0,0,0,0,0
ENSMUSG00000100954,Gm10138,40,36,21,37,38,10,39,28,34,21,20,43
ENSMUSG00000023150,Ivns1abp,6994,7221,6420,6160,6528,4471,4743,6021,6571,6212,7105,6865
ENSMUSG00000052748,Swt1,682,703,506,568,590,634,485,571,596,598,664,631
ENSMUSG00000053286,Trmt1l,943,980,709,758,855,636,658,803,854,780,966,852
ENSMUSG00000106406,Mir7682,1,0,4,0,0,0,1,0,0,0,1,0
ENSMUSG00000103928,Gm37893,51,49,49,45,75,67,36,53,55,37,98,74
ENSMUSG00000026484,Rnf2,1303,1229,1057,1003,1173,1020,944,1214,1273,1145,1274,1151
ENSMUSG00000103238,Gm36527,9,10,14,13,11,14,7,14,13,9,4,12
ENSMUSG00000100981,Gm29072,0,0,0,0,0,0,0,1,0,0,0,0
ENSMUSG00000087033,Gm14155,0,0,0,0,0,0,0,0,0,0,0,0
ENSMUSG00000082237,Olfr1172-ps1,0,0,0,0,0,0,0,0,0,0,0,0
ENSMUSG00000103120,Gm37392,0,0,1,1,1,1,3,0,1,0,0,0
ENSMUSG00000087681,Gm13565,0,0,5,3,1,3,0,0,1,1,2,1
ENSMUSG00000016252,Atp5e,1248,1824,1332,1535,1840,418,1841,1245,1596,1301,1315,1258
ENSMUSG00000087422,Gm13564,0,0,0,0,0,0,0,2,1,0,0,0
ENSMUSG00002076739,#N/A,0,0,0,0,0,0,0,0,0,0,0,0
ENSMUSG00000075132,Olfr1173,0,1,0,0,0,0,1,0,0,0,0,0
ENSMUSG00000080713,Olfr1174,0,0,0,0,0,0,0,0,0,0,0,0
ENSMUSG00000083855,Olfr1175,1,0,0,0,0,2,0,0,0,0,0,0
ENSMUSG00000032852,Rspo4,0,0,0,0,0,0,0,0,0,0,0,0
ENSMUSG00000050023,Olfr1176,0,0,0,0,0,0,0,0,0,0,0,0
ENSMUSG00000027304,Rtf1,2362,2537,1951,2014,2016,2000,2123,2370,2169,2111,2174,1821
ENSMUSG00000086620,Rspo4os,0,0,0,0,0,1,0,0,0,0,0,0
ENSMUSG00000075128,Olfr1177-ps,0,0,0,0,0,0,0,0,0,0,0,0
ENSMUSG00000000394,Gcg,3,3,0,3,0,0,0,2,7,1,3,0
ENSMUSG00000064722,Gm25857,0,0,0,0,0,0,0,0,0,0,0,0
ENSMUSG00000056995,Olfr1178,0,0,0,0,5,0,0,0,0,0,0,0
ENSMUSG00000016257,Prelid3b,2533,2729,2199,2214,2313,2143,2413,2499,2574,2322,2485,2210
ENSMUSG00000027296,Itpka,19,12,15,13,17,9,17,9,21,11,11,9
ENSMUSG00000014873,Surf2,1977,2087,1681,1540,2009,1308,1587,1693,1960,1815,2145,1944
ENSMUSG00000027460,Angpt4,0,0,0,0,0,0,0,0,0,0,0,0
ENSMUSG00000087004,Gm14154,4,2,5,1,0,0,1,9,1,0,2,2
ENSMUSG00000075127,Olfr1179,0,0,0,0,0,0,0,0,0,0,0,0
ENSMUSG00000080158,Gm14385,0,0,0,0,0,0,0,0,0,0,0,0
ENSMUSG00000088491,Mir1953,0,0,0,0,0,0,1,1,1,0,0,1
ENSMUSG00000082353,Vmn1r-ps1,0,0,0,0,0,0,0,0,0,0,0,0
ENSMUSG00000050600,Zfp831,131,105,71,52,117,97,44,94,100,120,151,119
ENSMUSG00000081836,Olfr1180,0,0,0,0,0,0,0,0,0,0,0,0
ENSMUSG00000075125,Olfr1181,0,0,0,0,0,2,0,0,0,0,0,0
ENSMUSG00000027524,Edn3,0,0,1,1,0,0,0,0,0,0,1,0
ENSMUSG00000090097,Olfr1182,0,0,0,0,0,1,0,0,0,0,0,0
ENSMUSG00000084795,Gm14617,0,0,0,0,0,0,0,0,0,0,0,0
ENSMUSG00000014867,Surf4,5573,6151,4338,4654,4410,1792,4535,4698,4991,4309,4183,3871
ENSMUSG00000087215,Gm14618,0,1,0,0,0,0,0,0,0,0,0,0
ENSMUSG00000086177,Gm14616,0,0,0,0,0,0,0,0,0,0,0,0
ENSMUSG00000049372,Olfr1183,0,0,0,0,0,0,0,0,0,0,0,0
ENSMUSG00000078906,Gm14444,0,0,0,0,0,0,0,0,0,0,0,0
ENSMUSG00000027459,Fam110a,429,437,382,455,487,178,461,470,458,415,327,300
ENSMUSG00000085608,Gm16354,0,0,0,0,0,0,0,0,0,0,0,0
ENSMUSG00000082112,Gm14445,0,0,0,0,0,0,0,0,0,0,0,0
ENSMUSG00000051424,Olfr1184,0,0,0,0,0,0,0,0,0,0,0,0
ENSMUSG00000057735,Olfr1185-ps1,0,0,0,0,0,0,0,0,0,0,0,0
ENSMUSG00000078905,Gm14393,0,0,1,0,0,0,0,0,0,0,0,0
ENSMUSG00000084050,Gm14439,0,0,0,0,0,0,0,0,0,0,0,0
ENSMUSG00000050530,Fam171a1,26,31,26,32,37,26,27,30,31,22,28,29
ENSMUSG00000080888,Gm14387,0,0,1,1,0,0,0,0,0,0,0,0
ENSMUSG00000081949,Gm14392,0,0,0,0,0,0,0,0,0,0,0,0
ENSMUSG00000082882,Olfr1186,0,0,0,0,0,0,0,1,0,0,0,0
ENSMUSG00000068810,Olfr1187-ps1,0,0,0,0,0,0,0,0,0,0,0,0
ENSMUSG00000090093,Gm14399,4,7,5,5,7,9,2,9,5,4,12,12
ENSMUSG00000068809,Olfr1188,0,0,0,0,0,0,0,0,0,0,0,0
ENSMUSG00000081073,Gm13758,0,0,0,0,0,0,0,0,0,0,0,0
ENSMUSG00000049897,Stkld1,0,3,2,4,2,0,1,3,9,2,0,1
ENSMUSG00000068808,Olfr1189,0,0,0,0,0,0,0,0,0,0,0,0
ENSMUSG00000111196,Gm47581,0,0,0,0,0,0,0,0,0,0,0,0
ENSMUSG00000075126,Olfr475-ps1,0,0,0,0,0,0,0,0,0,0,0,0
ENSMUSG00000087588,Gm16355,0,0,0,0,0,0,0,0,0,0,0,0
ENSMUSG00000081948,Olfr1191-ps1,0,0,0,0,0,2,0,0,1,0,1,0
ENSMUSG00000078902,Gm14443,1,1,0,1,0,0,1,3,1,2,0,3
ENSMUSG00000027463,Slc52a3,48,58,53,61,50,18,44,52,43,43,33,26
ENSMUSG00000111590,Olfr1192-ps1,0,0,0,0,0,1,0,0,0,0,0,0
ENSMUSG00000085946,AA387200,0,0,0,0,0,0,0,0,0,0,0,0
ENSMUSG00000060257,Scrt2,1,0,0,0,0,0,0,0,0,0,2,0
ENSMUSG00000060827,Olfr1193,0,0,0,0,0,2,0,0,0,0,0,0
ENSMUSG00000078903,Gm14391,0,0,0,0,0,0,0,0,0,0,0,0
ENSMUSG00000075121,Olfr1195,0,0,0,1,0,0,0,0,0,1,0,0
ENSMUSG00000032802,Srxn1,2385,2556,2826,3006,2494,992,2003,2111,1919,1689,1270,1171
ENSMUSG00000082376,Gm14442,0,0,0,0,0,0,0,0,0,0,0,0
ENSMUSG00000084323,Gm14438,0,0,0,0,0,0,0,0,0,0,0,1
ENSMUSG00000068079,Tcf15,1,1,2,0,1,0,0,0,0,0,3,2
ENSMUSG00000078901,Gm14440,0,0,0,0,0,0,0,0,0,0,0,0
ENSMUSG00000085699,Gm14298,0,0,0,0,0,0,0,0,0,0,0,0
ENSMUSG00000081087,Rps15a-ps7,0,3,4,0,1,0,2,0,1,4,2,2
ENSMUSG00000075120,Olfr1196,0,0,0,0,0,0,0,0,0,0,0,0
ENSMUSG00000075119,Olfr1197,0,0,0,0,0,0,0,0,0,0,0,0
ENSMUSG00000052406,Rexo4,1470,1579,1217,1297,1331,888,1146,1310,1419,1208,1359,1291
ENSMUSG00000078899,Gm4631,0,0,0,0,0,0,0,0,0,0,0,0
ENSMUSG00000026643,Nmt2,1169,1259,931,985,1078,835,918,1077,1106,1036,1077,1014
ENSMUSG00000075117,Olfr1198,0,0,0,0,0,1,0,0,0,0,0,0
ENSMUSG00000075837,Gm22005,0,0,0,0,0,1,0,0,0,0,0,0
ENSMUSG00000078898,Zfp968,0,0,0,0,0,0,0,0,0,0,0,0
ENSMUSG00000095231,Gm14297,0,0,0,0,0,0,0,0,0,0,0,0
ENSMUSG00000049950,Rpp38,359,447,323,342,469,346,366,357,398,370,424,391
ENSMUSG00000089892,Olfr1199,0,0,0,0,0,0,0,0,0,0,0,0
ENSMUSG00000075115,Olfr1200,0,0,0,0,0,0,0,0,0,0,0,0
ENSMUSG00000026644,Acbd7,2,4,1,2,5,1,2,4,2,4,4,3
ENSMUSG00000059023,Olfr1201,0,0,0,0,0,0,0,0,0,0,0,0
ENSMUSG00000078897,Gm4724,0,0,0,0,0,0,0,0,0,0,0,0
ENSMUSG00000064084,Olfr1202,0,0,0,0,0,1,0,0,0,0,1,0
ENSMUSG00000057447,Olfr1205,0,0,0,0,0,0,0,0,0,0,0,0
ENSMUSG00000078896,Zfp965,0,0,0,0,0,0,0,0,0,0,0,0
ENSMUSG00000061798,Olfr1204,0,0,0,0,0,0,0,0,0,0,0,0
ENSMUSG00000062757,Olfr1206,0,0,0,0,0,0,0,0,0,0,0,0
ENSMUSG00000094475,Gm11007,0,0,0,0,0,0,0,0,0,0,0,0
ENSMUSG00000084852,Gm16359,0,0,0,0,0,0,0,0,0,0,0,0
ENSMUSG00000026645,Olah,0,0,0,0,0,1,0,0,0,0,0,0
ENSMUSG00000014852,Adamts13,0,0,0,0,0,0,1,0,0,0,0,0
ENSMUSG00000075114,Olfr1208,0,0,0,0,0,0,0,0,0,0,0,0
ENSMUSG00000103786,Gm37525,0,0,0,0,1,1,1,0,0,0,0,0
ENSMUSG00000075113,Olfr1209,0,0,0,0,0,3,0,0,0,0,0,0
ENSMUSG00000095545,Zfp969,0,0,0,0,0,0,0,0,0,0,0,0
ENSMUSG00000074698,Csnk2a1,2205,2135,2009,1815,1862,1216,1605,1845,1965,1801,1808,1806
ENSMUSG00000075112,Olfr1211,0,0,0,0,0,0,0,0,0,0,1,0
ENSMUSG00000094932,Gm2007,0,0,0,0,0,0,0,0,0,0,0,0
ENSMUSG00000085366,Gm16358,0,0,0,0,0,0,0,0,0,0,0,0
ENSMUSG00000048226,Olfr1212,0,0,0,0,0,0,0,0,0,0,0,0
ENSMUSG00000078889,Gm14288,0,0,0,0,0,0,0,0,1,0,0,0
ENSMUSG00000083481,Rps8-ps2,0,0,0,0,0,0,0,0,0,0,0,0
ENSMUSG00000086941,Gm2020,0,0,0,0,0,0,0,0,0,0,0,0
ENSMUSG00000075111,Olfr1213,0,0,0,0,0,0,0,0,0,0,0,0
ENSMUSG00000026650,Meig1,2,0,0,0,0,0,0,0,0,2,0,0
ENSMUSG00000078887,Gm6710,0,0,0,0,0,0,0,0,0,0,0,0
ENSMUSG00000085288,Gm16356,0,0,0,0,0,0,0,0,0,0,0,0
ENSMUSG00000089756,Zfp966,0,0,0,0,0,0,0,0,0,0,0,0
ENSMUSG00000075110,Olfr1214,0,0,0,0,0,0,0,0,0,0,0,0
ENSMUSG00000027465,Tbc1d20,1668,1787,1329,1365,1299,520,1164,1232,1565,1481,1339,1257
ENSMUSG00000078886,Gm2026,0,0,0,0,0,0,0,1,0,0,0,0
ENSMUSG00000078891,Gm11008,0,0,0,0,0,0,0,0,0,0,0,0
ENSMUSG00000085103,Gm16357,0,0,0,0,0,0,0,0,0,0,0,0
ENSMUSG00000100016,Olfr1215,0,0,0,0,0,0,0,0,0,0,0,0
ENSMUSG00000095648,Gm2004,0,0,0,0,0,0,0,0,0,0,0,0
ENSMUSG00000086367,Gm6182,0,0,0,0,0,0,0,0,0,0,0,0
ENSMUSG00000075107,Olfr1216,0,0,0,0,0,0,0,0,0,0,0,0
ENSMUSG00000078894,2210418O10Rik,0,0,0,0,0,0,0,0,0,0,0,0
ENSMUSG00000094108,Gm17258,0,0,0,0,0,0,0,0,0,0,0,0
ENSMUSG00000084858,Gm1980,0,0,0,0,0,0,0,0,0,0,0,0
ENSMUSG00000078895,Gm11009,0,0,0,0,0,0,0,0,0,0,0,0
ENSMUSG00000101391,Olfr1217,0,0,0,0,0,0,0,0,0,0,0,0
ENSMUSG00000089951,Gm14435,0,0,0,0,0,0,0,0,0,0,0,0
ENSMUSG00000086489,Gm16362,0,0,0,0,0,0,0,0,0,0,0,0
ENSMUSG00000000392,Fap,7,17,17,11,11,9,5,9,11,13,10,9
ENSMUSG00000078881,Gm14434,0,0,0,0,0,0,0,0,0,0,0,0
ENSMUSG00000015488,Cacfd1,693,735,565,568,603,419,533,558,618,555,636,541
ENSMUSG00000075105,Olfr1218,0,0,0,0,0,0,0,0,0,0,0,0
ENSMUSG00000095199,Zfp967,0,1,1,0,1,0,0,1,0,0,1,0
ENSMUSG00000027297,Ltk,1,1,1,3,1,0,1,1,2,1,2,2
ENSMUSG00000075104,Olfr1219,0,0,0,0,0,0,0,0,0,0,0,0
ENSMUSG00000094360,Gm14307,0,0,0,0,0,0,0,0,0,0,0,0
ENSMUSG00000101480,Olfr1220,0,0,0,0,0,0,0,0,0,0,0,0
ENSMUSG00000078880,Gm14308,0,0,0,0,0,0,0,0,0,0,0,0
ENSMUSG00000027466,Rbck1,4789,5234,3848,4137,3960,1785,3509,4104,4953,4502,4013,4129
ENSMUSG00000078879,Zfp973,0,0,0,0,0,0,0,1,0,1,0,0
ENSMUSG00000075102,Olfr1221,0,0,0,0,0,0,0,0,0,0,0,0
ENSMUSG00000078878,Gm14305,19,7,7,12,7,14,2,4,3,8,16,4
ENSMUSG00000081003,Gm14301,0,0,0,0,0,0,0,0,0,0,0,0
ENSMUSG00000081599,Gm14390,0,0,0,0,0,0,0,0,0,0,0,0
ENSMUSG00000032715,Trib3,263,353,300,361,165,41,194,175,175,181,130,123
ENSMUSG00000068062,Gm14164,0,0,1,0,0,0,0,0,0,0,0,0
ENSMUSG00000081434,Gm14165,14,10,6,6,7,3,7,8,21,16,7,11
ENSMUSG00000078877,Gm14295,36,64,23,27,40,56,20,39,29,44,39,31
ENSMUSG00000078876,Gm14408,0,0,0,0,0,0,0,0,0,0,0,0
ENSMUSG00000075101,Olfr1222,0,0,0,0,0,0,0,0,0,0,0,0
ENSMUSG00000083170,Gm14405,0,0,0,0,0,0,0,0,0,0,0,0
ENSMUSG00000059361,Nrsn2,1,0,0,0,0,0,0,0,1,0,0,0
ENSMUSG00000075100,Olfr1223,0,0,0,0,0,0,0,0,0,0,0,0
ENSMUSG00000036067,Slc2a6,573,612,744,690,780,222,695,780,720,602,408,433
ENSMUSG00000051817,Sox12,653,598,388,368,534,286,421,549,671,625,741,686
ENSMUSG00000074527,Gm14296,0,1,0,0,0,0,0,0,0,0,0,1
ENSMUSG00000081326,Gm14417,0,0,0,0,0,0,0,0,0,0,0,0
ENSMUSG00000074682,Zcchc3,295,270,247,229,194,97,200,223,289,216,249,217
ENSMUSG00000083335,Gm13397,0,0,0,0,0,0,0,2,1,1,1,0
ENSMUSG00000087364,Gm13398,0,1,1,1,1,2,2,1,2,2,0,0
ENSMUSG00000078875,Gm14419,0,1,0,0,1,0,0,0,0,0,0,0
ENSMUSG00000083317,Gm14402,0,0,0,0,0,0,0,0,0,0,0,0
ENSMUSG00000083111,Gm14421,0,0,0,0,0,0,0,0,0,0,0,0
ENSMUSG00000075099,Olfr1224-ps1,0,0,0,0,0,0,0,0,0,0,0,0
ENSMUSG00000078872,Gm14401,0,0,1,0,0,1,0,0,0,0,1,0
ENSMUSG00000101918,Olfr1225,0,0,0,0,0,2,0,0,0,0,1,0
ENSMUSG00000082023,Gm14407,0,0,0,0,1,0,0,3,0,0,0,0
ENSMUSG00000082581,Gm13761,0,0,1,1,0,0,1,3,0,1,0,0
ENSMUSG00000082377,Gm14415,0,0,0,0,0,0,0,0,0,0,0,0
ENSMUSG00000082765,Gm14411,0,0,0,0,0,1,0,0,0,0,0,0
ENSMUSG00000082724,Gm14416,0,0,0,0,0,0,0,0,0,0,0,0
ENSMUSG00000009214,Mymk,0,0,0,0,0,0,0,0,0,0,0,0
ENSMUSG00000081590,Gm14413,0,0,0,0,0,0,0,0,0,0,0,0
ENSMUSG00000032680,6820408C15Rik,0,1,2,0,1,0,0,0,0,1,0,0
ENSMUSG00000088139,Gm27343,0,0,0,0,0,0,0,0,0,0,0,0
ENSMUSG00000078870,Gm14410,16,12,11,14,20,60,10,14,11,18,26,28
ENSMUSG00000083230,Gm14158,0,0,0,0,0,0,0,0,0,0,0,0
ENSMUSG00000083817,Gm14400,0,0,1,0,0,0,0,1,0,0,0,0
ENSMUSG00000075097,Olfr1226,0,0,0,0,0,0,0,0,0,0,0,0
ENSMUSG00000078869,Gm14409,0,0,0,0,0,0,0,0,0,0,0,0
ENSMUSG00000111787,Gm5035,0,0,0,0,0,0,0,0,0,0,0,0
ENSMUSG00000074681,Defb23,0,0,0,0,0,0,0,0,0,0,0,0
ENSMUSG00000111557,Gm18164,0,0,0,0,0,0,0,0,0,0,0,0
ENSMUSG00000082689,Gm14156,2,2,2,3,2,1,2,0,1,1,0,1
ENSMUSG00000111095,Gm18165,0,0,0,0,0,0,0,0,0,0,0,0
ENSMUSG00000078868,Gm14412,0,0,0,0,0,1,0,1,0,0,0,0
ENSMUSG00000111578,Gm18166,0,0,0,0,0,0,0,0,0,0,0,0
ENSMUSG00000111460,Olfr1227-ps1,0,0,0,0,0,0,0,0,0,0,0,0
ENSMUSG00000049560,Defb20,0,0,0,0,0,0,0,0,0,0,0,0
ENSMUSG00000026896,Ifih1,1249,1399,1242,1423,996,770,738,1179,1135,1194,672,641
ENSMUSG00000078867,Gm14418,1,0,1,1,0,0,1,0,0,3,1,1
ENSMUSG00000027468,Defb22,0,0,0,0,0,0,0,0,0,0,0,0
ENSMUSG00000082343,Gm14404,0,0,0,0,0,0,0,0,0,0,0,0
ENSMUSG00000083619,Gm14414,0,0,0,0,0,0,1,0,0,0,0,0
ENSMUSG00000099486,Olfr1228,0,0,0,0,0,0,0,0,0,0,0,0
ENSMUSG00000074680,Defb26,0,0,0,0,0,0,0,0,0,0,0,0
ENSMUSG00000074679,Defb28,0,0,0,0,0,0,0,0,0,0,0,0
ENSMUSG00000078866,Zfp970,23,18,13,11,11,22,9,22,16,21,11,18
ENSMUSG00000044249,Defb29,0,0,0,0,0,0,0,0,0,0,0,0
ENSMUSG00000075095,Olfr1229,0,0,0,0,0,0,0,0,0,0,0,0
ENSMUSG00000094786,Gm14403,4,7,2,4,10,4,4,4,2,4,6,2
ENSMUSG00000084935,Gm14161,0,1,0,1,0,0,0,0,0,0,1,0
ENSMUSG00000085513,Gm16363,0,0,0,0,0,0,0,0,0,0,0,0
ENSMUSG00000075094,Olfr1230,0,0,0,0,0,0,0,0,0,0,0,0
ENSMUSG00000036040,Adamtsl2,4,1,0,2,1,0,0,0,1,1,1,0
ENSMUSG00000090485,Gm17416,0,0,0,0,0,0,0,0,0,0,0,0
ENSMUSG00000078865,Gm14406,0,0,0,0,0,0,0,1,0,0,0,0
ENSMUSG00000080709,Gm14324,0,0,0,0,0,0,0,0,0,0,0,0
ENSMUSG00000056544,Defb21,0,0,0,0,0,0,0,0,0,0,0,0
ENSMUSG00000075093,Olfr1231,0,0,0,0,0,0,0,0,0,0,0,0
ENSMUSG00000078864,Gm14322,0,0,1,1,1,2,0,1,0,1,0,0
ENSMUSG00000009216,Fam163b,0,0,0,0,0,0,0,0,0,0,0,0
ENSMUSG00000050645,Defb19,0,0,0,0,0,0,0,0,0,0,0,0
ENSMUSG00000026893,Gca,66,64,66,48,72,67,56,70,61,58,63,60
ENSMUSG00000118649,#N/A,0,0,0,0,0,0,0,0,0,0,0,0
ENSMUSG00000085008,Dbhos,0,0,0,0,0,0,0,0,0,0,0,0
ENSMUSG00000075092,Olfr1232,0,0,0,0,0,0,0,0,0,0,0,0
ENSMUSG00000081817,Gm13590,0,0,0,0,0,0,0,0,0,0,0,0
ENSMUSG00000095362,Gm14325,38,32,19,18,25,33,18,23,14,18,28,24
ENSMUSG00000081574,Gm14429,0,1,0,1,1,0,0,1,1,0,1,0
ENSMUSG00000062124,Defb45,0,0,0,0,0,0,0,0,0,0,0,0
ENSMUSG00000082901,Gm14323,2,1,0,2,0,1,1,2,3,1,3,0
ENSMUSG00000074521,Gm14327,0,0,0,0,0,0,0,0,0,0,0,0
ENSMUSG00000044863,Defb36,0,0,0,0,0,0,0,0,0,0,0,0
ENSMUSG00000089684,Gm14163,0,0,0,0,0,0,0,0,0,0,0,0
ENSMUSG00000075091,Olfr1233,0,0,0,0,0,4,0,0,0,0,0,0
ENSMUSG00000074678,Defb25,0,0,0,0,0,0,0,0,1,0,0,0
ENSMUSG00000074529,Zfp972,0,1,2,0,0,3,0,3,0,0,2,1
ENSMUSG00000075090,Olfr1234,0,0,0,0,0,0,0,0,0,0,0,0
ENSMUSG00000084295,Olfr1235-ps1,0,0,0,0,0,0,0,0,0,0,0,0
ENSMUSG00000000359,Rem1,2,5,0,0,0,1,0,0,5,3,0,0
ENSMUSG00000078862,Gm14326,16,27,16,7,15,25,15,11,17,21,16,16
ENSMUSG00000000889,Dbh,0,0,0,0,0,0,0,0,0,0,0,0
ENSMUSG00000111302,AL929555.1,0,0,0,0,0,1,0,0,0,0,0,0
ENSMUSG00000083702,Gm14428,0,0,0,0,0,0,0,0,0,0,0,0
ENSMUSG00000087148,1700030C14Rik,0,0,0,0,0,0,0,0,0,0,0,0
ENSMUSG00000074519,Zfp971,67,54,40,41,61,127,18,39,44,57,83,74
ENSMUSG00000026648,Dclre1c,340,352,316,327,275,201,232,325,261,327,272,255
ENSMUSG00000111517,Olfr1238,0,0,0,0,0,2,0,0,0,0,0,0
ENSMUSG00000059742,Kcnh7,0,0,0,0,0,1,0,0,0,0,0,0
ENSMUSG00000077546,Gm22020,0,0,0,0,0,0,0,0,0,0,0,0
ENSMUSG00000085029,Gm13569,0,0,0,0,0,0,0,0,0,0,0,0
ENSMUSG00000118517,AL772407.1,0,0,0,0,0,0,0,0,0,0,0,0
ENSMUSG00000075088,Olfr1239,0,0,0,0,0,0,0,0,0,0,0,0
ENSMUSG00000078861,Zfp931,26,27,16,21,29,33,16,29,25,15,37,24
ENSMUSG00001118663,#N/A,0,0,0,0,0,0,0,0,0,0,0,0
ENSMUSG00000111174,Olfr1240,0,0,0,0,0,0,0,0,0,0,0,0
ENSMUSG00000075086,Olfr1241,0,0,0,0,0,1,0,0,0,0,0,0
ENSMUSG00000075085,Olfr1242,0,0,0,0,0,0,0,0,0,0,0,0
ENSMUSG00000075324,Fign,0,0,0,0,3,1,0,0,0,0,1,0
ENSMUSG00000087702,Gm13575,0,0,0,0,0,0,0,0,0,0,0,0
ENSMUSG00000075084,Olfr1243,0,0,0,0,0,0,0,0,0,0,0,0
ENSMUSG00000111029,Olfr1244-ps1,0,0,0,0,0,0,0,0,0,0,0,0
ENSMUSG00000082127,Gm13577,0,1,0,0,0,0,0,0,1,0,0,0
ENSMUSG00000081065,Gm13576,0,0,0,0,0,0,0,0,0,0,0,0
ENSMUSG00000026646,Suv39h2,316,359,323,323,397,369,339,402,313,297,323,326
ENSMUSG00000084104,Gm13578,1,7,9,2,9,0,4,2,4,3,2,3
ENSMUSG00000085043,Gm13184,1,1,1,0,1,4,1,4,0,2,0,0
ENSMUSG00000111456,Olfr1245,0,0,0,0,0,0,0,0,0,0,0,0
ENSMUSG00000111715,Olfr1246,0,0,0,0,0,0,0,0,0,0,0,0
ENSMUSG00000075081,Olfr1247,0,0,0,0,0,0,0,0,0,0,0,0
ENSMUSG00000111239,Olfr1248,0,0,0,0,0,0,0,0,0,0,0,0
ENSMUSG00000075079,Olfr1249,0,0,0,0,0,0,0,0,0,0,0,0
ENSMUSG00000075078,Olfr1250,0,0,0,0,0,0,0,0,0,0,0,0
ENSMUSG00000009614,Sardh,0,0,0,1,0,2,0,0,0,0,0,0
ENSMUSG00000091192,Sardhos,0,0,0,0,0,0,0,0,0,0,0,0
ENSMUSG00000111567,Olfr1251,0,0,0,0,0,0,0,0,0,0,0,0
ENSMUSG00000109865,Hspa14,1761,1933,1594,1596,1694,1165,1745,1760,1715,1570,1733,1494
ENSMUSG00000110819,Olfr1252,0,0,0,0,0,0,0,0,0,0,0,0
ENSMUSG00000075075,Olfr1253,0,0,0,0,0,1,0,0,0,0,0,0
ENSMUSG00000026888,Grb14,0,0,0,0,0,0,0,1,0,0,0,0
ENSMUSG00000051396,Gm45902,261,269,254,193,242,136,134,199,232,284,232,253
ENSMUSG00000075074,Olfr1254,0,0,0,0,0,0,0,0,0,0,1,0
ENSMUSG00000045148,Olfr1255,0,0,0,0,0,0,0,0,0,0,0,0
ENSMUSG00000039496,Cdnf,12,3,4,1,6,9,1,11,4,6,4,4
ENSMUSG00000081278,Gm13186,0,0,0,0,0,0,0,0,0,0,0,2
ENSMUSG00000082580,Gm13182,0,0,0,0,1,0,0,0,0,0,0,0
ENSMUSG00000075073,Olfr1256,0,0,0,0,0,0,0,0,0,0,0,0
ENSMUSG00000075072,Olfr48,0,0,0,0,0,0,0,0,0,0,0,0
ENSMUSG00000049057,Olfr1257,0,0,0,0,0,0,0,0,0,0,0,0
ENSMUSG00000049149,Olfr1258,0,0,0,0,0,1,0,0,0,0,1,3
ENSMUSG00000068806,Olfr1259,0,0,0,0,0,1,0,0,0,0,0,0
ENSMUSG00000026655,Fam107b,14332,16565,13012,14128,7533,5585,9046,11650,11285,10964,7746,6746
ENSMUSG00000080703,Gm13183,0,0,0,0,0,0,0,0,0,0,0,0
ENSMUSG00000081070,Gm13181,1,3,0,2,3,0,3,2,2,0,1,1
ENSMUSG00000085205,Gm13185,0,0,0,0,0,0,0,0,0,0,0,0
ENSMUSG00000085656,Gm13180,0,0,0,0,0,0,0,0,0,0,0,0
ENSMUSG00000086445,Gm13191,0,0,0,0,0,0,0,0,0,0,0,0
ENSMUSG00000042894,Olfr1260,0,0,0,0,0,0,0,0,0,0,0,0
ENSMUSG00000061295,Olfr1261,0,0,0,0,0,0,0,0,0,0,0,0
ENSMUSG00000009621,Vav2,620,728,631,633,784,305,598,800,665,585,803,778
ENSMUSG00000051313,Olfr1262,0,0,0,0,0,0,0,0,0,0,0,0
ENSMUSG00000086669,AA645442,0,0,0,0,0,0,0,0,0,0,0,0
ENSMUSG00002075812,#N/A,0,0,0,0,0,0,0,0,0,0,0,0
ENSMUSG00000109946,Brd3os,5,10,7,6,5,11,7,4,5,4,2,0
ENSMUSG00000059112,Olfr1263,0,0,0,0,0,0,0,0,0,0,0,0
ENSMUSG00000034032,Rpap1,1248,1425,1180,1170,1208,414,987,1178,1207,1065,1152,1120
ENSMUSG00000019188,H13,6411,7342,5151,5517,5359,2817,5068,5683,6705,6105,5577,5322
ENSMUSG00000075069,Olfr1264,0,0,0,0,0,0,0,0,0,0,0,0
ENSMUSG00000059910,Olfr1265,0,0,0,0,0,0,0,0,0,0,0,0
ENSMUSG00000065164,Gm23814,0,0,0,0,0,0,0,0,0,0,0,0
ENSMUSG00000042814,Mcts2,128,133,104,95,62,59,57,76,99,100,59,74
ENSMUSG00000075068,Olfr140,0,0,0,0,0,1,0,0,0,0,0,0
ENSMUSG00000111071,Olfr1266-ps1,0,0,0,0,0,0,0,0,0,0,0,0
ENSMUSG00000075067,Olfr1267-ps1,0,0,0,0,0,0,0,0,0,0,0,0
ENSMUSG00000042745,Id1,61,107,53,67,111,34,68,58,89,73,108,90
ENSMUSG00000082318,Gm14162,0,0,0,0,0,0,0,0,0,0,0,0
ENSMUSG00000082574,Olfr1268-ps1,0,0,0,0,0,0,0,0,0,0,0,0
ENSMUSG00000084336,Olfr1269,0,0,0,0,0,0,0,0,0,0,1,0
ENSMUSG00000009876,Cox4i2,4,5,1,5,1,0,14,11,5,4,2,4
ENSMUSG00002074868,#N/A,0,1,0,1,0,0,0,2,1,1,0,0
ENSMUSG00000075066,Olfr32,0,0,0,0,0,0,0,0,0,0,0,0
ENSMUSG00000007659,Bcl2l1,13209,14328,10469,11773,10554,4472,9432,11107,13186,12271,8035,7812
ENSMUSG00000075065,Olfr1270,0,0,0,0,0,0,0,0,0,0,0,0
ENSMUSG00000091703,Gm4222,0,0,0,0,0,0,0,0,0,0,0,0
ENSMUSG00000080223,Gm13768,0,0,0,0,0,0,0,0,0,0,0,0
ENSMUSG00000027525,Phactr3,0,0,0,0,0,0,0,0,0,0,0,0
ENSMUSG00000075064,Olfr1506,0,0,0,0,0,0,0,0,0,0,0,0
ENSMUSG00000093625,Gm18953,0,0,0,0,0,0,0,0,0,0,0,0
ENSMUSG00000075063,Olfr142,0,0,0,0,0,0,0,0,0,0,0,0
ENSMUSG00000075062,Olfr1271,0,0,0,0,1,2,0,0,1,0,0,0
ENSMUSG00000075061,Olfr1272,0,0,0,0,0,0,0,0,0,0,0,0
ENSMUSG00000080809,Olfr1273-ps,0,0,0,0,0,0,0,0,0,0,0,0
ENSMUSG00000089859,Olfr1565,0,0,0,0,0,0,0,0,0,0,0,0
ENSMUSG00000085547,Gm13767,0,0,0,0,0,0,0,0,0,0,0,0
ENSMUSG00000027298,Tyro3,241,292,215,221,394,108,254,254,314,297,395,386
ENSMUSG00000034903,Cobll1,957,1022,777,848,517,653,558,814,795,801,622,578
ENSMUSG00000082980,Olfr1274,0,0,0,0,0,1,1,0,0,0,0,0
ENSMUSG00000060445,Sycp2,0,0,0,0,0,0,0,0,0,0,0,0
ENSMUSG00000049999,Ppp1r3d,2,0,0,0,0,0,1,0,1,1,1,0
ENSMUSG00000081056,Gm13998,0,0,1,0,0,0,0,0,0,0,0,0
ENSMUSG00000070476,Fam217b,8,2,0,2,4,5,4,6,4,3,6,4
ENSMUSG00000086881,Gm13594,3,1,2,1,0,0,1,2,0,1,1,3
ENSMUSG00000083707,Gm13592,6,1,3,6,3,1,7,6,4,2,2,5
ENSMUSG00000080766,Gm13593,0,0,0,0,1,0,0,0,0,0,0,0
ENSMUSG00000039155,Cdh26,0,0,0,0,0,0,0,0,0,0,0,0
ENSMUSG00000082215,Gm14314,0,0,0,0,0,0,0,0,0,0,0,0
ENSMUSG00000061897,Gm14292,2,1,0,4,1,0,2,1,3,1,1,2
ENSMUSG00000081481,Gm14293,0,0,0,0,0,0,0,0,0,0,0,0
ENSMUSG00000027469,Tpx2,1425,1481,1438,1377,2617,2110,1545,1949,1423,1246,2124,1957
ENSMUSG00000081882,Gm14294,0,0,0,0,0,0,1,0,0,0,0,0
ENSMUSG00000026918,Brd3,2129,2225,1839,1851,2022,1518,1910,2156,2123,1873,2023,2010
ENSMUSG00000093746,Mir5622,0,0,0,0,0,0,0,0,0,0,0,0
ENSMUSG00000039138,4930591A17Rik,0,0,0,0,0,0,0,0,0,0,0,0
ENSMUSG00000098812,Mir7578,0,0,0,0,0,0,2,0,0,3,0,0
ENSMUSG00000027470,Mylk2,10,12,4,2,12,2,11,6,11,9,0,3
ENSMUSG00000074676,Foxs1,2,1,0,3,1,0,0,1,0,2,0,0
ENSMUSG00000000305,Cdh4,0,0,0,0,0,2,1,1,0,0,0,0
ENSMUSG00000083410,Gm14300,0,0,0,0,0,0,0,0,0,0,0,0
ENSMUSG00000061171,Slc38a11,0,0,0,0,0,4,0,0,0,0,1,0
ENSMUSG00000042662,Dusp15,0,0,1,0,0,1,0,1,0,0,0,0
ENSMUSG00000099184,Mir6337,0,0,0,0,0,0,0,0,0,0,0,0
ENSMUSG00000026917,Wdr5,3329,3442,2998,2894,2951,1405,2657,3118,3312,3073,2948,2677
ENSMUSG00000088197,Gm24138,0,0,0,0,0,0,0,0,0,0,0,0
ENSMUSG00000080538,Gm25541,1,0,0,1,1,0,2,4,1,0,0,0
ENSMUSG00000085929,Gm13421,5,0,4,1,7,3,0,0,0,2,5,6
ENSMUSG00000039117,Taf4,1577,1711,1649,1496,1473,978,1377,1705,1594,1454,1686,1476
ENSMUSG00000085704,4921531C22Rik,15,19,9,22,18,6,13,15,26,17,21,26
ENSMUSG00000082850,Gm14299,0,0,0,0,0,0,0,0,0,0,0,0
ENSMUSG00000057182,Scn3a,0,0,0,1,0,2,0,1,0,0,0,0
ENSMUSG00000086701,Gm13595,0,0,0,0,0,0,0,0,0,0,0,0
ENSMUSG00000025314,Ptprj,5216,5231,4196,4081,2754,1646,2002,3695,3693,3563,2151,2098
ENSMUSG00000085471,4933423P22Rik,3,1,0,2,5,0,1,2,1,0,0,0
ENSMUSG00000039108,Lsm14b,770,800,587,672,609,455,650,666,751,712,628,638
ENSMUSG00000027566,Psma7,5473,6126,4585,4900,5374,2627,5106,5027,6287,5189,5371,5220
ENSMUSG00000015846,Rxra,3718,4036,2128,2221,2035,933,1640,2080,2975,2837,1764,1898
ENSMUSG00000039086,Ss18l1,122,162,112,96,116,71,97,104,105,103,112,116
ENSMUSG00000085766,2810430I11Rik,0,0,0,0,0,0,0,0,0,0,0,0
ENSMUSG00000039069,Mtg2,616,702,507,509,581,216,507,498,675,563,637,645
ENSMUSG00000074673,Ttll9,2,0,1,1,1,2,1,2,0,1,1,0
ENSMUSG00000089898,Gm14199,0,0,0,0,0,0,0,0,0,0,0,0
ENSMUSG00000026657,Frmd4a,175,203,186,173,89,77,86,159,153,136,95,97
ENSMUSG00000051329,Nup160,2477,2718,2422,2445,2542,1700,1762,2685,2356,2179,2552,2297
ENSMUSG00000086458,Gm2639,0,0,0,0,0,0,0,0,0,0,0,0
ENSMUSG00000081889,Gm13188,0,0,0,0,0,0,0,0,0,0,0,0
ENSMUSG00000104284,Gm10862,0,0,0,0,0,2,0,0,0,0,0,0
ENSMUSG00000102517,Gm38085,0,0,0,0,0,0,0,0,0,0,0,0
ENSMUSG00000084859,1700080N15Rik,0,0,0,0,0,0,0,0,0,0,0,0
ENSMUSG00000086921,Gm13189,0,0,0,0,0,0,0,0,0,0,0,0
ENSMUSG00000102816,Gm37814,0,0,0,0,0,0,0,0,0,0,0,0
ENSMUSG00000102136,Gm37107,0,0,0,0,0,0,0,0,0,0,0,0
ENSMUSG00000102357,Gm38348,0,0,0,0,0,0,0,0,0,0,0,0
ENSMUSG00000027472,Pdrg1,1018,1231,958,927,1107,438,926,842,1133,917,1035,1038
ENSMUSG00000039059,Hrh3,0,1,0,0,1,0,0,0,0,0,0,0
ENSMUSG00000087355,Gm13187,0,1,1,3,1,0,1,2,1,2,0,1
ENSMUSG00000102494,Gm36988,0,0,0,0,0,0,0,0,0,1,0,0
ENSMUSG00000042631,Xkr7,0,0,0,0,0,1,0,0,0,0,0,0
ENSMUSG00000090589,Gm17180,0,0,0,0,0,0,0,0,0,0,0,0
ENSMUSG00000075826,Gm23691,0,0,0,0,0,0,0,0,0,0,0,0
ENSMUSG00000086874,Gm13175,0,0,0,0,0,0,0,0,0,0,0,0
ENSMUSG00000086018,Gm13179,1,0,0,0,0,1,0,1,1,1,0,0
ENSMUSG00000075318,Scn2a,0,0,0,0,0,0,0,1,1,0,0,1
ENSMUSG00000033943,Mga,5541,5612,4260,4039,4108,3599,2135,3994,4316,4598,5258,4882
ENSMUSG00000118566,BX284648.1,0,0,0,0,0,0,0,0,0,0,0,0
ENSMUSG00000026837,Col5a1,21,25,22,21,8,2,8,19,19,12,7,10
ENSMUSG00000027474,Ccm2l,0,0,0,0,0,0,0,0,0,0,0,0
ENSMUSG00000086560,Gm13372,0,0,0,0,0,0,0,0,0,0,0,0
ENSMUSG00000039050,Osbpl2,1042,1098,787,884,773,516,675,960,974,934,838,794
ENSMUSG00000039449,Prpf18,1146,1264,1115,1054,1073,683,1016,1104,1112,1032,1032,936
ENSMUSG00000083378,Gm13196,4,3,5,3,3,0,7,1,8,1,3,3
ENSMUSG00000039041,Adrm1,667,678,547,530,581,277,619,646,636,550,543,501
ENSMUSG00000008200,Fnbp4,3915,4258,3683,3465,3268,2763,3002,3944,3666,3404,3815,3179
ENSMUSG00000080873,Rpl30-ps3,0,2,0,0,1,1,3,1,1,0,1,1
ENSMUSG00000026835,Fcnb,0,0,0,0,0,0,0,0,0,0,0,0
ENSMUSG00000085693,Gm13371,0,0,0,0,0,0,0,0,0,0,0,0
ENSMUSG00000044647,Csrnp3,0,0,0,0,1,0,0,0,1,0,0,0
ENSMUSG00000086425,F730016J06Rik,0,0,0,0,0,0,0,0,0,0,0,0
ENSMUSG00000052865,Gm13619,0,0,0,0,0,1,0,0,0,0,0,0
ENSMUSG00000085160,Gm13617,0,0,0,0,0,0,0,0,0,0,0,0
ENSMUSG00000048186,Bend7,0,2,4,2,1,1,0,2,1,8,4,9
ENSMUSG00000083407,Gm13176,0,0,0,0,0,0,0,0,0,1,0,0
ENSMUSG00000026994,Galnt3,2097,2191,1489,1473,1098,841,977,1164,1502,1345,1364,1199
ENSMUSG00000100197,Gm28638,0,0,0,0,0,0,0,0,0,0,0,0
ENSMUSG00000080728,Gm13616,0,0,0,0,0,6,0,0,0,0,0,0
ENSMUSG00000033902,Mapkbp1,709,698,542,491,480,228,426,617,518,565,593,502
ENSMUSG00000098632,Mir7665,0,0,0,0,0,0,0,0,0,0,0,0
ENSMUSG00000087458,Gm13999,0,0,0,0,0,0,0,0,0,0,0,0
ENSMUSG00000015647,Lama5,1150,1081,969,880,935,315,921,1255,952,938,1048,1154
ENSMUSG00000098789,Jmjd7,2,7,2,4,7,5,3,2,1,2,4,2
ENSMUSG00000098735,Mir7005,0,0,0,0,0,0,2,3,0,0,0,0
ENSMUSG00000026662,Sephs1,2051,2138,1710,1731,2217,1396,1777,2013,2112,1866,2305,2076
ENSMUSG00000003283,Hck,0,0,2,1,0,0,0,0,0,0,0,0
ENSMUSG00002075309,#N/A,0,0,0,0,0,0,0,0,0,0,0,0
ENSMUSG00000039001,Rps21,3011,4283,3250,3820,3817,1416,4217,3647,3650,2935,3380,2733
ENSMUSG00000092827,Mir3091,1,3,4,6,3,0,4,6,5,1,3,2
ENSMUSG00000026664,Phyh,85,84,68,75,95,58,99,94,111,91,112,107
ENSMUSG00000086670,Gm13194,0,0,0,3,2,0,0,0,0,0,1,0
ENSMUSG00000082795,Gm13193,0,0,0,0,0,0,0,0,0,0,0,0
ENSMUSG00000069188,Gm13192,0,1,0,0,0,0,1,0,0,0,0,0
ENSMUSG00000026833,Olfm1,41,39,28,29,27,12,11,16,13,22,23,19
ENSMUSG00000087196,Gm13373,0,0,0,0,0,0,0,0,0,0,0,0
ENSMUSG00000033852,Gm28042,0,0,0,0,0,0,0,0,0,0,0,0
ENSMUSG00000038990,Cables2,1204,1333,974,1062,1017,554,961,1142,1222,1094,873,842
ENSMUSG00000035829,Ppp1r26,12,13,14,14,24,13,14,9,15,7,15,27
ENSMUSG00000038980,Rbbp8nl,0,0,0,0,0,0,0,0,0,0,0,0
ENSMUSG00000026831,1700007K13Rik,2,1,0,1,0,0,1,1,0,0,1,0
ENSMUSG00000015627,Gata5,0,0,0,0,0,0,1,0,0,0,0,0
ENSMUSG00000026668,Ucma,0,0,0,0,0,0,0,0,0,0,0,0
ENSMUSG00000056061,Gata5os,0,0,0,0,0,0,0,0,0,0,0,0
ENSMUSG00000084843,B230312C02Rik,0,0,1,1,0,0,0,1,2,0,0,0
ENSMUSG00000070144,Mir1a-1,0,0,0,0,0,0,0,0,0,0,0,0
ENSMUSG00000065460,Mir133a-2,0,0,0,0,0,0,0,0,0,0,0,0
ENSMUSG00000035772,Mrps2,2215,2332,1737,1741,1897,1186,1752,1887,2069,1939,1927,1787
ENSMUSG00000082895,Rpsa-ps9,35,20,18,14,16,6,29,22,44,34,15,25
ENSMUSG00000068040,Tm9sf4,2619,2872,2314,2341,2254,1154,2102,2444,2364,2267,2205,2068
ENSMUSG00000034848,Ttc21b,296,309,257,251,318,201,235,298,288,246,295,285
ENSMUSG00000074671,Tspyl3,376,398,245,280,261,83,287,300,338,315,271,261
ENSMUSG00000086671,Gm13618,0,0,0,0,0,0,0,0,0,0,0,0
ENSMUSG00000098488,Pla2g4b,1,1,0,3,5,2,0,2,4,0,6,5
ENSMUSG00000026829,Gbgt1,0,0,1,0,0,0,0,0,0,0,0,0
ENSMUSG00000063611,Gm10134,0,0,0,0,0,0,0,0,0,0,0,0
ENSMUSG00000051413,Plagl2,10589,10864,7942,7779,6941,4058,6227,8232,8676,8296,7823,7195
ENSMUSG00000074899,Sptbn5,12,5,7,8,1,1,4,6,7,3,1,4
ENSMUSG00000038963,Slco4a1,3480,3770,2601,2643,1716,645,2033,2186,2389,2234,1697,1555
ENSMUSG00000027293,Ehd4,721,813,652,660,578,343,646,730,615,567,562,470
ENSMUSG00000046020,Pofut1,1320,1371,1011,1017,1073,434,843,1038,1170,1111,1131,1088
ENSMUSG00000027568,Ntsr1,0,0,0,0,0,0,0,0,0,0,0,0
ENSMUSG00000026669,Mcm10,1151,1131,1384,1358,1607,888,1559,1893,1063,876,1232,1171
ENSMUSG00000027475,Kif3b,1995,2075,1401,1507,1242,735,1189,1692,1736,1672,1623,1319
ENSMUSG00000073236,2500004C02Rik,23,22,24,28,40,32,21,45,22,51,44,35
ENSMUSG00000027569,Mrgbp,818,979,762,792,887,496,795,828,901,888,983,927
ENSMUSG00000042548,Asxl1,4532,4932,3984,4087,4092,2166,3215,4410,4192,3997,3918,3554
ENSMUSG00000049401,Ogfr,2608,2580,1962,2131,1991,737,1872,2158,2496,2286,2055,1988
ENSMUSG00000026672,Optn,124,111,120,92,71,64,91,86,100,95,49,54
ENSMUSG00000086430,4930551O13Rik,0,0,0,0,0,0,0,0,2,0,0,0
ENSMUSG00000050211,Pla2g4e,0,0,0,0,0,0,0,0,0,0,0,0
ENSMUSG00000026676,Ccdc3,0,0,0,0,4,0,3,1,0,0,1,2
ENSMUSG00000081005,Gm13198,0,0,0,0,0,0,0,0,2,0,0,3
ENSMUSG00000084606,Gm23118,0,0,0,0,0,0,0,0,0,0,0,0
ENSMUSG00000080820,Gm13197,0,0,0,0,0,0,0,0,0,0,0,0
ENSMUSG00000087555,Gm13997,0,0,0,0,0,0,0,0,0,0,0,0
ENSMUSG00000070719,Pla2g4d,0,0,0,0,0,5,0,0,0,0,0,0
ENSMUSG00000061411,Nol4l,1074,1028,987,899,1033,584,688,912,844,852,553,499
ENSMUSG00000082283,Gm14472,0,0,0,0,0,0,0,0,0,0,0,0
ENSMUSG00000079001,4930404H24Rik,0,0,0,0,0,0,0,0,0,0,0,0
ENSMUSG00000039145,Camk1d,1106,1225,1111,1160,864,487,745,1160,988,998,702,656
ENSMUSG00000082013,Gm13216,5,11,7,9,6,2,5,3,2,0,2,1
ENSMUSG00000046971,Pla2g4f,58,41,58,56,99,38,55,73,82,66,38,32
ENSMUSG00000056941,Commd7,665,743,537,566,563,314,596,585,701,600,651,580
ENSMUSG00000079000,Dnmt3bos,0,3,0,0,1,0,1,2,0,0,1,1
ENSMUSG00000040812,Agbl2,1,0,0,1,0,0,2,0,0,1,1,0
ENSMUSG00000027570,Col9a3,53,65,39,49,46,17,44,61,40,64,40,57
ENSMUSG00000080977,Gm13772,0,0,0,1,1,0,0,0,0,0,0,0
ENSMUSG00000039128,Cdc123,1199,1339,1065,1025,1280,874,1138,1119,1358,1110,1409,1145
ENSMUSG00000038932,Tcfl5,0,0,0,0,0,0,0,0,0,0,0,0
ENSMUSG00000025817,Nudt5,1687,1800,1553,1562,2070,1043,1416,1594,1636,1503,1857,1865
ENSMUSG00000056718,Gm13199,5,9,9,7,2,7,3,3,6,2,3,7
ENSMUSG00000026821,Ralgds,1847,1920,1268,1421,1086,367,1093,1361,1547,1415,862,862
ENSMUSG00000025816,Sec61a2,326,334,289,299,263,199,259,267,288,289,257,292
ENSMUSG00000027282,Mtch2,1210,1496,1073,1162,1128,706,1194,1230,1240,1139,1216,1123
ENSMUSG00000085818,Gm13267,0,0,0,0,0,0,0,0,0,0,0,0
ENSMUSG00000026818,Cel,0,1,0,0,1,0,1,1,1,0,0,0
ENSMUSG00000087667,Gm13381,0,0,0,0,0,0,0,0,0,0,0,0
ENSMUSG00000025815,Dhtkd1,4,4,3,1,2,5,2,2,3,0,5,4
ENSMUSG00000043241,Upf2,1195,1224,916,994,1028,1184,801,1019,856,1078,1140,975
ENSMUSG00000026816,Gtf3c5,770,815,579,630,607,389,674,748,665,704,571,626
ENSMUSG00000089055,Gm22675,0,0,0,0,0,0,0,0,0,0,0,0
ENSMUSG00002075803,#N/A,0,0,0,0,0,0,0,0,0,0,0,0
ENSMUSG00000045319,Proser2,5,1,4,9,5,4,5,10,4,7,4,1
ENSMUSG00000082332,Gm13384,0,0,2,0,0,0,1,0,0,0,1,0
ENSMUSG00000102887,Gm10857,0,0,0,0,0,0,0,0,0,0,0,0
ENSMUSG00000064329,Scn1a,0,0,0,0,0,3,0,0,0,0,1,0
ENSMUSG00000039063,Echdc3,0,0,2,0,0,0,0,2,0,0,0,0
ENSMUSG00000085386,Gm13630,0,0,0,0,0,0,0,0,0,0,0,0
ENSMUSG00000026815,Gfi1b,0,0,1,0,0,1,0,0,0,1,0,0
ENSMUSG00000087125,A230108P19Rik,0,0,0,0,0,0,0,0,0,0,0,0
ENSMUSG00000087485,Gm13383,0,0,0,0,0,0,0,0,0,0,0,0
ENSMUSG00000087301,Gm13629,1,0,0,0,0,0,0,0,0,0,0,0
ENSMUSG00000118578,AL845275.1,1,0,1,0,0,0,3,0,0,0,0,0
ENSMUSG00000080855,Rpl35-ps1,0,0,0,0,0,0,0,0,0,0,0,0
ENSMUSG00000038914,Dido1,4182,4207,3391,3302,3275,2138,2435,3705,3534,3471,3432,3177
ENSMUSG00000119719,#N/A,0,0,0,0,0,0,0,0,0,0,0,0
ENSMUSG00000027573,Gid8,1200,1254,855,1015,973,648,906,1007,1219,1095,1084,1007
ENSMUSG00000023393,Slc17a9,467,485,388,340,343,130,375,352,334,344,431,413
ENSMUSG00000087550,Gm14343,0,0,0,0,0,0,0,0,0,0,0,0
ENSMUSG00000045493,Bhlhe23,0,0,0,0,0,0,0,0,0,0,0,0
ENSMUSG00000039046,Usp6nl,401,451,329,350,334,202,265,332,347,337,317,260
ENSMUSG00000074507,Gm14340,0,0,0,0,0,0,0,0,0,0,0,0
ENSMUSG00000086166,Gm14342,0,0,0,0,0,0,0,0,0,0,0,0
ENSMUSG00000085716,Gm13388,0,0,0,0,0,0,0,0,0,0,0,0
ENSMUSG00000085428,Gm14344,0,0,0,0,0,0,0,0,0,0,0,0
ENSMUSG00002076540,#N/A,0,0,0,0,0,0,0,0,0,0,0,0
ENSMUSG00000086109,Gm13391,0,0,0,0,0,0,0,2,0,0,0,0
ENSMUSG00000085728,Gm14339,0,0,0,0,0,0,0,0,0,0,0,0
ENSMUSG00000102599,Gm38386,0,1,0,0,5,11,0,0,0,0,1,0
ENSMUSG00000065454,Mir124a-3,0,0,0,0,0,0,0,0,0,0,0,0
ENSMUSG00000098051,Gm27032,0,0,0,0,0,0,0,0,0,0,0,0
ENSMUSG00000027291,Vps39,1516,1626,1232,1303,1219,640,1022,1321,1420,1241,1169,1031
ENSMUSG00000038848,Ythdf1,3150,3339,2696,2781,2635,1347,2365,2868,3022,2764,2785,2451
ENSMUSG00000038840,Birc7,0,1,0,0,0,0,0,0,0,0,0,0
ENSMUSG00000027574,Nkain4,0,0,0,0,0,0,0,0,0,0,0,0
ENSMUSG00000087293,Gm14341,1,0,0,0,0,0,1,0,0,0,0,0
ENSMUSG00000075316,Scn9a,11,6,2,3,3,5,3,6,2,5,2,4
ENSMUSG00000081307,Gm13627,0,0,0,0,0,0,0,0,0,0,0,0
ENSMUSG00002075707,#N/A,0,0,0,0,0,0,0,0,0,0,0,0
ENSMUSG00000034810,Scn7a,0,0,1,0,0,1,0,0,1,0,0,0
ENSMUSG00000081973,Gm13600,1,0,2,1,0,0,0,0,1,0,1,1
ENSMUSG00000082218,Gm13602,2,0,0,1,2,0,1,0,1,0,3,1
ENSMUSG00000086908,Gm13598,0,0,0,0,0,0,0,0,0,0,0,0
ENSMUSG00000026812,Tsc1,981,952,860,890,849,435,636,862,983,898,865,852
ENSMUSG00000033808,Tmem87a,1531,1515,1350,1303,1120,850,1051,1354,1365,1319,1211,1134
ENSMUSG00000026809,Spaca9,0,0,0,0,0,0,0,2,0,0,0,0
ENSMUSG00000026807,Ak8,0,0,0,1,0,0,0,2,0,0,0,0
ENSMUSG00000092832,Mir3088,0,0,0,0,0,0,0,0,0,0,0,0
ENSMUSG00000082796,Gm13385,0,0,0,0,0,0,0,0,0,0,0,0
ENSMUSG00000083115,Gm13386,0,0,0,0,0,0,0,0,0,0,0,0
ENSMUSG00000035666,Gtf3c4,1758,1690,1426,1439,1605,796,1089,1551,1596,1427,1470,1344
ENSMUSG00000027022,Xirp2,0,0,0,0,0,1,0,0,0,0,1,0
ENSMUSG00000087043,Gm13599,0,0,0,0,0,0,0,0,0,0,0,0
ENSMUSG00000096240,Gm21830,0,0,0,0,0,0,0,0,0,0,0,0
ENSMUSG00000088043,Gm23328,0,0,0,0,0,0,0,0,0,0,0,0
ENSMUSG00000087467,Gm13601,0,0,0,0,0,0,0,0,0,0,0,0
ENSMUSG00000026806,Ddx31,1406,1568,1153,1263,1085,548,963,1149,1414,1218,1203,1025
ENSMUSG00000034780,B3galt1,0,0,0,0,0,0,0,0,0,0,0,0
ENSMUSG00000098299,Mir7224,0,0,0,0,0,0,0,0,0,0,0,0
ENSMUSG00000097067,Gm26743,0,0,0,0,0,2,0,0,0,0,0,0
ENSMUSG00000083910,Gm13604,0,2,0,0,0,0,1,0,0,1,0,0
ENSMUSG00000081299,Gm13603,0,0,0,0,0,0,0,0,0,0,0,0
ENSMUSG00000098734,Mir6335,0,0,0,0,0,0,0,0,0,0,0,0
ENSMUSG00000104398,Gm37964,0,0,0,0,0,0,0,0,0,0,0,0
ENSMUSG00000081257,Gm13607,0,0,0,0,0,0,0,1,0,0,0,1
ENSMUSG00000026805,Barhl1,0,0,0,1,0,5,0,0,0,0,0,0
ENSMUSG00000079502,Cfap77,0,3,0,0,0,5,0,0,0,1,2,0
ENSMUSG00000083773,Gm13394,12,30,26,29,15,17,35,34,7,8,7,9
ENSMUSG00000062646,Ganc,66,58,63,45,73,66,62,58,52,53,70,78
ENSMUSG00000026803,Ttf1,686,688,575,554,612,382,456,607,573,559,604,583
ENSMUSG00000086519,Gm13393,0,0,0,0,0,0,0,0,0,0,0,0
ENSMUSG00000027030,Stk39,1630,1766,1479,1433,1757,1226,1504,1694,1857,1615,1606,1518
ENSMUSG00000082788,Gm13396,0,0,0,0,0,0,0,0,0,0,0,0
ENSMUSG00000085182,Gm13596,1,0,0,0,0,0,0,0,1,0,0,0
ENSMUSG00002076685,#N/A,0,0,0,0,0,0,0,0,0,0,0,0
ENSMUSG00000075312,Gm13597,0,0,0,0,0,0,0,0,0,0,0,0
ENSMUSG00000118623,AL935121.1,0,0,0,0,0,0,0,0,0,0,0,0
ENSMUSG00000116244,Gm49461,0,0,0,0,0,0,0,0,0,0,0,0
ENSMUSG00000115996,Gm49462,0,0,0,0,0,0,0,0,0,0,0,0
ENSMUSG00000115973,Gm36002,0,0,0,0,0,0,0,0,0,0,0,0
ENSMUSG00000053896,4933409G03Rik,0,0,0,0,0,0,0,0,0,0,0,0
ENSMUSG00000043535,Setx,3399,3400,2715,2590,2136,1485,1403,2659,2521,2590,2364,2290
ENSMUSG00000086495,Gm13778,0,1,0,0,0,0,0,0,1,1,1,1
ENSMUSG00000027575,Arfgap1,1754,1765,1406,1402,1264,544,1185,1475,1530,1422,1192,1212
ENSMUSG00000079324,4932414N04Rik,0,0,0,0,0,0,0,0,0,0,0,0
ENSMUSG00000109667,Gm36231,0,0,0,0,0,0,0,0,0,0,0,0
ENSMUSG00000082836,Gm13612,6,5,4,2,3,0,3,2,4,1,1,2
ENSMUSG00000070461,9230112E08Rik,214,242,182,187,135,64,137,168,155,178,156,136
ENSMUSG00000027035,Cers6,887,926,595,566,576,370,391,515,640,565,657,576
ENSMUSG00000103233,Gm37159,2,0,0,2,0,0,0,0,2,1,0,0
ENSMUSG00000103747,Gm38236,0,0,0,0,1,0,0,0,1,0,0,0
ENSMUSG00000103734,Gm37651,1,0,0,0,0,1,0,0,3,1,0,0
ENSMUSG00000104262,Gm37747,1,0,0,0,0,2,0,0,0,0,0,0
ENSMUSG00000103546,Gm37666,0,1,1,1,0,0,2,1,0,0,0,0
ENSMUSG00000102662,Gm38377,3,4,5,2,2,4,5,5,3,0,2,1
ENSMUSG00000034738,Nostrin,0,3,3,2,3,2,2,4,1,1,0,2
ENSMUSG00000035513,Ntng2,229,187,211,200,126,73,153,184,180,173,137,120
ENSMUSG00000079499,6530402F18Rik,1109,1163,1123,1188,1004,352,961,1101,1014,998,707,720
ENSMUSG00000002102,Psmc3,3701,4066,3089,3256,3774,2009,3660,3658,3795,3303,3478,3052
ENSMUSG00000026799,Med27,598,622,454,456,483,219,514,425,521,491,472,445
ENSMUSG00000086994,Gm13402,0,0,0,0,0,0,0,0,0,0,0,0
ENSMUSG00002075871,#N/A,0,0,1,0,0,0,0,1,1,0,0,0
ENSMUSG00000098539,Mir133c,0,0,0,0,0,0,0,0,0,0,0,0
ENSMUSG00000082413,Gm13401,2,1,1,1,0,0,0,1,0,1,0,1
ENSMUSG00000016356,Col20a1,74,84,80,99,44,14,48,101,62,67,36,35
ENSMUSG00000005233,Spc25,284,252,256,252,519,388,421,417,323,252,422,363
ENSMUSG00000027577,Chrna4,0,0,0,0,0,0,0,0,0,1,0,1
ENSMUSG00000027478,Dnmt3b,670,661,544,498,591,312,474,586,655,605,729,626
ENSMUSG00000002105,Slc39a13,241,255,209,197,200,104,187,181,250,167,204,144
ENSMUSG00000082079,Dnmt3c,0,0,0,0,0,1,1,0,0,0,1,0
ENSMUSG00000005232,G6pc2,0,0,0,0,0,1,0,0,0,0,0,0
ENSMUSG00000027479,Mapre1,4023,4547,3431,3513,3648,2663,3310,3607,3828,3683,3630,3068
ENSMUSG00000002111,Spi1,0,0,1,1,0,0,3,0,0,2,0,1
ENSMUSG00000044083,Efcab8,11,9,3,3,6,5,6,15,7,4,7,7
ENSMUSG00000083097,Gm14494,90,43,36,52,34,20,23,27,118,115,45,95
ENSMUSG00000027480,Sun5,0,0,0,0,0,0,0,0,0,0,0,0
ENSMUSG00000002107,Celf2,5084,5335,4449,4147,4384,3271,4376,4719,4546,4146,5053,4643
ENSMUSG00000027048,Abcb11,0,0,0,1,1,0,0,0,1,1,0,0
ENSMUSG00000087079,Gm13389,0,0,0,0,0,0,0,0,0,0,0,0
ENSMUSG00000075538,Gm10855,0,0,0,0,0,0,0,0,0,0,0,0
ENSMUSG00000103412,Gm37340,0,0,0,0,0,0,0,0,0,0,0,0
ENSMUSG00000086819,Gm13613,0,0,0,0,0,0,0,0,0,0,0,0
ENSMUSG00000062319,Gm10115,0,0,0,0,0,0,0,0,0,0,0,0
ENSMUSG00000083592,Gm13614,0,0,0,0,0,0,0,0,0,0,0,0
ENSMUSG00002075987,#N/A,0,0,0,0,0,0,1,0,0,0,0,0
ENSMUSG00000077396,Gm24340,0,0,0,0,0,1,0,0,0,0,0,0
ENSMUSG00000099424,Gm28641,0,0,0,0,0,7,0,1,0,1,0,0
ENSMUSG00000083252,Gm13210,0,0,0,0,0,0,0,0,0,0,0,0
ENSMUSG00000085070,Gm13211,0,0,0,0,0,0,0,0,0,0,0,0
ENSMUSG00000083269,Gm13254,0,0,0,0,0,0,0,0,0,0,0,0
ENSMUSG00002075086,#N/A,0,0,0,0,0,0,0,0,0,0,0,0
ENSMUSG00000027068,Dhrs9,134,134,167,158,92,78,62,94,133,106,49,47
ENSMUSG00000084374,Gm13255,0,0,0,0,0,0,0,0,0,0,0,0
ENSMUSG00000082953,Gm13217,0,0,0,0,1,0,0,0,0,0,0,1
ENSMUSG00000085580,1700061F12Rik,0,0,0,0,0,0,0,0,1,0,1,0
ENSMUSG00002076673,#N/A,0,0,0,0,0,1,0,0,0,0,0,0
ENSMUSG00000083423,Gm13221,0,0,0,0,0,0,0,0,0,0,0,0
ENSMUSG00000027481,Bpifb2,0,0,0,0,0,1,0,0,0,0,0,0
ENSMUSG00000079604,Gm13219,0,0,0,0,0,0,0,0,0,0,0,0
ENSMUSG00000081202,Gm13220,0,0,0,0,0,0,0,0,0,0,1,0
ENSMUSG00000079603,Gm13218,0,0,0,0,0,1,2,0,1,0,1,0
ENSMUSG00000104276,Gm37866,0,0,1,0,0,1,0,0,0,0,0,1
ENSMUSG00000015619,Gata3,3424,3518,2246,2297,2929,1932,2278,2667,2902,2852,3887,3466
ENSMUSG00000068009,Bpifb6,0,0,0,0,0,0,0,0,0,0,0,0
ENSMUSG00000086618,Gm13256,12,20,7,11,13,0,9,14,10,8,6,4
ENSMUSG00000025783,4930412O13Rik,6,6,2,4,3,0,0,0,2,1,1,2
ENSMUSG00000079602,9230102O04Rik,6,9,5,8,3,4,3,1,4,5,3,7
ENSMUSG00000075534,Gm13262,0,0,0,0,0,0,0,0,1,0,0,0
ENSMUSG00000068008,Bpifb3,0,0,0,0,0,0,0,0,0,0,0,0
ENSMUSG00000025782,Taf3,1252,1375,1070,1032,1040,924,1135,1179,1137,1040,1204,974
ENSMUSG00000103570,C630004M23Rik,3,0,1,6,5,0,0,2,3,0,2,1
ENSMUSG00000074665,Bpifb4,0,0,0,0,0,0,0,0,0,0,0,0
ENSMUSG00000078998,Bpifa6,0,0,0,0,0,0,0,0,0,0,0,0
ENSMUSG00000027070,Lrp2,0,0,0,0,1,4,0,0,0,0,1,0
ENSMUSG00000042459,Bpifa2,0,0,0,0,0,0,0,0,0,0,0,0
ENSMUSG00000118490,AL732466.1,0,0,0,0,0,0,0,0,0,0,0,0
ENSMUSG00000096084,Gm21850,0,0,0,0,0,0,0,0,0,0,0,0
ENSMUSG00000081013,Gm14497,1,0,0,0,0,0,0,1,1,0,0,0
ENSMUSG00000002100,Mybpc3,0,0,1,0,0,0,0,0,0,0,0,0
ENSMUSG00000027482,Bpifa3,0,0,0,0,0,0,0,0,0,0,0,0
ENSMUSG00000027483,Bpifa1,0,0,0,0,0,0,0,0,0,0,0,0
ENSMUSG00000025781,Atp5c1,2927,3442,2435,2601,3173,1855,2890,3186,3257,2707,3234,2853
ENSMUSG00000077733,Gm23608,0,0,0,0,0,0,0,0,0,1,0,2
ENSMUSG00000027484,Bpifa5,0,0,0,0,0,0,0,0,0,0,0,0
ENSMUSG00000037262,Kin,509,544,443,437,452,533,432,424,456,474,547,461
ENSMUSG00000063145,Bbs5,35,39,33,40,39,35,40,37,20,19,48,31
ENSMUSG00000075307,Klhl41,0,0,2,0,1,2,4,0,3,0,1,0
ENSMUSG00000027485,Bpifb1,0,0,0,0,0,0,0,0,2,0,0,0
ENSMUSG00000038572,Bpifb5,0,0,0,0,0,0,0,0,0,0,0,0
ENSMUSG00000037254,Itih2,0,0,0,0,0,6,0,0,0,0,0,0
ENSMUSG00000039844,Rapgef1,10313,11267,8733,9097,7457,2669,6421,9099,9207,8972,6403,6072
ENSMUSG00000025780,Itih5,378,469,445,512,292,183,401,502,431,441,345,263
ENSMUSG00000027086,Fastkd1,551,684,567,525,539,313,430,550,607,580,578,527
ENSMUSG00000086748,Gm13261,0,0,0,0,0,0,0,0,1,0,0,0
ENSMUSG00000067998,Bpifb9a,0,0,0,0,0,0,0,0,0,0,0,0
ENSMUSG00000083732,Gm14197,0,0,0,0,0,0,0,1,0,0,1,0
ENSMUSG00000048316,Gm9823,3,4,3,0,1,1,0,0,4,1,0,2
ENSMUSG00000079497,Gm13420,0,0,0,0,0,0,0,0,0,0,0,0
ENSMUSG00000067996,Bpifb9b,0,0,0,0,0,0,0,0,0,0,0,2
ENSMUSG00000075425,Gm13547,0,0,0,0,0,0,0,0,0,0,0,0
ENSMUSG00000027487,Cdk5rap1,173,215,167,169,239,118,149,155,197,186,246,222
ENSMUSG00000027488,Snta1,2,0,0,2,3,4,2,3,3,3,0,2
ENSMUSG00000039826,Trub2,797,908,771,806,832,303,666,754,836,767,822,827
ENSMUSG00000061186,Sfmbt2,56,79,54,47,54,18,36,61,47,37,64,75
ENSMUSG00002076942,#N/A,0,0,0,0,0,0,0,0,0,0,0,0
ENSMUSG00002075140,#N/A,0,0,0,0,0,0,0,0,0,0,0,0
ENSMUSG00000092793,Mir466m,0,0,0,0,0,0,0,0,0,0,0,0
ENSMUSG00000077972,Mir466f-1,0,0,0,0,0,0,0,0,0,0,0,0
ENSMUSG00000077038,Mir669f,0,0,0,0,0,0,0,0,0,0,0,0
ENSMUSG00000080653,Mir669e,0,0,0,0,0,0,0,0,0,0,0,0
ENSMUSG00000076126,Mir669b,0,0,0,0,0,0,0,0,0,0,0,0
ENSMUSG00002075055,#N/A,0,0,0,0,0,0,0,0,0,0,0,0
ENSMUSG00000077834,Mir669d,0,0,0,0,0,0,0,0,0,0,0,0
ENSMUSG00000077998,Mir466f-2,0,0,0,0,0,0,0,0,0,0,0,0
ENSMUSG00000076959,Mir669l,0,0,0,0,0,0,0,0,0,0,0,0
ENSMUSG00000080504,Mir669d-2,0,0,0,0,0,0,0,0,0,0,0,0
ENSMUSG00000077981,Mir466f-3,0,0,0,0,0,0,0,0,0,0,0,0
ENSMUSG00000076983,Mir297a-2,0,0,0,0,0,0,0,0,0,0,0,0
ENSMUSG00000078026,Mir466o,0,0,0,0,0,0,0,0,0,0,0,0
ENSMUSG00002075960,#N/A,0,0,0,0,0,0,0,0,0,0,0,0
ENSMUSG00000042133,Ppig,3730,4134,2885,3335,3277,5099,3702,3838,2992,3615,4226,3158
ENSMUSG00000077049,Mir467c,0,0,0,0,0,0,0,0,0,0,0,0
ENSMUSG00000119771,#N/A,0,0,0,0,0,0,0,0,0,0,0,0
ENSMUSG00000076028,Mir669a-3,0,0,0,0,0,0,0,0,0,0,0,0
ENSMUSG00000119803,#N/A,0,0,0,0,0,0,0,0,0,0,0,0
ENSMUSG00002075143,#N/A,0,0,0,0,0,0,0,0,0,0,0,0
ENSMUSG00000119247,#N/A,0,0,0,0,0,0,0,0,0,0,0,0
ENSMUSG00000095269,Mir466b-8,0,0,0,0,0,0,0,0,0,0,0,0
ENSMUSG00000119292,#N/A,0,0,0,0,0,0,0,0,0,0,0,0
ENSMUSG00000080459,Mir669g,0,0,0,0,0,0,0,0,0,0,0,0
ENSMUSG00000082345,Gm13622,1,2,3,1,0,1,2,2,2,4,0,1
ENSMUSG00002076944,#N/A,0,0,0,0,0,0,0,0,0,0,0,0
ENSMUSG00000119793,#N/A,0,0,0,0,0,0,0,0,0,0,0,0
ENSMUSG00000119385,#N/A,0,0,0,0,0,0,0,0,0,0,0,0
ENSMUSG00000119608,#N/A,0,0,0,0,0,0,0,0,0,0,0,0
ENSMUSG00000119626,#N/A,0,0,0,0,0,0,0,0,0,0,0,0
ENSMUSG00002075541,#N/A,0,0,0,0,0,0,0,0,0,0,0,0
ENSMUSG00002076617,#N/A,0,0,0,0,0,0,0,0,0,0,0,0
ENSMUSG00000026798,Coq4,259,275,204,215,264,96,235,248,257,230,267,259
ENSMUSG00000119508,#N/A,0,0,0,0,0,0,0,0,0,0,0,0
ENSMUSG00000119566,#N/A,0,0,0,0,0,0,0,0,0,0,0,0
ENSMUSG00000119137,#N/A,0,0,0,0,0,0,0,0,0,0,0,0
ENSMUSG00002076075,#N/A,0,0,0,0,0,0,0,0,0,0,0,0
ENSMUSG00002076869,#N/A,0,0,0,0,0,0,0,0,0,0,0,0
ENSMUSG00000119931,#N/A,0,0,0,0,0,0,0,0,0,0,0,0
ENSMUSG00000118762,#N/A,0,0,0,0,0,0,0,0,0,0,0,0
ENSMUSG00000119304,#N/A,0,0,0,0,0,0,0,0,0,0,0,0
ENSMUSG00002075738,#N/A,0,0,0,0,0,0,0,0,0,0,0,0
ENSMUSG00002075631,#N/A,0,0,0,0,0,0,0,0,0,0,0,0
ENSMUSG00002076835,#N/A,0,0,0,0,0,0,0,0,0,0,0,0
ENSMUSG00000070883,Ccdc173,30,34,34,35,43,53,39,51,32,33,33,45
ENSMUSG00000119498,#N/A,0,0,0,0,0,0,0,0,0,0,0,0
ENSMUSG00000119042,#N/A,0,0,0,0,0,0,0,0,0,0,0,0
ENSMUSG00000083007,Gm13623,15,7,6,11,15,0,9,5,25,15,7,11
ENSMUSG00000119125,#N/A,0,0,0,0,0,0,0,0,0,0,0,0
ENSMUSG00002076388,#N/A,0,0,0,0,0,0,0,0,0,0,0,0
ENSMUSG00002076577,#N/A,0,0,0,0,0,0,0,0,0,0,0,0
ENSMUSG00002075668,#N/A,0,0,0,0,0,0,0,0,0,0,0,0
ENSMUSG00000119161,#N/A,0,0,0,0,0,0,0,0,0,0,0,0
ENSMUSG00000119006,#N/A,0,0,0,0,0,0,0,0,0,0,0,0
ENSMUSG00000119450,#N/A,0,0,0,0,0,0,0,0,0,0,0,0
ENSMUSG00002075878,#N/A,0,0,0,0,0,0,0,0,0,0,0,0
ENSMUSG00002076296,#N/A,0,0,0,0,0,0,0,0,0,0,0,0
ENSMUSG00002076887,#N/A,0,0,0,0,0,0,0,0,0,0,0,0
ENSMUSG00000118909,#N/A,0,0,0,0,0,0,0,0,0,0,0,0
ENSMUSG00000119785,#N/A,0,0,0,0,0,0,0,0,0,0,0,0
ENSMUSG00000119344,#N/A,0,0,0,0,0,0,0,0,0,0,0,0
ENSMUSG00002076422,#N/A,0,0,0,0,0,0,0,0,0,0,0,0
ENSMUSG00002076686,#N/A,0,0,0,0,0,0,0,0,0,0,0,0
ENSMUSG00002076510,#N/A,0,0,0,0,0,0,0,0,0,0,0,0
ENSMUSG00000059316,Slc27a4,323,373,208,208,271,108,219,231,265,231,273,259
ENSMUSG00000119559,#N/A,0,0,0,0,0,0,0,0,0,0,0,0
ENSMUSG00000119051,#N/A,0,0,0,0,0,0,0,0,0,0,0,0
ENSMUSG00000119882,#N/A,0,0,0,0,0,0,0,0,0,0,0,0
ENSMUSG00002076753,#N/A,0,0,0,0,0,0,0,0,0,0,0,0
ENSMUSG00002076980,#N/A,0,0,0,0,0,0,0,0,0,0,0,0
ENSMUSG00002076144,#N/A,0,0,0,0,0,0,0,0,0,0,0,0
ENSMUSG00000119434,#N/A,0,0,0,0,0,0,0,0,0,0,0,0
ENSMUSG00000119723,#N/A,0,0,0,0,0,0,0,0,0,0,0,0
ENSMUSG00000119195,#N/A,0,0,0,0,0,0,0,0,0,0,0,0
ENSMUSG00002076560,#N/A,0,0,0,0,0,0,0,0,0,0,0,0
ENSMUSG00002076585,#N/A,0,0,0,0,0,0,0,0,0,0,0,0
ENSMUSG00002075201,#N/A,0,0,0,0,0,0,0,0,0,0,0,0
ENSMUSG00000119554,#N/A,0,0,0,0,0,0,0,0,0,0,0,0
ENSMUSG00000118692,#N/A,0,0,0,0,0,0,0,0,0,0,0,0
ENSMUSG00000119908,#N/A,0,0,0,0,0,0,0,0,0,0,0,0
ENSMUSG00002076172,#N/A,0,0,0,0,0,0,0,0,0,0,0,0
ENSMUSG00002075159,#N/A,0,0,0,0,0,0,0,0,0,0,0,0
ENSMUSG00002075272,#N/A,0,0,0,0,0,0,0,0,0,0,0,0
ENSMUSG00000118833,#N/A,0,0,0,0,0,0,0,0,0,0,0,0
ENSMUSG00002075310,#N/A,0,0,0,0,0,0,0,0,0,0,0,0
ENSMUSG00000119044,#N/A,0,0,0,0,0,0,0,0,0,0,0,0
ENSMUSG00002076127,#N/A,0,0,0,0,0,0,0,0,0,0,0,0
ENSMUSG00002076667,#N/A,0,0,0,0,0,0,0,0,0,0,0,0
ENSMUSG00002076849,#N/A,0,0,0,0,0,0,0,0,0,0,0,0
ENSMUSG00000027088,Phospho2,381,466,396,358,438,320,352,393,418,397,373,356
ENSMUSG00000118710,#N/A,0,0,0,0,0,0,0,0,0,0,0,0
ENSMUSG00000076994,Mir466b-3,0,0,0,0,0,0,0,0,0,0,0,0
ENSMUSG00000119447,#N/A,0,0,0,0,0,0,0,0,0,0,0,0
ENSMUSG00000081857,Gm13624,0,1,1,1,1,0,1,1,3,0,1,0
ENSMUSG00002076956,#N/A,0,0,0,0,0,0,0,0,0,0,0,0
ENSMUSG00000076948,Mir467e,0,0,0,0,0,0,0,0,0,0,0,0
ENSMUSG00000069020,Urm1,544,599,608,586,588,176,614,582,556,473,524,442
ENSMUSG00000077113,Mir466p,0,0,0,0,0,0,0,0,0,0,0,0
ENSMUSG00002075178,#N/A,0,0,0,0,0,0,0,0,0,0,0,0
ENSMUSG00000065485,Mir219a-2,0,0,0,0,0,0,0,0,0,0,0,0
ENSMUSG00000105010,Mir219b,0,0,0,0,0,0,0,0,1,0,0,0
ENSMUSG00002075323,#N/A,0,0,0,0,0,0,0,0,0,0,0,0
ENSMUSG00000077021,Mir467d,0,0,0,0,0,0,0,0,0,0,0,0
ENSMUSG00000039798,2600006K01Rik,0,0,1,0,2,0,0,0,0,1,0,3
ENSMUSG00000070099,Mir466,0,0,0,0,0,0,0,0,0,0,0,0
ENSMUSG00002076337,#N/A,0,0,0,0,0,0,0,0,0,0,0,0
ENSMUSG00000076976,Mir297c,0,0,0,0,0,0,0,0,0,0,0,0
ENSMUSG00000076118,Mir669c,0,0,0,0,0,0,0,0,0,0,0,0
ENSMUSG00002076099,#N/A,0,0,0,0,0,0,0,0,0,0,0,0
ENSMUSG00000038533,Cbfa2t2,719,754,618,546,544,344,497,601,622,604,533,511
ENSMUSG00002076917,#N/A,0,0,0,0,0,0,0,0,0,0,0,0
ENSMUSG00000042155,Klhl23,30,44,29,29,22,18,31,40,33,23,52,46
ENSMUSG00000076014,Mir669a-2,0,0,0,0,0,0,0,0,0,0,0,0
ENSMUSG00002075031,#N/A,0,0,0,0,0,0,0,0,0,0,0,0
ENSMUSG00002076116,#N/A,0,0,0,0,0,0,0,0,0,0,0,0
ENSMUSG00002076473,#N/A,0,0,0,0,0,0,0,0,0,0,0,0
ENSMUSG00000076222,Mir297b,0,0,0,0,0,0,0,0,0,0,0,0
ENSMUSG00000078031,Mir466d,0,0,0,0,0,0,0,0,0,0,0,0
ENSMUSG00002075959,#N/A,0,0,0,0,0,0,0,0,0,0,0,0
ENSMUSG00000089570,Mir669m-1,0,0,0,0,0,0,0,0,0,0,0,0
ENSMUSG00000088980,Mir669m-2,0,0,0,0,0,0,0,0,0,0,0,0
ENSMUSG00000077991,Mir466n,0,0,0,0,0,0,0,0,0,0,0,0
ENSMUSG00000077086,Mir669o,0,0,0,0,0,0,0,0,0,0,0,0
ENSMUSG00000078025,Mir466g,0,0,0,0,0,0,0,0,0,0,0,0
ENSMUSG00000077941,Mir466h,0,0,0,0,0,0,0,0,0,0,0,0
ENSMUSG00000076956,Mir297a-3,0,0,0,0,0,0,0,0,0,0,0,0
ENSMUSG00000078060,Mir466l,0,0,0,0,0,0,0,0,0,0,0,0
ENSMUSG00000077954,Mir297a-4,0,0,0,0,0,0,0,0,0,0,0,0
ENSMUSG00002075177,#N/A,0,0,0,0,0,0,0,0,0,0,0,0
ENSMUSG00000080657,Mir669i,0,0,0,0,0,0,0,0,0,0,0,0
ENSMUSG00000080594,Mir669h,0,0,0,0,0,0,0,0,0,0,0,0
ENSMUSG00000103237,Gm18547,0,0,0,0,0,0,0,0,0,0,0,0
ENSMUSG00000081367,Gm13265,0,0,0,0,0,0,0,0,0,0,0,0
ENSMUSG00000082871,Gm13263,0,0,0,0,0,0,0,0,0,0,0,0
ENSMUSG00000102734,Gm37343,0,0,0,0,0,0,0,0,0,0,0,0
ENSMUSG00000089007,Gm23877,0,0,0,0,0,0,0,0,0,0,0,0
ENSMUSG00000085257,Gm13264,0,0,0,0,0,0,0,0,0,0,0,0
ENSMUSG00000084560,Gm26478,0,0,0,0,0,0,0,0,0,0,0,0
ENSMUSG00000081693,Gm13297,0,0,0,0,0,0,0,0,0,0,0,0
ENSMUSG00000039787,Cercam,74,66,49,37,47,19,51,55,42,41,47,35
ENSMUSG00000083900,Gm13294,2,0,2,3,3,3,0,2,1,0,0,1
ENSMUSG00000079110,Capn3,0,0,1,3,0,3,3,3,5,1,1,2
ENSMUSG00000027489,Necab3,28,30,25,24,22,6,22,50,19,21,33,35
ENSMUSG00000068882,Ssb,6927,7445,5933,5962,6827,9311,6143,7546,6387,6815,8204,6591
ENSMUSG00000038523,1700003F12Rik,4,5,2,2,1,0,2,2,2,3,4,2
ENSMUSG00000078129,Actl10,0,1,1,0,0,0,1,0,0,0,0,0
ENSMUSG00000026778,Prkcq,3400,3769,3022,3226,3010,1832,2752,3638,3521,3330,3777,3279
ENSMUSG00000103774,Gm36932,12,13,10,17,18,7,20,20,21,14,12,20
ENSMUSG00000103253,Gm37520,1,1,2,0,3,0,0,1,1,3,0,2
ENSMUSG00000102992,Gm37766,2,2,4,1,3,3,3,4,10,3,2,4
ENSMUSG00000102196,Gm38171,0,0,0,0,0,0,0,0,0,0,0,0
ENSMUSG00000051730,Mettl5,295,325,318,303,343,233,294,286,356,332,367,328
ENSMUSG00000102894,Gm37851,0,0,0,0,0,0,0,0,0,0,0,0
ENSMUSG00000102674,8030442B05Rik,0,0,0,0,0,0,0,0,0,0,0,0
ENSMUSG00000089902,Gm13625,7,4,5,6,0,5,4,5,3,6,5,1
ENSMUSG00000085735,Mettl5os,6,2,1,4,1,0,2,3,0,4,1,1
ENSMUSG00000086006,Gm13293,3,3,2,4,4,2,4,6,0,3,0,1
ENSMUSG00000103223,Gm37730,0,0,0,0,2,3,0,0,0,0,0,0
ENSMUSG00000103321,4933403L11Rik,0,0,0,0,0,0,0,0,0,0,0,0
ENSMUSG00000086491,Gm13291,0,0,0,0,0,0,0,0,0,0,0,0
ENSMUSG00000082424,Gm13292,0,8,3,6,9,1,4,4,4,2,1,1
ENSMUSG00000082314,Gm13296,7,18,12,18,12,10,21,22,5,6,9,3
ENSMUSG00000027490,E2f1,950,883,845,886,879,477,1025,1162,914,701,837,863
ENSMUSG00000000876,Pxmp4,29,40,46,51,33,17,51,57,36,36,31,29
ENSMUSG00000097602,4930519P11Rik,3,9,7,8,15,10,8,6,4,5,11,10
ENSMUSG00000059842,Zfp341,339,401,346,318,296,175,280,329,387,341,351,337
ENSMUSG00000085483,Gm14198,0,0,0,0,0,0,2,0,0,0,0,0
ENSMUSG00000027288,Zfp106,8901,9011,7666,7389,7472,5757,4640,7640,8090,7699,7722,6854
ENSMUSG00000038467,Chmp4b,4277,4680,3526,4043,3474,2225,3778,4110,4200,3555,3535,3044
ENSMUSG00000082064,Rpl5-ps2,5,7,10,7,9,3,8,11,16,4,3,3
ENSMUSG00000083975,Gm14215,0,0,0,0,0,0,0,0,0,0,0,0
ENSMUSG00000085691,Gm14216,0,0,0,0,0,0,0,0,0,0,0,0
ENSMUSG00000044308,Ubr3,1606,1660,1392,1349,1257,1047,984,1447,1554,1432,1342,1218
ENSMUSG00000027287,Snap23,458,470,401,361,380,401,313,408,404,357,401,383
ENSMUSG00000086132,Gm13631,0,0,0,0,0,0,0,0,0,0,0,0
ENSMUSG00000042064,Myo3b,11,3,6,8,9,4,5,3,3,6,7,7
ENSMUSG00000027286,Lrrc57,310,371,275,255,258,200,244,234,321,236,273,298
ENSMUSG00000047965,Rpl9-ps7,0,1,1,0,1,0,0,2,3,1,0,2
ENSMUSG00000075304,Sp5,0,0,0,0,0,0,0,0,0,0,0,0
ENSMUSG00000087264,Gad1os,0,0,0,0,0,0,0,0,0,0,0,0
ENSMUSG00000086515,Erich2os,0,0,0,0,0,0,0,0,0,0,0,0
ENSMUSG00000027596,a,10,7,15,24,8,1,16,23,8,10,5,5
ENSMUSG00000027285,Haus2,666,682,592,625,585,379,555,636,629,580,507,554
ENSMUSG00000075302,Erich2,0,0,0,0,0,0,0,0,0,0,0,0
ENSMUSG00000104076,Gm37026,0,0,0,0,0,0,0,0,0,0,0,0
ENSMUSG00000084897,Gm14226,1,0,0,0,0,0,0,0,0,0,0,0
ENSMUSG00000033705,Stard9,58,58,54,52,22,16,32,63,28,34,17,12
ENSMUSG00002075096,#N/A,0,0,0,0,0,0,0,0,1,0,0,0
ENSMUSG00000027597,Ahcy,264,252,228,259,309,95,268,260,284,252,261,303
ENSMUSG00000109877,Gm45609,0,0,0,1,0,0,0,0,0,0,0,1
ENSMUSG00000087254,2310005A03Rik,0,0,0,0,0,0,0,0,0,0,0,0
ENSMUSG00000070880,Gad1,2,8,5,3,6,2,3,2,6,5,4,2
ENSMUSG00000086699,Gm16510,0,0,1,0,0,0,0,0,0,0,0,0
ENSMUSG00000097025,Gm26558,4,1,1,6,2,2,4,4,7,3,1,6
ENSMUSG00000027284,Cdan1,584,639,506,495,614,235,478,509,530,479,600,620
ENSMUSG00000027598,Itch,2084,2237,1797,1664,1656,1217,1282,1718,1752,1799,1677,1559
ENSMUSG00000082596,Gm14227,0,0,0,0,0,0,3,0,1,0,1,0
ENSMUSG00000047459,Dynlrb1,1210,1289,955,1123,1287,1384,1285,1319,1213,1045,1292,1150
ENSMUSG00000027602,Map1lc3a,93,125,48,83,61,22,68,70,107,87,56,51
ENSMUSG00000038383,Pigu,1188,1291,944,1020,1115,1096,1058,1263,1264,1017,1205,1076
ENSMUSG00000076216,Mir695,0,0,0,0,0,0,0,0,0,0,0,0
ENSMUSG00000038375,Trp53inp2,103,98,67,70,33,28,50,49,66,58,48,41
ENSMUSG00000014959,Gorasp2,4583,4878,3541,3763,3616,2570,3492,3839,4118,3787,3341,3110
ENSMUSG00000090100,Ttbk2,44,40,34,33,50,31,34,46,40,36,49,47
ENSMUSG00000041997,Tlk1,2010,2198,1907,1959,1856,1975,1607,2260,2250,2006,2159,1905
ENSMUSG00000087519,AV039307,0,0,0,0,0,0,0,0,0,0,0,0
ENSMUSG00000082303,Gm13633,0,0,0,0,0,0,0,0,0,0,0,0
ENSMUSG00000085868,Gm13632,0,0,0,0,0,0,0,0,0,0,0,0
ENSMUSG00000038369,Ncoa6,2501,2532,2075,1962,1803,1923,1471,2437,2204,2165,2091,1784
ENSMUSG00000080237,Gm14239,5,2,3,2,2,4,2,3,3,2,1,3
ENSMUSG00000083341,Gm14238,0,0,0,0,0,0,0,0,0,0,0,0
ENSMUSG00000027603,Ggt7,266,305,248,238,210,66,213,236,239,206,228,200
ENSMUSG00000027272,Ubr1,1315,1378,1167,1163,1064,821,808,1182,1193,1187,1175,1153
ENSMUSG00000026773,Pfkfb3,2782,2935,3150,2891,3852,2222,2829,3252,3297,3035,2283,2064
ENSMUSG00000102329,Gm10851,0,0,1,1,0,0,0,0,0,1,0,0
ENSMUSG00000102376,Gm37975,3,1,12,6,14,10,8,12,16,4,7,9
ENSMUSG00000054484,Tmem62,238,258,154,180,207,109,149,190,227,228,230,236
ENSMUSG00002075710,#N/A,0,0,0,0,0,0,0,0,0,0,0,0
ENSMUSG00000065883,Gm22865,3,1,4,1,0,0,1,2,1,2,4,3
ENSMUSG00000041975,Mettl8,127,144,116,96,166,147,104,112,129,101,171,148
ENSMUSG00000037197,Rbm17,3315,3620,2695,2899,3077,2992,2901,3154,3460,2987,3510,2973
ENSMUSG00000082727,Gm13260,0,0,0,0,0,0,1,0,1,0,1,0
ENSMUSG00000091312,Gm17490,0,0,0,0,0,0,0,0,0,0,0,0
ENSMUSG00000026770,Il2ra,30828,35352,27447,29264,20904,15459,25566,31552,24716,23050,23352,20777
ENSMUSG00000104101,Gm37881,133,163,140,118,109,41,93,119,123,123,151,126
ENSMUSG00000027605,Acss2,24,25,21,27,21,19,17,30,27,13,20,26
ENSMUSG00000093624,Mipep-ps,0,0,0,0,0,0,0,0,0,0,0,0
ENSMUSG00000093687,Gm20637,0,0,0,0,0,0,0,0,0,0,0,0
ENSMUSG00000086529,Acss2os,0,0,0,0,0,0,0,0,0,0,0,0
ENSMUSG00000027610,Gss,226,185,196,202,237,107,184,185,202,209,226,219
ENSMUSG00000085317,Gssos2,0,0,0,0,0,0,0,0,0,0,0,0
ENSMUSG00000085010,Gssos1,0,0,0,0,0,0,0,0,0,0,0,0
ENSMUSG00000087616,Gm14257,0,0,0,0,0,0,0,0,0,0,0,0
ENSMUSG00000023572,Ccndbp1,478,533,414,465,405,239,487,540,399,359,350,319
ENSMUSG00000041966,Dcaf17,387,492,404,364,540,356,377,434,430,382,447,485
ENSMUSG00000074652,Myh7b,2,3,1,5,1,5,1,1,2,2,2,2
ENSMUSG00000076312,Mir499,0,0,0,0,0,0,0,0,0,0,0,0
ENSMUSG00000027015,Cybrd1,4,4,1,1,4,2,3,2,2,2,4,2
ENSMUSG00000026790,Odf2,1427,1370,1092,1061,1295,1026,1116,1442,1195,1087,1402,1172
ENSMUSG00002075873,#N/A,0,0,0,0,0,0,0,0,0,0,0,0
ENSMUSG00000023216,Epb42,0,0,0,0,0,2,0,0,0,0,0,0
ENSMUSG00000053675,Tgm5,0,0,0,0,0,0,0,0,0,0,0,0
ENSMUSG00000081313,Gm14213,0,0,0,0,0,0,0,0,0,0,0,0
ENSMUSG00000019715,Gle1,1035,1057,952,947,1151,600,916,1057,1039,823,986,982
ENSMUSG00000079103,Tgm7,0,0,0,0,0,0,0,0,0,0,2,0
ENSMUSG00000074890,Lcmt2,500,572,513,462,438,136,408,436,564,496,320,348
ENSMUSG00000089009,Gm23858,0,0,0,0,0,0,0,0,0,0,0,0
ENSMUSG00000016346,Kcnq2,21,23,10,10,7,7,3,11,18,3,6,1
ENSMUSG00000023206,Il15ra,590,722,540,521,377,285,576,647,559,483,497,443
ENSMUSG00000038324,Trpc4ap,1917,2193,1741,1643,1830,954,1532,1929,1905,1793,1758,1622
ENSMUSG00000088695,Gm22334,0,0,0,0,1,0,1,0,0,1,0,0
ENSMUSG00000016349,Eef1a2,0,0,1,0,0,3,0,0,0,0,0,0
ENSMUSG00000084696,Gm24892,0,0,0,0,0,0,0,0,0,0,0,0
ENSMUSG00000038312,Edem2,848,878,667,657,729,277,656,666,717,653,778,708
ENSMUSG00000092123,Gm17581,0,0,0,0,0,0,0,0,0,0,0,0
ENSMUSG00000027611,Procr,22,31,20,14,11,4,22,12,11,20,20,17
ENSMUSG00000027612,Mmp24,2,3,2,0,1,4,0,2,1,2,2,0
ENSMUSG00000074649,BC029722,510,554,335,356,405,158,364,414,569,457,436,431
ENSMUSG00000016344,Ppdpf,176,236,148,180,187,26,199,210,201,177,169,177
ENSMUSG00000058594,Fbh1,357,409,273,282,365,199,247,327,380,291,368,372
ENSMUSG00000038751,Ptk6,0,1,0,0,0,0,0,0,0,1,0,0
ENSMUSG00000027613,Eif6,5180,5606,4177,4617,4190,1201,4609,4335,5310,4647,3581,3717
ENSMUSG00000086754,Gm16098,15,9,8,9,7,12,1,8,12,6,8,5
ENSMUSG00000027579,Srms,0,2,0,0,0,1,1,0,0,2,0,0
ENSMUSG00000083993,Gm14398,4,4,3,3,8,1,5,6,1,3,4,3
ENSMUSG00000074647,Fam83c,0,0,0,0,0,0,0,0,0,0,0,0
ENSMUSG00000047841,Fndc11,1,0,0,3,3,0,2,1,0,1,1,0
ENSMUSG00000027259,Adal,391,431,391,348,466,277,290,345,398,372,404,386
ENSMUSG00000050619,Zscan29,439,479,379,358,385,308,295,414,433,332,405,351
ENSMUSG00000047909,Ankrd16,449,471,475,452,425,304,342,438,398,422,399,449
ENSMUSG00000103542,Gm34768,0,0,0,0,0,0,0,0,0,0,0,0
ENSMUSG00000080801,Gm13310,0,1,0,0,1,0,0,0,0,0,0,0
ENSMUSG00000027580,Helz2,1810,1895,1984,2144,1513,586,1547,2234,1592,1618,1514,1564
ENSMUSG00000026768,Itga8,0,0,0,1,0,4,0,0,0,0,1,0
ENSMUSG00000104174,Gm37701,0,0,0,0,0,0,0,0,0,0,0,0
ENSMUSG00000086843,E030013I19Rik,0,0,0,0,0,0,0,0,0,0,0,0
ENSMUSG00000005882,Uqcc1,764,862,616,763,677,322,663,695,787,671,701,632
ENSMUSG00000038705,Gmeb2,1516,1804,1270,1311,1149,504,1043,1338,1409,1392,1151,1083
ENSMUSG00000084033,Gm7645,0,0,0,0,1,0,0,2,1,0,1,0
ENSMUSG00000078972,Gm15557,0,0,0,0,0,0,0,0,0,0,0,0
ENSMUSG00000038259,Gdf5,0,0,0,0,0,1,0,0,0,0,0,0
ENSMUSG00000027581,Stmn3,1,0,0,0,0,0,0,0,0,0,0,0
ENSMUSG00000027263,Tubgcp4,1301,1339,1112,1179,1359,998,943,1213,1296,1142,1339,1232
ENSMUSG00000026767,Mindy3,887,1086,927,967,802,671,876,940,814,750,683,696
ENSMUSG00000102630,Gm37289,4,3,3,5,2,6,3,0,5,4,4,4
ENSMUSG00000104449,Gm37255,3,4,6,6,4,2,2,11,3,2,8,3
ENSMUSG00000104406,Gm38014,5,0,0,0,2,0,0,5,0,2,3,3
ENSMUSG00000083547,Gm13321,4,3,1,4,5,1,7,1,6,2,4,2
ENSMUSG00000104045,Gm37565,0,0,0,0,0,1,0,0,0,0,0,0
ENSMUSG00000026730,Pter,128,131,90,78,137,83,138,143,98,95,105,101
ENSMUSG00000049630,C1ql3,5,8,27,13,17,10,17,22,11,4,9,10
ENSMUSG00000104459,Gm37824,1,0,0,1,1,1,0,0,2,1,3,0
ENSMUSG00000102900,Gm37811,1,2,2,1,3,2,6,3,3,1,3,0
ENSMUSG00000103599,Gm37356,0,0,0,0,0,0,0,0,0,0,0,0
ENSMUSG00000103143,Gm37742,0,0,0,0,0,5,2,0,0,0,2,0
ENSMUSG00000043909,Trp53bp1,1254,1411,1048,941,1135,658,766,1002,1234,1243,1352,1307
ENSMUSG00000026727,Rsu1,209,273,197,233,222,215,289,346,196,162,260,222
ENSMUSG00000038241,Cep250,2404,2412,1863,1813,1564,1105,1474,2134,1859,1788,1880,1736
ENSMUSG00000103360,Gm38156,0,0,0,0,1,2,0,0,0,0,2,0
ENSMUSG00000102691,Gm37780,6,7,6,1,0,1,0,4,2,2,4,3
ENSMUSG00002074956,#N/A,0,0,0,0,0,0,0,0,0,0,0,0
ENSMUSG00000103232,Gm37160,2,0,0,0,0,0,0,0,0,2,0,0
ENSMUSG00000086358,Gm13270,1,4,2,1,3,9,2,2,5,9,4,5
ENSMUSG00000027254,Map1a,20,24,12,14,12,7,7,24,18,19,20,12
ENSMUSG00000087704,Gm14978,0,0,0,0,0,0,0,0,0,0,0,0
ENSMUSG00000074646,6430550D23Rik,4,5,1,3,2,3,2,1,3,5,7,2
ENSMUSG00000027012,Dync1i2,1427,1581,1171,1258,1234,915,1396,1332,1286,1288,1234,1147
ENSMUSG00000026726,Cubn,5,9,15,17,3,1,14,9,6,11,3,4
ENSMUSG00000026723,Trdmt1,82,104,83,68,114,70,72,74,110,110,101,95
ENSMUSG00000027010,Slc25a12,663,720,543,573,615,300,542,661,593,552,777,705
ENSMUSG00000082190,Gm13641,6,4,4,4,1,5,5,3,3,7,6,1
ENSMUSG00000005881,Ergic3,1414,1515,1047,1170,884,523,1257,1247,1231,1064,936,908
ENSMUSG00000027018,Hat1,1538,1811,1644,1616,2138,1344,1956,1815,1670,1479,1761,1560
ENSMUSG00000086846,Gm13642,0,0,1,0,0,1,1,0,0,0,0,0
ENSMUSG00002074907,#N/A,0,0,0,0,0,0,0,0,0,0,0,0
ENSMUSG00000013338,Fer1l4,0,1,0,0,0,2,0,0,0,0,2,0
ENSMUSG00000026728,Vim,24312,30229,23772,27542,16095,8410,24848,28680,16681,16318,13129,12158
ENSMUSG00000081002,Gm14240,0,1,1,0,1,1,0,2,3,0,2,1
ENSMUSG00000003418,St8sia6,122,128,102,101,111,74,69,94,111,74,133,99
ENSMUSG00000104354,Gm37126,0,0,0,0,0,0,0,0,0,0,0,0
ENSMUSG00000041921,Metap1d,288,282,259,218,274,144,263,275,285,262,295,328
ENSMUSG00002076159,#N/A,0,1,0,0,0,0,0,0,1,0,0,0
ENSMUSG00000084946,Dlx1as,0,0,0,1,1,1,0,0,0,0,1,0
ENSMUSG00000041911,Dlx1,1,0,1,1,1,2,2,0,0,2,0,1
ENSMUSG00000038180,Spag4,28,44,31,26,46,23,28,21,26,32,63,76
ENSMUSG00000023391,Dlx2,0,0,0,0,0,2,0,0,0,0,0,0
ENSMUSG00000064263,Platr26,0,0,0,0,0,0,0,0,0,0,0,0
ENSMUSG00000087570,Gm13647,0,0,0,0,0,0,0,0,0,0,0,0
ENSMUSG00000063275,Hacd1,73,76,68,73,87,60,78,71,85,87,100,107
ENSMUSG00000102553,D930036K23Rik,2,3,4,0,2,1,1,7,1,8,1,6
ENSMUSG00000103926,Gm37894,6,5,3,1,2,4,2,5,2,5,3,10
ENSMUSG00000086657,Stamos,3,3,4,3,8,1,1,3,2,1,5,3
ENSMUSG00000026718,Stam,386,407,368,403,420,233,319,377,348,331,383,354
ENSMUSG00000103901,Gm37499,5,6,8,2,2,5,9,7,6,8,9,4
ENSMUSG00000061531,Tmem236,0,1,1,0,0,0,1,0,0,0,0,0
ENSMUSG00000083545,Gm13320,1,0,0,0,0,0,0,0,0,0,1,0
ENSMUSG00000026712,Mrc1,1,1,0,0,0,1,3,1,0,0,0,1
ENSMUSG00000077897,Mir511,0,0,0,0,0,0,0,0,0,0,0,0
ENSMUSG00000103475,Gm37697,0,0,0,0,0,0,0,0,0,0,0,0
ENSMUSG00000036949,Slc39a12,0,0,0,0,0,0,0,0,0,0,0,0
ENSMUSG00000084901,Gm13266,0,0,0,0,0,0,0,0,0,0,0,0
ENSMUSG00000027111,Itga6,342,410,364,346,302,172,300,470,289,327,239,224
ENSMUSG00000086641,Gm13663,0,0,0,0,0,0,0,0,0,0,0,0
ENSMUSG00000084794,Gm13662,0,0,0,0,1,2,0,2,0,0,0,0
ENSMUSG00000081878,Gm13739,0,0,0,0,0,0,0,0,0,0,0,0
ENSMUSG00000006494,Pdk1,474,558,396,473,590,361,410,547,555,512,708,762
ENSMUSG00000087345,Gm13746,0,0,0,0,0,0,0,0,0,0,0,0
ENSMUSG00000033526,Ppip5k1,146,173,148,117,200,123,129,157,139,137,196,195
ENSMUSG00000057914,Cacnb2,11,11,20,12,12,9,8,19,7,11,7,11
ENSMUSG00000075525,Gm10849,0,0,0,1,0,0,0,0,0,0,0,0
ENSMUSG00000104153,Gm38105,0,0,0,0,0,0,2,0,0,0,1,0
ENSMUSG00000070271,Gm13268,1,0,0,1,0,1,1,2,1,1,0,3
ENSMUSG00000083633,Gm13312,0,0,0,0,0,2,0,0,0,0,0,0
ENSMUSG00000104034,2900092N22Rik,0,0,0,0,0,0,0,0,0,0,0,0
ENSMUSG00000081008,Gm13314,0,0,0,0,0,0,0,0,0,0,0,0
ENSMUSG00000082542,Gm13311,0,0,0,1,0,0,0,0,0,1,0,0
ENSMUSG00000104106,Gm10848,0,0,0,0,0,0,0,0,0,0,0,0
ENSMUSG00000103885,Gm37006,0,0,0,1,1,1,0,0,0,0,0,1
ENSMUSG00000083305,Gm13315,2,0,1,1,2,0,0,1,0,3,0,1
ENSMUSG00000103050,Gm38273,0,0,0,0,0,0,0,0,0,0,0,0
ENSMUSG00000087086,Gm13269,0,0,0,0,0,0,0,0,0,0,0,0
ENSMUSG00000085281,Gm13316,0,0,0,0,0,0,0,0,0,0,0,0
ENSMUSG00000102673,Gm37437,0,0,0,0,0,0,0,0,0,0,0,0
ENSMUSG00000104271,Gm37891,0,0,0,0,0,0,0,0,0,0,0,0
ENSMUSG00000000308,Ckmt1,8,4,6,5,6,6,5,2,4,2,4,3
ENSMUSG00000033498,Strc,0,2,0,0,0,1,1,3,0,2,1,0
ENSMUSG00000074643,Cpne1,1,0,1,1,3,8,4,2,1,0,3,2
ENSMUSG00000033486,Catsper2,48,30,24,37,35,28,41,52,33,45,43,32
ENSMUSG00000082651,Gm14001,1,0,0,4,2,0,0,2,0,0,6,0
ENSMUSG00000084140,Gm14000,0,0,0,1,0,0,0,0,0,0,0,0
ENSMUSG00000038685,Rtel1,755,815,854,764,1018,478,753,988,738,655,903,917
ENSMUSG00000040687,Madd,1644,1541,1435,1433,1511,715,1305,1690,1414,1276,1441,1408
ENSMUSG00000026707,Nsun6,100,91,116,113,107,76,88,99,73,83,96,85
ENSMUSG00000027248,Pdia3,11265,11464,9292,9267,9939,7967,9788,10433,9889,8709,9884,9118
ENSMUSG00000103778,Gm36930,1,1,0,1,0,0,0,0,1,0,2,1
ENSMUSG00000098950,Gm28036,0,0,0,0,0,0,0,0,0,0,0,0
ENSMUSG00000103285,Gm37274,2,8,9,6,10,15,8,12,2,9,12,11
ENSMUSG00000118593,AL928965.1,0,0,0,1,0,0,0,0,1,0,0,1
ENSMUSG00000027246,Ell3,0,0,0,0,0,1,0,0,0,0,0,0
ENSMUSG00000089824,Rbm12,929,958,836,786,846,449,827,835,897,819,737,754
ENSMUSG00000017418,Arl5b,1408,1419,1796,1710,2071,1524,1251,1775,1303,1318,1384,1218
ENSMUSG00000046110,Serinc4,2,3,0,1,0,3,0,0,2,0,1,1
ENSMUSG00000102258,Gm38257,12,10,22,11,7,4,3,22,15,22,5,3
ENSMUSG00000083860,Gm13313,1,1,0,0,0,0,1,0,0,0,0,0
ENSMUSG00000080930,Gm13367,0,0,0,0,0,0,0,0,0,0,0,0
ENSMUSG00000083631,Gm13366,0,0,0,0,0,0,0,0,0,0,0,0
ENSMUSG00000082632,Gm13365,1,0,0,2,2,0,0,0,0,0,0,0
ENSMUSG00000081389,Gm13368,0,0,0,0,0,0,0,0,0,1,1,0
ENSMUSG00000027618,Nfs1,881,977,788,845,858,430,821,771,995,890,854,842
ENSMUSG00000075520,Malrd1,0,0,0,0,0,0,0,0,0,0,0,0
ENSMUSG00000103356,Gm37595,0,0,0,0,0,3,0,0,0,0,0,0
ENSMUSG00000081245,Gm6587,0,0,0,0,0,0,0,0,0,0,0,0
ENSMUSG00000103865,Gm37416,0,0,0,0,0,0,0,0,0,0,0,0
ENSMUSG00000067847,Romo1,381,433,319,430,501,204,430,362,411,363,377,412
ENSMUSG00000074884,Serf2,562,546,515,497,664,296,518,557,569,484,591,545
ENSMUSG00000080374,Gm22953,0,0,0,1,1,0,1,0,0,0,0,0
ENSMUSG00000038671,Arfrp1,1503,1628,1260,1304,1165,568,1153,1120,1413,1292,1267,1306
ENSMUSG00000027245,Hypk,92,89,84,80,68,73,64,73,73,82,71,58
ENSMUSG00000048222,Mfap1b,173,178,127,150,112,91,169,135,149,165,98,132
ENSMUSG00000081967,Gm14017,0,1,0,0,2,0,1,0,0,0,0,0
ENSMUSG00000084407,Gm14018,0,0,0,0,0,0,1,0,0,2,0,0
ENSMUSG00000002108,Nr1h3,5,3,5,5,2,3,2,3,10,3,4,8
ENSMUSG00000086206,Gm13783,1,0,1,1,8,2,1,1,0,0,2,3
ENSMUSG00000088018,Gm23390,0,0,0,0,0,0,0,0,0,0,0,0
ENSMUSG00000068479,Mfap1a,293,265,223,264,238,187,264,236,243,230,257,227
ENSMUSG00000026748,Plxdc2,272,286,169,209,267,194,150,224,190,207,257,206
ENSMUSG00002076934,#N/A,0,0,0,0,0,0,0,0,0,0,0,0
ENSMUSG00000082235,Gm13326,17,66,40,43,37,29,48,91,12,12,29,4
ENSMUSG00000081525,Gm13325,0,0,0,0,0,0,0,0,0,0,0,0
ENSMUSG00000085193,Gm13322,0,0,0,0,0,0,0,0,0,0,0,0
ENSMUSG00000027582,Zgpat,1132,1239,985,952,894,356,692,936,1060,955,888,995
ENSMUSG00000049044,Rapgef4,7,16,11,9,13,10,7,17,8,12,14,9
ENSMUSG00000088297,Gm26408,0,0,0,0,0,0,0,0,0,0,0,0
ENSMUSG00000085439,Rapgef4os1,0,0,0,0,0,0,0,0,0,0,2,0
ENSMUSG00000085001,Rapgef4os2,0,0,0,0,0,0,0,0,0,0,0,0
ENSMUSG00000086231,Rapgef4os3,0,0,0,0,0,0,0,0,0,0,0,0
ENSMUSG00000090077,Lime1,22,19,12,6,17,7,18,16,19,17,19,11
ENSMUSG00000085028,Slc2a4rg-ps,214,241,206,207,283,100,191,211,192,211,314,309
ENSMUSG00000027242,Wdr76,722,758,657,568,759,556,583,796,657,613,844,764
ENSMUSG00000027583,Zbtb46,132,163,172,157,150,93,121,138,141,104,70,75
ENSMUSG00000089612,Gm22708,0,0,0,0,0,0,0,0,0,0,0,0
ENSMUSG00000055882,Abhd16b,0,3,1,0,0,0,1,2,2,2,0,2
ENSMUSG00000053702,Nebl,146,138,104,111,116,108,96,135,106,110,127,122
ENSMUSG00000085100,Gm13324,0,0,0,0,0,0,0,0,0,0,0,0
ENSMUSG00000099161,Mir6419,0,0,0,0,0,0,0,0,0,0,0,0
ENSMUSG00000081851,Gm13323,1,0,0,1,0,0,0,0,0,1,0,0
ENSMUSG00000062651,H2al2a,0,0,0,0,0,0,0,0,0,0,0,0
ENSMUSG00000081116,Gm13329,0,0,0,0,0,0,0,0,0,0,0,0
ENSMUSG00000002103,Acp2,395,373,301,330,341,181,298,357,358,322,298,252
ENSMUSG00000054057,A930004D18Rik,15,21,16,7,25,9,8,21,14,18,17,17
ENSMUSG00000085319,Gm13330,0,0,0,0,0,0,0,0,0,0,0,0
ENSMUSG00000054074,Skida1,36,33,26,33,34,29,32,39,48,28,26,27
ENSMUSG00000086340,1810059C17Rik,0,0,0,0,1,1,1,2,0,0,2,1
ENSMUSG00000002109,Ddb2,173,163,129,153,196,108,196,184,138,114,206,194
ENSMUSG00000004085,Map3k20,83,121,121,139,146,123,105,159,77,79,121,96
ENSMUSG00002076570,#N/A,0,0,0,0,0,0,0,0,0,0,0,0
ENSMUSG00000084261,Rpl36a-ps4,0,0,0,0,0,0,0,0,0,0,0,0
ENSMUSG00000026743,Mllt10,1293,1320,1072,1015,1225,1045,880,1240,1164,1051,1274,1107
ENSMUSG00000099050,Mir7655,0,0,0,0,0,0,0,0,0,2,0,0
ENSMUSG00002076904,#N/A,0,0,0,0,0,0,0,0,0,0,0,0
ENSMUSG00000064964,Gm25147,0,0,0,1,1,0,0,0,0,0,0,0
ENSMUSG00000081619,Gm13351,2,0,0,1,0,2,0,0,0,3,0,1
ENSMUSG00000055612,Cdca7,3636,3986,3230,3310,3765,1850,3171,3494,3953,3778,4232,3818
ENSMUSG00000081538,Rps13-ps8,0,0,0,0,0,0,0,0,0,0,0,0
ENSMUSG00000080865,Eif1-ps3,0,0,0,0,1,0,0,1,1,0,1,0
ENSMUSG00000083279,Pex13-ps,0,0,0,0,0,0,0,0,0,0,0,0
ENSMUSG00000081957,Ak3l2-ps,0,0,0,0,0,0,1,2,1,1,1,0
ENSMUSG00000085252,8430437L04Rik,0,0,0,0,0,3,0,0,0,0,0,0
ENSMUSG00000026740,Dnajc1,3119,3232,2290,2375,2261,2069,1985,2377,2655,2537,2199,2160
ENSMUSG00000083070,Gm13350,2,1,5,1,2,0,0,1,0,0,3,1
ENSMUSG00000082520,Gm13349,1,4,0,3,4,1,1,3,1,1,1,4
ENSMUSG00000081181,Gm13353,0,0,0,0,0,0,0,0,0,0,0,0
ENSMUSG00000082943,Gm13355,0,0,0,0,0,0,0,0,0,0,0,0
ENSMUSG00000086882,Gm13352,0,0,1,0,0,0,0,0,0,1,0,0
ENSMUSG00000085427,6430710C18Rik,0,0,0,0,1,0,0,0,0,0,0,0
ENSMUSG00000051154,Commd3,517,506,421,435,478,317,469,496,499,482,537,541
ENSMUSG00000000827,Tpd52l2,1196,1358,1106,1163,1229,629,1176,1205,1152,1073,1181,1128
ENSMUSG00000027109,Sp3,2296,2160,1821,1839,2116,2062,1600,2252,2029,2106,2510,2316
ENSMUSG00002075865,#N/A,0,0,0,0,0,0,0,0,1,1,0,0
ENSMUSG00000084213,Hspe1-ps5,0,0,0,0,0,0,0,0,0,1,0,0
ENSMUSG00000088378,Gm25184,1,2,0,0,1,0,2,0,0,0,0,0
ENSMUSG00000079286,Gm11084,0,0,0,0,0,0,1,0,0,0,0,1
ENSMUSG00000027620,Rbm39,8019,8697,6841,6696,7134,6351,6679,7303,7850,7578,7963,7125
ENSMUSG00000063714,Sp3os,16,24,17,17,16,8,29,14,27,24,22,23
ENSMUSG00000038116,Phf20,598,631,496,489,506,296,505,590,553,571,600,557
ENSMUSG00000046229,Scand1,532,729,511,599,544,107,578,532,607,510,434,473
ENSMUSG00000027257,Pacsin3,7,5,7,5,2,7,13,13,10,8,7,6
ENSMUSG00000026739,Bmi1,1471,1422,1042,937,1033,1001,941,1055,1380,1328,1257,1252
ENSMUSG00000000826,Dnajc5,3939,4229,3340,3364,3202,1584,2839,3171,3529,3265,2895,2760
ENSMUSG00000037708,Spag6,0,0,0,1,0,0,0,0,1,2,1,0
ENSMUSG00000092353,Gm20539,0,1,1,0,0,0,0,0,1,0,0,0
ENSMUSG00000081139,Gm13333,1,1,0,0,0,0,1,0,0,0,0,0
ENSMUSG00000097638,Carlr,0,0,0,0,0,0,0,0,0,0,0,0
ENSMUSG00000027238,Frmd5,1,0,0,1,0,2,0,0,0,1,0,0
ENSMUSG00000081264,Gm14021,0,0,0,0,0,0,0,0,0,0,0,0
ENSMUSG00000084244,Gm14020,0,0,0,0,0,0,0,0,0,0,0,0
ENSMUSG00000086913,Gm14019,0,0,0,0,0,0,0,0,0,0,0,0
ENSMUSG00000027108,Ola1,3882,2419,1917,1805,2314,2239,2100,2034,3568,2259,2910,2465
ENSMUSG00000038085,Cnbd2,21,23,17,19,19,11,28,19,16,7,21,18
ENSMUSG00000081751,Gm14251,0,0,0,0,0,0,0,0,0,0,1,0
ENSMUSG00002076828,#N/A,0,0,0,0,0,0,0,0,0,0,0,0
ENSMUSG00000082455,Gm13665,1,1,0,0,0,0,1,1,0,1,0,1
ENSMUSG00000083569,Gm13666,37,16,11,8,5,4,5,6,17,28,17,32
ENSMUSG00000085546,Gm14252,0,0,0,0,0,2,0,0,0,0,0,1
ENSMUSG00000083976,Gm13664,0,0,0,0,0,0,0,0,0,0,0,0
ENSMUSG00000082321,Gm14253,4,5,1,1,4,1,3,1,7,0,0,1
ENSMUSG00000087323,Gm14170,0,0,0,0,0,0,0,0,0,0,0,0
ENSMUSG00002076826,#N/A,0,0,0,0,0,0,0,0,0,0,0,0
ENSMUSG00000026737,Pip4k2a,930,1012,890,832,829,671,773,895,1031,921,1000,856
ENSMUSG00000084017,Rpl21-ps9,1,4,1,0,0,0,1,0,1,2,0,0
ENSMUSG00000068859,Sp9,1,1,1,1,1,0,4,2,0,0,0,2
ENSMUSG00000102869,2900097C17Rik,878,858,894,840,652,754,721,858,739,738,556,526
ENSMUSG00000026736,4930426L09Rik,4,4,4,0,1,2,3,5,5,1,4,2
ENSMUSG00000061272,Gm14173,0,0,0,1,0,0,0,0,0,0,0,0
ENSMUSG00000083281,Gm13332,0,0,0,0,0,0,0,0,0,0,0,0
ENSMUSG00002075083,#N/A,0,0,0,0,0,0,0,0,0,0,0,0
ENSMUSG00000041777,Cir1,39,47,32,40,46,41,50,51,43,38,45,38
ENSMUSG00000057738,Sptan1,7925,8054,6624,6269,5678,3429,4929,7235,7198,6866,5707,5179
ENSMUSG00000027255,Arfgap2,1689,1839,1458,1534,1433,592,1363,1525,1668,1538,1328,1345
ENSMUSG00000008226,Scrn3,72,67,40,54,114,54,73,66,63,62,107,85
ENSMUSG00000037683,Armc3,6,11,2,9,10,12,5,4,10,8,7,13
ENSMUSG00000089917,Uckl1,328,304,302,272,322,157,283,295,297,304,305,329
ENSMUSG00000098453,Mir6997,1,0,1,0,0,0,1,0,0,0,1,1
ENSMUSG00000087674,4930447M23Rik,0,0,0,0,0,0,0,0,0,0,0,0
ENSMUSG00000010492,Uckl1os,2,0,1,5,1,2,4,5,2,1,2,4
ENSMUSG00000023094,Msrb2,24,32,14,16,26,17,27,33,18,19,38,31
ENSMUSG00000109733,Gm33940,0,0,0,0,0,0,0,0,0,1,0,0
ENSMUSG00000039715,Wdr34,54,41,41,39,51,16,35,39,50,39,58,61
ENSMUSG00000087103,Gm13344,0,0,0,0,0,0,0,0,0,0,0,0
ENSMUSG00000085388,Ptf1aos,0,0,0,0,0,0,0,0,0,0,0,0
ENSMUSG00000026735,Ptf1a,0,0,0,0,0,1,0,0,0,0,0,0
ENSMUSG00000056329,1810010K12Rik,0,0,0,0,0,0,0,0,0,0,0,0
ENSMUSG00000060227,Casc4,540,570,434,392,319,331,360,462,473,424,403,353
ENSMUSG00000026734,4921504E06Rik,0,2,0,0,0,1,0,0,0,0,0,0
ENSMUSG00002076141,#N/A,0,0,0,0,0,0,0,0,0,0,0,0
ENSMUSG00000084160,Gm13345,0,0,0,0,0,0,0,0,0,0,0,0
ENSMUSG00000074881,Mageb3,2,0,0,0,2,0,0,4,2,0,0,1
ENSMUSG00000086621,Gm13348,1,1,0,0,0,0,0,1,0,0,0,0
ENSMUSG00000080227,Gm13343,1,0,1,1,0,0,1,1,2,0,0,0
ENSMUSG00000043415,Otud1,123,148,146,144,173,115,154,170,154,164,171,169
ENSMUSG00000040591,1110051M20Rik,31,40,24,32,37,19,40,57,19,30,32,38
ENSMUSG00000087246,Gm13346,0,0,0,0,0,0,0,0,0,0,0,0
ENSMUSG00000083893,Gm13347,1,0,0,1,1,0,1,1,1,1,0,3
ENSMUSG00000077342,Gm24670,0,0,0,0,0,0,0,0,0,0,0,0
ENSMUSG00000081248,Gm13787,1,0,0,0,0,0,0,0,0,0,0,0
ENSMUSG00002076807,#N/A,0,0,0,0,0,0,0,0,0,0,0,0
ENSMUSG00002075867,#N/A,0,0,0,0,0,0,0,0,0,0,0,0
ENSMUSG00000054766,Set,3519,3370,2708,2962,3146,1419,2888,2877,3808,3295,3449,3509
ENSMUSG00000000823,Zfp512b,747,733,547,533,595,324,461,611,658,608,850,864
ENSMUSG00000098824,Mir7006,0,0,0,0,0,0,3,1,0,0,0,0
ENSMUSG00000027253,Lrp4,21,28,23,19,18,14,22,14,26,27,7,7
ENSMUSG00000081834,Gm13770,0,0,0,0,1,0,0,0,0,0,0,0
ENSMUSG00000026785,Pkn3,107,95,61,66,71,25,56,72,59,61,81,82
ENSMUSG00000002455,Prpf6,1951,2106,1480,1585,1565,1135,1364,1761,1847,1708,1754,1478
ENSMUSG00000015335,Zdhhc12,271,313,239,233,256,113,260,246,250,242,278,270
ENSMUSG00000038605,Samd10,180,219,115,140,172,89,178,164,170,168,234,216
ENSMUSG00000108976,Gm29797,1,0,2,2,2,1,1,1,1,2,0,1
ENSMUSG00000041762,Gpr155,128,133,121,117,91,73,89,115,106,92,131,133
ENSMUSG00000077518,Gm25879,0,0,0,0,0,0,0,0,0,0,0,0
ENSMUSG00000046470,Sox18,0,0,0,0,0,0,0,0,0,0,0,0
ENSMUSG00000085519,Gm13703,0,0,0,0,0,0,0,0,0,0,0,0
ENSMUSG00000086546,Gm13709,0,0,0,0,0,0,0,0,0,0,0,0
ENSMUSG00000087176,D230022J07Rik,1,1,2,1,1,1,5,3,1,3,1,4
ENSMUSG00000085768,Gm13707,0,0,0,0,0,1,1,0,1,0,1,3
ENSMUSG00000033411,Ctdspl2,877,904,802,755,855,803,676,866,846,795,979,914
ENSMUSG00000027236,Eif3j1,640,685,571,592,597,778,541,677,584,664,652,567
ENSMUSG00002076932,#N/A,0,0,0,0,0,0,0,0,0,0,0,0
ENSMUSG00000039686,Zer1,177,172,175,163,224,88,141,175,150,138,203,225
ENSMUSG00000059540,Tcea2,145,152,102,104,152,69,124,140,154,131,211,198
ENSMUSG00000033396,Spg11,789,816,684,702,686,346,394,651,670,660,744,618
ENSMUSG00000075284,Wipf1,4861,4853,4149,4316,4363,2931,4462,5749,4212,3785,5133,4369
ENSMUSG00000086069,Gm13708,0,0,0,0,0,0,0,0,0,0,0,0
ENSMUSG00000039678,Tbc1d13,1464,1532,1039,1172,1170,472,978,1165,1403,1183,1236,1264
ENSMUSG00000085401,Slc39a1-ps,3,4,1,3,1,0,1,3,2,6,1,3
ENSMUSG00000015337,Endog,304,305,227,229,317,94,272,228,405,290,331,383
ENSMUSG00000027233,Patl2,0,0,0,0,0,1,0,0,1,0,1,0
ENSMUSG00000027107,Chrna1,0,0,0,0,0,0,0,0,0,0,0,0
ENSMUSG00000086382,Chrna1os,2,0,1,3,1,0,3,0,0,0,1,0
ENSMUSG00000027624,Epb41l1,226,163,122,159,86,37,127,138,137,134,103,91
ENSMUSG00000086544,Chn1os3,2,2,1,2,0,1,0,1,1,1,1,1
ENSMUSG00000060802,B2m,27297,32234,24566,26323,26292,30567,30442,32163,28909,26752,31576,28704
ENSMUSG00000086872,Gm14225,0,0,0,0,0,0,0,0,0,0,0,0
ENSMUSG00000085524,Gm14224,0,0,0,0,0,0,0,0,0,0,0,0
ENSMUSG00000033368,Trim69,2,0,1,2,4,1,2,3,2,0,4,4
ENSMUSG00000027628,Aar2,859,975,720,792,800,217,712,754,866,770,677,685
ENSMUSG00000055494,Gm14168,4,13,11,6,6,9,10,4,3,8,8,3
ENSMUSG00000027229,Terb2,0,0,0,0,0,2,0,0,0,0,0,0
ENSMUSG00000082670,Gm14050,0,0,0,0,0,0,0,0,0,0,0,0
ENSMUSG00000086118,Gm14169,0,0,0,0,0,0,0,0,0,0,0,0
ENSMUSG00000079966,Gm14058,0,0,0,0,0,0,0,0,0,0,0,0
ENSMUSG00000070692,Rps12-ps10,5,18,9,5,7,40,10,9,0,1,9,3
ENSMUSG00000027227,Sord,51,64,68,78,32,23,71,66,44,41,30,22
ENSMUSG00000002458,Rgs19,938,1095,872,895,928,473,956,875,1045,926,1108,1043
ENSMUSG00000045794,Lkaaear1,0,0,0,0,0,0,0,0,0,0,0,0
ENSMUSG00000068452,Duox2,1,0,1,0,0,1,0,0,0,0,1,1
ENSMUSG00000039660,Spout1,1443,1683,1313,1443,1346,480,1412,1443,1507,1316,1291,1229
ENSMUSG00000027225,Duoxa2,0,0,0,0,4,0,0,0,0,0,0,0
ENSMUSG00000027584,Oprl1,1,0,0,1,0,2,0,0,0,1,0,0
ENSMUSG00000082786,Gm14489,0,0,0,0,0,0,0,0,0,0,0,0
ENSMUSG00000027224,Duoxa1,0,0,0,1,2,0,0,1,0,1,1,1
ENSMUSG00000033268,Duox1,0,0,1,0,0,2,0,2,0,0,1,0
ENSMUSG00000036617,Etl4,0,0,0,0,0,7,1,1,0,0,0,0
ENSMUSG00000033256,Shf,106,86,57,82,65,23,59,67,99,92,92,73
ENSMUSG00000088506,Gm24409,0,0,0,0,0,0,0,0,0,0,0,0
ENSMUSG00002076568,#N/A,0,0,0,0,0,0,0,0,0,0,0,0
ENSMUSG00000083777,Gm13361,0,0,0,1,0,1,0,0,0,0,0,0
ENSMUSG00000060795,Gm13363,0,0,0,0,0,0,0,0,1,0,2,0
ENSMUSG00000082164,Gm13360,0,1,0,0,0,0,1,0,0,1,0,1
ENSMUSG00000081128,Gm13328,2,1,1,1,2,0,2,1,0,0,1,0
ENSMUSG00000039648,Kyat1,46,51,39,36,43,14,34,33,45,36,54,53
ENSMUSG00000118880,#N/A,0,0,0,0,0,0,0,0,0,0,0,0
ENSMUSG00000091457,Gm17171,0,0,0,0,0,0,0,0,0,0,0,0
ENSMUSG00000085477,Gm13335,0,0,0,0,0,0,0,0,0,0,0,0
ENSMUSG00000100747,1700084E18Rik,8,9,3,4,9,3,7,5,11,13,6,2
ENSMUSG00002076489,#N/A,0,0,0,0,0,0,0,0,0,0,0,0
ENSMUSG00000086418,Gm13362,0,0,0,0,0,0,0,0,0,0,0,0
ENSMUSG00000007476,Lrrc8a,92,124,81,75,81,23,88,79,86,72,82,82
ENSMUSG00000099041,Gm28035,1,0,0,0,0,0,0,1,0,0,0,0
ENSMUSG00000061689,Dlgap4,963,1081,737,754,633,368,713,727,805,809,672,625
ENSMUSG00000087508,Gm14174,0,0,0,0,0,1,0,0,0,0,0,0
ENSMUSG00000083498,Gm14172,0,0,0,0,0,1,0,0,0,0,0,0
ENSMUSG00000086638,4930405A21Rik,9,3,4,2,6,4,2,7,2,4,3,7
ENSMUSG00000067818,Myl9,1,0,0,0,0,0,0,0,0,0,0,0
ENSMUSG00000082196,Gm14231,1,3,1,0,0,0,1,2,4,2,1,0
ENSMUSG00000087179,Gm14230,95,122,69,84,76,50,57,87,95,99,89,81
ENSMUSG00000027219,Slc28a2,219,262,174,199,157,86,165,213,200,156,204,175
ENSMUSG00000083645,Gm14086,0,3,2,0,1,0,0,3,2,1,2,1
ENSMUSG00000081219,Bambi-ps1,4,4,4,8,6,2,4,5,4,4,2,2
ENSMUSG00000062175,Tgif2,786,898,652,666,685,269,553,541,725,715,616,513
ENSMUSG00000085741,5430405H02Rik,30,16,25,19,26,23,10,25,17,24,52,40
ENSMUSG00000102323,Gm37790,2,1,2,0,0,0,1,5,0,1,0,2
ENSMUSG00000079071,Slc28a2b,4,4,6,4,5,2,3,3,3,5,0,5
ENSMUSG00000074629,4930518I15Rik,12,21,12,10,11,8,10,14,9,18,16,25
ENSMUSG00002075925,#N/A,0,0,0,0,0,0,0,0,0,0,0,0
ENSMUSG00000027637,Rab5if,1713,2023,1537,1642,1788,833,1824,1750,1915,1551,1497,1515
ENSMUSG00000040549,Ckap5,2756,2807,2681,2456,3736,2797,2096,2897,2383,2359,3396,2962
ENSMUSG00000077221,Snord67,0,0,0,0,0,0,0,0,0,0,0,0
ENSMUSG00000027636,Sla2,222,217,176,181,165,87,201,245,211,188,226,212
ENSMUSG00000080880,Gm14278,0,0,0,0,0,1,0,0,0,0,0,0
ENSMUSG00000083831,Gm14248,0,0,0,0,0,0,0,0,0,0,0,0
ENSMUSG00000081616,Gm14247,0,0,0,0,0,0,0,0,0,0,0,0
ENSMUSG00000056486,Chn1,28,24,31,22,22,16,23,24,41,18,19,14
ENSMUSG00000085838,Chn1os1,0,0,0,0,0,0,0,0,0,0,0,0
ENSMUSG00000081062,Gm13640,0,0,0,0,0,0,0,0,0,0,0,0
ENSMUSG00000087017,4930417H01Rik,2,1,2,3,0,0,2,0,1,6,0,0
ENSMUSG00000085633,Bloc1s6os,4,5,2,9,9,8,7,11,10,1,6,4
ENSMUSG00000027249,F2,1,0,0,0,0,0,0,0,0,0,0,1
ENSMUSG00000083832,Gm13771,2,4,2,3,0,0,0,3,0,3,2,1
ENSMUSG00000005804,Bloc1s6,677,789,583,634,642,510,603,540,737,597,649,576
ENSMUSG00000075040,Zfp408,660,724,541,544,461,249,461,604,607,559,492,488
ENSMUSG00000005803,Sqor,42,71,32,40,47,48,53,31,59,34,34,30
ENSMUSG00000084372,Gm13988,0,0,0,0,0,0,0,0,0,0,0,0
ENSMUSG00000079484,Phyhd1,0,4,2,2,2,0,1,2,1,0,0,0
ENSMUSG00000098794,Gm28038,0,0,0,0,0,0,0,0,0,0,0,0
ENSMUSG00000027634,Ndrg3,333,338,222,239,407,257,275,247,313,259,494,410
ENSMUSG00000075419,Dolk,270,298,266,275,214,75,261,249,302,257,206,205
ENSMUSG00002074935,#N/A,0,0,0,0,0,0,0,0,0,0,0,0
ENSMUSG00000082163,Gm14276,29,38,29,38,39,24,38,48,20,15,25,38
ENSMUSG00000010505,Myt1,0,0,0,0,0,5,3,0,0,0,0,0
ENSMUSG00000036591,Arhgap21,2152,2038,1872,1811,1698,1256,1339,2383,1799,1778,1515,1446
ENSMUSG00000085206,Gm13380,0,1,0,0,0,0,1,1,1,0,0,0
ENSMUSG00000075514,Gm13375,15,14,16,13,12,6,17,19,21,8,11,7
ENSMUSG00000086821,Gm13377,0,0,0,0,0,0,0,0,0,0,0,0
ENSMUSG00000087219,Gm13376,0,0,0,0,0,0,0,0,0,0,0,0
ENSMUSG00002075392,#N/A,0,0,0,0,0,0,0,0,0,0,0,0
ENSMUSG00000026679,Enkur,6,4,7,5,5,13,3,7,1,3,1,4
ENSMUSG00000027635,Dsn1,292,314,344,288,391,197,331,385,288,263,376,337
ENSMUSG00002076042,#N/A,0,0,0,0,0,0,0,0,0,0,0,0
ENSMUSG00000027589,Pcmtd2,120,102,102,93,147,118,127,160,119,101,125,153
ENSMUSG00000055485,Soga1,55,49,25,38,38,20,26,45,33,41,52,66
ENSMUSG00000074628,Tldc2,0,0,0,0,0,0,0,0,0,0,0,0
ENSMUSG00000038628,Polr3k,717,750,713,681,808,511,724,751,752,695,792,773
ENSMUSG00000083397,Gm5466,7,5,7,11,6,8,5,6,4,5,6,11
ENSMUSG00000048550,Thnsl1,69,80,77,62,59,45,55,58,87,84,67,82
ENSMUSG00000084071,Gm13378,2,0,0,1,0,0,0,0,0,0,0,0
ENSMUSG00000085680,Gm13327,0,0,0,0,0,0,0,0,0,0,0,0
ENSMUSG00000098505,Gm14496,0,0,0,0,0,0,1,0,0,0,1,0
ENSMUSG00000027247,Arhgap1,1011,1172,800,910,738,331,906,1011,904,803,887,772
ENSMUSG00000045967,Gpr158,0,0,0,0,0,3,0,0,0,0,1,0
ENSMUSG00000052533,Nup188,4433,4747,3851,3865,4092,1929,2931,3929,4195,3920,3958,3605
ENSMUSG00000080846,Gm13379,0,0,0,0,1,0,1,0,0,1,0,0
ENSMUSG00000077572,Gm24886,0,0,0,0,0,0,0,0,0,0,0,0
ENSMUSG00000081467,Gm13337,0,2,2,1,1,0,0,0,0,0,1,0
ENSMUSG00000084892,Gm14471,0,0,0,0,0,0,0,0,0,0,0,0
ENSMUSG00000025716,Myo3a,0,0,0,0,1,0,0,0,0,0,0,0
ENSMUSG00000082516,Gm13342,0,0,0,0,0,0,0,0,0,0,0,0
ENSMUSG00000083863,Gm13341,37,9,7,6,14,26,21,18,22,23,24,22
ENSMUSG00000083563,Gm13340,22,17,13,18,9,13,15,16,17,12,15,19
ENSMUSG00000082884,Gm13339,1,1,1,3,1,3,3,1,1,0,1,2
ENSMUSG00000026787,Gad2,201,160,208,184,167,115,154,190,133,145,238,206
ENSMUSG00000106199,Mir3967,0,0,0,0,0,0,0,0,0,0,1,0
ENSMUSG00002076064,#N/A,0,0,0,0,0,0,0,0,0,0,0,0
ENSMUSG00000083453,Gm13338,0,0,0,0,0,0,0,0,0,0,0,0
ENSMUSG00000085353,1700092C17Rik,0,0,0,0,0,0,0,0,0,0,0,0
ENSMUSG00000083057,Gm13356,0,0,0,0,0,0,0,0,0,0,0,0
ENSMUSG00000026786,Apbb1ip,3176,2985,2415,2374,2286,1996,2461,2762,2848,2608,2730,2238
ENSMUSG00000069136,A130006I12Rik,0,1,2,4,0,0,1,0,1,1,1,2
ENSMUSG00000027244,Atg13,463,533,403,502,401,151,401,475,368,385,359,318
ENSMUSG00000027243,Harbi1,138,150,110,100,139,66,106,109,120,109,135,134
ENSMUSG00000082457,Gm13776,0,2,0,0,0,0,1,0,0,0,1,0
ENSMUSG00000027639,Samhd1,975,1136,1439,1712,1084,710,1651,1948,1011,1013,1144,1013
ENSMUSG00000026784,Pdss1,452,430,420,462,398,305,447,498,432,420,406,396
ENSMUSG00002076724,#N/A,0,0,2,0,0,0,0,0,1,1,0,0
ENSMUSG00000081861,Gm14441,1,1,0,2,3,0,1,2,0,1,1,4
ENSMUSG00000026860,Sh3glb2,489,551,397,418,540,206,419,432,497,444,541,614
ENSMUSG00000027641,Rbl1,1035,967,990,964,1228,936,971,1240,1038,917,1261,1190
ENSMUSG00000084113,Gm14277,6,7,3,1,3,3,1,4,4,4,4,2
ENSMUSG00000027104,Atf2,1326,1334,956,972,988,1009,834,1052,947,1114,1129,1059
ENSMUSG00000074627,Mroh8,5,7,2,4,3,2,9,5,7,5,6,2
ENSMUSG00002074852,#N/A,0,0,0,0,0,0,0,0,0,0,0,0
ENSMUSG00000018770,Atp5g3,4548,5498,4322,4546,5186,1765,5521,4360,5065,4098,4400,3888
ENSMUSG00000083072,Gm13668,1,14,6,6,2,3,6,6,6,5,1,1
ENSMUSG00000085387,A630050E04Rik,0,0,0,0,0,0,0,0,0,0,0,0
ENSMUSG00000099502,Gm28640,0,0,0,0,0,0,0,0,0,0,0,0
ENSMUSG00000084791,Gm13667,0,0,0,0,0,0,0,0,0,0,0,0
ENSMUSG00000085405,4930441J16Rik,0,0,0,0,0,0,0,0,0,0,0,0
ENSMUSG00000026858,Miga2,613,661,521,573,577,131,477,578,542,555,494,462
ENSMUSG00002076344,#N/A,0,0,0,0,0,0,0,0,0,0,0,0
ENSMUSG00000027642,Rpn2,5638,6247,4966,5126,5843,2591,5265,5561,5362,4743,5149,4634
ENSMUSG00000027643,Ghrh,0,0,0,0,0,0,0,0,0,0,0,0
ENSMUSG00000026856,Dolpp1,356,313,305,273,312,120,275,330,309,258,312,300
ENSMUSG00000063019,Manbal,312,409,326,314,335,104,385,327,388,310,264,235
ENSMUSG00000009207,Lnpk,890,781,653,611,615,587,623,821,768,704,762,736
ENSMUSG00000087205,4930445N08Rik,0,0,0,0,0,0,0,0,0,0,0,0
ENSMUSG00000075279,Mrpl23-ps1,6,7,8,6,5,38,5,10,14,4,6,4
ENSMUSG00000119655,#N/A,0,0,1,0,0,0,0,0,0,0,0,0
ENSMUSG00000082973,Gm13672,0,0,0,0,0,0,0,0,0,0,0,0
ENSMUSG00000001815,Evx2,0,0,0,0,0,2,0,0,0,0,0,0
ENSMUSG00000026853,Crat,35,54,43,26,41,23,37,21,56,35,52,33
ENSMUSG00000001819,Hoxd13,0,0,0,0,0,0,0,0,0,0,0,0
ENSMUSG00000087435,Gm16323,0,0,0,1,0,0,0,0,0,0,1,0
ENSMUSG00000001823,Hoxd12,0,0,0,0,0,0,0,0,0,0,0,0
ENSMUSG00000040506,Ambra1,2509,2597,1902,2020,1674,850,1608,2146,2250,2075,1727,1681
ENSMUSG00000042499,Hoxd11,1,0,1,0,2,0,1,1,0,0,3,0
ENSMUSG00000075036,Gm10805,0,0,0,0,0,0,0,0,0,0,0,0
ENSMUSG00000099521,Gm28309,0,0,0,0,0,0,0,0,0,0,0,0
ENSMUSG00000040495,Chrm4,83,90,84,53,95,57,56,71,95,117,108,91
ENSMUSG00000050368,Hoxd10,0,0,0,0,0,0,0,0,0,0,0,0
ENSMUSG00000086077,Gm14396,0,0,0,0,0,2,0,0,0,0,0,0
ENSMUSG00000100209,Gm28793,0,0,0,0,0,0,0,0,0,0,0,0
ENSMUSG00000043342,Hoxd9,0,0,0,0,0,4,0,0,0,0,0,0
ENSMUSG00002076500,#N/A,0,0,0,0,0,0,0,0,0,0,0,0
ENSMUSG00000052371,Hoxd3os1,0,0,0,0,0,0,0,0,0,0,0,0
ENSMUSG00000027102,Hoxd8,0,0,0,0,1,1,0,0,3,0,0,0
ENSMUSG00000079277,Hoxd3,0,0,0,0,0,0,0,0,0,0,0,0
ENSMUSG00000027646,Src,31,33,17,37,20,4,9,25,29,28,22,18
ENSMUSG00000081740,Gm14279,0,0,0,0,0,0,0,0,0,0,0,2
ENSMUSG00000082329,Gm14287,0,0,0,0,0,0,0,0,0,0,0,0
ENSMUSG00000087445,Gm14286,2,6,14,9,2,1,6,10,6,3,4,6
ENSMUSG00000101174,Hoxd4,0,0,0,0,0,0,0,0,0,0,0,0
ENSMUSG00000065500,Mir10b,0,0,0,0,0,0,0,0,0,0,0,0
ENSMUSG00000100642,Gm28230,0,0,0,0,0,0,0,0,0,0,0,0
ENSMUSG00000075277,Haglr,0,0,0,0,1,2,0,0,0,0,0,0
ENSMUSG00000067787,Blcap,225,206,182,195,208,97,157,211,188,169,172,188
ENSMUSG00000085015,Gm14424,0,0,0,0,0,0,0,0,0,0,0,0
ENSMUSG00000086559,Gm14426,0,0,0,0,0,0,0,0,0,0,0,0
ENSMUSG00000042448,Hoxd1,0,0,0,0,0,0,0,0,0,0,0,0
ENSMUSG00000027099,Mtx2,747,928,688,674,824,500,729,768,944,791,873,853
ENSMUSG00000039515,Ptpa,2971,3318,2508,2701,3136,773,2668,2929,3132,2800,3144,2863
ENSMUSG00000067786,Nnat,1,0,0,1,0,0,0,0,0,0,0,0
ENSMUSG00000081156,Gm14425,1,3,2,3,0,1,3,0,2,0,0,0
ENSMUSG00000083837,Gm14427,0,1,0,0,1,1,0,1,0,0,2,0
ENSMUSG00002075463,#N/A,2,2,7,6,1,8,0,2,4,3,2,1
ENSMUSG00000027239,Mdk,89,81,63,58,80,40,83,80,93,80,67,48
ENSMUSG00000087547,Platr27,7,4,2,7,2,2,3,5,3,3,3,3
ENSMUSG00002076952,#N/A,0,0,0,0,0,0,0,0,0,0,0,0
ENSMUSG00000077290,Gm25407,0,0,0,0,0,0,0,0,0,0,0,0
ENSMUSG00000084417,Gm23463,0,0,0,0,0,0,0,0,0,0,1,0
ENSMUSG00000027200,Sema6d,404,401,270,280,167,131,115,133,230,226,183,187
ENSMUSG00000087333,Gm13652,0,0,0,0,0,0,0,0,0,0,0,0
ENSMUSG00000089762,Ier5l,188,203,210,185,249,59,214,245,265,191,180,211
ENSMUSG00000085275,Gm14487,0,1,0,0,2,1,0,0,0,0,0,3
ENSMUSG00000047363,Cstad,2,1,1,2,0,0,3,0,3,1,0,4
ENSMUSG00000085496,4930517E11Rik,0,0,0,0,0,1,0,0,0,0,0,0
ENSMUSG00000086405,9330198N18Rik,7,3,5,2,8,5,5,3,11,8,3,2
ENSMUSG00000086954,4930583P06Rik,0,0,0,0,0,0,0,0,0,0,0,0
ENSMUSG00000087268,Gm14486,0,0,0,0,0,0,0,0,0,0,0,0
ENSMUSG00000087450,Gm13994,0,0,0,0,0,0,0,0,0,0,0,0
ENSMUSG00000100303,2600014E21Rik,0,0,0,0,0,2,0,0,0,0,0,0
ENSMUSG00000086044,A330043C09Rik,0,0,0,0,0,0,0,0,0,0,0,0
ENSMUSG00000075416,Gm14488,0,0,0,2,3,5,0,0,0,0,0,0
ENSMUSG00000081406,Rps6-ps4,0,0,0,0,0,0,0,0,0,0,0,0
ENSMUSG00000093091,Mir3089,0,0,0,0,0,0,0,0,0,0,0,0
ENSMUSG00000075276,Gm13653,0,0,1,0,1,0,0,0,1,0,1,0
ENSMUSG00000115959,Gm18494,0,0,0,0,0,0,0,0,0,0,0,0
ENSMUSG00000102473,Gm37243,0,0,0,0,0,0,0,0,0,0,0,0
ENSMUSG00000087504,Gm13658,0,0,0,0,0,0,0,0,0,0,0,0
ENSMUSG00000086576,Gm13660,0,0,0,0,0,0,0,0,0,0,0,0
ENSMUSG00000082152,Gm13655,0,0,0,0,0,0,0,0,0,0,0,0
ENSMUSG00000093242,Gm24574,0,0,0,0,0,0,0,0,0,0,0,0
ENSMUSG00000027649,Ctnnbl1,975,992,800,732,878,539,824,978,983,825,929,886
ENSMUSG00000062846,Gm14176,4,2,1,0,1,0,1,2,2,1,3,1
ENSMUSG00000037843,Vstm2l,0,0,0,0,0,0,0,0,0,0,0,0
ENSMUSG00000035183,Slc24a5,0,0,0,0,0,1,0,0,0,0,0,2
ENSMUSG00000027650,Tti1,1127,1187,854,910,1113,763,779,987,1124,990,1088,1098
ENSMUSG00000059005,Hnrnpa3,507,441,419,377,523,338,394,375,472,441,513,576
ENSMUSG00000015839,Nfe2l2,721,789,802,817,831,673,841,947,716,677,714,637
ENSMUSG00002075749,#N/A,0,0,2,0,0,0,0,0,0,0,1,0
ENSMUSG00000087222,E030042O20Rik,1,6,4,3,4,2,5,7,8,6,3,9
ENSMUSG00000087527,Gm13656,0,0,0,0,0,0,0,0,0,0,0,0
ENSMUSG00000086813,Gm13657,0,0,0,2,1,0,0,0,0,0,1,0
ENSMUSG00000081833,Gm13669,0,0,1,0,0,0,1,1,0,0,0,0
ENSMUSG00000082187,Gm13670,0,0,0,0,0,1,0,0,0,0,1,0
ENSMUSG00000044320,1700001O22Rik,29,20,20,22,28,12,26,25,27,17,33,33
ENSMUSG00000085491,4930527E20Rik,0,0,0,0,0,0,0,0,0,0,0,0
ENSMUSG00000027651,Rprd1b,1375,1609,1122,1101,1370,749,1197,1267,1384,1185,1353,1239
ENSMUSG00000100860,2010009K17Rik,0,0,0,0,0,0,0,0,0,0,0,0
ENSMUSG00000026857,Ntmt1,842,940,668,733,732,183,721,663,846,767,637,597
ENSMUSG00000037820,Tgm2,808,924,633,815,492,205,588,711,505,465,437,389
ENSMUSG00000092283,Gm20412,1,0,0,0,1,1,0,0,1,0,0,0
ENSMUSG00000039483,Asb6,1296,1387,1185,1288,1207,377,1218,1211,1239,1127,1030,1048
ENSMUSG00000039476,Prrx2,0,0,0,1,0,0,0,0,0,2,0,0
ENSMUSG00000042410,Agps,2298,2404,2077,1944,1965,1246,1417,2022,2142,1975,2043,1967
ENSMUSG00000075273,Ttc30b,4,7,4,5,11,0,5,5,8,4,5,11
ENSMUSG00000050737,Ptges,1,1,1,0,0,1,1,0,2,0,1,2
ENSMUSG00000075272,Ttc30a2,0,0,0,0,1,0,2,0,0,0,1,2
ENSMUSG00000084143,Gm13400,0,0,0,0,0,0,0,0,0,0,0,0
ENSMUSG00000075271,Ttc30a1,113,101,82,84,81,53,75,88,101,117,113,104
ENSMUSG00000037813,D630003M21Rik,0,0,0,0,0,1,0,0,0,0,0,0
ENSMUSG00000078957,1700060C20Rik,0,0,0,0,0,0,0,0,0,0,0,0
ENSMUSG00000098765,Mir7685,0,0,0,0,0,0,0,0,0,0,0,0
ENSMUSG00000026848,Tor1b,1784,1831,1496,1535,1377,639,1248,1389,1722,1450,1466,1426
ENSMUSG00000075270,Pde11a,31,40,30,29,16,10,23,34,42,21,13,18
ENSMUSG00002076140,#N/A,0,0,0,0,0,0,0,0,0,0,0,0
ENSMUSG00000056436,Cyct,1,0,0,1,0,2,0,0,0,0,1,0
ENSMUSG00000026849,Tor1a,852,928,675,708,808,322,772,776,815,657,775,676
ENSMUSG00000042369,Rbm45,1513,1750,1318,1456,1264,811,1173,1352,1370,1326,1328,1179
ENSMUSG00000026851,BC005624,845,838,685,742,712,642,699,753,846,761,904,720
ENSMUSG00000040479,Dgkz,10500,11264,7341,7742,7756,3412,6699,7784,10719,9621,7150,6768
ENSMUSG00000058835,Abi1,2915,3111,2339,2425,2020,1764,1948,2481,2723,2627,2295,2072
ENSMUSG00000052922,Bpi,0,0,0,0,0,0,0,0,0,0,0,0
ENSMUSG00000098651,Mir6999,7,4,1,3,1,1,2,2,8,6,3,4
ENSMUSG00000027201,Myef2,764,738,709,599,769,824,681,778,668,716,934,837
ENSMUSG00000095332,Gm9821,0,1,0,0,0,0,0,1,3,0,0,0
ENSMUSG00000083650,Gm13357,3,6,4,1,2,0,2,2,1,2,2,8
ENSMUSG00000118793,#N/A,0,0,0,0,0,0,0,0,0,0,0,0
ENSMUSG00000087056,Gm14004,0,0,0,0,0,0,0,0,0,0,0,0
ENSMUSG00000074872,Ctxn2,0,0,0,0,0,0,0,0,0,0,0,0
ENSMUSG00000016024,Lbp,0,0,0,0,1,0,0,0,0,0,2,0
ENSMUSG00000027230,Creb3l1,11,9,25,15,16,13,9,16,6,6,10,11
ENSMUSG00000087197,Gm13780,0,0,0,0,0,0,0,0,0,0,0,0
ENSMUSG00000087018,2900072N19Rik,0,0,0,0,0,0,0,0,0,0,0,0
ENSMUSG00000085385,Snhg17,1841,2008,1738,1725,1511,724,1517,1776,1769,1709,1505,1470
ENSMUSG00000065362,Gm24411,0,0,0,0,0,0,0,0,0,0,0,0
ENSMUSG00000064995,Gm26003,0,0,0,0,0,0,0,0,0,0,0,0
ENSMUSG00000042359,Osbpl6,1,0,1,0,1,0,2,2,1,0,0,1
ENSMUSG00002075085,#N/A,0,0,0,0,0,0,0,0,0,0,0,0
ENSMUSG00000002731,Prkra,27,31,19,18,20,12,37,46,29,24,35,29
ENSMUSG00000075267,Pjvk,0,0,1,0,0,0,0,0,0,0,0,0
ENSMUSG00000002732,Fkbp7,24,27,15,22,11,12,19,25,19,21,11,14
ENSMUSG00000002733,Plekha3,2638,2786,1959,2120,2059,1594,2059,2231,2398,2161,2131,1958
ENSMUSG00000026854,Usp20,387,406,328,384,348,124,324,325,400,333,289,291
ENSMUSG00000027202,Slc12a1,0,1,0,0,0,3,0,0,0,0,1,0
ENSMUSG00000086416,Gm14002,1,1,0,0,0,0,1,2,0,2,0,0
ENSMUSG00000027203,Dut,2104,2094,1873,1909,2651,1471,2462,2362,2295,1787,2536,2445
ENSMUSG00000085797,A530010F05Rik,0,0,0,0,0,1,0,0,0,0,0,0
ENSMUSG00000087682,Gm14003,0,0,0,0,0,0,0,0,0,0,0,0
ENSMUSG00000027204,Fbn1,8,2,11,19,7,18,5,10,8,5,2,2
ENSMUSG00000053615,Gm9913,0,0,0,0,0,0,0,0,0,0,0,0
ENSMUSG00000068394,Cep152,508,514,543,549,561,454,478,651,461,430,511,512
ENSMUSG00000027654,Fam83d,159,179,229,200,235,117,270,251,153,176,171,195
ENSMUSG00000035109,Shc4,28,17,24,22,11,17,19,21,23,18,26,15
ENSMUSG00000091337,Eid1,444,389,320,359,246,198,386,335,465,388,365,353
ENSMUSG00000026781,Acbd5,338,336,304,279,265,317,225,260,304,295,390,307
ENSMUSG00000058318,Phf21a,283,268,184,206,216,200,210,313,205,204,300,266
ENSMUSG00000088639,Mir1955,1,0,0,0,0,0,0,0,0,0,0,0
ENSMUSG00000083951,Gm13786,0,0,0,0,1,0,0,0,0,0,0,0
ENSMUSG00000026779,Mastl,144,169,150,138,287,230,152,272,130,114,200,187
ENSMUSG00000081730,Gm13785,1,1,0,0,1,1,0,0,3,0,1,0
ENSMUSG00000035093,Secisbp2l,2194,2386,1861,1786,1489,1137,1306,1960,1846,1803,1495,1416
ENSMUSG00000026775,Yme1l1,3371,3522,2725,2846,2781,2483,2439,2993,2918,3140,3032,2885
ENSMUSG00000081648,Gm13423,0,0,2,3,5,3,3,2,4,3,3,1
ENSMUSG00000027655,Dhx35,642,717,505,521,577,279,483,543,627,591,505,419
ENSMUSG00002074934,#N/A,0,0,0,0,0,0,0,0,0,0,0,0
ENSMUSG00000026774,Potegl,0,0,0,0,0,0,0,1,0,2,0,0
ENSMUSG00000119093,#N/A,0,0,0,0,0,0,0,0,0,0,0,0
ENSMUSG00000084098,Gm13422,0,3,4,0,4,2,2,5,1,0,2,1
ENSMUSG00000083913,Gm14219,0,0,0,0,0,0,0,0,0,0,0,0
ENSMUSG00000083451,Gm11445,1,0,0,0,0,0,0,0,0,0,0,0
ENSMUSG00000081215,Gm11446,0,0,0,0,0,0,0,0,0,0,0,0
ENSMUSG00000069132,Nxph2,0,0,0,0,0,0,0,0,0,0,0,0
ENSMUSG00000102704,Gm38309,0,0,0,0,0,0,0,0,0,0,0,0
ENSMUSG00000086558,Gm14223,0,0,0,0,0,0,0,0,0,0,0,0
ENSMUSG00000085198,4933416E03Rik,0,0,0,0,0,0,0,0,0,0,0,0
ENSMUSG00000083329,Gm14220,0,0,0,0,0,0,0,0,0,0,0,0
ENSMUSG00000086653,9130015L21Rik,0,0,0,0,0,0,0,0,0,0,0,0
ENSMUSG00000074623,Gm826,0,0,0,0,0,0,0,0,0,0,0,0
ENSMUSG00000074622,Mafb,11,12,17,15,15,1,11,9,12,11,8,8
ENSMUSG00000078956,Gm14221,1,2,1,0,1,8,3,2,1,0,1,0
ENSMUSG00000078955,Gm14222,0,0,0,0,0,0,0,0,0,0,0,0
ENSMUSG00002076125,#N/A,0,0,0,0,0,1,0,0,0,0,0,0
ENSMUSG00000026771,Spopl,497,465,399,413,485,450,313,401,439,506,599,534
ENSMUSG00000070544,Top1,16568,16775,12418,12600,11176,13283,11353,13055,12597,12958,11975,10111
ENSMUSG00000081519,Gm13331,3,5,2,1,6,0,1,5,2,1,1,0
ENSMUSG00000083729,Sh3d2c-ps1,0,0,0,0,0,0,0,0,0,0,0,0
ENSMUSG00002075040,#N/A,0,0,0,0,0,0,0,0,0,0,0,0
ENSMUSG00000083373,Gm13392,0,0,0,0,0,0,0,0,0,0,0,0
ENSMUSG00000027206,Cops2,2950,3165,2528,2513,2619,2719,2396,2895,2731,2962,3064,2852
ENSMUSG00000026986,Hnmt,0,0,0,0,0,0,0,0,0,0,0,0
ENSMUSG00000061809,Tbpl2,0,0,0,0,0,0,0,0,0,0,0,0
ENSMUSG00000026985,Il1f8,0,0,0,0,0,0,0,0,0,0,0,0
ENSMUSG00000083116,Gm13410,3,3,0,2,2,1,2,3,3,3,3,2
ENSMUSG00000044103,Il1f9,0,0,0,0,0,0,0,0,0,0,0,0
ENSMUSG00000026984,Il1f6,0,0,0,0,0,0,0,0,1,0,0,0
ENSMUSG00000104173,Gm37703,0,0,0,0,0,1,0,0,0,0,0,0
ENSMUSG00000083172,Gm13409,0,0,0,0,0,0,0,0,0,0,0,0
ENSMUSG00000026983,Il1f5,0,0,0,0,0,0,0,0,0,0,0,0
ENSMUSG00000046845,Il1f10,0,0,0,0,0,0,0,0,0,0,0,0
ENSMUSG00000085999,Gm13411,0,0,0,0,0,0,0,0,0,0,0,0
ENSMUSG00000027207,Galk2,295,314,218,230,291,127,235,240,244,226,297,255
ENSMUSG00000016933,Plcg1,1989,2036,1595,1667,1671,815,1345,1791,1790,1630,1612,1494
ENSMUSG00000098889,Gm27206,0,1,0,0,0,0,0,0,1,0,0,0
ENSMUSG00000035877,Zhx3,115,117,109,74,87,58,87,103,105,89,112,87
ENSMUSG00000085303,Gm16751,0,1,0,2,1,1,0,0,0,0,1,0
ENSMUSG00000081854,Gm11447,2,1,0,1,0,0,3,0,2,1,1,0
ENSMUSG00000027209,Fam227b,1,1,0,1,0,0,0,1,0,1,0,0
ENSMUSG00000040434,Large2,8,9,5,7,6,2,10,5,16,18,5,10
ENSMUSG00000027208,Fgf7,1,6,4,2,0,1,2,0,1,0,1,1
ENSMUSG00000118995,#N/A,0,0,0,0,0,0,0,0,0,0,0,0
ENSMUSG00000026981,Il1rn,2,2,3,4,3,1,5,1,3,7,5,3
ENSMUSG00000023330,Dtwd1,287,345,262,256,322,251,275,268,304,316,327,314
ENSMUSG00000090353,Gm17555,0,0,0,0,0,0,0,0,0,0,0,0
ENSMUSG00002076287,#N/A,0,0,0,0,0,0,0,0,0,0,0,0
ENSMUSG00000027222,Pex16,348,427,291,333,257,78,319,335,345,325,284,262
ENSMUSG00000044916,1700029I15Rik,17,16,12,7,11,5,22,7,8,5,11,12
ENSMUSG00000027412,Lpin3,33,39,24,37,15,6,19,16,18,15,9,9
ENSMUSG00000050700,Emilin3,1,0,0,4,1,0,1,1,0,1,0,0
ENSMUSG00000087147,Gm14228,0,0,0,0,0,0,0,0,0,0,0,0
ENSMUSG00000026979,Psd4,7330,8152,5794,6022,5016,1884,4570,5811,6134,5716,5070,4842
ENSMUSG00000027223,Mapk8ip1,11,10,10,11,14,4,5,2,9,10,14,5
ENSMUSG00000099093,Mir7000,0,0,0,0,0,0,0,0,0,0,0,0
ENSMUSG00000057133,Chd6,732,702,669,624,677,503,463,701,714,664,726,692
ENSMUSG00000077795,Gm25561,0,0,0,0,0,0,0,0,0,0,0,0
ENSMUSG00000109780,Gm45447,0,0,1,0,0,0,0,0,0,0,0,0
ENSMUSG00000067745,Gm14243,0,0,0,0,0,0,0,0,0,0,0,0
ENSMUSG00000085469,Gm14242,0,0,0,0,0,0,0,0,0,0,0,0
ENSMUSG00000081099,Gm5270,32,12,14,9,8,2,10,12,40,18,11,21
ENSMUSG00000081151,Gm11448,3,0,0,0,2,5,0,1,1,1,1,2
ENSMUSG00000087031,Gm14241,0,0,0,0,0,0,0,0,0,0,0,0
ENSMUSG00000083374,Gm11449,0,0,2,2,2,0,0,0,1,0,0,2
ENSMUSG00000100943,Gm29229,0,0,0,0,0,0,0,0,0,0,0,0
ENSMUSG00000060131,Atp8b4,643,635,578,580,384,297,346,507,445,394,620,529
ENSMUSG00000026976,Pax8,0,0,0,0,0,0,0,0,0,0,0,0
ENSMUSG00000085057,Gm13415,0,0,0,0,0,0,0,0,0,0,0,0
ENSMUSG00000099120,Gm27193,0,0,0,0,0,0,0,0,0,0,0,0
ENSMUSG00000082307,Gm13418,0,0,0,0,0,0,0,0,0,0,0,0
ENSMUSG00000075415,Fnbp1,11240,12000,9172,9808,9111,5757,7632,10644,10727,10231,8200,7802
ENSMUSG00000085330,Gm13417,0,0,0,0,0,0,0,0,0,0,0,0
ENSMUSG00000102591,Gm38383,0,0,0,0,0,0,0,0,0,0,0,0
ENSMUSG00000084241,Gm13416,0,0,1,2,0,0,0,0,4,0,1,0
ENSMUSG00002076315,#N/A,0,0,0,0,0,1,0,0,0,0,0,0
ENSMUSG00000027359,Slc27a2,2,2,0,0,2,0,0,1,0,0,0,0
ENSMUSG00000087269,D330023K18Rik,11,13,8,4,9,3,6,13,11,6,6,12
ENSMUSG00000068742,Cry2,520,558,429,429,310,132,349,501,455,423,364,334
ENSMUSG00000084781,D930015M05Rik,1,1,0,2,0,1,0,0,0,1,1,1
ENSMUSG00000049922,Slc35c1,1303,1511,1113,1110,1103,502,1075,1192,1193,989,1127,1004
ENSMUSG00000027360,Hdc,15,24,12,31,8,9,14,28,12,17,3,4
ENSMUSG00000085261,Gm13814,0,0,0,0,0,0,0,0,0,0,0,0
ENSMUSG00000085293,Gm13817,0,0,0,0,0,0,0,0,0,0,0,0
ENSMUSG00000080860,Gm13815,6,3,0,4,5,0,4,1,2,4,2,6
ENSMUSG00000099223,Mir7221,0,0,0,0,0,0,0,0,0,0,0,0
ENSMUSG00000098406,Mir7222,0,0,0,0,0,0,0,0,0,0,0,0
ENSMUSG00000027221,Chst1,12,12,14,10,12,10,5,10,7,7,8,4
ENSMUSG00000085976,Gm13816,0,0,0,0,0,0,0,0,0,0,0,0
ENSMUSG00000086980,Gm13791,0,0,0,0,0,0,0,0,0,0,0,0
ENSMUSG00000082700,Gm13792,0,0,0,0,0,0,0,0,0,0,0,0
ENSMUSG00000027220,Syt13,0,0,2,1,0,1,1,4,0,0,0,0
ENSMUSG00000000194,Gpr107,1245,1433,1117,1142,994,426,877,1189,1170,1102,877,919
ENSMUSG00000088891,Gm22516,1,0,1,3,0,0,4,0,0,0,0,0
ENSMUSG00000087430,Gm13405,0,0,0,0,0,1,0,0,0,0,0,0
ENSMUSG00000075028,Prdm11,155,174,108,106,110,37,78,94,124,159,138,150
ENSMUSG00000062661,Ncs1,6589,6807,5070,5091,4332,1669,3883,4634,5268,4900,3477,3642
ENSMUSG00000075027,4631405J19Rik,0,0,0,0,0,0,0,0,0,0,0,0
ENSMUSG00000087559,Gm13802,0,0,0,0,0,0,0,0,0,0,0,0
ENSMUSG00000053141,Ptprt,0,0,0,0,0,0,0,0,0,0,0,0
ENSMUSG00000084919,Ptprtos,0,0,0,0,0,0,0,0,0,0,0,0
ENSMUSG00000054457,9430021M05Rik,0,0,0,0,0,0,0,0,0,0,0,0
ENSMUSG00000087536,Gm14246,0,0,0,0,0,0,0,0,0,0,0,0
ENSMUSG00000077143,Gm22936,0,0,0,0,0,0,0,0,0,0,0,0
ENSMUSG00000082296,Gm11450,4,5,4,5,2,2,4,3,7,3,6,2
ENSMUSG00002076506,#N/A,0,0,0,0,0,0,0,0,0,0,0,0
ENSMUSG00000086030,Gm14255,0,0,0,0,0,0,0,0,0,0,0,0
ENSMUSG00000068735,Trp53i11,1143,1311,843,901,759,216,844,953,1081,927,702,703
ENSMUSG00000083567,Gm11451,2,0,3,3,3,2,6,4,2,1,1,3
ENSMUSG00000082514,Gm11452,0,0,0,0,0,0,0,0,0,0,0,0
ENSMUSG00000016921,Srsf6,11460,11487,9662,9944,10869,6326,9461,9985,11390,10351,10871,10244
ENSMUSG00000055632,Hmcn2,37,63,30,46,42,10,29,38,36,29,32,27
ENSMUSG00000027217,Tspan18,10,1,4,3,0,0,4,6,2,2,0,2
ENSMUSG00002075750,#N/A,0,0,0,0,0,0,0,0,0,0,0,0
ENSMUSG00000085852,Gm13807,0,0,0,0,0,5,0,1,0,0,0,0
ENSMUSG00000035576,L3mbtl1,0,0,0,1,0,0,0,0,1,3,0,0
ENSMUSG00000080962,Gm11453,17,15,17,13,7,1,22,10,20,13,9,15
ENSMUSG00000076441,Ass1,535,596,558,582,510,220,665,609,559,492,490,442
ENSMUSG00000084226,Gm13426,0,0,0,0,0,2,0,0,0,0,0,0
ENSMUSG00000051747,Ttn,11,10,8,13,13,26,2,13,11,26,22,24
ENSMUSG00000027361,Gabpb1,2246,2448,2047,2026,1963,1843,1823,2127,2121,2019,1780,1645
ENSMUSG00002075206,#N/A,2,4,3,0,2,2,0,1,1,1,3,0
ENSMUSG00000098024,Gm27003,10,13,12,9,22,11,10,15,11,13,23,18
ENSMUSG00000017868,Sgk2,0,0,0,0,0,0,0,0,0,0,0,0
ENSMUSG00000086354,Gm13938,0,2,0,0,0,0,0,0,0,0,0,0
ENSMUSG00000017858,Ift52,514,574,497,446,568,391,459,432,590,504,607,513
ENSMUSG00000026843,Fubp3,1291,1344,1111,1147,1109,682,962,1223,1252,1034,1135,1059
ENSMUSG00000098904,Mir6998,0,0,1,0,0,0,1,0,0,2,1,0
ENSMUSG00000085224,Gm13425,0,0,0,0,0,1,0,0,0,0,0,0
ENSMUSG00000079466,Prdm12,2,0,0,1,3,0,1,0,1,0,0,0
ENSMUSG00000083143,Gm13424,0,0,0,0,0,0,0,0,0,0,0,0
ENSMUSG00000017861,Mybl2,445,444,530,488,620,238,638,728,389,319,474,469
ENSMUSG00000099091,Mir7003,0,1,0,0,0,0,0,0,0,0,0,0
ENSMUSG00000070708,Gtsf1l,0,0,0,0,0,0,0,0,0,0,0,0
ENSMUSG00002076785,#N/A,0,0,0,0,0,0,0,0,0,0,0,0
ENSMUSG00000086152,Gm11454,0,0,1,0,0,0,0,0,0,0,0,0
ENSMUSG00000086036,Gm14254,0,0,0,0,0,0,0,0,0,0,0,0
ENSMUSG00000044033,Ccdc141,59,58,44,42,68,48,37,62,47,54,56,43
ENSMUSG00002075103,#N/A,0,0,0,0,0,0,0,0,0,0,0,0
ENSMUSG00000074607,Tox2,16,19,7,15,12,14,13,10,12,8,9,12
ENSMUSG00000039356,Exosc2,1919,2085,1646,1739,1888,823,1832,1883,1979,1681,1740,1586
ENSMUSG00000017817,Jph2,0,0,0,0,0,1,0,0,0,0,1,0
ENSMUSG00000087549,Gm13427,0,3,0,2,1,0,0,4,1,1,0,1
ENSMUSG00000035399,Oser1,74,87,60,73,63,74,66,104,97,63,65,44
ENSMUSG00000027363,Usp8,1503,1610,1196,1103,1297,1430,893,1382,1357,1236,1535,1307
ENSMUSG00000099632,2900093K20Rik,0,2,1,4,6,3,5,3,6,4,7,4
ENSMUSG00000042272,Sestd1,327,355,281,291,273,216,257,334,300,244,255,239
ENSMUSG00000084087,Gm13650,1,0,4,0,0,2,0,3,0,1,1,3
ENSMUSG00000081611,Gm13651,5,3,7,1,4,0,3,3,1,2,4,3
ENSMUSG00000085277,Gm13943,0,0,0,0,0,0,0,0,0,0,0,0
ENSMUSG00000082006,Gm13649,0,0,0,0,0,0,0,0,0,0,3,0
ENSMUSG00000027215,Cd82,16161,19063,12391,14000,11517,4765,12715,14015,15026,14567,9107,8707
ENSMUSG00000017943,Gdap1l1,0,1,1,2,0,0,0,0,3,1,1,0
ENSMUSG00000048486,Fitm2,488,505,399,437,407,148,347,417,404,423,343,383
ENSMUSG00000099238,Mir7001,2,1,4,1,3,2,1,5,3,3,1,4
ENSMUSG00000027364,Usp50,0,1,5,1,1,18,8,7,2,0,2,0
ENSMUSG00000053353,2310001K24Rik,0,0,0,0,0,0,0,1,0,0,1,0
ENSMUSG00000074846,Gm10774,0,0,0,0,0,0,0,0,0,0,0,0
ENSMUSG00000075025,Gm10804,1,1,4,0,3,5,2,1,4,2,1,1
ENSMUSG00000078949,R3hdml,0,0,0,0,0,0,0,0,0,0,0,0
ENSMUSG00000040310,Alx4,0,0,0,0,0,0,0,0,0,0,0,0
ENSMUSG00000046840,Hnf4aos,0,0,0,0,0,0,0,0,0,0,0,0
ENSMUSG00000026842,Abl1,1362,1345,1187,1098,1303,575,1044,1358,1335,1141,1264,1129
ENSMUSG00000118600,AL929275.1,0,0,0,0,0,0,0,0,0,0,0,0
ENSMUSG00000043102,Qrfp,1,4,3,0,0,1,2,1,0,0,1,1
ENSMUSG00000027016,Zfp385b,0,1,0,0,0,1,1,0,0,0,0,0
ENSMUSG00000026841,Fibcd1,8,5,6,4,10,3,4,2,9,9,8,4
ENSMUSG00000085845,Gm13944,0,0,0,0,0,0,0,0,0,0,0,0
ENSMUSG00000087102,Gm13661,0,0,0,0,0,2,0,0,0,0,0,0
ENSMUSG00000086356,Gm13441,0,0,0,0,0,0,0,0,0,0,0,0
ENSMUSG00000087353,Gm13727,0,0,0,0,0,0,0,0,0,0,0,0
ENSMUSG00000017950,Hnf4a,0,0,0,0,0,0,0,0,0,0,0,0
ENSMUSG00000004113,Cacna1b,6,7,6,10,1,4,2,2,6,1,4,7
ENSMUSG00000088408,Gm25881,0,0,0,0,0,0,0,0,0,0,0,0
ENSMUSG00000083973,Gm13459,0,0,0,0,0,0,0,0,0,0,0,0
ENSMUSG00000017679,Ttpal,1544,1719,1281,1369,1331,470,1033,1171,1368,1208,1168,1188
ENSMUSG00000027198,Ext2,1135,1183,698,731,805,317,783,790,935,827,882,852
ENSMUSG00000081353,Gm13818,0,0,0,1,1,0,1,0,0,0,0,0
ENSMUSG00000026840,Lamc3,3,0,0,0,1,3,0,0,1,1,1,2
ENSMUSG00000017707,Serinc3,2887,3202,2899,2883,3387,2648,3106,3367,2761,2534,3239,2819
ENSMUSG00000058812,0610039K10Rik,0,1,0,0,1,0,0,1,0,2,3,0
ENSMUSG00000001864,Aif1l,7,10,7,6,15,5,6,11,9,11,12,12
ENSMUSG00000085737,Gm13442,0,0,0,0,0,0,0,0,0,0,0,0
ENSMUSG00000035268,Pkig,59,74,57,40,69,24,49,48,68,33,79,71
ENSMUSG00000087129,Gm16316,0,0,0,0,0,0,0,0,0,0,0,0
ENSMUSG00000017697,Ada,152,178,120,142,116,46,141,150,142,131,150,112
ENSMUSG00000027365,Trpm7,1708,1736,1456,1291,1401,1071,908,1346,1370,1370,1638,1491
ENSMUSG00000040272,Accs,38,38,35,23,29,17,29,34,36,32,30,48
ENSMUSG00000027656,Ccn5,1,0,1,0,0,0,0,0,1,0,0,0
ENSMUSG00000035238,Kcnk15,0,0,0,0,0,2,0,0,0,0,0,0
ENSMUSG00000081894,Gm14212,0,0,0,0,0,0,0,0,0,0,0,0
ENSMUSG00000035226,Rims4,0,0,0,0,0,0,0,0,0,0,0,0
ENSMUSG00000075023,Accsl,1,0,0,0,0,4,0,0,0,0,0,0
ENSMUSG00000001855,Nup214,4223,4309,3669,3491,3552,2171,2902,4126,3546,3275,3622,3448
ENSMUSG00000083009,Gm1335,0,0,0,0,0,0,0,0,0,0,0,0
ENSMUSG00000018326,Ywhab,6083,6450,4856,4893,5005,3061,5121,5125,5597,5156,4760,4498
ENSMUSG00000087006,Gm13889,11,5,5,4,7,2,5,6,3,5,2,3
ENSMUSG00000098004,Gm27027,0,0,0,0,0,1,0,0,0,0,0,0
ENSMUSG00000027196,Alkbh3os1,0,0,0,0,0,0,0,0,0,0,0,0
ENSMUSG00000081480,Gm13608,6,3,11,2,1,0,5,7,8,9,1,3
ENSMUSG00000086192,Gm13609,1,0,0,0,0,0,0,0,3,0,0,2
ENSMUSG00000027366,Sppl2a,1850,1933,1610,1614,1412,1205,1421,1749,1740,1676,1687,1561
ENSMUSG00000054582,Pabpc1l,14,13,7,13,7,4,13,7,7,8,6,4
ENSMUSG00000098896,Mir3473g,0,0,0,2,0,0,0,1,3,0,1,0
ENSMUSG00000027014,Cwc22,1106,1249,909,922,1019,1119,821,1000,988,1022,1158,983
ENSMUSG00000050592,Fam78a,704,771,526,554,676,241,573,711,710,633,923,838
ENSMUSG00000081719,Gm13726,0,1,0,0,1,0,0,0,0,0,0,0
ENSMUSG00000090157,Gm16534,1,0,1,1,0,0,1,2,0,0,0,0
ENSMUSG00000099075,Mir7674,2,3,1,2,0,0,0,0,3,1,0,0
ENSMUSG00000085431,4930440I19Rik,0,0,0,0,0,0,0,0,0,1,0,0
ENSMUSG00000054510,Gm14461,0,0,0,0,0,0,0,0,0,0,0,0
ENSMUSG00000082701,Gm14460,0,0,0,0,0,0,0,0,0,0,0,0
ENSMUSG00002075043,#N/A,0,0,0,0,0,0,0,0,0,0,0,0
ENSMUSG00000082046,Gm14464,0,0,0,0,0,0,0,0,0,0,0,0
ENSMUSG00000051373,Plpp7,0,6,0,0,1,1,0,1,9,0,0,2
ENSMUSG00000084239,Gm14463,0,0,0,0,0,0,0,0,0,0,0,0
ENSMUSG00000084101,Gm17014,0,1,0,0,0,0,0,0,0,0,0,0
ENSMUSG00000018322,Tomm34,1593,1653,1282,1273,1341,1010,1233,1303,1531,1365,1514,1385
ENSMUSG00000027011,Ube2e3,555,516,477,522,555,249,527,596,626,573,505,439
ENSMUSG00000102286,Gm37004,2,0,2,1,2,1,2,2,0,0,2,0
ENSMUSG00000083950,Gm14466,0,0,0,0,0,0,0,0,0,0,0,0
ENSMUSG00000080984,Gm14469,0,0,0,0,0,0,0,0,0,0,0,0
ENSMUSG00000083691,Gm14465,0,0,0,0,0,0,0,0,0,0,0,0
ENSMUSG00000018209,Stk4,2563,2872,2425,2574,2721,1853,2262,3005,2622,2352,2568,2285
ENSMUSG00000085538,Gm11455,3,5,1,1,2,5,0,2,6,2,1,0
ENSMUSG00002076528,#N/A,0,0,0,0,0,0,0,0,0,0,0,0
ENSMUSG00000040164,Kcns1,82,65,72,82,29,10,40,56,101,83,51,53
ENSMUSG00000040174,Alkbh3,449,585,427,406,399,193,422,424,455,414,403,322
ENSMUSG00000040154,Wfdc5,0,0,0,0,0,0,0,0,0,0,0,0
ENSMUSG00000085649,A730032A03Rik,0,0,0,0,0,0,0,0,0,0,0,0
ENSMUSG00000042845,Wfdc12,0,0,0,0,0,1,0,0,0,0,0,0
ENSMUSG00000001998,Ap4e1,511,570,497,446,476,269,283,429,464,490,450,448
ENSMUSG00000051769,Wfdc15a,0,0,0,0,0,0,0,0,0,0,0,0
ENSMUSG00002076437,#N/A,0,0,1,0,0,0,0,0,0,0,0,0
ENSMUSG00000018211,Wfdc15b,0,0,0,0,0,0,0,0,0,0,0,0
ENSMUSG00000040132,Svs2,0,0,0,0,0,0,0,0,0,0,0,0
ENSMUSG00000027195,Hsd17b12,3282,3621,2802,2895,3089,1668,2682,2847,3254,2950,2982,2681
ENSMUSG00000050383,Svs3b,0,0,0,0,0,0,0,0,0,0,0,0
ENSMUSG00000016998,Svs4,0,0,0,0,0,0,0,0,0,0,0,0
ENSMUSG00000075020,Mir670hg,0,0,0,0,0,3,0,1,0,0,0,0
ENSMUSG00002075240,#N/A,0,0,0,0,0,0,0,0,0,0,0,0
ENSMUSG00000065511,Mir129-2,0,0,0,0,0,0,0,0,0,0,0,0
ENSMUSG00000106336,Mir129b,0,0,0,0,0,0,0,0,0,0,0,0
ENSMUSG00000076335,Mir670,0,0,0,0,0,0,0,0,0,0,0,0
ENSMUSG00000017003,Svs3a,0,0,0,0,0,0,0,0,0,0,0,0
ENSMUSG00000027009,Itga4,848,927,760,797,948,931,579,903,815,1023,1051,991
ENSMUSG00000017000,Svs6,0,0,0,0,0,0,0,0,0,0,0,0
ENSMUSG00000017004,Svs5,0,0,0,0,0,0,0,0,0,0,0,0
ENSMUSG00000001999,Blvra,369,471,294,320,344,189,407,330,392,322,417,379
ENSMUSG00000017002,Slpi,5,23,32,39,34,4,40,36,19,14,12,12
ENSMUSG00000098489,Mir7678,0,0,0,0,0,0,0,0,0,0,0,0
ENSMUSG00000075256,Cerkl,4,6,6,11,8,8,2,9,5,3,11,8
ENSMUSG00000088915,Gm22606,0,0,0,0,0,0,0,0,0,0,0,0
ENSMUSG00000081284,Gm13673,0,0,0,0,0,1,0,0,0,0,0,0
ENSMUSG00000034701,Neurod1,0,0,0,0,0,0,0,1,0,0,0,0
ENSMUSG00000034906,Ncaph,532,542,579,580,1072,714,841,880,586,515,815,720
ENSMUSG00000074825,Itpripl1,609,702,534,491,533,236,575,654,509,472,537,458
ENSMUSG00000027194,Ttc17,1073,1059,882,857,772,593,649,879,905,953,766,670
ENSMUSG00000044145,1810024B03Rik,33,19,23,18,27,18,21,20,23,21,26,24
ENSMUSG00000081476,Itpa-ps1,3,4,4,4,2,0,2,1,0,5,2,1
ENSMUSG00000045464,2810002D19Rik,32,46,61,52,49,33,42,44,42,31,65,45
ENSMUSG00000016995,Matn4,0,0,0,0,0,0,0,0,0,0,0,0
ENSMUSG00000027193,Api5,4811,5064,4311,4206,4252,2854,3782,4211,4896,4331,4234,3970
ENSMUSG00002076416,#N/A,0,0,0,0,0,0,0,0,0,0,0,0
ENSMUSG00000017007,Rbpjl,0,0,0,0,0,3,0,0,0,0,1,0
ENSMUSG00000083204,Gm13788,0,0,0,0,0,0,0,0,0,0,0,0
ENSMUSG00000077678,Gm24318,0,0,0,0,0,0,0,0,0,0,0,0
ENSMUSG00000087069,Gm13793,0,0,0,0,0,0,0,0,0,0,0,0
ENSMUSG00000119846,#N/A,0,0,0,0,0,0,0,0,0,0,0,0
ENSMUSG00000084906,Gm13794,0,0,0,0,0,0,0,0,0,0,0,0
ENSMUSG00000081757,Gm13798,0,0,0,0,0,0,0,0,0,0,0,0
ENSMUSG00000083846,Gm13797,0,0,0,0,0,0,0,0,0,0,0,0
ENSMUSG00000087537,Gm13799,0,0,0,0,0,0,0,0,0,0,0,0
ENSMUSG00000017009,Sdc4,127,179,153,177,127,61,134,153,124,100,61,51
ENSMUSG00000104258,Gm37175,0,0,0,0,0,0,0,0,0,0,0,0
ENSMUSG00000082327,Gm13801,0,0,0,0,0,0,0,0,0,0,0,0
ENSMUSG00000050587,Lrrc4c,0,0,0,0,1,8,1,0,0,0,1,0
ENSMUSG00000091061,4930445B16Rik,0,0,0,0,0,0,0,0,0,0,0,0
ENSMUSG00000003660,Snrnp200,8727,9362,7429,7432,7048,4316,5247,7582,8079,7478,7691,6744
ENSMUSG00000091288,Gm17075,0,0,0,0,0,0,0,0,0,0,0,0
ENSMUSG00000090449,Gm17076,0,0,0,0,0,0,0,0,0,0,0,0
ENSMUSG00002076404,#N/A,0,0,0,0,0,0,0,0,0,0,0,0
ENSMUSG00000088633,Gm22313,0,0,0,0,0,0,0,0,0,0,0,0
ENSMUSG00002076778,#N/A,0,0,0,0,0,0,0,0,0,0,0,0
ENSMUSG00002076232,#N/A,0,0,0,0,0,0,0,0,0,0,0,0
ENSMUSG00000082820,Gm13803,0,3,0,0,0,1,2,1,1,0,0,1
ENSMUSG00000080802,Gm13804,0,0,0,0,1,0,0,0,0,0,0,0
ENSMUSG00000082862,Gm13806,0,0,0,0,0,0,0,0,0,0,0,0
ENSMUSG00000075015,Gm10801,2,1,1,4,18,144,6,2,3,1,24,1
ENSMUSG00000045503,Sys1,424,526,354,356,349,111,406,386,472,370,337,357
ENSMUSG00000075014,Gm10800,5,5,6,5,45,525,23,7,0,4,71,4
ENSMUSG00000101186,Gm29235,0,0,0,0,0,0,0,0,0,0,0,0
ENSMUSG00000085760,Gm14302,0,0,2,0,1,1,1,1,0,0,1,1
ENSMUSG00000084313,Gm13809,0,1,2,0,0,0,1,0,0,1,0,1
ENSMUSG00000090996,Gm20458,0,0,0,0,0,0,0,0,0,0,0,0
ENSMUSG00000082259,Gm13808,0,0,0,0,0,0,0,0,0,0,0,0
ENSMUSG00000084209,Gm13811,0,0,0,0,0,0,0,0,0,0,0,0
ENSMUSG00000082435,Gm13813,0,0,0,0,0,0,0,0,0,0,0,0
ENSMUSG00000094873,Gm13812,0,0,0,0,0,0,0,0,0,0,0,0
ENSMUSG00000095203,Gm13810,0,0,0,0,0,0,0,0,0,0,0,0
ENSMUSG00000017720,Trp53tg5,0,0,0,0,0,0,0,0,0,0,0,0
ENSMUSG00000003662,Ciao1,772,796,677,680,773,449,706,753,703,622,706,640
ENSMUSG00000034850,Tmem127,1726,1891,1452,1391,1436,840,1253,1527,1615,1431,1359,1270
ENSMUSG00000103957,Gm10766,2,1,4,3,8,1,2,3,5,1,3,1
ENSMUSG00000027007,Itprid2,1007,1078,796,856,654,390,555,858,852,839,638,590
ENSMUSG00000017734,Dbndd2,9,6,11,7,9,7,3,8,1,4,5,6
ENSMUSG00000034683,Ppp1r1c,0,0,0,0,0,0,0,0,0,0,0,0
ENSMUSG00000027367,Stard7,2785,3002,2325,2411,2404,964,2277,2338,2786,2449,2212,2394
ENSMUSG00000039262,Prrc2b,7133,7132,6563,6307,6170,3307,5243,7624,5803,5580,5882,5697
ENSMUSG00000027368,Dusp2,7725,9057,6873,7297,6409,1579,5743,5360,7234,6483,4707,4968
ENSMUSG00002076731,#N/A,0,0,0,0,0,0,0,0,1,0,0,0
ENSMUSG00000119688,#N/A,1,4,2,2,3,0,0,1,0,1,2,0
ENSMUSG00000017721,Pigt,1898,1960,1468,1531,1593,886,1416,1609,1741,1546,1722,1553
ENSMUSG00000119104,#N/A,0,0,3,1,0,1,7,4,1,2,1,0
ENSMUSG00000027165,B230118H07Rik,3,8,9,10,6,4,9,18,11,7,15,2
ENSMUSG00000086216,Gm13610,3,4,4,3,3,0,4,4,4,1,6,5
ENSMUSG00000086179,Gm14317,0,0,0,1,0,0,0,0,0,0,0,0
ENSMUSG00000093614,Gm20693,0,0,0,0,0,0,0,0,0,0,0,0
ENSMUSG00000032864,Rag2,0,0,0,0,0,0,0,0,0,0,0,0
ENSMUSG00000061311,Rag1,1,0,2,1,2,1,0,1,2,0,1,1
ENSMUSG00000017723,Wfdc2,0,1,0,0,0,0,1,1,0,0,0,0
ENSMUSG00000074596,Spint3,0,0,0,0,0,0,0,0,0,0,0,0
ENSMUSG00000027164,Traf6,2857,2959,2444,2206,2004,1247,1821,2446,2657,2491,2116,1926
ENSMUSG00000074595,Wfdc6a,0,0,0,0,0,0,0,0,0,0,0,0
ENSMUSG00000017733,Eppin,0,0,0,0,0,0,0,0,0,0,0,0
ENSMUSG00000070533,Wfdc8,0,0,0,0,0,0,0,0,0,0,0,0
ENSMUSG00000065797,Gm25512,0,0,0,0,0,0,0,0,0,0,0,0
ENSMUSG00000050468,Astl,12,13,5,7,8,3,3,9,14,8,4,9
ENSMUSG00000070531,Wfdc6b,0,0,0,0,0,0,0,0,0,0,0,0
ENSMUSG00000077671,Gm24473,0,0,0,0,0,0,0,0,0,0,0,0
ENSMUSG00000058620,Adra2b,1,0,0,4,2,13,0,1,1,1,2,2
ENSMUSG00000070530,Wfdc16,0,0,0,0,0,0,0,0,0,0,0,0
ENSMUSG00000083740,Gm11456,0,1,0,0,0,0,0,0,0,0,1,0
ENSMUSG00000074594,Wfdc9,0,0,0,0,0,0,0,0,0,0,0,0
ENSMUSG00000070529,Wfdc10,0,0,0,0,0,0,0,0,0,0,0,0
ENSMUSG00000078940,Wfdc11,0,0,0,0,0,0,0,0,0,0,0,0
ENSMUSG00000067704,Wfdc13,0,0,0,0,0,1,0,0,0,0,0,0
ENSMUSG00000017310,Spint4,0,0,0,0,0,0,0,0,0,0,0,0
ENSMUSG00000074593,Spint5,0,0,0,0,0,0,0,0,0,0,0,0
ENSMUSG00000039254,Pomt1,466,447,312,329,401,195,282,337,399,337,383,364
ENSMUSG00000046338,Gpat2,14,24,13,27,0,2,0,1,0,0,0,2
ENSMUSG00000076434,Wfdc3,1,0,1,0,0,0,3,2,1,0,1,1
ENSMUSG00000027371,Fahd2a,41,60,32,38,54,16,36,30,46,45,48,46
ENSMUSG00000002550,Uck1,293,331,259,301,316,126,258,286,341,289,290,311
ENSMUSG00000032841,Prr5l,133,144,129,135,148,44,113,117,113,145,69,68
ENSMUSG00000066068,Gm13611,1,0,0,0,0,0,0,0,2,0,0,0
ENSMUSG00000017299,Dnttip1,625,618,524,517,526,272,513,495,532,553,528,402
ENSMUSG00000087465,Gm13905,0,0,0,0,0,0,0,0,0,0,0,0
ENSMUSG00000086453,Gm11457,11,16,15,9,23,11,7,18,13,11,22,18
ENSMUSG00002075137,#N/A,7,5,8,2,3,1,4,1,8,3,4,5
ENSMUSG00000027163,Commd9,134,171,142,149,126,51,153,149,152,100,97,103
ENSMUSG00000001403,Ube2c,1560,1944,2139,2185,3492,1992,3246,2955,1686,1421,2574,2190
ENSMUSG00000036893,Ehmt1,1973,2034,1796,1723,1905,1076,1559,1969,1903,1721,1807,1601
ENSMUSG00000079056,Kcnip3,6,2,1,7,7,2,5,3,3,1,8,6
ENSMUSG00000017300,Tnnc2,12,14,9,5,10,9,10,15,9,6,4,3
ENSMUSG00002076675,#N/A,0,0,0,0,0,0,0,0,0,0,0,0
ENSMUSG00000048058,Ldlrad3,156,161,139,134,167,112,114,169,149,133,151,142
ENSMUSG00000118630,AL731831.1,0,0,0,0,0,0,0,0,0,0,0,0
ENSMUSG00000085417,Gm13919,0,0,0,0,0,0,0,0,0,0,0,0
ENSMUSG00000085110,Gm13920,0,0,0,0,0,0,0,0,0,0,0,0
ENSMUSG00000103162,Gm38147,5,7,8,7,2,6,5,9,4,2,2,2
ENSMUSG00000082328,Gm13921,1,1,1,0,2,0,0,0,0,0,0,0
ENSMUSG00000102875,Gm37139,3,2,12,9,15,7,5,10,3,5,8,7
ENSMUSG00000081774,Gm13866,0,0,0,0,0,0,0,0,0,0,0,0
ENSMUSG00000050373,Snx21,22,35,30,26,36,12,24,51,17,18,24,26
ENSMUSG00000044627,Swi5,1798,1867,1645,1606,2060,1684,1927,2089,1793,1532,2160,1854
ENSMUSG00000027189,Trim44,3416,3370,2873,2652,2951,2290,2178,2749,3156,2899,3263,3003
ENSMUSG00000083306,Gm13868,2,2,5,2,1,0,1,4,2,3,0,3
ENSMUSG00000075012,Fjx1,65,61,86,111,78,22,48,72,75,52,44,45
ENSMUSG00000017307,Acot8,233,255,209,231,250,58,221,208,243,178,222,231
ENSMUSG00000045822,Zswim3,101,139,74,74,140,60,109,96,92,67,122,104
ENSMUSG00000027188,Pamr1,0,0,0,0,0,0,0,0,0,0,0,0
ENSMUSG00000059173,Pde1a,7,4,5,3,8,5,7,5,6,6,2,5
ENSMUSG00000017764,Zswim1,320,339,231,285,219,123,260,286,298,282,224,226
ENSMUSG00000083519,Gm13674,0,0,0,0,0,0,0,0,0,0,0,0
ENSMUSG00000050114,Prdx6b,0,1,0,0,0,0,0,2,0,1,0,0
ENSMUSG00000017767,Spata25,0,0,0,0,2,1,0,0,0,0,1,0
ENSMUSG00000039873,Neurl2,3,3,3,0,1,0,0,1,4,2,2,4
ENSMUSG00000026972,Arrdc1,440,501,342,376,391,140,417,412,445,395,387,423
ENSMUSG00002075034,#N/A,0,0,0,0,0,0,0,0,0,0,0,1
ENSMUSG00000027376,Prom2,0,0,0,0,0,1,0,0,0,0,1,0
ENSMUSG00000083648,Gm14229,0,0,0,0,0,0,0,0,0,0,0,0
ENSMUSG00000026974,Zmynd19,3098,3204,2395,2528,2371,1129,2382,2489,2876,2642,2336,2291
ENSMUSG00000027006,Dnajc10,1404,1716,1218,1277,1315,708,1043,1316,1350,1311,1229,1151
ENSMUSG00000085921,Gm13752,0,0,0,0,0,0,0,0,0,0,0,0
ENSMUSG00000034800,Zfp661,118,141,89,80,127,83,71,93,92,99,138,115
ENSMUSG00000027004,Frzb,1,1,2,1,1,4,2,2,3,2,4,5
ENSMUSG00000082494,Gm13687,0,0,0,0,0,0,0,0,0,0,0,0
ENSMUSG00000026975,Dph7,331,389,292,305,316,163,287,312,329,269,344,286
ENSMUSG00000027374,Mrps5,1110,1165,896,984,1112,684,923,1003,1139,970,1184,1025
ENSMUSG00000036850,Mrpl41,317,354,245,274,341,187,315,273,367,353,355,388
ENSMUSG00000005089,Slc1a2,319,359,241,215,242,142,122,137,200,203,156,159
ENSMUSG00000027375,Mal,0,0,0,0,0,0,0,0,0,0,0,1
ENSMUSG00000087185,Gm13872,0,0,0,0,0,0,0,0,0,0,0,0
ENSMUSG00000017760,Ctsa,1290,1593,1044,1188,806,421,982,1171,1242,1098,943,797
ENSMUSG00000017754,Pltp,13,20,14,21,5,4,12,14,19,12,3,7
ENSMUSG00000027002,Nckap1,835,909,784,718,559,437,565,707,644,613,647,584
ENSMUSG00000039849,Pcif1,891,954,720,820,826,264,743,850,884,779,756,793
ENSMUSG00000081487,Gm13689,0,0,4,0,2,1,0,1,1,0,4,4
ENSMUSG00000064669,Gm24461,0,0,0,0,0,0,0,0,0,0,0,0
ENSMUSG00000083284,Gm13688,0,0,2,0,0,0,0,0,0,0,1,0
ENSMUSG00000027001,Dusp19,52,66,68,52,94,62,64,49,71,45,85,78
ENSMUSG00000027380,Acoxl,15,33,28,40,25,7,28,32,33,13,4,9
ENSMUSG00000088175,Gm23101,0,0,0,0,0,0,0,0,0,0,0,0
ENSMUSG00000039834,Zfp335,1536,1742,1262,1264,1141,540,1037,1405,1270,1221,1106,1063
ENSMUSG00000026999,Nup35,141,198,152,141,172,94,171,174,163,134,167,132
ENSMUSG00000085436,Zfp335os,42,46,38,48,25,15,39,43,30,33,31,27
ENSMUSG00000002546,Golga2,1343,1333,972,1016,956,574,812,1090,1187,1080,1045,1006
ENSMUSG00000106252,Mir684-1,0,0,0,0,0,0,0,0,0,0,0,0
ENSMUSG00000086436,Gm13690,0,0,0,0,0,0,0,0,0,0,0,1
ENSMUSG00000077404,Gm25420,0,0,0,0,0,0,0,0,0,0,0,0
ENSMUSG00000064193,Gm4735,0,0,0,1,2,1,1,0,4,0,2,0
ENSMUSG00000065141,Gm22652,0,0,0,0,0,0,0,0,0,0,0,0
ENSMUSG00000084107,Gm13700,0,0,0,1,0,0,0,0,0,0,0,0
ENSMUSG00000084297,Gm13755,0,0,0,0,0,0,0,0,0,0,0,0
ENSMUSG00000081566,Gm13756,0,0,0,0,0,0,0,0,0,0,0,0
ENSMUSG00000119241,#N/A,0,0,0,0,0,0,0,0,0,0,0,0
ENSMUSG00002075074,#N/A,0,0,0,0,0,0,0,0,0,0,0,0
ENSMUSG00000070866,Zfp804a,0,0,0,0,0,5,0,0,0,0,0,0
ENSMUSG00000082666,Gm13677,1,2,0,0,1,0,1,1,1,1,0,1
ENSMUSG00000087061,A130030D18Rik,0,0,0,0,0,0,0,0,0,0,0,0
ENSMUSG00000080979,Gm13675,1,0,0,0,0,0,0,0,0,0,0,0
ENSMUSG00000083804,Gm13676,0,0,0,0,0,0,0,0,0,0,0,0
ENSMUSG00000081122,Gm13678,0,0,0,0,0,0,0,0,0,0,0,0
ENSMUSG00000036833,Pnpla7,339,287,252,231,236,124,175,231,268,252,310,348
ENSMUSG00000017737,Mmp9,21,25,11,22,3,2,11,15,10,9,2,4
ENSMUSG00000075249,Fsip2,0,0,0,0,0,0,0,0,0,0,0,0
ENSMUSG00000102082,Gm28675,0,0,0,0,0,0,0,0,0,0,0,0
ENSMUSG00000081400,Gm13680,7,8,4,9,9,2,11,7,6,7,2,5
ENSMUSG00000083291,Gm13679,0,0,0,0,2,0,0,0,1,0,0,0
ENSMUSG00000080925,Gm13682,0,0,0,0,0,0,0,0,0,0,0,0
ENSMUSG00000083389,Gm13681,0,0,0,0,0,0,0,0,0,0,0,0
ENSMUSG00000080949,Gm13683,0,0,0,0,0,0,0,0,0,0,0,0
ENSMUSG00000082460,Gm13685,0,0,0,0,0,0,0,0,0,0,0,0
ENSMUSG00000027381,Bcl2l11,8690,9010,8171,8208,6490,3012,6000,7510,9048,8666,4809,4612
ENSMUSG00000084383,Gm13370,0,0,0,0,0,0,0,0,0,0,2,0
ENSMUSG00000083796,Gm13369,1,2,1,0,0,3,1,0,1,1,0,1
ENSMUSG00000118741,#N/A,0,0,0,0,0,0,0,0,0,0,0,0
ENSMUSG00000089513,Gm24875,0,0,0,0,0,0,0,0,0,0,0,0
ENSMUSG00000027091,Zc3h15,3371,3775,3035,3102,3312,3038,2927,3203,3184,3153,3168,2632
ENSMUSG00000085450,Gm13686,0,0,0,0,0,0,0,0,0,0,0,0
ENSMUSG00000074813,Morrbid,593,611,712,669,637,386,621,720,573,474,304,350
ENSMUSG00000085750,Gm14009,0,0,0,0,2,0,1,1,0,1,0,0
ENSMUSG00000079053,Gm14010,0,1,1,3,1,1,2,0,1,0,1,0
ENSMUSG00000114963,Gm29010,2,6,4,8,0,4,3,1,6,3,1,0
ENSMUSG00000082671,Gm14006,9,8,14,12,7,2,15,16,6,10,7,10
ENSMUSG00000082350,Gm14008,0,0,0,0,0,0,0,0,0,0,0,0
ENSMUSG00000074812,Spdye4c,0,0,0,0,0,0,0,0,0,0,0,0
ENSMUSG00000109931,Gm39929,2,3,3,8,4,0,5,1,1,0,1,2
ENSMUSG00000080789,Gm14007,0,0,0,0,0,0,0,0,0,0,0,0
ENSMUSG00000027087,Itgav,5851,6176,6033,5918,4480,3648,3816,5958,4715,4527,3600,3393
ENSMUSG00000085335,Gm13684,0,0,0,0,0,0,0,0,0,0,0,0
ENSMUSG00000081801,Dnmt3l-ps1,0,0,0,0,0,0,0,0,0,0,0,0
ENSMUSG00000048388,Fam171b,27,31,48,49,40,15,42,39,25,24,20,22
ENSMUSG00000034552,Zswim2,0,0,0,0,0,0,0,0,0,0,1,0
ENSMUSG00000014355,Anapc1,4916,5289,4474,4278,4873,2670,3063,4489,4640,4132,4607,4483
ENSMUSG00000094125,Gm13698,0,0,0,0,0,0,0,0,0,0,0,0
ENSMUSG00000014361,Mertk,2,1,1,0,2,2,0,3,0,3,1,0
ENSMUSG00000085036,Gm14011,0,0,0,0,0,0,0,0,0,0,0,0
ENSMUSG00002074943,#N/A,0,0,0,0,0,0,0,0,0,0,0,0
ENSMUSG00000017740,Slc12a5,2,2,2,0,3,2,3,3,2,1,5,3
ENSMUSG00000094336,Gm13693,0,0,0,0,0,0,0,0,0,0,0,0
ENSMUSG00000039804,Ncoa5,2586,2830,2057,2268,2230,1186,1927,2339,2486,2386,2230,2063
ENSMUSG00000096729,Gm13695,0,0,0,0,0,0,0,0,0,0,0,0
ENSMUSG00000014353,Tmem87b,479,495,426,427,413,310,348,446,415,424,401,380
ENSMUSG00000027386,Fbln7,0,1,0,0,0,1,0,0,0,0,0,0
ENSMUSG00002075190,#N/A,0,0,0,0,0,0,0,0,0,0,0,0
ENSMUSG00000096484,Gm13696,0,0,0,0,0,0,0,0,0,0,0,0
ENSMUSG00000027387,Zc3h8,274,293,250,236,330,232,292,296,273,267,346,340
ENSMUSG00000082339,Gm14028,0,0,0,0,0,0,0,0,0,0,0,0
ENSMUSG00000087267,4933427J07Rik,0,0,0,0,0,0,0,0,0,0,0,0
ENSMUSG00000074807,Gm10762,90,96,82,53,77,32,93,77,100,80,77,81
ENSMUSG00000042851,Zc3h6,38,35,35,23,31,28,23,31,36,24,43,42
ENSMUSG00000090248,Gm14027,0,0,0,2,0,1,0,1,0,1,3,0
ENSMUSG00000017652,Cd40,11,12,8,6,3,3,21,10,10,10,10,4
ENSMUSG00000079051,Vinac1,1,0,0,0,0,0,0,0,0,0,0,0
ENSMUSG00000087151,Gm14022,0,1,0,0,1,0,0,0,0,0,1,0
ENSMUSG00000078935,1700025C18Rik,0,0,0,0,0,0,0,0,0,0,0,0
ENSMUSG00000096337,Gm13694,0,0,0,0,0,0,0,0,0,0,0,0
ENSMUSG00000027394,Ttl,209,276,180,219,236,132,186,296,215,197,190,177
ENSMUSG00000053166,Cdh22,0,0,0,0,0,1,0,0,0,0,0,0
ENSMUSG00000086630,Gm14397,0,0,0,0,0,0,0,0,0,0,0,0
ENSMUSG00000087800,Gm25569,0,0,0,0,0,0,0,0,0,0,0,0
ENSMUSG00000095824,Gm13697,0,0,0,0,0,0,0,0,0,0,0,0
ENSMUSG00000027395,Polr1b,6005,6602,5041,5099,4714,2026,3944,4773,5612,5370,4713,4508
ENSMUSG00000079247,Gm13691,0,0,0,0,0,0,0,0,0,0,0,0
ENSMUSG00000084359,Gm13692,0,0,0,0,0,0,0,0,0,0,0,0
ENSMUSG00000081980,Gm13702,0,0,0,0,0,0,0,0,0,0,0,0
ENSMUSG00002075337,#N/A,0,0,0,0,0,0,0,0,0,0,0,0
ENSMUSG00000084198,Gm13711,0,0,0,0,0,0,0,0,0,0,0,0
ENSMUSG00000037938,Chchd5,121,143,131,125,109,67,132,112,150,114,93,100
ENSMUSG00000084826,AI847159,5,4,2,1,2,4,1,6,3,1,2,7
ENSMUSG00000082274,Gm14026,6,6,4,1,8,11,3,4,9,3,5,5
ENSMUSG00000086652,Gm14029,13,10,6,4,9,4,9,7,5,12,11,8
ENSMUSG00000103532,Gm4430,1,11,2,5,8,2,8,1,4,4,7,8
ENSMUSG00000103009,Gm4430,169,171,132,151,147,59,137,141,191,151,127,124
ENSMUSG00000005087,Cd44,28400,30350,22298,22087,23744,18688,14582,18635,23893,22156,20439,18373
ENSMUSG00000119260,#N/A,0,0,0,0,0,0,0,0,0,0,0,0
ENSMUSG00000059588,Calcrl,2502,2485,1000,988,563,575,595,916,945,1015,1196,1114
ENSMUSG00000027397,Slc20a1,5372,5958,4721,4792,4098,2134,3947,4724,4562,4494,3903,3701
ENSMUSG00000010914,Pdhx,731,758,585,654,676,404,603,691,685,596,512,481
ENSMUSG00000087528,9830144P21Rik,2,2,1,1,1,1,1,0,2,1,2,1
ENSMUSG00000056738,A730036I17Rik,0,0,0,0,0,0,0,0,0,0,0,0
ENSMUSG00000085485,Gm14024,0,0,0,0,0,2,0,0,0,1,0,0
ENSMUSG00000010911,Apip,132,186,136,106,143,146,130,129,140,120,167,175
ENSMUSG00000048327,Ckap2l,778,953,714,778,1094,1171,830,1103,754,618,977,881
ENSMUSG00000058281,Gm10038,0,0,0,0,1,6,1,0,0,0,0,0
ENSMUSG00000085498,Gm14023,5,9,0,2,9,4,8,2,2,2,4,5
ENSMUSG00000087032,Gm13874,0,0,0,0,0,0,0,0,0,0,0,0
ENSMUSG00000086957,Gm13869,0,0,0,0,0,0,0,0,0,0,0,0
ENSMUSG00000084385,Gm13873,0,0,0,0,0,0,0,0,0,0,0,0
ENSMUSG00000027399,Il1a,3841,4225,2933,3129,910,728,1860,2083,1665,1646,851,797
ENSMUSG00000065057,Gm25703,0,0,0,0,0,0,0,0,0,0,0,0
ENSMUSG00000082097,Gm14039,0,0,0,0,0,0,0,0,1,0,0,1
ENSMUSG00000027398,Il1b,1,1,1,1,0,1,0,0,0,0,0,0
ENSMUSG00000074805,Il1bos,3,5,6,5,6,2,4,4,7,6,4,2
ENSMUSG00000081888,Spcs2-ps,3,1,1,2,0,1,2,0,2,1,0,0
ENSMUSG00000043727,F830045P16Rik,0,0,0,0,0,0,0,0,1,0,0,0
ENSMUSG00000086637,Gm14040,0,0,0,0,0,0,0,0,0,0,0,0
ENSMUSG00000087015,Gm14041,0,0,0,0,0,0,0,0,0,0,0,0
ENSMUSG00000017664,Slc35c2,1162,1401,980,990,1181,370,999,1004,1190,1030,1144,1088
ENSMUSG00000012350,Ehf,0,0,0,0,0,2,0,0,0,0,0,0
ENSMUSG00000087278,A930006I01Rik,0,0,0,0,0,3,0,0,0,0,0,0
ENSMUSG00000102686,Gm37220,0,0,0,0,0,0,0,0,0,0,0,0
ENSMUSG00000070794,BC016548,0,0,0,0,0,0,0,0,0,0,0,0
ENSMUSG00000027082,Tfpi,196,211,116,117,167,188,151,165,132,97,271,234
ENSMUSG00000087362,Gm13710,0,1,0,1,1,5,0,0,0,0,1,0
ENSMUSG00000118570,AL928616.2,0,0,0,0,0,0,0,0,0,0,0,0
ENSMUSG00000118521,AL928616.1,0,0,0,0,0,0,0,0,0,0,0,0
ENSMUSG00000027186,Elf5,0,0,0,0,0,0,0,0,0,0,0,0
ENSMUSG00000027187,Cat,559,600,485,485,610,569,580,604,575,522,591,508
ENSMUSG00000081687,Gm13996,0,0,0,0,0,0,0,0,0,0,0,0
ENSMUSG00000006476,Nsmf,816,860,577,556,631,210,561,598,714,685,566,497
ENSMUSG00002075528,#N/A,0,0,0,0,0,0,0,0,0,0,0,0
ENSMUSG00000099320,Mir7664,1,0,0,2,0,0,1,0,0,0,0,0
ENSMUSG00000032724,Abtb2,2703,3241,2331,2499,1523,526,1585,1925,2086,2014,1318,1284
ENSMUSG00000037902,Sirpa,0,2,3,1,1,5,0,0,0,0,1,2
ENSMUSG00000027400,Pdyn,0,0,0,0,0,0,0,0,0,0,0,0
ENSMUSG00000084328,Gm14046,6,1,2,3,4,0,1,3,9,3,1,2
ENSMUSG00000036813,Entpd8,0,0,0,0,0,0,0,0,0,0,0,0
ENSMUSG00000037885,Stk35,849,873,737,741,759,305,730,851,716,697,699,667
ENSMUSG00000100255,Gm28196,0,0,0,0,0,0,0,0,0,0,0,0
ENSMUSG00000027401,Tgm3,0,0,0,0,0,0,0,1,0,0,0,0
ENSMUSG00000098347,Mir6339,0,0,0,0,0,0,0,0,0,0,0,0
ENSMUSG00000089152,Gm22424,0,0,0,0,0,0,0,0,0,0,0,0
ENSMUSG00000077348,Gm24665,0,0,0,0,0,0,0,0,0,0,0,0
ENSMUSG00000036805,Noxa1,0,0,0,0,0,0,0,0,0,0,0,0
ENSMUSG00000118563,AL732309.1,0,0,0,0,0,0,0,0,0,0,0,0
ENSMUSG00000087028,Gm13387,0,0,1,0,1,0,0,0,0,0,0,0
ENSMUSG00000078202,Nrarp,18,28,38,46,42,25,45,55,18,21,28,35
ENSMUSG00000103217,Gm38287,0,0,0,0,1,0,0,0,0,0,0,0
ENSMUSG00000059555,Tor4a,959,1003,713,742,761,371,636,778,916,850,976,861
ENSMUSG00000027185,Nat10,5118,5634,4536,4499,4302,2588,3585,4679,4792,4439,4611,4337
ENSMUSG00000026825,Dnm1,91,129,125,127,28,28,124,134,63,80,13,11
ENSMUSG00000013465,Nelfb,1266,1299,1104,1101,1003,399,982,1104,1174,1055,1010,973
ENSMUSG00000064919,Gm22572,0,0,0,0,0,0,0,0,0,0,0,0
ENSMUSG00000092765,Gm23363,0,0,0,0,0,0,0,0,0,0,0,0
ENSMUSG00000092807,Mir199b,0,0,0,0,0,0,0,0,0,0,0,0
ENSMUSG00000036770,Stpg3,0,0,2,1,0,0,2,2,0,0,0,0
ENSMUSG00000026969,Fam166a,0,0,0,0,0,0,0,0,0,0,1,0
ENSMUSG00000036752,Tubb4b,1939,1771,1461,1557,2038,842,1959,2137,1777,1508,1863,1859
ENSMUSG00000027184,Caprin1,18207,18924,14921,15121,16114,12259,11820,16395,17965,16644,18281,16024
ENSMUSG00000006469,Slc34a3,0,0,0,0,0,0,0,0,0,0,0,0
ENSMUSG00000086687,4930547E08Rik,0,0,0,0,0,0,0,0,0,0,0,0
ENSMUSG00000081348,Gm13878,0,0,0,0,0,0,0,0,0,0,0,0
ENSMUSG00000081010,Gm13880,0,0,0,0,0,0,0,0,0,0,0,1
ENSMUSG00000083495,Gm13877,0,0,0,0,0,0,0,0,0,0,0,0
ENSMUSG00000089953,Rnf224,0,0,0,0,0,0,0,0,0,0,0,0
ENSMUSG00000081275,Gm13875,1,0,1,2,1,0,1,0,1,0,0,0
ENSMUSG00002074920,#N/A,0,0,0,0,0,0,0,0,0,0,0,0
ENSMUSG00000082845,Gm13879,0,0,0,1,0,0,0,0,0,1,0,1
ENSMUSG00002075518,#N/A,0,0,0,0,0,0,0,0,0,0,0,0
ENSMUSG00000083643,Gm13876,0,0,0,0,0,0,0,0,0,0,0,0
ENSMUSG00000084756,Gm13881,3,4,5,5,0,2,3,2,2,1,0,0
ENSMUSG00000036731,Cysrt1,0,0,0,0,0,0,0,0,0,0,0,0
ENSMUSG00000044628,Rnf208,16,13,7,10,14,3,9,10,18,16,10,7
ENSMUSG00000115018,Ndor1,0,0,0,0,0,0,0,0,0,0,0,0
ENSMUSG00000032698,Lmo2,7,11,7,9,4,3,5,2,7,7,0,2
ENSMUSG00000046085,4931422A03Rik,1,0,0,0,2,2,0,0,0,0,1,0
ENSMUSG00000039205,Ciz1,1321,1316,1071,1026,1038,949,1068,1314,1257,1121,1349,1242
ENSMUSG00000017670,Elmo2,4068,4718,3080,2882,2548,1125,2608,3000,2949,2659,2536,2380
ENSMUSG00000039195,1110008P14Rik,262,347,202,245,217,73,230,195,267,232,255,246
ENSMUSG00000006471,Ndor1,589,664,574,544,519,214,405,562,542,507,637,528
ENSMUSG00000115074,Ndor1,0,0,0,0,0,0,0,0,0,0,0,0
ENSMUSG00000078201,Tmem203,95,124,76,81,80,28,89,85,101,79,57,56
ENSMUSG00000056824,Zfp663,0,1,1,0,1,2,0,1,0,3,1,2
ENSMUSG00000026822,Lcn2,0,0,0,0,0,0,0,0,0,0,0,0
ENSMUSG00000017667,Zfp334,68,43,43,37,36,16,27,38,43,31,40,33
ENSMUSG00000048707,Tprn,717,786,491,518,595,206,533,593,625,566,624,572
ENSMUSG00000027670,Ocstamp,45,28,19,23,24,11,25,24,22,14,6,11
ENSMUSG00000026966,Ssna1,493,595,418,469,508,208,491,492,495,421,497,480
ENSMUSG00000026820,Ptges2,372,394,273,299,273,100,329,353,397,365,298,317
ENSMUSG00000083004,Gm13413,5,2,3,3,4,0,4,1,1,0,0,0
ENSMUSG00000026965,Anapc2,1004,1085,825,883,822,357,845,957,947,870,887,847
ENSMUSG00000018459,Slc13a3,223,244,187,186,141,90,172,167,176,164,99,112
ENSMUSG00000085358,Gm14437,0,0,1,0,1,0,0,0,0,0,0,0
ENSMUSG00000026963,Tmem210,0,0,0,0,0,0,0,0,0,0,0,0
ENSMUSG00000039725,Trp53rka,563,653,579,528,605,178,472,505,559,470,493,582
ENSMUSG00000026961,Lrrc26,0,0,0,0,0,0,0,0,0,0,0,0
ENSMUSG00000027661,Slc2a10,1,5,2,5,1,1,4,3,1,5,7,1
ENSMUSG00000053552,Ebf4,0,2,0,0,0,2,0,0,0,0,0,0
ENSMUSG00000027180,Fbxo3,927,1058,816,767,863,666,839,930,957,849,889,844
ENSMUSG00000083483,Gm14044,0,1,3,0,2,0,4,1,2,3,2,1
ENSMUSG00000087739,Gm24644,5,4,3,0,4,3,0,3,2,3,5,2
ENSMUSG00000078091,Gm10912,1,0,0,1,0,0,0,1,0,0,0,2
ENSMUSG00000075006,Gm10799,0,0,0,0,0,0,0,0,0,0,0,0
ENSMUSG00000027408,Cpxm1,15,7,13,4,6,2,3,7,3,4,8,4
ENSMUSG00000082985,Gm14042,21,12,10,16,5,4,14,11,26,21,10,25
ENSMUSG00000100963,Gm28372,0,0,0,0,0,0,0,0,0,0,0,0
ENSMUSG00000068686,Cd59b,2,0,1,3,5,1,1,2,2,2,5,0
ENSMUSG00000027409,1700020A23Rik,0,0,0,0,0,0,0,0,0,0,0,0
ENSMUSG00000049692,Tmem239,0,0,0,0,0,0,0,0,0,0,0,0
ENSMUSG00000032679,Cd59a,2,1,3,1,0,2,6,2,0,0,2,1
ENSMUSG00000032671,A930018P22Rik,0,0,0,1,0,0,0,1,2,0,0,0
ENSMUSG00000037773,Pced1a,563,566,495,466,582,307,422,473,612,509,681,639
ENSMUSG00000017897,Eya2,66,78,53,60,20,15,48,53,45,51,27,17
ENSMUSG00000100796,Gm28163,0,0,0,0,0,0,0,0,0,0,0,0
ENSMUSG00000081758,Gm11460,0,0,1,3,0,0,1,0,0,0,1,0
ENSMUSG00000026819,Slc25a25,608,662,565,567,543,239,507,588,547,502,474,477
ENSMUSG00000039164,Naif1,184,191,122,114,157,71,138,137,148,128,174,116
ENSMUSG00000103175,Gm37169,0,0,0,0,0,0,1,0,0,0,0,0
ENSMUSG00000085017,Gm13412,0,0,0,0,0,0,0,0,0,0,0,0
ENSMUSG00000068373,D430041D05Rik,1,4,4,2,9,3,6,8,3,0,7,7
ENSMUSG00000089606,Gm22501,0,0,0,0,0,0,0,0,0,0,0,0
ENSMUSG00000087473,Gm13883,0,0,0,0,0,0,0,0,0,0,0,0
ENSMUSG00002076254,#N/A,0,0,0,0,0,0,0,0,0,0,0,0
ENSMUSG00000039157,Fam102a,1884,1896,1459,1411,1772,865,1721,2007,1836,1585,2078,1812
ENSMUSG00000081721,Gm13882,13,15,11,10,5,1,13,11,12,8,8,6
ENSMUSG00000026810,Dpm2,623,697,594,608,587,191,620,546,581,514,546,460
ENSMUSG00000075405,9430097D07Rik,0,0,0,0,0,0,0,0,1,1,0,0
ENSMUSG00000027411,Vps16,1436,1537,1362,1377,1303,678,1206,1435,1381,1332,1424,1351
ENSMUSG00000046854,Pip5kl1,4,8,6,8,6,3,3,8,7,9,2,7
ENSMUSG00000079442,St6galnac4,5221,5560,4395,4874,4429,1384,4202,4736,5220,5045,3913,4013
ENSMUSG00000093147,Gm23369,0,0,0,0,0,0,0,0,0,0,0,0
ENSMUSG00000027177,Hipk3,7675,8032,5759,5597,4558,3511,3948,5948,6236,6390,5065,4899
ENSMUSG00000084516,Mir1902,0,0,0,0,0,0,0,0,0,0,0,0
ENSMUSG00000081447,Gm13870,3,12,7,6,11,3,7,9,10,13,4,1
ENSMUSG00000082379,Gm13884,0,0,0,0,0,0,0,0,0,0,0,0
ENSMUSG00000086454,Platr14,4,4,0,4,5,4,1,3,3,2,0,4
ENSMUSG00000118753,#N/A,0,0,0,0,0,0,0,0,0,0,0,0
ENSMUSG00000082276,Gm13885,0,0,0,0,0,0,1,0,0,0,0,0
ENSMUSG00000039671,Zmynd8,1421,1513,1183,1145,1337,894,1119,1451,1207,1158,1430,1333
ENSMUSG00000085274,BC046401,0,0,0,0,2,1,0,0,0,0,0,0
ENSMUSG00000086820,Gm11465,0,0,0,0,0,0,0,0,0,0,0,0
ENSMUSG00002075115,#N/A,0,0,0,0,0,0,0,0,0,0,0,0
ENSMUSG00000083264,Gm11461,0,0,0,0,0,0,0,0,0,0,0,0
ENSMUSG00000082924,Gm11462,0,0,0,0,0,0,0,1,0,0,0,1
ENSMUSG00000084816,Platr29,14,21,17,13,26,18,12,12,19,9,14,17
ENSMUSG00000087351,Gm11464,3,4,2,5,0,1,1,0,0,2,1,3
ENSMUSG00000027176,Cstf3,1058,1070,964,970,1094,862,968,1143,995,864,957,916
ENSMUSG00000027303,Ptpra,1079,1112,834,819,841,601,816,953,918,906,960,860
ENSMUSG00000027175,Tcp11l1,39,54,33,44,56,40,47,40,34,28,50,58
ENSMUSG00000074997,Pin1rt1,1,1,0,0,0,0,0,0,0,0,1,0
ENSMUSG00000115955,9530056E24Rik,7,2,10,5,2,4,7,6,7,9,3,1
ENSMUSG00002074874,#N/A,0,0,0,0,0,0,0,0,0,0,0,0
ENSMUSG00000060029,4930473A02Rik,5,0,0,1,0,1,0,1,1,1,0,0
ENSMUSG00000027173,Depdc7,23,30,37,39,43,26,38,20,17,29,35,28
ENSMUSG00000037740,Mrps26,1003,1152,876,991,1000,356,978,1012,1093,955,900,898
ENSMUSG00000026811,St6galnac6,434,478,367,362,487,144,381,377,453,388,464,408
ENSMUSG00000027301,Oxt,0,4,1,0,0,0,0,0,0,0,0,1
ENSMUSG00000037727,Avp,0,0,0,0,0,0,0,0,0,0,0,0
ENSMUSG00000027300,Ubox5,518,563,413,426,372,161,367,459,470,475,430,395
ENSMUSG00000079043,Fastkd5,296,349,267,249,365,199,256,263,275,251,330,274
ENSMUSG00000074994,Qser1,560,453,648,560,779,803,497,783,573,523,731,691
ENSMUSG00000027678,Ncoa3,5680,5971,4381,4446,4629,2631,3488,4803,5064,5050,5043,4684
ENSMUSG00000083856,Gm13886,1,6,1,4,3,2,2,2,1,1,1,2
ENSMUSG00000037703,Lzts3,52,44,35,32,43,17,28,60,41,44,51,45
ENSMUSG00000027171,Prrg4,607,645,894,827,805,439,386,711,542,489,591,571
ENSMUSG00000026817,Ak1,20,24,22,15,32,15,20,18,19,17,17,18
ENSMUSG00000068290,Ddrgk1,840,883,729,807,777,672,864,976,852,739,874,809
ENSMUSG00000074797,Itpa,373,446,295,361,357,105,405,373,349,337,303,313
ENSMUSG00000045106,Ccdc73,2,1,7,4,2,7,4,3,7,1,3,4
ENSMUSG00000006800,Sulf2,541,527,665,631,659,432,500,681,490,428,254,223
ENSMUSG00000082934,Gm13887,0,0,0,0,0,0,0,0,0,0,0,0
ENSMUSG00002075091,#N/A,0,0,0,0,0,0,0,0,0,0,0,0
ENSMUSG00000085618,Gm11466,0,0,0,0,0,0,0,0,0,0,0,0
ENSMUSG00000085046,Gm11467,0,0,0,0,0,0,0,0,0,0,0,0
ENSMUSG00000084840,Gm11468,0,0,0,0,0,0,0,0,0,0,0,0
ENSMUSG00000087617,Gm14268,2,2,3,6,3,0,1,1,2,2,0,3
ENSMUSG00000074796,Slc4a11,92,107,68,61,44,26,57,77,62,60,59,64
ENSMUSG00000085129,5031425F14Rik,2,2,2,4,2,1,2,2,4,1,0,1
ENSMUSG00002075903,#N/A,0,0,0,0,0,2,0,0,0,0,0,0
ENSMUSG00000085682,Gm14267,0,0,0,2,1,0,0,0,0,0,1,0
ENSMUSG00000026814,Eng,72,80,43,39,73,25,57,72,60,50,87,95
ENSMUSG00000093336,Mir1954,0,0,0,0,0,0,0,0,0,0,0,0
ENSMUSG00000027170,Eif3m,2698,3206,2505,2656,2698,1692,2535,2432,3060,2831,2561,2523
ENSMUSG00002075439,#N/A,0,0,0,0,0,0,0,0,0,0,0,0
ENSMUSG00000093277,Gm26236,0,0,0,0,0,0,0,0,0,0,0,0
ENSMUSG00000083487,Gm13888,0,0,0,0,0,0,0,0,0,0,0,0
ENSMUSG00000074987,Wt1os,0,0,0,0,0,0,0,0,0,0,0,0
ENSMUSG00000079175,Gm11060,0,0,0,0,0,0,0,0,0,0,0,0
ENSMUSG00002076399,#N/A,0,0,0,0,0,0,0,0,0,0,0,0
ENSMUSG00002076543,#N/A,0,0,0,0,0,1,0,0,0,0,0,0
ENSMUSG00002076199,#N/A,0,0,0,0,0,0,0,0,0,0,0,0
ENSMUSG00002075028,#N/A,0,0,0,0,0,0,0,0,0,0,0,0
ENSMUSG00000009566,Fpgs,1166,1294,961,988,994,370,965,1004,1111,969,1047,1135
ENSMUSG00000098972,Mir8093,0,0,0,0,0,0,0,0,0,0,0,0
ENSMUSG00000009555,Cdk9,1875,2180,1770,1814,1672,808,1661,1652,1857,1752,1505,1427
ENSMUSG00000093280,Mir2861,0,0,0,0,0,0,0,0,0,0,0,0
ENSMUSG00000105841,Mir3960,0,0,0,0,0,0,0,0,0,0,0,0
ENSMUSG00000039621,Prex1,2725,2860,2187,2086,1684,770,1418,2054,2282,2162,1607,1560
ENSMUSG00000026959,Grin1,17,15,8,10,1,4,14,16,3,6,0,0
ENSMUSG00002075220,#N/A,0,0,0,0,1,0,0,0,0,0,0,0
ENSMUSG00002075029,#N/A,0,0,0,0,0,0,0,0,0,0,0,0
ENSMUSG00002076611,#N/A,0,0,0,0,0,0,0,0,0,0,0,0
ENSMUSG00000027309,4930402H24Rik,119,134,86,81,60,31,82,92,87,89,66,61
ENSMUSG00000042854,Trp53rkb,146,157,164,132,159,88,127,156,171,149,163,135
ENSMUSG00000085830,Grin1os,0,0,0,0,0,0,0,0,0,0,0,0
ENSMUSG00000089662,Gm14057,1,2,1,1,0,1,6,1,6,0,2,1
ENSMUSG00000016458,Wt1,0,3,3,3,1,10,2,5,3,0,0,0
ENSMUSG00000085566,A730017L22Rik,116,102,92,68,82,79,68,115,83,87,113,90
ENSMUSG00000080989,Gm14048,11,10,13,16,14,10,11,13,19,14,19,15
ENSMUSG00000059013,Sh2d3c,1343,1422,808,784,984,442,945,1004,1332,1090,1227,1156
ENSMUSG00000055312,Them7,0,0,0,0,0,0,0,0,0,0,0,0
ENSMUSG00000009551,6330409D20Rik,0,0,0,0,1,0,0,0,0,1,0,0
ENSMUSG00000074582,Arfgef2,1529,1678,1233,1198,983,565,810,1162,1319,1309,1152,1085
ENSMUSG00000005973,Rcn1,2076,2201,1713,1895,1514,1112,1813,1979,2132,2048,1491,1318
ENSMUSG00000036646,Man1b1,1251,1303,996,1009,1019,389,967,1049,1075,1051,1146,1000
ENSMUSG00000086764,4930527A07Rik,0,0,0,0,0,0,0,0,0,0,0,0
ENSMUSG00002075003,#N/A,0,0,0,1,0,1,0,0,0,0,2,2
ENSMUSG00000086029,Pax6os1,0,0,0,0,0,0,0,0,0,0,0,0
ENSMUSG00000081701,Gm13890,0,0,0,0,0,0,0,0,0,0,0,0
ENSMUSG00000080859,Rpl10-ps1,0,0,0,0,0,0,0,0,0,0,0,0
ENSMUSG00000102424,Paupar,0,0,0,0,0,1,0,0,0,0,0,0
ENSMUSG00000026958,Dpp7,137,158,98,80,82,33,96,101,123,104,108,125
ENSMUSG00000027312,Atrn,1129,1240,1030,1069,799,604,767,1087,997,1020,825,739
ENSMUSG00000083953,Gm14049,0,3,1,2,0,0,1,0,4,3,2,0
ENSMUSG00000002718,Cse1l,3095,3404,3163,3031,4188,2807,2804,3614,3314,3024,3718,3582
ENSMUSG00000090397,Gm17096,31,26,25,35,20,12,16,26,29,17,17,18
ENSMUSG00000026956,Uap1l1,89,113,52,77,78,18,71,75,113,102,108,87
ENSMUSG00000039021,Ttc16,9,13,7,8,7,6,11,9,7,6,10,6
ENSMUSG00000027316,Gfra4,1,0,2,1,1,0,0,0,3,2,0,0
ENSMUSG00000098686,Mir6973b,0,0,0,0,0,0,0,0,0,0,0,0
ENSMUSG00000026955,Sapcd2,313,369,263,317,490,121,387,425,324,248,376,371
ENSMUSG00000009563,Tor2a,468,506,366,351,424,121,380,406,494,397,441,436
ENSMUSG00000053746,Ptrh1,202,261,177,186,186,71,152,133,200,146,177,174
ENSMUSG00000038987,Cfap157,2,0,1,0,0,1,0,0,1,0,0,0
ENSMUSG00000015085,Entpd2,3,8,0,2,3,0,2,1,0,1,0,0
ENSMUSG00000039536,Stau1,1556,1579,1253,1251,1398,983,1158,1438,1458,1328,1424,1278
ENSMUSG00000082665,Gm11470,0,0,0,0,1,0,1,0,0,2,1,1
ENSMUSG00000015094,Npdc1,31,39,18,16,18,5,12,14,27,12,34,23
ENSMUSG00000036587,Fut7,50,56,42,49,53,15,56,48,53,45,88,77
ENSMUSG00000017999,Ddx27,6630,7189,5787,6406,5791,4039,5357,6090,6686,6098,6253,5415
ENSMUSG00000026797,Stxbp1,83,85,95,81,103,53,91,106,67,58,94,86
ENSMUSG00000064652,Gm24165,0,0,0,0,0,0,0,0,0,0,0,0
ENSMUSG00000085397,Gm13524,0,1,0,0,0,0,0,0,0,0,0,0
ENSMUSG00000087496,Gm13523,0,0,0,0,0,0,1,1,0,0,0,0
ENSMUSG00000026796,Fam129b,709,663,444,508,333,110,289,336,446,398,278,270
ENSMUSG00000039501,Znfx1,1975,2158,1538,1455,1425,812,1079,1538,1684,1635,1661,1495
ENSMUSG00000027318,Adam33,0,0,0,1,3,0,0,0,0,0,2,1
ENSMUSG00000026944,Abca2,2140,2229,1739,1528,2048,947,1474,1971,2019,1902,2553,2582
ENSMUSG00000074578,Zfas1,1959,2307,2140,2189,2047,921,2387,1982,1941,1869,1893,1638
ENSMUSG00002075888,#N/A,0,0,0,0,0,0,0,0,0,0,0,0
ENSMUSG00000077515,Gm25878,0,0,0,0,0,0,0,0,0,0,0,0
ENSMUSG00000077565,Gm23201,127,163,118,109,136,90,133,136,128,129,148,103
ENSMUSG00000077698,Snord12,0,0,0,0,0,0,0,0,0,0,0,0
ENSMUSG00000081946,Gm11472,22,26,11,17,11,2,21,9,29,7,11,7
ENSMUSG00000083436,Gm11471,0,0,0,0,0,0,0,0,0,0,0,0
ENSMUSG00000104741,Mir3087,0,0,0,0,0,0,0,0,0,0,0,0
ENSMUSG00000050556,Kcnb1,37,41,23,24,37,28,20,34,48,42,30,26
ENSMUSG00000085151,1110018N20Rik,4,7,0,0,0,6,1,0,2,1,4,3
ENSMUSG00000017969,Ptgis,0,0,0,1,0,0,0,0,0,0,0,0
ENSMUSG00000047617,Paxx,78,101,78,85,72,20,84,80,91,60,86,72
ENSMUSG00000086098,Gm14291,0,0,0,0,0,0,0,0,0,0,0,0
ENSMUSG00000027322,Siglec1,0,0,0,0,0,0,0,0,0,0,0,0
ENSMUSG00000083661,Gm11473,0,1,0,0,0,0,0,1,0,0,0,0
ENSMUSG00000026792,Lrsam1,76,92,93,66,107,42,64,76,81,86,92,102
ENSMUSG00000017929,B4galt5,11167,11682,9349,9565,9038,4233,7264,9169,9822,8982,8017,7775
ENSMUSG00000038900,Rpl12,1665,1865,1659,1783,1604,447,1608,1428,1794,1554,1342,1381
ENSMUSG00000065124,Snora65,0,0,0,0,0,0,0,0,0,0,0,0
ENSMUSG00000074793,Hspa12b,0,0,0,0,1,0,0,1,0,0,0,0
ENSMUSG00000015093,Clic3,3,1,0,1,1,1,2,0,1,0,0,1
ENSMUSG00000079039,Gm11037,0,0,0,0,0,0,0,0,0,0,0,0
ENSMUSG00000026791,Slc2a8,36,20,23,11,15,4,24,24,16,24,24,40
ENSMUSG00000027327,1700037H04Rik,232,239,213,209,313,94,260,260,233,213,358,301
ENSMUSG00000087405,Gm14232,0,0,0,0,1,0,1,0,0,0,1,0
ENSMUSG00000027168,Pax6,0,1,1,0,0,11,0,0,0,2,4,0
ENSMUSG00000015090,Ptgds,0,1,0,0,1,0,0,0,0,0,0,0
ENSMUSG00000027329,Spef1,44,49,51,38,60,32,48,58,30,28,51,34
ENSMUSG00000068267,Cenpb,2227,2381,1570,1754,1779,593,1733,1873,2250,1913,1805,1793
ENSMUSG00000027167,Elp4,193,182,163,129,162,95,131,183,184,170,187,174
ENSMUSG00000084870,Gm13954,0,0,0,0,0,0,0,0,0,0,0,0
ENSMUSG00000026943,Lcn12,0,1,0,0,0,2,0,0,1,0,0,0
ENSMUSG00000042670,Immp1l,84,91,76,65,105,44,99,76,73,67,80,89
ENSMUSG00000027166,Dnajc24,309,402,284,259,343,169,357,283,336,290,290,278
ENSMUSG00000039463,Slc9a8,1624,1785,1670,1513,1537,540,1270,1470,1568,1485,1328,1386
ENSMUSG00002076743,#N/A,0,0,0,0,0,0,0,0,0,0,0,0
ENSMUSG00000015083,C8g,1,3,6,1,3,5,1,2,7,5,3,3
ENSMUSG00002076573,#N/A,0,0,0,0,0,0,0,0,0,0,0,0
ENSMUSG00000074981,Dcdc5,0,0,0,0,0,1,0,0,0,0,0,0
ENSMUSG00000083425,Gm13992,0,0,1,0,0,0,0,0,0,0,0,0
ENSMUSG00000100156,Gm29053,0,0,0,0,0,0,0,0,0,0,0,0
ENSMUSG00000081258,Gm14013,0,0,0,0,0,0,0,0,0,0,0,0
ENSMUSG00000087226,Gm14015,0,0,0,0,0,0,0,0,0,0,0,0
ENSMUSG00000087225,Gm14014,0,0,0,0,0,0,0,0,0,0,0,0
ENSMUSG00000047030,Spata2,946,1140,794,821,773,328,702,868,822,781,686,660
ENSMUSG00000085218,BB218582,0,0,0,0,0,0,0,0,0,0,0,0
ENSMUSG00000027330,Cdc25b,580,707,654,612,1286,536,889,984,616,523,1014,894
ENSMUSG00000015095,Fbxw5,1037,1125,810,876,840,312,864,909,975,886,855,794
ENSMUSG00000006418,Rnf114,1682,1854,1349,1561,1510,770,1396,1577,1579,1383,1573,1362
ENSMUSG00000082687,Gm11474,4,1,0,1,1,0,2,0,1,0,1,2
ENSMUSG00000042821,Snai1,38,24,12,28,24,14,19,27,29,26,28,21
ENSMUSG00000085596,Gm11476,0,0,0,0,0,0,0,0,0,0,0,0
ENSMUSG00000081511,Gm11475,0,0,0,0,0,1,0,0,0,0,0,0
ENSMUSG00000016386,Mpped2,6,0,5,3,9,7,3,2,3,1,2,2
ENSMUSG00000105886,Gm22813,0,0,0,0,0,0,0,0,0,0,0,0
ENSMUSG00002076583,#N/A,0,0,0,0,0,0,0,0,0,0,0,0
ENSMUSG00000085530,Gm13901,0,0,0,0,0,0,0,0,0,0,0,0
ENSMUSG00000078923,Ube2v1,14,20,13,8,15,7,10,13,12,5,9,9
ENSMUSG00000089739,Gm20431,0,0,0,0,0,0,0,0,0,0,0,0
ENSMUSG00000042604,Kcna4,1,5,2,4,2,3,2,2,3,5,2,1
ENSMUSG00000052005,Gm9864,0,0,1,0,0,0,0,0,0,0,1,0
ENSMUSG00000090213,Tmem189,1396,1492,1082,1088,972,366,1171,1230,1321,1203,1052,1051
ENSMUSG00000118714,#N/A,0,0,0,0,0,0,0,0,0,0,0,0
ENSMUSG00000077411,Gm23749,0,0,0,0,0,0,0,0,0,0,0,0
ENSMUSG00002075647,#N/A,2,5,0,2,3,1,0,2,3,2,2,1
ENSMUSG00000086758,Gm13912,0,0,0,0,0,0,0,0,0,0,0,0
ENSMUSG00000083590,Gm13916,0,0,0,0,0,0,0,0,0,0,0,0
ENSMUSG00000085914,Gm14320,1,0,0,0,1,0,0,0,2,0,0,0
ENSMUSG00000082113,Gm13915,0,0,0,0,0,0,1,0,0,0,0,1
ENSMUSG00000083347,Gm13913,0,0,0,0,0,0,0,0,0,0,0,0
ENSMUSG00000038860,Garnl3,13,7,2,3,6,7,10,6,6,2,5,2
ENSMUSG00000056501,Cebpb,524,568,501,488,437,95,489,475,532,414,426,503
ENSMUSG00000083697,Gm13914,0,0,0,0,0,0,0,0,0,0,0,0
ENSMUSG00000083424,Rpl35a-ps4,0,2,2,4,4,24,0,2,0,3,3,0
ENSMUSG00000063684,Gm13910,4,7,4,5,0,2,2,3,6,4,6,4
ENSMUSG00000087544,Gm13923,0,0,0,0,0,0,0,0,0,0,0,0
ENSMUSG00000006462,A530013C23Rik,2,0,0,0,0,0,0,0,0,0,0,0
ENSMUSG00000084797,Gm14321,16,16,24,19,16,17,12,24,22,27,43,34
ENSMUSG00000087624,9230111E07Rik,13,19,25,14,31,22,21,19,19,24,29,26
ENSMUSG00000087684,1200007C13Rik,0,0,0,1,0,0,0,0,0,0,0,0
ENSMUSG00000085411,Gm14319,0,0,0,0,0,0,0,0,0,0,0,0
ENSMUSG00000104277,Gm38299,0,2,0,0,0,1,0,0,1,0,1,0
ENSMUSG00000057234,Mettl15,39,54,52,45,68,46,48,47,44,43,62,53
ENSMUSG00002074908,#N/A,0,0,0,0,0,0,0,0,0,0,0,0
ENSMUSG00000026942,Traf2,1146,1252,1021,1120,1147,394,1019,1080,1164,1027,927,909
ENSMUSG00000083043,Gm13433,0,0,0,0,0,0,1,0,0,0,0,0
ENSMUSG00000083528,Gm13432,0,0,0,0,0,0,0,0,0,0,0,0
ENSMUSG00000027540,Ptpn1,4159,4658,3405,3899,3380,1664,3329,4143,4262,3740,3578,3338
ENSMUSG00000027115,Kif18a,186,218,146,172,276,255,214,312,161,168,262,259
ENSMUSG00000084167,Gm13924,0,0,0,0,0,0,0,0,0,0,0,0
ENSMUSG00000015092,Edf1,2140,2473,1851,1918,2162,1129,2197,2295,2408,1987,2357,1919
ENSMUSG00000081746,Gm13925,0,0,0,0,0,0,0,0,0,0,0,0
ENSMUSG00000109604,Gm45346,0,0,0,0,0,0,0,0,0,0,0,0
ENSMUSG00000093410,Gm20638,0,0,0,0,0,0,0,0,0,0,0,0
ENSMUSG00000074577,Ripor3,5,7,8,5,7,0,6,5,5,8,2,0
ENSMUSG00000086411,Gm14236,0,0,1,2,0,0,1,2,0,2,0,2
ENSMUSG00002075024,#N/A,0,0,0,0,0,0,0,0,0,0,0,0
ENSMUSG00000044641,Pard6b,260,288,195,190,241,79,169,191,231,189,196,221
ENSMUSG00000118526,AL831766.1,0,0,0,0,0,0,0,0,0,0,0,2
ENSMUSG00000085267,Gm14235,0,0,0,0,0,0,0,0,0,0,0,0
ENSMUSG00000087648,E130018N17Rik,1,0,0,0,0,0,3,0,4,0,2,0
ENSMUSG00002076062,#N/A,0,0,0,0,0,0,0,0,0,0,1,0
ENSMUSG00000093752,Gm20716,0,0,0,0,0,0,0,0,0,0,0,0
ENSMUSG00000048482,Bdnf,0,0,0,0,0,6,0,0,0,0,1,1
ENSMUSG00000083915,Gm13932,0,0,0,1,2,2,0,0,2,1,2,1
ENSMUSG00000051149,Adnp,302,232,158,167,204,75,91,181,263,242,180,285
ENSMUSG00000027162,Lin7c,3213,3198,2716,2606,2464,2471,2071,2578,2739,2831,2810,2447
ENSMUSG00000063751,Platr8,0,0,0,0,0,2,0,0,1,0,0,0
ENSMUSG00000026941,Mamdc4,58,60,78,52,72,29,52,59,71,52,74,93
ENSMUSG00000038831,Ralgps1,58,66,65,47,45,27,45,58,38,43,35,41
ENSMUSG00000036504,Phpt1,24,21,17,21,31,10,33,25,16,25,19,22
ENSMUSG00000078919,Dpm1,216,210,181,159,170,105,132,198,185,180,211,183
ENSMUSG00000074576,Mocs3,554,558,414,500,456,118,457,423,577,525,433,418
ENSMUSG00000083342,Gm14237,0,0,0,0,0,0,0,0,0,0,0,0
ENSMUSG00000085087,Gm13528,0,1,0,0,0,2,2,0,0,0,0,1
ENSMUSG00000088836,Gm23546,0,0,0,0,0,0,0,0,0,0,0,0
ENSMUSG00000029419,Ajm1,78,96,39,42,59,29,33,54,87,75,78,114
ENSMUSG00000050199,Lgr4,147,144,181,143,103,68,117,109,131,133,94,88
ENSMUSG00000074575,Kcng1,2,4,4,6,1,0,1,4,2,0,2,2
ENSMUSG00000086783,Gm14262,0,0,0,0,0,0,0,0,0,0,0,0
ENSMUSG00000064961,Gm22704,0,0,0,0,0,0,0,0,0,0,0,0
ENSMUSG00000082239,Gm14234,1,1,0,2,0,0,0,1,1,0,1,0
ENSMUSG00000004105,Angptl2,341,385,140,157,127,90,137,200,281,272,134,129
ENSMUSG00000082844,Gm13537,0,0,0,0,0,0,0,0,0,0,0,0
ENSMUSG00002076855,#N/A,0,0,0,0,0,0,0,0,0,0,0,0
ENSMUSG00000068966,Zbtb34,394,382,319,345,340,213,217,361,325,306,352,339
ENSMUSG00000085742,Gm13536,0,0,0,0,0,0,0,0,0,0,0,0
ENSMUSG00000027160,Ccdc34,156,170,111,125,248,171,210,199,148,141,238,214
ENSMUSG00000086186,Ccdc34os,0,0,0,0,0,0,0,0,0,0,0,0
ENSMUSG00000085444,Gm13936,0,0,0,0,0,0,0,0,0,0,0,0
ENSMUSG00000026788,Zbtb43,840,876,845,712,734,431,548,728,812,729,706,722
ENSMUSG00000082512,Gm13937,1,0,1,0,0,0,0,1,0,0,0,1
ENSMUSG00000118908,#N/A,0,0,0,0,0,0,0,0,0,0,0,0
ENSMUSG00000086939,Gm13530,0,0,0,0,0,1,0,0,0,0,0,0
ENSMUSG00000015087,Rabl6,2870,2860,2153,2264,2251,1415,2064,2494,2634,2502,2303,2173
ENSMUSG00000041660,Bbox1,0,0,0,0,1,2,0,0,0,0,1,0
ENSMUSG00000074971,Fibin,0,0,0,0,0,0,0,0,0,0,0,0
ENSMUSG00000083320,Gm13935,0,0,0,1,0,1,0,0,0,0,0,0
ENSMUSG00000074970,Gm10794,0,0,0,0,0,0,0,0,0,0,0,0
ENSMUSG00000034101,Ctnnd1,9,11,8,9,10,8,7,4,3,5,3,14
ENSMUSG00000052403,Fcnaos,1,0,0,0,1,1,0,2,0,1,0,0
ENSMUSG00000038765,Lmx1b,0,0,1,0,0,6,0,0,1,0,0,0
ENSMUSG00000104403,Gm38011,0,0,0,0,0,0,0,0,0,0,0,0
ENSMUSG00000052951,C130021I20Rik,3,1,1,1,3,3,0,2,1,1,1,3
ENSMUSG00000081244,Gm13529,1,1,3,0,1,0,4,0,2,5,2,2
ENSMUSG00000085463,9430024E24Rik,0,0,0,0,0,0,0,0,0,0,0,0
ENSMUSG00000026940,Ccdc183,0,0,0,0,0,1,0,0,0,0,0,0
ENSMUSG00000101645,Gm28635,0,0,0,0,0,0,0,0,0,0,0,0
ENSMUSG00000086598,Btbd18,0,0,0,0,0,0,0,0,0,0,1,0
ENSMUSG00000038740,Mvb12b,460,386,285,284,333,114,311,425,409,324,363,376
ENSMUSG00000086484,Nron,0,0,0,0,0,0,0,0,0,0,0,0
ENSMUSG00002075431,#N/A,0,0,0,0,0,0,0,0,0,0,0,0
ENSMUSG00000026939,Tmem141,3,7,2,4,5,2,7,5,3,8,6,7
ENSMUSG00000085987,Gm13403,1,0,1,0,0,0,2,1,1,0,0,0
ENSMUSG00000086904,Gm13404,0,0,0,0,0,0,0,0,1,1,0,0
ENSMUSG00000041644,Slc5a12,0,0,0,0,0,0,0,0,0,0,0,0
ENSMUSG00000087461,C230014O12Rik,0,2,1,0,0,0,0,1,0,0,0,0
ENSMUSG00000103413,Gm38389,0,0,0,0,0,2,0,0,0,0,0,0
ENSMUSG00000027544,Nfatc2,3899,4197,2145,2146,1585,810,1858,2626,2552,2596,2106,2014
ENSMUSG00000076437,Selenoh,299,345,382,360,488,143,521,477,339,257,405,405
ENSMUSG00000026938,Fcna,0,0,0,0,0,0,0,0,0,1,0,0
ENSMUSG00000118473,Lcn15,0,0,0,0,0,0,0,0,0,0,0,0
ENSMUSG00000036449,Lcn8,0,0,0,0,0,0,0,0,0,0,0,0
ENSMUSG00000074968,Ano3,0,0,0,0,0,0,0,0,0,0,2,0
ENSMUSG00000050043,Tmx2,262,267,207,235,202,112,226,204,217,200,225,192
ENSMUSG00000026937,Lcn5,0,0,0,0,0,0,0,0,0,0,0,0
ENSMUSG00000027080,Med19,783,932,703,791,689,476,772,822,879,776,649,576
ENSMUSG00000050808,Muc15,0,0,0,0,0,0,0,0,0,0,0,0
ENSMUSG00000038718,Pbx3,113,118,90,77,128,74,106,116,116,102,126,100
ENSMUSG00000079171,Gm13942,0,0,0,0,0,0,0,0,0,0,0,0
ENSMUSG00000079170,Gm13941,0,0,0,0,0,0,0,0,0,0,0,0
ENSMUSG00000084908,C79798,0,0,0,0,0,1,0,0,0,0,0,0
ENSMUSG00000079169,Gm15130,0,0,0,0,0,0,0,0,0,0,0,0
ENSMUSG00000045684,Lcn6,0,0,0,0,0,1,0,1,0,0,0,0
ENSMUSG00000047356,Lcn10,0,0,0,0,1,0,0,0,0,0,0,0
ENSMUSG00000027157,A26c3,0,0,0,0,0,1,0,0,0,0,0,0
ENSMUSG00000034075,Zdhhc5,4127,4280,3042,2985,3107,1611,2391,3264,3504,3461,3125,2949
ENSMUSG00000084094,Gm13961,0,1,1,1,0,1,0,1,1,1,0,0
ENSMUSG00000062061,Obp2a,1,0,0,0,0,1,1,0,0,0,0,0
ENSMUSG00000074966,Olfr1275,0,0,0,0,0,0,0,0,0,0,0,0
ENSMUSG00002075561,#N/A,2,1,1,2,0,3,1,1,2,3,1,2
ENSMUSG00000087612,A230005M16Rik,3,6,4,2,2,2,1,2,9,0,3,0
ENSMUSG00002076284,#N/A,0,0,0,0,0,0,0,0,0,1,0,0
ENSMUSG00000084933,Gm13962,0,0,0,0,0,0,0,0,0,0,0,0
ENSMUSG00000049086,Bmyc,336,314,266,258,429,215,350,334,395,314,405,380
ENSMUSG00000063844,Olfr1276,0,0,0,0,0,0,0,0,0,0,0,0
ENSMUSG00000074965,Olfr1277,0,0,0,0,0,0,0,0,0,0,0,0
ENSMUSG00000086831,Gm14280,0,0,0,0,0,0,0,0,0,0,0,0
ENSMUSG00000079539,Obp2b,0,0,0,0,0,0,0,0,0,0,0,0
ENSMUSG00000027079,Clp1,667,797,614,598,628,275,548,600,742,653,579,577
ENSMUSG00000086822,5330413P13Rik,0,0,0,0,1,0,0,0,0,0,0,0
ENSMUSG00000068647,Olfr1278,0,0,0,0,0,0,0,0,0,0,0,0
ENSMUSG00000081422,Gm14282,0,0,0,0,0,0,0,0,0,0,0,0
ENSMUSG00000083469,Gm14281,0,0,0,0,0,0,0,0,0,0,0,0
ENSMUSG00000109813,Olfr1279,0,0,0,0,0,0,0,0,0,0,0,0
ENSMUSG00000037482,Erv3,0,0,0,2,0,8,0,1,0,1,1,0
ENSMUSG00000081229,Lamr1-ps1,0,0,0,0,0,0,0,0,0,0,0,0
ENSMUSG00000034059,Ypel4,3,12,27,16,12,2,15,12,4,2,11,4
ENSMUSG00000026936,Lcn3,0,0,0,0,0,0,0,0,0,0,0,0
ENSMUSG00000065484,Mir130a,0,0,0,0,0,0,0,0,0,0,0,0
ENSMUSG00000109449,Olfr1280,0,0,0,0,0,0,0,0,0,0,0,0
ENSMUSG00000079037,Prnp,590,617,701,845,530,243,707,789,590,521,446,372
ENSMUSG00000097187,Gm19426,0,0,0,0,1,0,0,0,0,0,0,0
ENSMUSG00000098754,Prn,0,0,0,0,0,0,0,0,0,0,0,0
ENSMUSG00000095156,Olfr1281,0,0,0,0,0,0,0,0,0,0,0,0
ENSMUSG00000069080,Lcn11,0,0,0,0,0,0,0,0,0,0,0,0
ENSMUSG00000096554,Olfr1282,0,0,0,0,0,0,0,0,0,0,0,0
ENSMUSG00000085484,Gm13539,0,0,0,0,0,0,0,0,0,0,0,0
ENSMUSG00000090073,Gm13538,0,0,0,0,0,0,0,0,0,0,0,0
ENSMUSG00000109322,Olfr1283,0,0,0,0,0,0,0,0,0,0,0,0
ENSMUSG00000108931,Olfr1284,0,0,0,0,0,0,0,0,0,0,0,0
ENSMUSG00000109521,Olfr1285,0,0,0,0,0,0,0,0,0,0,0,0
ENSMUSG00000027338,Prnd,0,0,0,0,0,0,0,0,0,0,0,0
ENSMUSG00000036401,Glt6d1,0,0,0,0,0,0,0,0,0,0,1,0
ENSMUSG00000096703,Olfr1286,0,0,0,0,0,0,0,0,0,0,0,0
ENSMUSG00000095586,Olfr1287,0,0,0,0,0,0,0,0,0,0,0,0
ENSMUSG00000023210,Lcn9,0,0,0,0,0,0,0,0,0,0,0,0
ENSMUSG00000044039,Olfr1288,0,0,0,0,0,0,0,0,0,0,0,0
ENSMUSG00000023224,Serping1,0,0,0,0,0,0,0,0,0,0,0,0
ENSMUSG00000061195,Olfr1289,0,0,0,0,0,0,0,0,0,0,0,0
ENSMUSG00000059625,Sohlh1,2,3,2,5,2,0,3,5,3,1,3,2
ENSMUSG00000095809,Olfr1290,0,0,0,0,0,0,0,0,0,0,0,0
ENSMUSG00000027078,Ube2l6,125,150,150,207,68,25,174,185,127,112,78,67
ENSMUSG00000108891,Olfr1291-ps1,0,0,0,0,0,0,0,0,0,0,0,0
ENSMUSG00000094074,Olfr1292-ps1,0,0,0,0,0,0,0,0,0,0,0,0
ENSMUSG00000038696,Mapkap1,984,1049,772,758,895,482,716,821,931,852,937,874
ENSMUSG00000108908,Olfr1293-ps,0,0,0,0,0,0,0,0,0,0,0,0
ENSMUSG00000109287,Gm44713,0,0,0,0,0,0,0,0,0,0,0,0
ENSMUSG00000027077,Smtnl1,0,0,0,0,0,0,0,0,0,0,0,0
ENSMUSG00000109547,Olfr1294,0,0,0,0,0,0,0,0,0,0,0,0
ENSMUSG00000083503,Gm13407,0,0,0,0,0,0,1,0,0,0,0,0
ENSMUSG00000083233,Gm13406,0,0,0,0,0,0,0,0,0,0,0,0
ENSMUSG00000081992,Gm13408,9,6,6,12,10,7,14,5,2,9,5,4
ENSMUSG00000087635,Gm13414,0,0,0,0,0,2,0,0,0,0,0,0
ENSMUSG00000108919,Olfr1295,0,0,0,0,0,0,0,0,0,0,0,0
ENSMUSG00000096690,Olfr1296-ps1,0,0,0,0,0,0,0,0,0,0,0,0
ENSMUSG00000027076,Timm10,913,1054,798,882,916,575,896,831,895,805,872,787
ENSMUSG00000094858,Olfr1297,0,0,0,0,0,0,0,0,0,0,0,0
ENSMUSG00000109487,Olfr1298,0,0,0,0,0,0,0,0,0,0,0,0
ENSMUSG00000109219,Olfr1299,0,0,0,0,0,0,0,0,0,0,0,0
ENSMUSG00000027339,Rassf2,315,336,243,262,360,191,318,349,319,316,422,358
ENSMUSG00000109071,Gm44840,0,0,0,0,0,0,0,0,0,0,0,0
ENSMUSG00000109389,Olfr1300-ps1,0,0,0,0,0,0,0,0,0,0,0,0
ENSMUSG00000082091,Gm13922,0,0,0,3,0,0,0,0,0,0,0,0
ENSMUSG00000084134,Gm13930,0,0,0,0,0,0,0,0,0,0,0,0
ENSMUSG00000057149,Olfr1301,0,0,0,0,0,0,0,0,0,0,0,0
ENSMUSG00000044560,Olfr1302,0,0,0,0,0,0,0,0,0,0,0,0
ENSMUSG00000093804,Olfr1303,0,0,0,0,0,0,0,0,0,0,0,0
ENSMUSG00000109423,Olfr1304-ps1,0,0,0,0,0,0,0,0,0,0,0,0
ENSMUSG00000119226,#N/A,0,0,0,0,0,0,0,0,0,0,0,0
ENSMUSG00000083059,Olfr268-ps1,0,0,0,0,0,0,0,0,0,0,0,0
ENSMUSG00000074955,Olfr1305,0,0,0,0,0,0,0,0,0,0,0,0
ENSMUSG00000096566,Olfr1306,0,0,0,0,0,1,0,0,0,0,0,0
ENSMUSG00000081069,Gm13928,0,0,0,0,0,0,0,0,0,0,0,0
ENSMUSG00000094747,Olfr1307,0,0,0,0,0,2,1,0,0,0,0,0
ENSMUSG00000074952,Olfr1308,0,0,0,0,0,0,0,0,0,0,0,0
ENSMUSG00000027340,Slc23a2,1621,1786,1601,1775,1770,737,1321,2006,1639,1516,1523,1358
ENSMUSG00000082990,Gm14052,1,1,1,0,2,0,0,1,0,0,1,0
ENSMUSG00000086756,Gm14051,0,0,0,0,0,0,0,0,0,0,0,0
ENSMUSG00000109528,Olfr1309,0,0,0,0,0,0,1,0,0,0,1,0
ENSMUSG00000081037,Gm13929,0,0,0,0,0,0,0,0,0,0,0,0
ENSMUSG00000108827,Olfr1310,1,0,0,0,3,13,0,0,0,0,2,1
ENSMUSG00000109403,Olfr1311,0,0,0,0,0,0,0,0,0,0,0,0
ENSMUSG00000074947,Olfr1312,0,1,0,0,0,0,0,0,0,0,0,0
ENSMUSG00000027341,Tmem230,166,185,124,128,175,101,124,111,148,128,186,183
ENSMUSG00000074946,Olfr1313,0,0,0,0,0,0,0,0,0,0,0,0
ENSMUSG00000074945,Olfr1314,0,0,0,0,0,2,0,0,0,0,0,0
ENSMUSG00000109033,Olfr1315-ps1,0,0,0,0,0,0,0,0,0,0,0,0
ENSMUSG00000109801,Olfr1316,0,0,0,0,0,2,0,0,0,0,0,0
ENSMUSG00000050776,Olfr1317,0,0,0,0,0,2,0,0,0,0,0,0
ENSMUSG00000027342,Pcna,3192,3653,3021,3183,3721,1776,3537,3287,3559,2919,3357,3107
ENSMUSG00000087377,AV099323,5,5,2,4,3,6,0,3,6,1,4,5
ENSMUSG00000049758,Olfr1318,0,0,0,0,0,0,0,0,0,0,0,0
ENSMUSG00000109522,Olfr1319-ps1,0,0,0,0,0,0,0,0,0,0,0,0
ENSMUSG00000027134,Lpcat4,857,909,600,658,769,355,643,727,827,668,953,918
ENSMUSG00000041358,Nutm1,0,0,0,0,0,0,0,0,0,0,0,0
ENSMUSG00000027133,Nop10,824,917,919,871,1113,560,949,918,962,774,1005,960
ENSMUSG00000027075,Slc43a1,43,56,33,24,47,19,25,54,38,34,54,53
ENSMUSG00000058793,Cds2,1998,2124,1738,1584,1691,695,1483,1826,1778,1670,1716,1612
ENSMUSG00000027546,Atp9a,910,1027,690,784,469,189,725,985,885,795,327,343
ENSMUSG00000050896,Rtn4rl2,3,1,1,3,0,0,0,1,2,1,0,1
ENSMUSG00002076794,#N/A,0,0,0,0,0,0,0,0,0,0,0,0
ENSMUSG00000050558,Prokr2,0,0,1,3,3,1,0,1,0,0,1,0
ENSMUSG00000027345,4921508D12Rik,0,0,0,0,0,0,0,0,0,0,1,0
ENSMUSG00000086250,Gm14095,0,0,0,0,0,0,0,0,0,0,0,0
ENSMUSG00000105496,Mir7004,1,0,0,0,0,0,0,0,0,0,0,0
ENSMUSG00000086379,1700026D11Rik,2,5,6,0,8,1,1,1,3,2,1,3
ENSMUSG00000027074,Slc43a3,784,814,640,612,678,456,657,785,623,568,747,681
ENSMUSG00000027073,Prg2,0,0,2,1,1,0,0,1,1,0,1,0
ENSMUSG00000027547,Sall4,0,0,0,0,0,12,0,0,0,0,0,0
ENSMUSG00000027072,Prg3,0,0,0,0,0,0,0,0,0,0,0,0
ENSMUSG00000085322,Gm14261,0,0,0,0,0,0,0,0,0,0,0,0
ENSMUSG00000077761,Gm25214,0,0,0,0,0,1,0,0,0,0,0,0
ENSMUSG00000027551,Zfp64,772,869,690,706,702,414,622,798,727,655,737,596
ENSMUSG00000086348,1700017J07Rik,0,0,0,0,0,0,0,0,0,0,0,0
ENSMUSG00000086658,Gm14260,0,0,0,0,0,0,0,0,0,0,0,0
ENSMUSG00000052368,Gm9873,2,0,0,0,0,0,0,0,0,0,1,0
ENSMUSG00002076097,#N/A,0,0,0,0,0,0,0,0,0,0,0,0
ENSMUSG00000086238,Gm14258,0,0,0,0,0,0,0,0,0,0,0,0
ENSMUSG00000085369,9430093N23Rik,0,0,0,0,0,0,0,0,0,0,0,0
ENSMUSG00000086840,Gm14250,0,0,0,0,0,0,0,0,0,0,0,0
ENSMUSG00000085350,4930529I22Rik,0,0,0,0,0,3,0,0,0,0,0,0
ENSMUSG00000087074,Gm14249,0,0,0,0,0,0,0,0,0,0,0,0
ENSMUSG00000078912,Gm11011,0,0,0,0,0,1,0,0,0,0,0,0
ENSMUSG00000027071,P2rx3,23,23,34,34,17,9,10,23,10,8,13,13
ENSMUSG00000103662,Gm34294,1,0,0,1,0,0,0,1,0,0,0,1
ENSMUSG00000047907,Tshz2,25,14,26,11,7,4,23,14,11,18,17,10
ENSMUSG00000103935,AY702102,0,0,0,0,0,0,0,0,0,0,0,0
ENSMUSG00000026867,Gapvd1,4085,4433,3646,3570,3389,1992,2697,3370,3731,3467,3312,3274
ENSMUSG00000027130,Slc12a6,48,86,64,54,90,59,53,61,69,62,95,105
ENSMUSG00000052056,Zfp217,684,703,566,525,669,338,487,670,589,575,728,660
ENSMUSG00000084013,Gm14270,10,8,10,8,9,3,11,9,9,10,4,12
ENSMUSG00000096764,Gm21985,0,0,0,0,0,0,0,0,0,0,0,0
ENSMUSG00000027131,Emc4,887,1091,863,890,917,309,909,798,1014,795,718,799
ENSMUSG00000027132,Katnbl1,379,357,334,320,354,272,341,362,358,296,297,315
ENSMUSG00000081541,Gm13940,0,0,0,0,0,0,0,0,0,0,0,0
ENSMUSG00000055943,Emc7,1460,1693,1324,1368,1495,800,1373,1303,1500,1403,1274,1248
ENSMUSG00000026864,Hspa5,40016,44175,35110,36790,32264,20834,30779,33826,34468,31360,29665,27752
ENSMUSG00002075416,#N/A,0,0,0,0,0,0,0,0,0,0,0,0
ENSMUSG00000074939,Chrm5,0,0,0,0,0,2,0,0,0,0,0,0
ENSMUSG00000013523,Bcas1,9,14,9,9,19,10,9,9,13,10,14,9
ENSMUSG00000086999,Bcas1os2,0,0,0,0,0,1,0,0,0,0,1,0
ENSMUSG00000086970,Bcas1os1,0,0,0,0,0,0,0,0,0,0,0,0
ENSMUSG00000084067,Gm14269,5,3,2,0,1,5,3,6,6,8,4,1
ENSMUSG00000003604,Aven,1174,1141,944,887,1134,631,1039,971,1254,1035,1247,1097
ENSMUSG00000080622,Gm22676,0,0,0,0,0,0,0,0,0,0,0,0
ENSMUSG00002074904,#N/A,0,0,0,0,1,0,0,0,0,0,0,0
ENSMUSG00000038567,Cyp24a1,0,0,0,0,0,0,0,0,0,0,0,0
ENSMUSG00000070953,Rabepk,183,219,170,165,185,84,203,153,198,159,176,182
ENSMUSG00000027067,Ssrp1,9401,9920,7716,7862,9320,6091,7768,8636,9442,8321,9876,8748
ENSMUSG00000052033,Pfdn4,909,1111,903,954,1081,810,966,957,1035,931,953,858
ENSMUSG00000085495,Gm16796,4,2,4,1,2,1,2,1,1,2,2,1
ENSMUSG00000085225,Gm14637,0,0,0,0,0,0,0,0,0,0,0,0
ENSMUSG00000043583,4930470P17Rik,0,0,0,0,0,0,0,0,0,0,0,0
ENSMUSG00000085158,Gm14264,0,0,0,0,0,0,0,0,0,0,0,0
ENSMUSG00000027560,Dok5,0,0,0,0,0,0,0,0,1,0,0,0
ENSMUSG00000080955,Gm14263,6,2,5,5,2,1,3,4,2,2,2,3
ENSMUSG00000084829,Gm14266,0,0,0,0,0,0,0,0,0,0,0,0
ENSMUSG00000084818,Gm14640,0,0,0,0,0,0,0,0,0,0,0,0
ENSMUSG00000086613,1700007M16Rik,0,0,0,0,0,0,0,0,0,0,0,0
ENSMUSG00000088505,Gm26489,0,0,0,0,0,0,0,0,0,0,0,0
ENSMUSG00000086823,1700028P15Rik,0,0,0,0,0,0,0,0,0,0,0,0
ENSMUSG00000085426,Gm14272,0,0,0,0,0,0,0,0,0,0,0,0
ENSMUSG00000087100,Gm14641,0,0,0,0,0,0,0,0,0,0,0,0
ENSMUSG00000067578,Cbln4,0,0,0,0,0,0,0,0,0,0,0,0
ENSMUSG00000087409,Gm14271,0,0,0,0,0,0,0,0,0,0,0,0
ENSMUSG00000083793,Gm14274,1,1,0,1,1,0,1,0,2,0,0,1
ENSMUSG00002075990,#N/A,3,1,0,0,0,0,0,0,0,0,1,0
ENSMUSG00000038537,Mc3r,0,0,0,0,0,0,0,0,0,0,0,0
ENSMUSG00000085949,Gm14275,0,0,0,0,0,0,0,0,0,0,0,0
ENSMUSG00000085905,Gm14273,0,0,0,0,0,0,0,0,0,0,0,0
ENSMUSG00000027495,Fam210b,180,185,140,142,86,52,144,178,147,136,104,84
ENSMUSG00000033955,Tnks1bp1,548,679,494,501,355,152,338,438,503,513,366,347
ENSMUSG00000086969,4930443O20Rik,0,0,0,0,0,1,0,0,0,0,0,0
ENSMUSG00000044338,Aplnr,0,0,0,0,1,0,1,0,0,0,0,0
ENSMUSG00000082534,Gm13712,0,0,0,0,0,0,1,0,1,1,1,1
ENSMUSG00000085135,Gm13713,0,0,0,0,0,0,0,0,0,0,0,0
ENSMUSG00000075224,Lrrc55,0,0,0,0,0,0,0,0,0,0,0,0
ENSMUSG00000086905,Gm13716,0,0,0,0,0,0,0,0,0,0,0,0
ENSMUSG00000085025,Gm13715,0,0,0,0,0,0,0,0,0,0,0,0
ENSMUSG00000081014,Gm13714,0,0,0,0,0,0,0,0,0,0,0,0
ENSMUSG00000035949,Fbxw2,2006,2137,1807,1956,1453,1029,1634,1811,1978,1672,1617,1414
ENSMUSG00000075223,Olfr987,0,0,0,0,0,0,0,0,0,0,0,0
ENSMUSG00000075222,Olfr988,0,0,0,0,0,0,0,0,0,0,0,0
ENSMUSG00000081904,Gm13419,0,0,0,0,0,0,0,0,0,0,0,0
ENSMUSG00000111597,Olfr989-ps1,0,0,0,0,0,0,0,0,0,0,0,0
ENSMUSG00000107167,Gm34653,1,0,0,0,1,0,0,0,0,0,1,0
ENSMUSG00000082712,Olfr990-ps1,0,0,0,0,0,0,0,0,0,0,0,0
ENSMUSG00000027496,Aurka,803,830,808,891,1372,723,1213,1303,820,704,997,886
ENSMUSG00000110978,Olfr991-ps1,0,0,0,0,0,0,0,0,0,0,0,0
ENSMUSG00000027346,Gpcpd1,365,287,308,323,223,194,203,277,256,288,296,264
ENSMUSG00000075221,Olfr992,0,0,0,0,0,0,0,0,0,0,0,0
ENSMUSG00000075220,Olfr993,0,0,0,0,0,0,0,0,0,0,0,0
ENSMUSG00000087973,Gm23716,0,0,0,0,0,0,0,0,0,0,0,0
ENSMUSG00000027498,Cstf1,1722,2013,1589,1540,1586,823,1434,1635,1706,1552,1539,1394
ENSMUSG00000075219,Olfr994,0,0,0,0,0,0,0,0,0,0,0,0
ENSMUSG00000075218,Olfr995,0,0,0,0,0,0,0,0,0,0,0,0
ENSMUSG00000074783,AU019990,0,0,0,0,0,0,0,0,0,0,0,0
ENSMUSG00000026869,Psmd5,1231,1341,1124,1152,1173,525,1102,1141,1265,1111,1083,1007
ENSMUSG00000081445,Rpl23a-ps4,0,0,0,0,0,0,0,0,2,0,0,0
ENSMUSG00000084089,Gm14099,0,0,0,0,0,0,0,0,0,0,0,0
ENSMUSG00000081662,Gm14098,0,0,0,1,0,1,0,0,0,0,0,0
ENSMUSG00000075217,Fads2b,0,0,0,0,0,0,0,0,0,0,1,0
ENSMUSG00000111179,Olfr996,0,0,0,0,0,0,0,0,0,0,0,0
ENSMUSG00000044991,Shld1,39,36,26,26,51,16,37,23,33,32,40,43
ENSMUSG00000081047,Olfr997-ps1,0,0,0,0,0,0,0,0,0,0,0,0
ENSMUSG00000084839,Gm14097,0,0,0,0,0,0,0,0,0,0,0,0
ENSMUSG00000064413,Gm22245,0,0,0,0,1,0,0,0,0,0,0,0
ENSMUSG00000111454,Olfr998,0,0,0,0,0,0,0,0,0,0,0,0
ENSMUSG00000081955,Olfr999-ps1,0,0,0,0,0,0,0,0,0,0,0,0
ENSMUSG00000075215,Olfr1000,0,0,0,0,0,0,0,0,0,0,0,0
ENSMUSG00000111566,Olfr1001-ps1,0,0,0,0,0,0,0,0,0,0,0,0
ENSMUSG00000027350,Chgb,0,0,0,0,5,0,0,1,1,1,1,0
ENSMUSG00000075214,Olfr1002,0,0,0,0,0,0,0,0,0,0,0,0
ENSMUSG00000082577,Olfr1003-ps1,0,0,0,0,0,0,0,0,0,0,0,0
ENSMUSG00000026870,Cutal,0,0,0,0,1,2,1,0,0,2,0,0
ENSMUSG00000083358,Olfr1004-ps1,0,0,0,0,0,0,0,0,0,0,0,0
ENSMUSG00000075212,Olfr154,0,0,0,0,0,0,0,0,0,0,0,0
ENSMUSG00000110810,Olfr1005-ps1,0,0,0,0,0,0,0,0,0,0,0,0
ENSMUSG00000075211,Olfr1006,0,0,0,0,0,0,0,0,0,0,0,0
ENSMUSG00000110855,Olfr1007-ps1,0,0,0,0,0,0,0,0,0,0,0,0
ENSMUSG00000050603,Olfr1008,0,0,0,0,0,0,0,0,0,0,0,0
ENSMUSG00000043226,Olfr1009,0,0,0,0,0,0,0,0,0,0,1,0
ENSMUSG00000074570,Cass4,606,602,357,391,120,65,195,217,374,344,80,74
ENSMUSG00000110879,Olfr1010,0,0,0,0,0,0,0,0,0,0,0,0
ENSMUSG00000087633,Gm14455,3,4,2,2,5,4,4,4,4,2,5,4
ENSMUSG00000075210,Olfr1012,0,0,0,0,0,0,0,0,0,0,0,0
ENSMUSG00000053287,Olfr1013,0,0,0,0,0,0,0,0,0,0,0,0
ENSMUSG00000026873,Phf19,134,139,125,152,175,96,159,170,143,130,246,191
ENSMUSG00000059379,Olfr1014,0,0,0,0,0,0,0,0,0,0,0,0
ENSMUSG00000086001,Gm13448,2,0,2,1,0,2,0,1,0,1,2,0
ENSMUSG00000111120,Gm49332,0,0,0,0,0,0,0,0,0,0,0,0
ENSMUSG00000088754,Gm24905,0,0,0,0,0,0,0,0,0,0,0,0
ENSMUSG00000037376,Trmt6,2372,2659,2313,2343,2179,1604,2111,2462,2249,2209,1977,1859
ENSMUSG00000033850,Olfr1015,0,0,0,0,0,0,0,0,0,0,0,0
ENSMUSG00000075209,Olfr1016,0,0,0,0,0,0,0,0,0,0,0,0
ENSMUSG00000081057,Olfr1017-ps1,0,0,0,0,0,0,0,0,0,0,0,0
ENSMUSG00000027502,Rtf2,2346,2597,2047,2116,1723,793,1863,2029,2170,1898,1518,1355
ENSMUSG00000083029,Gm13720,0,0,0,0,0,0,0,0,0,0,0,0
ENSMUSG00000043892,Olfr1018,0,0,0,0,0,0,0,0,0,0,0,0
ENSMUSG00000075208,Olfr1019,0,0,0,0,0,0,0,0,0,0,0,0
ENSMUSG00000074569,Gcnt7,0,0,0,0,0,0,0,0,0,0,0,0
ENSMUSG00000046975,Olfr1020,0,0,0,0,0,0,0,0,0,0,0,0
ENSMUSG00000027505,Fam209,24,25,26,11,9,3,19,19,17,11,9,4
ENSMUSG00000082754,Olfr1021-ps1,0,0,0,0,0,0,0,0,0,0,0,0
ENSMUSG00000081344,Gm14303,4,6,11,3,7,0,4,4,4,8,9,8
ENSMUSG00000057761,Olfr1022,0,0,0,0,0,0,0,0,0,0,0,0
ENSMUSG00000064805,Gm24037,0,0,0,0,0,0,0,0,0,0,0,0
ENSMUSG00000050128,Olfr1023,0,0,0,0,0,0,0,0,0,0,0,0
ENSMUSG00000111834,Gm40020,0,0,0,0,0,0,2,0,1,0,0,0
ENSMUSG00000075206,Olfr1024,0,0,0,0,0,0,0,0,0,0,0,0
ENSMUSG00000058884,Olfr1025-ps1,0,0,0,0,0,0,0,0,0,0,0,0
ENSMUSG00000026875,Traf1,4533,5099,5556,5958,4113,1688,4602,5020,3680,3225,2732,2587
ENSMUSG00000042863,Olfr1026,0,0,0,0,0,0,0,0,0,0,0,0
ENSMUSG00000082892,Olfr1027-ps1,0,0,0,0,0,0,0,0,0,0,0,0
ENSMUSG00000083533,Gm13450,0,2,1,3,0,0,1,1,1,0,1,3
ENSMUSG00000057207,Olfr1028,0,0,0,0,0,0,0,0,0,0,0,0
ENSMUSG00000059873,Olfr1029,0,0,0,0,0,0,0,0,0,0,0,0
ENSMUSG00000044923,Olfr1030,0,0,0,0,0,0,0,0,0,0,0,0
ENSMUSG00000027353,Mcm8,194,237,262,231,348,286,270,254,215,202,317,269
ENSMUSG00000043267,Olfr1031,0,0,0,0,0,0,0,1,0,0,0,0
ENSMUSG00000042796,Olfr1032,0,0,0,0,0,0,0,0,0,0,0,0
ENSMUSG00000086575,Gm14104,0,0,1,0,0,1,0,0,0,0,1,0
ENSMUSG00000045392,Olfr1033,0,0,1,2,2,0,0,0,0,1,0,1
ENSMUSG00000028640,Tfap2c,0,1,0,0,0,2,0,0,0,0,1,0
ENSMUSG00000102091,Olfr1034,0,0,0,0,0,0,0,0,0,0,0,0
ENSMUSG00000083418,Olfr1035-ps1,0,0,0,0,0,0,0,0,0,0,0,0
ENSMUSG00002075929,#N/A,0,0,0,0,2,2,0,0,0,0,0,0
ENSMUSG00000099820,Olfr1036,0,0,0,0,0,0,0,0,0,0,0,0
ENSMUSG00000026874,Hc,62,96,172,158,75,55,90,104,48,59,30,38
ENSMUSG00000075205,Olfr1037,0,0,0,0,0,0,0,0,0,0,0,0
ENSMUSG00000083594,Gm13722,0,0,0,0,0,0,0,0,0,0,0,0
ENSMUSG00000008999,Bmp7,21,22,25,21,56,42,33,45,45,46,44,47
ENSMUSG00000085599,Gm13449,1,1,0,0,1,0,0,0,0,0,0,0
ENSMUSG00000050577,Olfr1038-ps,0,0,0,0,0,0,0,0,0,0,0,0
ENSMUSG00000075204,Olfr1039,0,0,0,0,0,0,0,0,0,0,0,0
ENSMUSG00000075203,Olfr1040,0,0,0,0,0,0,0,0,0,0,0,0
ENSMUSG00000111802,Olfr1041-ps1,0,0,0,0,0,0,0,0,0,0,0,0
ENSMUSG00000075202,Olfr1042,0,0,0,0,0,0,0,0,0,0,0,0
ENSMUSG00000075201,Olfr1043,0,0,0,0,0,0,0,0,0,0,0,0
ENSMUSG00000027357,Crls1,1105,1222,938,976,1147,818,1019,983,1189,1058,1058,1022
ENSMUSG00000075200,Olfr1044,0,0,0,0,0,0,0,0,0,0,0,0
ENSMUSG00000075199,Olfr52,0,0,0,0,0,0,0,0,0,0,0,0
ENSMUSG00000075198,Olfr1045,0,0,0,0,0,0,0,0,0,0,0,0
ENSMUSG00000043110,Lrrn4,0,0,1,1,0,2,0,0,1,0,1,1
ENSMUSG00000075197,Olfr1046,0,0,0,0,0,0,0,0,0,0,0,0
ENSMUSG00000075196,Olfr1047,0,0,0,0,0,0,0,0,0,0,0,0
ENSMUSG00000075195,Olfr1048,0,0,0,0,0,1,0,0,0,0,0,0
ENSMUSG00000075194,Olfr1049,0,0,0,0,0,0,0,0,0,0,0,0
ENSMUSG00000083969,Olfr1050-ps1,0,0,0,0,0,0,0,0,0,0,0,0
ENSMUSG00000058740,Kcnt1,0,0,0,0,2,4,0,0,0,0,0,1
ENSMUSG00000075193,Olfr1051,0,0,0,0,0,0,0,0,0,0,0,0
ENSMUSG00000035875,AI182371,5,1,3,4,3,4,0,7,5,3,5,12
ENSMUSG00000047149,Olfr1052,0,0,0,0,0,0,0,0,0,0,0,0
ENSMUSG00000027356,Fermt1,1,0,0,0,0,0,1,0,0,0,0,0
ENSMUSG00000075192,Olfr1053,0,0,0,0,0,0,0,0,0,0,0,0
ENSMUSG00000083864,Gm13719,0,0,0,1,1,0,0,3,1,1,0,1
ENSMUSG00000086478,Gm14102,0,0,0,0,0,0,0,0,0,0,0,0
ENSMUSG00000084393,Gm14101,0,0,0,0,0,0,1,0,2,0,0,0
ENSMUSG00000075190,Olfr1054,0,0,0,0,0,0,0,0,0,0,0,0
ENSMUSG00000065050,Gm25704,0,0,0,0,0,0,0,0,0,0,0,0
ENSMUSG00000082940,Gm14103,0,0,0,0,0,0,0,0,0,0,0,0
ENSMUSG00000111716,Gm48554,0,0,0,0,0,0,0,0,0,0,0,0
ENSMUSG00000083689,Gm14094,0,1,0,1,0,0,0,0,1,2,1,0
ENSMUSG00000098578,Gm27449,0,0,0,0,0,0,0,0,0,0,0,0
ENSMUSG00000075189,Olfr1055,0,0,0,0,0,0,0,0,0,0,0,0
ENSMUSG00000086650,A430048G15Rik,0,0,0,0,0,0,0,0,0,0,0,0
ENSMUSG00000087585,Gm14100,0,0,0,0,0,0,0,0,0,0,0,0
ENSMUSG00000075188,Olfr1056,0,0,0,0,0,0,0,0,0,0,0,0
ENSMUSG00000075187,Olfr1057,0,0,0,0,0,1,0,0,0,0,0,0
ENSMUSG00000027358,Bmp2,5,9,4,3,6,1,3,1,5,3,2,3
ENSMUSG00000093338,Mir3090,0,0,0,0,0,0,0,0,0,0,0,0
ENSMUSG00000119228,#N/A,0,0,0,0,0,0,0,0,0,0,0,0
ENSMUSG00000075186,Olfr1058,0,0,0,0,0,0,0,0,0,0,0,0
ENSMUSG00000111384,Olfr1059-ps1,0,0,0,0,0,0,0,0,0,0,0,0
ENSMUSG00000111010,Gm20734,0,0,0,0,0,0,0,0,0,0,0,0
ENSMUSG00000100458,Olfr1060-ps1,0,0,0,0,0,0,0,0,0,0,0,0
ENSMUSG00000075185,Olfr1061,0,0,0,0,0,0,0,0,0,0,0,0
ENSMUSG00000027261,Hao1,2,3,1,2,0,0,0,2,1,1,1,1
ENSMUSG00000090059,Olfr1062,0,0,0,0,0,0,0,0,0,0,0,0
ENSMUSG00000084117,Olfr1063-ps1,0,0,0,0,0,0,0,0,0,0,0,0
ENSMUSG00000110878,Olfr1064-ps1,0,0,0,0,0,0,0,0,0,0,0,0
ENSMUSG00000111306,Olfr1065,0,0,0,0,0,0,0,0,0,0,0,0
ENSMUSG00000075181,Olfr1066,0,0,0,0,0,0,0,0,0,0,0,0
ENSMUSG00000080752,Olfr1069-ps1,0,0,0,0,0,0,0,0,0,0,0,0
ENSMUSG00000111643,Gm48628,0,0,0,0,0,0,0,0,0,0,0,0
ENSMUSG00000111736,Olfr1070-ps1,0,0,0,0,0,0,0,0,0,0,0,0
ENSMUSG00000034723,Tmx4,422,395,325,328,296,186,291,386,376,356,319,298
ENSMUSG00000111772,Olfr228,0,0,0,0,0,0,0,0,0,0,0,0
ENSMUSG00000081243,Gm14037,0,0,0,0,0,0,0,1,0,0,2,0
ENSMUSG00000111518,Olfr1073-ps1,0,0,0,0,0,0,0,0,0,0,0,0
ENSMUSG00000083879,Gm14038,0,0,0,0,0,1,1,0,0,2,0,1
ENSMUSG00000082547,Olfr1073-ps1,0,0,0,0,0,0,0,0,0,0,0,0
ENSMUSG00000110999,Olfr1075-ps1,0,0,0,0,0,0,0,0,0,0,0,0
ENSMUSG00000111105,Gm5023,0,0,0,0,0,0,0,0,0,0,0,0
ENSMUSG00000060742,Olfr1076,0,0,0,0,0,0,0,0,0,0,0,0
ENSMUSG00000111678,Olfr1077-ps1,0,0,0,0,0,0,0,0,0,0,0,0
ENSMUSG00000080924,Olfr1078-ps1,0,0,0,0,0,0,0,0,0,0,0,0
ENSMUSG00000005883,Spo11,5,2,1,2,4,1,10,6,5,0,11,8
ENSMUSG00000075179,Olfr1079,0,0,0,0,0,0,0,0,0,0,0,0
ENSMUSG00000110912,Olfr1080,0,0,0,0,0,0,0,0,0,0,0,0
ENSMUSG00000080986,Olfr1081-ps1,0,0,0,0,0,0,0,0,0,0,0,0
ENSMUSG00000111689,Olfr1082,0,0,0,0,0,1,0,0,0,0,0,0
ENSMUSG00000068824,Olfr1083-ps,0,0,0,0,0,0,0,0,0,0,0,0
ENSMUSG00000110804,Olfr1084,0,0,0,0,0,0,0,0,0,0,0,0
ENSMUSG00000075176,Olfr1085,0,0,0,0,2,1,0,0,0,0,1,0
ENSMUSG00000075175,Olfr1086,0,0,0,0,0,0,0,0,0,0,0,0
ENSMUSG00000075174,Olfr1087,0,0,0,0,0,0,0,0,0,0,0,0
ENSMUSG00000110953,Olfr1088-ps1,0,0,0,0,0,0,0,0,0,0,0,0
ENSMUSG00000111711,Olfr1089,0,0,0,0,0,0,0,0,0,0,0,0
ENSMUSG00000027509,Rae1,2878,3344,2501,2702,2838,1204,2659,2598,3032,2737,2598,2383
ENSMUSG00000027510,Rbm38,4736,4614,2930,3046,3501,1652,3183,3405,4520,3929,4038,4185
ENSMUSG00000092596,Gm20490,0,1,0,0,1,0,0,0,0,2,0,0
ENSMUSG00000075172,Olfr1090,0,0,0,0,0,1,0,0,0,0,0,1
ENSMUSG00000087442,Gm14453,4,1,1,0,0,3,4,3,2,1,1,5
ENSMUSG00000111493,Olfr1091-ps1,0,0,0,0,0,0,0,0,0,0,0,0
ENSMUSG00000111295,Olfr1092-ps1,0,0,0,0,0,0,0,0,0,0,0,0
ENSMUSG00000047969,Olfr1093,0,0,0,0,0,0,0,0,0,0,0,0
ENSMUSG00000078420,Olfr141,0,0,0,0,0,0,0,0,0,0,0,0
ENSMUSG00000044213,Olfr1094,0,0,0,0,0,0,0,0,0,0,0,0
ENSMUSG00000075171,Olfr1095,0,0,0,0,0,0,0,0,0,0,0,0
ENSMUSG00000070495,Ctcfl,0,0,0,0,0,1,0,0,0,0,0,0
ENSMUSG00000086338,Gm13723,0,0,0,0,1,8,0,0,0,0,0,0
ENSMUSG00000075170,Olfr1097,0,0,0,0,0,0,0,0,0,0,0,0
ENSMUSG00000087382,Ctcflos,0,0,0,0,1,0,4,0,0,0,0,0
ENSMUSG00000075169,Olfr1098,0,0,0,0,0,0,0,0,0,0,0,0
ENSMUSG00000111322,Gm48002,0,0,0,0,0,0,0,0,0,0,0,0
ENSMUSG00000075168,Olfr1099,0,0,0,0,0,2,0,0,0,0,0,0
ENSMUSG00000070875,Olfr1100,0,0,0,0,0,0,0,0,0,0,0,0
ENSMUSG00000075167,Olfr1101,0,0,0,0,0,0,0,0,0,0,0,0
ENSMUSG00000049843,Olfr1102,0,0,0,0,0,0,0,0,0,0,0,0
ENSMUSG00000027513,Pck1,0,1,0,0,1,2,0,0,0,0,0,0
ENSMUSG00000083147,Olfr1103-ps1,0,0,0,0,0,0,0,0,0,0,0,0
ENSMUSG00000075166,Olfr1104,0,0,0,0,0,0,0,0,0,0,0,0
ENSMUSG00000075165,Olfr1105,0,0,0,0,0,0,0,0,0,0,1,0
ENSMUSG00000075164,Olfr1106,0,0,0,0,0,0,0,0,0,0,0,0
ENSMUSG00000075163,Olfr1107,0,0,0,0,0,0,0,0,0,0,0,0
ENSMUSG00000110886,Olfr1108-ps1,0,0,0,0,0,0,0,0,0,0,0,0
ENSMUSG00000075161,Olfr1109,0,0,0,0,0,1,0,0,0,0,0,0
ENSMUSG00000027514,Zbp1,272,301,300,390,187,123,395,449,262,254,226,212
ENSMUSG00000075160,Olfr259,0,0,0,0,0,0,0,0,0,0,3,0
ENSMUSG00000026933,Camsap1,1662,1680,1347,1264,1269,785,1057,1436,1404,1317,1236,1122
ENSMUSG00000081610,Gm13733,0,0,0,0,0,0,0,0,0,0,0,0
ENSMUSG00000075159,Olfr1110,0,0,0,0,0,0,0,0,0,0,0,0
ENSMUSG00000038400,Pmepa1,1913,2019,1168,1268,1285,884,1194,1251,1661,1557,1118,1068
ENSMUSG00000087600,Pmepa1os,0,1,0,0,0,0,0,0,2,2,0,0
ENSMUSG00000086114,Gm14642,0,1,0,0,0,0,0,0,0,0,0,0
ENSMUSG00000075158,Olfr1111,0,0,0,0,0,0,0,0,0,0,0,0
ENSMUSG00000081041,Nlk-ps1,0,0,0,0,0,0,0,0,0,0,0,0
ENSMUSG00000051177,Plcb1,0,0,0,0,0,0,0,0,0,0,0,0
ENSMUSG00000044487,Olfr1112,0,0,0,0,0,3,0,0,0,0,0,0
ENSMUSG00000027518,1700021F07Rik,0,0,0,0,0,0,0,0,0,0,0,0
ENSMUSG00000082357,Gm13542,0,1,0,0,0,0,0,0,0,2,1,4
ENSMUSG00000081168,Gm13730,0,0,0,0,1,0,0,0,1,0,0,0
ENSMUSG00000070857,Olfr1113,0,0,0,0,0,0,0,0,0,0,0,0
ENSMUSG00000111248,Olfr1114-ps1,0,0,0,0,0,0,0,0,0,0,0,0
ENSMUSG00000081853,Gm13735,0,0,0,0,0,0,0,0,0,0,1,0
ENSMUSG00000082399,Gm14036,0,1,0,0,0,0,0,1,0,0,0,1
ENSMUSG00000085247,4930545L23Rik,0,0,0,0,0,0,0,0,0,0,0,0
ENSMUSG00000070856,Olfr1115,0,0,0,0,0,0,0,0,0,0,0,0
ENSMUSG00000027517,Ankrd60,0,1,0,1,0,0,2,1,0,0,0,0
ENSMUSG00000085631,9630028H03Rik,0,0,0,0,0,1,0,0,0,0,0,0
ENSMUSG00002076800,#N/A,0,0,0,0,0,0,0,0,0,0,0,0
ENSMUSG00000084043,Gm13732,0,0,0,0,0,0,0,0,0,0,0,0
ENSMUSG00000084762,Platr3,0,0,0,0,0,0,0,0,0,0,0,0
ENSMUSG00000070855,Olfr1116,0,0,0,0,0,0,0,0,1,0,0,0
ENSMUSG00000082225,Gm13728,0,0,0,0,0,0,0,0,0,0,0,0
ENSMUSG00000089732,Olfr1117-ps1,0,0,0,0,0,0,0,0,0,0,0,0
ENSMUSG00000083550,Gm13729,0,0,0,0,0,0,0,0,0,0,0,0
ENSMUSG00000083706,Olfr1118,0,0,0,0,0,0,0,0,0,0,0,0
ENSMUSG00000083211,Gm13737,0,0,0,0,0,0,0,0,0,0,0,0
ENSMUSG00000081907,Gm13731,0,0,0,0,0,0,0,0,0,0,0,0
ENSMUSG00000111093,Olfr1119-ps1,0,0,0,0,0,0,0,0,0,0,0,0
ENSMUSG00000081234,Olfr1120,1,0,0,0,0,0,0,0,0,0,0,0
ENSMUSG00000070852,Olfr1121,0,0,0,0,0,0,0,0,0,0,0,0
ENSMUSG00000047594,Olfr1122,0,0,0,0,0,0,0,0,0,0,0,0
ENSMUSG00000082028,Gm1826,5,2,3,2,1,0,3,4,2,1,1,1
ENSMUSG00000043274,Olfr1123,0,0,0,0,0,0,0,0,0,0,0,0
ENSMUSG00000050772,Olfr1124,0,0,0,0,3,4,6,3,0,0,1,0
ENSMUSG00000036352,Ubac1,556,610,444,499,572,232,551,453,553,536,556,562
ENSMUSG00000058194,Olfr1126,0,0,0,0,0,0,0,0,0,0,0,0
ENSMUSG00000025839,Pramel7,0,0,0,0,0,0,0,0,0,0,0,0
ENSMUSG00000055897,Ppp4r1l-ps,111,104,113,102,97,70,77,99,101,82,99,99
ENSMUSG00000025838,Pramel6,0,0,0,0,0,0,0,0,0,0,0,0
ENSMUSG00000081762,Gm13738,0,0,0,0,0,0,0,0,0,0,0,0
ENSMUSG00000083267,Olfr1127-ps1,0,0,0,0,0,0,0,0,0,0,0,0
ENSMUSG00000082908,Gm13736,1,2,0,0,2,0,1,4,0,0,0,2
ENSMUSG00000061520,Olfr153,0,0,0,0,0,0,0,0,0,0,0,0
ENSMUSG00000075156,Olfr1128,0,0,0,0,0,0,0,0,0,0,0,0
ENSMUSG00000082417,Gm13740,7,7,2,4,6,0,3,3,14,6,1,7
ENSMUSG00000081132,Gm13744,2,0,0,1,0,0,0,1,0,1,0,1
ENSMUSG00000083688,Gm13743,12,15,21,18,15,3,3,6,15,9,7,11
ENSMUSG00000062272,Olfr1129,0,0,0,0,0,0,0,0,0,0,0,0
ENSMUSG00000026932,Nacc2,10,6,4,3,5,1,3,1,2,3,1,1
ENSMUSG00000059205,Olfr1130,0,0,0,0,0,0,0,0,0,0,0,0
ENSMUSG00000068819,Olfr1131,0,0,0,0,0,7,0,0,0,0,0,0
ENSMUSG00000087515,Gm13554,0,0,0,0,0,0,0,0,0,1,0,0
ENSMUSG00000027519,Rab22a,1319,1422,1174,1149,1280,691,1072,1263,1287,1240,1178,999
ENSMUSG00000068818,Olfr1132,0,0,0,0,0,1,0,0,0,0,0,0
ENSMUSG00000082428,Gm13742,0,0,0,0,0,0,0,0,0,0,0,0
ENSMUSG00000087679,Tmem250-ps,245,258,167,199,210,75,221,198,242,228,237,257
ENSMUSG00000098588,Mir6340,1,0,0,0,0,1,0,0,0,0,0,0
ENSMUSG00000087595,1810012K08Rik,1,0,0,2,0,0,0,0,0,1,0,1
ENSMUSG00000057047,1700010B08Rik,0,0,0,0,0,0,0,0,0,1,0,0
ENSMUSG00000075155,Olfr1133,0,0,0,0,0,0,0,0,0,0,0,0
ENSMUSG00000085545,Gm13553,0,0,0,0,0,0,0,0,0,0,0,0
ENSMUSG00000111747,Olfr1134,0,0,0,0,0,0,0,0,0,0,0,0
ENSMUSG00000075153,Olfr1135,0,0,0,0,0,0,0,0,0,0,0,0
ENSMUSG00000054455,Vapb,1276,1408,1104,1215,1217,613,1057,1111,1266,1226,1192,1024
ENSMUSG00000075151,Olfr1136,0,0,0,0,0,1,0,0,0,0,0,0
ENSMUSG00000118399,Gm18917,3,1,0,2,1,1,0,1,2,1,1,0
ENSMUSG00000085938,Gm14371,0,0,0,0,0,0,0,0,0,0,0,0
ENSMUSG00000082543,Gm14336,0,0,0,0,0,0,0,0,1,0,0,0
ENSMUSG00000081700,Atp5k-ps2,0,0,0,2,0,0,0,0,0,0,3,0
ENSMUSG00000082519,Vamp7-ps,0,1,0,2,2,0,0,0,4,3,1,1
ENSMUSG00000075150,Olfr1137,0,0,0,0,0,1,0,0,0,0,0,0
ENSMUSG00000075149,Olfr1138,0,0,0,0,0,0,0,0,0,0,0,0
ENSMUSG00000068817,Olfr1140,0,0,0,0,0,0,0,0,0,0,0,0
ENSMUSG00000111543,Olfr1139-ps1,0,0,0,0,0,0,0,0,0,0,0,0
ENSMUSG00000057378,Ryr3,7,3,0,3,1,3,4,3,1,0,0,1
ENSMUSG00000075148,Olfr1141,0,0,0,0,0,0,0,0,0,0,0,0
ENSMUSG00000068816,Olfr152,0,0,0,0,0,0,0,0,0,0,0,0
ENSMUSG00000111455,Olfr1142-ps1,0,0,0,0,0,0,0,0,0,0,0,0
ENSMUSG00000026934,Lhx3,0,0,0,0,1,3,0,0,0,0,1,0
ENSMUSG00000068815,Olfr1143,0,0,0,0,0,0,0,0,0,0,0,0
ENSMUSG00000082227,Olfr1144-ps1,0,0,0,0,0,0,0,0,0,0,0,0
ENSMUSG00000098977,Gm27196,0,0,0,0,0,0,0,0,0,0,0,0
ENSMUSG00000068814,Olfr1145,0,0,0,0,0,0,0,0,0,0,0,0
ENSMUSG00000083185,Olfr1146-ps1,0,0,0,0,0,0,0,0,0,0,0,0
ENSMUSG00000081908,Olfr1147-ps1,0,0,0,0,0,0,0,0,0,0,0,0
ENSMUSG00000061875,Olfr1148,0,0,0,0,0,0,0,0,0,0,0,0
ENSMUSG00000082982,Olfr1149-ps1,0,0,0,0,0,0,0,0,0,0,0,0
ENSMUSG00000070853,Olfr1150-ps1,0,0,0,0,0,0,0,0,0,0,0,0
ENSMUSG00000047039,Olfr1151,0,0,0,0,0,0,0,0,0,0,0,0
ENSMUSG00000045225,Olfr1152,0,0,0,0,0,1,1,1,0,0,1,0
ENSMUSG00000082056,Gm13745,0,0,0,0,0,0,0,0,0,0,0,0
ENSMUSG00000048197,Olfr1153,0,0,0,0,0,0,0,0,0,0,0,0
ENSMUSG00000027522,Stx16,1225,1295,1224,1151,1154,755,983,1184,1188,1067,1280,1101
ENSMUSG00000075146,Olfr1154,0,0,0,0,0,0,0,0,0,0,0,0
ENSMUSG00000041255,Tmco5b,0,0,0,0,0,0,0,0,0,0,0,0
ENSMUSG00000075145,Olfr1155,0,0,0,0,0,0,0,0,0,0,0,0
ENSMUSG00000093660,Gm26505,0,0,0,0,0,0,0,0,0,0,0,0
ENSMUSG00000075144,Olfr1156,0,0,0,0,0,0,0,0,0,0,0,0
ENSMUSG00000075143,Olfr1157,0,0,0,0,0,0,0,0,0,0,0,0
ENSMUSG00000036327,Qsox2,903,968,696,792,693,383,603,778,773,748,700,721
ENSMUSG00000075142,Olfr74,0,0,0,0,0,0,0,0,0,0,0,0
ENSMUSG00000062793,Olfr1158,0,0,0,0,0,0,0,0,0,0,0,0
ENSMUSG00000081345,Olfr1159-ps1,0,0,0,0,0,0,0,0,0,0,0,0
ENSMUSG00000075141,Olfr1160,0,0,0,0,0,0,0,0,0,0,0,0
ENSMUSG00000039943,Plcb4,45,43,32,33,44,62,21,33,19,23,35,21
ENSMUSG00000045150,Olfr1161,0,0,0,0,1,3,0,0,0,0,0,0
ENSMUSG00000039263,Npepl1,4763,5306,4137,3991,4586,1558,4212,4261,5222,4478,4538,4638
ENSMUSG00000075140,Olfr73,0,0,0,0,0,0,0,0,0,0,0,0
ENSMUSG00000085908,Gm14209,0,0,0,1,1,0,0,0,0,0,0,0
ENSMUSG00000085709,Gm14211,0,0,0,0,0,0,0,0,0,0,0,0
ENSMUSG00000086928,Gm14210,0,0,0,0,0,0,0,0,0,0,0,0
ENSMUSG00000074555,Gm10714,2,0,0,0,0,0,0,0,0,0,0,0
ENSMUSG00000064444,Gm26227,0,0,0,0,0,0,0,0,0,0,0,0
ENSMUSG00002075371,#N/A,0,0,0,0,0,0,0,0,0,0,0,0
ENSMUSG00000075139,Olfr1162,0,0,0,0,1,3,0,0,0,0,1,0
ENSMUSG00000065521,Mir296,0,0,0,1,0,0,1,0,0,0,0,1
ENSMUSG00000065410,Mir298,0,1,0,0,0,0,0,0,0,0,0,1
ENSMUSG00000075137,Olfr1163,0,0,0,0,0,0,0,0,0,0,0,0
ENSMUSG00000086537,Gnasas1,41,40,43,41,42,37,29,66,38,42,61,54
ENSMUSG00000075136,Olfr1164,0,0,1,0,0,0,0,0,0,0,0,0
ENSMUSG00000046590,Olfr1165-ps,0,0,0,0,0,2,0,0,0,0,0,0
ENSMUSG00000057110,Cntrl,3249,3446,2944,2851,2156,2192,1791,3085,2283,2348,2591,2274
ENSMUSG00000101078,Olfr1166,0,0,0,0,0,0,0,0,0,0,0,0
ENSMUSG00000027270,Lamp5,0,0,0,0,0,0,0,0,0,0,0,0
ENSMUSG00000100899,Olfr1167,0,0,0,0,0,0,0,0,0,0,0,0
ENSMUSG00000061342,Olfr1168,0,0,0,0,0,0,0,0,0,0,0,0
ENSMUSG00000084405,Olfr1169-ps1,0,0,0,0,0,2,0,0,0,0,0,0
ENSMUSG00000075133,Olfr1170,0,0,0,0,0,1,0,0,0,0,0,0
ENSMUSG00000082010,Olfr1171-ps1,0,0,0,0,0,0,0,0,0,0,0,0
ENSMUSG00000039913,Pak7,2,0,0,0,0,0,0,0,0,1,0,1
ENSMUSG00000085383,Gm14218,0,0,0,0,0,0,0,0,0,0,0,0
ENSMUSG00000082647,Gm14056,0,0,0,0,0,0,0,1,0,0,1,0
ENSMUSG00000048038,Ccdc187,1,0,0,0,2,0,0,0,0,0,1,0
ENSMUSG00000081310,Gm14054,0,0,0,0,0,0,0,0,0,0,0,0
ENSMUSG00000026878,Rab14,3116,3081,2605,2466,2350,1686,2338,2540,2633,2360,2298,2247
ENSMUSG00000084768,Gm13605,0,0,0,0,0,0,0,0,0,0,0,0
ENSMUSG00000074771,Ankef1,0,0,0,0,0,0,0,0,0,0,0,0
ENSMUSG00000103066,Gm36967,0,0,0,0,0,0,0,0,0,0,0,0
ENSMUSG00000027273,Snap25,9,10,5,1,10,9,7,3,2,4,6,8
ENSMUSG00000082849,Gm14053,1,1,2,2,0,0,1,1,2,2,1,1
ENSMUSG00000027274,Mkks,97,108,95,79,88,78,69,82,120,85,90,97
ENSMUSG00000115423,AL731706.1,0,0,0,0,0,0,0,0,0,0,0,0
ENSMUSG00000116563,AL731706.2,0,0,0,0,0,0,0,0,0,0,0,0
ENSMUSG00000026930,Gpsm1,235,263,205,166,215,87,158,182,234,196,207,243
ENSMUSG00000044042,Fmn1,0,1,0,0,1,3,0,0,1,0,0,0
ENSMUSG00000084391,Gm13967,0,0,0,0,0,0,0,0,0,0,0,0
ENSMUSG00000075467,Dnlz,953,994,823,817,841,351,783,847,976,813,901,835
ENSMUSG00000085448,Gm13963,0,0,0,0,0,0,0,0,0,0,0,0
ENSMUSG00000087545,Gm13966,0,0,0,0,0,0,0,0,0,0,0,0
ENSMUSG00002075162,#N/A,0,0,0,0,0,0,0,0,0,0,0,0
ENSMUSG00000087106,Gm13964,0,0,0,0,0,0,0,0,0,0,0,0
ENSMUSG00000084798,4930533B01Rik,0,0,0,0,0,0,0,0,0,0,0,0
ENSMUSG00000074934,Grem1,0,0,0,0,0,0,0,0,0,0,0,0
ENSMUSG00000026928,Card9,19,8,12,9,11,4,12,13,10,11,9,6
ENSMUSG00000027281,Slx4ip,164,171,142,128,187,146,108,149,136,155,191,186
ENSMUSG00000086779,Gm13562,0,0,3,1,0,0,1,1,2,1,0,0
ENSMUSG00000023236,Scg5,1,3,3,1,1,1,2,1,1,0,0,0
ENSMUSG00000027276,Jag1,0,2,7,4,2,8,5,0,3,4,9,1
ENSMUSG00000099683,Gm28214,0,0,0,0,0,0,0,0,0,0,0,0
ENSMUSG00000085504,Gm14055,0,0,0,0,0,0,0,0,0,0,0,0
ENSMUSG00000085640,Gm14064,0,0,0,0,0,0,0,0,0,0,0,0
ENSMUSG00000086214,Gm14062,0,0,0,0,0,0,0,0,0,0,0,0
ENSMUSG00000026879,Gsn,1165,1292,1148,1235,636,236,1163,1319,890,794,598,538
ENSMUSG00000062098,Btbd3,3,1,0,6,3,1,1,7,3,2,6,3
ENSMUSG00000085911,Gm14061,0,0,0,0,0,0,0,0,0,0,0,0
ENSMUSG00000088983,Mir1952,0,0,0,0,0,0,0,0,0,0,0,0
ENSMUSG00000106961,Gm43128,1,0,1,0,0,2,0,3,1,0,0,0
ENSMUSG00000081009,Gm14065,0,0,0,0,0,0,0,0,0,0,0,0
ENSMUSG00000082526,Gm14067,0,0,0,0,0,0,0,0,0,0,0,0
ENSMUSG00000082285,Gm14069,0,0,0,0,0,0,0,0,0,0,0,0
ENSMUSG00000085071,Gm14066,0,0,0,0,0,0,0,0,0,0,0,0
ENSMUSG00000081799,Gm14071,0,0,0,0,0,0,0,0,0,0,0,0
ENSMUSG00000041219,Arhgap11a,922,945,1117,1023,1434,1127,1123,1316,848,846,1275,1199
ENSMUSG00000096006,Gm21596,3,2,3,4,5,4,4,3,9,2,3,7
ENSMUSG00000026880,Stom,50,56,34,42,23,7,31,44,26,26,30,34
ENSMUSG00000068615,Gjd2,0,0,0,0,0,0,0,0,0,0,0,0
ENSMUSG00000075391,Gm13443,2,1,1,2,0,0,3,0,0,1,0,0
ENSMUSG00000092201,A530058N18Rik,0,0,0,0,0,0,0,0,0,0,0,0
ENSMUSG00000026882,4930568D16Rik,0,0,0,0,0,0,0,0,0,0,0,0
ENSMUSG00000039092,Sptlc3,0,0,0,0,0,0,0,0,0,0,0,0
ENSMUSG00002075194,#N/A,0,0,0,0,0,0,0,0,0,0,0,0
ENSMUSG00000036281,Snapc4,2130,2229,1839,1857,1642,746,1373,1749,1868,1858,1772,1753
ENSMUSG00000079421,4930402F06Rik,0,0,1,0,0,0,0,0,0,0,0,0
ENSMUSG00000074766,Ism1,103,117,82,91,76,41,56,56,65,46,37,30
ENSMUSG00000087694,A530058N18Rik,0,0,0,0,0,0,0,0,0,0,0,0
ENSMUSG00000085767,Gm13563,6,2,5,5,8,2,5,6,13,12,9,8
ENSMUSG00000068614,Actc1,0,0,0,0,0,1,0,0,1,0,2,1
ENSMUSG00000035778,Ggta1,944,960,829,913,915,600,668,964,832,765,859,778
ENSMUSG00000039033,Tasp1,555,579,496,457,434,280,403,420,512,433,484,436
ENSMUSG00000106856,Gm43761,2,2,0,3,1,0,3,4,2,3,0,0
ENSMUSG00000081841,Gm13444,0,0,0,3,1,1,0,2,1,0,0,0
ENSMUSG00000081421,Gm13445,1,1,4,3,2,1,0,6,4,4,4,4
ENSMUSG00000085668,Gm35202,0,0,0,0,0,0,0,0,0,0,0,0
ENSMUSG00000084207,Gm14070,0,0,0,0,0,0,1,0,0,0,0,0
ENSMUSG00000086555,Gm13446,0,0,0,0,0,0,0,0,0,0,0,0
ENSMUSG00000092397,C130080G10Rik,0,0,0,0,0,2,0,0,0,0,0,0
ENSMUSG00000080006,Rps19-ps7,1,0,1,1,0,1,1,1,1,0,0,0
ENSMUSG00000083110,Gm14073,0,0,0,0,0,0,0,0,0,0,0,0
ENSMUSG00000045624,Esf1,2717,3113,2197,2398,2241,2668,2155,2224,1714,2467,2463,2094
ENSMUSG00000078197,Gm17374,0,0,0,0,0,0,0,0,0,0,0,0
ENSMUSG00000027384,Ndufaf5,228,239,168,173,239,102,180,164,222,177,284,229
ENSMUSG00000074764,Sel1l2,0,0,0,0,0,0,0,0,0,0,0,0
ENSMUSG00000026927,Entr1,3092,3487,2683,2935,2743,1553,2611,3014,2887,2459,2524,2303
ENSMUSG00000040383,Aqr,4972,5230,4138,4253,4081,2748,3223,4078,4489,4420,4164,3973
ENSMUSG00000098464,Mir7002,0,0,0,0,0,0,0,0,0,0,0,0
ENSMUSG00000040321,Zfp770,626,647,592,578,712,516,430,574,560,590,649,663
ENSMUSG00002075961,#N/A,0,0,0,0,0,0,0,0,0,0,0,0
ENSMUSG00000101266,Gm29234,0,0,0,0,0,0,0,0,0,0,0,0
ENSMUSG00000068205,Macrod2,12,11,6,6,16,6,10,7,18,5,13,16
ENSMUSG00000119045,#N/A,0,0,0,0,0,0,0,0,0,0,0,0
ENSMUSG00000051379,Flrt3,0,0,2,2,1,0,1,3,1,2,1,0
ENSMUSG00000081731,Calr-ps,3,5,2,2,3,2,1,2,1,4,1,4
ENSMUSG00000083274,Zcchc9-ps,0,0,0,0,0,0,0,0,0,0,0,0
ENSMUSG00000074763,Macrod2os2,0,0,0,0,0,0,0,0,0,0,0,0
ENSMUSG00000086450,Macrod2os1,0,0,0,0,0,1,0,0,0,0,0,0
ENSMUSG00000119211,#N/A,0,0,0,0,0,0,0,0,0,0,0,0
ENSMUSG00000082412,Fau-ps1,0,0,0,0,0,0,0,0,0,0,0,0
ENSMUSG00002076022,#N/A,0,0,0,0,0,0,0,0,0,0,0,0
ENSMUSG00000081125,Rpl26-ps5,0,0,0,0,0,0,0,0,0,0,0,0
ENSMUSG00000083215,Rbmx2-ps,0,1,0,0,0,0,0,0,0,0,0,0
ENSMUSG00000026926,Pmpca,2881,3191,2585,2595,2326,1359,2294,2663,2798,2660,2421,2269
ENSMUSG00000057147,Dph6,565,552,437,389,500,456,405,435,555,461,635,587
ENSMUSG00000084785,Gm13972,0,0,0,0,0,1,0,0,0,0,0,0
ENSMUSG00000082997,Gm13975,0,0,0,0,0,0,0,0,0,0,0,0
ENSMUSG00000085222,Gm13974,0,0,0,0,0,0,0,0,0,0,0,0
ENSMUSG00000101448,Gm28494,0,0,0,0,0,0,0,0,0,0,0,0
ENSMUSG00000099361,Gm28492,0,0,0,0,0,0,0,0,0,0,0,0
ENSMUSG00000084222,Gm13973,0,0,0,0,0,0,0,0,0,0,0,0
ENSMUSG00000099802,Gm28493,0,0,0,0,0,0,0,0,0,0,0,0
ENSMUSG00000087309,4930528P14Rik,0,0,0,0,0,0,0,0,0,0,0,0
ENSMUSG00000086197,Gm13976,0,0,0,0,0,0,0,0,0,0,0,0
ENSMUSG00000085582,3110099E03Rik,0,0,0,0,0,1,0,0,0,0,0,0
ENSMUSG00000086735,Gm13977,0,0,0,0,0,0,0,0,0,0,0,1
ENSMUSG00000040282,BC052040,125,138,117,113,192,153,136,157,144,112,191,175
ENSMUSG00000088606,Mir1951,0,0,0,0,0,0,0,0,0,0,0,0
ENSMUSG00000026925,Inpp5e,710,788,564,574,648,294,518,653,665,707,629,680
ENSMUSG00000038844,Kif16b,456,495,291,312,402,258,243,345,425,411,491,423
ENSMUSG00000088134,Gm22310,0,0,0,0,0,0,0,0,0,0,0,0
ENSMUSG00000086504,Kif16bos,0,0,1,0,1,3,0,2,2,2,0,1
ENSMUSG00000008333,Snrpb2,1961,2177,1805,1768,2056,1360,2028,2000,2066,2013,1854,1822
ENSMUSG00000027416,Otor,0,0,0,0,0,0,0,0,0,0,0,0
ENSMUSG00000082903,Gm14083,0,0,0,0,0,0,0,0,0,0,0,0
ENSMUSG00000083047,Gm14082,0,0,0,0,0,0,0,0,0,0,0,0
ENSMUSG00000083787,Gm11644,0,0,0,0,0,0,0,0,0,0,0,0
ENSMUSG00000080895,Gm11645,0,0,0,2,1,2,0,0,1,0,0,1
ENSMUSG00000086171,Pcsk2os1,0,0,0,0,0,0,0,0,0,0,0,0
ENSMUSG00000027419,Pcsk2,0,0,0,0,0,0,0,0,0,1,0,0
ENSMUSG00000087115,Pcsk2os2,0,0,0,0,0,0,0,0,0,0,0,0
ENSMUSG00000027420,Bfsp1,0,0,0,3,1,0,0,0,0,1,0,1
ENSMUSG00000082987,Rps13-ps6,0,0,0,0,0,0,0,0,0,0,0,0
ENSMUSG00000081293,Gm11673,0,0,0,0,0,0,0,0,0,0,0,0
ENSMUSG00000080711,Gm11686,0,0,0,0,0,1,0,0,0,0,1,0
ENSMUSG00000015932,Dstn,553,585,474,533,523,407,458,533,551,523,461,451
ENSMUSG00000026924,Sec16a,3840,3939,2963,2857,2622,1310,1946,2986,3065,3112,2944,2755
ENSMUSG00000027422,Rrbp1,4331,4222,3458,3342,3300,2689,2965,3402,3495,3227,3546,3190
ENSMUSG00000086714,0610009E02Rik,2,0,3,3,3,2,4,1,2,2,7,1
ENSMUSG00000085543,Gm13568,0,0,0,0,1,0,0,0,0,0,0,0
ENSMUSG00000037307,Banf2,1,0,0,2,2,0,1,0,0,0,0,1
ENSMUSG00000086384,Banf2os,0,0,0,0,0,0,0,0,0,0,0,0
ENSMUSG00000074758,Gm5535,0,0,0,0,2,2,0,0,0,0,0,0
ENSMUSG00000082480,Gm11687,4,8,4,3,5,2,7,5,3,2,8,1
ENSMUSG00000085127,4930444E06Rik,0,0,0,0,0,0,0,0,0,0,0,0
ENSMUSG00000027423,Snx5,9031,10712,8478,8795,7909,4677,7607,8142,9718,8676,7805,7720
ENSMUSG00000082436,Gm11688,12,26,21,14,9,5,11,17,23,18,12,10
ENSMUSG00000065725,Gm26165,3,6,7,5,2,0,5,2,3,2,3,2
ENSMUSG00000077714,Snord17,9,6,15,15,9,8,2,15,9,7,6,14
ENSMUSG00000026923,Notch1,8066,8104,6174,6179,4080,1859,4214,6393,5492,5554,4704,4489
ENSMUSG00000027424,Mgme1,338,361,321,323,515,321,330,391,378,325,447,398
ENSMUSG00000027210,Meis2,0,0,0,0,1,1,0,0,1,0,0,0
ENSMUSG00000098548,Mir6996,1,1,1,0,0,0,0,1,2,1,0,1
ENSMUSG00000037279,Ovol2,5,4,10,7,0,11,4,6,6,6,3,0
ENSMUSG00000082864,Gm13358,0,0,0,0,0,0,0,0,0,0,0,0
ENSMUSG00000084837,1700108N11Rik,1,0,0,0,0,1,0,0,0,0,0,0
ENSMUSG00000086328,2700033N17Rik,0,0,0,0,0,0,0,0,0,0,0,0
ENSMUSG00000086308,G630016G05Rik,0,0,0,0,0,1,0,0,0,0,0,0
ENSMUSG00000103562,2810405F15Rik,0,0,0,0,0,0,0,0,0,0,0,0
ENSMUSG00000081787,Gm13991,1,0,1,0,0,0,0,0,2,6,1,3
ENSMUSG00000086462,Gm13990,0,0,0,0,0,0,0,0,0,0,0,0
ENSMUSG00000026883,Dab2ip,457,480,384,376,352,150,266,357,358,318,250,251
ENSMUSG00000081450,Gm11700,0,0,0,0,0,0,0,0,0,0,0,0
ENSMUSG00000082313,Gm11701,0,0,0,0,0,0,0,0,0,0,0,0
ENSMUSG00000027355,Tmco5,0,0,0,0,0,0,0,0,0,0,0,0
ENSMUSG00000027425,Kat14,1044,1045,887,903,950,492,843,1013,1053,884,976,908
ENSMUSG00000085316,D330050G23Rik,0,0,0,0,0,0,0,0,0,0,0,1
ENSMUSG00002076462,#N/A,0,0,0,0,0,0,0,0,0,0,0,0
ENSMUSG00000065794,Gm25514,0,0,0,0,0,0,0,0,0,0,0,0
ENSMUSG00000099470,Gm29340,0,0,2,0,0,2,0,0,0,0,1,0
ENSMUSG00000074930,Gm13981,0,0,0,0,0,0,1,0,0,0,0,0
ENSMUSG00000098387,Pet117,0,0,0,0,0,0,0,0,0,0,0,0
ENSMUSG00000083674,Zfp133-ps,7,6,5,4,9,7,1,4,2,2,2,1
ENSMUSG00000027351,Spred1,2321,2303,1845,1762,1533,1175,1273,1731,2098,2020,1696,1560
ENSMUSG00000076376,Mir674,0,0,0,0,1,0,0,0,0,0,0,0
ENSMUSG00000081842,Rap1a-ps2,0,0,0,0,0,0,0,0,0,0,0,0
ENSMUSG00000065845,Gm25189,0,0,0,0,0,0,0,0,0,0,0,0
ENSMUSG00000027523,Gnas,12663,14178,10681,11616,10724,6352,12534,12711,12013,10982,9113,9311
ENSMUSG00000027349,Fam98b,1677,1534,1326,1325,1382,1362,1376,1481,1684,1425,1465,1358
ENSMUSG00000026885,Ttll11,13,21,7,12,8,3,6,19,10,13,11,12
ENSMUSG00000107106,Gm43760,0,0,0,0,0,0,0,0,0,0,0,0
ENSMUSG00000086449,9030204H09Rik,0,0,0,0,0,0,0,0,0,0,0,0
ENSMUSG00000106994,Gm10829,0,0,0,0,0,0,0,0,0,0,0,0
ENSMUSG00000026895,Ndufa8,1014,1096,799,905,1020,538,938,908,1087,854,942,818
ENSMUSG00000037259,Dzank1,2,3,1,1,1,6,0,0,2,1,4,1
ENSMUSG00000026894,Morn5,0,0,0,0,0,0,0,0,0,0,1,0
ENSMUSG00002076469,#N/A,0,0,0,0,0,0,0,0,0,0,0,0
ENSMUSG00002076297,#N/A,0,0,0,0,0,0,0,0,0,0,0,0
ENSMUSG00002076699,#N/A,0,0,0,0,0,0,0,0,0,0,0,0
ENSMUSG00000107351,Gm43764,0,0,0,0,0,0,0,0,0,0,0,0
ENSMUSG00000090625,Gm20721,37,22,23,16,36,29,39,17,25,16,17,16
ENSMUSG00000027427,Polr3f,1198,1209,1101,1105,957,690,898,1160,1170,1103,936,943
ENSMUSG00000016253,Nelfcd,841,880,785,733,854,387,845,919,909,723,880,743
ENSMUSG00000027347,Rasgrp1,2836,2966,2003,1988,2252,1615,1635,2089,3105,2770,2764,2440
ENSMUSG00000027428,Rbbp9,87,115,77,103,107,72,82,109,107,84,103,107
ENSMUSG00000085681,Gm13982,0,1,0,1,0,1,0,0,0,0,1,0
ENSMUSG00000016256,Ctsz,2559,3052,2119,2287,2089,1160,2263,2329,2266,2072,2022,1861
ENSMUSG00000101394,Gm28183,0,0,0,0,0,0,0,0,0,0,0,0
ENSMUSG00000086203,Gm13985,0,0,0,0,0,0,0,0,0,0,0,0
ENSMUSG00000082641,Rpl30-ps5,0,0,0,0,1,0,0,0,1,1,0,1
ENSMUSG00000086221,4930412B13Rik,0,0,0,0,0,0,0,0,0,0,0,0
ENSMUSG00000016255,Tubb1,0,0,0,0,0,0,0,0,0,0,0,0
ENSMUSG00000087203,Gm13986,0,0,0,0,1,7,0,0,0,0,1,0
ENSMUSG00000103266,Gm36979,0,0,0,1,0,0,0,0,0,0,0,0
ENSMUSG00000077359,Gm25308,0,0,0,0,0,0,0,0,0,0,0,0
ENSMUSG00000040152,Thbs1,98,102,91,74,63,43,39,33,45,41,41,25
ENSMUSG00000101859,Gm29233,0,0,0,0,0,0,0,0,0,0,0,0
ENSMUSG00000027429,Sec23b,3107,3288,2406,2458,2247,1240,2339,2581,2631,2254,2153,2095
ENSMUSG00000026890,Lhx6,5,5,0,1,0,1,0,6,1,4,0,0
ENSMUSG00000074754,Smim26,135,240,172,169,164,68,203,163,174,139,162,123
ENSMUSG00002075109,#N/A,0,0,0,0,0,0,0,0,0,0,0,0
ENSMUSG00000027344,Fsip1,0,2,2,0,1,2,0,0,1,2,2,1
ENSMUSG00002076765,#N/A,0,0,0,0,0,0,0,0,0,0,0,0
ENSMUSG00000100046,Gm29232,0,0,0,0,0,0,0,0,0,0,0,0
ENSMUSG00000045339,A930104D05Rik,0,0,0,0,0,0,0,0,0,0,0,0
ENSMUSG00000027430,Dtd1,232,289,214,203,276,267,274,231,254,235,373,337
ENSMUSG00000040133,Gpr176,4,8,4,6,4,2,5,4,4,3,7,6
ENSMUSG00000085889,1700054M17Rik,0,0,0,0,0,0,0,0,0,0,0,0
ENSMUSG00002075863,#N/A,0,0,0,0,0,0,0,0,0,0,0,0
ENSMUSG00002076136,#N/A,0,0,0,0,0,0,0,0,0,0,0,0
ENSMUSG00000084306,Gm11743,3,2,8,1,0,1,0,0,1,0,4,3
ENSMUSG00000027431,Scp2d1,0,0,0,0,0,0,0,0,0,0,0,0
ENSMUSG00000082858,Gm11746,0,0,0,0,0,0,0,0,0,0,0,0
ENSMUSG00000026889,Rbm18,698,799,595,605,454,289,494,568,622,582,572,509
ENSMUSG00000026887,Mrrf,390,450,307,346,389,208,314,312,404,395,384,356
ENSMUSG00000081496,Gm13428,0,0,0,0,0,0,0,0,0,0,0,0
ENSMUSG00000063873,Slc24a3,25,28,40,27,11,5,17,26,14,23,12,11
ENSMUSG00000085141,Gm13429,0,0,2,0,0,0,0,2,1,0,0,0
ENSMUSG00000087158,Gm14093,0,0,0,0,0,0,0,0,0,0,0,0
ENSMUSG00000087187,Gm13431,0,0,0,1,0,0,0,0,0,0,0,0
ENSMUSG00002076395,#N/A,0,0,0,0,0,0,0,0,0,0,0,0
ENSMUSG00002076736,#N/A,0,0,0,0,0,0,0,0,0,0,0,0
ENSMUSG00000084178,Gm11759,0,2,2,0,0,0,0,0,0,1,1,0
ENSMUSG00000074753,Gm14092,0,0,0,0,0,0,0,0,0,1,0,0
ENSMUSG00000047250,Ptgs1,6,11,3,8,2,0,4,5,3,2,1,1
ENSMUSG00000106933,Gm43621,0,0,0,0,0,1,0,0,0,0,0,0
ENSMUSG00000083034,Olfr334-ps1,0,0,0,0,0,0,0,0,0,0,0,0
ENSMUSG00000113163,Olfr335-ps,0,0,0,0,0,0,0,0,0,0,0,0
ENSMUSG00000026921,Egfl7,62,58,33,39,72,32,48,63,50,51,73,56
ENSMUSG00000082583,Olfr336-ps1,0,0,0,0,0,0,0,0,0,0,0,0
ENSMUSG00000080936,Olfr337-ps1,0,0,0,0,0,0,0,0,0,0,0,0
ENSMUSG00000068950,Olfr338,0,0,0,0,1,2,0,0,0,0,0,0
ENSMUSG00000083101,Gm13430,0,0,0,0,0,0,1,0,1,0,0,1
ENSMUSG00000094464,Olfr339,0,0,0,0,0,0,0,0,0,0,0,0
ENSMUSG00000094266,Olfr340,0,0,0,0,0,0,0,0,0,0,0,0
ENSMUSG00000092356,Gm20532,0,0,0,0,0,0,0,0,0,0,0,0
ENSMUSG00000001768,Rin2,0,1,0,0,1,3,2,0,2,4,0,1
ENSMUSG00000065540,Mir126a,0,0,0,0,0,0,0,0,0,0,0,0
ENSMUSG00000075387,Olfr341,0,0,0,0,0,4,0,0,0,0,0,0
ENSMUSG00000105799,Mir126b,0,0,0,0,0,0,0,0,0,0,0,0
ENSMUSG00000111869,Olfr342,0,0,0,0,0,0,0,0,0,0,0,0
ENSMUSG00000081722,Gm11763,0,0,0,0,0,0,0,0,0,0,0,0
ENSMUSG00000110769,Gm47783,0,0,0,0,0,0,0,0,0,0,0,0
ENSMUSG00002074962,#N/A,0,0,0,0,0,0,0,0,0,0,0,0
ENSMUSG00000083014,Gm11764,0,0,0,0,0,0,0,0,0,0,0,0
ENSMUSG00000080960,Olfr343-ps1,0,0,0,0,0,0,0,0,0,0,0,0
ENSMUSG00000096822,Olfr344,0,0,0,0,0,0,0,0,0,0,0,0
ENSMUSG00000059251,Olfr345,0,0,0,0,0,0,0,0,0,0,0,0
ENSMUSG00000094764,Olfr346,0,0,0,0,0,0,0,0,0,0,0,0
ENSMUSG00000111863,Olfr347,0,0,0,0,0,0,0,0,0,0,0,0
ENSMUSG00000026922,Agpat2,432,578,341,371,414,141,397,382,474,423,423,360
ENSMUSG00000082251,Gm13438,0,0,0,0,0,0,0,0,0,0,0,0
ENSMUSG00000049315,Olfr348,0,0,0,0,0,3,0,0,0,0,0,0
ENSMUSG00000111021,Olfr50,0,0,0,0,1,2,0,0,0,0,0,0
ENSMUSG00000083716,Gm13436,0,7,3,4,6,0,2,1,1,2,3,2
ENSMUSG00000002728,Naa20,883,1034,878,965,1061,709,933,983,926,930,932,901
ENSMUSG00000075384,Olfr3,0,0,0,0,0,0,0,0,0,0,0,0
ENSMUSG00000036186,Dipk1b,86,101,74,67,114,19,92,98,96,98,118,114
ENSMUSG00000084078,Olfr349-ps1,0,0,0,0,0,0,0,0,0,0,0,0
ENSMUSG00000097052,Snora43,0,4,1,2,4,0,1,0,2,2,5,1
ENSMUSG00000064858,Snora43,0,0,0,0,0,0,0,0,0,0,0,0
ENSMUSG00000077192,Snora17,43,71,62,54,58,17,63,50,52,41,43,51
ENSMUSG00000050015,Olfr350,0,0,0,0,0,0,0,0,0,0,0,0
ENSMUSG00000086775,Snhg7os,0,0,1,0,2,0,0,0,0,0,0,0
ENSMUSG00000075383,Olfr351,0,0,0,0,0,0,0,0,0,0,0,0
ENSMUSG00000026919,Lcn4,27,52,23,23,7,10,20,33,22,28,7,7
ENSMUSG00000053146,Olfr352,2,0,1,0,2,2,2,1,0,1,0,0
ENSMUSG00000082951,Gm13359,0,0,0,1,0,0,0,0,1,1,1,1
ENSMUSG00000075382,Olfr353,0,0,0,0,0,1,0,0,0,0,0,0
ENSMUSG00000001767,Crnkl1,1227,1445,1085,1140,1161,975,1066,1332,1139,1100,1180,1026
ENSMUSG00000055088,Olfr354,0,0,0,0,2,4,0,0,0,0,1,0
ENSMUSG00000081591,Gm13440,0,0,0,0,0,0,0,0,0,0,0,0
ENSMUSG00000075380,Olfr355,0,0,0,0,0,1,1,0,0,0,0,0
ENSMUSG00000015787,Abo,0,0,0,0,0,0,0,0,0,0,0,0
ENSMUSG00000070943,Olfr356,0,0,0,0,0,0,0,0,0,0,0,0
ENSMUSG00000055838,Olfr357,0,0,0,0,0,0,0,0,0,0,0,0
ENSMUSG00000036160,Surf6,2019,2200,1750,1828,1622,1004,1427,1746,1993,1856,1840,1613
ENSMUSG00000075379,Olfr358,0,0,0,0,0,0,0,0,0,0,0,0
ENSMUSG00000081737,Olfr359-ps1,0,0,0,0,0,0,0,0,0,0,0,0
ENSMUSG00000081174,Gm13439,0,0,0,0,0,0,0,0,0,0,0,0
ENSMUSG00000083361,Olfr360,0,0,0,0,0,0,0,0,0,0,0,0
ENSMUSG00000083431,Gm13437,2,2,0,0,0,0,2,0,1,0,0,0
ENSMUSG00000075378,Olfr361,0,0,0,0,0,0,0,0,0,0,0,0
ENSMUSG00000015776,Med22,1154,1324,859,959,1056,315,797,855,1085,988,1133,981
ENSMUSG00000075377,Olfr362,0,0,0,0,1,0,0,0,0,0,0,0
ENSMUSG00000068948,Olfr363-ps,0,0,0,0,0,0,0,0,0,0,0,0
ENSMUSG00000078198,Olfr364-ps1,0,0,0,0,0,0,0,0,0,0,0,0
ENSMUSG00000059429,Olfr365,0,0,0,0,0,0,0,0,0,0,0,0
ENSMUSG00000083815,Gm13435,1,0,0,0,1,0,0,0,0,1,0,0
ENSMUSG00000068947,Olfr366,0,0,0,0,1,0,0,0,0,0,0,0
ENSMUSG00000049094,Olfr367-ps,0,0,0,0,0,0,0,0,0,0,0,0
ENSMUSG00000037143,Cfap61,2,0,0,2,0,4,0,1,0,0,2,0
ENSMUSG00000118972,#N/A,0,0,0,0,0,0,0,0,0,0,0,0
ENSMUSG00000049018,Olfr368,0,0,0,0,0,0,0,0,0,0,0,0
ENSMUSG00000062647,Rpl7a,1023,1496,1149,1298,1201,307,1107,1028,1100,907,916,906
ENSMUSG00000068154,Insm1,9,4,7,6,7,4,6,10,10,6,3,7
ENSMUSG00000009030,Pdcl,567,680,515,483,470,362,460,507,547,546,530,491
ENSMUSG00000065258,Gm23969,48,46,39,49,37,11,26,36,54,31,32,27
ENSMUSG00000064829,Gm22879,0,0,0,0,0,0,0,0,0,0,0,0
ENSMUSG00000065295,Gm24134,0,0,0,0,0,0,0,0,0,0,0,0
ENSMUSG00000005102,Eif2ak4,1045,1162,984,890,799,489,676,928,874,822,795,723
ENSMUSG00000015790,Surf1,280,350,267,286,348,155,334,287,303,255,381,370
ENSMUSG00000075376,Rc3h2,1509,1423,1320,1229,1276,1039,862,1329,1224,1290,1483,1327
ENSMUSG00000009549,Srp14,1574,1689,1239,1386,1509,957,1380,1342,1508,1295,1401,1355
ENSMUSG00000077756,Snord90,0,0,0,0,0,0,0,0,0,0,1,0
ENSMUSG00000084028,Gm13983,0,0,0,0,0,0,0,0,0,0,0,0
ENSMUSG00000066798,Zbtb6,496,476,459,428,472,351,320,433,474,429,530,519
ENSMUSG00000050714,Zbtb26,224,204,195,161,324,274,113,170,170,220,379,325
ENSMUSG00000040093,Bmf,6,7,6,3,13,0,2,4,6,7,8,4
ENSMUSG00000080747,Gm14016,4,4,2,5,3,3,5,5,3,7,7,2
ENSMUSG00000037110,Ralgapa2,841,808,701,710,726,457,444,722,744,696,708,659
ENSMUSG00000085958,A930019D19Rik,0,0,0,0,0,1,0,0,0,0,0,0
ENSMUSG00000042938,Gm14117,1,4,1,7,3,1,1,1,2,1,1,2
ENSMUSG00000085796,4933406D12Rik,0,0,0,0,0,0,0,0,0,0,0,0
ENSMUSG00000080870,Gm14111,11,15,9,7,12,2,8,15,5,6,5,2
ENSMUSG00000040084,Bub1b,942,1017,951,1048,2143,1224,1222,1506,1044,935,1705,1498
ENSMUSG00000087618,Gm14114,0,0,0,0,0,1,0,0,0,0,0,0
ENSMUSG00000074749,Kiz,27,26,14,29,38,20,25,19,20,15,25,30
ENSMUSG00000074923,Pak6,712,787,604,641,441,123,351,436,501,437,284,273
ENSMUSG00000078137,Ankrd63,2,0,1,0,0,0,0,2,0,0,0,0
ENSMUSG00000027433,Xrn2,4881,5158,4207,4253,4228,3399,3552,4602,4721,4388,4406,3990
ENSMUSG00000054160,Nkx2-4,0,1,3,0,1,0,0,0,0,1,1,0
ENSMUSG00000082158,Gm14116,0,0,0,0,0,0,0,0,0,0,0,0
ENSMUSG00000027434,Nkx2-2,0,1,0,1,0,2,0,0,0,0,0,0
ENSMUSG00000086509,Nkx2-2os,0,0,0,0,0,0,0,0,0,0,0,0
ENSMUSG00000053545,6430503K07Rik,0,0,0,0,0,0,0,0,0,0,0,0
ENSMUSG00002075447,#N/A,0,0,0,0,0,0,0,0,0,0,0,0
ENSMUSG00000081971,Gm14115,1,1,0,0,1,0,0,0,0,1,1,0
ENSMUSG00000084371,Gm14113,5,8,3,8,3,1,4,2,5,1,5,1
ENSMUSG00002075208,#N/A,0,0,0,0,0,0,0,0,0,0,0,0
ENSMUSG00000084774,Gm14110,0,0,0,0,0,0,0,0,0,0,0,0
ENSMUSG00000087521,AI646519,0,0,0,0,0,1,0,0,0,0,0,0
ENSMUSG00000037034,Pax1,0,0,0,0,0,0,0,0,0,0,0,0
ENSMUSG00000083126,Gm14109,0,0,0,0,0,0,0,0,0,0,0,0
ENSMUSG00000080844,Gm14107,0,1,0,0,0,1,0,0,1,0,0,1
ENSMUSG00000081741,Gm14106,0,2,0,1,0,0,0,0,0,0,1,0
ENSMUSG00000051986,A530006G24Rik,0,0,0,0,0,0,0,0,0,0,0,0
ENSMUSG00000119413,#N/A,0,0,0,0,0,0,0,0,0,0,0,0
ENSMUSG00000086141,9030622O22Rik,0,0,0,0,0,0,0,0,0,0,0,0
ENSMUSG00000037025,Foxa2,0,0,0,0,0,1,0,0,0,0,0,0
ENSMUSG00002076014,#N/A,0,0,0,0,0,0,0,0,0,0,0,0
ENSMUSG00000083750,Gm14108,0,2,0,0,0,0,0,0,2,1,1,0
ENSMUSG00000089458,Gm24221,0,0,0,0,0,0,0,0,0,0,0,0
ENSMUSG00000037014,Sstr4,0,0,0,0,0,1,0,0,0,0,0,0
ENSMUSG00000074743,Thbd,1,0,1,3,2,1,1,2,2,0,1,1
ENSMUSG00000082911,Gm14119,0,0,0,0,0,0,0,0,0,0,0,0
ENSMUSG00000027435,Cd93,229,212,237,238,117,65,153,197,135,151,45,39
ENSMUSG00000087678,Gm14120,0,0,0,0,0,0,0,0,0,0,0,0
ENSMUSG00000088870,Gm25866,0,0,0,0,0,0,0,0,0,0,0,0
ENSMUSG00000036992,Nxt1,564,724,577,656,664,224,736,658,681,562,603,537
ENSMUSG00000035437,Rabgap1,820,839,757,699,604,500,549,724,752,661,696,594
ENSMUSG00000027439,Gzf1,866,963,965,908,1106,628,731,928,865,765,701,717
ENSMUSG00000027438,Napb,3,8,7,9,14,18,8,12,7,8,6,9
ENSMUSG00000055177,Cstl1,0,0,0,0,0,0,0,0,0,0,0,0
ENSMUSG00000036958,Cst11,0,0,0,0,0,0,0,0,0,0,0,0
ENSMUSG00000027444,Cstdc1,0,0,0,0,0,1,0,0,0,0,0,0
ENSMUSG00000027443,Cst12,0,0,0,0,0,0,0,0,0,0,0,0
ENSMUSG00000027442,Cst8,0,0,0,0,0,0,0,0,0,0,0,0
ENSMUSG00000036924,Cst13,0,0,0,0,0,0,0,0,0,0,0,0
ENSMUSG00000027445,Cst9,0,0,0,0,0,0,0,0,0,0,0,0
ENSMUSG00000027446,Cstdc2,0,0,0,0,0,0,0,0,0,0,0,0
ENSMUSG00000027447,Cst3,1019,1151,776,962,781,359,958,935,924,781,741,684
ENSMUSG00000103559,Gm38221,0,0,0,0,0,0,0,0,0,0,0,0
ENSMUSG00000081580,Gm14129,0,0,0,0,0,0,0,0,0,0,0,0
ENSMUSG00000063507,Gm1330,0,0,0,0,0,0,0,0,0,0,0,0
ENSMUSG00000074739,Gm10750,0,0,0,0,0,0,0,0,0,0,0,0
ENSMUSG00000086963,Gm14135,0,0,0,0,0,0,0,0,0,0,0,0
ENSMUSG00000081314,Gm14132,1,2,0,0,1,0,2,1,0,1,0,1
ENSMUSG00000081470,Gm14131,1,1,1,0,0,0,1,0,0,0,0,0
ENSMUSG00000026915,Strbp,698,720,596,520,788,840,507,679,676,628,986,807
ENSMUSG00000033156,Cst10,0,0,0,0,0,0,0,0,0,0,0,0
ENSMUSG00002076580,#N/A,0,0,0,0,0,0,0,0,0,0,0,0
ENSMUSG00000081494,Gm14130,15,32,26,24,16,2,35,24,22,14,13,8
ENSMUSG00000107491,Gm17893,4,5,3,3,2,2,2,4,1,1,3,3
ENSMUSG00000087029,Gm14133,0,0,0,0,0,0,0,0,0,0,0,0
ENSMUSG00000074737,C530025M09Rik,0,0,0,0,0,0,0,0,0,0,0,0
ENSMUSG00000053164,Gpr21,2,2,6,5,5,2,1,2,5,2,2,6
ENSMUSG00000108226,Gm44063,0,0,0,0,0,0,0,0,0,0,0,0
ENSMUSG00000083745,Gm13543,0,0,0,0,0,0,0,0,0,0,0,0
ENSMUSG00000092958,Mir5128,0,0,0,0,0,0,0,0,0,0,0,0
ENSMUSG00000074736,Syndig1,0,0,0,0,0,0,0,0,0,0,0,0
ENSMUSG00000083055,Gm14140,0,0,1,0,0,0,0,0,0,0,0,0
ENSMUSG00000068134,Zfp120,280,312,231,251,288,234,228,287,293,297,287,278
ENSMUSG00000035403,Crb2,1,0,0,0,0,0,0,0,0,0,0,0
ENSMUSG00000074837,Gm10770,0,0,0,0,0,0,0,0,0,0,0,0
ENSMUSG00000079009,Gm14139,1,1,0,7,0,1,1,3,3,0,4,2
ENSMUSG00000060336,Zfp937,11,20,13,8,13,24,17,17,10,11,15,10
ENSMUSG00000074735,Gm21994,0,0,0,0,0,0,0,0,0,0,1,0
ENSMUSG00000079008,Gm14124,0,0,0,0,0,0,0,0,0,0,0,0
ENSMUSG00000084320,Gm14125,0,0,0,0,0,1,0,0,0,0,0,0
ENSMUSG00000063364,3300002I08Rik,2,2,4,0,5,1,1,4,3,4,7,5
ENSMUSG00000095315,Gm10130,106,89,77,82,101,50,68,83,101,105,106,80
ENSMUSG00000083077,Gm14126,0,0,0,0,0,0,0,0,0,1,0,0
ENSMUSG00000083964,Gm14122,4,2,0,4,2,3,2,1,5,4,0,4
ENSMUSG00000068130,Zfp442,7,14,2,5,2,6,4,8,3,6,15,7
ENSMUSG00000082740,Gm14127,0,0,2,0,2,0,0,2,1,1,2,1
ENSMUSG00000074731,Zfp345,2,0,1,2,0,0,1,2,3,1,1,0
ENSMUSG00000083325,Gm14121,6,2,1,2,2,0,2,2,4,3,0,3
ENSMUSG00000081092,Gm14128,0,0,0,0,0,0,0,0,0,0,0,0
ENSMUSG00000068129,Cst7,3418,3981,2730,3026,2546,1644,2800,2772,3338,2883,2735,2499
ENSMUSG00000033096,Apmap,1019,1213,818,913,760,347,771,838,1023,978,757,754
ENSMUSG00000086407,Gm14123,6,4,2,5,4,1,0,5,1,7,4,1
ENSMUSG00000035392,Dennd1a,199,202,169,150,211,129,169,221,158,157,224,208
ENSMUSG00000040007,Bahd1,2016,2105,1674,1577,1832,598,1329,1690,1890,1788,1511,1611
ENSMUSG00000074916,Chst14,73,103,78,57,61,27,68,95,95,52,45,45
ENSMUSG00000107586,Gm44283,0,1,1,0,0,2,1,1,4,2,2,1
ENSMUSG00000084802,Gm14089,0,0,0,0,0,0,0,0,0,0,0,0
ENSMUSG00000081413,Uqcrh-ps2,2,1,1,1,0,0,2,2,1,0,1,0
ENSMUSG00000108155,Gm44443,0,0,0,0,0,0,0,1,0,0,0,0
ENSMUSG00000107529,Gm44291,0,1,2,3,0,2,1,1,0,0,3,2
ENSMUSG00002075141,#N/A,1,0,0,0,0,0,0,0,0,0,0,0
ENSMUSG00000027452,Acss1,51,38,38,35,25,16,25,41,55,56,51,44
ENSMUSG00000087294,Gm13556,0,0,1,0,0,0,0,0,0,0,0,0
ENSMUSG00000039983,Ccdc32,310,381,283,288,230,147,335,325,335,276,224,215
ENSMUSG00000087406,E130215H24Rik,0,1,1,0,0,1,0,1,0,1,0,0
ENSMUSG00000033080,Vsx1,0,0,0,0,0,0,0,0,0,0,0,0
ENSMUSG00000086563,Platr15,0,0,0,0,0,0,0,0,0,0,0,0
ENSMUSG00000027324,Rpusd2,663,690,505,596,506,308,476,576,637,573,616,583
ENSMUSG00000100630,Gm28450,0,0,0,0,0,0,0,0,0,0,0,0
ENSMUSG00000000247,Lhx2,68,77,55,41,88,33,41,47,52,43,54,61
ENSMUSG00000098383,Gm27197,0,1,0,0,0,0,0,0,0,0,0,0
ENSMUSG00000087539,Gm13584,0,0,0,0,0,0,0,0,0,0,0,0
ENSMUSG00000033068,Entpd6,910,1009,692,751,807,309,722,737,921,818,872,816
ENSMUSG00000085950,Gm13589,0,0,0,0,0,0,0,0,0,0,0,0
ENSMUSG00000064468,Gm25081,0,0,0,0,2,0,0,0,0,0,0,0
ENSMUSG00000084124,Gm13588,214,138,75,135,139,227,182,241,215,152,216,173
ENSMUSG00000107883,Gm44062,0,0,0,0,3,0,0,0,0,0,0,1
ENSMUSG00000027326,Knl1,459,491,465,440,910,908,313,666,366,447,865,763
ENSMUSG00000033059,Pygb,1166,1245,894,841,911,369,800,1041,1029,987,893,852
ENSMUSG00000026749,Nek6,4858,5063,3152,3353,2832,1474,2493,2818,3813,3587,2732,2723
ENSMUSG00000027323,Rad51,589,616,648,637,851,548,808,835,541,541,760,714
ENSMUSG00000108210,Gm35808,1,2,0,0,0,0,0,0,0,0,1,0
ENSMUSG00000107535,Gm44183,0,0,1,0,0,0,0,0,0,1,0,0
ENSMUSG00000032046,Abhd12,551,651,465,493,546,228,483,528,625,530,535,561
ENSMUSG00000070730,Rmdn3,1134,1250,864,954,861,523,973,1009,1155,944,1029,941
ENSMUSG00000026750,Psmb7,2728,3172,2494,2757,3197,1487,2756,2664,3095,2743,2755,2791
ENSMUSG00000087887,Gm23598,0,0,0,0,0,0,0,0,0,0,0,0
ENSMUSG00000082931,Gm13586,1,2,1,1,0,0,3,1,0,0,0,0
ENSMUSG00002076647,#N/A,0,0,0,0,0,0,0,0,1,0,0,0
ENSMUSG00000046814,Gchfr,0,0,0,0,0,0,0,0,0,0,0,0
ENSMUSG00000027454,Gins1,201,213,271,258,289,199,351,300,285,215,260,236
ENSMUSG00000083722,Adgrd2-ps,0,0,0,0,0,0,0,0,0,0,0,0
ENSMUSG00000082341,Gm14143,0,0,0,0,1,0,0,0,0,0,1,0
ENSMUSG00000034278,Dnajc17,198,159,120,118,152,96,185,163,176,136,144,146
ENSMUSG00000055926,Gm14137,0,0,0,0,0,0,0,0,0,0,0,0
ENSMUSG00000081572,Gm14138,4,1,1,0,0,0,0,2,1,0,0,1
ENSMUSG00000026751,Nr5a1,0,0,0,0,0,0,0,0,0,0,0,0
ENSMUSG00000087164,Nr5a1os,0,0,0,0,0,0,0,0,0,0,0,0
ENSMUSG00000068580,Zfyve19,320,361,287,267,306,174,243,281,324,251,335,293
ENSMUSG00000068115,Ninl,52,61,52,53,46,34,41,71,64,47,48,49
ENSMUSG00000084264,Gm14142,0,0,0,0,0,0,0,0,0,0,1,0
ENSMUSG00000082375,Gm14141,0,1,2,1,0,0,2,1,0,1,1,4
ENSMUSG00000027317,Ppp1r14d,0,0,0,0,0,0,0,0,0,0,0,0
ENSMUSG00000053916,Nanp,3,3,5,0,8,1,2,1,3,4,1,0
ENSMUSG00000088444,Gm22187,0,0,0,0,0,0,0,0,0,0,0,0
ENSMUSG00000119619,#N/A,0,0,0,0,0,0,0,0,0,0,0,0
ENSMUSG00000079006,Gm14151,0,0,0,0,0,0,0,0,0,0,0,0
ENSMUSG00000079005,Gm14147,0,0,0,0,0,0,0,0,0,0,0,0
ENSMUSG00000085805,Gm14145,0,0,0,0,0,0,0,0,0,0,0,0
ENSMUSG00000119215,#N/A,0,0,0,0,0,0,0,0,0,0,0,0
ENSMUSG00000067352,Gm14149,0,0,0,0,0,0,0,0,0,0,0,0
ENSMUSG00000087337,Gm14144,0,0,0,0,0,0,0,0,0,0,0,0
ENSMUSG00000089575,Gm23005,0,0,0,0,0,0,0,0,0,0,0,0
ENSMUSG00000119806,#N/A,0,0,0,0,0,0,0,0,0,0,0,0
ENSMUSG00000087609,4930442J19Rik,0,0,0,0,0,0,0,0,0,0,0,0
ENSMUSG00000119525,#N/A,0,0,0,0,0,0,0,0,0,0,0,0
ENSMUSG00000083391,Gm14148,26,26,12,16,10,1,20,13,23,24,4,11
ENSMUSG00000087495,Gm14152,0,0,0,0,0,0,0,0,0,0,0,0
ENSMUSG00000119358,#N/A,0,0,0,0,0,0,0,0,0,0,0,0
ENSMUSG00000082809,Gm14150,4,3,2,1,3,1,4,3,4,1,4,3
ENSMUSG00000027315,Spint1,82,110,61,60,68,27,51,60,60,39,46,33
ENSMUSG00000086659,Gm14146,0,0,0,0,0,1,0,0,0,0,0,0
ENSMUSG00000061525,4921509C19Rik,0,0,0,0,0,0,0,0,0,0,0,0
ENSMUSG00000034226,Rhov,31,20,25,39,34,15,28,32,33,34,17,10
ENSMUSG00000084015,Gm14175,0,0,0,0,0,0,1,0,0,0,1,0
ENSMUSG00000034216,Vps18,677,749,565,550,515,195,500,616,575,572,392,383
ENSMUSG00000063972,Nr6a1,277,275,239,241,269,156,166,225,286,292,231,235
ENSMUSG00000074912,Gm14207,0,0,0,0,0,0,0,2,1,0,0,0
ENSMUSG00000108124,Gm44146,0,0,0,0,0,0,0,0,0,2,0,0
ENSMUSG00000027314,Dll4,10,14,5,9,0,0,3,8,10,11,5,16
ENSMUSG00000082508,Rpl15-ps4,0,0,0,0,0,0,0,0,0,0,0,0
ENSMUSG00000085201,Nr6a1os,0,0,0,0,0,3,0,0,0,0,0,0
ENSMUSG00000027313,Chac1,179,215,166,177,97,51,70,98,149,137,94,85
ENSMUSG00000065423,Mir181a-2,0,0,0,0,0,0,0,0,0,0,0,0
ENSMUSG00000107884,Gm44144,2,3,1,2,1,2,0,2,8,2,3,5
ENSMUSG00000027455,Nsfl1c,1809,1888,1467,1612,1717,1124,1609,1796,1884,1690,1863,1677
ENSMUSG00000065578,Mir181b-2,0,0,0,0,0,0,0,0,0,0,0,0
ENSMUSG00000107468,5730507A11Rik,0,0,0,0,1,0,0,0,0,0,1,0
ENSMUSG00000087433,Gm14167,3,7,9,7,6,4,5,11,4,13,3,3
ENSMUSG00000046618,Olfml2a,57,39,46,42,28,23,47,40,49,54,15,13
ENSMUSG00000083776,Gm13473,0,0,0,0,0,0,0,1,1,1,0,0
ENSMUSG00000084184,Gm13474,0,0,0,0,0,0,0,0,0,0,0,0
ENSMUSG00000085755,Gm13496,7,12,8,4,19,11,4,4,7,6,16,14
ENSMUSG00000032966,Fkbp1a,6157,6309,5315,5547,5294,3188,6440,6126,6171,5339,5560,5373
ENSMUSG00000035295,Wdr38,3,2,2,5,8,9,0,1,0,1,9,9
ENSMUSG00000027456,Sdcbp2,76,109,79,115,62,26,72,86,52,48,49,36
ENSMUSG00000062997,Rpl35,442,783,608,738,750,137,662,578,645,524,587,496
ENSMUSG00000034154,Ino80,2749,2770,2445,2414,2139,1466,1734,2424,2449,2334,2100,1915
ENSMUSG00000026755,Arpc5l,1524,1549,1309,1236,1265,745,1293,1333,1467,1353,1375,1278
ENSMUSG00000082369,Gm14208,0,0,0,0,0,0,0,0,0,0,0,0
ENSMUSG00000048647,Exd1,2,2,1,4,3,2,0,0,2,0,1,1
ENSMUSG00000027457,Snph,0,1,0,0,2,0,0,1,1,1,0,0
ENSMUSG00000074704,Rad21l,0,0,0,0,0,0,0,0,0,0,0,0
ENSMUSG00000014077,Chp1,517,698,529,556,599,299,594,684,508,424,445,408
ENSMUSG00000087035,Tmem74bos,0,0,0,0,0,0,0,0,0,0,0,0
ENSMUSG00000081777,Gm14159,0,0,0,0,0,0,0,0,0,0,0,0
ENSMUSG00000044364,Tmem74b,3,6,2,8,1,1,1,0,5,2,5,1
ENSMUSG00000085438,Oip5os1,1855,1991,1591,1526,1656,1178,1172,1631,1607,1657,1958,1640
ENSMUSG00000072980,Oip5,78,62,88,72,139,114,120,125,76,74,94,100
ENSMUSG00000032869,Psmf1,1164,1196,928,955,914,409,1046,985,1013,992,839,868
ENSMUSG00000086800,4930556L07Rik,0,0,0,0,0,0,0,0,0,0,0,0
ENSMUSG00000083088,Gm14153,0,0,0,0,0,0,0,0,0,0,0,0
ENSMUSG00000027306,Nusap1,358,327,281,293,619,552,507,534,329,300,580,504
ENSMUSG00000064906,n-R5s204,0,0,2,0,1,0,0,0,0,0,0,0
ENSMUSG00000027305,Ndufaf1,521,511,473,475,440,285,468,435,541,494,432,470
ENSMUSG00000082029,H3f3c,0,0,0,1,0,0,0,1,0,0,0,0
ENSMUSG00000081416,Gm14383,0,0,0,0,0,0,0,0,0,0,0,0
ENSMUSG00000026754,Golga1,401,451,374,362,504,362,253,357,389,441,590,509
ENSMUSG00000119899,#N/A,0,0,0,0,0,1,0,0,0,0,0,0
ENSMUSG00000035236,Scai,565,508,438,425,460,484,286,445,487,516,587,539
ENSMUSG00000107833,Gm18791,0,0,0,0,0,0,0,0,0,0,0,0
ENSMUSG00000082315,Gm16523,9,4,0,6,4,15,2,6,1,3,4,7
ENSMUSG00000107955,Gm44027,7,7,8,4,4,4,4,4,7,3,6,4
ENSMUSG00000026753,Ppp6c,2103,2179,1800,1718,1839,1427,1709,1962,2114,1909,1768,1716
ENSMUSG00000083157,Gm13511,0,0,0,1,1,0,0,0,1,3,1,0
ENSMUSG00000083686,Gm13504,0,0,0,0,0,0,1,0,0,0,0,0
ENSMUSG00000081144,Vmn2r-ps2,0,0,0,0,0,0,0,0,0,0,0,0
ENSMUSG00000083401,Gm13506,0,0,0,0,0,0,0,0,0,0,0,0
ENSMUSG00000081839,Gm13454,0,0,0,0,0,0,0,0,0,0,0,0
ENSMUSG00000084285,Gm13451,0,0,0,0,0,0,0,0,0,0,0,0
ENSMUSG00000082015,Gm13452,0,0,0,0,0,0,0,0,0,0,0,0
ENSMUSG00000108203,Gm43944,0,0,0,0,0,0,0,0,0,0,0,0
ENSMUSG00000107699,Gm43970,0,0,0,0,0,0,0,0,0,0,0,0
ENSMUSG00000083240,Gm13453,2,0,0,0,0,0,0,1,2,0,1,0
ENSMUSG00000084171,Gm13457,0,0,0,0,0,0,0,0,0,0,0,0
ENSMUSG00000083398,Gm13458,0,0,0,0,0,0,0,0,0,0,0,0
ENSMUSG00000081577,Gm13455,0,0,0,0,0,0,0,0,0,0,0,0
ENSMUSG00000088512,Gm24467,0,0,0,0,0,0,0,0,0,0,0,0
ENSMUSG00000082536,Gm13456,321,307,266,287,286,570,284,661,345,306,551,261
ENSMUSG00000049252,Lrp1b,0,0,0,0,0,1,0,0,0,0,1,0
ENSMUSG00002076281,#N/A,0,0,0,0,0,0,0,0,0,0,0,0
ENSMUSG00000082930,Gm13462,0,0,0,0,0,0,0,0,0,0,0,0
ENSMUSG00000083260,Gm13460,6,6,16,6,4,0,5,4,4,4,2,2
ENSMUSG00000081999,Gm13461,84,34,30,40,54,17,37,31,81,59,40,78
ENSMUSG00000081085,Gm13463,0,0,0,0,0,0,0,0,0,0,0,0
ENSMUSG00000098660,Mir6336,0,0,0,0,0,0,0,0,0,0,0,0
ENSMUSG00000119431,#N/A,0,0,0,0,0,0,0,0,0,0,0,0
ENSMUSG00000119112,#N/A,0,0,0,0,0,0,0,0,0,0,0,0
ENSMUSG00000080994,Gm13464,8,2,6,2,1,0,1,2,9,10,1,6
ENSMUSG00000026866,Kynu,5,2,2,0,1,3,1,1,1,1,0,1
ENSMUSG00000049744,Arhgap15,310,365,343,347,309,225,304,426,352,319,344,319
ENSMUSG00000085089,Arhgap15os,0,0,0,0,0,0,2,0,0,0,0,0
ENSMUSG00002075923,#N/A,0,0,0,0,0,0,0,0,0,0,0,0
ENSMUSG00000036890,Gtdc1,220,215,169,173,174,142,163,195,194,180,186,200
ENSMUSG00000083849,Gm13477,0,0,0,0,0,0,0,0,1,0,0,0
ENSMUSG00000026872,Zeb2,3859,4037,4128,4269,3205,3445,2225,3765,3040,3094,2230,1871
ENSMUSG00000092679,Mir5129,0,0,0,0,0,0,0,0,0,0,0,0
ENSMUSG00000052248,Zeb2os,10,8,8,13,8,8,11,14,14,6,2,4
ENSMUSG00002074931,#N/A,0,0,0,0,0,0,0,0,0,0,0,0
ENSMUSG00002076472,#N/A,0,0,0,0,0,0,0,0,0,0,0,0
ENSMUSG00002076317,#N/A,0,0,0,0,0,0,0,0,0,0,0,0
ENSMUSG00000100135,Gm28643,0,0,0,0,0,0,0,0,0,0,0,0
ENSMUSG00002076074,#N/A,0,0,0,0,0,0,0,0,0,0,0,0
ENSMUSG00000081830,Gm13475,0,0,0,0,0,0,0,0,0,0,0,0
ENSMUSG00000085591,Gm13479,0,0,0,0,0,3,0,0,0,0,1,0
ENSMUSG00000083510,Gm13478,0,0,0,0,0,0,0,0,0,0,0,0
ENSMUSG00000086202,1700019E08Rik,0,0,0,0,0,0,0,0,0,0,0,0
ENSMUSG00000086710,Gm13465,0,0,0,0,0,0,0,0,0,0,0,0
ENSMUSG00000086830,Gm13467,0,0,0,0,0,0,0,0,0,0,0,0
ENSMUSG00000083807,Gm13466,29,7,12,13,5,6,15,15,31,29,10,10
ENSMUSG00000088868,Gm23072,0,0,0,0,0,0,0,0,0,0,0,0
ENSMUSG00000082679,Gm13469,0,0,0,0,0,0,0,0,0,0,0,0
ENSMUSG00000086644,Gm13470,0,1,0,0,0,0,0,0,0,0,0,0
ENSMUSG00000089144,Gm25264,0,0,0,0,0,0,0,0,0,0,0,0
ENSMUSG00002075748,#N/A,0,0,0,0,0,0,0,0,0,0,0,0
ENSMUSG00000086353,Gm13481,0,0,0,0,0,1,0,0,0,0,0,0
ENSMUSG00000082278,Gm13471,0,0,0,0,0,0,0,0,0,0,0,0
ENSMUSG00000083966,Gm13482,0,0,0,0,0,0,0,0,0,0,0,0
ENSMUSG00000080499,Gm25338,0,0,0,0,0,0,0,0,0,0,0,0
ENSMUSG00000083866,Gm13472,0,0,0,0,0,0,0,2,0,0,0,0
ENSMUSG00000082114,Gm13489,7,13,3,5,3,0,8,2,2,2,1,3
ENSMUSG00000052155,Acvr2a,66,78,75,73,74,60,62,79,88,96,87,78
ENSMUSG00000026761,Orc4,1272,1231,1135,1082,1251,1243,1043,1157,1149,1172,1348,1225
ENSMUSG00000036792,Mbd5,131,140,113,94,172,139,88,143,126,127,199,166
ENSMUSG00000080937,Gm13510,0,0,0,0,0,0,0,0,0,0,0,0
ENSMUSG00000081272,Gm13509,64,81,44,49,72,76,64,67,60,49,78,53
ENSMUSG00000084177,Gm13508,1,0,0,0,0,0,2,0,1,0,0,1
ENSMUSG00000077769,Gm25215,0,0,0,0,0,0,0,0,0,0,0,0
ENSMUSG00000069495,Epc2,1152,1154,955,954,973,1097,774,1034,998,1075,1014,929
ENSMUSG00000026764,Kif5c,92,101,63,101,69,42,76,84,87,75,71,66
ENSMUSG00000082879,Gm13525,1,1,0,0,0,0,0,0,0,0,0,2
ENSMUSG00000026765,Lypd6b,53,38,64,59,107,70,67,56,77,43,40,57
ENSMUSG00000085357,Gm13480,0,1,1,0,1,3,0,0,0,0,0,0
ENSMUSG00002075205,#N/A,0,0,0,0,0,0,0,0,0,0,0,0
ENSMUSG00000050447,Lypd6,0,0,0,0,1,1,0,0,0,0,0,0
ENSMUSG00000026766,Mmadhc,1579,1838,1446,1504,1672,757,1489,1339,1734,1519,1332,1253
ENSMUSG00000085862,Gm13483,1,1,0,2,0,4,0,1,0,0,2,0
ENSMUSG00000115545,Gm48908,0,1,0,0,0,0,0,0,0,0,0,0
ENSMUSG00000082483,Gm13486,0,0,0,0,0,0,0,0,0,0,0,0
ENSMUSG00000081457,Gm13488,0,0,0,0,0,0,0,0,0,0,0,0
ENSMUSG00000083449,Gm13487,2,0,1,0,1,0,1,5,1,0,2,1
ENSMUSG00000085429,Gm13485,0,0,0,0,0,0,0,0,0,0,0,0
ENSMUSG00000082846,Gm13484,0,0,0,0,0,0,0,0,0,0,0,0
ENSMUSG00000083270,Gm13498,2,4,3,3,1,0,3,1,0,1,7,1
ENSMUSG00000017144,Rnd3,127,117,43,33,74,92,54,63,65,51,71,80
ENSMUSG00000100496,Gm28639,0,0,0,0,0,0,0,0,0,0,0,0
ENSMUSG00000081173,Gm13500,0,0,0,1,0,0,0,1,0,0,0,0
ENSMUSG00000086349,Gm13497,0,0,0,0,1,0,0,0,0,0,0,0
ENSMUSG00000086523,Gm13499,0,0,0,0,0,0,0,0,0,0,0,0
ENSMUSG00000086007,1700057H21Rik,0,2,0,0,0,1,0,1,0,0,1,0
ENSMUSG00000089614,Gm23505,0,0,0,0,0,0,0,0,0,0,0,0
ENSMUSG00000084334,Gm13494,1,0,0,0,0,0,0,0,0,0,0,0
ENSMUSG00000083472,Gm13491,0,0,0,0,0,0,0,0,0,0,0,0
ENSMUSG00000056115,Tas2r134,0,0,0,0,0,0,0,0,0,0,0,0
ENSMUSG00000085014,Gm13490,0,0,0,0,0,0,0,0,0,0,0,0
ENSMUSG00000081484,Gm13492,0,1,0,0,0,0,0,0,0,0,0,0
ENSMUSG00000087701,Gm13493,1,0,0,0,0,0,1,0,1,1,1,0
ENSMUSG00000036249,Rbm43,262,289,207,223,174,84,229,257,257,253,224,218
ENSMUSG00000080782,Gm13495,0,0,0,0,0,0,0,0,0,0,0,0
ENSMUSG00000026946,Nmi,501,545,452,451,392,331,453,506,495,498,554,484
ENSMUSG00000053475,Tnfaip6,0,0,0,1,3,0,0,0,0,0,1,1
ENSMUSG00000036202,Rif1,4832,4935,3784,3945,4254,4329,2245,4442,3473,4561,5002,4740
ENSMUSG00000026950,Neb,933,944,1117,1126,545,596,576,1400,580,772,498,497
ENSMUSG00002075472,#N/A,0,0,0,0,0,0,0,0,0,0,0,0
ENSMUSG00000081158,Gm13521,0,0,0,0,0,0,0,0,1,0,0,0
ENSMUSG00000086447,Gm13522,2,3,2,2,0,0,1,0,0,0,1,3
ENSMUSG00000036093,Arl5a,1790,1867,1803,1681,1643,1345,1321,1965,1782,1640,1660,1444
ENSMUSG00000085315,A430018G15Rik,0,0,1,0,0,0,3,0,2,1,0,3
ENSMUSG00000017412,Cacnb4,0,0,4,3,0,1,2,1,1,2,1,0
ENSMUSG00000082132,Gm13541,0,0,0,0,0,0,0,0,0,0,0,0
ENSMUSG00000025201,Bloc1s2-ps,4,7,6,3,4,3,5,5,4,6,4,8
ENSMUSG00000055371,Stam2,922,1033,740,754,676,447,666,917,867,780,639,653
ENSMUSG00000085815,Gm13548,0,0,0,0,1,0,0,0,0,0,0,0
ENSMUSG00000036053,Fmnl2,32,42,44,39,30,28,26,35,24,23,27,24
ENSMUSG00000061136,Prpf40a,7068,7181,6073,5887,5663,5829,5171,6562,6656,6454,6539,5961
ENSMUSG00000026960,Arl6ip6,570,653,469,481,585,369,523,472,605,589,595,572
ENSMUSG00000088928,Gm25898,0,0,0,0,0,0,0,0,0,0,0,0
ENSMUSG00000082472,Gm13501,1,1,2,2,1,0,3,1,3,3,0,2
ENSMUSG00000080716,Gm13503,0,0,0,0,0,0,1,0,0,0,0,0
ENSMUSG00000083287,Gm13502,0,0,0,0,0,0,0,0,0,0,0,0
ENSMUSG00000088628,Gm23315,0,0,0,0,0,0,0,0,0,0,0,0
ENSMUSG00000075334,Rprm,0,0,0,0,0,0,0,0,0,0,0,1
ENSMUSG00000064596,Gm22298,0,0,0,0,0,0,0,0,0,0,0,0
ENSMUSG00000082096,Gm13505,0,0,0,0,0,0,0,0,0,0,0,0
ENSMUSG00000080742,Gm14035,1,0,0,0,1,0,0,1,0,0,1,0
ENSMUSG00000083684,Gm14034,0,0,1,0,0,0,0,0,0,0,0,0
ENSMUSG00000060988,Galnt13,0,0,0,0,0,2,0,0,0,0,2,0
ENSMUSG00000089272,Gm24549,0,0,0,0,0,0,0,0,0,0,0,0
ENSMUSG00000089352,Gm25489,0,0,0,0,0,0,0,0,0,0,0,0
ENSMUSG00000082301,Gm14032,1,0,0,0,0,0,0,0,1,1,0,0
ENSMUSG00000087040,Gm14033,0,0,1,0,0,0,0,0,0,0,0,0
ENSMUSG00000026824,Kcnj3,0,0,0,0,0,1,0,0,0,0,0,0
ENSMUSG00000082971,Gm13517,0,0,0,0,0,0,1,0,0,0,0,0
ENSMUSG00000082499,Gm13615,0,0,0,0,0,2,0,0,2,0,1,0
ENSMUSG00000082142,Gm13518,0,0,0,0,0,0,0,0,0,0,0,0
ENSMUSG00000098437,Mir195b,0,0,0,0,0,0,0,0,0,0,0,0
ENSMUSG00000082578,Gm13527,19,24,21,23,15,3,18,18,19,14,10,10
ENSMUSG00000026826,Nr4a2,1680,1632,2053,1969,2048,2155,1484,1721,1482,1472,1414,1293
ENSMUSG00000084938,BB557941,1,0,0,0,0,0,0,0,0,0,0,0
ENSMUSG00000086396,4930555B11Rik,0,0,0,0,0,0,0,0,0,0,0,0
ENSMUSG00000080812,Gm13526,0,0,0,0,0,0,0,0,0,0,0,0
ENSMUSG00000054181,A930012O16Rik,25,42,26,29,28,18,24,25,34,34,30,19
ENSMUSG00000026827,Gpd2,3774,4051,2801,2800,2008,1401,2277,2789,2906,2741,2288,2042
ENSMUSG00000084292,Gm13535,0,0,0,0,0,0,0,0,0,0,0,0
ENSMUSG00000084338,Gm13531,0,0,0,0,0,0,0,0,0,0,0,0
ENSMUSG00000081642,Gm13532,3,0,0,3,1,1,5,0,1,5,1,2
ENSMUSG00000084294,Gm13533,0,0,0,0,0,0,0,0,0,0,0,0
ENSMUSG00000087964,Gm25388,0,0,0,0,0,0,0,0,0,0,0,0
ENSMUSG00000110205,Gm33594,0,0,3,2,0,0,1,2,0,0,0,0
ENSMUSG00000026828,Galnt5,0,0,0,0,0,0,0,0,0,0,0,0
ENSMUSG00000026830,Ermn,579,623,733,833,774,793,710,879,601,699,742,697
ENSMUSG00000053472,Gm13534,0,0,0,0,0,0,0,0,0,0,0,0
ENSMUSG00000026832,Cytip,2824,3203,3661,4083,4176,2598,4505,4790,3746,3571,4065,3529
ENSMUSG00000086862,Gm13546,113,112,115,130,146,119,141,169,133,114,114,135
ENSMUSG00000026834,Acvr1c,1,1,9,6,7,8,6,5,1,6,3,2
ENSMUSG00000086995,Gm13544,0,0,0,0,0,0,0,0,0,0,0,0
ENSMUSG00000082408,Gm13545,1,0,2,0,0,2,2,1,4,0,4,1
ENSMUSG00000026836,Acvr1,143,147,117,97,123,98,115,112,125,105,115,100
ENSMUSG00000091922,Gm17409,0,0,0,0,0,0,0,0,0,0,0,0
ENSMUSG00000026839,Upp2,0,0,0,1,0,1,1,0,0,0,1,0
ENSMUSG00000086129,Gm13558,0,0,0,0,0,0,0,0,0,0,0,0
ENSMUSG00000080985,Gm13559,4,0,0,0,3,7,3,0,4,4,1,0
ENSMUSG00000036641,Ccdc148,4,8,6,10,9,6,7,9,9,8,6,2
ENSMUSG00000079353,Gm11099,0,1,0,0,0,0,0,0,0,0,0,1
ENSMUSG00000082800,Gm13560,0,0,0,0,0,0,0,0,0,0,0,0
ENSMUSG00000082989,Gm13557,0,0,0,0,0,0,0,0,0,0,0,0
ENSMUSG00000084250,Gm13550,0,0,0,0,0,1,0,0,0,0,0,1
ENSMUSG00000026991,Pkp4,1992,2179,2365,2328,2344,1703,2093,2613,1910,1726,1673,1390
ENSMUSG00000087455,5330411J11Rik,0,0,0,0,0,0,0,0,0,0,0,0
ENSMUSG00000083276,Gm13551,1,0,0,0,1,0,0,2,0,0,0,0
ENSMUSG00000080982,Gm13549,0,0,0,0,3,0,0,0,0,1,1,0
ENSMUSG00000026989,Dapl1,38,48,98,117,158,131,67,77,51,37,87,69
ENSMUSG00000081157,Gm13552,2,4,0,1,2,5,3,2,4,3,8,1
ENSMUSG00000035168,Tanc1,335,318,266,267,282,175,226,351,252,218,266,283
ENSMUSG00000026988,Wdsub1,116,115,75,82,82,59,76,91,104,85,93,97
ENSMUSG00000026987,Baz2b,337,343,296,304,306,274,268,383,275,286,351,294
ENSMUSG00000081236,Gm13574,0,0,0,0,1,0,0,0,0,0,0,0
ENSMUSG00000085975,Gm13572,0,0,0,0,0,0,0,1,0,0,0,1
ENSMUSG00000087181,Gm13570,0,1,0,0,0,0,0,0,0,0,0,0
ENSMUSG00000086603,Gm13620,0,0,0,3,1,1,2,0,3,1,1,0
ENSMUSG00000082330,Ldha-ps,0,1,1,0,1,0,1,0,0,1,1,1
ENSMUSG00000026977,44627,1839,1689,1462,1474,1262,1092,1206,1557,1528,1667,1478,1404
ENSMUSG00000060703,Cd302,3,4,2,1,1,7,3,3,3,8,4,4
ENSMUSG00000080198,Gm13573,5,7,5,3,6,2,11,1,7,8,4,2
ENSMUSG00000026980,Ly75,2594,2721,2547,2444,1860,1228,1660,2685,2336,2288,1967,1760
ENSMUSG00000086196,Gm13571,0,0,0,1,0,0,0,0,0,0,2,0
ENSMUSG00000087283,Gm13580,0,0,0,1,0,0,0,0,0,0,0,0
ENSMUSG00000054580,Pla2r1,0,0,3,0,1,0,0,1,0,0,1,0
ENSMUSG00000086578,Gm13583,0,0,0,0,0,0,0,0,0,0,0,0
ENSMUSG00000084115,Gm13566,0,0,0,0,0,0,0,0,0,0,0,0
ENSMUSG00000083195,Gm13567,0,2,0,0,0,0,0,0,0,0,1,0
ENSMUSG00000026971,Itgb6,1,0,0,0,0,0,1,2,0,0,0,0
ENSMUSG00000026970,Rbms1,3521,3665,3654,3511,2192,1851,3261,3385,2426,2368,1901,1653
ENSMUSG00000075325,Gm13582,0,0,0,0,0,0,0,0,0,0,0,0
ENSMUSG00000083334,Gm13579,0,0,0,0,0,0,0,0,0,0,0,0
ENSMUSG00000083197,Gm13581,0,0,0,0,0,0,0,0,0,0,0,0
ENSMUSG00000119486,#N/A,0,0,0,0,0,0,0,0,0,0,0,0
ENSMUSG00002076594,#N/A,0,0,0,0,0,0,0,0,0,0,0,0
ENSMUSG00000064289,Tank,1315,1417,1085,1162,1097,1313,970,1189,1110,1210,1173,1025
ENSMUSG00000081954,Gm13626,0,0,0,0,0,0,0,0,0,0,0,0
ENSMUSG00000026914,Psmd14,3456,3748,3064,3129,3442,2674,3296,3218,3657,3453,3276,3009
ENSMUSG00002075556,#N/A,0,0,0,0,0,0,0,0,0,0,0,0
ENSMUSG00002076842,#N/A,2,4,5,1,1,2,1,0,2,0,0,2
ENSMUSG00000035033,Tbr1,5,3,4,5,2,2,5,2,5,1,2,2
ENSMUSG00000083018,Gm13555,0,0,0,0,0,0,0,0,0,0,0,0
ENSMUSG00000026904,Slc4a10,0,0,1,0,1,1,0,0,0,0,0,0
ENSMUSG00000035000,Dpp4,940,1057,798,844,776,687,720,1076,897,908,752,717
ENSMUSG00000087518,Gm13561,3,3,5,9,3,1,1,1,2,2,3,0
ENSMUSG00000027199,Gatm,204,174,157,124,166,127,129,171,132,133,212,178
ENSMUSG00000118663,#N/A,1079,1147,1050,1154,1193,498,900,961,1104,1016,1179,1137
ENSMUSG00000033213,AA467197,263,423,368,450,318,168,445,429,215,216,204,177
ENSMUSG00000076309,Mir147,0,0,0,0,0,0,0,0,0,0,0,0
ENSMUSG00000005802,Slc30a4,1145,1210,983,1042,755,424,790,1062,962,1049,932,889
ENSMUSG00000040794,C1qtnf4,22,21,16,10,11,3,19,21,24,29,13,10
ENSMUSG00000118479,Gm32514,0,0,0,0,0,0,0,0,2,0,0,0
ENSMUSG00000005510,Ndufs3,564,571,507,518,509,220,496,551,589,552,576,605
ENSMUSG00000005505,Kbtbd4,603,689,495,559,553,222,499,497,646,544,594,504
ENSMUSG00000063235,Ptpmt1,898,1127,860,914,773,394,1046,943,1034,784,729,708
ENSMUSG00000091037,Gm17661,2,5,3,0,7,0,4,11,6,2,5,7
ENSMUSG00000005506,Celf1,5001,5080,4711,4506,4856,3051,3728,4809,4826,4595,5095,4923
ENSMUSG00000082108,Gm13777,1,1,0,0,0,0,0,0,0,0,1,0
ENSMUSG00000002104,Rapsn,20,21,19,15,17,1,22,12,11,16,17,18
ENSMUSG00000068264,Ap5s1,82,84,73,78,96,20,63,72,76,75,82,84
ENSMUSG00000037523,Mavs,744,780,561,523,652,327,576,645,644,568,668,595
ENSMUSG00000037514,Pank2,653,615,502,612,680,384,535,596,720,611,716,699
ENSMUSG00000065563,Mir103-2,0,0,0,0,1,1,0,0,0,0,0,0
ENSMUSG00000048911,Rnf24,169,167,115,108,169,75,126,168,138,107,121,120
ENSMUSG00000086329,Gm14233,0,0,0,0,0,0,0,0,1,0,0,0
ENSMUSG00000082044,Snrpert,8,12,10,7,16,7,5,11,20,16,8,8
ENSMUSG00000074804,AU015228,0,0,0,1,0,0,0,0,0,0,0,0
ENSMUSG00000027403,Tgm6,0,0,0,0,0,0,0,0,0,0,0,0
ENSMUSG00000027404,Snrpb,7494,8588,6632,7238,7698,2254,7183,6395,8338,6974,6326,6338
ENSMUSG00000060332,Tmc2,0,0,0,0,0,0,0,0,0,0,0,0
ENSMUSG00000027405,Nop56,8617,9601,7678,8065,9223,3989,6883,7979,8956,8231,9217,8887
ENSMUSG00000080610,Snord110,8,7,11,6,8,0,13,12,6,9,11,6
ENSMUSG00000065287,Gm24451,0,0,0,0,0,0,0,0,0,0,0,0
ENSMUSG00000093645,Gm23187,0,0,0,0,0,0,0,0,0,0,0,0
ENSMUSG00000065289,Gm23650,0,0,0,0,0,0,0,0,0,0,0,0
ENSMUSG00000065272,Snord57,0,0,0,0,0,0,0,0,0,0,0,0
ENSMUSG00000027406,Idh3b,2564,2761,2342,2289,2457,1663,2302,2416,2523,2210,2602,2301
ENSMUSG00000027593,Raly,4947,5527,4186,4573,4657,2539,4222,4760,5309,4535,4636,4166
ENSMUSG00000074656,Eif2s2,2042,2450,2086,2213,2272,2423,2345,2312,2033,2055,2321,1911
ENSMUSG00000098640,Gm14214,1,1,0,3,1,1,0,0,2,1,0,2
ENSMUSG00000040061,Plcb2,773,798,534,547,522,315,376,565,732,661,686,685
ENSMUSG00000074918,Inafm2,636,720,528,478,417,190,450,495,528,511,357,329
ENSMUSG00000045838,Ccdc9b,0,0,0,0,0,0,0,0,0,0,0,0
ENSMUSG00000046804,Phgr1,0,0,0,0,0,0,0,0,0,0,0,0
ENSMUSG00000040035,Disp2,0,1,0,1,0,0,0,1,0,0,0,0
ENSMUSG00000027331,Knstrn,380,437,391,385,827,694,530,552,404,356,638,617
ENSMUSG00000086421,Gm14091,0,0,0,0,0,0,0,0,0,0,0,0
ENSMUSG00000027332,Ivd,182,211,197,179,174,69,230,230,180,131,189,182
ENSMUSG00000089264,Gm22889,0,0,0,0,0,0,0,0,0,0,0,0
ENSMUSG00000084006,Gm14245,0,1,1,1,0,1,0,0,2,2,0,1
ENSMUSG00000087162,Gm14244,0,0,0,0,0,0,0,0,0,0,0,0
ENSMUSG00000027377,Mall,3,4,1,5,2,1,2,2,2,0,1,0
ENSMUSG00000027378,Nphp1,38,46,21,21,33,27,43,32,36,31,40,46
ENSMUSG00000051319,Mtln,140,132,145,174,159,69,150,113,162,166,153,150
ENSMUSG00002076263,#N/A,0,0,0,0,0,1,0,0,0,0,0,0
ENSMUSG00000027379,Bub1,443,430,574,547,1075,749,614,785,436,487,659,691
ENSMUSG00000089113,Gm22902,0,0,0,0,0,0,0,0,0,0,0,0
ENSMUSG00000081652,Gm14283,0,0,0,0,0,0,0,0,0,0,0,0
ENSMUSG00000083671,Gm14304,0,0,0,0,0,0,0,0,0,0,0,0
ENSMUSG00000027333,Smox,890,1023,677,782,607,236,606,716,715,626,482,449
ENSMUSG00000027335,Adra1d,0,0,0,0,0,0,0,0,0,0,0,0
ENSMUSG00000087524,Gm14285,0,0,0,0,0,0,0,0,0,0,0,0
ENSMUSG00000084164,Gm13902,2,4,5,3,3,2,2,4,7,6,3,2
ENSMUSG00000027122,Arl14ep,1153,1273,1026,998,972,638,856,1004,1029,948,1082,998
ENSMUSG00000081966,Gm13900,0,0,0,0,0,0,0,0,0,0,0,0
ENSMUSG00000082066,Gm13904,0,0,1,3,0,0,1,0,0,3,0,0
ENSMUSG00000027120,Fshb,0,0,0,0,0,0,0,0,0,0,0,0
ENSMUSG00000089408,Gm24885,0,0,0,0,0,0,0,0,0,0,0,0
ENSMUSG00000083181,Gm13903,0,0,0,0,0,0,0,0,0,0,0,0
ENSMUSG00000100992,Gm23925,0,0,0,0,0,0,0,0,0,0,0,0
ENSMUSG00000064405,Gm23925,0,0,0,0,0,0,0,0,0,0,0,0
ENSMUSG00000044349,Snhg11,0,0,1,0,0,4,0,0,0,0,0,0
ENSMUSG00000065840,Gm25187,0,0,0,0,0,0,0,0,0,0,0,0
ENSMUSG00000064585,Gm25129,0,0,0,0,0,0,0,0,0,0,0,0
ENSMUSG00000083168,Gm14201,0,0,0,0,0,0,0,0,0,0,0,0
ENSMUSG00000083715,Gm14202,0,0,0,0,0,0,0,0,0,0,0,0
ENSMUSG00000027652,Ralgapb,1753,1759,1420,1447,1478,911,1077,1445,1523,1492,1496,1380
ENSMUSG00000081800,Gm14200,0,0,0,0,0,0,0,0,0,0,0,0
ENSMUSG00000084644,Gm24379,1,1,6,0,1,0,1,0,0,2,0,0
ENSMUSG00000044405,Adig,2,0,0,0,0,0,0,0,0,0,1,0
ENSMUSG00000086496,Gm14204,0,0,0,0,0,0,0,0,1,0,0,0
ENSMUSG00000037771,Slc32a1,5,1,0,4,2,1,1,0,3,2,0,1
ENSMUSG00000087563,Gm14205,0,0,1,0,0,0,0,0,0,0,0,0
ENSMUSG00000037761,Actr5,754,828,680,699,664,217,528,693,797,677,632,614
ENSMUSG00000093120,Mir3474,0,0,2,1,1,2,0,1,2,0,2,0
ENSMUSG00000037754,Ppp1r16b,3490,3741,3061,3355,3169,1597,2552,3360,3507,3166,2914,2845
ENSMUSG00002075033,#N/A,0,0,0,0,0,0,0,0,0,1,0,0
ENSMUSG00000074625,Arhgap40,0,2,0,0,0,2,0,0,0,0,0,0
ENSMUSG00000083263,Gm14874,0,0,0,0,0,0,0,0,0,0,0,0
ENSMUSG00000084161,Gm15061,0,0,0,0,0,0,0,0,0,0,0,0
ENSMUSG00000095152,Gm3657,0,0,0,0,0,0,0,0,0,0,0,0
ENSMUSG00000088050,Gm26151,0,0,0,0,0,0,0,0,0,0,0,0
ENSMUSG00000083213,Gm14875,0,0,0,0,0,0,0,0,0,0,0,0
ENSMUSG00000081197,Gm15076,0,0,0,0,0,0,0,0,0,0,0,0
ENSMUSG00000081414,Gm3943,0,0,1,0,0,0,0,1,0,0,0,0
ENSMUSG00000081718,Gm8261,1,5,1,1,0,1,1,0,1,1,5,2
ENSMUSG00000056380,Gpr50,2,0,1,0,0,0,0,0,0,0,0,0
ENSMUSG00000084147,Gm15075,0,0,0,0,0,0,0,0,0,0,0,0
ENSMUSG00000082594,Gm15074,0,0,0,0,0,0,0,0,0,0,0,0
ENSMUSG00000082337,Gm14723,0,0,1,0,0,0,0,0,0,0,0,0
ENSMUSG00000085489,Gm3669,0,0,0,0,0,0,0,0,0,0,0,0
ENSMUSG00000083411,Rpl30-ps10,0,0,0,0,0,0,0,0,0,0,0,0
ENSMUSG00000084061,Gm4996,0,0,0,0,0,0,0,0,0,0,0,0
ENSMUSG00000033965,Slc16a2,4,3,4,9,7,12,8,6,6,10,6,0
ENSMUSG00000083019,Gm6222,0,1,0,0,0,0,0,0,0,0,0,0
ENSMUSG00000104064,Gm37956,0,0,1,0,0,0,0,0,0,0,0,0
ENSMUSG00000073257,Gm10488,0,0,0,0,0,0,0,0,0,0,0,0
ENSMUSG00000083605,Gm14893,0,0,0,0,0,0,0,0,0,0,0,0
ENSMUSG00002076267,#N/A,0,0,0,0,0,0,0,0,0,0,0,0
ENSMUSG00000082322,Gm9164,35,33,23,17,11,3,23,19,26,30,12,13
ENSMUSG00000085060,E330016L19Rik,0,0,0,0,0,0,0,0,0,0,0,0
ENSMUSG00000081689,Gm9166,0,0,0,0,0,0,0,0,0,0,0,0
ENSMUSG00000096311,Gm3681,0,0,0,0,0,0,0,0,0,0,0,0
ENSMUSG00000073131,Vma21,435,360,323,321,337,439,425,425,389,355,378,349
ENSMUSG00000073255,Gm14632,0,0,0,0,0,0,0,0,0,0,0,0
ENSMUSG00000085989,Gm7437,0,0,0,0,0,0,0,0,0,0,0,0
ENSMUSG00000085325,Gm14974,0,0,0,0,0,0,0,0,0,0,0,0
ENSMUSG00000096539,Gm7438,0,0,0,0,0,0,0,0,0,0,0,0
ENSMUSG00000041380,Htr2c,0,0,0,0,0,0,0,0,0,0,0,0
ENSMUSG00000056537,Rlim,3062,3051,2645,2468,2646,2114,1838,2765,2581,2616,2865,2604
ENSMUSG00000077767,Snora35,0,0,0,0,0,0,0,0,0,0,0,0
ENSMUSG00000092879,Gm22650,0,0,0,0,0,0,0,0,0,0,0,0
ENSMUSG00000080825,Gm14892,0,0,0,0,0,0,0,0,0,0,0,0
ENSMUSG00000076458,Mir764,0,0,0,0,0,0,0,0,0,0,0,0
ENSMUSG00000064876,Gm23378,0,0,0,0,0,0,0,0,0,0,0,0
ENSMUSG00000093039,Mir1912,0,0,0,0,0,0,0,0,0,0,0,0
ENSMUSG00000073130,Gm1141,3,2,2,3,5,3,5,4,2,3,1,1
ENSMUSG00000077199,Gm22266,0,0,0,0,0,0,0,0,0,0,0,0
ENSMUSG00000093122,Mir1264,0,0,0,0,0,0,0,0,0,0,0,0
ENSMUSG00000080331,Mir1298,0,0,0,0,0,0,0,0,0,0,0,0
ENSMUSG00002076103,#N/A,0,0,0,0,0,0,0,0,0,0,0,0
ENSMUSG00000084713,Gm24627,0,0,0,0,0,0,0,0,0,0,0,0
ENSMUSG00000065450,Mir448,0,0,0,0,0,0,0,0,0,0,0,0
ENSMUSG00000094759,Gm10487,0,0,0,0,0,0,0,0,0,0,0,0
ENSMUSG00000094391,Btbd35f29,0,0,0,0,0,0,0,0,0,0,0,0
ENSMUSG00000033361,Prrg3,0,0,0,0,0,1,0,0,0,0,0,1
ENSMUSG00000095754,Spin2f,0,0,0,0,0,0,0,0,0,0,0,0
ENSMUSG00000046449,Nexmif,1,2,1,3,1,4,2,4,1,1,1,6
ENSMUSG00000076286,Mir672,0,0,0,0,0,0,0,0,0,0,0,0
ENSMUSG00000118441,Btbd35f26,0,0,0,0,0,0,0,0,0,0,0,0
ENSMUSG00000086580,Gm15280,0,0,0,0,0,0,0,0,0,0,0,0
ENSMUSG00000086906,Gm15276,0,0,0,0,0,0,0,0,0,0,0,0
ENSMUSG00000118465,Btbd35f19,0,0,0,0,0,0,0,0,0,0,0,0
ENSMUSG00000118452,Gm21883,0,0,0,0,0,0,0,0,0,0,0,0
ENSMUSG00000096645,Spin2e,0,0,0,0,0,0,0,0,0,0,0,0
ENSMUSG00000053593,Fate1,0,0,0,0,1,2,0,0,0,0,0,0
ENSMUSG00000118431,Btbd35f25,0,0,0,0,0,0,0,0,0,0,0,0
ENSMUSG00000095770,Gm21637,0,0,0,0,0,0,0,0,0,0,0,0
ENSMUSG00000118402,Btbd35f22,0,0,0,0,0,0,0,0,0,0,0,0
ENSMUSG00000114897,Gm5923,0,0,0,0,0,0,0,0,0,0,0,0
ENSMUSG00000031289,Il13ra2,0,0,0,0,1,0,0,0,0,0,0,0
ENSMUSG00000005864,Cnga2,0,0,0,0,0,0,0,0,0,0,0,0
ENSMUSG00000096194,Btbd35f2,0,0,0,0,0,0,0,0,0,0,0,0
ENSMUSG00000033343,Magea4,0,0,0,0,0,0,0,0,0,0,0,0
ENSMUSG00000118459,Btbd35f1,0,0,0,0,0,0,0,0,0,0,0,0
ENSMUSG00000067262,Vmn1r239-ps,0,0,0,0,0,0,0,0,0,0,0,0
ENSMUSG00000114356,Gm47265,0,0,0,0,0,5,0,0,0,0,0,0
ENSMUSG00000031333,Abcb7,1178,1112,962,858,1040,1027,769,985,1005,1057,1314,1179
ENSMUSG00000094601,Gm5926,0,0,0,0,0,0,0,0,0,0,0,0
ENSMUSG00000083327,Vcp-rs,62,32,38,29,22,18,30,37,61,46,24,56
ENSMUSG00000082996,Gm6238,1,0,0,0,0,1,0,0,1,4,1,1
ENSMUSG00000099711,Btbd35f21,0,0,0,0,0,0,0,0,0,0,0,0
ENSMUSG00000118481,Gm21789,0,0,0,0,0,0,0,0,0,0,0,0
ENSMUSG00000073016,Uprt,270,283,240,202,197,214,137,225,235,230,242,236
ENSMUSG00000031340,Gabre,0,0,0,0,0,0,0,1,0,0,0,0
ENSMUSG00000118409,Btbd35f5,0,0,0,0,0,0,0,0,0,0,0,0
ENSMUSG00000065542,Mir224,0,0,0,0,0,0,0,0,0,0,0,0
ENSMUSG00000070138,Mir452,0,0,0,0,0,0,0,0,0,0,0,0
ENSMUSG00000094115,Spin2-ps6,0,0,0,0,0,0,0,0,0,0,0,0
ENSMUSG00000084982,Gm15275,0,0,0,0,0,0,0,0,0,0,0,0
ENSMUSG00000086246,Gm15274,0,0,0,0,0,0,0,0,0,0,0,0
ENSMUSG00000101500,Btbd35f12,0,0,0,0,0,0,0,0,0,0,0,0
ENSMUSG00000087224,Gm2182,0,0,0,0,0,0,0,0,0,0,0,0
ENSMUSG00000114725,Gm2854,0,0,0,0,0,0,0,0,0,0,0,0
ENSMUSG00000043453,Magea10,0,0,0,0,0,0,0,0,0,0,0,0
ENSMUSG00000087649,Gm21979,0,0,0,0,0,0,0,0,0,0,0,0
ENSMUSG00000085552,Gm21990,0,0,0,0,0,0,0,0,0,0,0,0
ENSMUSG00000079649,Gm2892,0,0,0,0,0,0,0,0,0,0,0,0
ENSMUSG00000079297,Gm2223,5,19,15,6,17,8,15,5,7,10,13,9
ENSMUSG00000087007,Gm2231,0,0,0,0,0,0,0,0,0,0,0,0
ENSMUSG00000101294,Btbd35f15,0,0,0,0,0,0,0,0,0,0,0,0
ENSMUSG00000086668,Gm15273,0,0,0,0,0,0,0,0,0,0,0,0
ENSMUSG00000086525,Gm15281,0,0,0,0,0,0,0,0,0,0,0,0
ENSMUSG00000085756,Gm15279,0,0,0,0,0,0,0,0,0,0,0,0
ENSMUSG00000033906,Zdhhc15,303,310,311,305,309,171,275,322,304,295,205,209
ENSMUSG00000087468,Gm7023,0,0,0,0,0,0,0,0,0,0,0,0
ENSMUSG00000089171,Gm22430,0,0,0,0,0,0,0,0,0,0,0,0
ENSMUSG00000095934,Btbd35f13,0,0,0,0,0,0,0,0,0,0,0,0
ENSMUSG00000083049,Gm14822,0,0,0,0,0,0,0,0,0,0,0,0
ENSMUSG00000100364,1700121L16Rik,0,0,0,0,0,0,0,0,0,0,0,0
ENSMUSG00000078324,Btbd35f14,0,0,0,0,0,0,0,0,0,0,0,0
ENSMUSG00000031224,Magee2,7,0,6,2,2,1,6,3,3,0,1,0
ENSMUSG00000096915,Btbd35f6,0,0,0,0,0,0,0,0,0,0,0,0
ENSMUSG00000081703,Gm6285,2,0,1,1,1,1,1,0,6,1,1,3
ENSMUSG00000118488,Gm21870,0,0,0,0,0,0,0,0,0,0,0,0
ENSMUSG00000088960,Gm22090,0,0,0,0,0,0,0,0,0,0,0,0
ENSMUSG00000082600,Gm9673,0,0,0,0,0,0,0,0,0,0,0,0
ENSMUSG00000118429,Btbd35f9,0,0,0,0,0,0,0,0,0,0,0,0
ENSMUSG00000095659,Spin2g,0,0,0,0,0,0,0,0,0,0,0,0
ENSMUSG00000118438,Btbd35f8,0,0,0,0,0,0,0,0,0,0,0,0
ENSMUSG00000084363,Gm2288,0,0,0,0,0,0,0,0,0,0,0,0
ENSMUSG00000087491,Gm14552,0,0,0,0,0,0,0,0,0,0,0,0
ENSMUSG00000031343,Gabra3,0,0,0,0,0,0,0,0,0,0,0,0
ENSMUSG00000081471,Gm14735,0,0,0,0,0,0,0,0,0,0,0,0
ENSMUSG00000076455,Mir767,0,0,0,0,0,0,0,0,0,0,0,0
ENSMUSG00000077847,Mir105,0,0,0,0,0,0,0,0,0,0,0,0
ENSMUSG00000119692,#N/A,0,0,0,0,0,0,0,0,0,0,0,0
ENSMUSG00000082657,Gm14736,0,0,0,0,2,0,0,0,0,0,0,0
ENSMUSG00000073247,Gm10486,0,0,0,0,0,0,0,0,0,0,0,0
ENSMUSG00000086757,Gm2309,0,0,0,0,0,0,0,0,0,0,0,0
ENSMUSG00000095899,Gm2318,0,0,0,0,0,0,0,0,0,0,0,0
ENSMUSG00000085000,Gm14553,0,0,0,0,0,0,0,0,0,0,0,0
ENSMUSG00000031344,Gabrq,0,0,0,0,0,0,0,0,0,0,0,0
ENSMUSG00000090089,Magea9-ps,0,0,0,0,0,0,0,0,0,0,0,0
ENSMUSG00000087174,5530601H04Rik,146,160,149,150,256,267,145,156,142,120,338,290
ENSMUSG00000073245,Gm14819,0,0,0,0,0,0,0,0,0,0,0,0
ENSMUSG00000085107,Gm4764,0,0,0,0,0,0,0,0,0,0,0,0
ENSMUSG00000082799,Gm14554,0,0,0,0,0,0,0,0,0,0,0,0
ENSMUSG00000087847,Gm25624,0,0,0,0,0,0,0,0,0,0,0,0
ENSMUSG00000031347,Cetn2,498,506,390,455,440,441,511,446,499,425,486,424
ENSMUSG00000031290,Lrch2,0,0,0,0,0,0,0,0,0,0,0,0
ENSMUSG00000084421,Gm25107,0,0,0,0,0,0,0,0,0,0,0,0
ENSMUSG00000080250,Gm16400,0,0,0,0,0,0,0,0,0,0,0,0
ENSMUSG00000084191,Gm15167,0,0,0,0,0,0,0,0,0,0,0,0
ENSMUSG00000031226,Pbdc1,808,1079,742,867,1410,1192,916,871,970,922,1332,1123
ENSMUSG00000031349,Nsdhl,322,347,342,323,180,148,317,326,283,236,214,194
ENSMUSG00000085441,Gm8289,0,0,0,0,0,0,0,0,0,0,0,0
ENSMUSG00000031227,Magee1,257,271,148,143,157,71,147,153,191,182,145,146
ENSMUSG00000084944,Gm14684,0,0,0,0,0,0,0,0,0,0,0,0
ENSMUSG00000082245,Gm6292,0,0,0,1,0,0,1,1,0,0,1,0
ENSMUSG00000083889,E530001F21Rik,0,0,0,0,0,0,0,0,0,0,0,0
ENSMUSG00000085791,Rpl30-ps9,0,0,0,0,0,0,0,0,0,0,0,0
ENSMUSG00000083744,Gm14824,0,0,0,0,0,0,0,0,0,0,0,0
ENSMUSG00000065499,Mir384,0,0,0,0,0,0,0,0,0,0,0,0
ENSMUSG00000095872,Gm15128,0,0,0,0,0,0,0,0,0,0,0,0
ENSMUSG00000083970,Gm15081,0,0,0,0,0,0,0,0,0,0,0,0
ENSMUSG00000087620,5330434G04Rik,0,0,0,0,0,0,0,0,0,0,0,0
ENSMUSG00000065425,Mir325,0,0,0,0,0,0,0,0,0,0,0,0
ENSMUSG00000082464,Rab9b-ps1,0,0,0,0,0,0,0,0,0,0,0,0
ENSMUSG00000072931,Gm15080,0,0,0,0,0,0,0,0,0,0,0,0
ENSMUSG00000080046,Gm15108,0,0,0,0,0,0,0,0,0,0,0,0
ENSMUSG00000090132,Cypt2,0,0,0,0,0,0,0,0,0,0,0,0
ENSMUSG00000081976,Gm14823,0,0,0,0,0,0,0,0,0,0,0,0
ENSMUSG00000083809,Gm15110,0,0,0,0,0,0,0,0,0,0,0,0
ENSMUSG00000084376,Gm14855,0,0,0,0,0,0,0,0,0,0,0,0
ENSMUSG00000082275,Gm14854,0,0,0,0,0,0,0,0,0,0,0,0
ENSMUSG00000094643,Gm8303,0,0,0,0,0,0,0,0,0,0,0,0
ENSMUSG00000063442,Gm7117,7,4,3,8,3,0,13,1,20,9,3,8
ENSMUSG00000031230,Fgf16,4,2,1,2,1,5,0,3,0,3,1,1
ENSMUSG00000072930,Gm15107,0,0,0,0,0,0,0,0,0,0,0,0
ENSMUSG00000072929,Gm15109,0,0,0,0,0,0,0,0,0,0,0,0
ENSMUSG00000081533,Gm15111,0,0,0,0,0,0,0,0,0,0,0,0
ENSMUSG00000084001,Gm15113,0,0,0,0,0,0,0,0,0,0,0,0
ENSMUSG00000096453,Gm8320,0,0,0,0,0,0,0,0,0,0,0,0
ENSMUSG00000079395,Gm15114,0,0,0,0,0,0,0,0,0,0,0,0
ENSMUSG00000082856,Gm15106,0,0,0,0,0,0,0,0,0,0,0,0
ENSMUSG00000084112,Gm15112,0,0,0,0,0,0,0,0,0,0,0,0
ENSMUSG00000095627,Gm8331,0,0,0,0,0,0,0,0,0,0,0,0
ENSMUSG00000079374,Gm8334,0,0,0,0,0,0,0,0,0,0,0,0
ENSMUSG00000031351,Zfp185,0,0,0,1,1,2,1,0,0,0,0,0
ENSMUSG00000089357,Mir2137,0,0,0,0,0,0,0,0,0,0,0,0
ENSMUSG00000096834,Gm15127,0,0,0,0,0,0,0,0,0,0,0,0
ENSMUSG00000050424,Pnma5,0,0,0,0,0,0,0,0,0,0,0,0
ENSMUSG00000109025,Gm6858,0,0,0,0,0,0,0,0,0,0,0,0
ENSMUSG00000080071,Gm15125,0,0,0,0,0,0,0,0,0,0,0,0
ENSMUSG00000046287,Pnma3,0,0,0,0,0,0,0,0,0,0,0,0
ENSMUSG00000082995,Gm15126,0,0,0,0,0,0,0,0,0,0,0,0
ENSMUSG00000083256,Kars-ps1,0,0,0,0,0,0,0,0,0,0,0,0
ENSMUSG00000079845,Xlr4a,174,156,115,128,133,95,120,144,143,149,139,153
ENSMUSG00000079387,Luzp4,0,0,0,0,0,0,0,0,0,0,0,0
ENSMUSG00000094712,Gm15099,0,0,0,0,0,0,0,0,0,0,0,0
ENSMUSG00000095994,Gm15084,0,0,0,0,0,0,0,0,0,0,0,0
ENSMUSG00000083778,Gm15094,0,0,0,0,0,0,0,0,0,0,0,0
ENSMUSG00000083231,Gm15096,0,0,0,0,0,0,0,0,0,0,0,0
ENSMUSG00000031093,Dock11,1207,1382,1507,1601,940,722,1027,1713,1047,1138,858,711
ENSMUSG00000118439,Gm50468,0,0,0,0,0,0,0,0,0,0,0,0
ENSMUSG00000057836,Xlr3a,7,2,0,1,0,1,2,0,0,0,2,0
ENSMUSG00000092255,Gm20455,0,0,0,0,0,0,0,0,0,0,0,0
ENSMUSG00000094885,Ott,0,0,0,0,0,0,0,0,0,0,0,0
ENSMUSG00000086974,Gm15092,0,0,0,0,0,0,0,0,0,0,0,0
ENSMUSG00000096213,Gm15088,0,0,0,0,0,0,0,0,0,0,0,0
ENSMUSG00000096179,Gm15090,0,0,0,0,0,0,0,0,0,0,0,0
ENSMUSG00000096899,Gm8346,0,0,0,0,0,0,0,0,0,0,0,0
ENSMUSG00000094941,Gm15093,0,0,0,0,0,0,0,0,0,0,0,0
ENSMUSG00000095820,Gm15098,0,0,0,0,0,0,0,0,0,0,0,0
ENSMUSG00000093851,Gm15089,0,0,0,0,0,0,0,0,0,0,0,0
ENSMUSG00000017057,Il13ra1,6,2,6,8,4,6,3,6,1,4,3,3
ENSMUSG00000095408,Gm8366,0,0,0,0,0,0,0,0,0,0,0,0
ENSMUSG00000096008,Gm15100,0,0,0,0,0,0,0,0,0,0,0,0
ENSMUSG00000095621,Gm15085,0,0,0,0,0,0,0,0,0,0,0,0
ENSMUSG00000096338,Gm15086,0,0,0,0,0,0,0,0,0,0,0,0
ENSMUSG00000036699,Zcchc12,1,0,0,0,0,1,1,1,0,0,0,0
ENSMUSG00000083130,Gm14560,0,0,0,0,0,0,0,0,0,0,0,0
ENSMUSG00000081159,Gm6023,7,10,5,7,4,3,4,11,17,9,10,6
ENSMUSG00000083755,Gm14559,0,0,0,0,0,0,0,0,0,0,0,0
ENSMUSG00000072923,Gm10439,0,0,0,0,0,0,0,0,0,0,0,0
ENSMUSG00000058328,Xlr5a,0,0,0,0,0,0,0,0,0,0,0,0
ENSMUSG00000094964,Gm15101,0,0,0,0,0,0,0,0,0,0,0,0
ENSMUSG00000095561,Gm8383,0,0,0,0,0,0,0,0,0,0,0,0
ENSMUSG00000067771,Gm14685,0,0,0,0,0,0,0,0,0,0,0,0
ENSMUSG00000071745,DXBay18,0,0,0,0,0,0,0,0,0,0,0,0
ENSMUSG00000016239,Lonrf3,125,140,118,114,152,61,83,71,115,103,146,109
ENSMUSG00000119926,#N/A,4,6,2,1,9,3,1,3,5,6,3,7
ENSMUSG00000081407,Gm14568,0,0,0,0,0,0,0,0,0,0,0,0
ENSMUSG00000094378,Gm15097,0,0,0,0,0,0,0,0,0,0,0,0
ENSMUSG00002075949,#N/A,0,0,0,0,0,0,0,0,0,0,0,0
ENSMUSG00000082937,Gm15095,0,0,0,0,0,0,0,0,0,0,0,0
ENSMUSG00000079642,Gm6268,0,0,0,0,0,0,0,0,0,0,0,0
ENSMUSG00000084395,Gm15087,0,0,0,0,0,0,0,0,0,0,0,0
ENSMUSG00000065031,Gm22364,0,0,0,0,0,0,0,0,0,0,0,0
ENSMUSG00000091556,Gm14569,0,0,0,0,0,0,0,0,0,0,0,0
ENSMUSG00000006373,Pgrmc1,1454,1526,1148,1134,1298,649,1305,1268,1457,1329,1177,1185
ENSMUSG00000095082,Gm15091,0,0,0,0,0,0,0,0,0,0,0,0
ENSMUSG00000095534,Gm15102,0,0,0,0,0,0,0,0,0,0,0,0
ENSMUSG00000081827,Gm15103,0,0,0,0,0,0,0,0,0,0,0,0
ENSMUSG00000031229,Atrx,3748,4252,2790,3179,3497,4657,2003,3453,2621,4139,4324,3720
ENSMUSG00000094767,Gm8402,0,0,0,0,0,0,0,0,0,0,0,0
ENSMUSG00000048592,Gm5946,0,0,0,0,1,0,1,1,1,0,1,1
ENSMUSG00000087360,Gm15104,0,0,0,0,0,0,0,0,0,0,0,0
ENSMUSG00000084678,Gm26020,0,0,0,0,0,0,0,0,0,0,0,0
ENSMUSG00000081928,Gm15105,0,0,0,0,0,0,0,0,0,0,0,0
ENSMUSG00000059708,Akap17b,43,39,24,27,28,36,36,45,20,35,43,43
ENSMUSG00000079965,Gm14853,7,7,22,16,18,2,14,8,14,11,15,8
ENSMUSG00000084575,Gm23656,0,0,0,0,0,0,0,0,0,0,0,0
ENSMUSG00000081281,Gm6274,2,2,4,1,0,0,1,4,1,2,0,1
ENSMUSG00000072479,Xlr5b,0,0,0,0,0,0,0,0,0,0,0,0
ENSMUSG00000037636,Slc25a43,3,0,2,1,4,1,1,2,3,0,1,3
ENSMUSG00000064530,Gm23613,0,0,0,0,0,0,0,0,0,0,0,0
ENSMUSG00000079566,Spin2d,0,0,0,0,0,0,0,0,0,0,0,0
ENSMUSG00000016319,Slc25a5,5242,5586,4107,4420,4950,1824,4707,4063,5632,4980,4618,4845
ENSMUSG00000084990,Gm14549,0,0,0,0,0,0,0,0,0,0,0,0
ENSMUSG00000073125,Xlr3b,6,3,0,0,2,2,0,0,1,0,5,1
ENSMUSG00000041353,Tmem29,201,197,195,186,212,160,198,205,171,172,195,173
ENSMUSG00000082974,Gm15129,0,0,0,0,0,0,0,0,0,0,0,0
ENSMUSG00000081187,3110067C02Rik,2,2,4,2,5,3,3,2,2,2,7,4
ENSMUSG00000006423,C330007P06Rik,379,362,341,319,332,311,266,341,314,352,390,285
ENSMUSG00000084265,Gm14541,0,0,2,2,0,0,2,2,1,1,0,0
ENSMUSG00000031232,Magt1,1203,1293,1066,1064,970,677,951,919,1110,923,1190,1065
ENSMUSG00000067768,Xlr4b,88,89,53,65,65,29,59,47,62,67,59,75
ENSMUSG00000031231,Cox7b,1326,1499,1236,1307,1500,949,1411,1382,1430,1241,1476,1462
ENSMUSG00000078317,F8a,156,166,119,162,119,38,172,129,177,159,92,151
ENSMUSG00000016308,Ube2a,1013,1192,870,942,890,536,1003,895,987,907,907,842
ENSMUSG00000025269,Apex2,489,564,414,453,437,227,457,464,446,441,405,411
ENSMUSG00000044149,Nkrf,1290,1230,992,1013,1125,969,888,1111,1199,1096,1309,1151
ENSMUSG00000087155,Gm15008,0,0,0,0,0,1,0,0,0,0,0,0
ENSMUSG00000031362,Xlr4c,40,56,56,40,36,21,32,31,47,44,50,25
ENSMUSG00000058147,Xlr3c,0,0,0,0,0,0,0,0,0,0,0,0
ENSMUSG00000067764,Xlr5c,0,1,0,1,0,0,0,0,2,0,0,0
ENSMUSG00000082629,Gm5639,0,0,0,0,0,0,0,0,0,0,0,0
ENSMUSG00000081253,Gm8501,0,0,0,0,0,0,0,0,0,0,0,0
ENSMUSG00000025270,Alas2,0,0,0,0,0,0,0,0,0,0,0,0
ENSMUSG00000109368,Gm45015,0,0,0,0,0,0,0,0,0,0,0,0
ENSMUSG00000099172,Mir3620,0,0,0,0,0,0,0,0,0,0,0,0
ENSMUSG00000033792,Atp7a,348,363,310,293,280,201,91,275,315,312,253,232
ENSMUSG00000033777,Tlr13,3,1,1,0,0,0,0,0,0,0,0,0
ENSMUSG00000031365,Zfp275,1798,1978,1624,1495,1675,951,1028,1563,1721,1652,1817,1700
ENSMUSG00000081081,Gm14856,0,2,0,0,0,0,0,0,0,0,0,0
ENSMUSG00000096966,Gm18336,0,0,0,0,0,0,0,0,0,0,1,0
ENSMUSG00000097110,Gm26726,0,0,0,0,0,0,0,0,0,0,0,0
ENSMUSG00000103141,Gm37741,0,0,0,0,0,0,0,0,0,0,0,0
ENSMUSG00000031374,Zfp92,1,1,1,1,1,5,4,2,1,1,1,2
ENSMUSG00000062070,Pgk1,391,619,443,499,299,57,538,439,339,294,208,188
ENSMUSG00000031372,Trex2,0,0,0,0,0,0,0,0,0,0,0,0
ENSMUSG00000047242,Taf9b,305,297,207,178,190,153,208,198,228,235,286,262
ENSMUSG00000050379,44810,1549,1808,1499,1660,1654,1663,1739,2103,1636,1539,1716,1510
ENSMUSG00000081220,Gm14542,0,0,0,0,0,0,0,0,0,0,1,0
ENSMUSG00000044400,Sowahd,0,0,0,0,0,0,0,0,0,0,0,0
ENSMUSG00000087873,Gm26099,0,0,0,0,0,0,0,0,0,0,0,0
ENSMUSG00000093059,Gm24809,0,0,0,0,0,0,0,0,0,0,0,0
ENSMUSG00000025271,Pfkfb1,44,34,38,34,54,25,27,47,44,41,54,45
ENSMUSG00000031371,Haus7,133,146,105,110,186,77,142,144,109,125,155,135
ENSMUSG00000079641,Rpl39,1479,2277,1684,1837,1715,981,1940,1657,1759,1634,1403,1334
ENSMUSG00000065642,Snora69,17,11,11,15,15,3,11,6,8,4,3,8
ENSMUSG00000073012,Fnd3c2,0,0,0,0,0,1,0,0,0,0,0,0
ENSMUSG00000082618,Gm14852,0,0,0,0,0,0,0,0,0,0,0,0
ENSMUSG00000081289,Gm14857,9,8,14,12,4,5,5,7,7,9,8,2
ENSMUSG00000083814,Gm5133,0,0,0,0,0,0,0,0,0,0,0,0
ENSMUSG00000119174,#N/A,0,0,0,0,0,0,0,0,0,0,0,0
ENSMUSG00000084219,Gm14876,0,0,0,0,0,0,0,0,0,0,0,0
ENSMUSG00000036572,Upf3b,449,437,344,330,511,559,441,446,333,367,508,433
ENSMUSG00000081778,Gm6325,0,0,0,0,0,0,0,0,0,0,0,0
ENSMUSG00000016409,Nkap,780,762,610,671,685,548,666,658,742,680,698,607
ENSMUSG00000036551,Akap14,0,2,0,2,1,0,0,0,2,0,0,0
ENSMUSG00000016427,Ndufa1,384,452,368,375,486,313,474,360,408,380,437,426
ENSMUSG00000036537,Rnf113a1,147,194,113,126,119,74,130,136,177,165,149,142
ENSMUSG00000031375,Bgn,0,0,0,0,1,3,0,0,0,0,0,0
ENSMUSG00000073243,Gm9,0,0,0,0,0,0,0,0,0,0,0,0
ENSMUSG00000071773,Rhox1,0,0,0,0,0,0,0,0,0,0,0,0
ENSMUSG00000051827,Rhox2a,0,0,0,0,0,0,0,0,0,0,0,0
ENSMUSG00000033737,Fndc3c1,8,6,5,5,6,2,4,11,4,4,8,4
ENSMUSG00002076096,#N/A,0,0,0,0,0,0,0,0,0,0,0,0
ENSMUSG00000052821,Cysltr1,188,214,151,155,99,91,173,199,176,158,128,99
ENSMUSG00000071772,Rhox3a,0,0,0,0,0,0,0,0,0,0,0,0
ENSMUSG00000079639,Rhox4a,0,0,0,0,0,0,0,0,0,0,0,0
ENSMUSG00000073010,Gm5127,6,8,8,10,7,2,4,3,7,5,2,0
ENSMUSG00000064553,Gm24622,0,0,0,0,0,0,0,0,1,0,1,0
ENSMUSG00000082174,Gm14877,0,0,0,0,0,0,0,0,0,0,0,0
ENSMUSG00000083432,Gm14878,0,0,0,0,0,0,0,0,0,0,0,0
ENSMUSG00000081395,Gm14879,0,0,0,0,0,0,0,0,0,0,0,0
ENSMUSG00000083595,Gm9200,2,0,0,0,0,0,0,0,0,2,0,0
ENSMUSG00000065733,Gm24491,0,0,0,0,0,0,0,0,0,0,0,0
ENSMUSG00002076607,#N/A,0,0,0,0,0,0,0,0,0,0,0,0
ENSMUSG00000083063,Gm14882,0,0,0,0,0,3,0,0,0,0,0,0
ENSMUSG00000095601,Rhox3a2,0,0,0,0,0,0,0,0,0,0,0,0
ENSMUSG00000082939,Gm14881,0,0,0,0,0,0,0,0,0,0,0,0
ENSMUSG00000080841,Gm14880,0,0,0,0,0,0,0,0,0,0,0,0
ENSMUSG00000094945,Rhox4a2,0,0,0,0,0,0,0,0,0,0,0,0
ENSMUSG00000047686,Rtl3,0,0,0,0,0,0,0,0,0,0,0,0
ENSMUSG00000079638,Rhox2b,0,0,0,0,0,0,0,0,0,0,0,0
ENSMUSG00000084056,Rhox3b-ps,0,0,0,0,0,0,0,0,0,0,0,0
ENSMUSG00000049929,Lpar4,0,0,0,0,0,3,0,0,0,0,1,0
ENSMUSG00000071771,Rhox4b,0,0,0,0,0,0,0,0,0,0,0,0
ENSMUSG00000050921,P2ry10,346,330,409,411,381,324,451,556,465,426,585,485
ENSMUSG00000079637,Rhox2c,0,0,0,0,0,0,0,0,0,0,0,0
ENSMUSG00000054293,P2ry10b,89,100,68,67,41,40,47,70,49,58,61,48
ENSMUSG00000082630,Gm14834,0,0,0,0,0,0,0,0,0,0,0,0
ENSMUSG00000080898,Gm14836,0,0,0,0,0,0,0,0,0,0,0,0
ENSMUSG00000079636,Rhox3c,0,0,0,0,0,0,0,0,0,0,0,0
ENSMUSG00000079635,Rhox4c,0,0,0,0,0,0,0,0,0,0,0,0
ENSMUSG00000025272,Tro,0,1,4,0,0,4,0,1,0,0,0,0
ENSMUSG00000031376,Atp2b3,0,1,0,0,0,0,0,2,0,0,0,0
ENSMUSG00000095698,Rhox2d,0,0,0,0,0,0,0,0,0,0,0,0
ENSMUSG00000119329,#N/A,0,0,0,0,0,0,0,0,0,0,0,0
ENSMUSG00000118463,Gm9730,0,0,0,0,0,0,0,0,0,0,0,0
ENSMUSG00000082297,Rhox3d-ps,0,0,0,0,0,0,0,0,0,0,0,0
ENSMUSG00000079633,Rhox4d,0,0,0,0,0,0,0,0,0,0,0,0
ENSMUSG00000031383,Dusp9,36,41,20,28,29,10,27,18,30,29,36,16
ENSMUSG00000081396,Gm15132,0,0,0,0,0,0,0,0,0,0,0,0
ENSMUSG00000073008,Gpr174,3756,3731,2891,2928,2655,2184,2046,2649,3618,3887,2962,2783
ENSMUSG00000082961,Gm15131,5,2,2,2,0,0,1,3,2,3,1,3
ENSMUSG00000080939,Gm9208,0,0,0,0,0,0,0,0,0,0,0,0
ENSMUSG00000081131,Gm14833,0,0,0,0,0,0,1,0,0,0,0,0
ENSMUSG00000080758,Gm5392,0,0,0,0,0,0,0,0,0,0,0,0
ENSMUSG00000096788,Rhox2e,0,0,0,0,0,0,0,0,0,0,0,0
ENSMUSG00000031239,Itm2a,1770,2007,1207,1246,1355,672,1365,1284,2167,1818,1237,1190
ENSMUSG00000082172,Gm14835,0,0,0,0,0,0,0,0,0,0,0,0
ENSMUSG00000055700,4933401B06Rik,1,0,0,0,0,0,0,0,0,0,0,0
ENSMUSG00000059626,Rhox3e,0,0,0,0,0,0,0,0,0,0,0,0
ENSMUSG00000071770,Rhox4e,0,0,0,0,0,0,0,0,0,0,0,0
ENSMUSG00000095741,Rhox2f,0,0,0,0,0,0,0,0,0,0,0,0
ENSMUSG00000095510,Rhox3f,0,0,0,0,0,0,0,0,0,0,0,0
ENSMUSG00000079630,Rhox4f,0,0,0,0,0,0,0,0,0,0,0,0
ENSMUSG00000080933,Rhox3g,0,0,0,0,0,0,0,0,0,0,0,0
ENSMUSG00000080241,Dppa3-ps,0,0,0,0,0,0,0,0,0,0,0,0
ENSMUSG00000119532,#N/A,0,0,0,0,0,0,0,0,0,0,0,0
ENSMUSG00000079629,Rhox2g,0,0,0,0,0,0,0,0,0,0,0,0
ENSMUSG00000031241,Tbx22,0,0,0,0,0,2,0,0,0,0,0,0
ENSMUSG00000079628,Rhox4g,0,0,0,0,0,0,0,0,0,0,0,0
ENSMUSG00000031242,2610002M06Rik,525,504,434,471,483,387,483,534,542,494,536,514
ENSMUSG00000071769,Rhox3h,0,0,0,0,0,0,0,0,0,0,0,0
ENSMUSG00000064697,Gm24147,0,0,0,0,0,0,0,0,0,0,0,0
ENSMUSG00000079627,Rhox2h,0,0,0,0,0,0,0,0,0,0,0,0
ENSMUSG00000106388,Rhox7-ps2,0,0,0,0,0,0,0,0,0,0,0,0
ENSMUSG00000081195,Rhox2-ps,0,0,0,0,0,0,0,0,0,0,0,0
ENSMUSG00000073007,Tent5d,0,1,1,0,0,0,0,0,2,0,0,1
ENSMUSG00000073006,Gm732,0,0,0,0,0,0,0,0,0,0,0,0
ENSMUSG00000081807,Gm14849,0,0,0,0,0,0,0,0,0,0,0,0
ENSMUSG00000082354,Gm378,0,0,0,0,0,0,0,0,0,0,0,0
ENSMUSG00000025268,Maged2,103,128,102,91,53,21,151,169,93,78,37,33
ENSMUSG00000081560,Gm9218,0,0,0,0,0,0,0,0,0,0,0,0
ENSMUSG00000080582,Gm24907,0,0,0,0,0,1,0,0,0,0,0,0
ENSMUSG00000093916,Gm379,0,0,0,0,0,0,0,0,0,0,0,0
ENSMUSG00000002012,Pnck,0,0,0,0,0,0,0,0,0,0,0,3
ENSMUSG00000087149,Itih5l-ps,0,0,3,0,1,0,0,0,0,0,0,0
ENSMUSG00000098311,Gm27191,0,0,0,0,0,0,0,0,0,0,0,0
ENSMUSG00000081194,Gm8424,0,0,0,0,0,0,0,0,0,0,0,0
ENSMUSG00000068173,Btg1b,0,0,0,0,0,0,0,0,0,0,0,0
ENSMUSG00000098348,Btg1c,0,0,0,0,0,0,0,0,0,0,0,0
ENSMUSG00000053909,Rhox10,0,0,0,0,0,0,0,0,0,0,0,0
ENSMUSG00000051038,Rhox11,0,0,0,0,0,0,0,0,0,0,0,0
ENSMUSG00000089963,Rhox11-ps3,0,0,0,0,0,0,0,0,0,0,0,0
ENSMUSG00000071766,Rhox12,0,0,0,0,0,0,0,0,0,0,0,0
ENSMUSG00000050197,Rhox13,0,0,0,0,0,0,0,0,0,0,0,0
ENSMUSG00000080942,Zfp36l1-ps,2,0,1,1,0,0,2,2,2,0,1,0
ENSMUSG00000048047,Zbtb33,864,884,824,732,765,708,444,758,763,752,826,754
ENSMUSG00000063663,Brwd3,601,570,406,417,415,459,261,499,433,570,600,564
ENSMUSG00000025266,Gnl3l,2369,2424,2042,1916,1877,1232,1590,1939,2108,1939,2014,1743
ENSMUSG00000081782,Gm15152,0,0,0,0,0,0,0,0,0,0,0,0
ENSMUSG00000086629,2810403D21Rik,35,36,31,28,19,19,20,26,39,33,36,28
ENSMUSG00000081748,Gm14870,8,3,4,2,1,3,7,4,4,10,3,6
ENSMUSG00000081793,5730416F02Rik,0,0,0,0,0,0,0,0,0,0,0,0
ENSMUSG00000031245,Hmgn5,245,257,197,206,299,558,331,388,176,269,397,291
ENSMUSG00000077652,Gm23322,1,0,0,0,0,0,0,0,0,0,0,0
ENSMUSG00000119240,#N/A,0,0,0,0,0,0,0,0,0,0,0,0
ENSMUSG00000031246,Sh3bgrl,651,725,494,530,427,488,446,710,470,648,572,510
ENSMUSG00002074862,#N/A,0,0,0,0,0,0,0,0,0,0,0,0
ENSMUSG00000083210,Gm14869,0,0,0,0,0,0,0,0,0,0,0,0
ENSMUSG00000036502,Tmem255a,10,10,15,16,24,24,11,16,15,10,26,23
ENSMUSG00000092794,Mir3110,0,0,0,0,0,0,0,0,0,0,0,0
ENSMUSG00000048621,Gm6377,0,0,2,0,0,0,0,0,0,0,1,0
ENSMUSG00000084009,Rhox7-ps1,0,0,0,0,0,0,0,0,0,0,0,0
ENSMUSG00000081681,Gm14868,0,0,0,0,0,0,0,0,0,0,0,0
ENSMUSG00000082189,Gm4784,1,4,0,4,2,5,1,4,2,4,2,1
ENSMUSG00000083928,Gm4991,0,1,0,0,0,1,0,2,0,0,1,0
ENSMUSG00000082853,Gm7134,0,0,0,0,0,0,0,0,0,0,0,0
ENSMUSG00000083641,Gm9225,0,1,0,1,0,0,0,1,0,0,0,0
ENSMUSG00000081211,Gm14886,0,0,0,0,0,0,0,0,0,0,0,0
ENSMUSG00000025265,Fgd1,31,36,19,13,34,14,24,23,31,12,26,26
ENSMUSG00000065907,Gm26108,0,0,0,0,0,0,0,0,0,0,0,0
ENSMUSG00000109088,Gm44593,0,0,0,0,0,0,0,0,0,0,0,0
ENSMUSG00000056854,Pou3f4,0,0,0,0,0,0,0,0,1,0,0,0
ENSMUSG00000062226,Gm10112,0,0,0,0,0,0,0,0,0,0,0,0
ENSMUSG00000016327,Atp1b4,0,0,0,0,0,6,0,1,0,0,0,0
ENSMUSG00000025264,Tsr2,956,1048,882,922,870,598,913,965,1024,875,839,808
ENSMUSG00000082497,Gm40,0,0,0,0,0,0,0,0,0,0,0,0
ENSMUSG00000081942,Gm15149,0,0,0,0,0,0,0,1,0,0,0,0
ENSMUSG00000081473,Gm4853,0,1,0,1,0,0,1,0,3,1,0,0
ENSMUSG00000081625,Rps12-ps7,0,0,0,0,1,0,0,0,0,0,0,0
ENSMUSG00000086286,Gm15138,0,1,0,0,0,0,0,0,0,0,0,0
ENSMUSG00000041245,Wnk3,21,9,5,11,11,5,7,3,11,14,13,8
ENSMUSG00000083596,Rpl21-ps15,0,0,0,0,0,0,0,0,0,0,0,0
ENSMUSG00000019558,Slc6a8,75,64,40,68,39,25,31,43,48,43,36,34
ENSMUSG00000064524,Gm26441,0,0,0,0,0,0,0,0,0,0,0,0
ENSMUSG00000084771,A230072E10Rik,43,55,28,35,49,25,28,53,42,47,50,53
ENSMUSG00000016534,Lamp2,1300,1424,1128,1099,909,822,973,1142,1235,1144,994,856
ENSMUSG00000002015,Bcap31,1478,1632,1371,1455,1566,796,1670,1652,1350,1271,1544,1297
ENSMUSG00000087390,Gm7598,0,0,0,0,0,0,0,0,0,0,1,0
ENSMUSG00000025262,Fam120c,110,87,98,66,119,59,50,76,97,85,129,137
ENSMUSG00000064416,Gm22248,0,0,0,0,0,0,0,0,0,0,0,0
ENSMUSG00000031378,Abcd1,93,101,67,85,63,56,76,102,71,85,81,63
ENSMUSG00000084166,Gm6451,4,6,2,1,3,0,0,3,0,0,1,3
ENSMUSG00000082423,Gm15148,0,3,4,2,3,0,5,2,2,0,2,0
ENSMUSG00000088823,Gm25226,0,0,0,0,0,0,0,0,0,0,0,0
ENSMUSG00000031385,Plxnb3,1,2,0,0,2,0,0,2,0,0,0,2
ENSMUSG00000002007,Srpk3,0,0,0,0,0,0,0,0,0,0,0,0
ENSMUSG00000025665,Rps6ka6,7,11,2,8,13,7,3,4,6,4,11,5
ENSMUSG00000002010,Idh3g,1258,1494,1018,1212,1423,967,1423,1378,1353,1096,1419,1303
ENSMUSG00000034551,Hdx,1,1,0,0,2,0,0,0,0,0,0,0
ENSMUSG00000002014,Ssr4,1608,1920,1416,1484,1720,742,1661,1386,1657,1414,1566,1570
ENSMUSG00000083898,Gm7340,0,0,0,0,0,0,0,0,0,0,0,1
ENSMUSG00000082546,Gm14898,0,0,0,0,0,0,0,0,0,0,0,0
ENSMUSG00000082752,Gm14899,0,0,0,0,0,0,0,0,0,0,0,0
ENSMUSG00000109156,Gm45194,0,0,0,0,0,0,0,0,0,0,0,0
ENSMUSG00000034555,Tex16,0,0,0,0,0,0,0,0,0,0,0,0
ENSMUSG00000083037,Gm14900,0,0,0,0,1,0,0,0,0,0,0,0
ENSMUSG00000002006,Pdzd4,3,3,6,6,2,3,7,4,4,3,7,5
ENSMUSG00000083392,Gm6335,0,0,0,0,0,1,0,0,1,1,1,0
ENSMUSG00000085669,Gm14817,7,7,3,6,6,4,1,8,5,6,5,7
ENSMUSG00000064536,Gm23615,0,0,0,0,0,0,0,0,0,0,0,0
ENSMUSG00000079460,4933403O08Rik,0,0,0,0,0,0,0,0,0,0,0,0
ENSMUSG00000082669,Gm5393,0,0,0,0,0,0,0,0,0,0,0,0
ENSMUSG00000031095,Cul4b,1125,1179,990,973,1009,1028,742,1166,1035,1078,1069,1023
ENSMUSG00000025525,Apool,157,215,152,149,204,140,208,208,205,148,160,186
ENSMUSG00000000355,Mcts1,577,735,560,582,654,402,608,569,680,567,706,717
ENSMUSG00000025527,Satl1,0,0,0,0,0,0,0,0,0,0,0,0
ENSMUSG00000083520,Gm6418,0,0,0,0,0,0,0,0,0,0,0,0
ENSMUSG00000083818,Gm14908,0,0,0,0,0,0,0,0,0,0,0,0
ENSMUSG00000048970,C1galt1c1,293,314,252,265,252,194,249,280,283,266,235,252
ENSMUSG00000085611,Ap3s1-ps1,0,0,0,0,0,0,0,1,0,0,0,0
ENSMUSG00000085635,Gm14565,0,0,0,0,0,0,0,0,0,0,0,0
ENSMUSG00002076143,#N/A,0,0,0,0,0,0,0,0,0,0,0,0
ENSMUSG00000082723,Gm14564,0,0,0,0,0,0,0,0,0,0,0,0
ENSMUSG00000051361,6030498E09Rik,0,0,0,0,0,0,0,0,0,0,0,0
ENSMUSG00000081147,Gm6024,0,0,0,0,0,0,0,1,0,0,0,0
ENSMUSG00000080896,Gm14567,0,2,0,2,3,0,1,1,1,0,2,0
ENSMUSG00000084030,Gm16423,0,0,0,0,0,0,0,0,0,0,0,1
ENSMUSG00000084039,Gm14551,0,0,0,0,0,0,0,0,0,0,0,0
ENSMUSG00000084247,Gm14566,0,0,0,0,0,0,0,0,0,0,0,0
ENSMUSG00000064529,Gm26437,0,0,0,0,0,0,0,0,0,0,0,0
ENSMUSG00000079619,Cypt15,0,0,0,0,0,0,0,0,0,0,0,0
ENSMUSG00000081324,Gm14550,0,0,0,0,0,0,0,0,0,0,0,0
ENSMUSG00000082147,Gm14570,0,0,0,0,0,0,0,0,0,0,0,0
ENSMUSG00000025528,2010106E10Rik,0,0,0,0,2,0,0,0,0,0,0,0
ENSMUSG00000083845,Gm14571,0,0,0,0,2,0,1,0,4,1,4,1
ENSMUSG00000095240,Cypt14,0,0,0,0,0,0,0,0,0,0,0,0
ENSMUSG00000086157,Gm14643,0,0,0,0,0,0,0,0,0,0,0,0
ENSMUSG00002076364,#N/A,0,0,0,0,0,0,0,0,0,0,0,0
ENSMUSG00000082005,Gm7189,0,1,0,0,1,1,1,0,0,0,0,0
ENSMUSG00000080903,Gm16383,0,0,0,1,0,0,0,1,0,0,1,0
ENSMUSG00000083174,Gm7190,0,0,0,0,0,0,0,0,0,0,0,0
ENSMUSG00000080996,Gm4986,0,1,0,0,0,0,1,0,0,0,0,0
ENSMUSG00000083665,Gm14575,0,1,0,0,0,0,0,0,0,0,0,0
ENSMUSG00000083484,Gm14574,0,0,0,0,0,0,0,0,0,0,0,0
ENSMUSG00000084287,Gm14576,0,0,0,0,0,0,0,0,1,0,0,0
ENSMUSG00000081880,Gm5385,0,0,0,0,0,0,1,0,0,0,0,1
ENSMUSG00000083515,Gm14577,0,0,0,0,0,0,0,0,0,0,0,0
ENSMUSG00000025529,Zfp711,1,3,0,2,3,4,2,2,0,2,1,3
ENSMUSG00000034607,Pof1b,0,0,0,0,0,0,0,0,0,0,0,0
ENSMUSG00000081399,Gm14921,5,5,1,4,3,0,6,9,4,0,1,0
ENSMUSG00000084097,Gm14922,0,0,0,0,0,0,0,0,0,0,0,0
ENSMUSG00000082636,Gm14923,0,0,0,0,0,0,0,0,0,0,0,0
ENSMUSG00000081555,Gm6427,0,0,0,0,0,0,0,0,0,0,0,0
ENSMUSG00000083103,Gm6429,0,0,0,0,0,0,0,0,0,0,0,0
ENSMUSG00000081082,Gm14937,0,0,0,0,0,0,0,0,0,0,0,0
ENSMUSG00000082392,Gm14938,0,0,0,0,0,0,0,0,0,0,0,0
ENSMUSG00000084963,Gm14936,0,3,1,0,0,0,0,0,0,3,0,2
ENSMUSG00000083560,Gm14939,0,0,0,0,0,0,0,0,0,0,0,0
ENSMUSG00000025531,Chm,1050,1150,777,900,552,618,452,840,722,911,823,762
ENSMUSG00000065510,Mir361,0,0,0,0,0,0,0,0,0,0,0,0
ENSMUSG00000081831,Gm7405,0,0,2,0,0,0,0,1,0,0,0,0
ENSMUSG00000041229,Phf8,851,920,696,771,755,560,600,798,747,727,863,793
ENSMUSG00000031391,L1cam,85,78,71,103,50,29,88,120,55,60,46,37
ENSMUSG00000064665,Gm24460,0,0,0,0,0,0,0,0,0,0,0,0
ENSMUSG00000082342,Gm5395,0,1,0,0,0,0,0,0,0,0,0,0
ENSMUSG00000081331,Gm15151,2,0,1,0,0,0,0,0,1,0,0,0
ENSMUSG00000083379,Gm4919,1,0,0,0,1,0,0,0,1,0,1,0
ENSMUSG00000118781,#N/A,0,0,0,0,0,0,0,0,0,0,0,0
ENSMUSG00000083719,Gm15161,15,5,5,8,5,3,8,4,2,5,7,3
ENSMUSG00000001986,Gria3,8,7,8,11,11,15,7,8,9,11,5,3
ENSMUSG00002076088,#N/A,0,0,0,0,0,0,0,0,0,0,0,0
ENSMUSG00000082966,Gm14614,0,0,0,0,0,0,0,0,0,0,0,0
ENSMUSG00000081918,Gm14613,0,2,2,3,0,0,2,0,0,0,1,0
ENSMUSG00000025592,Dach2,13,12,6,4,4,2,2,6,6,10,11,4
ENSMUSG00000080428,Gm24831,0,0,0,0,0,0,0,0,0,0,0,0
ENSMUSG00000087765,Gm23985,0,0,0,0,0,0,0,0,0,0,0,0
ENSMUSG00000082511,Gm4915,0,0,0,0,0,0,0,0,0,0,0,0
ENSMUSG00000082567,Gm14896,0,0,1,0,0,0,0,0,0,0,0,0
ENSMUSG00000084031,Gm7416,0,0,0,0,0,0,0,0,0,0,0,0
ENSMUSG00000079963,Gm7146,0,0,0,0,0,0,0,0,0,0,0,0
ENSMUSG00000037475,Thoc2,3155,3420,2656,2768,2678,2926,2108,2895,2105,3095,3151,2768
ENSMUSG00000081398,Gm7657,0,0,0,0,0,0,0,0,0,0,0,0
ENSMUSG00000080798,Gm5135,0,0,0,0,0,0,0,0,0,1,1,0
ENSMUSG00002075296,#N/A,0,0,0,0,0,0,0,0,0,0,0,0
ENSMUSG00000025860,Xiap,1846,1671,1644,1508,1519,1229,1164,1495,1538,1536,1656,1580
ENSMUSG00000025597,Klhl4,3,1,2,1,0,1,1,2,1,0,3,3
ENSMUSG00000082324,Gm14615,0,0,0,0,0,4,0,0,0,0,0,0
ENSMUSG00000104042,Gm37564,0,0,1,0,0,0,0,4,0,0,0,0
ENSMUSG00000081978,Gm14895,0,0,0,0,0,0,0,0,0,0,0,0
ENSMUSG00000082070,Gm1866,0,0,0,0,0,0,0,0,0,0,0,0
ENSMUSG00000081354,Gm14894,0,0,0,0,0,0,0,0,0,0,0,0
ENSMUSG00000083561,Gm5942,0,0,0,1,0,0,0,0,0,1,0,0
ENSMUSG00000081160,Gm14897,0,0,0,0,0,0,0,0,0,0,0,0
ENSMUSG00000050435,Ube2dnl1,0,0,0,0,0,0,0,0,0,0,0,0
ENSMUSG00000047079,Ube2dnl2,0,0,0,0,0,0,0,0,0,0,0,0
ENSMUSG00000085619,4930555B12Rik,0,0,0,0,0,0,0,0,0,0,0,0
ENSMUSG00000082440,Gm4914,0,0,0,0,0,0,0,0,0,0,0,0
ENSMUSG00000082260,Gm7429,3,0,1,0,0,0,0,0,0,1,0,0
ENSMUSG00000083971,Gm5943,3,0,0,0,0,0,1,0,1,0,0,0
ENSMUSG00000083452,Gm14905,0,0,0,0,0,0,0,0,0,0,0,0
ENSMUSG00002074939,#N/A,0,0,0,0,0,0,0,0,0,0,0,0
ENSMUSG00000098405,Gm27414,0,0,0,0,0,0,0,0,0,0,0,0
ENSMUSG00000080965,Gm6461,0,1,1,2,3,2,3,1,0,0,1,0
ENSMUSG00000081034,Gm5944,1,6,0,2,1,0,1,1,3,3,0,1
ENSMUSG00000083663,Gm14903,0,0,0,0,0,0,0,0,0,0,0,0
ENSMUSG00000081124,Gm14906,0,0,0,0,0,0,0,0,0,0,0,0
ENSMUSG00000083352,Gm14907,0,0,0,0,0,0,0,0,0,0,0,0
ENSMUSG00002076312,#N/A,0,0,0,0,0,0,0,0,0,0,0,0
ENSMUSG00000084053,Gm14904,0,0,0,0,0,0,0,0,0,0,0,0
ENSMUSG00000064551,Gm24624,0,0,0,0,0,0,0,0,0,0,0,0
ENSMUSG00000072995,Cpxcr1,0,0,1,0,0,0,0,0,0,0,0,0
ENSMUSG00000082482,H2ab2,0,0,0,0,0,0,0,0,0,0,0,0
ENSMUSG00002075399,#N/A,0,0,0,0,0,0,0,0,0,0,0,0
ENSMUSG00000043295,Gm16373,0,0,0,0,1,0,0,0,0,1,0,0
ENSMUSG00000080954,Gm14919,0,0,0,0,0,0,0,0,0,0,0,0
ENSMUSG00000067441,H2ab1,0,0,0,0,0,0,0,0,0,0,0,0
ENSMUSG00000080852,Gm14918,0,0,0,0,0,0,0,0,0,0,0,0
ENSMUSG00000081134,Gm14913,0,0,0,0,0,0,0,0,0,0,0,0
ENSMUSG00000083345,Gm6491,0,0,0,0,0,0,0,0,0,0,0,0
ENSMUSG00000100780,Gm28579,0,0,0,0,0,1,0,0,0,0,0,0
ENSMUSG00000083602,Gm14911,0,0,0,0,0,0,0,0,0,0,0,0
ENSMUSG00000084283,Gm14914,0,0,0,0,0,0,0,0,0,0,0,0
ENSMUSG00000081659,Gm14917,0,0,0,0,0,0,0,0,0,0,0,0
ENSMUSG00000084324,Gm6500,0,0,0,0,0,0,0,0,0,0,0,0
ENSMUSG00000082403,Gm14916,0,0,0,0,0,0,0,0,0,0,0,0
ENSMUSG00000081466,Gm14912,0,1,0,0,0,0,0,0,0,0,0,0
ENSMUSG00000084138,Gm14915,0,0,0,0,0,0,0,0,0,0,0,0
ENSMUSG00000081268,Gm14909,0,0,0,0,0,0,0,0,0,0,0,0
ENSMUSG00000083031,Gm14910,0,0,0,0,0,0,0,0,0,0,0,0
ENSMUSG00000100194,Tgif2lx2,0,0,0,0,0,0,0,0,0,0,0,0
ENSMUSG00000100133,Tgif2lx1,0,0,0,0,0,0,0,0,0,0,0,0
ENSMUSG00000081171,Gm7485,0,0,0,0,0,0,0,0,0,0,0,0
ENSMUSG00000081587,Gm14926,0,0,0,0,0,0,0,0,0,0,0,0
ENSMUSG00000088313,Gm26182,0,0,0,0,0,0,0,0,0,0,0,0
ENSMUSG00000086431,Gm14929,0,0,0,0,0,0,0,0,0,0,0,0
ENSMUSG00000034732,Pabpc5,0,0,0,0,0,1,0,0,0,0,0,0
ENSMUSG00000083151,Gm4913,0,0,0,0,1,0,0,0,0,1,0,1
ENSMUSG00000084172,Gm16420,0,0,0,0,1,0,0,0,0,0,0,0
ENSMUSG00000082927,Gm5863,9,10,15,8,4,1,5,9,7,9,5,3
ENSMUSG00000082718,Gm14928,1,1,0,0,2,1,0,0,0,0,0,1
ENSMUSG00000034755,Pcdh11x,0,0,0,0,0,6,0,0,0,0,3,0
ENSMUSG00000083616,H2ab3,0,0,0,0,0,0,0,0,0,0,0,0
ENSMUSG00000083321,Gm14931,0,0,0,0,0,0,0,0,0,0,0,0
ENSMUSG00000081546,Gm14927,0,0,0,0,0,0,0,0,0,0,0,0
ENSMUSG00000081728,Gm14930,0,0,0,0,0,0,0,0,0,0,0,0
ENSMUSG00000083275,Gm4993,0,0,0,0,0,0,0,0,0,0,0,0
ENSMUSG00000077435,Gm22590,0,0,0,0,0,0,0,0,0,0,0,0
ENSMUSG00000080695,Gm5394,0,0,0,0,0,0,0,0,0,0,0,0
ENSMUSG00002076256,#N/A,0,0,0,0,0,0,0,0,0,0,0,0
ENSMUSG00000083668,Gm5648,1,4,0,4,4,0,4,2,0,4,6,3
ENSMUSG00000083699,Gm14932,0,0,0,0,0,0,0,0,0,0,0,0
ENSMUSG00000088539,Gm23277,0,0,0,0,0,0,0,0,0,0,0,0
ENSMUSG00000082590,Gm14943,0,0,0,0,0,0,0,0,0,0,0,0
ENSMUSG00000084054,Gm14945,0,0,0,0,0,0,0,0,0,0,0,0
ENSMUSG00000084110,Gm4992,0,0,1,1,0,0,0,0,0,1,0,1
ENSMUSG00002075736,#N/A,0,0,0,0,0,0,0,0,0,0,0,0
ENSMUSG00000082840,Gm16421,0,0,1,0,0,0,0,0,0,0,0,0
ENSMUSG00000081095,Gm14946,0,0,0,0,0,0,0,0,0,0,0,0
ENSMUSG00000083537,Gm14942,0,0,0,0,0,0,0,0,0,0,0,0
ENSMUSG00000055733,Nap1l3,0,2,1,0,0,2,0,0,0,1,0,2
ENSMUSG00000086452,Gm14947,0,0,0,0,0,0,0,0,0,0,0,0
ENSMUSG00000083490,Gm14940,0,0,0,0,0,0,0,0,0,0,0,0
ENSMUSG00000094864,Gm17521,0,0,0,0,0,0,0,0,0,0,0,0
ENSMUSG00000079450,Cldn34c1,0,0,0,0,1,0,0,0,0,0,1,2
ENSMUSG00000095005,Astx6,0,0,0,0,0,0,0,0,0,0,0,0
ENSMUSG00000091821,Srsx,0,0,0,0,0,0,0,0,0,0,0,0
ENSMUSG00000095034,Gm17577,0,0,0,0,0,0,0,0,0,0,0,0
ENSMUSG00000084776,Gm14951,0,0,0,0,0,0,0,0,0,0,0,0
ENSMUSG00000096362,Rps12-ps21,0,0,0,0,0,0,0,0,0,0,0,0
ENSMUSG00000118415,Gm2411,0,0,0,0,0,0,0,0,0,0,0,0
ENSMUSG00000094288,Astx2,0,0,0,0,0,0,0,0,0,0,0,0
ENSMUSG00000094999,Gm17412,0,0,0,0,0,0,0,0,0,0,0,0
ENSMUSG00000095277,Rps12-ps22,0,0,0,0,0,0,0,0,0,0,0,0
ENSMUSG00000095474,Cldn34c2,0,0,0,0,0,0,0,0,0,0,0,0
ENSMUSG00000085536,Gm14950,0,0,0,0,0,0,0,0,0,0,0,0
ENSMUSG00000095108,Gm17467,0,0,0,0,0,0,0,0,0,0,0,0
ENSMUSG00000093796,Rps12-ps23,0,0,0,0,0,0,1,0,1,0,0,0
ENSMUSG00000118430,Cldn34c3,0,0,0,0,0,0,0,0,0,0,0,0
ENSMUSG00000095521,Astx5,0,0,0,0,0,0,0,0,0,0,0,0
ENSMUSG00000094015,Rps12-ps20,0,0,0,0,0,0,0,0,0,0,0,0
ENSMUSG00000118483,Gm5945,0,0,0,0,0,0,0,0,0,0,0,0
ENSMUSG00000072049,Vmn2r121,0,0,0,0,0,0,0,0,0,0,0,0
ENSMUSG00000096831,Rps12-ps6,0,0,0,0,0,0,0,0,0,0,0,0
ENSMUSG00000095420,Astx1a,0,0,0,0,0,0,0,0,0,0,0,0
ENSMUSG00000094238,Rps12-ps11,0,0,0,0,0,0,0,0,0,0,0,0
ENSMUSG00000118451,Gm17584,0,0,0,0,0,0,0,0,0,0,0,0
ENSMUSG00000096318,Astx4a,0,0,0,0,0,0,0,0,0,0,0,0
ENSMUSG00000093990,Rps12-ps12,0,0,0,0,0,0,0,0,0,0,0,0
ENSMUSG00000118453,Gm17469,0,0,0,0,0,0,0,0,0,0,0,0
ENSMUSG00000094675,Astx4b,0,0,0,0,0,0,0,0,0,0,0,0
ENSMUSG00000096135,Rps12-ps18,0,0,0,0,0,0,0,0,0,0,0,0
ENSMUSG00000118442,Gm50465,0,0,0,0,0,0,0,0,0,0,0,0
ENSMUSG00000095283,Astx1b,0,0,0,0,0,0,0,0,0,0,0,0
ENSMUSG00000095017,Rps12-ps15,0,0,0,0,0,0,0,0,0,0,0,0
ENSMUSG00000118468,Gm17361,0,0,0,0,0,0,0,0,0,0,0,0
ENSMUSG00000118470,Gm50485,0,0,0,0,0,0,0,0,0,0,0,0
ENSMUSG00000118475,Gm21616,0,0,0,0,0,0,0,0,0,0,0,0
ENSMUSG00000095137,Rps12-ps17,0,0,0,0,0,0,0,0,0,0,0,0
ENSMUSG00000118432,Gm50486,0,0,0,0,0,0,0,0,0,0,0,0
ENSMUSG00000094540,Astx4c,0,0,0,0,0,0,0,0,0,0,0,0
ENSMUSG00000096763,Rps12-ps13,0,0,0,0,0,0,0,0,0,0,0,0
ENSMUSG00000118484,Gm17693,0,0,0,0,0,0,0,0,0,0,0,0
ENSMUSG00000095008,Astx1c,0,0,0,0,0,0,0,0,0,0,0,0
ENSMUSG00000095499,Rps12-ps14,0,0,0,0,0,0,0,0,0,0,0,0
ENSMUSG00000118464,Gm17522,0,0,0,0,0,0,0,0,0,0,0,0
ENSMUSG00000094342,Gm17522,0,0,0,0,0,0,0,0,0,0,0,0
ENSMUSG00000096897,Astx4d,0,0,0,0,0,0,0,0,0,0,0,0
ENSMUSG00000096437,Rps12-ps16,0,0,0,0,0,0,0,0,0,0,0,0
ENSMUSG00000118418,Gm17267,0,0,0,0,0,0,0,0,0,0,0,0
ENSMUSG00000095563,Astx3,0,0,0,0,0,0,0,0,0,0,0,0
ENSMUSG00000083294,Gm14957,0,0,0,0,0,2,0,0,0,0,0,0
ENSMUSG00000081736,Gm14971,0,0,0,0,0,0,0,0,0,0,0,0
ENSMUSG00000082611,Gm7746,0,0,0,0,0,0,0,0,0,0,0,0
ENSMUSG00000058670,4932411N23Rik,0,0,0,0,0,0,0,0,0,0,0,0
ENSMUSG00000088282,Gm23586,0,0,0,0,0,0,0,0,0,0,0,0
ENSMUSG00000082772,Gm381,0,0,0,0,0,0,0,0,0,0,0,0
ENSMUSG00000081639,Gm14973,0,0,0,0,0,0,0,0,0,0,0,0
ENSMUSG00000082690,Gm14972,0,0,0,0,0,0,0,0,0,0,0,0
ENSMUSG00000062791,Gm382,0,0,0,0,0,0,0,0,0,0,0,0
ENSMUSG00000089372,Gm22139,0,0,0,0,0,0,0,0,0,0,0,0
ENSMUSG00000049815,4921511C20Rik,0,0,0,0,0,0,0,0,0,0,0,0
ENSMUSG00002076322,#N/A,0,0,0,0,0,0,0,0,0,0,0,0
ENSMUSG00000082382,Gm14970,0,1,1,0,1,0,0,0,0,0,0,0
ENSMUSG00000043569,Cldn34c4,0,0,0,0,0,0,0,0,0,0,0,0
ENSMUSG00000119321,#N/A,0,0,0,0,0,0,0,0,0,0,0,0
ENSMUSG00000083250,Gm5403,0,0,1,0,0,0,0,0,0,0,0,0
ENSMUSG00000081739,Mdm4-ps,2,0,0,2,1,7,0,1,0,0,1,2
ENSMUSG00000082126,Gm14975,0,0,0,0,0,0,0,0,0,0,0,0
ENSMUSG00000085722,Gm4916,0,0,0,0,0,0,0,0,0,0,0,0
ENSMUSG00000103504,Gm38390,0,0,0,0,0,0,0,0,0,0,0,0
ENSMUSG00002075700,#N/A,0,0,0,0,0,0,0,0,0,0,0,0
ENSMUSG00000065898,Gm24522,0,0,0,1,0,0,0,0,0,0,0,0
ENSMUSG00000086244,4930558G05Rik,0,0,0,0,0,0,0,0,0,0,0,0
ENSMUSG00000089284,Gm26029,0,0,0,0,0,0,0,0,0,0,0,0
ENSMUSG00002075379,#N/A,0,0,0,0,0,0,0,0,0,0,0,0
ENSMUSG00000084337,Gm14986,0,0,0,0,0,0,0,0,0,0,0,0
ENSMUSG00000081900,Gm14985,0,0,0,0,0,0,0,0,0,0,0,0
ENSMUSG00000081874,Gm14983,0,0,0,0,0,0,0,0,0,0,0,0
ENSMUSG00000025862,Stag2,3633,3817,3523,3709,4046,4303,2560,4157,3179,3630,3857,3581
ENSMUSG00000083450,Gm14619,0,0,0,0,0,0,0,0,0,0,0,0
ENSMUSG00000105993,Tex13c2,2,1,1,3,2,3,2,0,2,5,7,2
ENSMUSG00000005696,Sh2d1a,833,1072,741,907,857,595,967,965,892,908,822,810
ENSMUSG00000034480,Diaph2,262,253,206,213,280,353,187,234,239,259,436,419
ENSMUSG00000084047,Gm14984,0,0,0,1,0,0,1,0,0,0,0,0
ENSMUSG00000083920,Gm14987,0,0,0,0,0,0,0,0,0,0,0,0
ENSMUSG00000081456,Gm7781,3,0,0,0,3,0,0,0,1,3,0,0
ENSMUSG00000083024,Gm14982,0,0,0,0,0,0,0,0,0,0,0,0
ENSMUSG00000025261,Huwe1,15034,15496,13521,12366,12471,10028,8019,13814,12699,12697,13982,12715
ENSMUSG00002076166,#N/A,0,0,0,0,0,0,0,0,0,0,0,0
ENSMUSG00000077379,Gm25170,0,0,0,0,0,0,0,0,0,0,0,0
ENSMUSG00000084256,Gm14976,0,0,0,0,0,0,0,0,0,0,0,0
ENSMUSG00000083999,Gm7790,0,0,0,0,0,0,0,0,0,0,0,0
ENSMUSG00000081072,Gm14977,0,0,0,0,0,0,0,0,0,0,0,0
ENSMUSG00000082117,Gm4994,0,0,0,0,0,0,0,0,0,0,0,0
ENSMUSG00000082205,Gm7058,0,0,0,0,0,0,0,0,0,0,0,0
ENSMUSG00000082537,Gm14981,0,0,0,0,0,0,0,0,0,0,0,0
ENSMUSG00000089128,Gm26406,0,0,0,0,0,0,0,0,0,0,0,0
ENSMUSG00000077628,Gm23768,0,0,0,0,0,0,0,0,0,0,0,0
ENSMUSG00002076316,#N/A,0,0,0,0,0,0,0,0,0,0,0,0
ENSMUSG00000083177,Gm7820,1,1,0,0,0,0,1,0,0,0,0,0
ENSMUSG00000083205,Gm7821,0,0,0,0,0,0,0,0,0,0,0,0
ENSMUSG00000093219,Mir3113,0,0,0,0,0,0,0,0,0,0,0,0
ENSMUSG00000065602,Mirlet7f-2,0,1,0,0,0,0,0,0,0,0,2,0
ENSMUSG00000082905,Gm7823,25,14,12,4,8,1,4,12,20,29,18,18
ENSMUSG00000065536,Mir98,0,0,1,0,0,0,0,0,0,0,0,0
ENSMUSG00000083858,Gm14979,0,0,0,0,0,0,0,0,0,1,0,0
ENSMUSG00002076200,#N/A,0,0,0,0,0,0,0,0,0,0,0,0
ENSMUSG00000082778,Gm15191,61,43,22,30,26,19,45,53,52,45,23,36
ENSMUSG00000083062,Gm14980,0,0,0,0,0,0,0,0,0,0,0,0
ENSMUSG00002076803,#N/A,0,0,0,0,0,0,0,0,0,0,0,0
ENSMUSG00000031389,Arhgap4,520,585,434,510,424,237,418,604,544,492,499,490
ENSMUSG00000016150,Tenm1,2,0,1,0,2,6,5,1,2,0,0,2
ENSMUSG00000077558,Gm23705,0,0,0,0,0,0,0,0,0,0,0,0
ENSMUSG00000083098,Gm14578,0,0,0,0,0,0,0,0,0,0,0,0
ENSMUSG00000065622,Gm24763,0,0,0,0,0,0,0,0,0,0,0,0
ENSMUSG00000081300,Gm14587,1,1,0,0,0,0,1,1,3,1,0,0
ENSMUSG00000082839,Gm14588,0,0,0,0,0,0,0,0,0,0,0,0
ENSMUSG00000083598,Gm14579,0,0,0,0,0,0,0,0,0,0,0,0
ENSMUSG00000031390,Avpr2,0,0,0,1,0,0,0,0,0,0,0,0
ENSMUSG00000078320,Tex13c1,0,0,0,0,0,0,0,0,0,0,0,0
ENSMUSG00000081856,Gm14580,0,0,0,0,0,0,0,0,0,0,0,0
ENSMUSG00000051323,Pcdh19,10,15,7,2,7,3,5,5,5,8,3,10
ENSMUSG00000081036,Gm14628,0,0,0,0,0,0,0,0,0,0,0,0
ENSMUSG00000081704,Gm14603,0,0,0,0,0,0,0,0,0,0,0,0
ENSMUSG00000025260,Hsd17b10,1119,1299,928,969,872,473,1110,1039,1153,968,937,855
ENSMUSG00000050926,Dcaf12l2,0,0,0,0,0,0,0,0,0,0,1,0
ENSMUSG00000082775,Itpa-ps3,0,0,0,0,0,0,0,0,0,0,0,0
ENSMUSG00000080714,Gm14602,0,1,0,2,0,0,0,0,0,0,0,1
ENSMUSG00000025257,Ribc1,21,14,16,11,17,7,15,15,19,16,13,15
ENSMUSG00000045284,Dcaf12l1,0,0,1,1,7,3,0,1,0,3,1,4
ENSMUSG00000083721,Gm7700,1,0,0,0,0,0,0,0,0,1,0,0
ENSMUSG00000031250,Tnmd,0,0,0,0,0,0,0,0,0,0,0,0
ENSMUSG00000037086,Prr32,0,0,0,0,0,0,0,0,0,0,0,0
ENSMUSG00000080764,Gm14606,0,0,0,0,0,0,1,0,0,0,0,0
ENSMUSG00000081129,Gm14605,0,0,0,0,0,0,0,0,0,0,0,0
ENSMUSG00000082886,Gm5386,0,0,0,0,0,0,0,0,0,0,0,0
ENSMUSG00000084158,Gm14652,0,0,0,0,0,0,0,0,0,0,0,0
ENSMUSG00000119236,#N/A,0,0,0,0,0,0,0,0,0,0,0,0
ENSMUSG00000084000,Gm14653,0,0,0,0,0,0,0,0,0,0,0,0
ENSMUSG00000085157,4930515L19Rik,0,0,0,0,0,0,0,0,0,0,0,0
ENSMUSG00000046615,Actrt1,0,0,0,0,0,0,0,0,0,0,0,0
ENSMUSG00000081551,Gm14654,0,0,0,0,0,0,0,0,0,0,0,0
ENSMUSG00000063816,Gm4987,0,3,2,3,3,3,6,5,1,2,3,1
ENSMUSG00000101233,Gm29242,0,0,0,0,0,0,0,0,0,0,0,0
ENSMUSG00000082204,Gm7722,5,3,3,4,2,0,0,2,2,0,3,1
ENSMUSG00000083499,Gm14609,0,0,0,0,0,0,0,0,0,0,0,0
ENSMUSG00000082426,Gm14610,0,0,0,0,0,0,0,0,0,0,0,0
ENSMUSG00000083094,Gm4908,12,9,10,6,2,1,5,9,8,13,1,5
ENSMUSG00000084348,Gm14608,0,0,0,0,0,0,0,0,0,0,1,0
ENSMUSG00000082894,Gm6480,0,0,0,0,0,0,0,0,0,0,0,0
ENSMUSG00000067377,Tspan6,151,175,83,81,94,48,106,82,86,92,98,116
ENSMUSG00000084875,4930570D08Rik,0,0,0,0,0,2,0,0,0,0,0,0
ENSMUSG00000041133,Smc1a,4520,4595,4183,4172,4333,4564,3703,4826,4324,3891,4539,3825
ENSMUSG00000083474,Gm15267,0,0,0,0,0,0,0,0,0,0,0,1
ENSMUSG00000081306,Gm15266,1,1,0,0,0,0,0,0,1,0,0,0
ENSMUSG00000031253,Srpx2,0,0,0,0,0,0,0,0,1,0,0,0
ENSMUSG00000041115,Iqsec2,290,246,358,347,559,308,349,441,248,212,164,141
ENSMUSG00000031388,Naa10,815,914,716,705,887,462,789,887,823,765,981,847
ENSMUSG00000031099,Smarca1,0,0,0,0,0,2,0,3,0,0,0,0
ENSMUSG00000068014,Gm14648,2,3,0,0,0,1,1,0,2,1,2,0
ENSMUSG00000031255,Sytl4,0,0,0,0,0,1,0,0,0,0,0,1
ENSMUSG00000080788,Gm7841,0,0,0,0,0,0,0,0,1,0,0,0
ENSMUSG00000001173,Ocrl,383,393,245,248,209,168,196,255,259,246,252,227
ENSMUSG00000031387,Renbp,79,66,43,59,33,23,34,30,52,46,21,44
ENSMUSG00000037010,Apln,10,14,11,8,3,3,7,12,7,12,2,4
ENSMUSG00000025332,Kdm5c,4455,4731,3962,4052,5372,2646,2793,3932,3931,3603,4386,4183
ENSMUSG00000031256,Cstf2,3517,3519,3032,3012,3106,2608,2505,3340,3466,3152,3282,3071
ENSMUSG00000093172,Mir3112,0,0,0,0,0,0,0,0,0,0,0,0
ENSMUSG00000087403,Kantr,98,94,86,81,89,124,67,115,74,74,127,137
ENSMUSG00002076760,#N/A,0,0,0,0,0,0,0,0,0,0,0,0
ENSMUSG00000037005,Xpnpep2,1,1,1,2,0,0,0,3,0,3,0,0
ENSMUSG00000041096,Tspyl2,423,414,291,289,337,408,272,365,371,333,473,382
ENSMUSG00000056679,Gpr173,0,0,0,0,0,0,0,0,0,0,0,0
ENSMUSG00000031101,Sash3,2534,2727,1974,2079,1676,762,1757,2175,2269,1959,1839,1725
ENSMUSG00000031386,Hcfc1,12967,13118,10845,10618,10777,6069,8204,12293,11167,10663,9856,9210
ENSMUSG00000080829,Gm8545,0,1,0,0,0,0,1,0,0,0,0,0
ENSMUSG00000084885,3010001F23Rik,0,0,0,0,0,1,0,0,0,0,0,0
ENSMUSG00000087235,Gm4750,1,2,0,0,0,0,0,1,1,1,0,1
ENSMUSG00000087569,Gm8464,0,0,0,0,0,0,0,0,0,0,0,0
ENSMUSG00000091863,Cldn34a,0,0,0,0,0,0,0,0,0,0,0,0
ENSMUSG00000083948,Gm7158,0,0,0,0,0,0,0,0,0,0,0,0
ENSMUSG00000036985,Zdhhc9,701,724,506,495,405,277,425,510,532,513,384,386
ENSMUSG00000064806,Gm24038,0,0,0,0,0,0,0,0,0,0,0,0
ENSMUSG00000031257,Nox1,1,7,8,4,3,3,9,5,1,7,1,3
ENSMUSG00000031258,Xkrx,1,1,2,3,0,2,2,1,0,0,2,2
ENSMUSG00000052549,Arl13a,0,0,0,0,0,0,0,0,0,0,0,0
ENSMUSG00000063785,Utp14a,2882,3039,2311,2367,2337,1974,2091,2498,2650,2496,2825,2328
ENSMUSG00002076619,#N/A,0,0,0,0,0,0,0,0,0,0,0,0
ENSMUSG00000084275,Gm5396,1,1,1,0,2,0,1,0,0,2,0,0
ENSMUSG00000081180,Gm7212,0,0,0,0,0,0,0,0,0,0,0,0
ENSMUSG00002076264,#N/A,0,0,0,0,0,0,0,0,0,0,0,0
ENSMUSG00000098118,Gm26960,0,0,0,0,0,0,0,0,0,0,0,0
ENSMUSG00000071665,Foxr2,0,0,0,0,0,0,0,0,0,0,0,0
ENSMUSG00000041658,Rragb,130,128,85,84,128,102,82,95,147,131,159,113
ENSMUSG00000082733,Gm15153,0,0,0,0,0,0,0,0,0,0,0,0
ENSMUSG00000041649,Klf8,57,89,46,65,35,18,51,46,38,45,26,31
ENSMUSG00000080743,Gm7150,28,30,27,23,11,0,17,22,16,14,8,12
ENSMUSG00000050148,Ubqln2,1358,1389,1170,1110,1000,786,1143,1328,1282,1278,1145,998
ENSMUSG00000080799,Gm15166,0,0,0,0,0,0,0,0,0,0,0,0
ENSMUSG00000048573,Cypt3,0,0,0,0,0,0,0,0,0,0,0,0
ENSMUSG00000119184,#N/A,0,0,0,0,0,0,0,0,0,0,0,0
ENSMUSG00000083488,Gm8534,0,0,0,0,0,0,0,0,0,1,0,0
ENSMUSG00000041633,Kctd12b,1,3,0,0,3,2,1,3,0,0,1,0
ENSMUSG00000109128,Gm45022,0,0,0,1,0,0,0,0,0,0,0,0
ENSMUSG00000086316,Nbdy,30,52,30,38,41,22,40,48,39,44,31,38
ENSMUSG00000082906,Smt3h1-ps,0,0,0,0,0,0,0,0,0,0,0,0
ENSMUSG00000036959,Bcorl1,729,716,533,498,699,480,419,624,602,532,789,697
ENSMUSG00000046550,Spin2c,32,32,14,18,12,9,18,14,17,21,17,16
ENSMUSG00000065648,Gm25895,0,0,0,0,0,0,0,0,0,0,0,0
ENSMUSG00000094802,Samt1,0,0,0,0,0,0,0,0,0,0,0,0
ENSMUSG00000067369,Trmt2b,262,262,193,230,241,122,192,240,251,198,264,207
ENSMUSG00000094577,Samt1b,0,0,0,0,0,0,0,0,0,0,0,0
ENSMUSG00000096867,Samt1c,0,0,0,0,0,0,0,0,0,0,0,0
ENSMUSG00000094427,Gm15143,0,0,0,0,0,0,0,0,0,0,0,0
ENSMUSG00000095065,Gm5947,0,0,0,0,0,0,0,0,0,0,0,0
ENSMUSG00000094592,Samt1d,0,0,0,0,0,0,0,0,0,0,0,0
ENSMUSG00000033578,Tmem35a,86,87,55,87,15,8,57,86,34,34,16,12
ENSMUSG00000093899,Gm5645,0,0,0,0,0,0,0,0,0,0,0,0
ENSMUSG00000094118,Gm16445,0,0,0,0,0,0,0,0,0,0,0,0
ENSMUSG00000082751,Gm6620,0,0,0,0,0,0,0,0,0,0,0,0
ENSMUSG00000082462,Gm15147,0,0,0,0,0,0,0,0,0,0,0,0
ENSMUSG00000083978,Gm5060,0,0,0,0,1,0,0,0,1,0,1,1
ENSMUSG00000081870,Gm15141,0,0,0,0,0,0,0,0,0,0,0,0
ENSMUSG00000059663,Samt2b,0,0,0,0,0,0,0,0,0,0,0,0
ENSMUSG00000081502,Gm5646,0,0,0,0,0,0,0,0,0,0,0,0
ENSMUSG00000082584,Gm8569,0,0,0,0,0,0,0,0,0,0,0,0
ENSMUSG00000025051,Samt4,0,0,0,0,0,0,0,0,0,0,0,0
ENSMUSG00000072888,Samt2,0,0,0,0,0,0,0,0,0,0,0,0
ENSMUSG00000031103,Elf4,1841,1915,1467,1366,1469,942,1225,1711,1655,1643,1573,1394
ENSMUSG00000084367,Gm15142,0,0,0,0,0,0,0,0,0,0,0,0
ENSMUSG00000064818,Gm22359,0,0,0,0,0,0,0,0,0,0,0,0
ENSMUSG00000082197,Gm8577,0,0,0,0,0,0,0,0,0,0,0,0
ENSMUSG00000072100,Cldn34b1,0,0,0,0,0,0,0,0,0,0,0,0
ENSMUSG00000063728,Magea6,0,0,0,0,0,0,0,0,0,0,0,0
ENSMUSG00000094196,Magea3,0,0,0,0,0,0,0,0,0,0,0,0
ENSMUSG00000083554,Gm6645,0,0,0,0,0,0,0,0,0,0,0,0
ENSMUSG00002075357,#N/A,0,0,0,0,0,0,0,0,0,0,0,0
ENSMUSG00000079350,Magea8,0,0,0,0,0,0,0,0,0,0,0,0
ENSMUSG00000055746,Magea2,0,0,0,0,0,0,0,0,0,0,0,0
ENSMUSG00002075311,#N/A,0,0,0,0,0,0,0,0,0,0,0,0
ENSMUSG00000079349,Magea5,0,0,0,0,0,0,0,0,0,0,0,0
ENSMUSG00000096644,Magea1,0,0,0,0,0,0,0,0,0,0,0,0
ENSMUSG00000057402,Cldn34b2,0,0,0,0,0,0,0,0,0,0,0,0
ENSMUSG00000088232,Gm25429,0,0,0,0,0,0,0,0,0,0,0,0
ENSMUSG00000045694,Gm4997,1,2,2,1,1,15,3,3,0,1,2,0
ENSMUSG00000083823,Amd-ps1,0,0,0,2,0,0,0,1,0,2,0,1
ENSMUSG00000081364,Gm8595,1,0,0,0,0,0,0,0,0,0,0,0
ENSMUSG00000082560,Gm15157,0,0,0,0,0,0,0,0,0,0,0,0
ENSMUSG00000036932,Aifm1,743,745,617,598,850,567,600,687,807,686,903,788
ENSMUSG00000031104,Rab33a,7,13,6,8,9,5,8,7,13,7,10,10
ENSMUSG00000025283,Sat1,365,477,364,366,348,241,373,333,379,361,357,323
ENSMUSG00000084065,Gm15159,0,0,0,0,0,0,0,0,0,0,0,0
ENSMUSG00000031262,Cenpi,243,318,351,296,458,307,378,429,257,215,410,333
ENSMUSG00000025287,Acot9,497,564,402,488,438,230,465,474,503,439,375,397
ENSMUSG00000052157,Gm650,0,0,0,0,0,0,0,0,0,0,0,0
ENSMUSG00000025289,Prdx4,622,819,734,797,651,243,857,833,640,555,491,488
ENSMUSG00000081821,Gm15158,0,0,0,0,0,0,0,0,0,0,0,0
ENSMUSG00000083362,Gm8606,44,75,63,59,48,13,45,61,31,36,43,26
ENSMUSG00002076897,#N/A,0,0,0,0,0,0,0,0,0,0,0,0
ENSMUSG00000041552,Ptchd1,0,0,0,0,0,0,0,0,0,0,0,0
ENSMUSG00000084932,Gm15156,0,0,0,0,0,0,0,0,0,0,0,0
ENSMUSG00000055109,Gm15155,0,0,0,0,0,0,0,0,0,0,0,0
ENSMUSG00000081386,Gm15160,0,0,0,0,0,0,0,0,0,0,0,0
ENSMUSG00000064477,Gm23404,0,0,0,0,0,0,0,0,0,0,0,0
ENSMUSG00000082612,4930503H13Rik,0,0,0,0,0,0,0,0,0,0,0,0
ENSMUSG00000083573,Gm7312,0,5,1,1,1,0,4,1,1,0,3,0
ENSMUSG00000084246,Gm15162,0,0,0,0,0,0,0,0,0,0,0,0
ENSMUSG00000085711,Gm15163,3,12,2,7,5,5,1,2,4,5,8,6
ENSMUSG00002076703,#N/A,0,0,0,0,0,0,0,0,0,0,0,0
ENSMUSG00000096426,Btbd35f24,0,0,0,0,0,0,0,0,0,0,0,0
ENSMUSG00000084298,Gm14331,0,0,0,0,0,0,0,0,0,0,0,0
ENSMUSG00000095907,Gm14333,0,0,0,0,0,0,0,0,0,0,0,0
ENSMUSG00000080876,Gm14332,0,0,0,0,0,0,0,0,0,0,0,0
ENSMUSG00000083144,Gm14334,0,0,0,0,0,0,0,0,0,0,0,0
ENSMUSG00000083918,Gm14352,0,0,0,0,0,0,0,0,0,0,0,0
ENSMUSG00000057457,Phex,2,1,1,0,2,6,0,0,2,3,3,3
ENSMUSG00000094558,Btbd35f11,0,0,0,0,0,0,0,0,0,0,0,0
ENSMUSG00000081589,Gm14353,0,0,0,0,0,0,0,0,0,0,0,0
ENSMUSG00002076812,#N/A,0,0,0,0,0,0,0,0,0,0,0,0
ENSMUSG00000082167,Gm14360,0,0,0,0,0,0,0,0,0,0,0,0
ENSMUSG00000077609,Gm25795,0,0,0,0,0,0,0,0,0,0,0,0
ENSMUSG00000095492,Gm14361,0,0,0,0,0,0,0,0,0,0,0,0
ENSMUSG00000082708,Gm15172,0,0,0,1,0,0,0,0,0,0,0,1
ENSMUSG00000083841,Gm1947,0,2,0,0,0,0,1,1,4,4,2,2
ENSMUSG00000077422,Gm24281,0,0,0,0,0,0,0,0,0,0,0,0
ENSMUSG00000094876,Btbd35f18,0,0,0,0,0,0,0,0,0,0,0,0
ENSMUSG00000095716,Btbd35f10,0,0,0,0,0,0,0,0,0,0,0,0
ENSMUSG00000095259,Gm14357,0,0,0,0,0,0,0,0,0,0,0,0
ENSMUSG00000082025,Gm14359,0,0,0,0,0,0,0,0,0,0,0,0
ENSMUSG00000096524,Gm14355,0,0,0,0,0,0,0,0,0,0,0,0
ENSMUSG00000080300,Spin2-ps1,0,0,0,0,0,0,0,0,0,0,0,0
ENSMUSG00000101381,Btbd35f16,0,0,0,0,0,0,0,0,0,0,0,0
ENSMUSG00000094725,Gm15251,0,0,0,0,0,0,0,0,0,0,0,0
ENSMUSG00000096733,Gm15257,0,0,0,0,0,0,0,0,0,0,0,0
ENSMUSG00000078218,Btbd35f3,0,0,0,0,0,0,0,0,0,0,0,0
ENSMUSG00000085978,Gm15258,0,0,0,0,0,0,0,0,0,0,0,0
ENSMUSG00000080299,Gm14350,0,0,0,0,0,0,0,0,0,0,0,0
ENSMUSG00000084955,Gm14349,0,0,0,0,0,0,0,0,0,0,0,0
ENSMUSG00000082081,Gm14358,0,0,0,0,0,0,0,0,0,0,0,0
ENSMUSG00000093977,Gm14362,0,0,0,0,0,0,0,0,0,0,0,0
ENSMUSG00000082489,Gm14356,0,0,0,0,0,0,0,0,0,0,0,0
ENSMUSG00000094307,Btbd35f28,0,0,0,0,0,0,0,0,0,0,0,0
ENSMUSG00000094596,Btbd35f20,0,0,0,0,0,0,0,0,0,0,0,0
ENSMUSG00000094240,Gm14348,0,0,0,0,0,0,0,0,0,0,0,0
ENSMUSG00000085775,Gm14364,0,0,0,0,0,0,0,0,0,0,0,0
ENSMUSG00000085966,Gm14368,0,0,0,0,0,0,0,0,0,0,0,0
ENSMUSG00000095411,Gm15260,0,0,0,0,0,0,0,0,0,0,0,0
ENSMUSG00000094273,Btbd35f17,0,0,0,0,0,0,0,0,0,0,0,0
ENSMUSG00000094794,Gm6019,0,0,0,0,0,0,0,0,0,0,0,0
ENSMUSG00000080073,Gm9427,0,0,0,0,0,0,0,0,0,0,0,0
ENSMUSG00000094323,Gm15256,0,0,0,1,0,0,0,0,0,0,0,0
ENSMUSG00000078214,Gm5925,0,0,0,0,0,0,0,0,0,0,0,0
ENSMUSG00000096800,Gm4725,0,0,0,0,0,0,0,0,0,0,0,0
ENSMUSG00000000223,Drp2,13,10,14,10,11,13,15,7,7,10,12,12
ENSMUSG00000085686,Gm9498,0,0,0,0,0,0,0,0,0,0,0,0
ENSMUSG00000095657,Gm15252,0,0,0,0,0,0,0,0,0,0,0,0
ENSMUSG00000078213,Btbd35f4,0,0,0,0,0,0,0,0,0,0,0,0
ENSMUSG00000094693,Gm4726,0,0,0,0,0,0,0,0,0,0,0,0
ENSMUSG00000078212,Gm3757,0,0,0,0,0,0,0,0,0,0,0,0
ENSMUSG00000086497,Gm15259,0,0,0,0,0,0,0,0,0,0,0,0
ENSMUSG00000095436,Gm15254,0,0,0,0,0,0,0,0,0,0,0,0
ENSMUSG00000071708,Sms,1046,1278,993,977,810,739,852,972,1076,957,867,818
ENSMUSG00000094860,Btbd35f27,0,0,0,0,0,0,0,0,0,0,0,0
ENSMUSG00000094358,Gm14370,0,0,0,0,0,0,0,0,0,0,0,0
ENSMUSG00000080792,Gm14367,0,0,0,0,0,0,0,0,0,0,0,0
ENSMUSG00000094401,Gm14365,0,0,0,0,0,0,0,0,0,0,0,0
ENSMUSG00000085706,Gm9428,0,0,0,0,0,0,0,0,0,0,0,0
ENSMUSG00000078210,Gm5924,0,0,0,0,0,0,0,0,0,0,0,0
ENSMUSG00000081626,Gm14369,0,0,0,0,0,0,0,0,0,0,0,0
ENSMUSG00000082975,Gm14363,0,0,0,0,0,0,0,0,0,0,0,0
ENSMUSG00000044597,Mycs,0,0,0,0,0,0,0,0,0,0,0,0
ENSMUSG00000082326,Gm14366,0,0,0,0,0,0,0,0,0,0,0,0
ENSMUSG00000082270,Gm14375,0,0,0,0,0,1,0,0,0,0,0,0
ENSMUSG00000095814,Btbd35f7,0,0,0,0,0,0,0,0,0,0,0,0
ENSMUSG00000081232,Gm14373,18,14,11,10,5,20,6,19,14,12,28,14
ENSMUSG00000081486,Gm14452,0,0,0,0,0,0,0,0,0,0,0,0
ENSMUSG00000083939,Gm14451,0,0,0,0,0,0,0,0,0,0,0,0
ENSMUSG00000080186,Gm14448,2,2,1,2,1,10,0,0,5,8,6,11
ENSMUSG00000081661,Gm14450,0,0,0,0,0,0,0,0,1,0,1,0
ENSMUSG00000097342,Gm26618,0,0,0,0,0,0,0,0,0,0,0,0
ENSMUSG00000073295,Nudt11,0,0,0,0,0,0,0,0,0,0,0,0
ENSMUSG00000082109,Rpl19-ps12,1,3,2,1,0,0,1,1,0,0,1,3
ENSMUSG00002076767,#N/A,0,0,0,0,0,0,0,0,0,0,0,0
ENSMUSG00000073294,AU022751,0,0,0,0,0,0,0,0,0,0,0,0
ENSMUSG00000118952,#N/A,0,0,2,1,0,0,1,1,0,0,0,1
ENSMUSG00000073293,Nudt10,0,0,0,0,0,0,0,0,0,0,0,0
ENSMUSG00000009596,Taf7l,0,1,0,0,0,0,0,0,0,0,0,0
ENSMUSG00000023279,Bmp15,0,0,0,0,1,2,1,0,0,0,0,0
ENSMUSG00000070641,Gm16410,0,0,0,0,0,0,0,0,0,0,0,0
ENSMUSG00000088275,Gm23124,0,0,0,0,0,0,0,0,0,0,0,0
ENSMUSG00000036916,Zfp280c,1109,1171,1072,1021,992,1083,774,1134,881,909,1173,1068
ENSMUSG00000048007,Timm8a1,97,92,88,89,81,28,73,67,105,85,66,61
ENSMUSG00000046873,Mbtps2,724,720,670,574,539,483,414,576,625,587,635,577
ENSMUSG00000082002,Gm6568,0,0,0,0,0,0,0,0,0,0,0,0
ENSMUSG00000091736,Yy2,0,0,0,0,0,0,0,0,0,0,0,0
ENSMUSG00000081415,Gm15176,0,0,0,0,0,0,0,0,0,0,0,0
ENSMUSG00000083636,Gm15175,0,0,0,0,0,0,0,0,0,0,0,0
ENSMUSG00000081222,Gm15173,0,1,0,0,0,1,0,0,0,1,0,0
ENSMUSG00002075957,#N/A,0,0,0,0,0,0,0,0,0,0,0,0
ENSMUSG00000081505,Gm8644,0,0,0,0,0,0,0,0,0,0,0,0
ENSMUSG00000083117,Gm15171,0,0,0,0,0,0,0,0,0,0,0,0
ENSMUSG00000083166,Gm8648,2,1,0,0,0,0,1,2,0,0,0,0
ENSMUSG00000068270,Shroom4,0,0,1,0,1,3,0,0,1,0,0,2
ENSMUSG00000041476,Smpx,0,0,0,0,0,0,0,0,0,0,0,0
ENSMUSG00000086188,Gm15169,0,0,0,0,0,5,0,0,0,0,0,0
ENSMUSG00000047485,Klhl34,0,0,0,0,0,0,0,0,0,0,0,0
ENSMUSG00000031264,Btk,6,2,2,5,2,1,3,2,5,1,2,1
ENSMUSG00000083687,Gm15154,0,0,0,0,0,0,0,0,0,0,0,0
ENSMUSG00000079435,Rpl36a,227,289,250,235,200,69,231,202,218,223,221,211
ENSMUSG00000031105,Slc25a14,127,157,112,103,112,52,95,88,126,105,107,91
ENSMUSG00002075412,#N/A,0,0,0,0,0,1,0,0,0,0,0,0
ENSMUSG00000051209,Gpr119,0,0,0,0,0,0,0,0,0,0,0,0
ENSMUSG00000031266,Gla,79,90,72,81,102,40,81,101,96,65,66,68
ENSMUSG00000031107,Rbmx2,357,430,413,433,477,418,556,507,426,355,457,405
ENSMUSG00000050089,Akap4,0,0,0,0,0,0,0,0,0,0,0,0
ENSMUSG00000082240,Gm14380,0,0,0,0,0,0,0,0,0,0,0,0
ENSMUSG00000079606,Fsip2l,0,0,0,0,0,0,1,0,0,0,0,0
ENSMUSG00000081526,Gm7219,0,0,0,0,0,0,0,0,0,0,1,0
ENSMUSG00000045427,Hnrnph2,815,812,746,685,700,594,635,790,744,745,749,678
ENSMUSG00000085226,Gm7855,0,0,0,0,0,0,0,0,0,0,0,0
ENSMUSG00000082655,Gm7857,0,1,0,0,0,0,0,0,1,1,0,0
ENSMUSG00000087024,B230119M05Rik,0,0,0,0,0,0,0,0,0,0,0,0
ENSMUSG00000049804,Armcx4,279,309,227,230,197,133,158,212,169,177,263,214
ENSMUSG00000025658,Cnksr2,0,0,0,0,2,1,0,0,0,0,0,0
ENSMUSG00000082076,Gm8659,1,0,0,1,0,0,0,0,1,0,0,1
ENSMUSG00000083136,Gm15170,0,0,0,0,0,0,0,0,0,0,0,0
ENSMUSG00000081797,Gm8662,2,3,0,0,0,0,1,2,1,1,0,0
ENSMUSG00000084270,Gm15177,0,0,0,0,0,0,0,0,0,0,0,0
ENSMUSG00000088896,Gm22522,0,0,0,0,0,0,0,0,0,0,0,0
ENSMUSG00000084210,Gm15168,0,0,0,0,0,0,0,0,0,0,0,0
ENSMUSG00000082026,Gm5764,1,0,0,0,0,0,1,0,0,0,0,1
ENSMUSG00000083316,Gm15185,0,0,0,0,0,0,0,0,0,0,0,0
ENSMUSG00000083625,Gm15188,0,0,0,0,0,0,0,0,0,0,0,0
ENSMUSG00000083127,Gm15189,1,0,1,0,0,3,0,0,0,3,0,1
ENSMUSG00000004317,Clcn5,1015,1051,828,807,747,421,510,885,662,653,626,635
ENSMUSG00000089127,Gm26401,0,0,0,0,0,0,0,0,0,0,0,0
ENSMUSG00000070108,Mir500,0,0,0,0,0,0,0,0,0,0,0,0
ENSMUSG00000076251,Mir501,0,0,0,0,0,0,0,0,0,0,0,0
ENSMUSG00000070100,Mir362,0,0,0,0,0,0,0,0,0,0,0,0
ENSMUSG00000065398,Mir188,0,0,0,0,0,0,0,0,0,0,0,0
ENSMUSG00000070139,Mir532,0,0,0,0,0,0,0,0,0,0,0,0
ENSMUSG00000046269,Usp27x,138,148,110,100,92,62,94,88,115,112,68,87
ENSMUSG00000087252,Gm14379,1,0,0,1,1,0,3,3,1,1,1,1
ENSMUSG00000063018,2010204K13Rik,22,28,36,25,44,23,32,35,35,45,43,37
ENSMUSG00000083535,Gm14381,0,0,0,0,0,0,0,0,0,0,0,0
ENSMUSG00000084150,Gm14395,0,0,0,0,0,0,0,0,0,0,0,0
ENSMUSG00000083402,Gm14394,0,0,0,0,0,0,0,0,0,0,0,0
ENSMUSG00000088477,Gm23082,0,0,0,0,0,0,0,0,0,0,0,0
ENSMUSG00000033460,Armcx1,5,7,8,2,4,2,5,2,6,2,13,6
ENSMUSG00000081972,Gm16397,0,0,0,0,0,0,0,0,0,1,0,0
ENSMUSG00000102207,Gm10344,0,0,0,4,0,0,0,1,0,0,0,0
ENSMUSG00000050394,Armcx6,11,14,12,18,16,7,12,36,19,11,28,16
ENSMUSG00000039556,Ppp1r3f,13,9,8,8,11,8,7,15,15,7,14,9
ENSMUSG00000103436,Gm36995,9,2,3,6,2,5,0,0,4,4,5,7
ENSMUSG00000039545,Flicr,8,7,9,8,14,4,3,5,10,4,5,6
ENSMUSG00000049047,Armcx3,31,21,14,16,14,14,34,24,29,29,23,27
ENSMUSG00000099272,Mir7093,0,0,0,0,0,0,0,0,0,0,0,1
ENSMUSG00000031392,Irak1,2745,2847,2396,2345,2670,1377,2270,2409,2820,2428,2628,2616
ENSMUSG00000031309,Rps6ka3,3804,3706,3611,3538,2897,2577,2361,3525,3420,3501,2998,2701
ENSMUSG00000092907,Mir5132,0,0,0,0,0,0,0,0,0,0,0,0
ENSMUSG00000076127,Mir718,0,0,0,0,0,0,0,0,0,0,0,0
ENSMUSG00000033436,Armcx2,215,219,184,193,165,93,162,153,159,161,175,153
ENSMUSG00000083236,Gm7222,2,1,3,0,0,0,0,4,0,4,2,0
ENSMUSG00000081292,Gm15018,0,0,0,0,0,0,0,0,0,0,0,0
ENSMUSG00000067194,Eif1ax,2871,3015,2541,2643,2757,2053,2744,2723,3022,2765,2666,2673
ENSMUSG00000083437,Gm15187,0,0,0,0,0,0,0,0,0,0,0,0
ENSMUSG00000031393,Mecp2,1201,1130,891,868,811,552,678,1117,1037,966,826,845
ENSMUSG00000031394,Opn1mw,0,0,0,0,0,0,0,1,0,0,0,0
ENSMUSG00000081118,Gm6758,4,15,0,0,1,0,5,2,5,3,3,4
ENSMUSG00000062564,Tex28,0,0,0,0,0,0,0,0,0,0,0,0
ENSMUSG00000084131,Rpl3-ps2,6,6,7,3,4,4,6,5,9,6,2,4
ENSMUSG00000031397,Tktl1,0,0,0,0,0,0,0,0,0,0,0,0
ENSMUSG00000041020,Map7d2,2,3,4,2,3,6,2,3,8,0,2,8
ENSMUSG00002075682,#N/A,0,0,0,0,0,0,0,0,0,0,0,0
ENSMUSG00000009941,Nxf2,4,1,2,3,2,4,1,1,3,6,3,2
ENSMUSG00000052676,Zmat1,50,53,52,54,43,75,35,54,61,36,44,56
ENSMUSG00000089759,3632454L22Rik,0,1,5,0,0,1,0,1,0,0,1,1
ENSMUSG00000081146,Gm6207,0,0,0,0,0,0,0,0,0,0,0,0
ENSMUSG00000085556,Gm15020,0,0,0,0,0,0,0,0,0,0,0,0
ENSMUSG00000119932,#N/A,0,0,0,0,0,0,0,0,0,0,0,0
ENSMUSG00000031109,Enox2,144,132,107,138,121,99,158,167,125,84,154,98
ENSMUSG00000044150,Bclaf3,620,638,541,548,568,776,453,563,592,619,657,603
ENSMUSG00000082693,Gm15190,0,0,0,0,0,0,0,0,0,0,1,0
ENSMUSG00000083906,Gm15186,2,4,1,3,4,2,5,3,4,7,8,5
ENSMUSG00000079432,Gm15023,0,0,0,0,0,0,0,0,0,0,0,0
ENSMUSG00000081320,Gm15034,0,0,0,0,0,0,0,0,0,0,0,0
ENSMUSG00000082347,Gm15036,0,0,0,0,0,0,1,0,0,0,0,0
ENSMUSG00000087369,Gm14696,0,0,0,0,0,0,0,0,0,0,0,0
ENSMUSG00000086948,Gm14697,0,0,0,0,0,1,0,0,0,0,1,0
ENSMUSG00000031409,Tceal6,0,0,0,0,0,0,0,0,0,0,0,0
ENSMUSG00000081709,Gm15022,0,0,0,0,0,0,0,0,0,0,0,0
ENSMUSG00000082071,Pramel,0,0,0,0,0,0,0,0,0,0,0,0
ENSMUSG00000067360,Pramel3,0,0,0,0,0,0,0,0,0,0,0,0
ENSMUSG00000119221,#N/A,0,0,0,0,0,0,0,0,0,0,0,0
ENSMUSG00000087428,Gm15017,0,0,0,0,0,0,0,0,0,0,0,0
ENSMUSG00000095599,Gm6215,0,0,0,0,0,0,0,0,0,0,0,0
ENSMUSG00000094004,Gm5128,0,0,0,0,0,0,0,0,0,0,0,0
ENSMUSG00000118957,#N/A,0,0,0,0,0,0,0,0,0,0,0,0
ENSMUSG00000095964,Gm6221,0,0,0,0,0,0,0,0,0,0,0,0
ENSMUSG00000036198,Arhgap36,1,1,1,0,0,1,0,0,0,0,1,0
ENSMUSG00000096508,Gm7903,0,0,0,0,0,0,0,0,0,0,0,0
ENSMUSG00000119763,#N/A,0,0,0,0,0,0,0,0,0,0,0,0
ENSMUSG00000083455,Gm15037,0,0,0,0,0,0,0,0,0,0,0,0
ENSMUSG00000082192,Gm14719,2,1,0,0,1,0,0,0,2,0,1,1
ENSMUSG00000094371,Gm7905,0,0,0,0,0,0,0,0,0,0,0,0
ENSMUSG00000071764,Olfr1320,0,0,0,0,0,0,0,0,0,0,0,0
ENSMUSG00000067971,Olfr1321,0,0,0,0,0,0,0,0,0,0,0,0
ENSMUSG00000054994,AV320801,1,0,0,0,0,0,0,0,0,0,0,0
ENSMUSG00000119569,#N/A,0,0,0,0,0,0,0,0,0,0,0,0
ENSMUSG00000086685,Gm15015,0,0,0,0,0,0,0,0,0,0,0,0
ENSMUSG00000096119,Gm6228,0,0,0,0,0,0,0,0,0,0,0,0
ENSMUSG00000039521,Foxp3,72,79,72,64,35,44,63,50,68,79,58,51
ENSMUSG00000031143,Ccdc22,35,35,20,20,35,6,37,14,26,17,32,24
ENSMUSG00000031410,Nxf7,0,1,1,2,1,0,0,2,0,0,0,0
ENSMUSG00000031411,Prame,0,0,0,0,0,0,0,0,0,0,0,0
ENSMUSG00000082602,Gm15021,0,0,0,0,0,0,0,0,0,0,0,0
ENSMUSG00000031111,Igsf1,1,2,0,0,0,2,0,0,0,0,0,1
ENSMUSG00002075946,#N/A,0,0,0,0,0,0,0,0,0,0,0,0
ENSMUSG00000058252,Tcp11x2,0,0,0,0,0,0,1,0,0,0,0,0
ENSMUSG00000056281,Olfr1322,0,0,0,0,0,0,0,0,0,0,0,0
ENSMUSG00000083399,Gm15033,1,2,0,0,3,0,0,0,0,0,1,0
ENSMUSG00000060726,Tmsb15a,0,0,0,0,0,0,0,0,0,0,0,0
ENSMUSG00000050504,Olfr1323,0,0,0,0,0,0,0,0,0,0,0,0
ENSMUSG00000084330,Gm15019,0,0,0,0,0,0,0,0,0,0,0,0
ENSMUSG00002074871,#N/A,0,0,0,0,0,0,0,0,0,0,0,0
ENSMUSG00000118656,#N/A,0,0,0,0,0,0,0,0,0,0,0,0
ENSMUSG00000083754,Gm7803,1,2,1,2,0,1,0,1,1,1,1,1
ENSMUSG00000082660,Gm14612,0,0,0,0,0,0,1,0,0,0,0,0
ENSMUSG00000119917,#N/A,0,0,0,0,0,0,0,0,0,0,0,0
ENSMUSG00000072969,Armcx5,216,260,169,163,151,119,161,176,219,182,155,128
ENSMUSG00000048173,Olfr1324,0,0,0,0,0,0,0,0,0,0,0,0
ENSMUSG00000083112,Gm14620,0,0,0,0,0,0,0,0,0,0,0,0
ENSMUSG00000043384,Gprasp1,330,351,263,211,267,239,175,288,248,295,321,303
ENSMUSG00000106264,Mir7646,0,0,0,0,0,0,0,0,0,0,0,0
ENSMUSG00000088464,Mir1970,0,0,0,0,0,0,0,0,0,0,0,0
ENSMUSG00000085396,Firre,371,439,350,336,305,152,294,330,282,255,327,317
ENSMUSG00000072964,Bhlhb9,372,444,316,343,394,255,284,371,378,356,385,384
ENSMUSG00000031112,Stk26,2417,2460,1761,1800,1464,1345,1585,1934,2004,2129,1785,1714
ENSMUSG00000036131,Frmd7,0,0,0,0,1,0,0,1,0,1,3,1
ENSMUSG00000050029,Rap2c,2005,2003,1698,1624,1409,1139,1407,1687,1820,1833,1492,1375
ENSMUSG00000082556,Gm5387,0,0,0,0,0,0,0,0,0,0,0,0
ENSMUSG00000036109,Mbnl3,432,365,396,361,382,308,300,407,356,389,471,429
ENSMUSG00000082950,Gm7834,0,0,0,0,0,0,1,1,0,0,0,0
ENSMUSG00000081350,Gm5388,0,1,0,0,2,0,1,0,0,4,1,0
ENSMUSG00002075057,#N/A,0,0,0,0,0,0,0,0,0,0,0,0
ENSMUSG00000081188,Gm14621,0,0,0,0,0,0,0,0,0,0,0,0
ENSMUSG00000031328,Flna,9872,10073,7545,7884,5362,2141,6244,8853,6889,6910,5484,5184
ENSMUSG00000062184,Hs6st2,0,3,0,3,3,15,0,1,0,1,2,3
ENSMUSG00000082968,Gm14581,0,0,0,0,0,0,0,0,0,0,0,0
ENSMUSG00000055780,Usp26,0,0,0,0,0,0,0,0,0,0,0,0
ENSMUSG00000081439,Gm7840,0,0,0,0,1,1,0,0,0,0,0,0
ENSMUSG00000088792,Gm22539,0,0,0,0,0,0,0,0,0,0,0,0
ENSMUSG00000031118,1700080O16Rik,0,0,0,0,0,0,0,0,0,0,0,0
ENSMUSG00000040990,Sh3kbp1,3611,4010,3055,3265,3190,3053,2890,3823,3360,3257,3306,2778
ENSMUSG00000031119,Gpc4,0,0,0,0,0,0,0,0,0,0,0,0
ENSMUSG00000072966,Gprasp2,21,22,13,17,8,7,7,17,15,34,18,17
ENSMUSG00000083223,Gm15016,1,1,0,0,0,2,0,1,0,2,1,2
ENSMUSG00000048040,Arxes2,93,68,56,44,53,30,64,61,93,99,63,77
ENSMUSG00000001964,Emd,1265,1264,978,1049,1313,850,1121,1194,1253,1051,1259,1153
ENSMUSG00000048355,Arxes1,3,8,2,0,2,1,12,3,3,8,3,1
ENSMUSG00000081375,Gm14686,0,0,0,0,0,0,0,0,0,0,0,0
ENSMUSG00000042750,Bex2,0,3,0,1,4,1,2,2,3,2,1,4
ENSMUSG00000055653,Gpc3,0,1,2,0,0,1,2,1,0,1,0,0
ENSMUSG00000086704,Gm14582,0,0,0,0,0,0,0,0,0,0,0,0
ENSMUSG00000105738,Mir6384,0,0,0,0,0,0,0,0,0,0,0,0
ENSMUSG00000076214,Mir717,0,0,0,0,0,0,0,0,0,0,0,0
ENSMUSG00000055110,A630012P03Rik,0,0,0,0,0,0,0,0,0,0,0,0
ENSMUSG00000031303,Map3k15,36,36,29,30,48,23,24,41,37,24,50,55
ENSMUSG00000070106,Mir363,5,4,4,6,3,4,5,6,2,10,7,5
ENSMUSG00000065613,Mir92-2,2,2,3,1,1,0,1,0,0,2,2,1
ENSMUSG00000083393,Gm15194,0,0,0,0,0,0,0,0,0,0,0,0
ENSMUSG00000082810,Gm8682,0,0,0,0,0,0,1,0,0,0,0,0
ENSMUSG00000065473,Mir19b-2,0,0,0,0,0,3,2,0,1,0,0,1
ENSMUSG00000076041,Mir20b,1,0,0,0,1,0,0,0,0,0,0,0
ENSMUSG00000077111,Mir18b,0,0,0,0,0,0,0,2,0,0,1,2
ENSMUSG00000065456,Mir106a,0,0,0,0,0,0,0,0,0,0,0,0
ENSMUSG00000086173,Kis2,8,2,2,5,7,6,2,5,6,5,2,4
ENSMUSG00000083621,Gm14586,1,4,7,2,3,0,8,6,1,3,0,4
ENSMUSG00000081843,Gm7851,0,0,0,0,0,0,0,0,0,0,0,0
ENSMUSG00000057000,Nxf3,0,0,0,0,0,0,0,0,0,0,0,0
ENSMUSG00000073207,Ccdc160,0,1,0,0,0,1,0,0,1,1,0,0
ENSMUSG00000082887,Gm14607,0,0,0,0,0,0,0,0,0,0,0,0
ENSMUSG00000083683,Gm6539,0,0,0,0,0,0,0,0,0,0,0,0
ENSMUSG00000087553,5730412P04Rik,0,0,0,0,0,1,0,0,0,0,0,0
ENSMUSG00000081684,Rps2-ps13,0,1,0,2,0,0,0,0,1,0,0,0
ENSMUSG00000047844,Bex4,0,1,0,0,0,0,0,0,1,0,1,1
ENSMUSG00000031299,Pdha1,3314,3619,2901,2981,2839,1830,2517,2872,3258,3014,2799,2491
ENSMUSG00000082500,Gm15195,0,1,0,0,0,0,0,0,0,0,0,0
ENSMUSG00000083318,Gm15192,0,0,0,0,0,4,0,0,0,0,0,0
ENSMUSG00000083516,Gm15196,0,0,0,0,0,0,0,0,0,0,0,0
ENSMUSG00000081536,Gm15193,0,0,0,0,0,0,0,0,0,0,0,0
ENSMUSG00000051579,Tceal8,16,19,6,7,11,19,11,7,18,10,13,11
ENSMUSG00000098493,Mir6383,0,0,0,0,0,0,0,0,0,0,0,0
ENSMUSG00000008682,Rpl10,978,1049,884,915,877,393,855,884,896,867,788,767
ENSMUSG00000119320,#N/A,0,0,0,0,0,0,0,0,0,0,0,0
ENSMUSG00000054034,Tceal5,0,0,0,0,0,0,0,0,0,0,0,0
ENSMUSG00000050071,Bex1,26,14,17,22,33,24,30,30,25,15,16,20
ENSMUSG00000079428,Tceal7,0,0,0,0,0,0,0,0,0,1,0,0
ENSMUSG00000042712,Tceal9,245,280,194,250,215,262,290,306,259,240,253,215
ENSMUSG00000031142,Cacna1f,0,0,0,0,0,0,0,0,0,0,0,0
ENSMUSG00000025626,Phf6,1832,2048,1793,1715,2114,1845,1662,2146,1965,1816,2496,2197
ENSMUSG00000046432,Bex3,357,429,308,320,340,327,419,433,355,341,379,348
ENSMUSG00000119032,#N/A,0,0,0,0,0,0,0,0,0,0,0,0
ENSMUSG00000083470,Nsa2-ps2,0,0,0,0,0,0,3,0,1,0,0,0
ENSMUSG00000083324,Gm14997,0,0,0,0,0,0,0,0,0,0,0,0
ENSMUSG00000083162,Gm4917,1,0,0,0,1,0,0,0,0,0,0,1
ENSMUSG00000084216,Gm7973,1,1,1,0,1,0,0,2,1,0,0,0
ENSMUSG00000084245,Gm14994,0,0,0,0,0,0,0,0,0,0,0,0
ENSMUSG00000082261,Gm14999,0,0,0,0,0,0,0,0,0,0,0,0
ENSMUSG00000025630,Hprt,2179,2667,2130,2118,2545,1600,2373,2334,2382,2231,2260,2206
ENSMUSG00000083517,Gm14998,0,0,0,0,0,0,0,0,0,0,0,0
ENSMUSG00000081507,Gm14993,0,0,0,0,0,0,0,0,0,0,0,0
ENSMUSG00000076050,Mir450b,0,0,0,0,0,0,0,0,0,0,0,0
ENSMUSG00000065486,Mir450-1,0,0,0,0,0,0,0,0,0,0,0,0
ENSMUSG00000096589,Gm14992,0,0,0,0,0,0,0,0,0,0,0,0
ENSMUSG00000076399,Mir450-2,0,0,0,0,0,0,0,0,0,0,0,0
ENSMUSG00000076140,Mir542,0,0,0,0,0,0,0,0,0,0,0,0
ENSMUSG00000095327,Gm14996,0,0,0,0,0,0,0,0,0,0,0,0
ENSMUSG00000082358,Gm14990,0,0,0,0,0,0,0,0,0,0,0,0
ENSMUSG00000101603,Gm28730,0,0,0,0,0,2,0,0,0,0,1,0
ENSMUSG00000065503,Mir351,0,0,0,0,0,0,0,0,0,0,0,0
ENSMUSG00000076122,Mir503,0,0,0,0,0,0,0,0,0,0,0,0
ENSMUSG00000065418,Mir322,0,0,0,0,0,0,0,0,0,0,0,0
ENSMUSG00000081286,Gm14995,0,0,0,0,0,0,0,0,0,0,0,0
ENSMUSG00000031144,Syp,136,135,105,81,164,93,55,43,150,97,153,141
ENSMUSG00000087644,Gm14703,0,0,1,0,0,2,2,1,3,0,3,1
ENSMUSG00000087365,C430049B03Rik,0,0,1,1,0,1,0,2,0,1,0,1
ENSMUSG00000019088,Dnase1l1,27,27,31,34,25,11,36,33,28,21,29,30
ENSMUSG00000061082,Plac1,0,0,0,0,0,0,0,0,0,0,0,0
ENSMUSG00000099226,Mir7091,0,0,1,2,0,0,0,1,0,0,0,0
ENSMUSG00000084271,Gm14846,0,0,0,0,0,0,0,0,0,0,0,0
ENSMUSG00000057439,Kir3dl2,0,0,0,0,0,0,0,0,0,0,0,0
ENSMUSG00000082021,Gm14991,0,0,0,0,0,0,0,0,0,0,0,0
ENSMUSG00000031145,Prickle3,192,184,145,155,107,102,115,156,160,133,170,120
ENSMUSG00000031146,Plp2,989,1083,726,820,631,392,920,920,842,719,570,530
ENSMUSG00000031147,Magix,2,0,0,1,2,1,0,0,4,1,0,0
ENSMUSG00000081083,Gm6079,0,0,0,0,0,0,0,0,0,0,0,0
ENSMUSG00000031424,Kir3dl1,0,0,0,0,0,0,0,0,0,0,0,0
ENSMUSG00000083828,Gm15006,0,0,0,0,0,0,0,0,0,0,0,0
ENSMUSG00000082504,Gm15003,0,0,0,0,0,0,0,0,0,0,0,0
ENSMUSG00000095702,Gm15005,0,0,0,0,0,0,0,0,0,0,0,0
ENSMUSG00000082421,Gm15004,0,0,0,0,0,0,0,0,0,0,0,0
ENSMUSG00000031148,Gpkow,935,955,767,778,744,638,710,848,914,853,812,766
ENSMUSG00000036022,Fam122b,129,124,115,91,160,134,115,128,129,98,188,155
ENSMUSG00000044550,Tceal3,2,8,5,6,4,13,6,6,8,12,5,2
ENSMUSG00000080874,Gm15010,0,0,0,0,0,0,0,0,0,0,0,0
ENSMUSG00002076841,#N/A,0,0,0,0,0,0,0,0,0,0,0,0
ENSMUSG00000049536,Tceal1,0,0,0,0,0,0,0,0,1,0,0,0
ENSMUSG00000036013,Fam122c,0,0,0,0,0,0,0,0,0,0,0,0
ENSMUSG00002076992,#N/A,0,0,0,0,0,0,0,0,0,0,0,0
ENSMUSG00000081145,Gm14585,1,0,0,0,0,0,0,0,0,0,0,0
ENSMUSG00000023074,Mospd1,66,70,62,54,51,38,59,48,60,52,47,46
ENSMUSG00000083798,Gm14584,28,13,33,24,17,28,9,11,29,21,12,6
ENSMUSG00000060967,Etd,0,0,0,0,0,0,0,0,0,0,0,0
ENSMUSG00000031422,Morf4l2,1563,1828,1453,1447,1480,1034,1432,1499,1538,1389,1543,1379
ENSMUSG00000087368,BC065397,27,31,14,19,25,21,31,33,21,34,36,32
ENSMUSG00000018595,Glra4,0,0,0,0,0,0,0,0,0,0,0,0
ENSMUSG00000082214,Gm15009,0,0,0,0,0,0,0,0,0,0,0,0
ENSMUSG00000081937,Gm14599,0,0,0,0,0,0,0,0,0,0,0,0
ENSMUSG00000083278,Gm14589,0,0,0,0,0,0,0,0,0,0,0,0
ENSMUSG00000080968,Atf1-ps,2,2,1,3,4,0,4,1,6,0,6,2
ENSMUSG00000083428,Gm14591,0,0,0,0,0,0,0,0,0,0,0,0
ENSMUSG00000086711,Gm15482,0,0,0,0,0,0,0,0,0,0,0,0
ENSMUSG00000081119,Gm14601,0,0,0,0,0,0,0,0,0,0,0,0
ENSMUSG00000080321,Gm14644,0,0,0,0,0,0,0,0,0,0,0,0
ENSMUSG00000118772,#N/A,0,0,0,0,0,0,0,0,0,0,0,0
ENSMUSG00000082817,Gm16428,0,0,0,0,0,0,0,0,0,0,0,0
ENSMUSG00000081477,Gm7916,0,0,0,0,0,0,0,0,0,0,0,0
ENSMUSG00000096308,Gm14598,0,0,0,0,0,0,0,0,0,0,0,0
ENSMUSG00000084070,Gm6591,0,0,0,0,0,0,0,0,0,0,0,0
ENSMUSG00000094698,Gm14596,0,0,0,0,0,0,0,0,0,0,0,0
ENSMUSG00000081638,Gm14594,0,0,0,0,0,0,0,0,0,0,0,0
ENSMUSG00000031425,Plp1,14,15,8,19,12,10,14,19,23,9,23,20
ENSMUSG00000096468,Gm16405,0,0,0,0,0,0,0,0,0,0,0,0
ENSMUSG00000043463,Rab9b,0,0,0,0,0,0,0,0,0,0,0,0
ENSMUSG00000082563,Gm15026,0,0,0,0,0,0,0,0,0,0,0,0
ENSMUSG00000080953,Gm15025,0,0,0,0,0,0,0,0,0,0,0,0
ENSMUSG00000048155,H2bfm,0,0,0,0,0,0,0,0,0,0,0,0
ENSMUSG00000094714,Gm16430,0,0,0,0,0,0,0,0,0,0,0,0
ENSMUSG00000081295,Gm6275,1,0,0,0,1,0,0,1,1,1,2,0
ENSMUSG00000094975,Gm14595,0,0,0,0,0,0,0,0,0,0,0,0
ENSMUSG00000096376,Gm14590,0,0,0,0,0,0,0,0,0,0,0,0
ENSMUSG00000083069,Gm16431,0,0,0,0,0,0,0,0,0,0,0,0
ENSMUSG00000094423,Gm7950,0,0,0,0,0,0,0,0,0,0,0,0
ENSMUSG00000072955,Tmsb15l,0,0,0,1,1,0,1,1,0,0,0,0
ENSMUSG00000095890,Gm7958,0,0,0,0,0,0,0,0,0,0,0,0
ENSMUSG00000080889,Gm7974,0,0,0,0,0,0,0,0,0,0,0,0
ENSMUSG00000009995,Taz,406,471,342,327,408,168,327,334,420,379,446,444
ENSMUSG00000067909,Slxl1,0,0,0,0,0,2,0,0,0,0,0,0
ENSMUSG00000094317,Gm6660,0,0,0,0,1,0,0,0,0,0,0,0
ENSMUSG00000096127,Gm14625,0,0,0,0,0,0,0,0,0,0,0,0
ENSMUSG00000095398,Gm16404,0,0,0,0,0,0,0,0,0,0,0,0
ENSMUSG00000081298,Gm14622,0,0,0,0,0,0,0,0,0,0,0,0
ENSMUSG00000096374,Gm6664,0,0,0,0,0,0,0,0,0,0,0,0
ENSMUSG00000084369,Gm14626,0,0,0,0,0,0,0,0,0,0,0,0
ENSMUSG00000081706,Gm7927,0,2,0,0,1,0,1,1,1,0,0,0
ENSMUSG00000083249,Gm14623,0,0,0,0,0,0,0,0,0,0,0,0
ENSMUSG00000081089,Gm14624,0,0,0,0,0,0,0,0,0,0,0,0
ENSMUSG00000118650,#N/A,0,0,0,0,0,0,0,0,0,0,0,0
ENSMUSG00000089996,Tmsb15b2,0,0,0,0,0,0,0,0,0,0,0,0
ENSMUSG00002075643,#N/A,0,0,0,0,0,0,0,0,0,0,0,0
ENSMUSG00000082606,Gm14638,0,0,0,0,0,1,0,0,0,0,0,0
ENSMUSG00000089768,Tmsb15b1,8,14,8,9,9,3,12,14,13,6,1,7
ENSMUSG00000031125,3830403N18Rik,25,42,13,17,4,5,11,16,11,4,7,7
ENSMUSG00000082253,Gm14639,1,0,1,1,0,0,0,0,0,1,0,0
ENSMUSG00000073177,Gm773,0,0,0,0,0,0,0,0,0,0,0,0
ENSMUSG00000081024,Gm14627,2,1,0,2,3,1,2,0,1,1,4,1
ENSMUSG00000085114,1600025M17Rik,0,0,0,0,0,0,0,0,0,0,0,0
ENSMUSG00000073176,Zfp449,1,2,6,5,5,3,7,6,5,6,8,5
ENSMUSG00000097288,Gm2155,0,0,0,0,0,0,0,0,0,0,0,0
ENSMUSG00000054850,Smim10l2a,23,28,11,21,14,7,30,22,19,24,17,26
ENSMUSG00000081620,Gm14633,0,0,0,1,0,1,0,0,0,0,0,0
ENSMUSG00000058932,Gm2174,0,0,0,0,0,0,0,0,0,0,0,0
ENSMUSG00000044348,Slc25a53,87,101,86,93,80,54,74,75,94,86,71,66
ENSMUSG00000031428,Zcchc18,18,29,21,16,18,8,36,25,15,28,18,17
ENSMUSG00000083445,Gm15038,0,0,0,0,0,0,0,0,0,0,0,0
ENSMUSG00000042595,Fam199x,332,319,286,290,284,241,197,288,242,294,384,376
ENSMUSG00000089191,Gm25770,0,0,0,0,0,0,0,0,0,0,0,0
ENSMUSG00000080718,Gm8019,0,1,2,0,2,1,0,1,1,1,2,2
ENSMUSG00000084086,Gm5761,0,1,0,0,0,0,0,0,0,0,1,0
ENSMUSG00000081938,Gm15039,0,0,0,0,0,0,0,0,0,0,0,0
ENSMUSG00000095988,Gm15042,0,0,1,0,0,0,0,0,0,0,0,0
ENSMUSG00000095591,Gm15045,0,0,0,0,0,0,0,0,0,0,0,0
ENSMUSG00000082011,Gm15043,0,0,0,0,0,0,0,0,0,0,0,0
ENSMUSG00000083493,Gm15044,0,0,0,0,0,0,0,0,0,0,0,0
ENSMUSG00000019087,Atp6ap1,1798,1768,1365,1358,1392,622,1454,1430,1679,1382,1381,1286
ENSMUSG00000023443,Esx1,0,3,0,1,0,0,1,0,0,1,2,1
ENSMUSG00000082696,Gm15040,0,1,0,0,0,0,0,0,0,0,1,1
ENSMUSG00000081349,Gm15041,0,0,0,0,1,0,0,0,0,0,0,0
ENSMUSG00002075811,#N/A,0,0,0,0,0,0,0,0,0,0,0,0
ENSMUSG00000082955,Gm8036,0,0,0,0,1,0,2,0,0,0,0,0
ENSMUSG00000059203,Il1rapl2,0,0,0,0,0,0,0,0,0,0,0,0
ENSMUSG00000082135,Gm14988,0,0,0,0,0,0,0,0,0,0,0,0
ENSMUSG00002076735,#N/A,0,0,0,0,0,0,0,0,0,0,0,0
ENSMUSG00000084118,Gm14989,0,0,0,0,0,0,0,0,0,0,0,1
ENSMUSG00002076754,#N/A,0,0,0,0,0,0,0,0,0,0,0,0
ENSMUSG00000071686,Tex13a,0,0,0,0,0,0,0,0,0,0,0,0
ENSMUSG00000118858,#N/A,0,0,0,0,0,0,0,0,0,0,0,0
ENSMUSG00000087832,Gm23958,0,0,0,0,0,0,0,0,0,0,0,0
ENSMUSG00000081017,Gm15000,0,0,0,0,0,0,0,0,0,0,0,0
ENSMUSG00000083053,Gm15001,0,0,0,0,0,0,0,0,0,0,0,0
ENSMUSG00000015291,Gdi1,1261,1383,1017,1028,1081,655,979,1230,1099,1020,1377,1221
ENSMUSG00000001962,Fam50a,568,602,466,460,503,423,443,516,574,491,624,536
ENSMUSG00000106409,Mir7092,0,0,0,0,0,0,0,0,0,0,0,0
ENSMUSG00000035967,Ints6l,539,588,448,478,399,305,374,465,440,468,537,496
ENSMUSG00000073173,Gm10477,0,0,0,0,0,0,0,0,0,0,0,0
ENSMUSG00000064016,Gm648,0,2,0,2,0,0,0,0,0,0,1,1
ENSMUSG00000061273,Mmgt1,1195,1116,1157,1083,1136,735,952,1112,1163,1061,992,883
ENSMUSG00000092787,Mir5116,0,0,0,0,0,0,0,0,0,0,0,0
ENSMUSG00000052854,Nrk,0,0,0,0,0,0,0,0,0,0,0,0
ENSMUSG00000031398,Plxna3,208,240,135,150,236,90,168,230,246,207,341,312
ENSMUSG00000015289,Lage3,124,168,123,116,166,84,168,139,125,99,188,143
ENSMUSG00000031271,Serpina7,0,0,0,0,0,0,0,0,0,0,0,0
ENSMUSG00000031270,4930513O06Rik,0,0,0,0,0,0,0,0,0,0,0,0
ENSMUSG00000042525,4933428M09Rik,0,0,0,0,0,0,0,0,0,0,0,0
ENSMUSG00000083180,Gm15007,5,1,1,3,3,3,0,2,4,10,5,9
ENSMUSG00000015290,Ubl4a,1029,1216,836,990,958,461,991,997,1105,942,987,904
ENSMUSG00000032806,Slc10a3,999,1084,763,806,728,375,731,712,957,913,779,754
ENSMUSG00000060681,Slc9a6,339,355,256,251,222,125,246,284,311,268,265,248
ENSMUSG00000088394,Gm26312,0,0,0,0,0,0,0,0,0,0,0,0
ENSMUSG00000042515,Pwwp3b,1,2,0,2,1,0,0,2,0,0,1,1
ENSMUSG00000086807,Platr21,0,0,0,0,0,1,0,0,0,0,0,0
ENSMUSG00000081869,Gm15002,0,0,1,0,0,0,0,0,0,0,1,0
ENSMUSG00000051257,Trap1a,0,0,0,0,0,0,1,0,0,0,0,0
ENSMUSG00000084205,Gm8061,0,0,0,0,0,0,0,0,0,0,0,0
ENSMUSG00000031399,Fam3a,97,145,86,93,101,56,105,111,107,90,156,168
ENSMUSG00000042498,Radx,0,0,0,0,1,1,0,0,0,0,0,0
ENSMUSG00000031438,Rnf128,23,32,16,13,14,5,20,14,22,10,12,13
ENSMUSG00000042473,Tbc1d8b,178,192,115,112,142,117,100,141,156,166,193,194
ENSMUSG00000072945,Ripply1,0,0,0,0,0,0,0,0,0,0,0,0
ENSMUSG00000081018,Gm15012,0,0,0,0,0,0,0,0,0,0,0,0
ENSMUSG00000047230,Cldn2,0,0,0,0,0,1,0,0,0,0,0,0
ENSMUSG00000023092,Fhl1,0,0,1,1,0,4,0,1,0,1,0,0
ENSMUSG00000088944,Gm23258,0,0,0,0,0,0,0,0,0,0,0,0
ENSMUSG00000067878,Map7d3,19,30,20,14,10,25,9,8,15,18,19,22
ENSMUSG00000039382,Wdr45,46,52,60,60,47,28,52,51,28,26,37,37
ENSMUSG00000109493,Gm45208,0,0,0,0,0,0,0,0,0,0,0,0
ENSMUSG00000031149,Praf2,92,89,44,62,106,56,88,76,79,53,99,89
ENSMUSG00000053852,Adgrg4,0,0,0,0,1,0,0,0,0,0,0,0
ENSMUSG00000031298,Adgrg2,2,6,5,8,1,1,3,1,1,2,2,0
ENSMUSG00000031130,Brs3,0,0,0,0,0,2,0,0,0,0,0,0
ENSMUSG00000087505,Gm15241,1,0,0,0,1,1,0,0,0,0,0,1
ENSMUSG00000031150,Ccdc120,6,10,2,3,7,3,3,3,9,4,3,5
ENSMUSG00000082617,Smt3h2-ps,0,1,0,0,0,3,1,1,0,2,0,1
ENSMUSG00000067873,Htatsf1,1470,1599,1205,1157,1325,1384,1278,1387,1504,1428,1489,1328
ENSMUSG00000031434,Morc4,3,3,2,0,3,4,3,2,1,0,1,2
ENSMUSG00000031131,Vgll1,0,0,0,0,0,0,0,0,0,0,0,0
ENSMUSG00000085808,Gm14718,150,172,194,191,118,148,167,179,157,168,85,92
ENSMUSG00000031132,Cd40lg,1517,1808,1445,1633,1039,665,1355,1510,1361,1406,823,738
ENSMUSG00000004221,Ikbkg,1009,1020,860,867,767,399,688,792,863,816,824,710
ENSMUSG00000031400,G6pdx,978,1048,811,874,828,497,911,1019,956,766,926,808
ENSMUSG00000079536,Ctag2l1,0,0,0,0,0,0,0,0,0,0,0,0
ENSMUSG00000082707,Gm6881,0,0,2,2,0,1,0,0,0,0,0,1
ENSMUSG00000083283,Gm15361,0,0,0,0,0,0,0,0,0,0,0,0
ENSMUSG00000083768,Gm15362,0,0,0,0,0,0,0,0,0,0,0,0
ENSMUSG00000082447,Gm15364,0,0,0,0,0,0,0,0,0,0,0,0
ENSMUSG00000065291,Gm26125,0,0,0,0,0,0,0,0,0,0,0,0
ENSMUSG00000031433,Rbm41,265,283,221,288,250,263,154,260,224,253,253,223
ENSMUSG00000085066,Gm4989,0,0,0,0,0,0,0,0,0,0,0,0
ENSMUSG00000081374,Gm15011,0,0,0,0,0,0,0,0,0,0,0,0
ENSMUSG00000043715,Olfr1326-ps1,0,0,0,0,0,0,0,0,0,0,0,0
ENSMUSG00000051706,Olfr1325,0,0,0,0,0,0,0,0,0,0,0,0
ENSMUSG00000077462,Gm26417,0,0,0,0,0,0,0,0,0,0,0,0
ENSMUSG00000079534,Gm5640,0,0,0,0,0,0,0,0,0,0,0,0
ENSMUSG00000081804,Xlr5d-ps,0,0,0,0,0,0,0,0,0,0,0,0
ENSMUSG00000080072,Spin2-ps2,0,0,0,0,0,0,0,0,0,0,0,0
ENSMUSG00000083847,Xlr3d-ps,0,0,0,0,0,0,0,0,0,0,0,0
ENSMUSG00000080777,Gm15365,0,0,0,0,0,0,2,0,0,0,0,0
ENSMUSG00000065859,Gm22351,0,0,0,0,0,0,0,0,0,0,0,0
ENSMUSG00000084066,Xlr4d-ps,0,0,0,0,0,0,0,0,0,0,0,0
ENSMUSG00000079532,Ctag2l2,0,0,0,0,0,0,0,0,0,0,0,0
ENSMUSG00000082288,Gm14755,0,0,0,0,0,0,0,0,0,0,0,0
ENSMUSG00000082427,Olfr1327-ps1,0,0,0,0,0,0,0,0,0,0,0,0
ENSMUSG00000082910,Gm14758,0,0,0,0,0,0,0,0,0,0,0,0
ENSMUSG00000081814,Gm14695,0,0,0,0,0,0,0,0,0,0,0,0
ENSMUSG00000031295,Phka2,371,381,301,303,344,169,216,292,310,287,303,299
ENSMUSG00000082170,Gm8617,0,0,0,0,0,0,0,0,0,0,0,0
ENSMUSG00000031133,Arhgef6,939,1030,891,908,929,700,836,1063,959,919,1027,949
ENSMUSG00000086081,Spin2-ps3,0,0,0,0,0,0,0,0,0,0,0,0
ENSMUSG00000085695,Gm15243,0,0,0,0,0,0,0,0,1,0,0,0
ENSMUSG00000081612,Xlr5e-ps,0,0,0,0,0,0,0,0,0,0,0,0
ENSMUSG00000079531,Gm5936,0,0,0,0,0,0,0,0,0,0,0,0
ENSMUSG00000080822,Gm14694,0,0,0,0,0,0,0,0,0,0,0,0
ENSMUSG00000081832,Gm6897,0,0,0,0,0,0,0,0,0,0,0,0
ENSMUSG00000080193,Gm14756,0,0,0,0,0,0,0,0,0,0,0,0
ENSMUSG00000085877,Spin2-ps4,0,0,0,0,0,0,0,0,0,0,0,0
ENSMUSG00000081940,Xlr3e-ps,0,0,0,0,0,1,0,0,0,0,0,0
ENSMUSG00000081357,Xlr4e-ps,4,5,2,2,1,1,3,7,2,7,1,1
ENSMUSG00000083981,Gm15363,0,0,0,0,0,0,0,0,0,0,0,0
ENSMUSG00000072944,Nup62cl,1,3,3,3,3,1,3,1,1,0,0,1
ENSMUSG00000042433,Pih1h3b,0,0,0,0,0,0,0,0,0,0,0,0
ENSMUSG00000081761,Gm6298,1,1,0,1,2,0,0,0,0,0,0,1
ENSMUSG00000086441,Gm15046,0,0,0,0,0,0,0,0,0,0,0,0
ENSMUSG00000093102,Mir3475,0,0,0,0,0,0,0,0,0,0,0,0
ENSMUSG00000062168,Ppef1,2,0,0,0,2,0,0,0,0,0,2,0
ENSMUSG00000083945,Gm15242,0,0,0,0,0,0,0,0,0,0,0,0
ENSMUSG00000082449,Gm15244,0,0,0,0,0,0,0,0,0,0,0,0
ENSMUSG00000031293,Rs1,0,1,0,0,0,1,0,0,0,0,0,0
ENSMUSG00000042425,Frmpd3,0,1,0,0,0,2,0,1,1,1,0,0
ENSMUSG00000082031,Gm8097,0,2,1,3,2,0,1,1,4,0,2,0
ENSMUSG00000032750,Gab3,24,29,23,13,25,26,21,21,35,17,22,20
ENSMUSG00000119217,#N/A,0,0,0,0,0,0,0,0,0,0,0,0
ENSMUSG00000082873,Gm15367,0,0,0,0,0,0,0,0,0,0,0,0
ENSMUSG00000031432,Prps1,1628,1989,1662,1588,1904,1014,1691,1748,1743,1556,1784,1571
ENSMUSG00000031431,Tsc22d3,40,53,44,57,59,26,38,46,44,25,55,47
ENSMUSG00000118524,AL683809.1,0,0,0,0,0,0,0,0,0,0,0,0
ENSMUSG00000081408,Gm15047,0,1,0,0,0,0,0,0,0,0,0,0
ENSMUSG00002076100,#N/A,0,0,0,0,0,0,0,0,0,0,0,0
ENSMUSG00000000134,Tfe3,844,968,642,653,689,308,648,700,744,771,622,594
ENSMUSG00000031403,Dkc1,9237,10070,7754,8109,8123,6640,7937,8162,9056,8612,8492,7512
ENSMUSG00000000266,Mid2,190,206,222,210,143,128,95,122,117,115,97,92
ENSMUSG00000089437,Gm23199,0,0,1,0,0,0,0,0,0,0,0,0
ENSMUSG00000089014,Gm25520,2,3,0,3,4,1,1,3,1,3,3,1
ENSMUSG00000085146,Eif2c5,0,0,0,0,0,0,0,0,0,0,0,0
ENSMUSG00000031134,Rbmx,690,793,583,634,853,734,716,831,810,729,967,861
ENSMUSG00000031292,Cdkl5,154,155,172,201,251,180,131,227,150,146,180,132
ENSMUSG00000065110,Snord61,0,0,0,0,0,0,0,0,0,0,0,0
ENSMUSG00000055691,Gja6,3,3,7,6,2,1,5,5,2,2,2,8
ENSMUSG00000079584,Gm364,0,0,0,0,0,0,0,0,1,0,0,0
ENSMUSG00000036357,Gpr101,0,0,0,3,0,1,0,0,0,0,1,0
ENSMUSG00000081100,Gm14630,0,0,0,0,0,0,0,0,0,0,0,0
ENSMUSG00000081896,Gm5389,1,0,0,1,1,0,2,0,5,0,0,2
ENSMUSG00000084103,Gm14629,0,0,0,0,0,0,0,0,0,0,0,0
ENSMUSG00000080710,Gm8107,0,0,0,0,0,0,1,0,1,0,0,1
ENSMUSG00000084394,Gm8111,0,0,1,0,0,0,0,1,0,0,0,0
ENSMUSG00000083821,Gm14631,0,0,0,0,0,0,0,0,0,0,0,0
ENSMUSG00000119893,#N/A,0,0,0,0,0,0,0,0,0,0,0,0
ENSMUSG00000067860,Zic3,0,0,0,0,0,1,0,0,0,0,0,0
ENSMUSG00000081837,Gm14649,0,0,0,0,0,0,0,0,0,0,0,0
ENSMUSG00000084044,Gm14647,0,0,0,0,0,0,0,0,0,0,0,0
ENSMUSG00000119633,#N/A,0,0,0,0,0,0,0,0,0,0,0,0
ENSMUSG00000084305,Gm14645,0,0,0,0,0,0,0,0,0,0,0,0
ENSMUSG00000081373,Gm16436,0,0,0,0,0,0,1,0,0,0,0,0
ENSMUSG00000083982,Gm14650,2,5,7,4,2,0,1,3,3,1,4,1
ENSMUSG00000083843,Gm7071,0,0,0,0,0,0,0,0,0,0,0,0
ENSMUSG00002075721,#N/A,0,0,0,0,0,0,0,0,0,0,0,0
ENSMUSG00000031402,Mpp1,333,371,351,360,263,145,422,441,339,275,251,224
ENSMUSG00000083416,Gm15378,0,0,0,0,0,0,0,0,0,0,0,0
ENSMUSG00000080254,Fam220-ps,0,0,0,0,0,0,0,0,0,0,0,0
ENSMUSG00000073094,Smim9,0,0,0,0,0,0,0,0,0,0,0,0
ENSMUSG00000082244,Gm8503,0,1,0,0,1,0,0,1,0,1,0,0
ENSMUSG00000031137,Fgf13,61,76,67,79,77,60,63,91,47,51,57,69
ENSMUSG00002075757,#N/A,0,0,0,0,0,0,0,0,0,0,0,0
ENSMUSG00002076133,#N/A,0,0,0,0,0,0,0,0,0,0,0,0
ENSMUSG00000083366,Gm14887,0,0,0,0,0,0,0,0,0,0,0,0
ENSMUSG00000031138,F9,0,0,0,0,0,1,0,0,0,0,0,0
ENSMUSG00000046993,Gm5637,9,15,15,15,16,2,14,8,12,15,7,4
ENSMUSG00000081341,Gm14891,0,0,0,0,0,0,0,0,0,0,0,0
ENSMUSG00000031273,Col4a6,0,0,0,0,0,0,0,0,0,0,0,0
ENSMUSG00000082223,Gm15079,0,0,0,0,0,0,0,0,0,0,0,0
ENSMUSG00000000037,Scml2,16,16,13,12,13,6,10,15,20,9,12,2
ENSMUSG00000080983,Gm5419,0,0,0,0,0,0,0,0,0,0,0,0
ENSMUSG00000031196,F8,9,3,4,6,4,7,5,5,5,11,8,4
ENSMUSG00000083736,Gm6039,0,0,0,2,0,3,0,0,0,0,1,1
ENSMUSG00000081633,Gm8522,2,1,2,0,1,0,1,2,0,3,2,0
ENSMUSG00000108981,Gm15262,1,0,1,0,0,2,0,1,0,0,0,0
ENSMUSG00000081845,Prkaca-ps1,0,0,0,0,0,1,0,0,0,0,0,0
ENSMUSG00000031198,Fundc2,586,737,667,683,636,416,743,809,687,641,626,553
ENSMUSG00000043518,Rai2,0,2,2,0,0,0,0,3,1,0,1,1
ENSMUSG00000086540,Scml1,0,0,0,0,0,1,0,0,0,0,0,0
ENSMUSG00000090110,Cmc4,41,48,55,32,41,42,44,50,43,43,54,61
ENSMUSG00000059493,Nhs,0,0,0,0,0,4,0,0,0,0,0,0
ENSMUSG00000087571,Gm15202,0,0,0,0,0,0,0,0,0,0,0,0
ENSMUSG00000119084,#N/A,0,0,0,0,0,0,0,0,0,0,0,0
ENSMUSG00000119452,#N/A,0,0,0,0,0,0,0,0,0,0,0,0
ENSMUSG00002076355,#N/A,0,0,0,0,0,0,0,0,0,0,0,0
ENSMUSG00002075955,#N/A,0,0,0,0,0,0,0,0,0,0,0,0
ENSMUSG00000082625,Gm15204,0,2,2,1,0,1,1,0,1,1,2,1
ENSMUSG00000031153,Gripap1,966,1049,824,770,888,782,689,880,935,813,1014,889
ENSMUSG00000031139,Mcf2,2,0,0,0,0,2,2,0,0,0,0,0
ENSMUSG00000031200,Mtcp1,116,121,121,104,102,99,79,127,106,106,168,125
ENSMUSG00000080645,Mir1198,0,0,1,0,0,2,0,2,0,0,2,2
ENSMUSG00000009731,Kcnd1,25,26,34,39,37,17,18,23,29,30,23,35
ENSMUSG00000040855,Reps2,0,0,0,0,0,1,0,2,0,0,1,0
ENSMUSG00000059461,Gm7331,28,42,25,35,27,24,40,35,23,34,44,37
ENSMUSG00000082007,Gm15206,0,0,0,0,0,0,0,0,0,0,0,0
ENSMUSG00000083963,Gm15203,0,0,0,0,0,0,0,0,0,0,0,0
ENSMUSG00002076833,#N/A,0,0,0,0,0,0,0,0,0,0,0,0
ENSMUSG00002075276,#N/A,0,0,0,0,0,0,0,0,0,0,0,0
ENSMUSG00000082571,Gm8737,1,0,0,0,0,0,0,0,0,1,0,0
ENSMUSG00000086034,Gm15201,0,0,0,0,0,0,0,0,0,0,0,0
ENSMUSG00002076423,#N/A,0,0,0,0,0,0,0,0,0,0,0,0
ENSMUSG00000104536,Gm23786,0,0,0,0,0,0,0,0,0,0,0,0
ENSMUSG00000031201,Brcc3,763,850,627,617,725,807,632,709,759,800,971,851
ENSMUSG00000082208,Gm15379,1,1,0,0,1,1,0,0,0,2,2,1
ENSMUSG00000083093,Gm15385,0,0,0,0,1,0,0,3,0,0,0,1
ENSMUSG00000048709,Gm8666,0,0,1,1,0,0,0,0,0,0,0,1
ENSMUSG00000031154,Otud5,2381,2623,2380,2371,2160,1175,2179,2666,2421,2270,2256,2026
ENSMUSG00000031274,Col4a5,0,0,0,0,1,8,0,0,0,0,0,0
ENSMUSG00000031155,Pim2,1258,1309,1376,1491,1092,361,1522,1630,1195,1101,1292,1180
ENSMUSG00000081217,Gm15268,0,0,0,0,1,0,0,0,0,0,0,0
ENSMUSG00000081803,Gm15282,0,0,0,0,0,0,0,0,0,0,0,0
ENSMUSG00000062949,Atp11c,1228,1183,952,937,952,913,695,1103,964,1075,1030,951
ENSMUSG00000054667,Irs4,0,0,0,0,0,1,0,0,0,0,0,0
ENSMUSG00000086426,Gm15295,0,0,0,0,0,0,0,0,0,0,0,0
ENSMUSG00000119039,#N/A,0,0,0,0,0,0,0,0,0,0,0,0
ENSMUSG00000070081,Mir505,0,0,0,0,0,0,0,0,0,0,0,0
ENSMUSG00000031197,Vbp1,1307,1414,1207,1206,1351,920,1316,1231,1385,1280,1297,1187
ENSMUSG00000080775,Gm6368,6,11,4,9,6,14,10,10,10,4,8,6
ENSMUSG00000086573,Gm15384,1,1,1,0,0,0,0,1,0,1,0,3
ENSMUSG00000082291,Gm5762,0,0,0,0,0,0,0,0,0,0,0,0
ENSMUSG00000083026,Gm6373,0,0,0,0,0,0,0,0,0,0,0,0
ENSMUSG00000079583,Gm7073,0,0,0,0,0,0,0,0,0,0,0,0
ENSMUSG00000031202,Rab39b,170,133,148,157,101,56,88,120,124,137,98,103
ENSMUSG00000086937,Gm15063,0,2,0,0,0,1,2,0,1,1,1,0
ENSMUSG00000077406,Gm25421,0,0,0,0,0,0,0,0,0,0,0,0
ENSMUSG00000082551,Gm15065,0,0,0,0,0,0,0,0,0,0,0,0
ENSMUSG00000031353,Rbbp7,5213,6400,4739,4776,5350,3303,5020,5119,5693,5089,5429,5034
ENSMUSG00000081323,Rpl7l1-ps1,0,0,0,1,0,0,0,0,0,0,0,0
ENSMUSG00000087401,Gm14664,0,0,0,0,0,0,0,0,0,0,0,0
ENSMUSG00000087396,4933407K13Rik,74,52,52,49,48,36,46,67,38,39,60,46
ENSMUSG00000083543,Gm14663,0,0,0,0,0,0,0,0,0,0,0,0
ENSMUSG00000081996,Gm7153,0,0,0,0,0,0,0,0,0,0,0,0
ENSMUSG00000118604,BX322656.1,0,0,0,0,0,0,0,0,0,0,0,0
ENSMUSG00000042282,Gucy2f,0,0,0,0,1,2,0,0,0,0,1,0
ENSMUSG00000082675,Gm6382,2,5,7,6,6,5,5,10,1,8,0,3
ENSMUSG00000082890,Gm15014,0,0,0,0,0,0,0,0,0,0,0,0
ENSMUSG00000071753,Cdr1os,0,0,1,0,1,0,0,0,0,0,2,0
ENSMUSG00002076010,#N/A,0,0,0,0,0,0,0,0,0,0,0,0
ENSMUSG00000090546,Cdr1,0,0,0,0,0,0,0,0,0,0,0,0
ENSMUSG00000118608,BX682230.1,0,0,0,0,0,0,0,0,0,0,0,0
ENSMUSG00000082092,Gm14665,0,0,0,0,0,0,0,0,0,0,0,0
ENSMUSG00000083343,Gm14666,0,0,0,0,0,0,0,0,0,0,0,0
ENSMUSG00000080910,Gm14821,0,0,0,0,0,0,0,0,0,0,0,0
ENSMUSG00000083158,Gm14655,0,0,0,0,0,0,0,0,0,0,0,0
ENSMUSG00000042271,Nxt2,123,121,138,147,142,120,97,174,121,110,94,102
ENSMUSG00000057615,Ldoc1,0,0,0,0,0,0,0,0,0,0,0,0
ENSMUSG00000050900,Gm7327,11,8,16,11,12,2,6,13,14,7,7,17
ENSMUSG00000083311,Gm5643,0,4,2,1,2,2,1,2,1,1,1,0
ENSMUSG00000082467,Gm6743,1,1,0,0,0,2,0,0,0,0,0,0
ENSMUSG00000090122,Kcne1l,0,0,0,0,0,0,0,0,0,0,0,0
ENSMUSG00000118848,#N/A,0,0,0,0,1,0,0,0,0,0,1,0
ENSMUSG00000081409,Gm8215,0,0,0,0,0,0,0,0,0,0,0,0
ENSMUSG00000031156,Slc35a2,249,270,236,209,216,74,186,200,179,178,232,186
ENSMUSG00000083617,Gm5390,0,0,0,0,0,0,0,0,0,0,0,0
ENSMUSG00000082168,Gm14656,0,0,0,0,0,0,0,0,0,0,0,0
ENSMUSG00000083576,Gm16411,0,0,0,0,0,0,0,0,0,0,0,0
ENSMUSG00000045330,4933402E13Rik,0,0,0,0,0,0,0,0,0,0,0,0
ENSMUSG00000082125,Gm14679,0,0,0,0,0,0,0,0,0,0,0,0
ENSMUSG00000031194,4931400O07Rik,0,0,0,0,0,0,0,0,0,0,0,0
ENSMUSG00000085757,Tslrn1,0,0,0,0,0,0,0,0,0,0,0,0
ENSMUSG00000081001,Gm14678,0,0,0,0,0,0,0,0,0,0,0,0
ENSMUSG00000081765,Gm14677,0,0,0,0,0,0,0,0,0,0,0,0
ENSMUSG00000038344,Txlng,388,415,393,392,303,369,319,392,329,283,362,310
ENSMUSG00000081752,Sms-ps,9,13,2,8,10,1,11,10,8,4,6,6
ENSMUSG00000082620,Gm8244,0,0,0,0,0,0,0,0,0,0,0,0
ENSMUSG00000082965,Gm6754,0,0,0,0,0,0,0,0,0,0,0,0
ENSMUSG00000084022,Gm16459,0,0,0,2,0,0,0,0,1,0,0,0
ENSMUSG00000082539,Gm15207,0,0,0,0,0,0,0,0,0,0,0,0
ENSMUSG00000081269,Gm14659,0,0,0,0,0,0,0,0,0,0,0,0
ENSMUSG00000088195,Gm23901,0,0,0,0,0,0,0,0,0,0,0,0
ENSMUSG00000084396,Gm14657,0,0,0,0,0,0,0,0,0,0,0,0
ENSMUSG00000083346,Gm8260,0,1,1,0,1,0,0,0,0,0,0,0
ENSMUSG00000079579,Gm6760,0,0,0,0,0,0,0,0,0,0,0,0
ENSMUSG00000031357,Syap1,540,514,369,341,338,323,362,384,459,450,405,378
ENSMUSG00000092752,Mir3473a,0,0,0,0,0,0,0,0,0,0,0,0
ENSMUSG00000081917,Gm15209,0,0,0,0,0,0,0,0,0,0,0,0
ENSMUSG00000031179,3830417A13Rik,0,0,0,0,0,1,0,0,0,0,0,0
ENSMUSG00000046699,Slitrk4,0,0,0,0,0,0,0,0,0,0,0,0
ENSMUSG00000084459,Gm24598,0,0,0,0,0,0,0,0,0,0,0,0
ENSMUSG00000082269,Gm14676,0,0,0,0,0,0,0,0,1,0,0,0
ENSMUSG00000065903,Gm26111,0,0,0,0,0,0,0,0,0,0,0,0
ENSMUSG00000083084,Gm14667,0,0,0,0,0,0,0,0,0,0,0,0
ENSMUSG00000081514,Gm14673,0,1,0,0,1,0,0,0,0,0,1,0
ENSMUSG00000031181,Ctag2,0,0,0,0,0,0,0,0,0,0,0,0
ENSMUSG00000080828,Gm14669,0,0,0,0,0,0,0,0,0,0,0,0
ENSMUSG00000083074,Gm14670,0,0,0,0,0,0,0,0,0,0,0,0
ENSMUSG00000083243,Gm14668,0,0,0,0,0,0,0,0,0,0,0,0
ENSMUSG00000083570,Gm14671,0,0,0,0,0,0,0,0,0,0,0,0
ENSMUSG00000082863,Gm14674,0,0,0,0,0,0,0,0,0,0,0,0
ENSMUSG00000031182,4930447F04Rik,0,0,0,0,0,0,0,0,0,0,0,0
ENSMUSG00002075249,#N/A,0,0,0,0,0,0,0,0,0,0,0,0
ENSMUSG00000036790,Slitrk2,0,0,0,0,0,0,0,0,0,0,0,0
ENSMUSG00000087708,Gm23000,0,0,0,0,0,0,0,0,0,0,0,0
ENSMUSG00000084074,Gm8310,0,0,0,0,0,0,0,0,0,0,0,0
ENSMUSG00000077127,Mir743,0,0,0,0,0,0,0,0,0,0,0,0
ENSMUSG00000119547,#N/A,0,0,0,0,0,0,0,0,0,0,0,0
ENSMUSG00000031157,Pqbp1,1013,1032,748,808,903,871,909,937,1046,957,1054,926
ENSMUSG00000081603,Gm14681,303,184,144,137,177,46,119,142,293,294,132,301
ENSMUSG00000077092,Mir742,0,0,0,0,0,0,0,0,0,0,0,0
ENSMUSG00000078017,Mir883a,0,0,0,0,0,0,0,0,0,0,0,0
ENSMUSG00000078024,Mir883b,0,0,0,0,0,0,0,0,0,0,0,0
ENSMUSG00000070104,Mir471,0,0,0,0,0,0,0,0,0,0,0,0
ENSMUSG00000077119,Mir741,0,0,0,0,0,0,0,0,0,0,0,0
ENSMUSG00000070078,Mir463,0,0,0,0,0,0,0,0,0,0,0,0
ENSMUSG00000078002,Mir880,0,0,0,0,0,0,0,0,0,0,0,0
ENSMUSG00000077872,Mir878,0,0,0,0,0,0,0,0,0,0,0,0
ENSMUSG00000078038,Mir881,0,0,0,0,0,0,0,0,0,0,0,0
ENSMUSG00000119361,#N/A,0,0,0,0,0,0,0,0,0,0,0,0
ENSMUSG00000070073,Mir470,0,0,0,0,0,0,0,0,0,0,0,0
ENSMUSG00000106642,Mir465d,0,0,0,0,0,0,0,0,0,0,0,0
ENSMUSG00000119071,#N/A,0,0,0,0,0,0,0,0,0,0,0,0
ENSMUSG00000016382,Pls3,10,6,4,5,2,2,2,4,5,8,4,4
ENSMUSG00000119524,#N/A,0,0,0,0,0,0,0,0,0,0,0,0
ENSMUSG00000119436,#N/A,0,0,0,0,0,0,0,0,0,0,0,0
ENSMUSG00000119887,#N/A,0,0,0,0,0,0,0,0,0,0,0,0
ENSMUSG00000077650,Gm23320,0,0,0,0,0,0,0,0,0,0,0,0
ENSMUSG00000070071,Mir465,0,0,0,0,0,0,0,0,0,0,0,0
ENSMUSG00000080795,Gm6783,0,0,1,0,1,0,0,0,1,0,0,2
ENSMUSG00000083544,Oat-rs1,0,0,0,0,0,0,0,0,0,0,0,0
ENSMUSG00000081442,Gm14682,0,0,0,0,0,0,0,0,0,0,0,0
ENSMUSG00000085598,Gm14715,0,0,0,0,0,0,0,0,0,0,0,0
ENSMUSG00000081598,Gm8312,0,0,0,0,0,0,0,0,0,0,0,0
ENSMUSG00000081106,Gm7155,0,0,0,0,0,0,0,0,0,1,0,0
ENSMUSG00000086185,1700036O09Rik,0,0,0,0,0,0,0,0,0,0,0,0
ENSMUSG00000082755,Gm8692,0,0,0,0,1,0,0,0,0,0,0,1
ENSMUSG00000087724,Gm26276,0,0,0,0,0,0,0,0,0,0,0,0
ENSMUSG00000083010,Gm14687,0,0,0,0,0,0,0,0,0,0,0,0
ENSMUSG00000084831,Gm14710,0,0,0,0,0,0,0,0,0,0,0,0
ENSMUSG00000079578,Gm1140,0,0,0,0,0,0,0,0,0,0,0,0
ENSMUSG00000082827,Gm5397,0,0,0,0,0,0,0,0,0,0,0,0
ENSMUSG00000031158,Timm17b,404,466,347,363,406,107,430,387,458,373,369,373
ENSMUSG00000083566,Gm14711,0,0,0,0,0,0,0,0,0,0,0,0
ENSMUSG00000086104,Gm14707,0,0,0,0,0,0,0,0,0,0,0,0
ENSMUSG00000079577,Gm14692,0,0,0,0,0,0,0,0,0,0,0,0
ENSMUSG00000082621,Rpl7a-ps13,1,0,1,1,0,0,1,1,0,0,0,0
ENSMUSG00000086207,Gm14717,0,0,0,0,0,0,0,0,0,0,0,0
ENSMUSG00000025288,4933436I01Rik,0,0,0,0,0,0,0,0,0,0,0,0
ENSMUSG00000065404,Mir201,0,0,0,0,0,0,0,0,0,0,0,0
ENSMUSG00000076005,Mir547,0,0,0,0,0,0,0,0,0,0,0,0
ENSMUSG00000083709,Gm14688,0,0,0,0,0,0,0,0,0,0,0,0
ENSMUSG00000106233,Mir509,0,0,0,0,0,0,0,0,0,0,0,0
ENSMUSG00000071738,Cldn34b3,0,0,0,0,0,0,0,0,0,0,0,0
ENSMUSG00000081061,Gm14712,0,0,0,0,0,0,0,0,0,0,0,0
ENSMUSG00000082202,Gm4910,0,0,0,1,0,0,0,1,0,0,0,0
ENSMUSG00000083333,Magea7-ps,0,0,0,0,0,0,0,0,0,0,0,0
ENSMUSG00000083912,Gm5391,3,19,13,10,17,12,17,17,5,1,11,4
ENSMUSG00000082444,Gm14709,0,0,0,0,0,0,0,0,0,0,0,0
ENSMUSG00000082794,Gm6806,0,0,0,0,0,0,0,0,0,0,0,0
ENSMUSG00000088697,Gm22332,0,0,0,0,0,0,0,0,0,0,0,0
ENSMUSG00000073291,Gm10491,0,0,0,0,0,0,0,0,0,0,0,0
ENSMUSG00000082162,Gm14701,0,0,0,0,0,0,0,0,0,0,0,0
ENSMUSG00000073290,Gm10490,0,0,0,0,0,0,0,0,0,0,1,0
ENSMUSG00000073085,Cldn34b4,0,0,0,0,0,0,0,0,0,0,0,0
ENSMUSG00000081084,Gm5638,1,0,1,0,1,0,3,1,2,1,1,2
ENSMUSG00000081175,Gm5793,0,0,0,0,0,0,0,0,0,0,0,0
ENSMUSG00002075022,#N/A,0,0,0,0,0,0,0,0,0,0,0,0
ENSMUSG00002075986,#N/A,0,0,0,0,0,0,0,0,0,0,0,0
ENSMUSG00000079525,Cldn34d,0,0,0,0,0,0,0,0,0,0,0,0
ENSMUSG00000082824,Gm14716,0,0,0,0,0,0,0,0,0,0,0,0
ENSMUSG00000039278,Pcsk1n,0,3,2,0,0,0,0,0,0,0,0,0
ENSMUSG00000083810,Gm14713,0,0,0,0,0,0,0,0,0,0,0,0
ENSMUSG00002075938,#N/A,0,0,0,0,0,0,0,0,0,0,0,0
ENSMUSG00000088530,Gm23280,0,0,0,0,0,0,0,0,0,0,0,0
ENSMUSG00000031160,Eras,0,0,0,0,0,0,0,0,0,0,0,0
ENSMUSG00000083482,Gm14706,0,0,1,0,0,0,0,0,0,0,0,0
ENSMUSG00000081697,Gm14714,0,0,0,0,0,0,0,0,0,0,0,0
ENSMUSG00000084202,Gm5398,0,0,0,0,0,0,0,0,0,0,0,0
ENSMUSG00000082517,Gm5757,0,0,0,1,0,0,0,0,0,0,0,0
ENSMUSG00000081622,Gm5937,0,0,0,0,0,0,0,0,0,0,0,0
ENSMUSG00000025246,Tbl1x,4858,5320,4411,4686,3880,3124,3231,4617,5046,5297,3565,3220
ENSMUSG00002076902,#N/A,0,0,0,0,0,0,0,0,1,1,0,0
ENSMUSG00000087152,Cldn34-ps,0,0,0,0,0,0,0,0,0,0,0,0
ENSMUSG00000081358,Gm14746,3,1,1,0,0,0,3,2,0,0,2,0
ENSMUSG00000082842,Gm14748,0,0,0,0,0,0,0,0,0,0,0,0
ENSMUSG00000081164,Gm8722,0,0,0,0,0,0,2,0,0,0,0,0
ENSMUSG00000035725,Prkx,771,857,637,671,516,369,539,685,581,563,565,459
ENSMUSG00000085973,Gm14742,0,0,0,0,0,0,0,0,0,0,0,0
ENSMUSG00000000003,Pbsn,0,0,0,0,0,0,0,0,0,0,0,0
ENSMUSG00000079522,Gm14744,0,0,0,0,0,0,0,0,0,0,0,0
ENSMUSG00000044121,5430402E10Rik,0,0,0,0,0,0,0,0,0,0,0,0
ENSMUSG00000082635,Gm14750,0,0,0,0,0,0,0,0,0,0,0,0
ENSMUSG00000081781,Gm14753,0,0,0,0,0,0,0,0,0,0,1,0
ENSMUSG00000080890,Gm16458,0,0,0,0,0,0,0,0,0,0,0,0
ENSMUSG00000067684,Obp1a,0,0,0,0,0,0,0,0,0,0,0,0
ENSMUSG00000031278,Acsl4,4276,4192,3676,3380,2905,2591,2744,3841,3447,3506,3809,3362
ENSMUSG00000079521,Gm5938,0,0,0,0,0,0,0,0,0,0,0,0
ENSMUSG00000067679,Obp1b,0,0,0,0,0,0,0,0,0,0,0,0
ENSMUSG00000082929,Gm6067,0,0,0,0,0,0,0,0,0,0,0,0
ENSMUSG00000071680,Gm7123,1,4,0,1,4,0,0,0,1,1,1,0
ENSMUSG00000081365,Gm15031,0,0,0,0,0,0,0,0,0,0,0,0
ENSMUSG00000077453,Gm25915,0,0,0,0,0,0,0,0,0,0,0,0
ENSMUSG00000079519,Gm14743,0,0,0,0,0,0,0,0,0,0,0,0
ENSMUSG00000081750,Gm4995,0,0,0,0,0,0,0,0,0,0,0,0
ENSMUSG00000083448,Gm8749,0,0,0,0,0,0,0,0,0,0,0,0
ENSMUSG00000081568,Gm15032,1,0,0,1,1,0,2,0,2,4,3,1
ENSMUSG00000035651,4930480E11Rik,0,0,0,0,0,0,0,0,0,0,0,0
ENSMUSG00000048600,Gm5763,5,6,7,5,8,1,3,8,6,10,5,5
ENSMUSG00000083927,Gm14749,0,0,0,0,0,0,0,0,0,0,0,0
ENSMUSG00000084019,Gm8754,0,0,0,0,0,0,0,0,0,0,0,0
ENSMUSG00000081881,Gm14752,0,1,0,0,0,0,1,0,1,0,0,0
ENSMUSG00000082865,Gm14745,0,0,0,0,0,0,0,0,0,0,0,0
ENSMUSG00000047996,Prrg1,53,52,39,35,48,57,51,58,44,43,73,54
ENSMUSG00002075818,#N/A,0,0,0,0,0,0,0,0,0,0,0,0
ENSMUSG00000084125,Gm8757,0,1,0,1,0,0,1,0,0,0,0,0
ENSMUSG00000082664,Gm8761,0,0,0,0,0,0,0,0,0,0,0,0
ENSMUSG00000085610,Gm14747,0,1,0,0,0,0,0,0,0,0,1,0
ENSMUSG00000078315,Fam47c,0,0,0,0,0,0,0,0,0,0,0,0
ENSMUSG00000082912,Gm8770,0,0,0,0,0,0,0,0,0,0,1,0
ENSMUSG00000083258,Gm5939,2,2,1,4,4,1,1,5,4,3,4,4
ENSMUSG00002076278,#N/A,0,0,0,0,0,0,0,0,0,0,0,0
ENSMUSG00000083067,Gm14751,0,0,0,0,0,0,0,0,0,0,0,0
ENSMUSG00000081049,Rps24-ps3,84,93,55,62,69,46,75,86,101,76,81,69
ENSMUSG00000073077,Cfap47,0,0,0,0,0,5,0,0,0,0,0,0
ENSMUSG00000031360,Ctps2,324,410,297,332,306,130,388,435,261,338,272,286
ENSMUSG00000046942,Mageb16,0,0,0,0,0,0,0,0,0,0,0,0
ENSMUSG00000082372,Gm4772,0,0,0,0,0,0,0,0,0,0,0,0
ENSMUSG00000080847,Gm4773,0,0,0,1,0,0,0,0,0,0,0,0
ENSMUSG00000081221,Gm14760,1,1,1,0,0,0,1,0,0,0,0,0
ENSMUSG00000047045,Tmem164,920,1046,809,684,708,288,719,840,784,745,758,678
ENSMUSG00000082346,Gm6952,0,0,0,0,0,0,0,0,0,0,0,0
ENSMUSG00000076011,Mir652,0,0,0,0,0,1,1,0,0,3,0,0
ENSMUSG00000083444,Gm14768,0,0,0,0,0,0,0,0,0,0,0,0
ENSMUSG00000081463,Gm15049,0,0,1,0,0,0,0,0,0,0,0,0
ENSMUSG00000040808,S100g,0,0,0,0,0,1,0,0,0,0,0,0
ENSMUSG00000081205,Gm5940,0,0,2,1,0,0,0,0,2,0,0,1
ENSMUSG00002076194,#N/A,0,0,0,0,0,0,0,0,0,0,0,0
ENSMUSG00000118912,#N/A,0,0,0,0,0,0,0,0,0,0,0,0
ENSMUSG00000083367,Gm8806,6,7,5,2,4,9,7,8,6,6,8,4
ENSMUSG00000083225,Gm15215,0,0,0,0,0,0,0,1,0,0,0,0
ENSMUSG00000084300,Gm6954,0,0,0,0,0,3,0,0,0,0,0,0
ENSMUSG00000082598,Gm15212,0,2,0,0,0,0,0,0,0,0,0,0
ENSMUSG00000083944,Gm14733,0,0,0,0,0,0,0,0,0,0,0,0
ENSMUSG00000082970,Gm15214,0,0,0,0,0,0,0,0,0,0,0,0
ENSMUSG00000089423,Gm26007,0,0,0,0,0,0,0,0,0,0,0,0
ENSMUSG00000080778,Gm7199,0,0,2,0,1,0,0,1,0,0,0,1
ENSMUSG00000042225,Ammecr1,743,636,525,477,522,476,428,597,601,537,652,578
ENSMUSG00002076851,#N/A,0,0,0,0,0,0,0,0,0,0,0,0
ENSMUSG00000085584,Rtl9,0,0,0,1,0,0,0,0,0,0,0,0
ENSMUSG00000031364,Grpr,0,0,0,0,1,0,0,0,0,0,0,1
ENSMUSG00000083089,Gm4760,0,2,1,1,1,0,1,1,0,0,1,1
ENSMUSG00000083695,Rnf138rt1,0,0,0,0,0,0,0,0,0,0,0,0
ENSMUSG00000081699,Gm15213,0,0,0,0,0,0,0,0,0,0,0,0
ENSMUSG00000025666,Tmem47,0,1,0,0,1,1,0,0,0,0,0,0
ENSMUSG00000083637,Gm14754,0,0,0,0,0,0,0,0,0,0,0,0
ENSMUSG00000060673,4930595M18Rik,0,0,0,0,1,0,0,0,0,0,0,0
ENSMUSG00000082319,Gm8822,48,20,8,9,13,20,13,14,33,55,13,34
ENSMUSG00000083877,Gm14740,0,0,0,0,0,0,0,0,0,0,0,0
ENSMUSG00000082913,Gm14739,0,0,0,0,0,0,0,0,0,0,0,0
ENSMUSG00000077674,Gm24470,0,0,0,0,0,0,0,0,0,0,0,0
ENSMUSG00000083587,Gm14741,0,0,0,0,0,0,0,0,0,0,0,0
ENSMUSG00002076553,#N/A,0,0,0,0,0,0,0,0,0,0,0,0
ENSMUSG00000031367,Ap1s2,385,351,262,253,213,250,180,248,293,280,334,273
ENSMUSG00000031161,Hdac6,152,141,118,134,145,51,147,184,168,128,177,154
ENSMUSG00000082054,Psmb6-ps,0,0,0,0,0,0,0,0,2,1,0,0
ENSMUSG00000031162,Gata1,25,33,18,26,22,7,40,29,28,15,25,13
ENSMUSG00000031163,Glod5,0,0,0,0,0,1,0,0,0,0,1,0
ENSMUSG00000083518,Gm9429,0,0,0,0,0,0,0,0,0,0,0,0
ENSMUSG00000080877,Rpl22-ps1,3,5,2,5,8,0,9,1,3,5,4,4
ENSMUSG00000082404,Gm14799,0,0,0,0,0,0,0,0,0,0,0,0
ENSMUSG00000031370,Zrsr2,942,1026,784,753,838,907,786,813,941,812,937,831
ENSMUSG00000087193,Gm14820,1,0,0,1,3,0,1,0,3,0,1,0
ENSMUSG00000068243,Gm7079,3,0,0,1,1,0,1,2,2,0,0,1
ENSMUSG00000031373,Car5b,89,89,69,70,36,14,59,59,55,54,18,28
ENSMUSG00000031283,Chrdl1,0,0,0,0,0,0,0,0,0,0,0,0
ENSMUSG00000040749,Siah1b,193,173,179,160,182,91,219,219,188,144,170,150
ENSMUSG00000088047,Gm23325,0,0,0,0,0,0,0,0,0,0,0,0
ENSMUSG00000015401,Cltrn,4,3,5,1,1,9,3,4,0,2,4,3
ENSMUSG00002076347,#N/A,0,0,0,0,0,0,0,0,0,0,0,0
ENSMUSG00000000838,Fmr1,1676,1484,1321,1235,1280,1599,1193,1496,1408,1566,1748,1603
ENSMUSG00000039231,Suv39h1,1399,1461,1571,1573,1934,864,1759,1928,1403,1272,1609,1498
ENSMUSG00002076413,#N/A,0,0,0,0,0,0,0,0,0,0,0,0
ENSMUSG00000031165,Was,2082,2112,1452,1532,1440,754,1725,1767,2006,1725,1723,1616
ENSMUSG00002076242,#N/A,0,0,0,0,0,0,0,0,0,0,0,0
ENSMUSG00000086404,Gm6787,3,1,0,1,2,2,4,0,1,4,3,1
ENSMUSG00000081042,Psmb7-ps2,0,0,1,1,1,0,0,0,0,0,0,0
ENSMUSG00000062170,Fmr1nb,0,0,3,3,0,0,1,0,0,0,0,0
ENSMUSG00000083046,Gm14699,2,3,2,1,2,1,3,3,4,4,0,5
ENSMUSG00000071748,Gm14698,3,1,1,3,0,5,1,1,1,0,4,5
ENSMUSG00000056815,Gm6812,0,0,0,0,0,0,0,0,0,0,0,0
ENSMUSG00000082228,Gm8344,0,0,0,0,0,0,0,0,0,0,0,0
ENSMUSG00000065689,n-R5s7,0,0,0,0,0,0,0,0,0,0,0,0
ENSMUSG00000086676,Gm14705,0,0,0,0,0,3,0,0,0,0,1,0
ENSMUSG00000031189,Aff2,0,0,0,0,0,0,0,0,0,0,0,0
ENSMUSG00000045103,Dmd,14,12,16,10,21,15,11,9,9,16,19,8
ENSMUSG00000082926,Gm8172,0,0,1,1,0,1,3,1,0,0,1,0
ENSMUSG00000100511,1700111N16Rik,0,0,0,0,0,0,0,0,0,0,0,0
ENSMUSG00002076782,#N/A,0,0,0,0,0,0,0,0,0,0,0,0
ENSMUSG00000059690,1700020N15Rik,0,0,0,0,0,0,0,0,0,0,0,0
ENSMUSG00000035522,Tsga8,0,0,0,0,0,0,0,0,0,0,0,0
ENSMUSG00000119338,#N/A,0,0,0,0,0,0,0,0,0,0,0,0
ENSMUSG00000081583,Gm14769,0,1,0,0,0,0,0,1,1,0,0,0
ENSMUSG00000084281,Gm14770,0,0,0,0,0,0,0,0,0,0,0,0
ENSMUSG00000081379,Gm14771,0,0,0,0,0,0,0,0,0,0,0,0
ENSMUSG00000082139,Gm16463,0,0,0,0,0,0,0,2,0,0,0,0
ENSMUSG00000035491,Fthl17a,0,0,0,0,0,0,0,0,0,0,0,0
ENSMUSG00000083839,Gm14765,0,0,0,0,0,0,0,0,0,0,0,0
ENSMUSG00000035847,Ids,358,349,238,248,218,205,222,321,352,288,335,322
ENSMUSG00000035476,Tab3,739,809,640,604,509,590,392,596,579,669,592,516
ENSMUSG00002076546,#N/A,0,0,0,0,0,0,0,0,0,0,0,0
ENSMUSG00000045237,1110012L19Rik,79,110,77,73,99,29,80,85,112,63,77,76
ENSMUSG00000073141,4930567H17Rik,0,0,0,0,0,0,0,0,0,0,0,0
ENSMUSG00000081199,Gm16407,0,0,0,0,0,0,0,0,0,0,0,0
ENSMUSG00000082538,Gm14704,0,0,0,0,0,0,0,0,0,0,0,0
ENSMUSG00000084193,Gm6823,0,0,0,0,0,0,0,0,0,0,0,0
ENSMUSG00000086989,Gm16441,0,0,0,0,0,0,0,0,0,0,0,0
ENSMUSG00000082770,Gm14722,0,0,0,0,0,0,0,0,0,0,0,0
ENSMUSG00000082713,Gm14721,0,0,0,0,0,0,0,0,0,0,0,0
ENSMUSG00000031166,Wdr13,420,503,377,358,408,244,291,391,419,366,440,436
ENSMUSG00000015405,Ace2,0,0,0,0,1,7,0,0,0,0,0,0
ENSMUSG00000073139,Tmem185a,341,413,275,291,313,121,239,339,299,296,281,277
ENSMUSG00000083747,Gm14727,0,0,0,0,0,0,0,0,0,0,0,0
ENSMUSG00000083784,Gm14729,0,0,0,0,0,0,0,0,0,0,0,0
ENSMUSG00000087325,Gm6038,0,0,0,0,0,0,0,0,0,0,0,0
ENSMUSG00000082336,Gm8401,0,0,1,1,0,0,0,0,0,0,0,0
ENSMUSG00000080843,Gm14726,0,0,0,0,0,0,0,0,0,0,0,0
ENSMUSG00000083119,Gm14724,0,0,0,0,0,0,0,0,0,0,0,0
ENSMUSG00000082652,Gm14725,0,0,0,0,0,0,0,0,0,0,0,0
ENSMUSG00000082083,Gm14728,0,0,0,0,0,0,0,0,0,0,0,0
ENSMUSG00000081464,Gm14732,0,0,0,0,0,0,0,0,0,0,0,0
ENSMUSG00000082822,Gm14731,0,0,0,0,0,0,0,0,0,0,0,0
ENSMUSG00000084185,Rplp1-ps1,1,5,0,0,0,0,1,2,2,2,1,1
ENSMUSG00000077275,Gm22785,0,0,0,0,0,0,0,0,0,0,0,0
ENSMUSG00000083406,Gm8410,0,0,0,0,0,0,0,0,0,0,0,0
ENSMUSG00000080938,Gm6062,0,0,0,0,0,0,0,1,0,0,1,0
ENSMUSG00000031377,Bmx,0,1,0,0,0,0,0,0,0,0,0,0
ENSMUSG00002075879,#N/A,0,0,0,0,0,0,0,0,0,0,0,0
ENSMUSG00000059401,Mamld1,0,0,2,3,3,0,1,2,1,0,1,0
ENSMUSG00002076212,#N/A,0,0,0,0,0,0,0,0,0,0,0,0
ENSMUSG00000082262,Gm14730,1,0,0,1,0,0,2,0,1,1,0,0
ENSMUSG00000031379,Pir,3,2,2,1,1,0,1,1,0,3,1,0
ENSMUSG00000077542,Gm22023,0,0,0,0,0,0,0,0,0,0,0,0
ENSMUSG00000031380,Vegfd,0,0,0,0,0,3,0,0,0,0,0,0
ENSMUSG00000031284,Pak3,0,0,0,0,0,4,0,0,0,0,0,0
ENSMUSG00000031381,Piga,385,446,396,333,349,232,340,357,335,273,372,346
ENSMUSG00000025059,Gk,236,263,227,206,192,147,167,195,207,174,276,238
ENSMUSG00000081933,Gm14767,1,1,2,0,1,0,1,1,0,2,0,1
ENSMUSG00000067276,Capn6,0,0,0,0,0,0,0,0,0,0,1,0
ENSMUSG00000087232,Gm14764,0,0,0,0,0,0,0,0,0,1,0,0
ENSMUSG00000084340,Gm14766,0,0,0,2,0,0,1,0,0,0,1,0
ENSMUSG00002075758,#N/A,0,0,0,0,0,0,0,0,0,0,0,0
ENSMUSG00000081212,Gm6964,0,0,1,0,1,0,0,0,1,0,0,0
ENSMUSG00000081452,Gm14761,0,0,0,0,0,0,0,0,0,0,0,0
ENSMUSG00000078314,Gm14762,0,0,0,0,0,0,0,0,0,1,0,0
ENSMUSG00000031167,Rbm3,1722,2163,1503,1557,2229,1103,1564,1709,1895,1683,2319,2139
ENSMUSG00000025058,5430427O19Rik,163,202,104,111,112,102,108,105,119,106,177,142
ENSMUSG00000080266,Gm14772,0,0,0,0,0,0,0,0,0,0,0,0
ENSMUSG00000031382,Asb11,0,1,0,0,0,0,0,0,0,0,1,0
ENSMUSG00000081931,Gm15211,0,0,0,0,0,0,0,0,0,0,0,0
ENSMUSG00000035454,Samt3,0,0,0,0,0,0,0,0,0,0,0,0
ENSMUSG00000055188,Rbm3os,10,9,11,7,8,13,9,12,12,12,15,6
ENSMUSG00000025056,Nr0b1,0,0,0,0,0,0,0,0,0,0,0,0
ENSMUSG00000031384,Asb9,0,0,0,0,0,0,0,0,0,0,0,0
ENSMUSG00000080834,Gm15216,0,0,0,0,0,0,0,0,0,0,0,0
ENSMUSG00000035427,Mageb4,0,0,0,0,0,0,0,0,0,0,0,0
ENSMUSG00000083830,Gm8839,0,0,0,0,1,1,0,1,1,0,1,1
ENSMUSG00000082033,Mageb10-ps,0,0,0,0,0,0,0,0,0,0,0,0
ENSMUSG00000082461,Gm8844,1,0,1,1,1,0,0,0,1,2,1,0
ENSMUSG00000083977,Mageb8-ps,0,0,0,0,0,0,0,0,0,0,0,0
ENSMUSG00000080069,Gm41,0,0,0,0,0,0,0,0,0,0,0,0
ENSMUSG00000085577,Mageb6-ps,0,0,0,0,0,0,0,0,0,0,0,0
ENSMUSG00000118598,AL645467.1,0,0,0,0,0,0,0,0,0,0,0,0
ENSMUSG00000082450,Mageb7-ps,0,0,0,0,0,0,0,0,0,0,0,0
ENSMUSG00002075969,#N/A,0,0,0,0,0,0,0,0,0,0,0,0
ENSMUSG00000039201,Tbc1d25,265,323,195,178,226,89,198,253,228,222,243,202
ENSMUSG00000052372,Il1rapl1,0,0,0,0,0,2,0,0,0,0,0,0
ENSMUSG00000083779,Gm14775,0,0,0,1,0,0,0,0,0,0,0,0
ENSMUSG00000084029,Gm8855,0,0,0,0,0,0,0,0,0,0,0,0
ENSMUSG00000083421,Gm14776,2,0,0,1,0,3,1,1,0,0,0,0
ENSMUSG00000093056,Gm24812,0,0,0,0,0,6,0,0,0,0,0,0
ENSMUSG00000081424,Gm14774,0,0,0,0,0,1,0,0,0,0,0,0
ENSMUSG00000065747,Gm25006,0,0,0,0,0,0,0,0,0,0,0,0
ENSMUSG00000081877,Gm8858,2,0,1,0,0,0,1,0,2,1,0,0
ENSMUSG00000082595,Gm14793,0,0,0,0,0,0,0,0,0,0,0,0
ENSMUSG00000081892,Gm8864,6,14,4,8,11,2,13,10,9,7,8,2
ENSMUSG00000083058,Gm14795,0,0,0,0,0,0,0,0,0,0,0,0
ENSMUSG00000084355,Gm14792,0,0,0,0,0,0,0,0,0,0,0,0
ENSMUSG00000086142,Ppp4r3c-ps,0,0,0,0,0,0,0,0,0,0,0,0
ENSMUSG00000081673,Gm14794,0,0,0,0,0,0,0,0,0,0,1,0
ENSMUSG00000031168,Ebp,499,548,434,485,488,247,600,543,501,433,545,466
ENSMUSG00000083640,Gm8876,1,2,1,4,2,1,3,2,1,3,1,0
ENSMUSG00000097961,Gm27000,0,0,0,0,0,0,0,0,0,0,0,0
ENSMUSG00000084559,Mir1906-2,0,0,0,0,0,0,0,0,0,0,0,0
ENSMUSG00002075639,#N/A,0,0,0,0,0,0,0,0,0,0,0,0
ENSMUSG00000082847,Gm5759,1,0,1,0,0,0,0,0,0,1,0,0
ENSMUSG00000081167,Gm8880,0,0,0,0,1,0,0,0,0,0,0,0
ENSMUSG00000084060,Gm16412,0,0,0,0,0,0,1,0,0,0,0,1
ENSMUSG00000082311,Gm14791,0,0,0,0,0,0,0,0,0,0,0,0
ENSMUSG00000081458,Gm14796,0,1,0,0,0,0,1,2,1,1,0,0
ENSMUSG00000081033,Gm14797,0,0,0,0,0,0,0,0,0,0,0,0
ENSMUSG00000083923,Gm649,0,0,0,0,0,0,0,0,0,0,0,0
ENSMUSG00000118508,AL732291.1,0,0,0,0,0,0,0,0,0,0,0,0
ENSMUSG00000083597,Gm14805,0,0,0,0,0,0,0,0,0,0,0,0
ENSMUSG00000061778,Mospd2,226,219,185,151,150,130,126,175,186,178,138,138
ENSMUSG00000035395,Dcaf8l,0,0,0,0,0,1,0,0,0,0,0,0
ENSMUSG00000031285,Dcx,0,0,0,0,0,2,0,0,0,0,0,0
ENSMUSG00000081628,Gm14804,0,0,0,0,0,0,0,0,0,0,0,0
ENSMUSG00000082422,Gm6973,0,0,0,0,0,0,0,0,0,0,0,0
ENSMUSG00000082060,Gm15048,0,0,1,0,0,0,0,0,0,0,0,0
ENSMUSG00000079513,4932429P05Rik,0,0,0,0,0,0,0,0,0,0,0,0
ENSMUSG00000083253,Gm7108,1,3,0,1,0,2,0,1,0,3,1,2
ENSMUSG00002076120,#N/A,0,0,0,0,0,0,0,0,0,0,0,0
ENSMUSG00000085139,A730046J19Rik,0,0,0,0,0,1,0,0,0,0,0,0
ENSMUSG00000100506,Nanog-ps1,0,0,0,0,0,0,0,0,0,0,0,0
ENSMUSG00000082121,Gm8199,5,13,5,5,4,4,7,15,2,10,2,2
ENSMUSG00000084361,Gm8202,0,0,0,0,0,0,0,0,0,0,0,0
ENSMUSG00000035387,4930415L06Rik,0,0,0,0,0,0,0,0,0,0,0,0
ENSMUSG00000081897,Gm15067,0,0,0,1,0,1,0,0,1,0,1,0
ENSMUSG00000083508,Gm6027,0,0,0,0,0,0,0,0,0,0,0,0
ENSMUSG00000082479,Gm4746,0,0,0,0,0,0,0,0,0,0,0,0
ENSMUSG00000083200,Gm15066,126,92,67,76,74,16,77,105,113,99,89,86
ENSMUSG00000084289,Gm6977,1,3,2,0,4,0,1,1,3,0,1,2
ENSMUSG00000119616,#N/A,0,0,0,0,0,0,0,0,0,0,0,0
ENSMUSG00000091497,Gm44,0,0,0,0,0,0,0,0,0,0,0,0
ENSMUSG00000059972,Gm14773,0,0,0,0,0,0,0,0,0,0,0,0
ENSMUSG00002076114,#N/A,0,0,0,0,0,0,0,0,0,0,0,0
ENSMUSG00000082832,Gm14786,0,0,0,0,0,0,0,0,0,0,0,0
ENSMUSG00000080765,Gm8908,0,0,0,0,0,0,0,0,0,0,0,0
ENSMUSG00000081235,Gm14788,0,0,0,0,0,0,0,1,1,1,0,0
ENSMUSG00000073069,Mageb2,0,0,0,0,0,0,0,0,0,0,0,0
ENSMUSG00000083926,Gm14783,0,0,0,0,0,0,0,0,0,0,0,0
ENSMUSG00000047757,Fancb,88,100,79,78,102,76,96,120,69,64,129,116
ENSMUSG00000094861,Gm5072,0,0,0,0,0,0,0,0,0,0,0,0
ENSMUSG00000079600,Gm17604,0,0,0,0,0,0,0,0,0,0,0,0
ENSMUSG00000096072,Gm8914,0,0,0,0,0,0,0,0,0,0,0,0
ENSMUSG00000080863,Gm14787,0,0,0,0,0,0,0,0,0,0,0,0
ENSMUSG00000084057,Gm8916,0,0,0,0,0,0,0,0,0,0,0,0
ENSMUSG00000083955,Gm14785,0,0,0,0,0,0,0,0,0,0,0,0
ENSMUSG00000057805,1700084M14Rik,0,0,0,0,0,0,0,0,0,0,0,0
ENSMUSG00000081960,Mageb17-ps,0,0,0,0,0,0,0,0,0,0,0,0
ENSMUSG00000064129,Gm14781,0,0,0,0,0,0,0,0,0,0,0,0
ENSMUSG00000018589,Glra2,0,0,0,0,0,0,0,0,0,0,0,0
ENSMUSG00000082134,Gm15236,0,1,0,1,2,0,2,1,0,0,0,0
ENSMUSG00000031337,Mtm1,41,35,33,28,29,18,25,46,24,35,29,38
ENSMUSG00000061392,Mageb5,0,0,0,0,0,0,0,0,0,0,0,0
ENSMUSG00000119728,#N/A,0,0,0,0,0,0,0,0,0,0,0,0
ENSMUSG00000082807,Gm14782,0,0,0,0,0,0,0,0,0,0,0,0
ENSMUSG00000081012,Gm15224,0,0,0,0,0,0,0,0,0,0,0,0
ENSMUSG00000084155,Gm7113,0,0,0,0,0,0,0,0,0,0,0,0
ENSMUSG00000083466,Gm15225,0,0,0,0,0,0,0,0,0,0,0,0
ENSMUSG00000083994,Gm16465,0,1,2,3,1,1,0,0,1,2,1,1
ENSMUSG00000078123,Gm5071,0,0,0,0,0,0,0,0,0,0,0,0
ENSMUSG00000084269,Gm14784,0,0,0,0,0,0,0,0,0,0,0,0
ENSMUSG00000062162,Mageb1,0,0,0,0,0,0,0,0,0,0,0,0
ENSMUSG00000081743,Gm4911,0,0,0,0,0,0,0,0,0,0,0,0
ENSMUSG00000083701,Gm4912,0,0,0,0,0,0,0,0,0,0,0,0
ENSMUSG00000067649,Mageb18,0,0,0,0,0,1,0,0,0,0,0,0
ENSMUSG00000080155,Gm14777,1,0,1,0,0,0,0,0,0,0,0,0
ENSMUSG00000071726,Gm5941,0,0,0,0,0,0,0,0,0,0,0,0
ENSMUSG00000080737,Gm6982,0,0,0,0,0,0,0,0,0,0,0,0
ENSMUSG00000119580,#N/A,0,0,0,0,0,0,0,0,0,0,0,0
ENSMUSG00002075630,#N/A,0,0,0,0,0,0,0,0,0,0,0,0
ENSMUSG00000095110,1700003E24Rik,0,0,0,0,0,0,0,0,0,0,0,0
ENSMUSG00000077294,Gm24123,0,0,0,0,0,0,0,0,0,0,0,0
ENSMUSG00000096153,BC061195,0,0,0,0,0,0,0,0,0,0,0,0
ENSMUSG00000065266,Gm23454,0,0,0,0,0,0,0,0,0,0,0,0
ENSMUSG00000040621,Gemin8,85,82,90,68,93,79,98,111,89,79,122,126
ENSMUSG00000084080,Gm15227,0,0,0,0,0,0,0,0,0,0,0,0
ENSMUSG00000035277,Arx,2,3,4,3,7,3,0,2,5,0,6,2
ENSMUSG00000006678,Pola1,424,490,504,492,805,647,421,601,432,423,739,694
ENSMUSG00000083207,Gm14780,1,0,0,1,0,0,0,0,0,0,0,1
ENSMUSG00000088445,Gm23557,0,0,0,0,0,0,1,1,0,0,0,0
ENSMUSG00000087255,Gm6985,0,0,0,0,0,0,0,0,0,0,0,0
ENSMUSG00000041718,Alg13,223,229,223,213,202,161,247,255,233,220,252,249
ENSMUSG00000080922,Gm2214,0,1,0,0,1,1,2,1,2,0,0,0
ENSMUSG00000015214,Mtmr1,835,858,624,642,724,537,547,716,865,773,743,821
ENSMUSG00000041710,Trpc5,0,0,0,0,0,0,0,0,0,0,0,0
ENSMUSG00000072934,Trpc5os,0,0,0,0,1,1,0,2,0,0,0,0
ENSMUSG00000081635,Gm15071,0,0,0,0,0,0,0,0,0,0,0,0
ENSMUSG00000082106,Mageb16-ps1,0,0,0,0,0,0,0,0,0,0,0,0
ENSMUSG00000035246,Pcyt1b,17,18,16,19,10,7,12,10,15,13,15,5
ENSMUSG00000071679,Rtl4,0,0,0,0,0,0,0,0,0,0,0,0
ENSMUSG00002075843,#N/A,0,0,0,0,0,0,0,0,0,0,0,0
ENSMUSG00000084303,Gm8216,0,1,2,1,0,0,0,1,0,1,2,0
ENSMUSG00000118971,#N/A,0,0,0,0,0,0,0,0,0,0,0,0
ENSMUSG00000077230,Gm25097,0,0,0,0,0,0,0,0,0,0,0,0
ENSMUSG00000081336,Gm15073,0,0,0,0,0,0,0,0,0,0,0,0
ENSMUSG00000082085,Gm6441,0,4,1,5,1,0,7,2,0,1,1,0
ENSMUSG00000041700,Lhfpl1,0,4,0,0,0,2,0,1,0,2,0,0
ENSMUSG00000035232,Pdk3,555,608,381,418,490,299,464,434,496,421,581,493
ENSMUSG00000082728,Supt20-ps,0,0,0,0,0,0,0,0,0,0,0,0
ENSMUSG00000081573,Gm15164,0,0,0,0,0,0,0,0,0,0,0,0
ENSMUSG00000031169,Porcn,2,2,4,3,0,0,6,4,0,2,2,0
ENSMUSG00000081044,AU015836,0,0,0,0,0,3,0,0,0,0,0,0
ENSMUSG00000083114,Gm14790,0,0,0,0,0,0,0,0,0,0,0,0
ENSMUSG00000080995,Gm15165,0,0,0,0,0,0,0,0,0,0,0,0
ENSMUSG00000081055,Gm6987,2,2,1,0,2,8,0,2,1,0,2,0
ENSMUSG00000087640,Gm14798,0,0,0,0,0,0,0,0,1,0,0,0
ENSMUSG00000079509,Zfx,1336,1325,1128,1100,1137,917,741,1042,1159,1179,1281,1191
ENSMUSG00000041688,Amot,19,22,17,19,16,12,13,17,12,9,15,18
ENSMUSG00000100104,Gm5644,0,1,0,0,0,0,1,0,0,0,0,1
ENSMUSG00000081646,Gm15060,0,0,0,0,0,0,0,0,0,0,0,0
ENSMUSG00002076163,#N/A,0,0,0,0,0,0,0,0,0,0,0,0
ENSMUSG00000082773,Gm15058,0,0,0,0,0,0,0,0,0,0,0,0
ENSMUSG00000080915,Gm6446,0,0,0,0,0,0,0,0,0,0,0,0
ENSMUSG00000083375,Gm15057,1,0,0,0,0,0,0,0,0,0,0,0
ENSMUSG00000083908,Gm6447,0,0,0,1,0,3,0,0,1,0,1,1
ENSMUSG00000080755,Gm15062,0,0,0,0,0,0,0,0,0,0,0,0
ENSMUSG00000083960,Gm4918,0,0,0,0,0,0,0,0,1,0,0,0
ENSMUSG00000081738,Hmgb1-ps2,7,1,0,0,1,1,1,1,2,1,2,2
ENSMUSG00000035776,Cd99l2,404,402,325,395,502,244,371,414,381,365,302,339
ENSMUSG00000085284,Gm16189,0,0,0,0,0,0,0,0,0,0,0,0
ENSMUSG00000084114,Gm8421,0,0,0,0,0,0,0,0,0,0,0,0
ENSMUSG00002075390,#N/A,0,0,0,0,0,0,0,0,0,0,0,0
ENSMUSG00000031171,Ftsj1,371,412,309,324,417,199,335,318,347,345,384,402
ENSMUSG00000035150,Eif2s3x,372,433,375,346,649,276,337,351,418,364,666,579
ENSMUSG00000015217,Hmgb3,308,313,262,246,322,195,296,327,264,268,311,271
ENSMUSG00000043929,Klhl15,287,288,270,235,297,195,217,293,262,290,269,344
ENSMUSG00000099072,Mir7673,0,0,0,0,0,0,0,0,0,0,0,0
ENSMUSG00000080923,Gm5400,0,0,0,0,0,0,0,0,0,0,0,0
ENSMUSG00000082759,Gm14826,0,0,0,0,0,0,0,0,0,0,0,0
ENSMUSG00000084214,Gm14825,0,0,0,0,0,0,0,0,0,0,0,0
ENSMUSG00000118554,AL646049.1,0,0,0,0,0,0,0,0,0,0,0,0
ENSMUSG00000043549,Fam90a1b,0,3,0,0,0,0,0,0,1,0,0,0
ENSMUSG00000031170,Slc38a5,0,0,0,0,0,0,0,0,0,0,0,0
ENSMUSG00000068219,Ssxb10,0,0,0,0,0,0,0,0,0,0,0,0
ENSMUSG00000068218,Ssxb9,0,0,0,0,0,0,0,0,0,0,0,0
ENSMUSG00000079705,Ssxb1,0,0,0,0,0,0,0,0,0,0,0,0
ENSMUSG00000023165,Ssxb2,0,0,0,0,0,0,0,0,0,0,0,0
ENSMUSG00000031342,Gpm6b,128,99,109,88,173,134,92,101,133,135,222,226
ENSMUSG00000079704,Gm14459,0,0,0,0,0,0,0,0,0,0,0,0
ENSMUSG00000079702,Ssxb6,0,0,0,0,0,0,0,0,0,0,0,0
ENSMUSG00000079508,Apoo,29,29,22,25,31,22,36,26,30,24,35,38
ENSMUSG00000040586,Ofd1,482,572,416,406,439,439,366,404,477,454,522,458
ENSMUSG00002076027,#N/A,0,0,0,0,0,0,0,0,0,0,0,0
ENSMUSG00000084007,Gm9003,0,0,0,0,0,0,0,0,0,0,0,0
ENSMUSG00000084904,Gm14827,0,0,2,0,0,0,0,1,0,1,0,3
ENSMUSG00000118620,AL627302.1,0,0,0,0,0,0,0,0,0,0,0,0
ENSMUSG00000084450,Gm24595,0,0,0,0,0,0,0,0,0,0,0,0
ENSMUSG00000079701,Ssxb3,0,0,0,0,0,2,0,0,0,0,0,0
ENSMUSG00000080897,Gm14500,0,0,0,0,0,0,0,0,0,0,0,0
ENSMUSG00000081410,Gm6797,0,0,0,0,0,0,0,0,0,0,0,0
ENSMUSG00000082496,Gm6798,0,0,0,0,0,0,0,0,0,0,0,0
ENSMUSG00000082458,Gm9430,0,0,0,2,0,1,0,2,0,2,1,1
ENSMUSG00000079317,Trappc2,59,86,53,40,49,28,64,59,65,49,75,41
ENSMUSG00000079703,Ssxb8,0,0,0,0,0,0,0,0,0,0,0,0
ENSMUSG00000035371,Ssx9,0,0,0,0,0,0,0,0,0,0,0,0
ENSMUSG00000071816,Ssxb5,0,0,0,0,0,0,0,0,0,0,0,0
ENSMUSG00000082129,Gm14502,0,0,0,0,0,0,0,0,0,0,0,0
ENSMUSG00000079316,Rab9,229,245,226,157,231,122,209,229,232,227,215,231
ENSMUSG00000079699,Gm6592,0,0,0,0,0,0,0,0,0,0,0,0
ENSMUSG00000085880,Gm15229,0,0,0,0,0,0,0,1,0,0,0,0
ENSMUSG00000081875,Gm15223,0,0,0,0,0,0,0,0,0,0,0,0
ENSMUSG00000079697,Gm5751,0,0,0,0,0,0,0,0,0,0,0,0
ENSMUSG00000052364,B630019K06Rik,56,61,27,46,25,11,42,39,49,18,36,41
ENSMUSG00000082198,Gm14504,0,0,0,0,0,0,0,0,0,0,0,0
ENSMUSG00000051224,Tceanc,72,55,74,71,52,43,57,64,63,73,62,66
ENSMUSG00000081381,Gm5752,0,0,0,0,0,0,0,0,0,0,0,0
ENSMUSG00000083871,Gm16479,0,0,0,0,0,0,0,0,0,0,0,0
ENSMUSG00000080051,Gm14510,1,0,0,0,0,0,0,0,0,0,0,0
ENSMUSG00000078208,Fthl17b,0,0,0,0,0,0,0,0,0,0,0,0
ENSMUSG00000081020,Gm14509,0,0,0,0,0,0,0,0,0,0,0,0
ENSMUSG00000060685,Fthl17c,0,0,0,0,0,0,0,0,0,0,0,0
ENSMUSG00000087584,Gm14457,0,0,0,0,0,0,0,0,0,0,0,0
ENSMUSG00000078206,Fthl17d,0,0,0,0,0,0,0,0,0,0,0,0
ENSMUSG00000025151,Maged1,88,46,47,47,32,24,49,70,46,51,25,25
ENSMUSG00000083468,Gm9431,0,1,0,1,1,3,0,0,1,0,2,1
ENSMUSG00000082222,Gm14865,0,0,0,0,0,0,0,0,0,0,0,0
ENSMUSG00000071815,Fthl17e,0,0,0,0,0,0,0,0,0,0,0,0
ENSMUSG00000086518,Gm14503,0,0,0,0,0,0,0,0,0,0,0,0
ENSMUSG00000081796,Gm9005,0,1,1,1,0,0,1,0,0,0,0,0
ENSMUSG00000083714,Fthl17-ps1,0,0,0,0,0,0,0,0,0,0,0,0
ENSMUSG00000080887,Gm14831,0,0,0,0,0,0,0,0,0,0,0,0
ENSMUSG00000000402,Egfl6,0,0,0,0,0,0,0,0,0,0,0,0
ENSMUSG00000080050,Gm14864,0,0,0,0,0,0,0,0,0,0,0,0
ENSMUSG00000082406,Gm5401,0,0,0,0,0,0,0,0,0,0,0,0
ENSMUSG00000080952,Gm5379,0,0,0,0,0,0,0,0,0,0,0,0
ENSMUSG00000087677,Gm15226,0,0,0,0,0,0,0,0,0,1,0,1
ENSMUSG00000080974,Gm9009,2,1,0,2,4,2,0,0,0,1,0,2
ENSMUSG00000072249,Fthl17f,0,0,0,0,0,0,0,0,0,0,0,0
ENSMUSG00000081959,Gm16480,0,0,0,0,0,0,0,0,0,0,0,0
ENSMUSG00000083123,Fthl17-ps2,0,0,0,0,0,0,0,0,0,0,0,0
ENSMUSG00000086860,Gm1720,1,2,1,0,1,1,0,1,2,0,0,4
ENSMUSG00000045797,4930402K13Rik,0,0,0,0,0,0,0,0,0,0,0,0
ENSMUSG00000067147,Rpl7a-ps11,0,0,0,0,0,0,0,0,0,0,0,0
ENSMUSG00000087021,Fthl17-ps3,0,0,0,0,0,0,0,0,0,0,0,0
ENSMUSG00000071723,Gspt2,98,83,70,95,42,40,73,83,72,67,67,71
ENSMUSG00000083438,Gm5402,0,1,0,0,0,0,0,0,1,0,0,0
ENSMUSG00000084920,Gm15230,0,0,0,0,0,0,0,0,0,0,0,0
ENSMUSG00000082019,Gm15231,0,0,0,0,0,0,0,0,0,0,0,0
ENSMUSG00002075445,#N/A,0,0,0,0,0,0,0,0,0,0,0,0
ENSMUSG00000073062,Zxdb,172,147,165,113,111,106,171,125,166,163,143,158
ENSMUSG00002075112,#N/A,0,0,0,0,0,0,0,0,0,0,0,0
ENSMUSG00000082360,Gm8814,0,2,1,0,0,0,1,0,0,3,0,1
ENSMUSG00000109459,Gm39526,6,2,6,3,2,4,4,5,4,4,4,2
ENSMUSG00000082776,Gm7061,2,7,1,0,1,0,0,0,0,1,1,3
ENSMUSG00000047344,Lancl3,517,512,383,280,217,151,176,278,366,363,278,289
ENSMUSG00000081418,Gm14830,2,0,2,2,2,0,1,0,1,0,0,1
ENSMUSG00000082964,Rpl13-ps5,0,0,0,0,0,0,0,0,0,0,0,0
ENSMUSG00000079694,Gm14862,0,0,0,0,1,0,0,0,0,0,0,0
ENSMUSG00000073060,Zxda,0,0,0,0,0,0,0,0,0,0,0,0
ENSMUSG00000087522,Gm371,0,0,0,0,0,0,0,0,0,0,0,0
ENSMUSG00000015342,Xk,116,102,76,70,83,72,71,97,108,100,129,100
ENSMUSG00000086008,Gm8817,2,4,3,2,3,3,5,0,0,1,4,3
ENSMUSG00000100200,H2al1m,0,2,2,0,1,0,0,1,0,0,1,0
ENSMUSG00000084806,Gm15232,6,10,3,5,4,6,5,6,1,8,4,4
ENSMUSG00000065155,Gm25481,0,0,0,0,0,0,0,0,0,0,0,0
ENSMUSG00000071722,Spin4,567,573,413,387,192,112,243,348,503,455,262,230
ENSMUSG00000083670,Gm6829,0,0,0,0,0,0,0,0,0,0,0,0
ENSMUSG00000087340,Gm15228,0,0,0,0,0,2,0,0,1,0,0,0
ENSMUSG00000083608,Gm14863,0,0,0,0,0,0,0,0,0,0,0,0
ENSMUSG00000100448,H2al1k,0,0,0,0,0,0,0,0,0,0,0,0
ENSMUSG00000049775,Tmsb4x,21462,28621,23264,25826,26126,13365,26632,23314,22807,20256,20192,19795
ENSMUSG00000040522,Tlr8,0,0,0,0,0,0,0,0,0,0,0,0
ENSMUSG00000015340,Cybb,2,7,2,1,2,0,0,1,1,0,4,0
ENSMUSG00000077713,Gm25728,0,0,0,0,0,0,0,0,0,0,0,0
ENSMUSG00000061065,H2al1o,0,0,0,0,0,0,0,0,0,0,0,0
ENSMUSG00000044583,Tlr7,55,42,27,21,27,14,16,28,40,43,32,31
ENSMUSG00000118573,AL671118.1,0,0,0,0,0,0,0,0,0,0,0,0
ENSMUSG00000025742,Prps2,1061,1097,1011,873,1182,658,926,987,1097,963,1299,1161
ENSMUSG00000031176,Dynlt3,380,408,303,305,233,254,317,454,346,353,278,273
ENSMUSG00000086258,Gm15239,0,0,0,0,0,0,0,0,0,0,0,0
ENSMUSG00000088451,Gm26368,0,0,0,0,0,0,0,0,0,0,0,0
ENSMUSG00000081216,Gm6744,0,0,0,0,0,0,0,0,0,0,0,0
ENSMUSG00000040456,H2ap,0,0,0,0,0,0,0,0,0,0,0,0
ENSMUSG00000048994,H2al3,0,0,0,0,0,0,0,0,0,0,0,0
ENSMUSG00000054453,Sytl5,0,0,0,0,0,2,0,0,1,0,0,0
ENSMUSG00000081898,Gm5754,0,0,0,0,0,0,0,0,0,0,0,0
ENSMUSG00000049176,Frmpd4,1,0,0,0,0,4,0,0,0,0,0,0
ENSMUSG00000084378,Gm15238,0,0,0,0,0,0,0,0,0,0,0,0
ENSMUSG00000090084,Srpx,0,0,0,0,0,0,0,0,0,0,0,0
ENSMUSG00002075504,#N/A,0,0,0,0,0,0,0,0,0,0,0,0
ENSMUSG00000082915,Gm15240,0,0,0,0,0,0,0,0,0,0,0,0
ENSMUSG00000084180,Gm15237,0,0,0,0,0,0,0,0,0,0,0,0
ENSMUSG00000083611,Gm8832,2,4,5,8,8,0,6,1,5,8,4,4
ENSMUSG00000084014,Gm7209,0,0,0,0,0,0,0,0,0,0,0,0
ENSMUSG00002075674,#N/A,0,0,0,0,0,0,0,0,0,0,0,0
ENSMUSG00000031358,Msl3,1053,1067,873,921,1098,729,802,1001,1026,889,1006,972
ENSMUSG00000081500,Gm15233,0,1,0,0,0,0,0,0,0,0,0,0
ENSMUSG00000031355,Arhgap6,3,2,3,4,5,2,7,1,1,3,12,4
ENSMUSG00000087201,Gm15261,0,0,0,0,0,0,0,0,0,0,0,0
ENSMUSG00000031354,Amelx,0,0,0,0,0,0,0,0,0,0,0,0
ENSMUSG00000031352,Hccs,1781,1672,1491,1438,1385,1071,1366,1468,1684,1587,1445,1493
ENSMUSG00002076929,#N/A,0,0,0,0,0,0,0,0,0,0,0,0
ENSMUSG00000087159,Gm15246,2,2,7,2,0,0,0,2,0,0,1,0
ENSMUSG00000081137,BC022960,1,0,2,2,4,1,2,2,6,1,0,3
ENSMUSG00000087587,Gm15245,0,0,0,0,0,0,0,0,0,0,0,0
ENSMUSG00000025656,Arhgef9,170,171,185,156,92,65,95,168,140,139,72,65
ENSMUSG00000031174,Rpgr,29,49,36,20,35,53,22,36,29,23,44,38
ENSMUSG00000083789,Gm6092,0,0,0,0,1,6,0,0,0,0,0,0
ENSMUSG00000080298,Gm14807,0,0,0,1,0,0,0,0,0,0,0,0
ENSMUSG00000082371,Gm3712,0,0,0,0,0,0,0,0,0,0,0,0
ENSMUSG00000080283,Gm14806,0,0,0,0,0,0,0,0,0,0,0,0
ENSMUSG00000050332,Amer1,284,333,262,250,258,122,215,324,255,272,301,246
ENSMUSG00000031173,Otc,0,0,0,0,0,0,0,0,0,0,0,0
ENSMUSG00000086996,4933416E14Rik,0,0,0,0,0,1,0,0,0,0,1,0
ENSMUSG00000031204,Asb12,0,0,0,0,0,0,0,0,0,0,0,0
ENSMUSG00000109858,Pfn5,0,0,0,0,0,0,0,0,0,0,1,0
ENSMUSG00000083556,Gm9043,0,0,0,0,0,0,0,0,0,0,0,0
ENSMUSG00000058254,Tspan7,2,0,1,0,0,0,1,1,1,0,0,0
ENSMUSG00002076115,#N/A,0,0,0,0,0,0,0,0,0,0,0,0
ENSMUSG00000068200,Gm5931,13,1,2,5,7,4,5,4,13,20,5,26
ENSMUSG00000083262,Gm14470,0,0,0,0,0,0,0,0,0,0,0,0
ENSMUSG00000081308,Gm14480,0,0,1,0,0,0,0,0,0,0,0,0
ENSMUSG00000008035,Mid1ip1,914,982,854,989,768,347,951,1018,894,795,699,640
ENSMUSG00000085587,Gm14493,6,5,2,4,2,3,4,1,4,3,4,1
ENSMUSG00000081680,Gm14473,0,0,0,0,0,0,0,0,0,0,0,0
ENSMUSG00000083419,Gm14485,0,1,0,0,0,0,0,0,0,0,0,0
ENSMUSG00000080948,Gm14481,0,0,0,0,0,0,0,0,0,0,0,0
ENSMUSG00000035062,Zc4h2,34,39,37,13,37,25,25,51,34,32,38,29
ENSMUSG00000100626,H2al1a,0,0,0,0,0,0,0,0,0,0,0,0
ENSMUSG00000101819,H2al1b,0,0,0,0,0,0,0,0,0,0,0,0
ENSMUSG00000096097,H2al1c,0,0,0,0,0,0,0,0,0,0,0,0
ENSMUSG00000094904,H2al1d,0,0,0,0,0,0,0,0,0,0,0,0
ENSMUSG00000095413,H2al1e,0,0,0,0,0,0,0,0,0,0,0,0
ENSMUSG00000095655,H2al1f,0,0,0,0,0,0,0,0,0,0,0,0
ENSMUSG00000095662,H2al1g,0,0,0,0,0,0,0,0,0,0,0,0
ENSMUSG00000099443,H2al1h,0,0,0,0,0,0,0,0,0,0,0,0
ENSMUSG00000095445,H2al1i,0,0,0,0,0,0,0,0,0,0,0,0
ENSMUSG00000069038,H2al1j,0,0,0,0,0,0,0,0,0,0,0,0
ENSMUSG00000083492,Gm14515,0,0,0,0,0,0,0,0,0,0,0,0
ENSMUSG00000080811,Gm14513,2,4,1,4,1,1,5,3,5,5,0,0
ENSMUSG00000065825,Gm26314,0,0,0,0,0,0,0,0,0,0,0,0
ENSMUSG00000035045,Zc3h12b,19,28,12,16,13,14,9,22,25,17,29,31
ENSMUSG00000082146,Rpl23a-ps13,0,0,0,0,0,0,0,0,0,0,0,0
ENSMUSG00000083439,Gm14491,2,1,1,2,1,1,4,2,2,1,1,0
ENSMUSG00000081947,Gm14512,0,0,0,0,0,0,0,0,0,0,0,0
ENSMUSG00000071721,1700010D01Rik,0,0,0,0,0,0,0,0,0,0,0,0
ENSMUSG00000035299,Mid1,6,2,11,10,7,3,0,2,7,4,12,9
ENSMUSG00000065716,Gm25651,0,0,0,0,0,0,0,0,0,0,0,0
ENSMUSG00000055357,4933400A11Rik,0,0,0,0,0,0,0,0,0,0,0,0
ENSMUSG00000072844,G530011O06Rik,0,1,0,0,2,1,0,0,0,0,5,7
ENSMUSG00000087263,Gm15726,0,2,2,1,2,4,1,0,0,5,10,5
ENSMUSG00000086695,Gm15247,0,0,1,0,0,0,0,0,0,0,0,0
ENSMUSG00000094276,Gm15068,0,0,0,0,0,0,0,0,0,0,0,0
ENSMUSG00000057421,Las1l,2514,2723,2149,2133,2263,1422,1937,2169,2632,2358,2632,2401
ENSMUSG00000031207,Msn,16645,18009,13390,13919,10608,8302,11461,15216,14717,13823,12127,10472
ENSMUSG00000088146,Gm24718,0,0,0,0,0,0,0,0,0,0,0,0
ENSMUSG00000081848,Gm14925,0,0,0,0,0,0,1,0,0,0,0,0
ENSMUSG00000081742,Gm9051,0,0,0,0,0,0,0,0,0,0,0,0
ENSMUSG00000078122,F630028O10Rik,0,0,0,0,0,0,0,0,0,0,0,0
ENSMUSG00000076066,Mir223,0,0,0,0,0,0,0,0,0,0,0,0
ENSMUSG00000044206,Vsig4,0,0,0,0,0,0,0,0,0,0,0,0
ENSMUSG00000045802,Hsf3,0,0,0,0,0,1,0,0,0,0,0,0
ENSMUSG00000082317,Gm14933,1,0,0,0,0,0,0,0,0,1,1,1
ENSMUSG00000040363,Bcor,6101,6351,4415,4628,4103,2603,2989,4466,5044,4775,4051,3852
ENSMUSG00000083486,Gm14521,0,0,0,0,0,0,0,0,0,0,0,0
ENSMUSG00000087591,Gm14635,0,0,0,0,0,0,0,0,0,0,0,0
ENSMUSG00000081461,Rpl30-ps11,0,0,0,0,0,0,0,0,0,0,0,1
ENSMUSG00000031007,Atp6ap2,1011,1028,829,879,611,368,851,857,868,835,589,558
ENSMUSG00000083199,Gm9432,1,2,2,1,3,0,0,2,4,0,1,1
ENSMUSG00000079871,Gm4984,0,0,0,0,0,0,0,0,0,0,2,0
ENSMUSG00000044148,1810030O07Rik,778,816,703,653,665,334,650,768,745,693,738,634
ENSMUSG00000086473,Gm16265,0,0,2,3,0,0,0,0,2,0,0,0
ENSMUSG00000031209,Heph,0,0,0,0,1,5,0,0,0,0,0,0
ENSMUSG00000082035,Rpl17-ps8,0,0,0,0,0,1,0,1,0,0,0,0
ENSMUSG00000081182,Gm14935,0,0,0,0,0,0,0,0,0,0,0,0
ENSMUSG00000031210,Gpr165,0,0,0,0,0,0,0,0,0,0,0,0
ENSMUSG00000064127,Med14,4349,4399,3392,3354,3964,3947,2326,3906,4026,3810,3561,3319
ENSMUSG00000082735,Gm16394,0,0,0,0,0,0,0,0,0,0,0,0
ENSMUSG00000082397,Gm14803,0,0,0,0,0,0,0,0,0,0,0,0
ENSMUSG00000081606,Gm9059,0,0,0,0,0,0,0,0,0,0,0,0
ENSMUSG00000083350,Gm9060,0,0,0,0,0,0,0,0,0,0,0,0
ENSMUSG00000085891,Gm14634,0,1,0,0,0,0,1,0,1,0,0,1
ENSMUSG00000031212,Pgr15l,0,1,0,0,0,3,0,0,0,0,0,0
ENSMUSG00002075977,#N/A,0,0,0,0,0,0,0,0,0,0,0,0
ENSMUSG00000083760,Gm14524,0,0,0,0,0,0,0,0,0,0,0,0
ENSMUSG00000081135,Gm14800,0,0,0,0,0,0,0,0,0,0,0,0
ENSMUSG00000083307,AA414768,32,35,31,32,27,15,47,29,34,30,13,15
ENSMUSG00000083751,Gm14534,0,0,1,0,0,0,0,0,1,0,0,0
ENSMUSG00000087424,5730405O15Rik,7,4,4,2,3,8,2,11,8,7,14,6
ENSMUSG00000034457,Eda2r,26,32,49,39,26,21,26,32,25,19,14,18
ENSMUSG00000081923,Gm9062,0,0,0,0,0,0,0,0,0,0,0,0
ENSMUSG00000083972,Gm14802,0,0,0,0,0,0,0,0,0,0,0,0
ENSMUSG00000046532,Ar,202,228,302,316,284,201,262,312,195,179,194,195
ENSMUSG00000082933,Gm14811,0,0,0,0,3,0,0,0,0,0,0,0
ENSMUSG00000081397,Gm14815,0,0,0,0,0,0,0,0,0,0,0,0
ENSMUSG00000083603,Gm14810,0,0,0,0,0,0,0,0,0,0,0,0
ENSMUSG00000031010,Usp9x,2701,2867,2298,2423,2546,1835,1332,2451,2303,2503,2465,2187
ENSMUSG00000094574,Gm15027,0,0,0,0,0,0,0,0,0,0,0,0
ENSMUSG00000094259,Gm14536,0,0,0,0,0,0,0,0,0,0,0,0
ENSMUSG00000084349,Rpl3-ps1,6,1,7,4,7,6,8,8,2,4,3,2
ENSMUSG00002076396,#N/A,0,0,0,0,0,0,0,0,0,0,0,0
ENSMUSG00000083364,Llph-ps2,9,6,6,7,2,9,10,6,18,12,12,18
ENSMUSG00000100714,2010308F09Rik,0,0,0,0,0,0,0,0,0,0,0,0
ENSMUSG00000082090,Gm16481,0,0,0,0,0,0,0,1,0,0,0,0
ENSMUSG00000000787,Ddx3x,15833,15847,13573,13282,14546,13498,10467,14469,14082,13817,15564,13656
ENSMUSG00000031214,Ophn1,3,0,11,5,3,6,10,4,0,3,1,0
ENSMUSG00000081255,Gm5380,1,0,0,0,0,0,0,1,0,1,0,1
ENSMUSG00000080914,Gm7129,8,6,8,2,2,1,8,7,11,1,1,5
ENSMUSG00000080818,Gm9434,1,0,0,0,0,0,0,0,0,2,0,0
ENSMUSG00002076684,#N/A,0,0,0,0,0,0,0,0,0,0,0,0
ENSMUSG00000088616,Gm26000,0,0,0,0,0,0,0,0,0,0,0,0
ENSMUSG00000051228,Nyx,0,0,1,2,0,0,0,1,0,0,0,0
ENSMUSG00000081597,Gm14506,0,0,0,0,0,0,0,0,0,0,0,0
ENSMUSG00000047694,Yipf6,1004,1003,852,838,829,742,651,826,854,911,970,856
ENSMUSG00000082549,Gm14813,1,0,2,1,0,0,1,2,0,1,1,2
ENSMUSG00000031216,Stard8,27,31,18,21,8,9,9,16,19,13,2,6
ENSMUSG00000083310,Gm5760,2,1,0,2,0,0,1,4,3,2,0,1
ENSMUSG00000031217,Efnb1,132,153,126,131,184,55,90,124,149,133,87,111
ENSMUSG00000073051,Gm14812,0,0,0,0,0,6,0,0,0,0,0,0
ENSMUSG00000085053,Gm14809,0,0,0,0,0,0,0,0,0,0,0,0
ENSMUSG00000085553,Gm14808,0,0,0,0,0,0,0,0,0,0,0,0
ENSMUSG00000034403,Pja1,647,660,564,554,708,378,606,668,648,563,733,606
ENSMUSG00000082505,Gm14816,0,1,0,0,0,0,0,0,0,0,0,0
ENSMUSG00000083682,Pcna-ps1,0,0,0,0,0,0,0,0,0,0,0,0
ENSMUSG00000071719,Tmem28,0,1,1,0,1,0,0,0,0,0,0,2
ENSMUSG00000059327,Eda,0,0,0,0,0,0,0,0,0,0,0,0
ENSMUSG00000082907,Gm14832,0,0,0,0,0,0,0,0,0,0,0,0
ENSMUSG00000083936,Gm14829,0,0,0,0,0,0,0,0,0,0,0,0
ENSMUSG00000080813,Gm14828,0,0,0,0,0,0,0,0,0,1,1,0
ENSMUSG00000076398,Mir676,0,0,0,0,0,0,0,0,0,0,0,0
ENSMUSG00000031220,Awat2,3,3,6,3,9,4,9,4,5,5,4,6
ENSMUSG00000051582,Otud6a,0,0,0,0,0,0,0,0,0,0,0,0
ENSMUSG00000031012,Cask,169,165,116,111,177,126,74,108,129,133,115,107
ENSMUSG00000031221,Igbp1,988,1144,947,925,901,809,998,1106,1014,932,994,798
ENSMUSG00000067597,Dgat2l6,1,0,2,1,0,1,2,0,0,0,1,0
ENSMUSG00000040229,Gpr34,29,27,26,25,26,21,29,29,24,26,21,13
ENSMUSG00002075284,#N/A,0,0,0,0,0,0,0,0,0,0,0,0
ENSMUSG00000047678,Gpr82,0,0,0,0,0,0,0,0,0,1,0,0
ENSMUSG00000082736,Gm5381,0,0,0,0,1,0,0,0,0,0,0,0
ENSMUSG00000088706,Gm25552,0,0,0,0,0,0,0,0,0,0,0,0
ENSMUSG00000015665,Awat1,0,0,0,0,0,0,0,0,0,0,0,0
ENSMUSG00000078346,H2al1n,0,0,0,0,0,0,0,0,0,0,0,0
ENSMUSG00000080733,Gm14867,0,0,0,0,0,0,0,0,0,0,0,0
ENSMUSG00000081886,Gm6175,0,0,0,1,0,0,0,0,0,0,0,0
ENSMUSG00000064772,Gm25202,0,0,0,0,0,0,0,0,0,0,0,0
ENSMUSG00000084907,Gm14505,0,0,0,0,0,0,0,0,0,0,0,0
ENSMUSG00000081763,Gm9435,9,16,13,21,6,0,15,8,11,20,6,10
ENSMUSG00000044359,P2ry4,0,0,1,0,0,2,0,0,0,1,0,0
ENSMUSG00000045217,Ppp1r2-ps9,0,0,0,0,0,0,0,0,0,0,0,0
ENSMUSG00000082838,Gm14519,1,1,0,0,0,0,1,0,0,0,0,0
ENSMUSG00000083931,Gm14518,0,0,0,0,0,0,0,0,0,0,0,0
ENSMUSG00000081994,Gm14517,0,0,0,0,0,0,0,0,0,0,0,0
ENSMUSG00000118898,#N/A,0,0,0,0,0,0,0,0,0,0,0,0
ENSMUSG00002075606,#N/A,0,0,0,0,0,0,0,0,0,0,0,0
ENSMUSG00001118666,#N/A,0,0,0,0,0,0,0,0,0,0,0,0
ENSMUSG00000086048,Drr1,0,0,0,0,0,1,0,0,0,0,0,0
ENSMUSG00000081312,Gm14520,0,0,0,0,0,0,0,0,0,0,0,0
ENSMUSG00000083551,Gm14516,0,0,0,0,0,0,0,0,0,0,0,0
ENSMUSG00000023257,Cypt1,0,0,0,0,0,0,0,0,0,0,0,0
ENSMUSG00000083288,Csnk2a1-ps,1,1,1,0,1,0,0,0,2,0,0,0
ENSMUSG00000025037,Maoa,53,60,35,39,44,31,37,35,37,38,57,56
ENSMUSG00000060890,Arr3,0,0,0,0,0,0,0,0,0,0,0,0
ENSMUSG00000040147,Maob,0,0,0,0,0,0,0,0,0,0,0,0
ENSMUSG00000015668,Pdzd11,385,431,315,342,403,269,394,384,371,335,344,334
ENSMUSG00000040138,Ndp,0,0,0,0,0,0,0,0,0,0,0,0
ENSMUSG00000025038,Efhc2,0,1,0,0,0,0,0,0,0,1,2,0
ENSMUSG00000081858,Gm14514,0,0,0,0,0,0,0,0,0,0,0,0
ENSMUSG00000119745,#N/A,0,0,0,0,0,0,0,0,0,0,0,0
ENSMUSG00000034311,Kif4,523,562,508,545,994,714,546,827,542,472,768,738
ENSMUSG00000025040,Fundc1,390,428,277,275,328,264,316,345,402,365,387,352
ENSMUSG00000083140,Gm5073,0,0,0,0,0,0,0,0,0,0,0,0
ENSMUSG00000081614,Gm9436,2,2,0,4,2,0,4,2,5,2,0,1
ENSMUSG00000096716,Gm5755,0,0,0,0,0,0,0,0,0,0,0,0
ENSMUSG00000096235,Gm5123,0,0,0,0,0,0,0,0,0,0,0,0
ENSMUSG00000025043,Dusp21,0,0,0,0,0,0,0,0,0,0,0,0
ENSMUSG00000019359,Gdpd2,0,0,0,1,0,0,0,0,0,0,0,0
ENSMUSG00000085314,Gm14866,0,0,0,0,0,0,0,0,0,0,0,0
ENSMUSG00000086736,Gm14902,0,0,0,0,0,0,0,0,1,0,0,0
ENSMUSG00002075322,#N/A,0,0,0,0,0,0,0,0,0,0,0,0
ENSMUSG00000000881,Dlg3,96,128,74,57,92,73,86,107,95,86,128,102
ENSMUSG00000037369,Kdm6a,853,881,766,680,1125,838,503,770,719,729,1228,1109
ENSMUSG00000119205,#N/A,0,0,0,0,0,0,0,0,0,0,0,0
ENSMUSG00000081271,Gm14883,0,0,0,0,0,0,0,0,0,0,0,0
ENSMUSG00000037358,Dipk2b,0,0,0,0,0,0,0,0,0,0,0,0
ENSMUSG00000082757,Gm6923,0,0,0,0,0,0,0,0,0,0,0,0
ENSMUSG00000081654,Gm5383,0,0,0,0,0,0,0,0,0,0,0,0
ENSMUSG00000065422,Mir221,1,2,1,1,1,0,0,0,0,1,1,0
ENSMUSG00000065471,Mir222,0,0,0,0,0,0,0,0,0,0,0,0
ENSMUSG00000073274,Gm14636,26,37,41,43,18,12,21,28,27,12,11,13
ENSMUSG00000097497,Gm26652,1,5,2,6,5,2,0,2,1,2,0,1
ENSMUSG00000077277,Gm22783,0,0,0,0,0,0,0,0,0,0,0,0
ENSMUSG00000082680,Gm14885,0,0,0,0,0,0,0,0,0,0,0,0
ENSMUSG00000068149,Tex13c3,0,0,0,0,0,0,0,0,0,0,0,0
ENSMUSG00000084327,Gm14531,0,0,0,0,0,0,0,0,0,0,0,0
ENSMUSG00000119214,#N/A,0,0,0,0,0,0,0,0,0,0,0,0
ENSMUSG00000081735,Gm14530,0,1,0,0,0,0,0,1,0,0,0,0
ENSMUSG00000084186,Rpl36-ps10,2,3,2,0,1,0,1,0,2,0,1,0
ENSMUSG00000080998,Gm5384,0,1,0,0,2,0,3,0,1,1,0,0
ENSMUSG00000037347,Chst7,0,0,0,1,0,0,1,0,0,0,2,0
ENSMUSG00000009670,Tex11,0,0,0,0,1,0,0,0,1,0,0,0
ENSMUSG00000089205,Gm24577,0,0,0,0,0,2,0,0,0,0,0,0
ENSMUSG00000088839,Gm27510,0,0,0,0,0,0,0,0,0,0,0,0
ENSMUSG00000081806,Gm14901,0,0,0,0,0,0,0,0,0,0,0,1
ENSMUSG00000081943,Gm9078,1,0,0,0,0,1,0,0,2,0,0,0
ENSMUSG00000037341,Slc9a7,48,59,63,59,57,19,25,33,36,42,40,33
ENSMUSG00000083033,Gm9083,4,5,3,6,4,3,5,6,6,5,4,2
ENSMUSG00000087415,Gm14529,0,0,0,0,0,0,0,0,0,0,0,0
ENSMUSG00000031297,Slc7a3,196,292,269,263,184,76,150,139,152,103,147,130
ENSMUSG00000060090,Rp2,160,182,132,131,177,121,147,184,108,178,178,168
ENSMUSG00000084137,Gm9085,0,0,0,0,1,0,0,0,0,0,1,0
ENSMUSG00000082855,Gm14537,3,1,0,1,0,2,1,0,1,1,0,0
ENSMUSG00000046032,Snx12,1010,1069,773,844,917,420,826,791,1037,885,834,878
ENSMUSG00000088114,Gm24061,0,0,0,0,0,0,0,0,0,0,0,0
ENSMUSG00000083781,Gm14842,0,0,0,0,0,0,0,0,0,0,0,0
ENSMUSG00000077303,Gm22472,0,0,0,0,0,0,0,0,0,0,0,0
ENSMUSG00000037315,Jade3,486,532,435,388,527,404,378,497,484,474,615,517
ENSMUSG00000042903,Foxo4,44,51,43,49,58,33,58,52,44,41,85,70
ENSMUSG00000081529,Gm14884,0,0,0,0,0,0,0,0,0,0,0,0
ENSMUSG00000081390,Gm14538,0,0,1,0,1,0,0,0,0,0,0,0
ENSMUSG00000090141,Gm614,32,40,52,37,22,14,27,50,34,29,23,20
ENSMUSG00000023070,Rgn,0,0,0,0,0,0,0,0,0,0,0,0
ENSMUSG00000092463,Gm20489,0,0,0,0,0,0,0,0,0,0,0,0
ENSMUSG00000084830,Gm14539,1,2,2,0,0,0,3,3,0,1,1,2
ENSMUSG00000064398,Gm23628,0,0,0,0,0,0,0,0,2,0,0,0
ENSMUSG00000031059,Ndufb11,595,758,624,694,694,187,796,706,707,627,502,545
ENSMUSG00000031304,Il2rg,8204,9074,6192,6771,6111,5186,7236,7327,7571,7332,6256,5313
ENSMUSG00000031060,Rbm10,1012,920,795,811,1017,518,764,990,946,883,905,925
ENSMUSG00000001924,Uba1,15335,16734,10576,11193,11164,5361,10310,11843,12316,11172,12234,10940
ENSMUSG00000079487,Med12,2810,3112,2300,2181,2022,1314,1534,2334,2289,2459,2213,2140
ENSMUSG00000031065,Cdk16,943,941,770,794,889,491,775,951,862,794,931,928
ENSMUSG00000031066,Usp11,81,89,60,50,31,28,49,55,38,45,45,64
ENSMUSG00000096056,Gm21986,9,15,16,12,20,5,14,24,12,19,19,21
ENSMUSG00000118509,AL671885.1,0,0,0,0,0,0,0,0,0,0,0,0
ENSMUSG00000031302,Nlgn3,9,18,14,14,12,12,7,8,16,7,10,9
ENSMUSG00000047797,Gjb1,1,6,0,1,2,1,0,2,1,0,4,2
ENSMUSG00000001127,Araf,1564,1709,1274,1302,1348,728,1247,1313,1437,1286,1485,1455
ENSMUSG00000118865,#N/A,0,0,0,0,0,0,0,0,0,0,0,0
ENSMUSG00002075646,#N/A,0,0,0,0,0,0,0,0,0,0,0,0
ENSMUSG00000082393,Gm15028,0,0,0,0,0,0,0,0,0,0,0,0
ENSMUSG00000037217,Syn1,34,25,28,16,15,16,9,18,22,21,18,16
ENSMUSG00000093408,Mir5617,0,0,0,0,0,0,0,0,0,0,0,0
ENSMUSG00000001131,Timp1,174,174,160,138,100,38,115,63,105,92,43,36
ENSMUSG00000080757,Gm15029,0,0,0,0,0,0,0,0,0,0,0,0
ENSMUSG00000001128,Cfp,57,55,45,47,43,25,41,37,59,41,45,53
ENSMUSG00000009406,Elk1,529,508,420,410,315,172,380,461,483,389,355,317
ENSMUSG00000001134,Uxt,113,110,86,103,124,52,106,111,99,112,84,101
ENSMUSG00000086877,A230072C01Rik,20,10,30,24,32,25,23,20,18,14,29,32
ENSMUSG00000054737,Zfp182,229,182,184,187,176,179,126,182,176,190,211,194
ENSMUSG00000031310,Zmym3,317,294,313,257,453,208,339,392,291,272,413,384
ENSMUSG00000037167,Spaca5,0,0,0,0,0,0,0,0,0,0,0,0
ENSMUSG00000031079,Zfp300,9,5,12,6,13,4,3,4,3,4,7,9
ENSMUSG00000062814,Ssxa1,0,0,0,0,0,0,0,0,0,0,0,0
ENSMUSG00000083892,Gm1848,4,16,3,6,9,5,10,10,2,1,6,5
ENSMUSG00000095316,Gm21876,0,0,0,0,0,0,0,0,0,0,0,0
ENSMUSG00000087358,4930453H23Rik,0,0,0,0,0,0,0,0,0,0,0,0
ENSMUSG00000087586,Gm6938,0,0,0,0,0,0,0,0,0,0,0,0
ENSMUSG00000051537,Gm5124,27,23,50,43,32,19,14,22,20,24,30,21
ENSMUSG00000068122,Agtr2,0,0,0,0,0,0,0,0,0,0,0,0
ENSMUSG00000077430,Gm22592,0,0,0,0,0,0,0,0,0,0,0,0
ENSMUSG00000081641,Gm9439,2,6,16,4,1,1,8,6,1,2,3,1
ENSMUSG00000081475,Gm14558,0,0,0,0,0,0,0,0,0,0,0,0
ENSMUSG00000031089,Slc6a14,0,0,0,0,0,0,0,0,0,0,0,0
ENSMUSG00002075810,#N/A,0,0,0,0,0,0,0,0,0,0,0,0
ENSMUSG00000101818,Gm28269,0,0,0,0,0,0,0,0,0,0,0,0
ENSMUSG00000101776,Gm28268,0,0,0,0,0,0,0,0,0,0,0,0
ENSMUSG00000065074,Gm24535,0,0,0,0,0,2,0,0,0,0,0,0
ENSMUSG00000082175,Gm14563,0,0,0,0,0,0,0,0,0,0,0,0
ENSMUSG00000083030,Gm14561,0,0,0,0,0,0,0,0,0,0,0,0
ENSMUSG00000118511,AL732295.1,0,0,0,0,0,0,0,0,0,0,0,0
ENSMUSG00000081064,Gm6071,0,0,0,1,1,0,1,0,0,0,0,0
ENSMUSG00000064685,Gm25812,0,0,0,0,0,0,0,0,0,0,0,0
ENSMUSG00000031311,Nono,3567,3616,2896,3140,3679,4265,3178,3651,3466,2985,4123,3425
ENSMUSG00000085073,Gm14562,0,0,0,0,0,0,0,0,0,0,0,0
ENSMUSG00000083290,Gm15030,0,0,0,0,0,0,0,0,0,0,0,0
ENSMUSG00000052025,Ppp1r2-ps7,0,0,0,0,0,0,0,0,0,0,0,0
ENSMUSG00000064659,Gm26131,0,0,0,0,0,0,0,0,0,0,0,0
ENSMUSG00000031312,Itgb1bp2,11,13,16,14,6,6,10,25,15,10,10,18
ENSMUSG00000083897,Gm14843,0,1,0,1,1,0,1,1,1,1,1,0
ENSMUSG00000081674,Gm6184,0,0,0,0,0,0,0,0,0,0,1,0
ENSMUSG00000036782,Klhl13,0,0,0,0,0,0,0,0,0,0,0,0
ENSMUSG00000080862,Gm14523,0,0,0,0,0,0,0,0,0,0,0,0
ENSMUSG00000082155,Gm7164,0,1,0,0,0,0,0,1,0,0,0,0
ENSMUSG00000036769,Wdr44,271,239,217,197,160,194,158,273,189,188,204,184
ENSMUSG00000081812,Gm4789,0,0,0,0,0,0,0,0,0,0,0,0
ENSMUSG00000068113,Gm4907,0,0,0,0,0,0,0,1,0,0,0,1
ENSMUSG00000090102,Gm4985,0,0,0,0,0,0,0,0,0,0,0,0
ENSMUSG00002076901,#N/A,0,0,0,0,0,0,0,0,0,0,0,0
ENSMUSG00000083099,Gm4732,0,0,0,0,0,0,0,0,0,0,0,0
ENSMUSG00000083475,Gm9440,0,0,0,0,0,0,0,0,0,0,0,0
ENSMUSG00000098485,Gm6956,0,0,0,0,0,0,0,0,0,0,0,0
ENSMUSG00000087133,Gm27192,0,0,0,0,0,0,0,0,0,0,0,0
ENSMUSG00000084063,Gm5934,0,0,0,0,0,0,0,1,0,0,0,0
ENSMUSG00000081218,Gm4297,0,0,0,0,0,0,0,0,0,0,0,0
ENSMUSG00002075845,#N/A,0,0,0,0,0,0,0,0,0,0,0,0
ENSMUSG00002076041,#N/A,0,0,0,0,0,0,0,0,0,0,0,0
ENSMUSG00000093923,Gm5935,0,0,0,0,0,0,0,0,0,0,0,0
ENSMUSG00000094775,Gm2759,0,0,0,0,0,0,0,0,0,0,0,0
ENSMUSG00002075744,#N/A,0,0,0,0,0,0,0,0,0,0,0,0
ENSMUSG00000082188,Gm2768,0,0,0,0,0,0,0,0,0,0,0,0
ENSMUSG00000096620,Gm5169,0,0,0,0,0,0,0,0,0,0,0,0
ENSMUSG00000096724,Gm1989,0,0,0,0,0,0,0,0,0,0,0,0
ENSMUSG00000073267,Gm1993,0,0,0,0,0,0,0,0,0,0,0,0
ENSMUSG00000080959,Gm2003,0,0,0,0,0,0,0,0,0,0,0,0
ENSMUSG00002075493,#N/A,0,0,0,0,0,0,0,0,0,0,0,0
ENSMUSG00000095392,Gm7350,0,0,0,0,0,0,0,0,0,0,0,0
ENSMUSG00000086959,E330010L02Rik,0,0,0,0,0,0,0,0,0,0,0,0
ENSMUSG00000083060,Gm14533,0,0,0,0,0,0,0,0,0,0,0,0
ENSMUSG00000079655,Gm5168,0,0,0,0,0,0,0,0,0,0,0,0
ENSMUSG00000082639,Gm2012,0,0,0,0,0,0,0,0,0,0,0,0
ENSMUSG00002076972,#N/A,0,0,0,0,0,0,0,0,0,0,0,0
ENSMUSG00000083628,Gm2030,0,0,0,0,0,0,0,0,0,0,0,0
ENSMUSG00000080819,Gm2005,0,0,0,0,0,0,0,0,0,0,0,0
ENSMUSG00000095063,Slx,0,0,0,0,0,0,0,0,0,0,0,0
ENSMUSG00002076659,#N/A,0,0,0,0,0,0,0,0,0,0,0,0
ENSMUSG00000071788,Gm14525,0,0,0,0,0,0,0,0,0,0,0,0
ENSMUSG00000096907,Gm6113,0,0,0,0,0,0,0,0,0,0,0,0
ENSMUSG00000080725,Gm6121,0,0,0,0,0,0,0,0,0,0,0,0
ENSMUSG00000093984,Gm7365,0,0,0,0,0,0,0,0,0,0,0,0
ENSMUSG00000095423,Gm7375,0,0,0,0,0,0,0,0,0,0,0,0
ENSMUSG00000031314,Taf1,2131,2154,1874,1887,1578,1512,1335,2087,1733,1682,1777,1502
ENSMUSG00000095546,Gm10230,0,0,0,0,0,0,0,0,0,0,0,0
ENSMUSG00002075560,#N/A,0,0,0,0,0,0,0,0,0,0,0,0
ENSMUSG00000093817,Gm2101,0,0,0,0,0,0,0,0,0,0,0,0
ENSMUSG00000094424,Gm7386,0,0,0,0,0,0,0,0,0,0,0,0
ENSMUSG00000095293,Gm10058,0,0,0,0,0,0,0,0,0,0,0,0
ENSMUSG00000085534,Gm2117,0,0,0,0,0,0,0,0,0,0,0,0
ENSMUSG00000095494,Gm7391,0,0,0,0,0,0,0,0,0,0,0,0
ENSMUSG00000034160,Ogt,5714,6119,5330,5090,6061,4790,3210,4648,5338,5243,6947,6673
ENSMUSG00000094624,Gm4836,0,0,0,0,0,0,0,0,0,0,0,0
ENSMUSG00000095356,Gm7398,0,0,0,0,0,0,0,0,0,0,0,0
ENSMUSG00000082729,Gm14845,0,0,0,0,0,0,0,0,0,0,0,1
ENSMUSG00000118478,Gm50476,0,0,0,0,0,0,0,0,0,0,0,0
ENSMUSG00000084197,Gm9089,0,0,0,0,0,0,3,0,0,0,0,1
ENSMUSG00000050232,Cxcr3,629,751,774,867,643,292,671,742,739,644,433,442
ENSMUSG00000084284,Tpt1-ps6,15,15,4,10,13,9,4,11,6,8,19,8
ENSMUSG00000082541,Gm9095,0,0,0,0,0,0,0,0,0,0,0,0
ENSMUSG00000096457,Gm10147,0,0,0,0,0,0,0,0,0,0,0,0
ENSMUSG00000045010,Gm4779,0,3,0,0,0,0,28,50,0,0,0,0
ENSMUSG00002076729,#N/A,0,0,0,0,0,0,0,0,0,0,0,0
ENSMUSG00000096911,Gm2165,0,0,0,0,0,0,0,0,0,0,0,0
ENSMUSG00000095089,Gm7408,0,0,0,0,0,0,0,0,0,0,0,0
ENSMUSG00000046774,8030474K03Rik,1,2,0,0,0,0,33,30,0,0,0,0
ENSMUSG00000081230,Gm9097,0,0,0,0,0,0,0,0,0,0,0,0
ENSMUSG00000118638,AL805980.1,1,0,0,0,0,0,0,0,0,0,0,0
ENSMUSG00000082284,H3f3a-ps1,0,1,1,0,0,0,1,0,0,1,0,0
ENSMUSG00000079481,Nhsl2,21,12,14,14,8,12,13,9,10,17,10,10
ENSMUSG00000095887,Gm10096,0,0,0,0,0,0,0,0,0,0,0,0
ENSMUSG00000087712,Gm25828,0,0,0,0,0,0,0,0,0,0,0,0
ENSMUSG00002075831,#N/A,0,0,0,0,0,0,0,0,0,0,0,0
ENSMUSG00000087462,Gm2200,0,0,0,0,0,0,0,0,0,0,0,0
ENSMUSG00000095802,Gm7415,0,0,0,0,0,0,0,0,0,0,0,0
ENSMUSG00000081224,Gm2066,0,0,0,0,0,0,0,0,0,0,0,0
ENSMUSG00000049191,Rtl5,29,38,29,38,32,20,29,51,35,41,29,26
ENSMUSG00000095906,Gm7421,0,0,0,0,0,0,0,0,0,0,0,0
ENSMUSG00000087208,Gm5125,0,0,0,0,0,0,0,0,0,0,0,0
ENSMUSG00000086691,Gm15432,0,0,0,0,0,0,1,0,0,1,1,1
ENSMUSG00000096137,Gm14527,0,0,0,0,0,0,0,0,0,0,0,0
ENSMUSG00002076641,#N/A,0,0,0,0,0,0,0,0,0,0,0,0
ENSMUSG00000079480,Pin4,6,1,2,4,4,0,0,5,2,2,3,3
ENSMUSG00000081969,Gm16471,0,0,0,0,0,0,0,1,0,0,0,0
ENSMUSG00000051220,Ercc6l,421,458,468,432,569,390,447,562,443,364,432,389
ENSMUSG00000084142,Gm9103,0,0,3,0,2,0,2,1,1,0,0,0
ENSMUSG00000031320,Rps4x,5135,7215,5090,5311,4825,940,5263,4314,5335,4857,3750,3839
ENSMUSG00000081263,Gm14859,0,0,0,0,1,0,0,0,0,0,0,0
ENSMUSG00000051159,Cited1,1,0,0,0,1,0,1,0,0,2,0,1
ENSMUSG00000085568,Gm14858,0,0,0,0,0,4,1,0,0,0,0,0
ENSMUSG00002076899,#N/A,0,0,0,0,0,0,0,0,0,0,0,0
ENSMUSG00000067567,Hdac8,81,81,69,67,78,44,67,74,73,63,120,85
ENSMUSG00000034055,Phka1,1,0,1,0,0,1,2,0,0,0,2,0
ENSMUSG00000080899,Gm9109,0,0,0,0,0,0,0,0,0,0,0,0
ENSMUSG00000083414,Gm14840,6,2,1,2,1,3,1,2,5,0,0,5
ENSMUSG00000081443,Gm3880,0,0,0,0,0,0,0,0,0,0,0,0
ENSMUSG00000079479,Gm9112,0,0,0,0,0,0,0,0,0,0,0,0
ENSMUSG00000073027,Dmrtc1b,0,0,0,0,0,1,0,2,0,0,0,0
ENSMUSG00000080845,Gm9115,2,1,2,1,4,1,2,3,4,2,1,1
ENSMUSG00000081716,Gm14839,0,0,0,0,0,0,0,0,0,0,0,0
ENSMUSG00000081108,Gm4234,0,0,0,0,0,0,0,0,0,0,0,0
ENSMUSG00000083680,Gm9119,0,0,0,0,0,0,0,0,0,0,0,0
ENSMUSG00000082191,Gm5166,0,0,0,0,0,0,0,0,0,0,0,0
ENSMUSG00002075815,#N/A,0,0,0,0,0,0,0,0,0,0,0,0
ENSMUSG00000067562,Dmrtc1c1,0,0,0,0,0,0,0,0,0,0,0,0
ENSMUSG00000082783,Gm9126,0,0,0,0,0,0,0,0,0,0,0,0
ENSMUSG00000081240,Gm16511,0,0,0,0,0,0,0,0,0,0,0,0
ENSMUSG00002075832,#N/A,0,0,0,0,0,0,0,0,0,0,0,0
ENSMUSG00000067561,Dmrtc1c2,0,0,0,0,0,0,0,0,0,0,0,0
ENSMUSG00002076786,#N/A,0,0,0,0,0,0,0,0,0,0,0,0
ENSMUSG00000032894,1700031F05Rik,0,0,0,0,0,0,0,0,0,0,0,0
ENSMUSG00000084397,Gm9133,0,0,0,0,0,0,0,0,0,0,0,0
ENSMUSG00000031323,Dmrtc1a,0,0,0,0,0,0,0,0,0,0,0,0
ENSMUSG00000079476,1700011M02Rik,0,0,0,0,0,0,0,0,0,0,0,0
ENSMUSG00000109745,1700018G05Rik,0,0,0,0,0,0,0,0,0,0,0,0
ENSMUSG00000081986,Gm14841,0,0,0,0,0,0,0,0,0,0,0,0
ENSMUSG00000083775,Gm14837,0,0,0,0,0,0,0,0,0,0,0,0
ENSMUSG00000081779,Gm21998,0,0,0,0,0,0,0,0,0,0,0,0
ENSMUSG00000084842,Pabpc1l2b-ps,0,0,0,0,0,0,0,0,0,0,0,0
ENSMUSG00000080774,Gm9143,5,1,1,1,0,0,2,1,4,5,2,1
ENSMUSG00000086524,Pabpc1l2a-ps,0,0,0,0,0,0,0,0,0,0,0,0
ENSMUSG00000084341,Gm3928,0,0,0,0,0,0,0,0,0,0,0,0
ENSMUSG00000081567,Gm14838,0,0,0,0,0,0,0,0,0,0,0,0
ENSMUSG00000048949,Gm6206,8,12,6,9,8,6,7,6,12,12,5,4
ENSMUSG00000031325,4930519F16Rik,0,0,0,0,0,0,0,0,0,0,0,0
ENSMUSG00000082229,Nap1l2,0,0,0,0,0,0,0,0,0,0,0,0
ENSMUSG00000083763,Gm9050,0,0,0,0,0,0,0,0,0,0,0,0
ENSMUSG00000080886,Gm14847,0,0,0,0,0,0,0,0,0,0,0,0
ENSMUSG00000098023,Gm19200,0,0,0,0,0,0,0,0,0,0,0,0
ENSMUSG00000083805,Gm14848,0,0,0,0,0,0,0,0,0,0,0,0
ENSMUSG00000083711,Gm3931,0,0,0,0,0,0,0,0,0,0,0,0
ENSMUSG00000031326,Cdx4,0,0,0,0,0,1,0,0,0,0,0,0
ENSMUSG00000081280,Gm9516,1,1,0,0,0,0,0,0,0,2,2,0
ENSMUSG00000031327,Chic1,33,39,30,35,36,39,27,31,38,34,45,46
ENSMUSG00000097953,Gm26952,0,0,0,0,0,0,0,0,0,0,0,0
ENSMUSG00000031329,Tsx,0,0,0,0,0,0,0,0,0,2,0,0
ENSMUSG00000098078,Gm26992,0,0,0,0,0,0,0,0,0,0,0,0
ENSMUSG00000085715,Tsix,0,1,1,3,4,12,2,0,1,0,5,0
ENSMUSG00000086503,Xist,8,5,6,6,15361,15677,10,4,5,1,19763,18110
ENSMUSG00002075825,#N/A,0,0,0,0,0,0,0,0,0,0,0,0
ENSMUSG00002076282,#N/A,0,0,0,0,0,0,0,0,0,0,0,0
ENSMUSG00002075094,#N/A,0,0,0,0,0,0,0,0,0,0,0,0
ENSMUSG00000083502,Gm14861,0,0,1,0,0,0,0,1,0,1,0,0
ENSMUSG00000082746,Rps12-ps1,2,2,1,0,0,1,1,0,0,0,0,1
ENSMUSG00000097571,Jpx,45,59,47,34,90,94,45,56,50,41,123,94
ENSMUSG00002075130,#N/A,0,0,0,0,0,0,0,0,0,0,0,0
ENSMUSG00000082383,Gm9670,2,1,4,5,6,0,3,0,4,4,1,8
ENSMUSG00000082812,Gm14860,2,0,0,0,0,0,0,1,0,0,1,3
ENSMUSG00000043661,Gm9785,0,0,0,0,0,0,0,0,0,0,0,0
ENSMUSG00000081004,Gm9157,0,0,0,0,0,0,0,1,0,0,0,0
ENSMUSG00000086370,Ftx,169,176,156,121,236,185,128,179,170,157,324,294
ENSMUSG00000065509,Mir421,1,2,3,3,0,2,1,1,4,4,8,2
ENSMUSG00000076269,Mir374b,2,1,4,1,0,0,0,1,2,0,1,1
ENSMUSG00000106465,Mir374c,0,0,0,0,0,0,0,0,0,0,0,0
ENSMUSG00000103697,Gm38020,40,28,26,31,25,21,10,41,26,35,35,44
ENSMUSG00002076054,#N/A,0,0,0,0,0,0,0,0,0,0,0,0
ENSMUSG00000080796,Gm9159,0,0,0,0,0,0,0,0,0,0,0,0
ENSMUSG00002075282,#N/A,0,0,0,0,0,0,0,0,0,0,0,0
ENSMUSG00002076966,#N/A,0,0,0,0,0,0,0,0,0,0,0,0
ENSMUSG00002074928,#N/A,0,0,0,0,0,0,0,0,0,2,0,0
ENSMUSG00000031330,Zcchc13,0,0,0,0,0,0,0,0,0,0,0,0
ENSMUSG00000095562,Gm21887,178,149,166,152,228,35,46,45,168,176,255,429
ENSMUSG00000096661,Gm15069,0,0,0,0,0,0,0,0,0,0,0,0
ENSMUSG00000093806,Asmt,3,5,1,7,3,0,3,2,5,7,5,1
ENSMUSG00000006200,Rhox6,0,0,0,0,0,0,0,0,0,0,0,0
ENSMUSG00000071767,Rhox7a,0,0,0,0,0,0,0,0,0,0,0,0
ENSMUSG00000064137,Rhox8,0,0,0,0,0,0,0,0,0,0,0,0
ENSMUSG00000079626,Rhox7b,0,0,0,0,0,0,0,0,0,0,0,0
ENSMUSG00000068048,Rhox9,0,0,0,0,0,0,0,0,0,0,0,0
ENSMUSG00000082734,Rhox11-ps1,0,0,0,0,0,0,0,0,0,0,0,0
ENSMUSG00000081133,Rhox11-ps2,0,0,0,0,0,0,0,0,0,0,0,0
ENSMUSG00000095180,Rhox5,0,0,0,0,0,0,0,0,0,0,0,0
ENSMUSG00000073001,Cylc1,0,0,0,0,0,0,0,0,0,0,0,0
ENSMUSG00000051592,Ccnb3,0,0,0,0,0,0,0,0,0,0,0,0
ENSMUSG00000062393,Dgkk,6,7,9,7,8,10,4,13,5,6,1,2
ENSMUSG00000083646,Gm6088,1,1,2,1,0,2,2,2,2,2,1,0
ENSMUSG00000042386,Tex13b,0,0,0,0,0,0,0,0,0,0,0,0
ENSMUSG00000082165,Gm7091,1,2,2,0,3,1,0,1,0,3,2,2
ENSMUSG00000031430,Vsig1,0,0,0,0,0,0,0,0,0,0,0,0
ENSMUSG00000031429,Psmd10,318,358,274,302,346,225,338,298,327,297,334,288
ENSMUSG00000081029,Gm15077,0,0,0,0,0,0,0,0,0,0,0,0
ENSMUSG00000083710,Gm15078,0,0,0,0,0,0,0,0,0,0,0,0
ENSMUSG00000079418,Atg4a,81,101,63,61,78,30,57,81,75,83,90,75
ENSMUSG00000079593,Gm14597,0,0,0,0,0,0,0,0,0,0,0,0
ENSMUSG00000051851,Rtl8c,16,15,17,25,9,4,10,11,20,13,21,12
ENSMUSG00000083738,Gm14592,0,0,0,0,0,0,0,0,0,0,0,0
ENSMUSG00000084076,Gm14600,0,0,0,0,0,0,0,0,0,0,0,0
ENSMUSG00000067925,Rtl8a,5,12,0,8,3,2,8,6,2,3,0,0
ENSMUSG00000067924,Rtl8b,26,14,12,14,5,3,17,13,12,10,4,7
ENSMUSG00000071763,4933416I08Rik,0,0,0,0,0,0,0,0,0,0,0,0
ENSMUSG00000085998,AW822252,0,0,0,0,0,1,0,0,0,0,0,0
ENSMUSG00000055555,4930502E18Rik,0,0,0,0,0,0,0,0,0,0,0,0
ENSMUSG00000054727,1700013H16Rik,0,0,0,0,0,0,0,0,0,0,0,0
ENSMUSG00000082616,Gm6025,0,0,0,0,0,0,0,0,0,0,0,0
ENSMUSG00000084308,Gm14593,0,0,0,0,0,0,0,0,0,0,0,0
ENSMUSG00000059334,Zfp36l3,0,0,0,0,1,1,0,0,0,0,0,0
ENSMUSG00000054626,Xlr,6,11,15,8,17,10,0,4,25,15,7,7
ENSMUSG00000100249,Btbd35f23,0,0,0,0,0,0,0,0,0,0,0,0
ENSMUSG00002076087,#N/A,0,0,0,0,0,0,0,0,0,0,0,0
ENSMUSG00000082018,Gm6322,11,14,9,19,8,1,18,12,21,13,2,6
ENSMUSG00000098559,Gm15013,16,9,3,7,6,1,9,5,11,6,15,5
ENSMUSG00000083741,Gm15297,0,0,0,1,0,2,0,0,0,0,0,0
ENSMUSG00000085466,Hmgn2l6,0,0,0,0,0,0,0,0,0,0,0,0
ENSMUSG00000086907,Gm15298,0,0,0,0,0,0,0,0,0,0,0,0
ENSMUSG00000081607,Gm15294,44,32,19,16,17,5,25,34,31,30,12,13
ENSMUSG00000067835,Gm14661,0,0,0,0,0,0,0,0,0,0,0,0
ENSMUSG00000081729,Hspa9-ps1,13,11,10,11,13,4,8,10,13,15,12,10
ENSMUSG00000086562,Gm14651,0,0,0,0,0,0,0,0,0,0,0,0
ENSMUSG00000083463,Gm4909,0,0,0,0,1,0,0,0,0,0,1,0
ENSMUSG00000084331,Gm8163,0,0,0,0,0,0,0,0,0,0,0,0
ENSMUSG00000081891,Gm14660,0,0,0,0,0,0,0,0,1,0,0,0
ENSMUSG00000045179,Sox3,0,0,0,0,0,0,0,0,0,0,0,0
ENSMUSG00000087565,Gm14662,0,0,0,0,0,0,0,0,0,0,0,0
ENSMUSG00000086577,Gm7076,0,0,0,0,0,0,0,0,0,0,0,0
ENSMUSG00000082226,Gm715,0,0,0,0,0,0,1,0,0,0,0,0
ENSMUSG00000025333,Gpr143,0,0,0,0,0,0,0,0,0,0,0,0
ENSMUSG00000083440,Rpl7a-ps12,20,1,1,2,2,0,0,0,5,5,1,7
ENSMUSG00000095597,Gm6472,213,264,199,191,187,37,205,187,242,223,191,204
ENSMUSG00002076348,#N/A,1,2,5,4,3,2,3,4,0,0,0,2
ENSMUSG00000067215,Usp51,0,0,1,0,0,0,0,0,3,1,0,1
ENSMUSG00000047238,Mageh1,4,4,5,8,7,1,2,1,3,3,4,1
ENSMUSG00000085982,9530051G07Rik,0,0,0,2,0,0,0,0,0,0,0,0
ENSMUSG00000089040,Gm26174,0,0,0,0,0,0,0,0,0,0,0,0
ENSMUSG00000064781,Gm22686,0,0,0,0,0,0,0,0,0,0,0,0
ENSMUSG00000083113,Rpl10-ps4,1,1,0,0,0,0,0,0,1,0,0,0
ENSMUSG00000119611,#N/A,0,0,0,0,0,0,0,0,0,0,0,0
ENSMUSG00000046180,4930550L24Rik,0,0,0,0,1,0,0,0,0,0,0,0
ENSMUSG00000088157,Gm26351,0,0,0,0,0,0,0,0,0,0,0,0
ENSMUSG00000070110,Mir504,0,0,0,0,0,0,0,0,0,0,0,0
ENSMUSG00000088647,Gm26487,0,0,0,0,0,0,0,0,0,0,0,0
ENSMUSG00000081209,Gm14890,0,0,0,0,0,0,0,0,0,0,0,0
ENSMUSG00000081993,Gm8475,0,0,0,0,0,0,0,0,0,0,0,0
ENSMUSG00000045180,Shroom2,0,0,0,0,0,0,0,0,0,0,0,0
ENSMUSG00000088383,Gm24687,0,0,0,0,0,0,0,0,0,0,0,0
ENSMUSG00000102846,Gm10292,0,0,0,1,1,0,0,0,0,0,0,0
ENSMUSG00000070342,Gm10287,0,0,0,0,0,0,0,0,0,0,0,0
ENSMUSG00000097515,1700040D17Rik,2,4,6,5,6,6,5,4,6,4,14,16
ENSMUSG00000103345,Gm10723,0,0,0,0,0,1,0,0,0,0,0,0
ENSMUSG00000106515,Gm30382,0,0,0,0,1,0,0,0,0,0,0,0
ENSMUSG00000084617,Gm22073,0,0,0,0,0,0,0,0,0,0,0,0
ENSMUSG00000105797,Gm5149,0,0,3,1,0,0,0,0,0,1,0,0
ENSMUSG00000037531,Mrpl47,630,708,547,558,628,390,559,546,713,598,578,535
ENSMUSG00000089269,Gm26468,0,0,0,0,0,0,0,0,0,0,0,0
ENSMUSG00000104785,Gm31121,0,0,0,0,0,0,0,0,0,0,1,0
ENSMUSG00000047676,Rpsa-ps10,85,32,16,19,21,2,16,11,74,62,15,54
ENSMUSG00000105779,Gm6439,0,3,1,0,1,0,3,0,2,1,1,0
ENSMUSG00000105190,Gm43470,0,0,0,0,0,0,0,0,0,0,0,0
ENSMUSG00000092830,Mir3963,0,0,0,0,0,0,0,0,0,0,0,0
ENSMUSG00000105125,Gm43468,0,0,0,0,0,0,0,0,0,0,0,0
ENSMUSG00000105425,Gm43469,0,1,0,0,0,1,1,0,0,0,0,0
ENSMUSG00000104816,Gm43473,0,0,0,0,0,4,0,0,0,0,1,0
ENSMUSG00000106157,4930555A03Rik,0,0,0,0,2,0,0,0,0,0,0,0
ENSMUSG00000105401,Gm42949,0,0,0,0,0,0,0,0,0,0,0,0
ENSMUSG00000027776,Il12a,3,2,12,4,10,12,7,10,5,3,3,3
ENSMUSG00000058360,Gm10040,1,0,1,1,0,0,0,0,0,0,0,0
ENSMUSG00000102677,4930535E02Rik,18,19,20,15,33,31,10,14,15,9,20,17
ENSMUSG00000102936,Gm35584,2,4,3,2,4,12,5,4,9,2,3,1
ENSMUSG00000102853,Gm7270,0,0,0,0,0,0,0,0,0,0,0,0
ENSMUSG00000103218,Gm7270,0,0,0,0,0,0,0,0,0,0,0,0
ENSMUSG00000091272,Gm17641,188,205,153,147,157,55,103,148,210,204,120,150
ENSMUSG00000046999,1110032F04Rik,2794,2772,2242,2329,2327,1215,2257,2313,3027,2714,1938,2013
ENSMUSG00000039167,Adgrl4,0,0,0,0,0,0,0,0,0,0,0,0
ENSMUSG00000027673,Ndufb5,1166,1363,1039,1070,1108,536,1226,1102,1283,1078,1135,1065
ENSMUSG00000118687,#N/A,0,0,0,0,0,0,0,0,0,0,0,0
ENSMUSG00000054414,Slc30a7,780,847,664,691,595,333,608,740,667,657,568,565
ENSMUSG00000028037,Ifi44,2,2,4,5,0,7,4,11,3,4,19,15
ENSMUSG00000089261,Mir669n,0,0,0,0,0,0,0,0,0,0,0,0
ENSMUSG00000039146,Ifi44l,0,0,0,0,0,0,0,0,0,0,0,0
ENSMUSG00000041912,Tdrkh,499,451,282,307,354,247,255,313,435,423,426,413
ENSMUSG00000028036,Ptgfr,0,0,0,0,0,0,0,0,0,0,1,0
ENSMUSG00000105403,Gm43618,0,0,0,0,0,0,0,0,0,0,0,0
ENSMUSG00000106032,Gm42463,39,23,30,10,15,13,18,18,22,31,39,24
ENSMUSG00000104909,Gm43617,0,0,0,0,0,0,0,0,0,0,0,0
ENSMUSG00000087997,Gm25056,0,0,0,0,0,0,0,0,0,0,0,0
ENSMUSG00000104756,Gm42464,0,0,0,0,0,0,0,0,0,0,0,0
ENSMUSG00000104770,Gm2939,0,0,0,0,0,0,0,0,0,0,0,0
ENSMUSG00000104725,Gm2860,0,0,0,0,0,0,0,0,0,0,0,0
ENSMUSG00000104659,Gm43619,0,0,0,0,0,0,0,0,0,0,0,0
ENSMUSG00000105035,Gm9682,0,0,0,0,0,0,0,0,0,0,0,0
ENSMUSG00000056900,Usp13,0,0,0,0,0,4,0,0,0,0,0,0
ENSMUSG00000081883,Gm15574,1,0,0,0,0,0,0,0,1,0,0,0
ENSMUSG00000104283,Gm37459,0,0,0,0,0,0,0,0,0,0,0,0
ENSMUSG00000027963,Extl2,267,219,197,220,236,128,196,196,212,214,174,141
ENSMUSG00000119256,#N/A,0,0,0,0,0,0,0,0,0,0,0,0
ENSMUSG00000039131,Gipc2,0,2,1,5,0,1,4,2,0,1,2,1
ENSMUSG00000028141,Oaz3,3,0,1,1,3,3,2,1,3,1,0,0
ENSMUSG00000105698,Gm31881,0,0,0,0,0,0,0,0,0,0,0,0
ENSMUSG00000084343,Gm16198,0,1,1,0,0,0,0,0,1,0,0,0
ENSMUSG00000097293,D630002J18Rik,0,0,0,0,0,0,0,0,0,0,0,0
ENSMUSG00000028140,Mrpl9,1605,1894,1440,1626,1386,636,1513,1363,1571,1387,1211,1169
ENSMUSG00000104695,Gm30023,13,34,24,25,22,9,25,16,4,15,21,7
ENSMUSG00000028035,Dnajb4,70,93,67,83,98,71,67,90,82,80,110,111
ENSMUSG00000027778,Ift80,100,113,92,109,142,96,115,105,80,78,147,129
ENSMUSG00000028139,Riiad1,5,2,3,1,2,3,0,3,3,0,2,1
ENSMUSG00000027962,Vcam1,7,15,4,5,3,5,2,5,10,10,2,2
ENSMUSG00000093384,Gm20689,9,0,0,2,2,1,3,0,3,4,1,2
ENSMUSG00000103007,Gm20690,0,0,0,0,0,0,0,0,0,0,0,0
ENSMUSG00000093730,Gm20690,0,0,0,0,0,0,0,0,0,0,0,0
ENSMUSG00000093402,Gm18588,3,3,4,2,2,0,1,2,6,2,1,2
ENSMUSG00000093505,Gm20691,0,0,0,0,0,0,0,0,1,0,0,1
ENSMUSG00000111756,Gm48183,1,0,0,0,0,0,0,1,0,1,1,0
ENSMUSG00000104653,Gm43109,0,0,0,0,0,0,0,0,0,0,0,0
ENSMUSG00000105729,5330425B07Rik,0,0,0,0,0,0,0,0,0,0,0,0
ENSMUSG00000097362,Gm26544,0,0,0,0,0,0,0,0,0,0,0,0
ENSMUSG00000104607,Gm31651,0,0,0,0,0,0,0,0,0,0,0,0
ENSMUSG00000068696,Gpr88,0,0,0,0,0,0,0,0,0,0,0,0
ENSMUSG00000034349,Smc4,3584,3856,3615,3778,6213,6964,4509,5144,3052,3732,5822,5246
ENSMUSG00000065580,Mir15b,0,0,0,0,0,0,0,0,0,0,0,0
ENSMUSG00000065606,Mir16-2,0,0,0,0,0,0,0,0,0,0,0,0
ENSMUSG00000034317,Trim59,865,848,864,747,1258,993,929,1066,908,906,1182,1181
ENSMUSG00000033502,Cdc14a,709,709,536,524,444,456,435,603,658,638,451,429
ENSMUSG00000106005,Gm29151,0,0,0,0,0,0,0,0,0,0,0,0
ENSMUSG00000089060,Gm22361,0,0,0,0,0,0,0,0,0,0,0,0
ENSMUSG00000088840,Gm26358,0,0,0,0,0,0,0,0,0,0,0,0
ENSMUSG00000027782,Kpna4,4433,4496,3561,3326,4048,3513,3004,3953,4230,3912,4595,4218
ENSMUSG00000089417,Gm22009,23,12,26,27,20,42,29,28,16,25,16,21
ENSMUSG00000103094,Gm37558,26,2,15,17,5,7,8,13,19,23,11,5
ENSMUSG00000094763,Gm1647,2,0,0,1,0,2,2,2,1,1,0,0
ENSMUSG00000098207,Arl14,2,0,1,1,1,1,1,0,0,4,3,0
ENSMUSG00000000339,Rtca,1003,1093,828,846,803,333,809,860,971,885,684,722
ENSMUSG00000027784,Ppm1l,161,134,109,112,145,80,114,127,130,126,156,163
ENSMUSG00000091315,Gm17214,2,0,1,0,0,0,2,0,0,1,0,0
ENSMUSG00000090941,Gm17212,0,2,0,0,0,0,5,0,1,0,0,0
ENSMUSG00000090743,Gm17213,0,0,0,0,0,0,0,0,0,0,0,0
ENSMUSG00000098006,Gm8565,27,40,38,51,24,26,70,63,26,26,35,15
ENSMUSG00000028137,Celf3,0,0,0,0,0,3,0,0,0,0,0,0
ENSMUSG00000043300,B3galnt1,0,1,1,2,2,1,0,3,0,1,0,0
ENSMUSG00000102342,Gm37380,0,0,0,0,0,0,0,0,0,0,0,0
ENSMUSG00000000340,Dbt,764,786,577,630,545,322,468,581,674,622,579,502
ENSMUSG00002076320,#N/A,0,0,0,0,0,0,0,0,0,0,0,0
ENSMUSG00000082394,Gm4596,0,1,1,0,0,0,3,1,0,1,0,0
ENSMUSG00000068969,Rpl32-ps,5,5,5,6,3,3,5,7,4,1,1,5
ENSMUSG00000105992,Gm43651,3,4,2,3,1,0,2,2,3,2,0,1
ENSMUSG00000034437,Gm9761,8,8,5,6,10,1,7,5,12,10,10,11
ENSMUSG00000027961,Lrrc39,0,0,2,0,0,1,0,2,0,0,0,0
ENSMUSG00000106025,Gm42940,16,20,27,15,19,18,34,19,15,12,25,18
ENSMUSG00000027787,Nmd3,2661,2979,2409,2325,2321,2151,2202,2468,2518,2320,2288,2065
ENSMUSG00000027674,Pex5l,0,0,0,0,0,1,0,0,0,0,0,0
ENSMUSG00000033439,Trmt13,393,445,378,336,373,312,261,362,370,337,424,369
ENSMUSG00000043461,Sptssb,0,0,0,0,0,0,0,0,0,0,0,0
ENSMUSG00000103549,Gm17895,0,0,0,0,0,0,0,0,0,0,0,0
ENSMUSG00000084665,Gm23214,0,0,0,0,0,0,0,0,0,0,0,0
ENSMUSG00000077366,Gm23484,0,0,0,0,0,0,0,0,0,0,0,0
ENSMUSG00000102525,Gm37784,0,0,0,0,0,1,0,0,0,0,0,0
ENSMUSG00000087625,4930419G24Rik,0,0,0,0,0,0,0,0,0,0,0,0
ENSMUSG00000102581,Gm37443,0,0,0,0,0,0,0,0,0,0,0,0
ENSMUSG00000102498,Gm19445,0,0,0,0,0,0,0,0,0,0,0,0
ENSMUSG00000103896,Gm37128,0,0,0,0,0,0,0,0,0,0,0,0
ENSMUSG00000119140,#N/A,0,0,0,0,0,0,0,0,0,0,0,0
ENSMUSG00000104384,Gm37031,0,0,0,0,0,0,0,0,0,0,0,0
ENSMUSG00000027788,Otol1,0,0,0,0,0,0,0,0,0,0,0,0
ENSMUSG00000088260,Gm24780,0,0,0,0,0,0,0,0,0,0,0,0
ENSMUSG00000104203,Gm37398,0,0,0,0,0,0,0,0,0,0,0,0
ENSMUSG00000103020,Gm37681,0,0,0,0,0,0,0,0,0,0,0,0
ENSMUSG00000103423,Gm5845,2,4,2,3,3,0,3,0,4,3,0,2
ENSMUSG00000103113,Gm37585,0,0,0,0,0,0,0,0,0,0,0,0
ENSMUSG00000104954,Gm42694,0,0,0,0,2,0,0,0,0,0,0,0
ENSMUSG00000104588,Gm43666,0,0,0,0,0,0,0,0,0,0,0,0
ENSMUSG00000089507,Gm23477,0,0,0,0,0,0,0,0,0,0,0,0
ENSMUSG00000106231,Gm18611,0,0,0,0,0,0,0,0,0,0,0,0
ENSMUSG00000102663,Gm6631,4,1,1,1,0,0,1,4,1,1,1,1
ENSMUSG00000104023,Gm37213,0,0,0,0,0,0,0,0,0,0,0,0
ENSMUSG00000028136,Snx27,2132,2218,1795,1857,2209,1160,1509,1974,1986,1889,2155,2061
ENSMUSG00000074877,Gm10780,0,0,0,0,0,0,0,0,0,0,0,0
ENSMUSG00000102666,Gm8599,0,2,0,1,0,0,4,1,0,2,2,1
ENSMUSG00000103396,Gm38305,0,2,0,0,1,0,0,4,1,2,4,0
ENSMUSG00000103815,Gm19194,0,0,0,0,0,0,0,0,1,0,0,0
ENSMUSG00000106061,Gm43773,3,5,1,0,0,1,1,1,3,3,2,3
ENSMUSG00000104631,Gm43774,0,0,0,1,0,1,2,0,2,7,0,3
ENSMUSG00000098189,Gm8604,0,2,1,3,0,1,3,2,3,2,0,2
ENSMUSG00000105412,Gm43768,1,1,3,1,1,3,4,4,2,4,2,3
ENSMUSG00000103465,Gm37617,0,0,0,0,0,0,1,0,0,0,0,0
ENSMUSG00000105522,Gm15235,0,0,0,0,0,0,0,0,0,0,0,0
ENSMUSG00000103279,Gm3351,0,0,0,0,0,0,0,0,0,0,0,0
ENSMUSG00000103859,Gm37603,0,0,0,0,0,0,0,0,0,0,0,0
ENSMUSG00000062896,Rpl31-ps11,0,0,1,3,1,0,1,1,2,1,1,1
ENSMUSG00002075728,#N/A,0,0,0,0,0,0,0,0,0,0,0,0
ENSMUSG00000103078,Gm37901,0,0,0,0,0,3,0,0,0,0,0,0
ENSMUSG00000084752,Gm22451,0,0,0,0,0,0,0,0,0,0,0,0
ENSMUSG00000027959,Sass6,231,230,242,264,405,324,292,338,234,194,308,269
ENSMUSG00000106415,Gm42893,1,0,2,3,2,1,1,2,0,3,2,2
ENSMUSG00000089911,Mfsd14a,2239,2391,2022,1906,1725,1135,1846,1990,2230,2107,1805,1704
ENSMUSG00000105339,Gm42457,1,2,0,2,3,4,0,3,3,0,1,4
ENSMUSG00000105103,Gm43191,0,0,0,0,0,0,0,0,0,0,0,0
ENSMUSG00000106125,4930512P04Rik,0,0,0,3,0,0,0,0,1,0,0,0
ENSMUSG00000005968,Tuft1,409,480,373,340,454,243,276,336,448,459,334,331
ENSMUSG00000118474,Gm10972,0,0,0,0,0,0,0,0,0,0,0,0
ENSMUSG00000085250,Gm15234,0,1,0,0,0,0,0,0,1,0,0,0
ENSMUSG00000027790,Sis,0,0,0,0,1,2,0,0,0,0,0,0
ENSMUSG00000085006,BC021767,0,0,0,0,0,0,0,0,0,0,0,0
ENSMUSG00000102753,Gm37056,0,0,0,0,0,0,0,0,0,0,0,0
ENSMUSG00000048304,Slitrk3,0,0,0,0,0,0,0,1,0,0,0,0
ENSMUSG00000103428,Gm20754,0,0,0,0,0,0,0,1,0,0,0,0
ENSMUSG00002075319,#N/A,0,0,0,0,0,0,0,0,0,0,0,0
ENSMUSG00000102916,Gm37725,0,0,0,0,0,0,0,0,0,0,0,0
ENSMUSG00002075221,#N/A,0,0,0,0,0,0,0,0,0,0,0,0
ENSMUSG00000102820,Gm38353,0,0,0,0,0,0,0,0,0,0,0,0
ENSMUSG00000102362,4930509J09Rik,0,0,0,0,0,0,0,0,0,0,0,0
ENSMUSG00000027792,Bche,0,0,0,0,0,0,0,0,0,0,1,0
ENSMUSG00000102859,Gm8625,0,0,0,0,0,0,0,0,0,0,0,0
ENSMUSG00000027957,Slc35a3,1564,1432,1452,1295,1348,1165,1142,1409,1423,1473,1441,1356
ENSMUSG00000104096,Gm20356,0,0,0,0,0,0,0,0,0,0,0,0
ENSMUSG00000096400,Gm6098,1,1,0,0,0,0,1,0,2,5,0,2
ENSMUSG00000104227,Gm37050,0,0,0,0,0,0,0,0,1,0,0,0
ENSMUSG00000102809,Gm8643,11,2,3,1,0,0,3,3,9,5,0,3
ENSMUSG00000102420,Gm37464,0,0,0,0,0,1,0,0,0,0,0,0
ENSMUSG00000068877,Selenbp2,0,0,0,0,0,0,0,0,0,0,0,0
ENSMUSG00000081355,Gm15264,0,0,0,0,0,0,0,0,0,0,0,0
ENSMUSG00000104881,Gm43711,0,0,0,0,0,0,0,0,0,0,0,0
ENSMUSG00000034151,Zbbx,0,0,0,0,0,0,0,0,0,0,1,0
ENSMUSG00000034139,Serpini2,0,0,0,0,0,0,0,0,0,0,0,0
ENSMUSG00000033400,Agl,108,126,85,76,56,41,74,89,82,101,66,80
ENSMUSG00000104301,Wdr49,1,0,0,0,0,1,1,0,0,0,1,0
ENSMUSG00000103444,Gm17836,0,0,0,0,0,0,0,0,0,0,0,0
ENSMUSG00000106128,Gm43520,0,0,0,0,0,0,0,0,0,0,0,0
ENSMUSG00000106511,Gm43521,0,0,0,0,0,0,0,0,0,0,0,0
ENSMUSG00000105250,Gm29736,1,0,1,1,0,0,1,0,3,1,0,1
ENSMUSG00000105241,Gm43542,0,0,0,0,0,0,0,0,0,0,0,0
ENSMUSG00000027835,Pdcd10,479,554,489,432,374,478,449,519,482,462,403,378
ENSMUSG00000027834,Serpini1,20,27,19,25,26,14,26,32,20,12,26,26
ENSMUSG00000102625,Gm37672,0,0,0,0,0,0,0,0,0,0,0,0
ENSMUSG00000099370,Platr10,0,0,0,0,0,0,0,0,0,0,0,0
ENSMUSG00000102188,Gm37193,0,0,0,0,0,0,0,0,0,0,0,0
ENSMUSG00000088638,Gm25846,0,0,0,0,0,0,0,0,0,0,0,0
ENSMUSG00000068876,Cgn,3,5,2,7,4,2,5,3,4,3,2,0
ENSMUSG00000100962,Gm29133,0,0,0,0,0,0,0,0,0,0,0,0
ENSMUSG00000084058,Gm15263,0,0,0,0,0,0,0,0,0,0,0,0
ENSMUSG00000033386,Frrs1,1377,1360,1130,1089,957,761,881,1026,1171,1168,915,904
ENSMUSG00000033377,Palmd,0,0,0,0,0,0,0,0,0,0,0,0
ENSMUSG00000106073,Gm42892,0,0,0,0,0,0,0,0,0,0,0,0
ENSMUSG00000080907,4930455H04Rik,0,0,0,0,0,0,0,0,0,0,0,0
ENSMUSG00000105221,Gm9332,1,1,0,2,3,1,2,0,0,0,0,0
ENSMUSG00000028009,1700061I17Rik,0,0,0,0,0,0,0,1,0,0,0,0
ENSMUSG00000106343,Gm18430,0,0,0,0,0,0,0,0,0,0,0,0
ENSMUSG00000106314,Gm9632,0,0,0,0,1,0,0,0,0,0,1,0
ENSMUSG00000105914,Gm19243,0,0,0,0,0,0,0,0,0,0,0,0
ENSMUSG00000027677,Ttc14,1867,1826,1619,1607,1681,1489,1259,1740,1590,1858,2048,1834
ENSMUSG00000106342,Gm42891,0,0,0,0,0,0,0,0,0,0,0,0
ENSMUSG00000028034,Fubp1,9696,10035,7956,7505,10632,9104,6881,8554,10079,9425,13287,11583
ENSMUSG00000034109,Golim4,1427,1307,1440,1430,943,1206,1021,1311,1136,1126,955,860
ENSMUSG00000103024,Gm37685,0,0,0,0,0,0,0,0,0,0,0,0
ENSMUSG00000044667,Plppr4,0,0,0,0,0,4,0,0,0,0,0,0
ENSMUSG00000104448,Gm37256,0,0,0,0,0,0,0,0,0,0,0,0
ENSMUSG00000104223,Gm18428,0,0,0,0,0,0,0,0,0,0,0,0
ENSMUSG00002076381,#N/A,0,0,0,0,0,0,0,0,0,0,0,0
ENSMUSG00000027676,Ccdc39,0,0,0,0,0,0,0,0,1,0,1,0
ENSMUSG00000105286,Gm43140,0,0,0,0,0,0,0,2,0,0,1,0
ENSMUSG00000105475,4930431L21Rik,0,0,0,0,0,0,0,0,0,0,0,0
ENSMUSG00000106584,4930502C17Rik,0,0,0,0,0,0,0,0,0,0,0,0
ENSMUSG00000119872,#N/A,0,0,0,0,0,0,0,0,0,0,0,0
ENSMUSG00000044434,Gm9791,2,1,2,0,2,0,0,0,0,0,0,0
ENSMUSG00000105535,Gm43077,0,1,0,1,3,0,0,0,0,0,0,0
ENSMUSG00000034098,Fstl5,1,0,0,0,1,2,0,0,0,0,0,1
ENSMUSG00000103920,Gm37897,0,0,0,0,0,1,0,0,0,0,0,0
ENSMUSG00000103702,Gm37290,0,0,0,0,0,0,0,0,0,0,0,0
ENSMUSG00000033342,Plppr5,0,0,0,0,0,0,0,0,0,0,0,0
ENSMUSG00000102216,Gm19231,0,0,0,0,0,0,0,0,0,0,0,0
ENSMUSG00000088481,Gm23644,0,0,0,0,0,0,0,0,0,0,0,0
ENSMUSG00000102489,Dnmt3a-ps1,0,0,1,0,0,0,0,0,1,0,1,0
ENSMUSG00000103849,Gm37806,0,0,0,0,0,1,0,0,0,0,0,0
ENSMUSG00000102872,Gm38195,0,0,0,0,0,0,0,0,0,0,0,0
ENSMUSG00000102393,Gm37576,0,0,0,0,0,0,0,0,0,0,0,0
ENSMUSG00000105026,Gm18719,0,0,0,0,0,0,0,0,0,0,0,0
ENSMUSG00000103312,Gm6677,0,0,0,0,0,0,0,0,0,0,0,0
ENSMUSG00000102637,Gm8684,2,0,1,1,1,2,0,0,3,0,0,1
ENSMUSG00000103817,Gm6680,0,0,0,0,0,0,0,0,0,0,0,0
ENSMUSG00000104782,Gm43326,0,0,0,0,0,0,0,0,0,0,0,0
ENSMUSG00000084370,Gm15442,0,0,0,0,0,0,0,0,1,0,0,0
ENSMUSG00000102341,Gm18952,0,0,0,0,0,0,0,0,0,0,0,0
ENSMUSG00002076884,#N/A,0,0,0,0,0,0,0,0,0,0,0,0
ENSMUSG00000102438,Gm17953,0,0,0,0,0,0,0,0,0,0,0,0
ENSMUSG00000091361,Gm5277,0,1,3,1,0,0,0,0,1,2,1,0
ENSMUSG00000070443,Gm10291,5,10,8,10,7,6,8,11,6,4,8,0
ENSMUSG00000037096,Gm9762,9,14,10,9,13,15,8,11,4,4,10,6
ENSMUSG00000119445,#N/A,0,0,0,0,0,0,0,0,0,0,0,0
ENSMUSG00000038902,Pogz,1844,1740,1461,1389,1525,1078,1169,1630,1541,1533,1552,1497
ENSMUSG00000028007,Snx7,0,0,0,0,0,0,0,0,0,0,0,3
ENSMUSG00000005779,Psmb4,3379,4452,3355,3608,3970,1014,3850,3314,3810,3324,2985,3063
ENSMUSG00002076621,#N/A,0,0,0,0,0,0,0,0,0,0,0,0
ENSMUSG00000104678,Gm4321,0,0,0,0,0,0,0,0,0,0,0,0
ENSMUSG00000104703,4921521D15Rik,0,0,0,0,0,0,0,0,0,0,0,0
ENSMUSG00000087720,Gm26279,0,0,0,0,0,0,0,0,0,0,0,0
ENSMUSG00000097311,Gm26871,0,0,0,0,0,0,0,0,0,0,0,0
ENSMUSG00000065569,Mir137,0,0,0,0,0,0,0,0,0,0,0,0
ENSMUSG00002075293,#N/A,0,0,0,0,0,0,0,0,0,0,0,0
ENSMUSG00000104178,Gm9916,0,0,0,0,0,0,0,0,0,0,0,0
ENSMUSG00000104033,Gm37773,0,0,0,0,0,0,0,0,0,0,0,0
ENSMUSG00000104362,Gm37928,0,0,0,0,0,1,0,0,0,0,0,0
ENSMUSG00000102729,Gm32444,0,0,0,0,0,2,0,0,0,0,0,0
ENSMUSG00000068874,Selenbp1,21,49,32,43,10,3,47,40,23,14,1,1
ENSMUSG00000033308,Dpyd,0,0,0,0,0,1,0,0,0,0,0,0
ENSMUSG00000106542,Gm43410,0,0,0,0,0,0,0,0,0,0,0,0
ENSMUSG00000087806,Gm23432,0,0,0,0,0,0,0,0,0,0,0,0
ENSMUSG00000106037,Gm4332,19,35,11,21,23,5,19,15,33,25,15,19
ENSMUSG00000062232,Rapgef2,418,441,402,345,331,217,233,389,390,369,352,338
ENSMUSG00000064693,Gm24150,0,0,0,0,0,0,0,0,0,0,0,0
ENSMUSG00000104585,4921511C10Rik,1,0,1,0,0,0,0,0,0,0,0,0
ENSMUSG00000102545,6430573P05Rik,1,1,1,2,0,1,5,0,3,1,1,0
ENSMUSG00000091685,Gm17359,0,0,0,0,0,0,0,0,0,0,0,0
ENSMUSG00000039103,Nexn,0,1,0,0,0,5,0,4,1,0,0,2
ENSMUSG00000104621,Gm43185,0,0,0,0,0,0,0,0,0,0,0,1
ENSMUSG00000061175,Fnip2,464,537,428,409,386,202,248,393,470,437,459,432
ENSMUSG00000089746,Gm3513,0,0,0,0,1,5,0,1,2,1,2,2
ENSMUSG00000068957,4930589L23Rik,0,0,0,0,0,0,0,0,1,0,0,0
ENSMUSG00000103564,Gm35067,0,0,0,1,0,0,0,0,0,0,0,0
ENSMUSG00000028134,Ptbp2,316,352,285,321,278,363,261,370,330,406,354,383
ENSMUSG00000105572,Gm43300,48,43,29,37,30,37,11,43,29,58,31,43
ENSMUSG00000106099,Gm42664,48,36,51,37,15,29,15,50,38,40,29,32
ENSMUSG00000106075,Gm42804,1,0,0,0,0,0,0,0,0,1,1,0
ENSMUSG00002076635,#N/A,0,0,0,0,0,0,0,0,0,0,0,0
ENSMUSG00002076177,#N/A,0,0,0,0,0,0,0,0,0,0,0,0
ENSMUSG00000104726,Gm18384,0,0,0,0,0,0,0,0,0,0,0,0
ENSMUSG00000065684,Gm23733,0,0,0,0,0,0,0,0,0,0,0,0
ENSMUSG00000027804,Ppid,2985,2958,2784,2510,2958,3318,2498,2894,2964,2897,3527,3130
ENSMUSG00000027680,Fxr1,2171,2349,1867,1832,2181,1935,1555,1951,2170,2115,2448,2185
ENSMUSG00000098097,6530403H02Rik,0,0,0,0,0,0,0,0,0,0,1,0
ENSMUSG00000089027,Gm25013,0,0,0,0,0,0,0,0,0,0,0,0
ENSMUSG00000105207,Gm42927,0,0,0,0,0,0,0,0,0,0,0,0
ENSMUSG00000105243,Gm43444,0,1,1,0,0,0,0,0,0,0,0,0
ENSMUSG00000104749,Gm42926,0,0,0,0,0,0,0,0,0,0,0,0
ENSMUSG00000105135,Gm43667,20,17,15,23,35,32,19,22,18,30,22,24
ENSMUSG00000005774,Rfx5,617,642,542,547,535,317,433,588,509,550,490,423
ENSMUSG00000087660,B230398E01Rik,5,5,6,7,4,2,8,9,9,3,5,4
ENSMUSG00000027809,Etfdh,281,298,228,213,269,171,230,254,231,234,331,273
ENSMUSG00000102370,Gm37973,2,2,3,1,1,0,1,1,3,2,0,1
ENSMUSG00000027811,4930579G24Rik,79,115,105,90,179,86,172,150,120,100,110,136
ENSMUSG00000027679,Dnajc19,190,210,164,156,227,169,208,174,203,189,215,222
ENSMUSG00000028133,Rwdd3,25,21,15,15,13,10,15,23,21,24,21,18
ENSMUSG00000105176,Gm43668,24,24,19,11,13,10,9,17,16,17,19,29
ENSMUSG00000106329,Gm10652,0,0,0,0,0,1,0,0,0,0,0,0
ENSMUSG00000098042,Gm5710,1,8,3,2,0,1,2,5,2,1,0,5
ENSMUSG00000034009,Rxfp1,0,0,0,0,0,0,0,0,0,0,0,0
ENSMUSG00000105265,Sox2ot,0,0,0,0,0,12,0,0,0,0,1,0
ENSMUSG00000098204,Gm26984,0,0,0,0,0,0,0,0,0,0,0,0
ENSMUSG00000105739,Gm5708,1,1,0,0,0,0,0,0,0,0,0,0
ENSMUSG00000092196,Gm38505,0,0,0,0,0,0,0,0,0,0,0,0
ENSMUSG00000105577,Gm34599,0,0,0,0,0,0,0,0,0,0,0,0
ENSMUSG00000092242,Gm20515,0,0,0,0,0,0,0,0,0,0,0,0
ENSMUSG00000099437,Gm29135,0,0,0,0,0,0,0,0,0,0,0,0
ENSMUSG00002075173,#N/A,0,0,0,0,0,0,0,0,0,0,0,0
ENSMUSG00000106525,Gm42695,0,0,0,0,0,0,0,0,0,0,0,0
ENSMUSG00000105222,Gm42205,0,0,0,0,0,0,0,0,0,0,0,0
ENSMUSG00002075164,#N/A,0,0,0,0,0,0,0,0,0,0,0,0
ENSMUSG00000104797,Mir1897,0,0,0,0,0,0,0,0,0,0,0,0
ENSMUSG00000104901,Gm42692,0,0,0,0,0,0,0,0,0,0,0,0
ENSMUSG00000074637,Sox2,0,0,0,0,0,0,0,0,1,0,0,0
ENSMUSG00002075836,#N/A,0,0,0,0,0,0,0,0,0,0,0,0
ENSMUSG00000105284,Gm42693,0,0,0,0,0,0,0,0,0,0,0,0
ENSMUSG00000105101,Gm43206,0,0,0,0,0,0,0,0,0,0,0,0
ENSMUSG00000105153,Gm3143,0,0,0,0,0,2,0,0,0,0,0,0
ENSMUSG00000106519,Gm38509,0,0,0,0,0,0,0,0,0,0,0,0
ENSMUSG00000114832,Gm21388,0,0,0,0,0,0,0,0,0,0,0,0
ENSMUSG00000098862,Mir6378,0,0,0,0,0,0,0,0,0,0,0,0
ENSMUSG00000105651,1700017M07Rik,1,0,0,0,0,0,0,0,0,0,0,0
ENSMUSG00002075462,#N/A,0,0,0,0,0,0,0,0,0,0,0,0
ENSMUSG00000106512,Gm43078,0,0,0,0,0,0,0,0,0,0,0,0
ENSMUSG00000106496,Gm7733,0,0,0,2,3,5,7,3,2,3,1,4
ENSMUSG00000105040,Ube2l3-ps1,0,2,0,1,0,0,0,0,1,0,0,0
ENSMUSG00000054942,Miga1,836,805,657,662,638,460,488,668,758,645,760,717
ENSMUSG00000027956,Tmem144,6,12,14,5,12,5,9,17,6,1,16,13
ENSMUSG00000028132,Tmem56,7,0,2,8,0,0,1,2,2,0,0,0
ENSMUSG00000077461,Gm26420,0,0,0,0,0,0,0,0,0,0,0,0
ENSMUSG00000102191,Gm36569,0,0,0,0,0,0,0,0,0,0,0,0
ENSMUSG00000106619,Gm9353,0,0,0,2,0,0,0,0,0,1,0,0
ENSMUSG00000104902,Gm30517,0,0,0,0,0,0,0,0,0,0,0,0
ENSMUSG00000105662,Gm6639,0,0,0,0,0,0,0,0,0,0,0,0
ENSMUSG00000119567,#N/A,0,0,0,0,0,0,0,0,0,0,0,0
ENSMUSG00000027955,Gask1b,0,0,0,0,0,0,1,0,0,1,1,0
ENSMUSG00000103181,A330069K06Rik,0,0,0,0,0,0,0,0,0,0,0,0
ENSMUSG00000039887,Alg14,67,85,57,55,74,30,79,56,65,52,68,54
ENSMUSG00000103193,Gm19066,0,0,0,0,0,0,0,0,0,0,0,0
ENSMUSG00000105307,Gm43839,0,0,0,0,0,0,0,0,0,0,0,0
ENSMUSG00002075985,#N/A,0,1,0,1,1,0,0,1,0,0,0,1
ENSMUSG00000106455,Gm5711,0,0,0,0,0,0,0,1,0,0,0,0
ENSMUSG00000103154,Gm38295,0,0,0,0,0,0,0,0,0,0,0,0
ENSMUSG00000105813,Gm42928,0,3,0,0,1,0,2,4,1,3,1,1
ENSMUSG00000103929,Gm37892,0,0,0,0,0,0,0,0,0,0,0,0
ENSMUSG00000102379,Gm37971,0,0,0,0,0,0,0,0,0,0,0,0
ENSMUSG00000087123,Gm6706,1,1,1,1,1,0,2,1,0,1,2,1
ENSMUSG00000038861,Pi4kb,920,1014,728,724,706,282,659,762,846,758,744,716
ENSMUSG00000084846,A730011C13Rik,34,23,34,34,24,20,39,36,23,27,33,34
ENSMUSG00000053931,Cnn3,1111,1270,950,912,584,407,998,1040,989,908,675,612
ENSMUSG00000086288,Gm15265,23,24,33,18,20,13,26,24,31,30,24,29
ENSMUSG00000099033,Mir7013,0,2,1,0,3,0,3,2,0,2,0,0
ENSMUSG00000106022,Gm42929,3,3,2,1,1,3,1,4,2,7,2,3
ENSMUSG00000039865,Slc44a3,0,1,2,0,1,4,1,1,0,0,0,0
ENSMUSG00000097124,A530020G20Rik,0,0,0,0,0,1,0,0,0,0,1,0
ENSMUSG00000019338,Zfp687,498,450,376,355,353,172,295,394,374,398,368,398
ENSMUSG00000085956,4930481B07Rik,1,0,5,3,5,3,4,4,4,2,4,4
ENSMUSG00000044522,A730020M07Rik,0,0,0,0,0,0,0,0,0,0,0,0
ENSMUSG00000074248,4930432M17Rik,0,0,0,0,0,0,0,0,0,0,0,0
ENSMUSG00000106036,Gm43608,0,0,0,0,0,0,0,0,0,0,0,0
ENSMUSG00000105767,Gm43607,0,0,0,0,0,0,0,0,0,0,0,0
ENSMUSG00000106224,Gm43823,0,0,3,0,0,0,0,1,1,0,0,0
ENSMUSG00000037400,Atp11b,2743,2805,2366,2338,2287,1773,1733,2628,2417,2349,2565,2348
ENSMUSG00000028128,F3,84,65,36,52,30,15,27,37,39,34,36,33
ENSMUSG00000104676,Gm42777,0,0,1,0,0,5,0,1,0,3,0,0
ENSMUSG00000104897,Gm43203,11,9,9,12,10,1,13,11,5,15,13,15
ENSMUSG00000097713,Gm7741,4,10,6,5,5,2,6,9,4,0,5,3
ENSMUSG00000005625,Psmd4,2856,3123,2398,2560,2807,1335,2625,2689,2891,2526,2751,2532
ENSMUSG00000027708,Dcun1d1,544,632,456,537,531,442,465,531,504,561,583,486
ENSMUSG00000028127,Abcd3,1297,1410,1046,1079,988,738,898,1121,1284,1201,803,889
ENSMUSG00000085655,Gm15952,9,14,4,8,5,3,11,7,9,8,13,7
ENSMUSG00000105095,8430422M14Rik,7,3,4,3,5,5,0,6,2,1,11,5
ENSMUSG00000106087,Gm43609,13,19,13,13,18,20,14,18,17,18,18,15
ENSMUSG00000105597,4633401B06Rik,4,2,5,3,1,1,1,3,6,5,4,1
ENSMUSG00000105889,Gm42776,0,1,0,0,0,1,0,0,1,0,0,0
ENSMUSG00000104595,Gm42593,0,0,0,0,0,0,0,0,0,0,0,0
ENSMUSG00000033981,Gria2,0,0,0,0,0,4,0,0,0,0,1,0
ENSMUSG00002075502,#N/A,0,0,0,0,0,0,0,0,0,0,0,0
ENSMUSG00000027709,Mccc1,285,296,222,182,252,163,186,209,292,216,297,275
ENSMUSG00000028020,Glrb,0,0,0,0,0,0,0,0,0,0,0,0
ENSMUSG00000105092,Gm42468,0,0,0,0,0,0,0,0,0,0,0,0
ENSMUSG00000103419,Gm29808,0,0,0,0,0,0,0,1,0,0,0,0
ENSMUSG00000105556,Gm43080,16,16,10,6,10,16,3,21,13,14,17,17
ENSMUSG00000025437,Usp33,1188,1267,978,977,908,617,857,976,1077,1067,887,871
ENSMUSG00000106096,B230207O21Rik,0,0,0,0,0,0,0,0,0,0,0,0
ENSMUSG00000106293,Gm42476,0,0,0,0,0,0,0,0,0,0,0,0
ENSMUSG00000086392,Mccc1os,3,4,5,0,3,6,0,3,1,6,3,3
ENSMUSG00000104822,Gm42967,0,0,1,1,2,4,2,0,3,0,2,2
ENSMUSG00000105710,Gm43859,6,4,3,1,5,1,1,3,4,9,5,2
ENSMUSG00000104546,Gm43858,29,23,26,18,35,31,17,29,17,13,32,21
ENSMUSG00000104548,Gm43857,9,8,8,4,11,14,5,15,9,7,24,17
ENSMUSG00000028019,Pdgfc,13,12,10,6,0,1,0,9,12,7,0,2
ENSMUSG00000085106,Gm16000,0,0,0,0,0,0,0,1,0,0,0,0
ENSMUSG00000102223,Gm37300,0,0,0,0,0,0,0,0,0,0,0,0
ENSMUSG00000102710,Gm4857,0,0,0,0,0,0,0,0,0,0,0,0
ENSMUSG00000104732,Gm43346,0,0,0,0,0,1,0,0,0,0,0,0
ENSMUSG00000103695,A830029E22Rik,0,0,0,0,0,0,0,0,0,0,0,0
ENSMUSG00000089444,Gm22531,0,0,0,0,0,0,0,0,0,0,0,0
ENSMUSG00000056023,Gm9989,0,0,0,0,0,0,0,0,0,0,0,0
ENSMUSG00000047696,Ccdc144b,0,0,0,0,0,0,0,0,0,0,0,0
ENSMUSG00000028015,Ctso,213,253,149,158,156,82,145,143,210,177,145,169
ENSMUSG00000027710,Acad9,697,753,590,594,636,310,508,627,697,627,651,597
ENSMUSG00000105055,Gm43079,0,0,0,0,0,0,0,0,0,0,0,0
ENSMUSG00000105419,Gm43205,4,2,2,0,3,0,2,2,1,0,1,4
ENSMUSG00000028011,Tdo2,0,0,0,0,0,0,0,0,0,0,0,0
ENSMUSG00000039831,Arhgap29,86,103,91,69,58,51,57,91,86,90,99,95
ENSMUSG00000028126,Pip5k1a,2098,2278,1901,1917,1743,946,1545,1931,1860,1678,1774,1628
ENSMUSG00000033883,Zfp267,195,172,131,170,185,179,132,201,158,179,217,165
ENSMUSG00000064952,Gm24920,0,0,0,0,1,0,0,0,2,0,0,0
ENSMUSG00000104869,Gm42544,0,0,0,0,0,9,1,0,0,0,0,1
ENSMUSG00000064590,Gm22301,0,0,0,0,0,0,0,0,0,0,0,0
ENSMUSG00000058400,Qrfpr,0,0,0,0,0,0,0,0,0,0,0,0
ENSMUSG00000028008,Asic5,0,0,0,0,0,2,0,0,0,0,1,0
ENSMUSG00000008958,Vps72,576,640,491,449,591,287,539,576,658,514,768,667
ENSMUSG00000104568,Gm43255,0,0,0,0,0,0,0,0,0,0,0,0
ENSMUSG00000106180,Gm18893,0,0,0,0,0,0,0,0,0,0,0,0
ENSMUSG00000106140,Gm42208,0,0,0,0,0,0,0,0,0,0,0,0
ENSMUSG00000105281,Gm17835,0,0,0,0,0,0,0,0,0,0,0,0
ENSMUSG00000105792,Gm17887,0,0,0,0,0,0,0,1,0,0,0,0
ENSMUSG00000028005,Gucy1b1,38,46,8,12,28,17,7,21,33,32,29,40
ENSMUSG00000027712,Anxa5,2006,2236,1558,1758,1111,877,1707,1809,1696,1446,1349,1109
ENSMUSG00000098808,Mir7009,0,0,0,0,0,0,0,0,0,0,0,0
ENSMUSG00000027713,1810062G17Rik,4,1,3,1,1,0,3,6,0,0,1,1
ENSMUSG00000085320,Gm11548,0,0,0,0,0,0,0,0,0,0,0,0
ENSMUSG00000033910,Gucy1a1,239,238,69,52,73,60,59,67,148,153,140,164
ENSMUSG00000085007,Gm11549,0,0,1,0,0,0,0,0,0,0,0,0
ENSMUSG00000098712,Mir7010,0,1,0,0,0,0,0,0,0,0,0,0
ENSMUSG00000083388,Gm11550,5,9,6,6,2,0,5,0,6,4,3,2
ENSMUSG00000005628,Tmod4,8,13,13,8,17,11,16,10,7,10,20,21
ENSMUSG00000028125,Abca4,0,1,0,0,0,0,0,0,0,0,0,0
ENSMUSG00000104887,Gm43158,0,0,0,0,0,1,0,0,0,0,0,0
ENSMUSG00000105351,Gm43157,0,0,0,0,0,0,0,0,0,0,0,0
ENSMUSG00000104799,Gm9361,0,0,0,0,0,0,0,0,0,0,0,0
ENSMUSG00000078592,Gm4609,9,2,4,4,0,0,3,0,4,2,1,0
ENSMUSG00002076165,#N/A,0,0,0,0,0,0,0,0,0,0,0,0
ENSMUSG00000039068,Zzz3,2972,2996,2476,2392,2520,1726,1870,2275,2796,2590,2539,2274
ENSMUSG00000092607,Scnm1,374,453,326,336,418,355,379,402,382,344,396,408
ENSMUSG00000027714,Exosc9,1634,1798,1423,1482,1480,1310,1386,1483,1630,1543,1446,1388
ENSMUSG00000053769,Lysmd1,10,10,3,8,4,5,5,5,2,2,5,5
ENSMUSG00000098498,Mir8099-1,0,0,0,0,0,0,0,0,0,0,0,0
ENSMUSG00000013707,Tnfaip8l2,102,107,80,86,115,52,122,109,115,109,175,146
ENSMUSG00000098198,Gm9169,0,4,0,0,1,0,0,1,1,1,1,1
ENSMUSG00000039058,Ak5,1,0,0,1,0,0,2,0,0,1,0,0
ENSMUSG00000097745,AI115009,0,0,0,0,0,1,0,0,0,0,0,0
ENSMUSG00000028124,Gclm,733,827,698,703,777,515,766,805,795,714,747,724
ENSMUSG00000057359,Gm17494,17,39,25,36,15,1,23,12,22,13,19,11
ENSMUSG00000093392,Gm6061,0,0,0,0,0,0,0,0,0,0,0,0
ENSMUSG00000027715,Ccna2,2007,2000,2168,2151,4102,3128,3148,3242,2112,1951,3356,3081
ENSMUSG00000039756,Dnttip2,4707,5246,3951,4239,3985,4134,3293,4171,4681,4642,4490,4064
ENSMUSG00000033900,Map9,207,191,152,133,112,109,135,154,142,139,131,129
ENSMUSG00000105057,Gm40190,0,0,0,0,0,0,0,0,0,0,0,0
ENSMUSG00000076456,Mir760,0,0,0,0,0,0,0,0,0,0,0,0
ENSMUSG00000028004,Npy2r,0,0,0,0,0,0,0,0,0,0,0,0
ENSMUSG00000102514,Gm35323,0,0,0,0,0,0,0,0,0,0,0,0
ENSMUSG00000102629,Gm29999,0,0,0,0,0,0,0,0,0,0,0,0
ENSMUSG00000104772,Gm43347,1,0,1,0,0,0,0,0,0,1,0,0
ENSMUSG00000104898,Gm30043,0,0,0,0,0,0,0,0,0,0,0,0
ENSMUSG00002074992,#N/A,0,0,0,0,0,0,0,0,0,0,0,0
ENSMUSG00000105034,Gm43348,0,0,0,0,0,0,0,0,0,0,0,0
ENSMUSG00000033882,Rbm46,0,0,0,0,0,0,0,0,0,0,0,0
ENSMUSG00000028121,Bcar3,7,10,8,9,5,1,1,3,7,3,1,8
ENSMUSG00000104554,Gm4610,0,0,0,0,0,0,0,0,0,0,0,0
ENSMUSG00000086273,Rbm46os,0,0,0,1,0,0,0,0,0,0,1,0
ENSMUSG00000104574,Gm42836,0,0,0,0,0,0,0,0,0,0,0,0
ENSMUSG00002075702,#N/A,0,0,0,0,0,0,0,0,0,0,0,0
ENSMUSG00000028003,Lrat,0,0,0,0,0,0,0,0,0,0,0,0
ENSMUSG00000102595,Gm30097,0,0,0,0,0,0,0,0,0,0,0,0
ENSMUSG00000033860,Fgg,0,0,0,0,0,0,0,0,0,0,0,0
ENSMUSG00000028001,Fga,0,0,0,0,1,3,0,0,0,0,0,0
ENSMUSG00000039047,Pigk,704,855,689,677,774,475,549,658,822,707,825,725
ENSMUSG00000090095,Rpl29-ps1,0,0,0,0,0,0,0,0,0,0,0,0
ENSMUSG00000033831,Fgb,0,0,0,0,0,0,0,0,0,0,0,0
ENSMUSG00000039037,St6galnac5,0,1,0,0,0,1,0,1,0,0,0,0
ENSMUSG00000090040,Gm16232,0,0,0,0,0,0,0,0,0,0,0,0
ENSMUSG00000090017,Gm16213,0,0,0,0,0,0,0,0,0,0,0,0
ENSMUSG00000090163,Gm16231,0,0,0,0,0,0,0,0,0,0,0,0
ENSMUSG00000105894,Gm42710,0,0,0,0,0,0,0,0,0,0,0,0
ENSMUSG00000105337,1700094M23Rik,0,0,0,0,0,0,1,0,0,0,0,0
ENSMUSG00000052544,St6galnac3,0,2,1,0,0,3,0,1,2,2,1,1
ENSMUSG00000105023,1700012D16Rik,0,0,0,0,0,0,0,0,0,0,0,0
ENSMUSG00000106024,A530083M17Rik,0,0,0,0,0,0,0,2,0,0,0,0
ENSMUSG00002075751,#N/A,0,0,0,0,0,0,0,0,0,0,0,0
ENSMUSG00000104908,1700015C17Rik,0,0,0,0,0,0,0,0,0,0,0,0
ENSMUSG00000104964,4930597L12Rik,0,0,0,0,0,0,0,0,0,0,0,0
ENSMUSG00002076290,#N/A,0,0,0,0,0,0,0,0,0,0,0,0
ENSMUSG00000089237,Gm22206,0,0,0,0,0,0,0,0,0,0,0,0
ENSMUSG00000106011,Gm43833,0,0,0,0,0,0,0,0,0,0,0,0
ENSMUSG00000058508,Gm10042,0,0,0,0,0,0,0,0,0,0,0,0
ENSMUSG00000062046,5730460C07Rik,0,0,0,0,0,2,0,0,0,0,0,0
ENSMUSG00000077174,Gm25757,0,0,0,0,0,0,0,0,0,0,0,0
ENSMUSG00000037325,Bbs7,8,7,5,6,4,15,5,9,3,5,6,8
ENSMUSG00000086438,Asb17os,0,0,0,1,0,1,0,0,0,0,1,0
ENSMUSG00000038997,Asb17,0,0,1,1,0,0,0,0,3,0,0,1
ENSMUSG00000039735,Fnbp1l,32,26,25,28,29,32,27,34,23,19,30,24
ENSMUSG00000027716,Trpc3,2,2,0,2,1,3,0,1,0,0,0,0
ENSMUSG00000082548,Gm12377,0,0,0,0,0,0,0,0,0,0,0,0
ENSMUSG00000084027,Gm12376,0,0,0,0,0,0,0,0,0,0,0,0
ENSMUSG00000104773,Mir7657,0,0,0,0,0,0,0,0,0,0,0,0
ENSMUSG00000106194,Gm43569,0,0,0,0,0,0,0,0,0,0,0,0
ENSMUSG00000106364,Gm42994,0,0,0,0,0,0,0,0,0,0,0,0
ENSMUSG00000106365,Gm43568,0,0,0,0,0,0,1,2,0,0,0,0
ENSMUSG00000106562,Gm5981,0,0,0,1,0,1,0,1,0,0,0,0
ENSMUSG00000027998,Plrg1,1982,2287,1705,1788,2033,1085,1827,1901,2071,1898,1855,1705
ENSMUSG00000074517,Gm10710,0,0,0,0,0,0,0,0,0,0,0,0
ENSMUSG00000102692,Dchs2,0,0,0,0,0,0,0,0,0,0,1,0
ENSMUSG00000103459,Gm38096,0,0,0,0,0,0,0,0,0,0,0,0
ENSMUSG00000101334,1700028M03Rik,0,0,0,0,0,0,0,0,0,0,0,0
ENSMUSG00002074954,#N/A,0,0,0,0,0,0,0,0,0,0,0,0
ENSMUSG00000102137,Rpl28-ps2,0,0,0,0,1,0,0,0,0,0,0,0
ENSMUSG00000119833,#N/A,0,0,0,0,0,0,0,0,0,0,0,0
ENSMUSG00000027996,Sfrp2,3,2,6,5,5,0,5,8,6,1,0,3
ENSMUSG00000097250,Gm26771,4,2,5,7,6,0,4,1,7,4,4,7
ENSMUSG00000104082,Gm7115,4,0,0,1,0,0,0,0,0,0,0,0
ENSMUSG00000027995,Tlr2,43,42,46,48,24,16,32,31,29,39,29,13
ENSMUSG00000053965,Pde5a,7,8,10,6,19,19,8,12,9,14,17,11
ENSMUSG00000106583,4930447N08Rik,0,0,0,0,0,0,0,0,0,0,0,0
ENSMUSG00000106376,Gm34139,0,0,0,0,0,0,0,0,0,0,0,0
ENSMUSG00000106059,Gm9364,0,2,0,0,0,0,0,1,0,0,0,1
ENSMUSG00000097852,4933405D12Rik,0,0,0,0,0,1,0,0,0,1,0,0
ENSMUSG00000023057,Fabp2,0,0,0,0,0,0,0,0,0,0,0,0
ENSMUSG00000078590,Gm10959,0,0,0,0,1,1,0,0,0,0,0,0
ENSMUSG00000054091,1810037I17Rik,449,534,419,524,482,537,579,673,428,397,489,378
ENSMUSG00000005493,Msh4,4,2,1,4,5,6,4,5,1,8,0,9
ENSMUSG00000088764,Gm24395,0,0,0,0,0,0,0,0,0,0,0,0
ENSMUSG00000038777,Sema6c,8,9,3,3,13,8,4,3,6,6,11,12
ENSMUSG00000039701,Usp53,136,163,124,122,117,119,86,160,161,157,173,164
ENSMUSG00000105478,Gm43285,0,0,0,0,1,0,0,0,0,0,0,0
ENSMUSG00000028116,Myoz2,0,0,0,0,0,0,0,0,0,0,0,0
ENSMUSG00000038766,Gabpb2,4933,4888,4882,4505,4647,3311,3090,4697,4374,4115,4570,4307
ENSMUSG00002075254,#N/A,0,0,0,0,0,0,0,0,0,0,0,0
ENSMUSG00000097167,Gm16740,20,25,20,25,32,6,20,22,20,17,27,25
ENSMUSG00000106114,Gm43286,0,0,0,0,0,0,0,0,0,0,0,0
ENSMUSG00000053192,Mllt11,441,458,415,357,519,430,389,411,394,390,528,502
ENSMUSG00000050315,Synpo2,13,14,3,5,4,8,3,4,11,8,7,8
ENSMUSG00000106012,Gm43744,0,2,2,0,0,0,0,0,0,0,1,0
ENSMUSG00000105562,Gm43287,0,0,0,0,0,0,0,0,0,0,0,0
ENSMUSG00000106220,Gm43288,0,0,0,0,0,0,0,0,0,0,0,0
ENSMUSG00000106490,Gm43283,0,0,0,0,0,0,0,0,0,0,0,0
ENSMUSG00000046722,Cdc42se1,4002,4400,3221,3192,3761,1544,3219,3472,3596,3180,3774,3442
ENSMUSG00000068860,Gm128,0,0,0,1,0,0,2,0,0,1,1,0
ENSMUSG00000039234,Sec24d,786,848,575,561,430,218,433,566,553,448,499,406
ENSMUSG00000038975,Rabggtb,2646,2913,2439,2440,2768,1937,2605,2654,2537,2447,2723,2726
ENSMUSG00000064731,Snord45b,0,0,0,0,0,0,0,0,0,0,0,0
ENSMUSG00000065738,Gm24494,34,22,21,22,16,14,9,25,18,16,15,14
ENSMUSG00000065463,Snord45c,0,0,0,0,0,0,0,0,0,0,0,0
ENSMUSG00000105820,Gm43400,1,3,1,0,0,0,0,0,0,0,1,0
ENSMUSG00000033767,Tmem131l,2699,3158,2011,2157,2006,1090,1760,2252,2820,2868,2421,2207
ENSMUSG00000028115,Bnipl,0,3,0,0,0,0,1,0,2,0,3,1
ENSMUSG00000103261,Gm36981,14,18,11,6,14,11,8,6,26,10,20,14
ENSMUSG00000033752,Mnd1,34,35,43,48,71,42,60,64,38,17,48,58
ENSMUSG00000015711,Prune1,242,259,166,179,277,146,207,234,243,216,265,286
ENSMUSG00000028114,Mettl14,902,883,713,755,764,691,629,871,854,846,811,716
ENSMUSG00000080545,Gm22713,0,0,0,0,0,0,0,0,0,0,0,0
ENSMUSG00000105784,Gm35065,0,0,0,0,0,0,1,0,0,0,0,0
ENSMUSG00000062908,Acadm,509,563,415,424,494,364,403,454,489,397,484,488
ENSMUSG00000027978,Prss12,4,23,11,13,1,2,3,4,5,6,1,4
ENSMUSG00000105058,Gm43590,0,0,0,0,0,0,0,0,0,0,0,0
ENSMUSG00000104960,Snhg8,677,734,614,715,704,433,754,745,675,587,617,588
ENSMUSG00000092730,Snora24,0,0,0,0,0,0,0,0,0,0,0,0
ENSMUSG00000104670,Gm9369,0,0,0,0,1,1,0,0,0,0,0,0
ENSMUSG00000028360,Slc44a5,0,1,0,0,0,0,0,0,0,0,0,0
ENSMUSG00000090114,Gm3076,1,0,0,0,0,0,0,0,0,0,0,0
ENSMUSG00000104622,Gm42541,0,0,0,0,0,0,0,0,0,0,0,0
ENSMUSG00000106500,Gm42540,0,0,0,0,0,0,0,0,0,0,0,0
ENSMUSG00000038712,Mindy1,59,87,65,61,88,32,102,88,85,55,104,113
ENSMUSG00000096225,Lhx8,0,0,0,0,0,0,0,0,0,0,0,0
ENSMUSG00000093738,AI606473,0,0,0,0,0,0,0,0,0,0,0,0
ENSMUSG00000015702,Anxa9,67,66,54,60,62,36,55,54,59,43,100,81
ENSMUSG00000093424,6330562C20Rik,26,22,18,15,16,9,12,17,19,18,22,21
ENSMUSG00000047583,Tyw3,224,231,203,191,198,176,203,215,246,222,204,202
ENSMUSG00000027977,Ndst3,4,4,1,1,0,1,0,0,1,0,0,0
ENSMUSG00000104860,Gm42510,0,0,0,0,0,0,0,0,0,1,0,0
ENSMUSG00000119894,#N/A,0,0,0,0,0,0,0,0,0,0,0,0
ENSMUSG00000080842,Gm15400,0,0,0,1,0,0,0,1,2,1,0,0
ENSMUSG00000081939,Gm15399,0,0,0,0,0,0,1,0,0,0,0,0
ENSMUSG00000104531,Gm43731,0,0,0,0,0,1,0,0,0,0,0,0
ENSMUSG00000090474,Gm9372,1,0,0,0,0,1,0,0,1,0,0,0
ENSMUSG00000106238,Gm42824,0,0,0,0,0,0,0,0,1,0,0,0
ENSMUSG00000044528,Tram1l1,0,0,0,0,0,0,0,0,0,1,0,0
ENSMUSG00000096544,Gm4617,14,5,8,14,12,12,9,5,6,12,14,14
ENSMUSG00000106150,4921527H02Rik,0,0,0,0,0,0,0,0,0,0,0,0
ENSMUSG00000015714,Cers2,5133,5678,4178,4305,4715,2312,4697,4663,4842,4290,4921,4278
ENSMUSG00000027973,1700006A11Rik,0,0,0,0,0,0,0,0,0,0,0,0
ENSMUSG00000064915,Gm22575,0,0,0,0,0,0,0,0,0,0,0,0
ENSMUSG00000106413,Gm42823,0,0,0,0,0,0,0,0,0,0,0,0
ENSMUSG00000119192,#N/A,0,0,0,0,0,0,0,0,0,0,0,0
ENSMUSG00000039174,1700003H04Rik,0,0,0,0,0,0,0,0,0,0,0,0
ENSMUSG00000106009,Gm9379,7,3,1,2,1,10,4,2,3,7,1,6
ENSMUSG00000106423,Gm42825,0,0,0,0,0,0,0,0,0,0,0,0
ENSMUSG00002076850,#N/A,0,0,0,0,0,0,0,0,0,0,0,0
ENSMUSG00000098033,Gm9381,8,9,6,12,5,1,10,10,10,2,8,4
ENSMUSG00000106001,Gm42826,0,0,0,0,0,0,0,0,0,0,0,0
ENSMUSG00000027993,Trim2,84,77,110,88,62,67,55,66,65,75,89,55
ENSMUSG00000104043,Gm6525,4,2,6,6,4,6,4,15,6,3,3,5
ENSMUSG00000104004,4930565D16Rik,0,0,0,0,0,0,0,0,0,0,0,0
ENSMUSG00000027971,Ndst4,0,0,1,0,0,0,0,0,0,0,0,0
ENSMUSG00000032854,Ugt8a,0,0,0,0,1,1,0,0,0,0,0,0
ENSMUSG00002076235,#N/A,0,0,0,0,0,0,0,0,0,0,0,0
ENSMUSG00000106503,Gm42827,0,0,0,0,0,0,0,0,0,0,0,0
ENSMUSG00000041842,Fhdc1,79,86,132,127,68,50,51,91,85,85,52,47
ENSMUSG00000106094,Gm18916,1,0,1,1,1,0,0,0,1,2,0,1
ENSMUSG00000046561,Arsj,0,0,0,0,0,0,0,0,0,0,0,0
ENSMUSG00000090427,Gm17225,1,0,0,0,0,0,0,0,0,0,0,0
ENSMUSG00000105695,Gm43327,0,0,0,0,0,0,0,0,0,0,0,0
ENSMUSG00000105233,Gm20568,2,2,0,0,0,0,1,1,0,0,0,0
ENSMUSG00000074513,Arfip1,154,129,131,127,97,46,95,119,107,124,129,104
ENSMUSG00000028199,Cryz,83,66,65,35,44,30,50,64,70,49,54,43
ENSMUSG00000103204,Gm38139,0,0,0,0,0,0,0,0,0,0,0,0
ENSMUSG00000102805,Gm37240,0,0,1,0,0,0,0,0,0,0,0,0
ENSMUSG00000085625,Gm8813,0,0,0,0,0,1,0,1,0,2,0,1
ENSMUSG00000103741,Gm38241,1,1,2,0,0,0,1,0,0,1,1,0
ENSMUSG00000047819,Tigd4,0,0,0,0,0,0,0,0,0,0,0,0
ENSMUSG00000056498,Tmem154,838,936,494,522,293,176,376,473,673,628,502,377
ENSMUSG00000078161,Erich3,0,0,1,0,1,0,0,0,1,0,0,0
ENSMUSG00000092522,Gm20389,0,0,0,0,0,0,0,0,0,0,0,0
ENSMUSG00000037270,4932438A13Rik,2032,1992,1806,1708,1670,1220,892,1828,1454,1691,1902,1662
ENSMUSG00000086090,Gm12531,0,0,0,1,1,0,0,0,0,0,0,0
ENSMUSG00000015697,Setdb1,2260,2496,2054,2027,2361,1458,1744,2231,2107,1850,2451,2181
ENSMUSG00000105860,Gm42578,0,0,0,0,0,0,0,0,0,0,0,0
ENSMUSG00000103900,Gm37500,0,2,1,0,0,1,1,2,0,1,2,0
ENSMUSG00000105734,4930558C23Rik,0,0,0,0,0,0,0,0,0,0,0,0
ENSMUSG00000096177,Gm5070,14,15,9,19,27,4,12,8,10,12,14,7
ENSMUSG00000104646,Gm9173,0,0,0,0,0,0,0,0,0,0,0,0
ENSMUSG00000097532,Gm4349,0,1,0,0,2,4,1,1,0,0,2,0
ENSMUSG00000027719,Adad1,0,4,1,1,3,3,3,3,1,2,0,2
ENSMUSG00000081705,Gm12582,1,0,0,0,0,0,1,0,0,1,0,0
ENSMUSG00000082878,Gm12583,22,11,9,19,17,14,16,26,19,21,24,25
ENSMUSG00000083857,Gm12584,0,0,0,1,0,5,0,0,0,0,0,0
ENSMUSG00000027720,Il2,6276,9008,9854,11758,9499,6792,5742,6114,6173,6613,2756,2665
ENSMUSG00000084754,Gm12532,0,1,0,1,2,2,1,0,0,0,0,0
ENSMUSG00000028086,Fbxw7,1641,1737,1510,1325,1172,881,1169,1313,1329,1307,1130,1080
ENSMUSG00000027718,Il21,690,919,494,528,113,53,443,522,430,463,180,147
ENSMUSG00000086517,Gm12534,3,6,10,6,3,3,3,5,5,4,4,3
ENSMUSG00000104998,Gm43822,4,1,4,1,4,0,3,6,0,3,2,4
ENSMUSG00002075204,#N/A,0,0,0,0,0,0,0,0,0,0,0,0
ENSMUSG00000102919,Gm37726,9,10,9,9,2,12,3,14,11,10,3,10
ENSMUSG00000040086,Tnni3k,0,0,0,0,0,0,0,0,0,0,0,0
ENSMUSG00000104290,Gm38041,0,0,0,0,0,0,1,0,0,0,0,0
ENSMUSG00000102703,Gm38313,0,0,0,0,0,0,0,0,0,0,0,0
ENSMUSG00000099995,1700036G14Rik,0,0,0,0,0,0,0,0,0,0,0,0
ENSMUSG00000118443,Gm18589,0,0,0,0,0,0,0,0,0,0,0,2
ENSMUSG00000102238,Gm37890,0,0,0,0,0,0,0,0,0,0,0,0
ENSMUSG00000105012,Gm42813,0,0,0,0,0,0,0,0,0,0,0,0
ENSMUSG00000110441,Gm45790,0,0,0,0,0,0,0,0,0,0,0,0
ENSMUSG00000080424,Mir466k,0,0,0,0,0,0,0,0,0,0,0,0
ENSMUSG00000106422,Gm42812,0,0,0,0,0,0,0,0,0,0,0,0
ENSMUSG00000085527,Gm15535,0,0,0,0,0,0,0,1,0,0,0,1
ENSMUSG00000053870,Fpgt,466,530,388,366,351,265,333,369,461,424,368,383
ENSMUSG00000064765,Gm26456,0,0,0,0,0,2,1,0,0,0,0,0
ENSMUSG00000045031,Cetn4,69,78,77,78,99,82,92,96,98,83,81,78
ENSMUSG00000106407,Gm43439,0,0,0,0,0,0,0,0,1,0,1,2
ENSMUSG00000051444,Bbs12,180,237,173,171,253,175,150,148,191,135,211,210
ENSMUSG00000083353,Gm12540,0,2,1,0,0,0,0,0,0,0,0,2
ENSMUSG00000054779,Fgf2os,0,1,0,0,0,1,0,1,1,0,1,2
ENSMUSG00000105063,Gm43488,0,0,0,2,1,4,1,0,0,0,1,1
ENSMUSG00000037225,Fgf2,437,432,312,255,504,439,233,410,378,391,520,467
ENSMUSG00000105134,Gm42923,0,0,0,0,0,0,0,0,0,0,0,0
ENSMUSG00000028085,Gatb,178,217,171,161,220,108,140,162,226,165,241,279
ENSMUSG00000028182,Lrriq3,0,2,0,2,3,0,1,0,0,0,1,0
ENSMUSG00000104122,Gm37482,0,0,0,0,1,1,0,0,0,0,0,1
ENSMUSG00000103511,Gm5285,0,0,0,0,0,0,0,0,0,0,0,0
ENSMUSG00000103295,Scp2-ps1,0,0,0,0,0,0,0,0,0,0,0,0
ENSMUSG00000103981,Gm37449,0,0,0,0,0,0,0,0,0,0,0,0
ENSMUSG00000104329,Gm37324,0,0,0,0,0,0,0,0,0,0,0,0
ENSMUSG00000065807,Gm23038,0,0,0,0,0,0,0,0,0,0,0,0
ENSMUSG00000102443,Gm37102,0,0,0,0,0,0,0,0,0,0,0,0
ENSMUSG00000104377,Gm37515,0,0,0,0,0,0,0,0,0,0,0,0
ENSMUSG00000104553,9330178D15Rik,0,0,0,0,0,3,0,0,0,0,0,0
ENSMUSG00000104826,Gm42947,0,0,0,0,0,0,0,0,0,0,0,0
ENSMUSG00000105949,Gm6510,0,1,0,0,0,0,0,0,0,0,0,0
ENSMUSG00000104573,Gm42886,0,0,0,0,0,0,0,0,0,0,0,0
ENSMUSG00000085084,4930570G19Rik,0,0,0,0,0,3,1,0,0,0,0,0
ENSMUSG00000051000,Fam160a1,2,5,1,6,7,6,0,2,6,7,0,2
ENSMUSG00000050174,Nudt6,82,101,82,83,121,63,98,76,94,86,92,104
ENSMUSG00000031286,Glt28d2,2,1,0,0,0,0,0,1,1,2,1,2
ENSMUSG00000106508,4933425M03Rik,0,0,0,0,0,0,0,0,0,0,0,0
ENSMUSG00000119325,#N/A,0,0,0,0,0,0,0,0,0,0,0,0
ENSMUSG00000103993,Gm38030,0,0,0,0,2,0,1,0,0,0,0,0
ENSMUSG00000044330,Gm9790,0,0,0,1,0,0,0,0,0,0,2,0
ENSMUSG00002075155,#N/A,0,0,0,0,0,0,0,0,0,0,0,0
ENSMUSG00000118701,#N/A,0,0,0,0,0,0,0,0,0,0,0,0
ENSMUSG00000098444,Gm27811,0,0,0,0,0,0,0,0,0,0,0,0
ENSMUSG00000040037,Negr1,0,0,0,0,1,2,0,0,0,0,0,0
ENSMUSG00000104696,Gm42946,0,0,0,0,0,0,0,0,0,0,1,0
ENSMUSG00000106047,Gm42942,0,0,0,0,0,0,0,0,0,0,0,0
ENSMUSG00000106385,Gm42943,0,0,0,0,0,0,0,2,0,0,0,0
ENSMUSG00000105290,Gm43528,0,0,0,0,0,0,0,0,0,0,0,0
ENSMUSG00000083122,Gm15578,1,1,1,1,0,1,1,1,1,2,0,0
ENSMUSG00000086708,Gm15577,0,0,0,0,0,1,0,0,0,0,0,0
ENSMUSG00000106018,Gm43527,0,0,0,0,0,0,0,0,0,0,0,0
ENSMUSG00000105803,Gm43526,0,0,0,0,0,0,0,0,0,0,0,0
ENSMUSG00000102322,4930566N20Rik,0,0,0,0,0,0,0,0,0,0,0,0
ENSMUSG00000077581,Gm24373,0,0,0,0,0,0,0,0,0,0,0,0
ENSMUSG00000119092,#N/A,0,0,0,0,0,0,0,0,0,0,0,0
ENSMUSG00000118872,#N/A,0,0,0,0,0,0,0,0,0,0,0,0
ENSMUSG00000118829,#N/A,0,0,0,0,0,0,0,0,0,0,0,0
ENSMUSG00000104555,Gm5983,0,1,0,0,0,0,0,0,0,0,0,0
ENSMUSG00000105834,4930592C13Rik,0,2,0,0,0,0,1,0,4,0,0,0
ENSMUSG00000027722,Spata5,1994,2143,1749,1850,1959,1258,1552,1829,2067,1855,1977,1913
ENSMUSG00000106166,Gm43484,13,10,8,5,3,18,9,7,11,21,9,23
ENSMUSG00000080723,Gm12564,0,0,0,0,0,0,0,0,0,0,0,0
ENSMUSG00000081093,Gm12565,0,3,2,3,0,0,1,1,0,1,1,1
ENSMUSG00000085677,4930594O21Rik,0,0,0,0,0,0,0,0,0,0,0,0
ENSMUSG00000104605,Gm42922,30,28,32,41,18,9,21,21,34,35,21,11
ENSMUSG00000037211,Spry1,3303,3989,4080,4236,3316,1706,2800,3114,3230,2744,2638,2476
ENSMUSG00000106062,Gm43820,17,14,25,24,15,8,17,28,20,16,7,11
ENSMUSG00000104935,Gm43414,2,0,0,1,0,0,1,1,0,1,2,2
ENSMUSG00000058174,Gm5148,7,1,0,3,1,1,1,2,3,7,1,1
ENSMUSG00000100755,Rps23-ps1,0,0,0,0,0,0,0,0,0,0,0,0
ENSMUSG00000097304,Rpl31-ps15,0,1,3,0,0,0,2,1,1,0,0,0
ENSMUSG00000106441,Gm42921,3,2,3,3,3,2,1,5,0,2,0,3
ENSMUSG00000089123,Gm26404,0,0,0,0,0,0,0,0,0,0,0,0
ENSMUSG00000106621,Gm42752,1,3,1,2,2,0,1,1,0,1,0,2
ENSMUSG00000105252,Gm42753,0,0,0,0,0,0,0,0,0,0,0,0
ENSMUSG00000015522,Arnt,916,999,824,833,846,473,680,907,880,868,835,730
ENSMUSG00000106461,Gm20755,0,0,0,0,1,0,0,2,0,0,0,0
ENSMUSG00000087457,Gm7799,0,0,2,1,1,1,3,0,1,0,2,0
ENSMUSG00000105099,Gm42751,0,0,0,0,0,0,0,0,0,0,0,0
ENSMUSG00000118777,#N/A,0,0,0,0,0,0,0,0,0,0,0,0
ENSMUSG00000105219,Gm43821,0,0,0,0,0,0,0,0,1,0,0,0
ENSMUSG00000105359,Rpl21-ps10,8,13,9,13,11,2,15,16,13,22,17,15
ENSMUSG00000106002,5430434I15Rik,0,0,0,0,1,0,0,0,0,0,0,0
ENSMUSG00000105395,Gm42672,2,3,1,1,0,4,1,3,0,3,2,2
ENSMUSG00000105943,Gm2965,0,0,0,0,1,0,0,0,0,0,0,0
ENSMUSG00000092986,Gm25574,0,0,0,0,0,1,0,0,0,0,0,0
ENSMUSG00000106008,Gm42920,0,0,0,0,0,0,0,0,0,0,0,0
ENSMUSG00000106485,3830422I06Rik,0,0,0,0,0,0,0,0,0,0,0,0
ENSMUSG00000028111,Ctsk,0,4,2,3,1,4,0,1,4,2,0,0
ENSMUSG00000105516,Gm36823,0,0,0,0,0,0,0,0,0,0,0,0
ENSMUSG00000028082,Sh3d19,8,10,4,4,4,4,6,4,6,4,4,5
ENSMUSG00000106201,Gm7815,0,0,0,0,0,0,0,0,0,0,0,0
ENSMUSG00000049013,Prss48,0,0,0,0,0,0,0,0,0,0,0,0
ENSMUSG00000065847,Gm25188,0,0,0,0,0,0,0,0,0,0,0,0
ENSMUSG00000038642,Ctss,1150,1320,961,994,1093,679,1062,1196,1364,1224,1208,1150
ENSMUSG00000044864,Ankrd50,599,632,502,460,435,210,365,518,541,520,380,408
ENSMUSG00000083822,Hmgb1-ps5,3,3,9,4,3,4,0,1,1,6,7,8
ENSMUSG00002076557,#N/A,0,0,0,0,0,0,0,0,0,0,0,0
ENSMUSG00000105360,Gm7824,0,1,0,0,0,0,0,0,0,0,0,0
ENSMUSG00000106168,Gm43538,0,0,0,0,0,0,0,0,0,0,0,0
ENSMUSG00000086181,C230034O21Rik,0,0,0,0,0,0,0,0,0,0,0,0
ENSMUSG00000028081,Rps3a1,2690,3516,2554,2747,2662,756,2661,2096,2798,2619,1840,2218
ENSMUSG00000064984,Snord73a,9,7,5,9,6,0,8,5,4,8,4,5
ENSMUSG00000064390,Rnu73b,27,28,27,26,24,3,16,18,27,21,22,22
ENSMUSG00000103408,Gm37933,10,11,6,7,8,12,2,2,9,10,5,8
ENSMUSG00000102218,Gm37493,0,0,0,0,0,0,0,0,0,0,0,0
ENSMUSG00000089394,Gm23025,0,0,0,0,0,0,0,0,0,0,0,0
ENSMUSG00000046743,Fat4,3,14,2,3,8,7,0,1,2,6,2,3
ENSMUSG00000105910,Gm43539,0,0,0,0,0,0,0,0,0,0,0,0
ENSMUSG00000104792,Gm43308,0,0,0,0,0,0,0,0,0,1,0,0
ENSMUSG00000107333,Gm43008,0,0,0,0,0,0,1,0,1,0,1,0
ENSMUSG00000050533,Gm9845,7,2,0,4,0,0,2,3,1,3,1,1
ENSMUSG00000118708,#N/A,0,0,0,1,1,0,1,0,0,2,0,0
ENSMUSG00000106786,Gm42781,0,0,0,0,0,1,0,0,0,0,0,0
ENSMUSG00000065945,Gm23796,0,0,0,0,0,0,0,0,0,0,0,0
ENSMUSG00000119128,#N/A,0,0,0,0,0,0,0,0,0,0,0,0
ENSMUSG00000106846,Gm42786,0,0,0,0,0,0,0,0,0,0,0,0
ENSMUSG00000106948,Gm42785,0,0,0,0,0,0,0,0,0,0,0,0
ENSMUSG00000037884,1700017G19Rik,0,0,0,0,0,0,0,0,0,0,0,0
ENSMUSG00002075027,#N/A,0,0,0,0,0,0,0,0,0,0,0,0
ENSMUSG00000028180,Zranb2,2737,2823,2410,2340,2792,2799,2289,2444,2567,2538,3331,3188
ENSMUSG00000065431,Mir186,9,5,5,2,5,3,3,5,7,10,3,2
ENSMUSG00000040016,Ptger3,54,60,93,69,64,44,62,73,40,50,52,44
ENSMUSG00000106632,Gm33466,0,0,0,0,0,0,0,0,0,0,0,0
ENSMUSG00000060798,Intu,28,35,26,29,38,27,22,28,19,23,35,16
ENSMUSG00000106419,Gm5550,2,0,2,2,5,1,0,0,2,1,4,0
ENSMUSG00000104862,Gm6520,3,4,1,5,4,1,3,3,2,1,3,8
ENSMUSG00000089932,Gm16114,0,0,0,0,0,0,0,0,0,0,0,0
ENSMUSG00000069041,Slc25a31,0,0,0,0,0,0,0,0,0,0,0,0
ENSMUSG00000028109,Hormad1,0,0,0,0,0,0,0,0,0,0,0,0
ENSMUSG00000028179,Cth,717,719,679,734,394,167,432,403,373,329,293,327
ENSMUSG00000104528,Gm43314,23,16,19,18,13,10,5,7,11,7,13,12
ENSMUSG00000028177,1810013D15Rik,0,0,0,3,0,0,0,0,1,0,0,0
ENSMUSG00000039988,Ankrd13c,2223,2476,1910,1970,1570,1188,1568,1848,1989,1862,1658,1676
ENSMUSG00000046519,Golph3l,398,425,359,445,387,268,364,401,425,347,423,347
ENSMUSG00000105460,Gm42671,0,0,0,0,0,6,0,1,2,0,0,1
ENSMUSG00000060438,Rps10-ps1,86,148,114,114,104,30,131,94,104,79,76,67
ENSMUSG00000105643,Gm42611,24,14,19,11,8,13,8,6,13,19,11,16
ENSMUSG00000038619,Ensa,1669,1924,1536,1722,1646,760,1487,1479,1613,1468,1475,1340
ENSMUSG00000106383,E330034L11Rik,19,28,29,22,25,42,27,26,28,20,32,25
ENSMUSG00000038612,Mcl1,7759,7972,6979,7102,7412,5196,6294,7142,7851,7137,6965,6567
ENSMUSG00000015850,Adamtsl4,13,16,19,21,21,10,30,20,16,25,23,21
ENSMUSG00000025757,Hspa4l,756,830,634,741,583,535,543,723,601,683,752,656
ENSMUSG00000028108,Ecm1,3186,3435,2212,2437,1119,528,2311,2376,2092,2015,989,913
ENSMUSG00000055436,Srsf11,5799,5719,5053,4742,4477,4439,4820,5140,5463,5104,5662,5025
ENSMUSG00000098737,Mir7014,0,0,0,0,0,0,0,0,0,0,0,0
ENSMUSG00000105201,Gm43362,74,70,57,62,33,39,30,52,67,61,40,31
ENSMUSG00000028080,Lrba,1192,1282,774,740,779,543,667,944,981,947,1148,1035
ENSMUSG00000103759,Gm37288,0,0,0,0,0,0,0,0,0,0,0,0
ENSMUSG00000077744,Gm26343,0,0,0,0,0,0,0,0,0,0,0,0
ENSMUSG00000065764,Gm23850,1,0,0,0,0,0,0,0,0,0,0,0
ENSMUSG00000064867,Gm25039,0,0,0,0,0,0,0,0,0,0,0,0
ENSMUSG00000057777,Mab21l2,3,0,0,2,1,1,2,0,1,2,0,3
ENSMUSG00000025758,Plk4,959,973,1082,982,1292,1065,1056,1342,860,839,1128,1052
ENSMUSG00000094392,Gm3788,11,3,2,10,5,3,6,7,10,5,7,7
ENSMUSG00000104108,Gm37876,3,1,0,0,0,3,1,1,0,1,0,0
ENSMUSG00000063052,Lrrc40,445,523,467,456,526,371,483,553,402,410,502,423
ENSMUSG00000104597,B230334C09Rik,0,0,0,0,0,1,1,0,0,0,1,0
ENSMUSG00000025759,Mfsd8,143,170,160,118,124,80,101,134,123,143,173,136
ENSMUSG00000107741,Gm2011,2,1,0,7,0,1,5,2,5,1,2,1
ENSMUSG00000053819,Camk2d,1934,2176,1961,1959,1902,1315,1616,2076,1896,1726,1538,1472
ENSMUSG00000106475,Gm43011,8,10,15,4,5,11,6,8,2,8,6,10
ENSMUSG00000104571,Gm43010,0,0,3,3,2,5,0,4,1,5,0,3
ENSMUSG00000105586,Gm43009,0,0,0,0,1,3,0,1,0,1,0,1
ENSMUSG00000105774,Gm43006,2,0,3,0,1,0,3,2,2,0,1,2
ENSMUSG00000104906,Gm43005,0,1,1,3,4,4,2,4,4,0,0,3
ENSMUSG00000086679,Gm15551,0,0,0,0,0,0,0,0,0,0,0,0
ENSMUSG00000105378,Gm42515,5,3,8,6,4,2,11,8,4,3,1,3
ENSMUSG00000105553,Gm42514,8,1,1,1,4,4,1,2,0,0,1,2
ENSMUSG00000028107,Tars2,1297,1411,1237,1202,1452,664,1050,1291,1403,1174,1422,1404
ENSMUSG00000028176,Lrrc7,0,0,0,0,0,1,0,0,0,0,0,0
ENSMUSG00000106043,Gm42968,0,0,0,0,0,0,0,0,0,0,0,0
ENSMUSG00000104647,Gm43485,0,0,0,0,0,0,0,0,0,0,0,0
ENSMUSG00000106448,Gm43486,0,0,0,0,0,2,0,0,0,0,1,0
ENSMUSG00000037818,Abhd18,79,71,106,66,47,60,66,60,65,64,72,70
ENSMUSG00000105683,Gm43487,0,0,0,0,0,2,0,0,0,0,0,0
ENSMUSG00000097966,Gm9423,11,13,14,9,11,4,16,6,3,8,5,9
ENSMUSG00000106053,Gm20752,0,0,0,0,0,0,0,0,0,0,0,0
ENSMUSG00000074620,Gm10731,0,0,0,0,0,0,0,0,0,0,0,0
ENSMUSG00000107524,Gm44136,0,0,1,0,1,1,1,0,2,1,3,1
ENSMUSG00000104864,Gm43655,2,10,8,6,3,1,5,1,1,0,4,0
ENSMUSG00000107892,Gm44524,0,0,2,0,0,0,0,0,0,0,0,0
ENSMUSG00000097583,6430590A07Rik,3,8,4,6,6,4,0,6,4,7,10,9
ENSMUSG00000074619,1700034I23Rik,0,0,0,0,0,0,0,0,0,0,0,0
ENSMUSG00000028106,Rprd2,2124,2186,1745,1725,1689,1202,1413,1813,1896,1807,1881,1734
ENSMUSG00000104967,Gm43436,0,0,0,0,0,0,0,0,0,0,0,0
ENSMUSG00000089493,Gm26361,0,1,0,0,0,0,0,1,2,0,2,3
ENSMUSG00000105093,Gm17815,1,0,0,0,0,0,0,2,0,0,0,0
ENSMUSG00000025762,Larp1b,3446,3353,2462,2622,2367,2061,2641,2744,3445,3172,2476,2374
ENSMUSG00000028175,Depdc1a,45,25,36,23,59,96,41,37,37,29,62,57
ENSMUSG00000064927,Gm22043,2,4,2,2,1,0,3,1,2,1,1,2
ENSMUSG00000105517,Gm42436,8,5,20,8,11,8,4,7,9,12,3,9
ENSMUSG00000105674,Gm42437,0,0,0,0,0,0,0,0,0,0,2,0
ENSMUSG00000049940,Pgrmc2,1469,1481,1223,1270,1388,931,1331,1310,1418,1299,1257,1159
ENSMUSG00000105258,Gm40038,0,0,0,0,0,0,0,0,0,0,0,0
ENSMUSG00000106000,Gm16508,0,0,0,0,0,0,0,0,0,0,0,0
ENSMUSG00000105297,1700052H01Rik,0,0,0,0,0,0,0,0,0,0,0,0
ENSMUSG00000089350,Gm25487,0,0,0,0,0,0,0,0,0,0,0,0
ENSMUSG00000105260,Gm40040,0,0,0,0,0,0,0,0,0,0,0,0
ENSMUSG00000097639,Platr4,0,0,0,0,0,2,0,0,0,0,0,0
ENSMUSG00000104616,Gm6069,0,0,0,0,0,0,0,0,0,0,0,0
ENSMUSG00000106223,2400006E01Rik,0,0,0,0,0,0,0,0,0,0,0,0
ENSMUSG00000015748,Prpf3,2406,2364,1798,1734,1973,1590,1746,2089,2184,1959,2196,1907
ENSMUSG00000097189,Gm26594,0,0,0,0,0,0,0,0,0,0,2,0
ENSMUSG00000054312,Mrps21,284,326,281,297,366,306,337,345,360,272,396,322
ENSMUSG00000080727,C920021L13Rik,4,2,6,4,1,4,2,3,5,2,5,1
ENSMUSG00000028174,Rpe65,0,0,0,0,0,0,0,0,0,0,0,0
ENSMUSG00000038550,Ciart,327,350,240,268,211,119,222,223,277,298,215,207
ENSMUSG00000028078,Dclk2,279,310,225,240,266,140,206,349,276,283,379,330
ENSMUSG00000104074,Gm37025,2,4,1,3,1,1,4,1,1,6,2,2
ENSMUSG00000064872,Gm23376,0,0,0,0,0,0,0,0,0,0,0,0
ENSMUSG00000103650,Gm37207,0,0,0,0,0,0,0,0,0,0,0,0
ENSMUSG00000038543,BC028528,2,0,0,2,0,2,2,1,1,4,1,3
ENSMUSG00000015750,Aph1a,211,200,153,151,165,61,158,155,191,122,155,160
ENSMUSG00000028173,Wls,33,37,26,19,26,11,20,25,25,32,54,53
ENSMUSG00000105990,Gm43307,0,1,0,2,0,1,0,0,0,1,0,0
ENSMUSG00000075903,Gm23941,0,0,0,0,0,0,0,0,0,0,0,0
ENSMUSG00000038526,Car14,0,0,0,0,0,3,0,0,0,0,0,0
ENSMUSG00000025764,Jade1,831,853,702,725,700,565,649,922,826,805,947,925
ENSMUSG00000103843,Gm31266,0,0,0,0,1,0,2,0,0,0,0,0
ENSMUSG00000041750,Cd1d2,1,0,0,0,0,0,2,0,0,1,0,2
ENSMUSG00000028076,Cd1d1,57,61,72,62,40,31,50,43,43,45,30,16
ENSMUSG00000104265,Gm8869,0,0,0,0,0,0,0,0,0,0,0,0
ENSMUSG00000103913,Gm18403,0,0,0,0,0,0,0,0,0,0,0,0
ENSMUSG00000102394,Gm37575,0,0,0,0,0,0,0,0,0,0,0,0
ENSMUSG00000077672,Gm24472,0,0,0,0,0,0,0,0,0,0,0,0
ENSMUSG00000032826,Ank2,0,0,0,1,0,14,0,0,0,0,3,2
ENSMUSG00000059834,Sclt1,190,160,126,115,210,264,108,156,156,134,183,177
ENSMUSG00000102436,Gm38047,0,0,0,0,0,0,0,0,0,0,0,1
ENSMUSG00000105469,A930036I15Rik,0,0,0,0,0,0,0,0,0,0,0,0
ENSMUSG00000105939,Gm43322,0,0,0,0,0,0,0,0,0,0,1,0
ENSMUSG00000105119,Gm43765,0,0,0,0,0,0,0,0,0,0,0,0
ENSMUSG00000077617,Gm25501,0,0,0,0,0,0,0,0,0,0,0,0
ENSMUSG00000106612,Gm43750,0,0,0,0,0,0,0,0,0,0,0,0
ENSMUSG00000105322,Gm43751,0,0,0,0,0,7,0,0,0,0,0,0
ENSMUSG00000015749,Anp32e,5020,4751,4335,4055,5561,5785,4621,4906,5337,4541,6652,5522
ENSMUSG00000104963,Gm42974,0,0,0,0,0,1,0,0,0,0,0,1
ENSMUSG00000106262,Gm43375,38,58,56,49,55,43,31,52,48,76,60,88
ENSMUSG00000106640,Gm20940,0,0,0,0,0,0,0,0,0,0,0,0
ENSMUSG00000097456,Gm16958,0,0,0,0,0,0,0,0,0,0,0,0
ENSMUSG00000105202,C230031I18Rik,0,0,0,0,0,1,0,0,0,0,0,0
ENSMUSG00000105733,Gm42973,0,0,0,0,0,0,0,0,0,0,0,0
ENSMUSG00000105445,Gm42972,0,0,0,0,0,0,0,0,0,0,0,0
ENSMUSG00000105568,Gm42971,0,0,0,0,0,0,0,0,0,0,0,0
ENSMUSG00000106446,Gm42970,0,0,0,0,0,0,0,0,0,0,0,0
ENSMUSG00000105822,Gm42969,0,0,0,0,0,1,0,0,0,0,0,0
ENSMUSG00000106369,Gm43355,0,0,0,0,0,0,0,0,0,0,0,0
ENSMUSG00000105969,Gm42525,0,0,0,1,0,0,0,0,0,0,0,0
ENSMUSG00002075047,#N/A,0,0,0,0,0,0,0,0,0,0,0,0
ENSMUSG00000104957,Gm43354,0,0,0,0,0,0,0,0,0,0,0,0
ENSMUSG00000015745,Plekho1,183,241,102,108,95,54,98,131,211,137,195,157
ENSMUSG00000027968,Larp7,1864,2138,1588,1797,1905,1886,2029,1849,1946,1787,1854,1599
ENSMUSG00000076252,Mir302b,0,0,0,0,0,0,0,0,0,0,0,0
ENSMUSG00000065482,Mir302c,0,0,0,0,0,0,0,0,0,0,0,0
ENSMUSG00000065552,Mir302a,0,0,0,0,0,0,0,0,0,0,0,0
ENSMUSG00000041734,Kirrel,0,0,1,0,0,0,0,0,0,0,0,2
ENSMUSG00000065447,Mir302d,0,0,0,0,0,0,0,0,0,0,0,0
ENSMUSG00000065413,Mir367,0,0,0,0,0,0,0,0,0,0,0,0
ENSMUSG00000102893,Gm37855,0,0,0,0,0,0,0,0,0,0,0,0
ENSMUSG00000074506,Gm10705,0,0,0,0,0,0,0,0,0,0,0,0
ENSMUSG00000015747,Vps45,278,305,228,219,259,148,211,266,231,222,280,238
ENSMUSG00000105995,Gm43554,0,0,0,0,0,0,0,0,0,0,0,0
ENSMUSG00000015852,Fcrls,10,18,2,7,5,2,4,3,11,4,5,5
ENSMUSG00000015854,Cd5l,3,2,1,2,2,0,4,0,2,7,4,4
ENSMUSG00000038495,Otud7b,2824,2855,2165,2169,1952,1118,1679,2185,2352,2230,1873,1782
ENSMUSG00000051278,Zgrf1,315,333,313,279,351,342,235,350,272,280,389,330
ENSMUSG00000105104,Gm43729,0,0,0,0,0,0,0,0,0,0,0,0
ENSMUSG00000027967,Neurog2,0,0,0,0,0,0,0,0,0,0,0,0
ENSMUSG00000025766,D3Ertd751e,41,26,12,10,28,37,16,21,21,34,58,45
ENSMUSG00000103952,Gm37268,0,0,0,0,0,0,0,0,0,0,0,0
ENSMUSG00000045934,Mtmr11,9,12,9,10,9,7,10,5,10,0,8,8
ENSMUSG00000103823,Gm7899,2,10,3,3,3,2,9,1,6,3,5,4
ENSMUSG00000102972,Gm37348,0,0,0,0,0,0,0,0,0,0,0,0
ENSMUSG00000097204,Gm17690,21,12,32,24,35,28,19,23,25,34,26,29
ENSMUSG00000102610,Gm37846,0,0,0,0,0,0,0,0,0,0,0,0
ENSMUSG00000104089,Gm38274,0,0,0,0,0,0,0,0,0,0,0,0
ENSMUSG00000103426,Gm37533,0,0,0,0,0,0,0,0,0,0,0,0
ENSMUSG00000104294,Gm38044,0,0,0,0,0,0,0,0,0,0,0,0
ENSMUSG00000102149,Gm9723,0,0,0,0,0,0,0,0,0,0,0,0
ENSMUSG00000102334,Gm18865,0,0,0,0,0,0,0,0,0,0,0,0
ENSMUSG00000104303,Gm36976,0,0,0,0,0,0,0,0,0,0,0,0
ENSMUSG00000104083,Gm29739,5,0,0,3,2,0,2,0,0,1,0,1
ENSMUSG00000068856,Sf3b4,1224,1275,906,992,1019,746,1050,1129,1155,1005,1075,1073
ENSMUSG00002075466,#N/A,0,0,0,0,0,0,0,0,0,0,0,0
ENSMUSG00000084686,Gm22027,3,5,4,5,4,0,4,3,4,3,2,4
ENSMUSG00000102792,Gm32175,0,0,0,0,0,0,0,2,0,0,0,0
ENSMUSG00000103148,Gm37746,0,0,0,0,0,0,0,0,0,0,0,0
ENSMUSG00000028028,Alpk1,4,5,1,2,2,1,1,3,3,4,4,2
ENSMUSG00000104013,Gm37365,0,0,0,0,0,0,0,0,0,0,0,0
ENSMUSG00000104051,Gm38128,0,0,0,0,0,0,0,0,0,0,0,0
ENSMUSG00000089988,Gm16238,5,6,4,5,5,1,6,2,6,8,6,4
ENSMUSG00000103353,Gm37597,0,0,0,0,0,0,0,0,0,0,0,0
ENSMUSG00000104888,1500005C15Rik,0,0,0,0,0,0,2,0,0,0,0,0
ENSMUSG00002076732,#N/A,0,0,0,0,0,0,0,0,0,0,0,0
ENSMUSG00000105701,Gm42587,0,0,0,0,0,0,0,0,0,0,0,0
ENSMUSG00002075348,#N/A,0,0,0,0,0,0,0,0,0,0,0,0
ENSMUSG00002075442,#N/A,0,0,0,0,0,0,0,0,0,0,0,0
ENSMUSG00000103082,Gm38124,0,0,0,0,0,0,0,0,0,0,0,0
ENSMUSG00000103477,5930409G06Rik,0,0,0,0,0,0,0,0,0,0,0,0
ENSMUSG00000038486,Sv2a,39,37,33,24,26,23,24,37,36,22,45,32
ENSMUSG00000059994,Fcrl1,446,473,306,335,564,333,217,259,655,609,293,314
ENSMUSG00000015943,Bola1,88,130,96,98,129,40,119,84,114,97,131,111
ENSMUSG00000046688,Tifa,1,1,2,0,2,0,0,0,4,0,0,0
ENSMUSG00000097040,2610316D01Rik,0,0,0,0,0,3,0,0,0,0,0,0
ENSMUSG00000086556,Gm15444,1,0,0,0,1,0,0,0,0,0,0,0
ENSMUSG00000103430,Gm36996,0,0,0,0,0,0,0,0,0,0,0,0
ENSMUSG00000063689,H2ac21,0,1,0,2,2,0,1,1,0,0,1,2
ENSMUSG00000068855,H2ac20,1,10,15,8,18,13,17,20,12,13,7,13
ENSMUSG00002075180,#N/A,0,0,0,0,0,0,2,0,0,0,0,0
ENSMUSG00000068854,H2bc21,16,21,12,12,18,11,5,16,15,16,16,12
ENSMUSG00000081058,H3c15,1,1,2,3,7,0,0,2,0,5,1,0
ENSMUSG00000093577,Gm20632,2,6,6,1,0,1,1,4,2,1,1,1
ENSMUSG00000063954,H2ac19,0,0,0,0,0,0,0,1,0,0,0,0
ENSMUSG00002076697,#N/A,0,0,0,0,0,0,0,0,0,0,0,0
ENSMUSG00000093553,Gm20633,3,13,4,5,2,4,11,4,2,5,0,3
ENSMUSG00000064220,H2ac18,0,0,0,0,0,0,1,0,0,0,0,0
ENSMUSG00000070392,Gm20634,0,1,2,2,0,0,2,1,0,0,0,4
ENSMUSG00002076967,#N/A,0,0,0,0,0,0,0,0,0,0,0,0
ENSMUSG00000074238,Ap1ar,2533,2651,2043,2036,1984,1717,1728,2146,2450,2190,2133,2044
ENSMUSG00000105804,Gm43654,63,68,77,59,34,53,35,48,53,68,35,38
ENSMUSG00000105447,Gm43653,3,0,0,0,3,1,1,0,2,5,2,3
ENSMUSG00000105550,Gm35585,0,0,0,0,0,0,0,0,0,0,0,0
ENSMUSG00000105008,Gm43652,2,1,4,1,1,0,3,1,3,2,5,1
ENSMUSG00000050549,Fam241a,235,240,208,233,187,129,193,248,232,202,193,171
ENSMUSG00000104763,9830132P13Rik,0,0,0,0,0,3,0,0,0,0,0,0
ENSMUSG00000106437,Gm35667,0,0,0,0,0,2,2,0,0,0,0,0
ENSMUSG00000049100,Pcdh10,0,1,0,1,0,6,2,1,0,3,2,0
ENSMUSG00000074237,Gm10650,0,0,0,0,0,0,0,0,0,0,0,0
ENSMUSG00000100799,1700027H10Rik,0,0,0,0,0,0,0,0,0,0,0,0
ENSMUSG00000103713,Gm2136,0,0,0,0,0,1,0,0,0,0,0,0
ENSMUSG00000103947,Gm37345,0,0,0,0,1,0,0,0,0,0,0,0
ENSMUSG00000103534,Gm37835,1,0,0,0,0,0,0,1,0,0,1,0
ENSMUSG00000102190,Gm38166,0,0,0,0,0,0,0,0,0,0,0,0
ENSMUSG00000104491,Gm32340,0,0,0,0,0,0,0,0,0,0,0,0
ENSMUSG00000064579,Gm25796,0,0,0,0,0,0,0,0,0,0,0,0
ENSMUSG00000089584,Gm23337,0,0,0,0,0,0,0,0,0,0,0,0
ENSMUSG00000077256,Gm26081,0,0,0,0,0,0,0,0,0,0,0,0
ENSMUSG00000105816,D030025E07Rik,0,0,0,0,0,0,0,0,0,0,0,0
ENSMUSG00000104511,Gm18843,0,0,0,0,0,0,0,0,0,0,0,0
ENSMUSG00000106119,Gm43656,0,0,0,0,0,0,0,0,0,0,0,0
ENSMUSG00000065248,Gm22293,0,0,0,0,0,0,0,0,0,0,0,0
ENSMUSG00000106245,Gm43824,0,0,0,0,0,0,0,0,0,0,0,0
ENSMUSG00000105527,4933424H11Rik,0,0,0,0,0,0,0,0,0,0,0,0
ENSMUSG00000106029,Gm4410,0,0,0,0,0,0,0,0,0,0,0,0
ENSMUSG00000048031,Fcrl5,0,1,0,0,0,0,0,0,0,0,0,0
ENSMUSG00000074236,Gm9387,2,1,0,0,2,0,0,0,0,1,1,0
ENSMUSG00000099640,Gm28543,0,0,0,0,0,0,0,0,0,0,0,0
ENSMUSG00000090919,Pabpc4l,0,0,0,0,0,0,0,0,0,0,0,0
ENSMUSG00000102589,Gm37445,0,0,0,0,0,0,0,0,0,0,0,0
ENSMUSG00000098417,Mir6379,0,0,0,0,0,0,0,0,0,0,0,0
ENSMUSG00000072387,Gm10356,0,1,0,0,0,0,1,0,0,1,0,1
ENSMUSG00000097985,Gm5274,14,28,11,22,10,0,15,10,13,14,6,7
ENSMUSG00000088739,Gm23891,0,0,0,0,0,0,0,0,0,0,0,0
ENSMUSG00000093769,H3c14,0,0,0,0,0,0,0,0,0,0,0,0
ENSMUSG00000102220,Rpl23a-ps5,0,7,0,2,0,0,2,2,2,1,1,2
ENSMUSG00000103491,Gm10730,0,0,0,0,0,0,0,0,0,0,0,0
ENSMUSG00000093507,Gm20627,0,0,0,0,1,0,0,0,1,0,1,0
ENSMUSG00000103798,Gm2229,0,0,0,0,0,0,0,0,0,0,0,0
ENSMUSG00000103257,Gm7977,0,0,0,0,0,0,0,0,0,0,0,0
ENSMUSG00000091405,H4c14,4,8,13,15,26,12,11,11,13,8,8,11
ENSMUSG00000104110,Gm37295,0,0,0,0,0,0,0,0,0,0,0,0
ENSMUSG00000003382,Etv3,1768,1925,1297,1336,901,458,819,1089,1366,1145,902,845
ENSMUSG00000103940,Gm38227,2,7,1,2,3,6,4,4,0,3,1,2
ENSMUSG00000093656,Gm20628,0,2,1,0,2,1,1,4,2,2,2,0
ENSMUSG00000037910,1700018B24Rik,0,0,0,0,0,0,0,0,0,0,0,0
ENSMUSG00000102181,Gm37190,0,0,0,0,0,0,0,0,0,0,0,0
ENSMUSG00000118505,ETV3L,0,0,0,1,0,0,0,0,0,0,0,0
ENSMUSG00000118871,#N/A,0,0,0,0,0,0,0,0,0,0,0,0
ENSMUSG00000074403,H3c13,3,2,0,2,5,5,3,2,3,2,1,3
ENSMUSG00000077376,Gm25167,0,0,0,0,0,0,0,0,0,0,0,0
ENSMUSG00000102263,Gm31415,0,0,0,0,0,0,0,0,0,0,0,0
ENSMUSG00000104186,Gm37819,0,0,0,0,0,0,0,0,0,0,0,0
ENSMUSG00002075896,#N/A,0,0,0,0,0,0,0,0,0,0,0,0
ENSMUSG00000050936,Gm42743,0,0,1,2,0,0,0,1,0,1,0,0
ENSMUSG00000103027,Gm37684,0,0,0,0,0,0,0,0,0,0,0,0
ENSMUSG00000105827,H2bc18,16,15,21,26,35,48,17,24,21,17,15,15
ENSMUSG00000102679,Gm20557,0,0,0,0,0,0,0,0,0,0,0,0
ENSMUSG00000104309,Gm5846,10,12,6,7,16,2,9,8,3,5,7,6
ENSMUSG00000084517,Gm22480,0,0,0,0,0,0,0,0,0,0,0,0
ENSMUSG00000104437,Gm37424,0,0,0,0,0,0,0,0,0,0,0,0
ENSMUSG00000102731,Gm38261,0,0,0,0,0,0,0,0,0,0,0,0
ENSMUSG00000103249,Gm38088,0,0,0,0,0,0,0,1,0,0,0,0
ENSMUSG00000104134,Gm2328,0,0,0,0,0,0,0,0,0,0,0,0
ENSMUSG00000103568,Gm29741,0,0,0,0,0,0,0,0,0,0,0,0
ENSMUSG00000119731,#N/A,0,0,0,0,0,0,0,0,0,0,0,0
ENSMUSG00000028023,Pitx2,0,1,0,0,1,2,0,0,2,0,2,4
ENSMUSG00000098515,Gm27195,0,0,0,0,0,0,0,0,0,0,0,0
ENSMUSG00000037892,Pcdh18,0,0,0,0,0,2,0,0,1,0,0,0
ENSMUSG00000015947,Fcgr1,0,0,0,0,0,0,0,0,0,0,0,0
ENSMUSG00000106078,Gm43697,0,0,0,0,0,0,0,0,0,0,0,0
ENSMUSG00000102943,Gm37550,0,0,0,1,0,0,0,0,0,0,0,0
ENSMUSG00000119427,#N/A,0,0,0,0,0,0,0,0,0,0,0,0
ENSMUSG00000097851,Platr30,0,0,0,0,0,0,0,0,0,0,0,0
ENSMUSG00000097807,Gm26553,0,0,0,0,0,0,0,0,0,0,0,0
ENSMUSG00000118876,#N/A,0,0,0,0,0,0,0,0,0,0,0,0
ENSMUSG00000119030,#N/A,0,0,0,0,0,0,0,0,0,0,0,0
ENSMUSG00000097539,4930477E14Rik,0,0,0,0,0,0,0,0,0,0,0,0
ENSMUSG00000097299,Gm26654,0,0,0,0,1,0,0,0,0,0,0,0
ENSMUSG00000097041,Pafah1b1-ps1,1,0,1,1,1,0,0,0,0,1,0,0
ENSMUSG00000095836,Gm21960,4,9,6,8,10,2,3,7,6,10,8,13
ENSMUSG00000118406,Terc,0,0,0,0,0,0,0,0,0,0,0,0
ENSMUSG00002075569,#N/A,0,0,0,0,0,0,0,0,0,0,0,0
ENSMUSG00000119563,#N/A,0,0,0,0,0,0,0,0,0,0,0,0
ENSMUSG00000046317,BC107364,0,0,0,0,1,2,0,0,0,0,1,0
ENSMUSG00000119774,#N/A,0,0,0,0,0,0,0,0,0,0,0,0
ENSMUSG00000104642,Gm9207,6,1,3,0,1,0,0,3,3,1,3,1
ENSMUSG00000106429,Gm10685,0,0,0,0,0,0,0,0,0,0,0,0
ENSMUSG00000118677,#N/A,0,0,0,0,0,0,0,0,0,0,0,0
ENSMUSG00000106641,Gm43534,0,0,0,0,0,0,0,0,0,0,0,0
ENSMUSG00002074915,#N/A,0,0,0,0,0,0,0,0,0,0,0,0
ENSMUSG00000118698,#N/A,0,0,0,0,0,0,0,0,0,0,0,0
ENSMUSG00000118936,#N/A,0,0,0,0,0,0,0,0,0,0,0,0
ENSMUSG00000038403,Hjv,0,0,0,0,0,0,0,0,0,0,0,0
ENSMUSG00000074398,Gm15441,1,5,1,1,2,0,8,3,4,4,1,0
ENSMUSG00000027737,Slc7a11,145,172,148,157,116,81,52,79,90,70,93,92
ENSMUSG00000102892,Gm37854,0,0,1,0,0,0,0,0,0,0,0,0
ENSMUSG00000104457,Gm37826,0,0,0,0,0,0,0,0,0,0,0,0
ENSMUSG00000104349,Gm37692,0,1,0,0,0,0,0,0,0,0,0,0
ENSMUSG00000102167,Gm2345,0,0,0,0,0,0,0,0,0,0,0,0
ENSMUSG00000103907,Gm37498,2,1,0,0,0,0,0,0,0,0,0,0
ENSMUSG00000102715,Gm6209,0,0,0,0,1,1,0,0,0,0,1,0
ENSMUSG00000102895,5830415G21Rik,0,0,0,0,0,0,0,0,0,0,0,0
ENSMUSG00000103745,Gm38237,0,0,0,0,0,0,0,0,0,0,0,0
ENSMUSG00000104068,Gm37199,0,0,0,0,0,2,0,0,0,0,0,0
ENSMUSG00000104281,Gm37461,0,0,0,0,0,0,0,0,0,0,0,0
ENSMUSG00000028024,Enpep,5,9,10,8,14,9,7,12,6,4,0,0
ENSMUSG00000089079,Gm24503,0,0,0,0,0,0,0,0,0,0,0,0
ENSMUSG00000103012,Gm37548,0,0,0,0,0,0,0,0,0,0,1,0
ENSMUSG00000102614,Gm37843,0,0,0,0,0,0,0,0,0,0,0,0
ENSMUSG00000103652,Gm37209,0,0,0,0,0,0,0,0,0,0,0,0
ENSMUSG00000106417,Gm42628,0,0,4,0,0,0,1,0,3,0,0,0
ENSMUSG00000105166,Gm42629,0,0,0,0,0,0,0,0,0,0,0,0
ENSMUSG00000105278,Gm42630,0,0,0,0,0,0,0,0,0,0,0,0
ENSMUSG00000102067,Gm29230,0,0,0,0,0,0,0,0,0,0,0,0
ENSMUSG00000105712,Gm5712,0,0,0,0,0,0,0,0,0,0,0,0
ENSMUSG00000103464,Gm38246,0,0,0,0,0,0,0,0,0,0,0,0
ENSMUSG00000106258,Rpl7a-ps7,4,4,3,1,3,1,3,3,6,2,3,2
ENSMUSG00000105837,Gm35986,0,0,0,1,0,0,2,0,1,0,2,2
ENSMUSG00000038393,Txnip,2347,2681,1764,1925,739,413,1480,1894,1711,1528,831,746
ENSMUSG00000023087,Noct,2235,2416,2161,2057,1573,1115,1484,1701,1890,1761,1843,1784
ENSMUSG00000103313,Gm38357,297,238,299,275,220,140,67,195,235,236,263,297
ENSMUSG00000087610,Gm16253,2,2,0,0,0,0,2,0,1,1,0,1
ENSMUSG00000041220,Elovl6,398,443,633,624,626,434,784,972,496,462,523,427
ENSMUSG00000106092,Gm43072,3,8,7,12,8,4,5,10,6,9,3,8
ENSMUSG00000041977,Arhgef11,133,105,78,91,78,60,65,84,89,65,74,82
ENSMUSG00000028104,Polr3gl,51,56,67,48,20,31,46,55,34,37,36,29
ENSMUSG00000049097,Ankrd34a,1,11,4,1,0,0,2,0,2,1,0,0
ENSMUSG00000023084,Lrrc71,1,1,2,1,3,2,2,2,3,0,0,0
ENSMUSG00000049288,Lix1l,12,15,5,11,8,5,5,6,11,8,14,11
ENSMUSG00000045327,6330549D23Rik,27,19,14,10,19,19,20,16,19,17,26,33
ENSMUSG00000038374,Rbm8a,1880,1922,1745,1718,1945,1640,2110,2038,2103,1714,2050,1976
ENSMUSG00000028102,Pex11b,231,237,146,153,190,82,202,188,196,157,184,206
ENSMUSG00000028017,Egf,19,24,26,21,26,22,13,16,18,33,24,25
ENSMUSG00002075346,#N/A,0,0,0,2,0,0,0,0,0,0,0,0
ENSMUSG00000106120,Gm42697,0,2,0,0,3,1,0,0,0,0,0,0
ENSMUSG00000106447,Gm42957,0,0,0,0,1,0,1,0,4,0,1,0
ENSMUSG00000105596,Gm42650,0,0,0,0,0,0,0,0,0,0,0,0
ENSMUSG00000105960,6330410L21Rik,0,0,0,0,0,0,0,0,0,0,0,0
ENSMUSG00000093865,Lrit3,0,0,1,1,0,0,1,1,0,0,0,0
ENSMUSG00000028012,Rrh,25,18,17,13,1,5,1,15,10,18,0,3
ENSMUSG00000090210,Itga10,30,40,23,17,31,11,37,26,21,19,41,24
ENSMUSG00000105144,Rpl21-ps11,0,0,0,0,1,0,0,0,0,0,0,1
ENSMUSG00000028010,Gar1,2687,2536,2090,2246,2351,1908,2390,2418,2958,2590,2536,2472
ENSMUSG00000038354,Ankrd35,0,0,1,0,0,0,0,0,0,0,1,0
ENSMUSG00000058952,Cfi,0,0,0,0,0,0,0,0,0,0,0,0
ENSMUSG00000027999,Pla2g12a,1108,1290,858,887,750,380,875,939,982,921,1082,983
ENSMUSG00000037174,Elf2,1030,1105,817,894,882,469,856,976,959,982,940,869
ENSMUSG00000027997,Casp6,455,509,323,367,237,139,384,382,354,307,361,343
ENSMUSG00000087440,4930577N17Rik,26,19,23,21,18,8,31,23,18,25,14,19
ENSMUSG00002076110,#N/A,0,0,0,0,0,0,0,0,0,0,0,0
ENSMUSG00000104200,Gm37399,0,0,1,0,0,0,0,1,0,0,0,4
ENSMUSG00000103654,Gm37203,0,0,0,0,0,0,0,0,0,0,0,0
ENSMUSG00000102544,Gm5103,0,0,0,1,0,0,0,0,0,0,0,0
ENSMUSG00000027994,Mcub,71,82,85,80,36,26,82,110,66,56,45,52
ENSMUSG00000037161,Mgarp,83,110,77,121,23,10,104,105,58,65,12,16
ENSMUSG00000104241,Gm9442,0,1,0,1,4,3,2,1,3,0,2,3
ENSMUSG00000037152,Ndufc1,231,327,227,287,304,152,335,270,283,230,259,278
ENSMUSG00000001052,Sec24b,2584,2648,2209,2078,2071,1909,1737,2383,2227,2128,2122,1981
ENSMUSG00000063328,Gm9396,0,2,1,0,0,1,1,1,0,1,1,0
ENSMUSG00000106072,Gm42663,0,0,0,0,0,0,1,0,0,0,0,0
ENSMUSG00000028101,Pias3,128,129,80,83,112,37,125,108,124,80,119,119
ENSMUSG00000063273,Naa15,8790,8500,6970,7142,7483,6526,6465,7626,7679,7986,8204,7722
ENSMUSG00000103191,Gm37646,1,0,0,0,0,3,0,0,0,0,0,3
ENSMUSG00000102775,Gm38160,0,0,2,1,4,0,3,0,3,2,1,2
ENSMUSG00000028100,Nudt17,7,10,5,0,8,9,5,6,5,4,4,4
ENSMUSG00000058897,Col25a1,0,0,0,0,2,2,0,0,0,1,0,0
ENSMUSG00000027739,Rab33b,225,238,203,173,226,176,195,192,238,193,231,208
ENSMUSG00000102570,Gm37968,17,20,16,16,9,11,9,18,14,15,28,15
ENSMUSG00000106276,Gm9397,0,0,0,0,0,0,0,0,0,0,0,0
ENSMUSG00000119756,#N/A,0,0,0,0,0,0,0,0,0,0,0,0
ENSMUSG00000037111,Setd7,1783,1934,1571,1487,1596,1084,1159,1663,1683,1613,2074,1858
ENSMUSG00000105011,Gm43210,0,1,0,0,0,0,1,1,1,0,0,0
ENSMUSG00000105760,Gm43211,0,0,0,0,0,0,0,0,0,0,0,0
ENSMUSG00000102466,Gm38200,6,4,4,3,2,5,3,6,3,4,3,5
ENSMUSG00000105520,Gm42837,0,0,0,0,0,0,0,0,0,0,0,0
ENSMUSG00000097885,5031434O11Rik,23,14,14,11,10,7,10,11,10,12,22,24
ENSMUSG00000104001,Gm38334,0,0,0,0,0,0,0,0,0,0,0,0
ENSMUSG00000104075,5430433H01Rik,0,0,0,0,0,0,0,0,0,0,0,0
ENSMUSG00000104166,Gm38247,0,1,1,0,1,0,3,1,2,4,0,2
ENSMUSG00000074604,Mgst2,117,159,174,206,174,77,266,268,145,141,120,129
ENSMUSG00000103527,Gm37261,6,9,5,2,3,1,5,6,3,5,6,6
ENSMUSG00000061143,Maml3,247,307,255,279,159,130,182,296,249,267,162,133
ENSMUSG00000074603,Gm10729,0,0,0,0,0,0,0,0,0,0,1,0
ENSMUSG00000102732,Gm37342,2,2,2,2,2,1,0,1,1,1,2,1
ENSMUSG00000102539,Gm37229,0,0,0,0,0,0,0,0,0,0,0,0
ENSMUSG00000028073,Pear1,172,181,102,114,93,51,104,118,138,139,139,118
ENSMUSG00002076132,#N/A,0,0,0,0,0,0,0,0,0,0,0,0
ENSMUSG00000103284,3110080O07Rik,1,1,2,0,0,2,2,1,1,3,0,0
ENSMUSG00000103484,Gm38000,0,0,0,0,0,0,0,0,0,0,0,0
ENSMUSG00000102620,Gm37675,0,0,0,1,0,1,0,0,0,1,0,0
ENSMUSG00000102786,Gm38252,0,0,0,0,0,6,0,0,1,0,0,0
ENSMUSG00000103701,Gm10728,1,0,0,1,1,0,0,0,0,0,1,2
ENSMUSG00000104161,Gm20089,0,0,0,0,0,0,0,0,0,0,0,0
ENSMUSG00000102147,Gm38055,0,2,0,0,0,0,0,0,1,0,0,1
ENSMUSG00000103784,Gm37526,0,0,0,1,0,0,0,0,0,0,0,0
ENSMUSG00000028099,Polr3c,1250,1387,1130,1246,1089,724,1082,1225,1224,1094,1157,972
ENSMUSG00000102423,Gm37465,0,1,0,0,0,4,0,1,1,0,2,1
ENSMUSG00000104339,C130089K02Rik,2,4,8,6,3,7,7,5,1,3,6,0
ENSMUSG00000065669,Gm22581,7,7,7,10,4,1,5,8,5,9,3,10
ENSMUSG00000019232,Etnppl,0,0,0,0,0,1,1,0,0,0,0,0
ENSMUSG00000104795,Gm42783,38,31,38,26,20,21,28,32,28,27,23,24
ENSMUSG00000102808,5430420F09Rik,0,3,0,1,0,0,0,2,0,0,1,0
ENSMUSG00000103655,Gm37202,0,0,0,0,0,0,0,0,0,0,0,0
ENSMUSG00000103726,Gm30074,0,0,0,0,0,0,0,0,0,0,0,0
ENSMUSG00000104055,Gm38132,0,0,0,0,0,0,0,1,0,0,0,0
ENSMUSG00000103170,Gm37170,2,1,2,4,0,0,0,1,0,0,2,0
ENSMUSG00000102510,Olfr1398-ps1,0,0,0,0,0,1,0,0,0,0,0,0
ENSMUSG00000041084,Ostc,1616,1905,1533,1594,1653,881,1683,1656,1642,1427,1628,1372
ENSMUSG00000105466,Gm42998,8,9,5,2,4,3,3,10,4,7,6,5
ENSMUSG00000044167,Foxo1,2458,2579,2384,2270,1779,1225,1925,2163,2244,2035,1821,1786
ENSMUSG00000092405,Gm20402,5,1,6,2,7,0,5,1,7,1,0,2
ENSMUSG00000028072,Ntrk1,0,5,1,3,1,0,0,0,1,0,1,2
ENSMUSG00000102844,Gm38034,7,0,3,2,4,4,0,8,2,1,3,4
ENSMUSG00000028098,Rnf115,1605,1821,1337,1447,1342,992,1374,1496,1680,1601,1390,1245
ENSMUSG00000103454,Gm38098,3,6,3,0,1,0,0,1,1,2,2,0
ENSMUSG00000105976,Gm42782,4,0,2,5,0,4,1,1,1,3,1,3
ENSMUSG00000103965,Gm30173,0,0,0,0,0,0,0,0,0,0,0,0
ENSMUSG00000070490,Gm10293,26,27,17,32,20,4,19,26,19,15,9,8
ENSMUSG00000119552,#N/A,0,0,0,0,0,0,0,0,0,0,0,0
ENSMUSG00000102785,Gm2447,0,1,0,0,0,0,0,0,0,0,0,1
ENSMUSG00000038304,Cd160,1064,1306,1158,1284,1260,580,961,1038,1429,1239,847,755
ENSMUSG00000062006,Rpl34,5254,7140,5329,5887,5869,3066,5882,5783,6336,5669,5449,4891
ENSMUSG00000105789,Gm42997,5,9,5,4,7,10,14,4,8,6,4,6
ENSMUSG00000106260,Gm43524,0,0,0,0,0,0,1,0,0,1,0,0
ENSMUSG00000105716,Gm43522,0,0,0,0,0,3,0,0,0,0,0,0
ENSMUSG00000106095,2010110G14Rik,0,0,0,0,0,0,0,0,0,0,0,0
ENSMUSG00000104109,Gm30292,17,18,5,9,8,8,5,10,8,10,14,9
ENSMUSG00000104984,Gm5982,0,1,0,0,1,1,0,0,0,0,1,1
ENSMUSG00000104401,Gm20750,0,0,0,0,1,0,0,0,0,0,0,1
ENSMUSG00000005640,Insrr,104,122,86,78,59,26,40,90,106,86,97,102
ENSMUSG00000104557,Gm36520,0,0,0,0,0,0,0,0,0,0,0,0
ENSMUSG00000103886,Gm37007,0,0,0,0,0,0,0,0,0,0,0,0
ENSMUSG00002075059,#N/A,0,0,0,0,0,0,0,0,0,0,0,0
ENSMUSG00000105769,Gm43351,0,0,0,0,0,0,0,0,0,0,0,0
ENSMUSG00000105628,Gm43350,0,0,0,0,0,0,0,0,0,0,0,0
ENSMUSG00000104579,5830437K03Rik,0,0,0,0,0,0,0,0,0,0,0,0
ENSMUSG00000106249,Gm43349,0,0,0,0,0,2,0,0,0,0,0,0
ENSMUSG00000105558,Gm5855,2,3,2,3,0,0,1,4,1,1,1,2
ENSMUSG00000104859,A430072C10Rik,0,0,0,0,0,0,0,0,0,0,0,0
ENSMUSG00000106086,Lef1os1,21,14,22,22,21,17,16,21,16,18,27,16
ENSMUSG00000028071,Sh2d2a,7802,8144,6276,6714,5613,3404,5792,6391,6530,5660,6458,5960
ENSMUSG00000004895,Prcc,1882,1775,1489,1444,1606,849,1577,1604,2000,1560,1570,1446
ENSMUSG00000004897,Hdgf,8898,9210,7998,7996,9804,4769,8706,8938,9149,7938,10135,9178
ENSMUSG00000038298,Pdzk1,29,32,52,32,38,26,17,15,26,30,21,14
ENSMUSG00000087223,4930442L01Rik,0,0,0,0,0,0,0,0,0,0,0,0
ENSMUSG00000028096,Gpr89,1814,1981,1523,1537,1524,764,1178,1586,1722,1637,1367,1331
ENSMUSG00000019710,Mrpl24,1304,1411,1020,1160,1364,761,1041,1090,1303,1130,1418,1302
ENSMUSG00000057123,Gja5,0,3,2,2,2,2,0,1,3,5,4,0
ENSMUSG00000027742,Cog6,353,383,299,288,365,205,271,293,332,290,405,351
ENSMUSG00000104850,Gm42901,0,0,0,0,0,0,0,1,0,0,0,0
ENSMUSG00000049908,Gja8,1,0,0,1,0,1,0,0,0,1,0,0
ENSMUSG00000105385,9230114J08Rik,0,0,0,0,0,0,0,0,0,0,0,0
ENSMUSG00000104766,4930573H18Rik,0,0,0,0,0,1,0,0,0,0,0,0
ENSMUSG00000106324,Gm43222,0,0,0,0,0,0,0,0,0,0,0,0
ENSMUSG00000088511,Gm24435,0,0,0,0,0,0,0,0,0,0,0,0
ENSMUSG00000048332,Lhfp,4,5,3,6,6,3,11,8,9,2,3,4
ENSMUSG00000104828,Gm42898,0,0,0,0,0,0,0,0,0,0,0,0
ENSMUSG00000104687,Gm42899,0,1,0,0,0,3,1,0,0,0,0,0
ENSMUSG00000104735,C130075A20Rik,0,0,0,0,0,0,0,1,0,0,2,0
ENSMUSG00000104615,Gm43804,0,0,0,0,0,0,0,0,0,0,0,0
ENSMUSG00000104968,Gm43803,0,0,0,0,0,0,0,0,0,0,0,0
ENSMUSG00000105971,Gm43805,0,0,0,0,0,0,0,0,0,0,0,0
ENSMUSG00000106660,Gm43472,0,0,0,0,0,0,0,0,0,0,0,0
ENSMUSG00000105397,Gm43471,3,5,4,5,3,0,6,1,5,4,3,6
ENSMUSG00000027985,Lef1,1266,1236,1204,1082,1048,892,1273,1584,1248,1071,1361,1216
ENSMUSG00000104612,Gm42449,3,4,5,2,1,4,0,7,5,2,6,8
ENSMUSG00000028093,Acp6,337,366,287,287,323,176,305,332,345,304,337,302
ENSMUSG00000004896,Rrnad1,528,537,441,422,536,333,354,419,494,452,547,531
ENSMUSG00000042997,Nhlrc3,482,562,460,510,409,216,404,444,485,509,479,404
ENSMUSG00000085174,Gm16206,0,0,0,0,1,0,0,0,0,0,0,0
ENSMUSG00000048039,Isg20l2,3201,3184,2602,2626,2541,1420,2291,2734,2923,2744,2726,2675
ENSMUSG00000027984,Hadh,440,473,407,374,352,196,505,501,397,317,418,370
ENSMUSG00000004885,Crabp2,3772,3544,3979,3809,4557,3467,3595,3488,3343,2532,3682,2920
ENSMUSG00000103792,Gm3745,0,0,0,0,0,0,0,0,0,0,0,0
ENSMUSG00000106268,Gm18492,0,0,1,0,1,0,0,0,0,1,1,0
ENSMUSG00000049504,Proser1,1607,1468,1359,1322,1222,1094,1184,1487,1279,1219,1271,1185
ENSMUSG00000027983,Cyp2u1,2,3,3,3,5,6,5,0,4,7,8,11
ENSMUSG00000004891,Nes,4,6,3,1,13,8,1,2,4,3,6,6
ENSMUSG00000027744,Stoml3,0,0,0,1,0,0,0,1,0,1,2,0
ENSMUSG00000105481,6430500D05Rik,0,0,0,0,1,0,0,0,0,0,0,0
ENSMUSG00000087936,Gm23675,0,0,0,0,0,0,0,0,0,0,0,0
ENSMUSG00000038256,Bcl9,1006,979,735,737,596,412,609,826,782,805,596,519
ENSMUSG00000106536,Gm42508,0,0,0,0,0,2,0,0,0,0,0,0
ENSMUSG00000104745,Gm43073,0,0,0,0,0,0,0,0,0,0,0,0
ENSMUSG00000051392,Olfr1402,0,0,0,0,0,0,0,0,0,0,0,0
ENSMUSG00000004892,Bcan,0,1,0,0,0,0,0,0,0,0,0,0
ENSMUSG00000004894,Hapln2,0,0,0,0,0,2,0,0,0,0,0,0
ENSMUSG00000105843,Gm19439,0,0,0,0,0,0,0,0,0,0,0,0
ENSMUSG00000037016,Frem2,8,17,4,10,6,4,8,11,3,9,4,6
ENSMUSG00000105840,Gm6073,0,0,0,0,0,0,0,0,0,0,0,0
ENSMUSG00000105879,Gm6204,50,25,24,34,25,5,26,35,68,55,25,48
ENSMUSG00000105168,Gm30735,0,0,0,0,0,0,0,0,0,0,0,0
ENSMUSG00000105444,Gm10727,0,0,0,0,0,0,0,0,0,0,0,0
ENSMUSG00000106270,C820005J03Rik,0,0,0,0,0,0,0,0,0,0,0,0
ENSMUSG00000028089,Chd1l,1200,1180,1009,1043,1286,773,965,1056,1265,1097,1415,1250
ENSMUSG00000088653,Gm24851,0,0,0,0,0,0,0,0,0,0,0,0
ENSMUSG00000078742,Gm10985,0,0,0,0,0,0,0,0,0,0,0,0
ENSMUSG00000105004,Gm43075,3,0,4,5,6,5,0,2,6,6,6,11
ENSMUSG00000028032,Papss1,241,282,181,175,215,117,233,262,262,198,233,259
ENSMUSG00000105973,Gm42881,0,0,0,0,0,0,0,0,0,0,0,0
ENSMUSG00000105331,Gm29865,0,0,0,0,0,0,0,0,0,0,0,0
ENSMUSG00000104853,Olfr375-ps1,0,0,0,0,0,0,0,0,0,0,0,0
ENSMUSG00002075251,#N/A,0,0,0,0,0,0,0,0,0,0,0,0
ENSMUSG00000119343,#N/A,0,0,0,0,0,0,0,0,0,0,0,0
ENSMUSG00000028031,Dkk2,0,0,0,0,0,0,0,0,0,0,0,0
ENSMUSG00000106280,Gm42880,0,0,0,0,0,0,0,0,0,0,0,0
ENSMUSG00002075594,#N/A,0,0,0,0,0,0,0,0,0,0,0,0
ENSMUSG00000027746,Ufm1,913,1115,851,923,780,472,842,807,932,826,750,717
ENSMUSG00000106577,Gm31026,0,0,0,0,0,0,0,0,0,0,0,0
ENSMUSG00000103155,Gm8109,2,3,2,5,3,2,3,5,1,2,4,2
ENSMUSG00000105067,Gm18018,0,0,0,0,0,0,0,0,0,0,0,0
ENSMUSG00000028088,Fmo5,14,14,10,16,9,9,8,16,8,10,10,11
ENSMUSG00000091721,Gimd1,0,0,0,0,0,0,0,0,0,0,0,0
ENSMUSG00000106313,Gm9402,9,3,4,4,0,0,3,0,0,1,1,5
ENSMUSG00000038205,Prkab2,250,286,261,255,283,176,197,268,249,258,253,244
ENSMUSG00000090441,Gm17651,0,0,0,0,0,0,0,0,0,0,0,0
ENSMUSG00000028069,Gpatch4,2616,2783,2156,2151,2264,2063,2440,2421,2582,2400,2662,2159
ENSMUSG00000028029,Aimp1,1741,2076,1632,1826,1661,1035,1712,1638,1938,1584,1822,1531
ENSMUSG00000028070,Naxe,245,270,195,267,237,119,320,304,226,236,223,202
ENSMUSG00000051036,Ttc24,0,0,0,0,0,0,0,0,0,0,0,0
ENSMUSG00000027748,Trpc4,0,0,0,0,0,0,0,1,0,0,0,1
ENSMUSG00000028030,Tbck,376,385,284,276,317,245,229,336,319,310,423,361
ENSMUSG00000105719,Gm42872,0,3,3,5,1,9,2,4,3,7,4,6
ENSMUSG00000087776,Gm22322,0,0,0,0,0,0,0,0,0,0,0,0
ENSMUSG00000105691,Gm42876,2,10,9,6,2,1,2,5,1,4,5,3
ENSMUSG00000106230,Gm29811,0,0,0,0,0,0,0,1,0,0,0,0
ENSMUSG00000106499,Gm9403,4,6,5,6,8,1,1,2,4,1,2,3
ENSMUSG00000028068,Iqgap3,65,73,72,75,142,61,102,111,71,71,127,112
ENSMUSG00000001419,Mef2d,3362,3206,2742,2700,2732,1761,2355,3126,3101,2786,3041,2745
ENSMUSG00000096935,1700113A16Rik,30,37,36,32,35,43,28,17,42,34,47,39
ENSMUSG00000097280,AI849053,0,0,0,0,0,1,0,0,0,0,0,0
ENSMUSG00000097428,AW047730,0,2,0,0,0,1,1,0,0,1,1,0
ENSMUSG00000097156,Gm3764,0,0,0,0,0,4,1,0,0,0,0,0
ENSMUSG00000092988,Mir3093,0,0,0,0,0,0,0,0,0,0,0,0
ENSMUSG00002075840,#N/A,0,0,0,0,0,0,0,0,0,0,0,0
ENSMUSG00000106493,Mir9-1,0,0,0,0,0,0,0,0,0,0,0,0
ENSMUSG00000104445,Rhbg,0,1,0,2,0,1,0,0,1,0,0,1
ENSMUSG00000103766,Gm38392,0,0,0,1,0,0,0,3,0,0,1,1
ENSMUSG00000038170,Pde4dip,538,555,534,459,400,293,295,427,448,357,429,393
ENSMUSG00000098381,Mir7225,0,0,0,0,0,0,0,0,0,0,0,0
ENSMUSG00000105245,Gm31305,0,0,0,0,0,0,0,0,0,0,0,0
ENSMUSG00000086557,Gm15999,0,0,0,0,0,0,0,0,1,0,0,0
ENSMUSG00000010538,Tsacc,19,23,23,15,17,13,31,14,21,18,27,29
ENSMUSG00000103574,Gm37116,8,2,4,5,7,4,5,8,7,2,3,3
ENSMUSG00000027879,Sec22b,1256,1510,1118,1118,1072,611,1044,1088,1237,1047,951,972
ENSMUSG00000074388,Gm5544,0,0,1,5,0,0,1,2,0,2,0,0
ENSMUSG00000040998,Npnt,461,499,428,392,164,110,203,236,296,237,171,131
ENSMUSG00000027878,Notch2,3761,4189,3578,3557,3730,1675,2598,4182,3508,3587,3321,3193
ENSMUSG00000105728,Gm42819,5,0,8,7,6,6,5,9,6,12,4,4
ENSMUSG00000106427,Gm42820,10,14,24,19,15,23,13,22,11,27,10,16
ENSMUSG00000089431,Gm23196,0,0,0,0,0,0,0,0,0,0,0,0
ENSMUSG00000043468,Adam30,0,1,0,0,0,0,0,0,1,0,0,0
ENSMUSG00000106486,Gm9771,0,0,0,0,0,0,0,0,0,0,0,1
ENSMUSG00000027876,Reg4,0,0,0,0,0,0,0,0,0,0,0,0
ENSMUSG00000104842,Gm42821,0,0,0,0,0,0,0,0,0,0,0,0
ENSMUSG00000027750,Postn,0,0,0,0,0,0,1,0,0,0,0,0
ENSMUSG00000069014,Gm5641,0,0,0,0,0,0,0,0,0,0,0,1
ENSMUSG00000104831,B020017C02Rik,0,0,0,0,0,0,0,0,0,0,0,0
ENSMUSG00000027875,Hmgcs2,0,0,0,0,0,0,0,0,0,0,0,0
ENSMUSG00000105909,Gm43189,0,0,0,0,0,0,0,0,0,0,0,0
ENSMUSG00000028018,Gstcd,803,880,699,708,826,450,638,723,793,743,801,759
ENSMUSG00000104787,Gm19148,0,0,0,0,0,0,0,0,0,0,0,0
ENSMUSG00000105259,Gm42874,1,1,1,1,0,0,2,4,0,0,0,2
ENSMUSG00000105217,Gm42873,7,2,10,3,3,9,4,4,3,11,2,1
ENSMUSG00000001416,Cct3,9696,11357,8788,9421,9948,5045,8480,9030,10393,9332,9401,8989
ENSMUSG00000028016,Ints12,1218,1442,1010,1091,1049,718,976,1026,1056,1007,903,767
ENSMUSG00000053398,Phgdh,1000,1153,1128,1151,1115,234,1016,891,1024,855,938,911
ENSMUSG00000050064,Zfp697,0,0,1,0,0,1,1,0,0,0,1,0
ENSMUSG00000040969,Arhgef38,0,0,0,0,0,0,0,0,0,0,0,0
ENSMUSG00000105957,Gm43254,21,28,10,17,13,10,13,20,18,16,13,14
ENSMUSG00000090817,Gm4450,0,0,0,0,0,0,0,0,0,0,0,0
ENSMUSG00000106107,Gm43190,0,0,0,0,0,2,0,0,0,0,0,0
ENSMUSG00000106129,Gm19210,0,0,0,0,0,0,0,0,0,0,0,0
ENSMUSG00000095143,Hsd3b4,0,0,0,0,0,0,0,0,0,0,0,0
ENSMUSG00000001418,Glmp,660,797,494,564,510,165,488,524,630,574,544,499
ENSMUSG00000105696,Gm19211,0,0,0,0,0,0,0,0,0,0,0,0
ENSMUSG00000095388,Gm10681,0,0,0,0,0,0,0,0,0,0,0,0
ENSMUSG00000001420,Tmem79,24,21,27,25,35,13,24,26,37,29,33,27
ENSMUSG00000105641,Gm5853,3,1,0,1,0,0,0,0,0,1,0,1
ENSMUSG00000106456,Gm9678,0,0,0,0,0,0,0,0,0,0,0,0
ENSMUSG00000038092,Hsd3b5,0,0,0,0,0,0,0,0,0,0,0,0
ENSMUSG00000081919,Gm12399,0,0,0,0,0,0,0,0,0,0,0,0
ENSMUSG00000083331,Gm12400,0,0,0,0,0,0,0,0,0,0,0,0
ENSMUSG00000063730,Hsd3b2,0,0,0,0,0,0,0,0,0,0,0,0
ENSMUSG00000028013,Ppa2,532,531,458,483,445,266,519,475,530,491,495,443
ENSMUSG00002076298,#N/A,0,0,0,0,0,0,0,0,0,0,0,0
ENSMUSG00000062410,Hsd3b3,0,0,0,0,0,0,0,0,0,0,0,0
ENSMUSG00000027869,Hsd3b6,0,0,0,0,0,0,0,0,0,0,0,0
ENSMUSG00000083222,Gm12427,0,0,0,0,0,0,0,0,0,0,0,0
ENSMUSG00000082185,Gm12428,1,1,2,0,0,0,0,1,1,0,0,0
ENSMUSG00000082089,Gm12431,0,0,0,0,0,0,0,0,0,0,0,0
ENSMUSG00000083577,Gm12432,0,0,0,0,0,0,0,0,0,0,0,0
ENSMUSG00000082589,Gm12433,0,0,0,0,0,0,0,0,0,0,0,0
ENSMUSG00000027871,Hsd3b1,0,0,0,0,0,0,0,0,0,0,0,0
ENSMUSG00000001415,Smg5,3720,3834,3123,3289,3500,1351,2653,3529,3533,3361,3306,3247
ENSMUSG00000027870,Hao2,0,0,0,0,0,0,0,0,0,0,0,0
ENSMUSG00000085121,5730437C11Rik,0,0,0,0,0,1,0,0,0,0,0,0
ENSMUSG00000086833,Gm12440,0,0,0,0,0,0,0,0,0,0,0,0
ENSMUSG00000083888,Gm12441,0,0,0,0,0,0,0,0,0,0,0,0
ENSMUSG00000065709,Gm22341,0,0,0,0,0,0,0,0,0,0,0,0
ENSMUSG00000088884,Gm24216,0,0,0,0,0,0,0,0,0,0,0,0
ENSMUSG00000041423,Paqr6,4,4,3,1,1,2,1,6,4,1,0,1
ENSMUSG00000040943,Tet2,1843,1921,1605,1448,1570,1563,888,1636,1556,1633,1699,1537
ENSMUSG00000105085,Gm42567,0,1,1,2,0,0,0,4,0,0,3,0
ENSMUSG00000105595,Gm49316,0,0,0,0,0,0,0,0,0,0,0,0
ENSMUSG00000074489,Bglap3,0,0,0,1,1,0,0,0,0,0,0,0
ENSMUSG00000077336,Gm23011,0,0,0,0,0,0,0,0,0,0,0,0
ENSMUSG00000096792,Gm21956,0,0,0,0,0,0,0,0,0,0,0,0
ENSMUSG00000102530,Gm37228,0,2,0,0,0,0,0,0,0,0,0,0
ENSMUSG00000105952,Gm40153,0,0,0,0,0,0,1,0,0,0,1,0
ENSMUSG00000106069,Gm6135,0,0,0,0,0,0,0,0,0,0,0,0
ENSMUSG00000074486,Bglap2,0,0,0,0,0,0,0,0,0,0,0,0
ENSMUSG00000104645,Gm30484,0,0,0,0,0,0,0,0,0,0,0,0
ENSMUSG00000078691,Gm6821,0,0,0,0,0,0,0,0,0,0,0,0
ENSMUSG00000097911,Gm26691,0,0,0,0,0,0,0,0,0,0,0,0
ENSMUSG00002076160,#N/A,0,0,0,0,0,0,0,0,0,0,0,0
ENSMUSG00000104556,Gm43192,0,0,0,0,0,0,0,0,0,0,0,0
ENSMUSG00000074483,Bglap,0,1,0,0,0,0,0,0,0,0,0,0
ENSMUSG00000105523,Gm43193,0,0,0,0,0,0,0,0,0,0,0,0
ENSMUSG00000004233,Wars2,184,211,136,169,188,104,137,170,204,194,194,183
ENSMUSG00000106139,Gm30648,0,0,0,0,0,0,0,0,0,0,0,0
ENSMUSG00000105472,Gm43024,3,10,11,8,5,7,8,3,10,7,8,6
ENSMUSG00000105798,Gm18982,0,0,0,0,0,0,0,0,0,0,0,0
ENSMUSG00000098918,Mir6481,0,0,0,0,0,0,0,0,0,0,0,0
ENSMUSG00000106197,Gm42717,5,5,2,3,4,4,2,6,7,1,7,4
ENSMUSG00000027751,Supt20,1419,1482,1216,1120,1284,1140,1038,1273,1335,1294,1549,1402
ENSMUSG00000094487,Gm21958,0,0,0,0,0,0,0,0,2,0,0,0
ENSMUSG00000044365,Cxxc4,0,0,0,0,0,5,0,0,0,0,2,0
ENSMUSG00000084564,Mir1895,0,0,0,0,0,0,0,0,0,0,0,0
ENSMUSG00000104779,Gm43559,0,0,0,0,0,0,0,0,0,0,0,0
ENSMUSG00000028066,Pmf1,327,374,322,357,530,305,496,450,381,328,465,456
ENSMUSG00000097031,Gm26820,0,0,0,0,0,0,0,0,0,0,0,0
ENSMUSG00000106628,Gm43558,0,0,0,0,0,0,0,0,0,0,0,0
ENSMUSG00000104530,Gm6077,0,0,0,0,0,0,0,0,0,0,0,0
ENSMUSG00000027868,Tbx15,1,0,1,0,2,2,0,0,0,0,2,0
ENSMUSG00000105765,4930539C22Rik,0,0,0,0,0,0,0,0,0,0,0,0
ENSMUSG00000105689,Gm43120,0,0,0,0,0,0,0,0,0,0,0,0
ENSMUSG00000081183,Gm12449,0,0,0,0,0,0,0,0,0,0,0,0
ENSMUSG00000080832,M6pr-ps,7,7,8,2,1,2,2,4,3,3,4,1
ENSMUSG00000083938,Gm12448,0,0,0,0,0,0,0,0,0,0,0,0
ENSMUSG00000064890,Gm22505,0,0,0,0,0,0,0,0,0,0,0,1
ENSMUSG00000028172,Tacr3,0,0,0,0,0,0,0,0,0,0,0,0
ENSMUSG00000105559,Gm4860,0,0,0,0,0,0,0,0,0,0,0,0
ENSMUSG00000106569,Gm43036,0,0,0,0,0,0,0,0,0,0,0,0
ENSMUSG00000104539,Gm43035,0,0,0,0,0,0,0,0,0,0,0,0
ENSMUSG00000105538,Gm2142,0,0,0,0,0,0,0,0,0,0,0,0
ENSMUSG00002075581,#N/A,0,0,0,0,0,0,0,0,0,0,0,0
ENSMUSG00000105266,Gm18546,0,0,0,0,0,0,0,0,0,0,0,0
ENSMUSG00000106079,Gm43033,0,0,0,0,0,0,0,0,0,0,0,0
ENSMUSG00000050144,Slc25a44,658,701,560,530,518,208,525,615,599,506,489,472
ENSMUSG00000106568,Gm42814,16,14,19,15,6,2,15,15,17,20,25,11
ENSMUSG00000027867,Spag17,2,0,3,0,1,3,0,0,4,1,2,1
ENSMUSG00000080754,Rpl36-ps7,0,0,0,0,0,0,0,0,0,0,0,0
ENSMUSG00000082763,Tra2b-ps,0,0,0,0,0,0,0,0,0,0,0,0
ENSMUSG00000085244,Spag17os,0,0,0,0,0,0,0,0,0,0,0,0
ENSMUSG00000027752,Exosc8,1338,1362,1384,1347,1745,1155,1536,1551,1415,1261,1653,1590
ENSMUSG00000045328,Cenpe,1141,1458,1092,1124,2298,2793,962,1590,829,1244,2142,1834
ENSMUSG00000036632,Alg5,1218,1210,917,942,1060,731,1055,1045,1187,1033,1035,968
ENSMUSG00000027796,Smad9,3,1,5,3,7,4,8,4,1,3,4,3
ENSMUSG00000036615,Rfxap,513,480,366,442,428,289,429,413,550,460,446,433
ENSMUSG00000033285,Wdr3,5535,6096,4788,4914,4849,2710,3807,4595,5389,5041,4557,4427
ENSMUSG00000069011,Gm10254,9,17,15,11,11,0,11,3,4,5,7,6
ENSMUSG00000028167,Bdh2,105,143,150,134,135,78,112,103,112,118,88,72
ENSMUSG00000056306,Sertm1,0,0,0,0,0,1,0,0,0,0,0,0
ENSMUSG00002075012,#N/A,0,0,0,0,0,0,0,0,0,0,0,0
ENSMUSG00002075999,#N/A,0,0,0,0,0,0,0,0,0,0,0,0
ENSMUSG00000103416,Gm37338,0,0,0,0,0,0,0,0,0,0,0,0
ENSMUSG00000103028,Gm8747,0,0,0,0,0,0,0,0,0,0,0,0
ENSMUSG00000037994,Slc9b2,310,312,293,328,336,202,247,293,288,242,237,250
ENSMUSG00000027793,Ccna1,0,0,0,0,0,0,0,0,0,0,0,0
ENSMUSG00000017688,Hnf4g,0,0,0,0,0,0,0,0,0,0,0,0
ENSMUSG00000106589,4931419H13Rik,0,0,0,0,0,0,0,0,0,0,0,0
ENSMUSG00000102283,Gm37000,0,0,0,0,0,0,0,0,0,0,0,0
ENSMUSG00000105977,Gm43555,0,0,0,2,0,0,0,0,0,0,2,1
ENSMUSG00002076386,#N/A,0,0,0,0,0,0,0,0,0,0,0,0
ENSMUSG00000069125,Rps24-ps2,0,7,2,3,4,2,2,1,0,2,2,1
ENSMUSG00000103245,Gm2071,0,0,0,0,0,0,0,0,0,0,0,0
ENSMUSG00000103224,Gm2077,0,0,0,0,0,0,0,0,0,0,0,0
ENSMUSG00000091223,Gm8775,0,2,0,2,0,0,0,1,0,1,0,0
ENSMUSG00002076185,#N/A,0,0,0,0,0,0,0,0,0,0,0,0
ENSMUSG00000119546,#N/A,0,0,0,0,0,0,0,0,0,0,0,0
ENSMUSG00000104233,Gm34023,0,0,0,0,0,0,0,0,0,0,0,0
ENSMUSG00000104054,Gm38131,0,0,0,0,0,0,0,0,0,0,0,0
ENSMUSG00000104073,Gm37029,0,0,0,0,0,0,0,0,0,0,0,0
ENSMUSG00000089287,Gm22944,0,0,0,0,0,0,0,0,0,0,0,0
ENSMUSG00000102998,Gm37763,0,0,0,0,0,0,0,0,0,0,0,0
ENSMUSG00000050150,Slc9b1,5,4,8,4,5,12,12,4,5,3,1,7
ENSMUSG00000103306,Gm37801,0,0,0,0,0,0,0,0,0,0,0,0
ENSMUSG00000098659,1110015O18Rik,0,0,0,0,0,0,0,0,0,0,0,0
ENSMUSG00000104141,Gm6140,8,0,3,3,3,0,3,1,5,6,1,5
ENSMUSG00000096922,Gm17308,0,0,0,0,0,1,0,0,0,0,0,0
ENSMUSG00000028165,Cisd2,894,961,850,755,909,684,784,858,959,879,941,877
ENSMUSG00000027865,Gdap2,333,352,269,235,251,200,249,244,258,245,296,230
ENSMUSG00000105981,2810428J06Rik,8,4,5,5,1,10,1,4,5,9,11,6
ENSMUSG00000105449,Gm43379,43,33,36,31,30,27,13,27,46,38,33,24
ENSMUSG00000086224,2700069I18Rik,0,0,0,0,0,0,0,0,0,0,0,0
ENSMUSG00000064573,Gm25802,0,0,0,0,0,0,0,0,0,0,0,0
ENSMUSG00000081440,Gm12464,5,4,5,5,3,2,4,3,3,4,3,4
ENSMUSG00000103881,Gm10748,0,0,0,0,1,3,0,0,0,0,0,0
ENSMUSG00000097032,4930539J05Rik,16,13,8,10,15,10,18,19,35,14,17,16
ENSMUSG00000086923,4930406D18Rik,0,0,0,0,0,0,0,0,0,0,0,0
ENSMUSG00000106639,Gm43121,0,0,0,0,0,0,0,0,0,0,0,0
ENSMUSG00000044468,Tent5c,1163,1285,1035,1065,968,514,789,1077,928,955,799,728
ENSMUSG00000053957,Gm12474,1,3,1,2,1,0,1,1,0,1,0,1
ENSMUSG00000104943,Gm42868,1,2,5,4,12,3,6,6,8,4,5,8
ENSMUSG00000025255,Zfhx4,0,1,0,0,1,2,0,0,0,0,1,0
ENSMUSG00000093557,4930555M17Rik,0,0,0,0,0,0,0,0,0,0,0,0
ENSMUSG00000008763,Man1a2,2525,2547,2160,2087,2097,1585,1530,1991,2370,2153,2190,1959
ENSMUSG00000036580,Spg20,960,959,744,741,720,609,710,840,859,761,889,815
ENSMUSG00000105824,Gm43466,5,7,3,5,6,7,0,4,6,11,6,9
ENSMUSG00000105137,Gm42869,9,4,8,4,7,7,9,6,7,8,9,8
ENSMUSG00000105561,Gm43462,20,10,12,18,3,5,6,8,4,15,9,13
ENSMUSG00000106184,Gm43463,4,0,0,2,1,0,1,1,0,4,0,2
ENSMUSG00000083842,Gm12485,0,0,0,0,0,0,0,0,0,0,0,0
ENSMUSG00000106227,Gm43464,0,0,0,1,0,3,0,0,1,0,0,0
ENSMUSG00002076204,#N/A,0,0,0,0,0,0,0,0,0,0,0,0
ENSMUSG00000040374,Pex2,464,653,443,428,482,231,422,430,494,473,484,446
ENSMUSG00000103034,Gm8797,1,5,3,4,0,2,1,1,1,1,4,3
ENSMUSG00000051076,Vtcn1,0,0,0,0,0,0,0,1,0,0,0,0
ENSMUSG00000102979,Gm37350,0,0,0,0,0,0,0,0,0,0,0,0
ENSMUSG00002076241,#N/A,0,0,0,0,0,0,0,0,0,0,0,0
ENSMUSG00002075023,#N/A,0,0,0,0,0,0,0,0,0,0,0,0
ENSMUSG00000103848,Gm17934,0,1,0,0,0,0,0,0,0,0,0,0
ENSMUSG00000103733,Gm6162,3,1,1,0,2,0,0,2,1,3,1,1
ENSMUSG00000104270,Gm38298,0,0,0,0,0,0,0,0,0,0,0,0
ENSMUSG00002076789,#N/A,0,0,0,0,0,0,0,0,0,0,0,0
ENSMUSG00000103852,Gm18658,0,0,0,0,0,0,0,0,0,0,0,0
ENSMUSG00000098226,Gm5272,4,2,2,1,3,0,7,6,3,5,2,1
ENSMUSG00000103150,Gm38291,0,0,0,0,0,0,0,0,0,0,0,0
ENSMUSG00000069118,1700008P02Rik,0,0,0,0,0,0,0,0,0,0,0,0
ENSMUSG00000103538,Olfr289-ps1,0,0,0,0,0,0,0,0,0,0,0,0
ENSMUSG00000089220,Gm22074,0,0,0,0,0,0,0,0,0,0,0,0
ENSMUSG00000104274,Gm8823,0,0,0,0,0,0,0,0,0,0,0,0
ENSMUSG00000027499,Pkia,0,0,0,0,0,0,0,0,0,0,0,0
ENSMUSG00000103274,Gm37918,0,0,0,0,0,0,0,0,0,0,0,0
ENSMUSG00000102268,Gm8826,0,0,0,0,0,0,0,0,0,0,0,0
ENSMUSG00000088484,Gm23592,0,0,0,0,0,0,0,0,0,0,0,0
ENSMUSG00000048655,Ccdc169,1,1,0,1,3,3,0,4,3,1,0,1
ENSMUSG00002075021,#N/A,0,0,0,0,0,0,0,0,0,0,0,0
ENSMUSG00000043542,Zc2hc1a,12,15,8,14,7,8,3,10,12,14,3,11
ENSMUSG00000033233,Trim45,52,57,44,32,45,25,39,57,38,40,50,55
ENSMUSG00000027794,Sohlh2,0,0,0,0,0,0,0,0,0,0,0,0
ENSMUSG00000040329,Il7,0,0,0,0,0,2,0,0,0,3,0,0
ENSMUSG00000097804,Gm16685,0,0,0,0,0,0,0,0,1,0,0,0
ENSMUSG00000103399,Gm29747,0,0,0,0,0,0,0,0,0,0,0,0
ENSMUSG00000100010,1700010I02Rik,0,0,0,0,0,0,0,0,0,0,0,0
ENSMUSG00000103725,Gm7103,0,0,0,0,0,0,0,0,0,0,0,0
ENSMUSG00000103921,Gm5841,3,3,1,1,0,0,2,2,2,1,1,1
ENSMUSG00000065203,Gm24614,0,0,0,0,0,0,0,0,0,0,0,0
ENSMUSG00000102463,1700003N22Rik,0,0,0,0,0,1,0,0,0,0,0,0
ENSMUSG00000027500,Stmn2,0,0,0,0,0,1,0,0,0,0,0,0
ENSMUSG00000033222,Ttf2,926,954,979,940,1181,588,907,1131,868,783,1034,1012
ENSMUSG00000098047,Gm18822,2,4,1,5,2,2,4,8,2,4,1,0
ENSMUSG00000104102,Gm32496,0,0,0,0,0,0,0,0,0,0,0,0
ENSMUSG00000082000,Gm12488,0,0,0,0,1,0,0,0,0,0,0,0
ENSMUSG00000040289,Hey1,3,1,3,1,4,0,2,4,1,3,1,1
ENSMUSG00000103814,Gm38007,0,0,0,0,0,0,0,0,0,0,0,0
ENSMUSG00000028064,Sema4a,641,780,621,696,469,148,629,672,638,652,497,557
ENSMUSG00000088094,Gm23670,0,0,0,0,0,0,0,0,0,0,0,0
ENSMUSG00000103346,C230057A21Rik,0,0,0,0,0,0,0,0,0,0,0,0
ENSMUSG00000103256,Gm37647,0,0,0,0,0,1,0,0,0,0,1,0
ENSMUSG00000086564,Cd101,36,30,11,45,21,11,27,29,52,41,19,17
ENSMUSG00000040269,Mrps28,556,607,493,534,590,259,574,545,612,587,474,515
ENSMUSG00000081594,Gm15467,26,16,12,17,10,3,11,10,22,21,13,10
ENSMUSG00000098655,Mir7011,0,0,0,0,0,0,0,0,0,0,0,0
ENSMUSG00000103304,Gm5979,0,0,0,0,0,0,0,0,0,0,0,0
ENSMUSG00000081657,Gm15466,5,2,5,3,2,2,3,1,3,5,3,0
ENSMUSG00000027864,Ptgfrn,2642,2833,1829,1900,1670,806,1587,2003,2170,2159,1635,1454
ENSMUSG00000105717,Gm43465,2,1,3,1,2,1,0,2,2,3,0,1
ENSMUSG00000082415,Gm12486,0,0,0,0,0,0,0,0,0,0,0,0
ENSMUSG00000083546,Tpt1-ps1,0,0,1,0,1,0,0,0,2,1,0,2
ENSMUSG00000081569,Gm12490,0,1,4,0,0,1,2,0,1,0,1,1
ENSMUSG00000027863,Cd2,7899,9401,7085,8097,6573,5067,8060,9215,7877,7271,6508,5522
ENSMUSG00000072381,Gm10355,0,0,0,0,0,0,0,0,0,0,0,0
ENSMUSG00000106316,Gm43467,0,0,0,0,0,0,0,0,0,0,0,0
ENSMUSG00000078578,Ube2d3,6540,5839,5500,5383,4968,7793,5487,5967,6891,6196,6205,5795
ENSMUSG00000105404,Gm42807,0,0,0,0,0,0,0,0,0,0,0,0
ENSMUSG00000042035,Igsf3,153,158,181,161,134,75,103,104,143,131,94,89
ENSMUSG00000104639,Gm42939,1,0,1,0,0,4,1,0,1,0,0,2
ENSMUSG00000105611,Gm42938,0,0,0,0,0,0,0,0,0,0,0,0
ENSMUSG00000106137,Gm42538,0,0,0,0,0,0,0,0,0,0,0,0
ENSMUSG00000028164,Manba,471,536,370,297,296,139,254,277,402,388,328,289
ENSMUSG00000033161,Atp1a1,29105,30739,23264,24200,25409,10077,19856,23559,28233,26039,21776,20738
ENSMUSG00000104737,Gm42937,24,21,18,13,15,9,16,22,23,33,19,13
ENSMUSG00000083045,Gm16100,0,1,0,0,0,0,0,0,1,0,1,0
ENSMUSG00000104693,Gm42941,15,17,23,15,7,3,8,12,18,19,12,10
ENSMUSG00000083610,Oaz2-ps,1,1,0,1,1,0,1,0,2,0,0,0
ENSMUSG00000106070,Gm43135,0,0,0,0,0,0,0,0,0,0,0,0
ENSMUSG00000105642,Gm43134,0,0,0,0,0,0,0,0,0,0,0,0
ENSMUSG00000044313,Mab21l3,2,1,3,1,0,0,0,4,2,1,2,0
ENSMUSG00000028063,Lmna,169,201,191,240,157,64,216,284,137,148,130,149
ENSMUSG00000033147,Slc22a15,144,171,90,98,97,43,106,134,124,114,119,103
ENSMUSG00000103115,Gm37584,5,4,2,5,16,6,7,3,3,3,9,21
ENSMUSG00000074480,Mex3a,133,164,142,121,201,95,122,151,130,145,248,230
ENSMUSG00000084728,Mir1905,0,0,0,0,0,0,0,1,2,0,0,0
ENSMUSG00000048540,Nhlh2,0,0,0,0,0,0,0,0,0,0,0,0
ENSMUSG00000104930,Gm43243,0,0,0,0,0,0,0,0,0,0,0,0
ENSMUSG00000105346,Gm18894,0,0,0,0,0,0,0,0,0,0,0,0
ENSMUSG00000008601,Rab25,3,8,4,3,2,1,3,5,4,5,2,2
ENSMUSG00000028062,Lamtor2,194,306,230,280,341,251,321,346,261,209,310,257
ENSMUSG00000027506,Tpd52,430,470,412,388,310,253,396,459,472,368,325,339
ENSMUSG00000103461,Gm37616,0,0,0,0,0,0,0,0,0,0,0,0
ENSMUSG00000027861,Casq2,0,0,0,0,0,0,0,0,0,0,0,0
ENSMUSG00000103116,4930539M17Rik,0,0,0,0,0,0,0,0,0,0,0,0
ENSMUSG00000103011,Gm8860,11,14,14,14,9,3,18,10,13,8,16,5
ENSMUSG00000105342,Gm43244,0,0,0,0,0,0,0,0,0,0,0,0
ENSMUSG00000106296,4632404M16Rik,0,0,0,0,0,0,0,0,0,0,0,0
ENSMUSG00000008604,Ubqln4,3054,3214,2519,2515,3069,1617,2525,3067,3072,2696,3140,2992
ENSMUSG00000069114,Zbtb10,160,151,166,163,150,110,119,138,160,145,114,107
ENSMUSG00002076460,#N/A,0,0,0,0,0,0,0,0,0,0,0,0
ENSMUSG00000097365,C030034L19Rik,0,1,1,2,1,4,0,0,0,0,0,0
ENSMUSG00000041355,Ssr2,2845,3400,2582,2666,2932,1158,2936,2796,2892,2441,2649,2419
ENSMUSG00000074479,Rtraf-ps,6,6,6,11,7,7,6,6,19,10,5,16
ENSMUSG00000040209,Zfp704,5,2,13,9,13,4,5,14,6,9,8,5
ENSMUSG00000103485,Gm38001,0,0,0,0,0,0,0,0,0,0,0,0
ENSMUSG00000103876,Gm17806,0,0,0,0,0,0,0,0,0,0,0,0
ENSMUSG00000027860,Vangl1,5,11,6,7,3,15,4,0,2,4,4,3
ENSMUSG00000089916,Gm16160,0,0,0,0,0,0,0,0,0,0,0,0
ENSMUSG00000105151,Gm43241,0,0,0,0,0,0,0,0,0,0,0,0
ENSMUSG00000105891,A230001M10Rik,0,0,0,1,0,0,0,0,0,0,0,0
ENSMUSG00000105966,Gm43242,0,0,0,0,0,0,0,0,0,0,0,0
ENSMUSG00000106459,Gm43245,0,0,0,0,0,0,0,0,0,0,0,0
ENSMUSG00000027508,Pag1,492,551,472,430,495,306,278,460,485,423,560,524
ENSMUSG00000027859,Ngf,3,2,0,2,3,1,1,0,1,0,1,0
ENSMUSG00000089794,Gm16337,0,0,0,0,0,0,0,0,0,0,0,0
ENSMUSG00000106121,Gm42679,0,0,0,0,0,0,0,0,0,0,0,0
ENSMUSG00002076636,#N/A,0,1,0,0,0,0,0,0,0,0,0,0
ENSMUSG00000104619,Gm42678,0,0,0,0,0,0,0,0,0,0,0,0
ENSMUSG00000104685,Gm19202,0,0,0,0,0,0,0,1,0,0,0,1
ENSMUSG00000028163,Nfkb1,44754,50197,42776,43590,44194,22905,34589,43398,41162,38688,35268,33033
ENSMUSG00000102795,Gm6236,0,0,0,0,0,0,0,0,0,0,0,0
ENSMUSG00000105498,Gm42677,0,0,0,0,0,0,0,0,0,0,0,0
ENSMUSG00000103698,Gm17877,0,0,0,0,0,0,0,0,0,0,0,0
ENSMUSG00000105570,Gm42682,0,0,0,0,0,0,0,0,0,0,0,0
ENSMUSG00000086745,Tspan2os,3,1,1,0,0,0,0,0,0,0,0,1
ENSMUSG00000106149,Gm43430,224,196,265,164,161,136,88,185,167,197,133,194
ENSMUSG00000027533,Fabp5,872,955,758,893,710,402,886,1017,870,775,864,682
ENSMUSG00000104000,Gm38335,0,0,0,0,0,1,0,0,0,0,0,0
ENSMUSG00000049230,Gm9833,44,52,23,28,45,17,20,38,35,24,31,34
ENSMUSG00000103045,Gm37308,0,0,0,0,0,0,0,0,0,0,0,0
ENSMUSG00000052468,Pmp2,0,0,0,0,0,0,0,0,0,0,0,0
ENSMUSG00000103124,Gm37389,0,0,0,0,0,0,0,0,0,0,0,0
ENSMUSG00000027528,Fabp9,0,0,0,0,0,0,0,0,0,0,0,0
ENSMUSG00000062515,Fabp4,0,0,0,0,1,0,0,0,0,0,0,0
ENSMUSG00000027858,Tspan2,76,71,65,51,26,25,47,52,47,46,36,29
ENSMUSG00000102705,4632432E15Rik,0,0,0,0,0,1,0,0,0,0,0,0
ENSMUSG00000104434,Gm37421,7,3,4,5,5,0,7,2,5,3,6,1
ENSMUSG00000102834,1700029B24Rik,0,0,0,0,0,0,0,0,0,0,0,1
ENSMUSG00000053897,Slc39a8,283,270,300,305,287,241,277,352,288,266,248,219
ENSMUSG00000027857,Tshb,0,0,0,0,0,2,0,0,0,0,0,0
ENSMUSG00000105855,Gm42681,0,0,0,0,0,0,0,0,0,0,0,0
ENSMUSG00000106306,4933401H06Rik,0,0,0,0,0,0,0,0,0,0,0,0
ENSMUSG00000106290,Gm43429,3,13,16,7,11,13,9,13,10,11,5,13
ENSMUSG00000105681,Gm43428,1,3,2,1,2,4,0,1,0,1,1,2
ENSMUSG00000106141,Gm18330,0,0,0,0,0,0,0,0,0,0,0,0
ENSMUSG00000027530,Fabp12,0,0,0,0,0,0,0,0,0,0,0,1
ENSMUSG00000104092,A930014E01Rik,0,0,0,0,0,0,0,0,0,0,0,0
ENSMUSG00000104710,Gm31243,0,0,0,0,0,0,0,0,0,0,0,0
ENSMUSG00000103592,Gm38364,0,0,0,0,0,0,0,0,0,0,0,0
ENSMUSG00000105937,Gm43602,0,0,0,0,0,0,0,0,0,0,0,0
ENSMUSG00000105244,Gm5281,0,0,0,0,0,0,0,0,2,0,0,0
ENSMUSG00000027531,Impa1,1760,1854,1367,1428,1634,966,1464,1380,1685,1492,1647,1544
ENSMUSG00000103392,Gm38303,0,0,0,0,0,0,0,0,0,0,0,0
ENSMUSG00000037922,Bank1,0,0,1,0,0,8,1,2,2,1,1,1
ENSMUSG00000058921,Slc10a5,0,0,0,0,0,0,0,0,0,0,0,0
ENSMUSG00000105869,Gm9408,0,0,0,0,0,0,0,0,0,0,0,0
ENSMUSG00000106363,Gm43402,0,0,0,0,0,0,0,0,0,0,0,0
ENSMUSG00000099508,1700030L20Rik,0,0,0,0,0,0,0,0,0,0,0,0
ENSMUSG00000027855,Sycp1,0,0,0,0,0,0,0,0,0,0,0,0
ENSMUSG00000105672,Gm42816,0,0,0,0,0,0,0,0,0,0,0,0
ENSMUSG00000106545,Gm33952,0,1,0,0,0,0,0,1,0,0,0,0
ENSMUSG00000105938,Gm33866,0,0,0,0,0,0,0,0,0,0,0,0
ENSMUSG00000027797,Dclk1,703,589,671,653,875,511,561,702,726,637,757,589
ENSMUSG00000039795,Zfand1,72,80,68,62,57,52,57,79,94,83,94,75
ENSMUSG00000064586,Gm25132,0,0,0,0,1,0,1,0,0,0,0,0
ENSMUSG00000105302,Gm19817,0,0,0,0,0,0,0,0,0,0,0,0
ENSMUSG00000105975,Gm42609,1,0,1,0,1,0,1,3,0,2,0,1
ENSMUSG00000094962,Gm21954,0,0,0,0,0,0,0,0,0,0,0,0
ENSMUSG00000106354,Gm42607,1,0,0,2,0,0,1,4,2,2,0,5
ENSMUSG00000106651,Gm42608,7,14,19,13,19,17,10,10,7,9,16,17
ENSMUSG00000119828,#N/A,0,0,0,0,0,0,0,0,0,0,0,0
ENSMUSG00000105627,Gm43548,0,0,0,0,0,0,0,0,0,0,0,0
ENSMUSG00000027536,Chmp4c,0,1,0,1,0,1,2,1,0,2,1,0
ENSMUSG00000106334,Gm43549,0,0,0,0,1,0,1,0,0,0,0,0
ENSMUSG00000028161,Ppp3ca,754,781,773,698,530,385,672,820,755,773,535,460
ENSMUSG00000106596,Gm42822,0,1,3,2,1,3,0,2,0,0,0,1
ENSMUSG00000105545,4930599N24Rik,0,0,0,0,0,0,0,0,0,0,0,0
ENSMUSG00002076866,#N/A,0,0,0,0,0,0,0,0,0,0,0,0
ENSMUSG00000106398,Gm43357,0,0,0,0,0,0,0,0,0,0,0,0
ENSMUSG00000105327,Gm9409,0,0,0,0,2,0,0,0,0,0,3,0
ENSMUSG00000104617,Gm43356,0,0,0,0,0,0,0,0,0,0,0,0
ENSMUSG00000119741,#N/A,0,0,0,0,0,0,0,0,0,0,0,0
ENSMUSG00000104610,Gm567,0,0,0,0,0,0,0,0,0,0,0,0
ENSMUSG00000027534,Snx16,222,149,147,113,134,127,131,143,144,129,156,122
ENSMUSG00000104451,Gm37831,0,0,0,0,0,0,0,0,0,0,0,0
ENSMUSG00000104185,Gm18692,0,0,0,0,0,0,0,0,0,0,0,0
ENSMUSG00000102470,Gm37244,0,0,0,0,0,0,0,0,0,0,0,0
ENSMUSG00000087858,Gm22795,0,0,0,0,0,0,0,0,0,0,0,0
ENSMUSG00000103323,Gm21631,9,18,11,26,21,6,25,21,17,16,20,17
ENSMUSG00000081537,Gm37832,0,0,0,0,0,0,0,0,0,0,0,0
ENSMUSG00002076512,#N/A,0,0,0,0,0,0,0,0,0,0,0,0
ENSMUSG00000098085,Gm8919,3,10,4,8,3,9,9,5,8,5,4,5
ENSMUSG00000104015,Gm10745,0,0,0,0,0,0,0,0,0,0,0,0
ENSMUSG00000103339,Gm37996,0,0,0,0,0,0,0,0,0,0,0,0
ENSMUSG00000104177,Gm2429,0,0,0,1,0,0,0,0,0,0,0,0
ENSMUSG00000095661,Gm8935,4,1,1,6,2,3,3,2,4,5,1,5
ENSMUSG00000103950,Gm8939,0,0,0,0,0,0,0,0,0,0,0,0
ENSMUSG00000103735,Gm38317,0,0,0,0,0,0,0,0,0,0,0,0
ENSMUSG00000102815,Gm37813,0,0,0,0,0,0,0,0,0,0,0,0
ENSMUSG00000104065,Gm37197,5,2,0,1,1,4,1,1,1,3,3,2
ENSMUSG00000102215,Gm2464,1,1,0,0,1,0,0,0,1,1,0,0
ENSMUSG00000048938,Nr1h5,0,0,0,0,1,1,0,0,0,0,0,0
ENSMUSG00000065708,Gm22826,0,0,0,0,0,0,0,0,0,0,0,0
ENSMUSG00000027854,Sike1,614,656,515,516,588,419,447,525,549,543,585,529
ENSMUSG00000054690,Emcn,0,0,0,0,0,0,0,0,0,0,0,0
ENSMUSG00000055138,Gm4861,0,0,0,0,0,0,0,0,0,0,0,0
ENSMUSG00002076808,#N/A,0,0,0,0,0,0,0,0,0,0,0,0
ENSMUSG00000046818,Ddit4l,5,0,0,2,5,2,1,6,1,0,4,1
ENSMUSG00000105325,Gm30946,0,0,0,0,0,0,0,0,0,0,0,0
ENSMUSG00000094856,Gm21962,0,0,0,0,0,0,0,0,0,0,0,0
ENSMUSG00000106122,Gm42610,0,0,0,0,0,0,0,0,0,0,0,0
ENSMUSG00000064460,Gm25080,0,0,0,0,2,1,1,0,1,0,2,1
ENSMUSG00000099011,Mir6380,0,0,0,0,0,0,0,0,0,0,1,0
ENSMUSG00000105427,Gm31678,0,0,0,0,0,0,0,0,0,0,0,0
ENSMUSG00000105676,Gm43403,5,0,3,1,1,0,0,3,3,4,4,3
ENSMUSG00000027799,Nbea,22,19,21,16,19,18,13,16,22,14,25,16
ENSMUSG00000056947,Mab21l1,2,1,1,0,0,0,3,0,0,0,0,0
ENSMUSG00000106572,4933417G07Rik,0,0,0,0,0,0,0,0,0,0,0,0
ENSMUSG00000104677,Gm43376,0,0,0,1,0,0,0,0,0,0,0,0
ENSMUSG00000077276,Gm22784,0,0,0,0,0,0,0,0,0,0,0,0
ENSMUSG00000104938,Gm42840,0,0,0,0,0,0,0,0,0,1,0,0
ENSMUSG00000039717,Ralyl,1,1,0,0,2,3,4,1,0,0,5,0
ENSMUSG00000106211,Gm42842,1,0,0,0,0,3,0,0,0,0,0,0
ENSMUSG00000106528,Gm42841,1,0,0,0,0,0,1,0,0,0,1,0
ENSMUSG00000104514,Gm37164,0,0,0,0,1,0,0,0,1,0,0,0
ENSMUSG00000105293,Gm42843,0,0,0,0,0,2,0,0,0,0,0,0
ENSMUSG00000103856,Gm2474,0,0,0,0,0,0,0,0,0,0,0,0
ENSMUSG00000119391,#N/A,0,0,0,0,0,0,0,0,0,0,0,0
ENSMUSG00000105113,Gm2622,0,0,0,0,0,0,0,0,0,0,0,0
ENSMUSG00000102891,Gm19114,0,0,0,0,0,0,0,0,0,0,0,0
ENSMUSG00000118960,#N/A,0,0,0,0,0,0,0,0,0,0,0,0
ENSMUSG00002075512,#N/A,0,0,0,0,0,0,0,0,0,0,0,0
ENSMUSG00002076698,#N/A,0,0,0,0,0,0,0,0,0,0,0,0
ENSMUSG00000089231,Gm23112,0,0,0,0,0,0,0,0,0,0,0,0
ENSMUSG00000102707,Gm38311,0,0,0,0,0,0,0,0,0,0,0,0
ENSMUSG00000104375,Gm6300,0,0,0,0,0,0,0,0,0,0,0,0
ENSMUSG00000103626,Gm37358,0,0,1,0,0,0,0,0,0,0,0,0
ENSMUSG00000098036,Gm8955,4,5,6,5,1,1,5,11,2,4,0,3
ENSMUSG00000097366,Gm8177,1,0,1,2,2,0,0,1,1,0,1,0
ENSMUSG00000039710,Slc7a12,0,0,0,0,0,0,0,0,0,0,0,0
ENSMUSG00000037894,H2az1,158,142,173,191,246,212,289,246,216,196,197,218
ENSMUSG00000106286,Gm43424,0,0,0,0,0,0,0,0,0,1,0,0
ENSMUSG00000104534,Gm18660,0,0,0,0,0,0,0,0,0,0,0,0
ENSMUSG00000098083,Gm8957,7,15,21,11,8,2,13,14,9,10,7,0
ENSMUSG00000074212,Dnajb14,178,172,114,120,111,82,84,157,193,130,188,142
ENSMUSG00000106629,Gm40155,0,0,0,0,0,0,0,0,0,0,0,0
ENSMUSG00000105748,Gm43088,3,4,2,1,1,6,1,1,2,4,6,2
ENSMUSG00000081829,Gm15460,3,1,0,0,1,0,0,0,0,0,1,0
ENSMUSG00002076447,#N/A,0,0,0,0,0,0,0,0,0,0,0,0
ENSMUSG00000104675,Gm43689,0,1,2,1,2,0,1,0,2,0,1,3
ENSMUSG00000027800,Tm4sf1,0,0,0,0,0,0,0,0,0,0,0,0
ENSMUSG00000105452,Gm5276,10,7,6,5,2,1,9,5,7,6,1,2
ENSMUSG00000027801,Tm4sf4,0,0,0,0,0,0,0,1,0,0,0,0
ENSMUSG00000091512,Lamtor3,504,516,396,405,470,305,447,425,453,429,485,413
ENSMUSG00000027803,Wwtr1,0,0,0,1,0,1,1,1,0,0,1,1
ENSMUSG00000083538,Gm16016,0,0,0,0,0,0,0,0,0,0,0,0
ENSMUSG00000097339,Gm26671,0,0,0,0,0,0,0,0,0,0,0,0
ENSMUSG00000098401,Mir6377,0,0,0,0,0,0,0,0,0,0,0,0
ENSMUSG00000104965,Gm43437,4,5,0,1,6,3,3,1,2,0,4,3
ENSMUSG00000036513,Commd2,544,686,492,596,517,267,553,502,573,482,512,502
ENSMUSG00000105389,BB187690,0,0,0,1,0,0,1,0,0,0,0,0
ENSMUSG00000028159,Dapp1,292,378,275,294,259,165,241,285,304,257,247,194
ENSMUSG00000105296,Gm19708,0,0,1,0,0,0,0,1,0,0,0,0
ENSMUSG00000049349,Gm5105,0,0,0,0,0,0,0,0,0,0,0,0
ENSMUSG00000090066,1110002E22Rik,4,3,5,7,3,1,1,5,2,1,0,4
ENSMUSG00000074591,Ankub1,0,0,0,0,1,1,0,0,0,0,0,0
ENSMUSG00000106635,Gm43098,0,0,0,0,0,0,0,0,0,0,0,0
ENSMUSG00000104623,Gm6394,4,4,3,7,3,2,7,2,6,2,6,4
ENSMUSG00000028158,Mttp,70,59,78,80,96,58,60,92,70,67,39,46
ENSMUSG00000104776,Gm43691,0,0,0,0,0,0,0,0,0,0,0,0
ENSMUSG00000004127,Trmt10a,753,822,751,707,758,551,700,807,727,717,610,555
ENSMUSG00000068823,Csde1,8120,8874,6852,6824,7397,5725,5564,7176,8234,7625,7774,7300
ENSMUSG00000012042,4930579F01Rik,0,0,0,0,0,0,0,1,0,0,1,0
ENSMUSG00000099146,0610031O16Rik,0,0,0,1,3,2,0,0,0,1,1,0
ENSMUSG00000055301,Adh7,3,0,2,1,4,2,5,4,1,1,3,1
ENSMUSG00000036503,Rnf13,160,176,153,128,154,142,167,188,175,165,212,249
ENSMUSG00000106421,Gm9645,5,4,3,3,2,4,1,1,8,4,3,4
ENSMUSG00000106006,Gm17951,0,0,0,0,0,0,0,0,0,0,0,0
ENSMUSG00000074207,Adh1,7,12,18,19,26,17,19,22,28,22,32,34
ENSMUSG00000089635,Gm16559,0,0,0,0,0,0,0,0,0,0,0,0
ENSMUSG00000027805,Pfn2,78,43,30,50,27,22,50,61,57,53,24,34
ENSMUSG00002075604,#N/A,0,0,0,0,0,0,0,0,0,0,0,0
ENSMUSG00000104730,Gm42511,1,2,2,0,0,1,1,1,0,1,1,1
ENSMUSG00000105003,Gm40055,0,0,0,0,0,0,0,0,0,0,0,0
ENSMUSG00000106246,Gm18867,0,6,1,4,6,2,3,1,4,2,1,1
ENSMUSG00000105065,Gm42513,0,0,0,0,0,0,0,1,0,0,0,0
ENSMUSG00000069008,Gm5537,0,0,0,0,0,0,0,0,0,1,0,1
ENSMUSG00000104586,4921539H07Rik,0,0,0,0,0,0,0,0,0,0,0,0
ENSMUSG00000027550,Lrrcc1,266,320,190,229,300,364,150,290,252,282,334,288
ENSMUSG00000100666,1700007F19Rik,0,0,0,0,0,2,0,0,0,0,0,0
ENSMUSG00000065722,Gm26166,0,0,0,0,0,0,0,0,0,0,0,0
ENSMUSG00000106176,Gm43730,0,0,0,0,0,0,1,0,0,0,0,0
ENSMUSG00000053054,Adh6a,0,0,0,2,0,2,1,1,0,0,0,0
ENSMUSG00000105154,Gm20128,1,0,0,0,0,0,0,0,0,0,0,0
ENSMUSG00000090300,Gm17119,0,0,0,0,0,0,0,0,0,0,0,0
ENSMUSG00000027852,Nras,3759,4224,3410,3477,2607,1645,2949,3487,3142,3059,2735,2614
ENSMUSG00000104671,Gm43062,8,9,3,5,3,3,9,10,4,2,3,6
ENSMUSG00000074206,Adh6b,0,0,0,1,3,1,0,0,0,0,0,0
ENSMUSG00000087752,Gm23467,0,0,0,0,0,0,0,0,0,0,0,0
ENSMUSG00000090306,Adh6-ps1,0,0,0,0,0,0,0,0,0,0,0,0
ENSMUSG00000027806,Tsc22d2,1205,1191,953,1006,977,558,733,933,1033,1009,1079,1022
ENSMUSG00000027808,Serp1,5094,5353,4405,4417,4224,2778,3832,4351,4886,4267,4105,3999
ENSMUSG00000027552,E2f5,472,534,363,406,437,317,396,373,493,457,458,473
ENSMUSG00000037797,Adh4,16,22,10,22,23,7,14,21,20,12,15,7
ENSMUSG00000070385,Ampd1,1,4,6,3,0,2,1,3,0,2,0,2
ENSMUSG00002075007,#N/A,0,0,0,0,0,0,0,0,0,0,0,0
ENSMUSG00000105731,Gm43063,0,0,0,0,0,2,1,1,0,0,0,0
ENSMUSG00000078784,Rbis,349,426,317,295,347,489,324,326,343,341,413,347
ENSMUSG00000104249,Gm38151,0,0,0,0,0,0,0,0,0,0,0,0
ENSMUSG00000028138,Adh5,2397,2866,2219,2273,2819,1319,2386,2362,2722,2483,2949,2755
ENSMUSG00000027555,Car13,39,50,34,41,22,29,28,31,35,29,20,15
ENSMUSG00000084092,Gm5843,0,0,0,0,0,0,0,0,0,0,0,0
ENSMUSG00000027810,Eif2a,2380,2590,2055,2157,2098,1742,1975,2256,2316,2299,2311,2028
ENSMUSG00000106553,6720482G16Rik,2,1,2,1,1,0,5,0,0,2,3,2
ENSMUSG00000005813,Metap1,3185,3515,2915,2973,3197,2036,2862,3095,3279,3006,3267,2965
ENSMUSG00000105751,Gm43724,0,0,0,0,0,0,0,0,0,0,0,0
ENSMUSG00000106462,Gm43725,0,0,0,0,0,0,0,0,0,0,0,0
ENSMUSG00000075700,Selenot,3175,3235,2691,2601,2693,2835,2690,3290,3284,3045,3330,2756
ENSMUSG00000027556,Car1,0,0,0,0,0,0,0,0,0,0,0,0
ENSMUSG00000097790,Gm16399,0,1,0,1,0,0,0,1,0,0,0,1
ENSMUSG00000070471,Erich6,2,3,4,1,6,2,3,0,3,2,2,1
ENSMUSG00000105021,Gm8234,3,1,0,2,0,0,0,0,1,1,1,2
ENSMUSG00000105336,AU022133,0,0,0,0,0,0,0,0,0,0,1,1
ENSMUSG00000027559,Car3,0,1,3,2,0,0,0,1,0,0,3,0
ENSMUSG00000036432,Siah2,1023,1083,839,789,796,329,750,727,941,869,671,667
ENSMUSG00000097725,4930593A02Rik,0,0,1,2,1,2,0,0,1,0,4,0
ENSMUSG00000105226,A930028O11Rik,1,0,0,0,0,0,0,0,1,1,1,1
ENSMUSG00000007379,Dennd2c,99,120,100,100,48,24,51,70,68,71,46,60
ENSMUSG00000027562,Car2,1048,1278,580,697,544,353,400,409,740,627,615,566
ENSMUSG00000101860,Mindy4b-ps,0,0,0,0,0,0,0,0,0,0,0,0
ENSMUSG00000098008,A930001A20Rik,0,0,0,0,0,0,0,0,0,0,0,0
ENSMUSG00000098186,Gm7132,11,21,15,12,6,4,10,12,8,6,9,7
ENSMUSG00000103912,Gm33819,0,0,0,0,0,0,0,0,0,0,0,0
ENSMUSG00000078783,Gm9733,0,0,0,0,0,0,0,0,0,0,0,0
ENSMUSG00000043850,Clrn1,0,0,0,0,0,0,0,0,0,0,0,0
ENSMUSG00000005687,Bcas2,1285,1394,1112,1149,1315,1308,1219,1257,1316,1171,1423,1241
ENSMUSG00000087815,Gm22491,0,0,0,0,0,0,0,0,0,0,0,0
ENSMUSG00000088152,Gm25572,0,0,0,0,0,0,0,0,0,0,0,0
ENSMUSG00000098153,Gm27024,2,0,0,1,0,0,0,0,0,0,0,0
ENSMUSG00000059776,Rpl13-ps6,1,0,2,1,0,0,0,0,1,0,0,1
ENSMUSG00002075009,#N/A,0,0,0,0,0,0,0,0,0,0,0,0
ENSMUSG00000105945,Gm43570,0,0,0,0,0,0,0,0,0,0,0,0
ENSMUSG00000028156,Eif4e,2600,2736,2319,2144,2527,2131,2255,2444,2731,2651,2626,2503
ENSMUSG00000095788,Sirpb1a,0,0,0,0,0,0,0,0,0,0,0,0
ENSMUSG00000088373,Mir1956,0,0,0,0,0,0,0,0,0,0,0,0
ENSMUSG00000106353,Gm43726,2,1,3,3,1,5,2,1,0,1,3,1
ENSMUSG00000104680,Gm9415,0,0,0,0,0,0,1,0,0,0,0,0
ENSMUSG00000105396,Gm6057,0,0,0,0,0,0,0,0,0,0,0,0
ENSMUSG00000105126,Gm43723,0,0,0,0,0,0,0,0,0,0,0,0
ENSMUSG00000105838,4930425O10Rik,0,0,0,0,0,0,0,0,0,0,0,0
ENSMUSG00000054379,2410024N13Rik,0,0,0,0,0,0,0,0,0,0,0,0
ENSMUSG00000104976,Gm43060,0,0,0,0,0,0,0,0,0,0,0,0
ENSMUSG00000095028,Sirpb1b,0,0,0,0,0,0,0,0,0,0,1,0
ENSMUSG00000102155,Gm37468,0,0,0,0,0,0,0,0,0,0,0,0
ENSMUSG00000028152,Tspan5,1574,1836,1466,1512,1270,675,1179,1460,1680,1432,1006,1051
ENSMUSG00000086123,Gm16060,1,0,0,1,1,0,3,2,1,1,0,1
ENSMUSG00000074677,Sirpb1c,0,0,0,0,0,0,0,0,0,0,0,0
ENSMUSG00000033014,Trim33,1658,1618,1385,1336,1458,1250,1069,1438,1511,1448,1508,1387
ENSMUSG00000104925,Gm43061,3,1,1,1,1,4,0,1,2,1,1,2
ENSMUSG00000089029,Gm25009,0,0,0,0,0,0,0,0,0,0,0,0
ENSMUSG00000119891,#N/A,0,0,0,0,0,0,0,0,0,0,0,0
ENSMUSG00000065029,Gm25199,0,0,0,0,0,0,0,0,0,0,0,0
ENSMUSG00000088644,Gm26485,0,0,0,0,0,0,0,0,0,0,0,0
ENSMUSG00000095827,Gm5283,0,0,0,0,0,0,0,0,0,0,0,0
ENSMUSG00000088541,Gm24963,0,0,0,0,0,0,0,0,0,0,0,0
ENSMUSG00000103351,Gm6350,0,0,0,0,0,0,0,0,0,0,0,0
ENSMUSG00000104411,Gm30340,0,0,0,0,0,0,0,0,0,0,0,0
ENSMUSG00000102646,Gm19694,0,0,0,0,0,0,0,0,0,0,0,0
ENSMUSG00000104242,Gm38154,0,0,0,0,0,0,0,0,0,0,0,0
ENSMUSG00000100252,Mir124-2hg,0,0,0,0,0,0,0,0,0,0,0,0
ENSMUSG00000093073,Mir124a-2,0,0,0,0,0,0,0,0,0,0,0,0
ENSMUSG00000087893,Gm23441,0,0,0,0,0,0,0,0,0,0,0,0
ENSMUSG00000105262,Gm19175,0,0,0,0,0,0,0,0,0,0,0,0
ENSMUSG00000027564,Cypt12,0,0,0,0,0,0,0,0,0,0,0,0
ENSMUSG00000082896,Gm5844,3,3,0,0,0,3,4,4,0,1,3,5
ENSMUSG00000025128,Bhlhe22,0,0,0,0,0,0,1,0,0,0,0,0
ENSMUSG00002076581,#N/A,0,0,0,0,0,0,0,0,0,0,0,0
ENSMUSG00000039519,Cyp7b1,0,0,0,0,0,0,0,0,0,0,0,0
ENSMUSG00000119287,#N/A,0,0,0,0,0,0,0,0,0,0,0,0
ENSMUSG00000104801,Gm43834,0,0,0,0,0,0,0,0,0,0,0,0
ENSMUSG00000102886,Gm30667,0,0,0,0,0,0,0,0,0,0,0,0
ENSMUSG00000102699,4930433B08Rik,0,0,0,0,0,0,0,0,0,0,0,0
ENSMUSG00000040217,Gm6369,0,0,0,0,0,0,0,0,0,0,0,0
ENSMUSG00000105280,Pgk1-ps3,0,0,1,0,0,0,0,0,0,0,0,0
ENSMUSG00000104091,Gm37317,0,0,0,0,0,0,0,0,0,0,0,0
ENSMUSG00000104918,Gm42944,0,0,0,0,0,0,0,0,0,0,0,0
ENSMUSG00000103264,Gm30341,0,0,0,0,0,0,0,0,0,0,0,0
ENSMUSG00000028059,Arhgef2,6398,7079,5001,5108,4866,2051,3813,4958,5751,5652,4291,4197
ENSMUSG00000027599,Armc1,1360,1405,1186,1159,1243,767,1132,1139,1451,1250,1277,1249
ENSMUSG00000103135,Gm37979,8,8,14,8,1,4,5,11,1,4,0,8
ENSMUSG00000028149,Rap1gds1,2572,2916,2197,2233,2138,1136,1877,2360,2361,2198,2249,2026
ENSMUSG00000093390,Gm20652,2,0,3,4,5,2,2,3,0,5,0,5
ENSMUSG00000056476,Med12l,71,94,83,82,56,65,73,74,53,63,70,52
ENSMUSG00000104724,Gm43162,41,36,36,25,27,58,22,26,25,37,43,30
ENSMUSG00000049741,Rxfp4,0,0,0,0,0,0,0,0,0,0,0,0
ENSMUSG00000090801,Gm4862,0,0,0,0,0,0,0,0,0,0,0,0
ENSMUSG00000105512,Gm43714,0,2,0,0,0,1,3,0,4,2,1,1
ENSMUSG00000027849,Syt6,4,1,4,2,1,1,3,1,3,1,2,3
ENSMUSG00000050075,Gpr171,2569,2867,3073,3129,2431,1574,3270,3286,3067,2803,1970,1827
ENSMUSG00000104764,Gm43066,0,0,0,0,0,0,0,0,0,0,0,0
ENSMUSG00000087119,Atg4a-ps,2,1,0,0,1,2,0,0,2,2,1,2
ENSMUSG00002076886,#N/A,0,0,0,0,0,0,0,0,0,0,0,0
ENSMUSG00000081910,Gm15986,0,0,0,0,0,0,0,0,0,0,0,0
ENSMUSG00000027848,Olfml3,13,8,10,4,4,2,12,5,5,5,5,10
ENSMUSG00000078620,Gm10964,0,0,0,0,0,0,0,0,0,0,0,0
ENSMUSG00000047940,Stpg2,0,0,0,1,0,2,1,0,0,0,0,0
ENSMUSG00000104992,Gm43163,0,0,0,0,0,0,0,0,0,0,0,0
ENSMUSG00000119200,#N/A,0,0,0,0,1,0,0,0,0,0,0,0
ENSMUSG00000106574,Gm2451,1,2,0,3,0,0,1,2,0,2,0,1
ENSMUSG00000106505,Gm32693,0,0,0,0,0,0,0,0,0,0,0,0
ENSMUSG00000036381,P2ry14,126,132,188,229,98,60,192,215,124,94,124,110
ENSMUSG00000105880,Gm43678,0,0,0,0,0,0,0,0,0,0,0,0
ENSMUSG00000099169,Mir7j,0,0,0,0,0,0,0,0,0,0,0,0
ENSMUSG00000105180,Gm4863,0,0,0,0,0,0,0,0,0,0,0,0
ENSMUSG00000106207,Gm19184,0,0,0,0,0,0,0,0,0,0,0,0
ENSMUSG00000104596,Gm19080,0,0,0,0,0,0,0,0,0,0,0,0
ENSMUSG00000051431,Gpr87,1,10,2,7,3,5,8,2,2,4,6,3
ENSMUSG00000106159,Gm31211,0,0,0,0,0,0,0,0,0,0,0,0
ENSMUSG00000105777,Gm43049,0,0,0,0,0,0,0,0,0,0,0,0
ENSMUSG00000036362,P2ry13,21,11,7,8,2,1,2,6,5,9,10,10
ENSMUSG00000095465,Gm6214,0,0,0,0,0,0,0,0,0,0,0,0
ENSMUSG00000104790,Gm43276,0,0,0,0,0,0,0,0,0,0,0,0
ENSMUSG00000118659,#N/A,0,0,0,0,0,0,0,0,0,0,0,0
ENSMUSG00000106540,4930590L14Rik,0,0,0,0,0,0,0,0,0,0,0,0
ENSMUSG00000047674,Pdha2,0,0,0,0,0,0,0,0,0,0,0,0
ENSMUSG00000089737,Gm15688,0,0,0,0,0,0,0,0,0,0,0,0
ENSMUSG00000036353,P2ry12,101,115,94,76,22,42,59,76,61,49,40,36
ENSMUSG00000104550,Gm43589,0,0,0,0,0,0,0,0,0,0,0,0
ENSMUSG00000027601,Mtfr1,1143,1171,965,1003,1026,751,948,1117,978,945,934,933
ENSMUSG00000028060,Khdc4,1660,1675,1572,1350,1910,1430,1246,1527,1578,1473,2189,2053
ENSMUSG00000105448,Gm25820,0,0,0,0,0,0,0,0,0,0,0,0
ENSMUSG00002076937,#N/A,0,0,0,0,0,0,0,0,0,0,0,0
ENSMUSG00002075203,#N/A,3,6,8,3,1,5,5,6,3,3,3,3
ENSMUSG00000036334,Igsf10,0,1,4,3,2,1,3,3,1,2,3,1
ENSMUSG00000103668,Gm38186,0,0,0,0,0,0,0,0,0,0,0,0
ENSMUSG00000102247,Gm37715,0,0,0,0,0,0,0,0,0,0,0,0
ENSMUSG00000102550,Gm8276,70,59,43,32,44,34,43,52,68,60,47,51
ENSMUSG00000103211,Gm38288,0,0,0,0,0,0,0,0,0,0,0,0
ENSMUSG00000104038,Gm37771,0,0,0,0,0,0,0,0,0,0,0,0
ENSMUSG00000103598,Gm4856,0,0,0,0,0,0,0,0,0,0,0,0
ENSMUSG00000095128,Gm5709,0,0,0,0,0,0,0,0,0,0,0,0
ENSMUSG00000102480,Gm37926,0,0,0,0,1,4,0,0,0,0,1,0
ENSMUSG00000090527,Aadacl2fm2,4,0,1,1,0,0,0,0,1,2,2,3
ENSMUSG00000104471,Gm38208,0,0,0,0,0,0,0,0,0,0,0,0
ENSMUSG00000102390,Gm37579,0,0,0,0,0,0,0,0,0,0,0,0
ENSMUSG00000103986,Gm5539,0,0,0,2,0,0,0,0,0,0,0,0
ENSMUSG00000074589,4930449A18Rik,0,0,0,0,0,0,0,0,0,0,0,0
ENSMUSG00000102757,Gm2756,0,0,0,0,0,0,0,0,0,0,0,0
ENSMUSG00000095522,Aadacl2fm3,0,0,0,0,0,0,0,1,0,0,0,0
ENSMUSG00000028057,Rit1,189,273,185,211,152,80,249,230,237,200,177,155
ENSMUSG00000036951,Aadacl2fm1,0,0,0,0,1,0,0,0,0,0,0,0
ENSMUSG00000091881,Gm17146,2,1,1,0,0,5,0,2,2,2,1,0
ENSMUSG00000104333,Gm10253,0,0,0,0,0,2,0,0,0,0,1,0
ENSMUSG00000070465,Gm9696,0,0,0,0,0,0,0,0,0,0,0,0
ENSMUSG00000091376,Aadacl2,0,0,0,0,1,0,0,0,0,0,0,0
ENSMUSG00000103177,Gm18427,0,0,0,0,0,0,0,0,0,0,0,0
ENSMUSG00000027761,Aadac,0,0,0,0,0,0,0,0,0,0,0,0
ENSMUSG00000068923,Syt11,351,383,290,257,190,100,289,278,305,285,226,224
ENSMUSG00000078684,5830417I10Rik,430,492,375,348,342,158,245,397,362,349,352,356
ENSMUSG00000027762,Sucnr1,0,0,0,0,0,0,0,0,0,0,0,0
ENSMUSG00000084647,Gm24382,0,0,0,0,0,0,2,0,0,0,0,0
ENSMUSG00000107270,Tgif1-ps,0,0,0,0,0,0,0,0,0,0,0,0
ENSMUSG00000008730,Hipk1,3853,3802,3279,3219,3038,2146,2295,3661,3397,3238,3138,3043
ENSMUSG00000059921,Unc5c,0,0,0,0,1,1,0,0,0,0,1,0
ENSMUSG00000098912,1500004A13Rik,1,3,4,5,5,3,6,2,3,4,4,7
ENSMUSG00000089924,Gm15689,0,0,0,0,0,0,0,0,0,0,0,0
ENSMUSG00000106071,Gm43826,0,0,0,0,1,0,0,0,0,0,0,0
ENSMUSG00000105229,Gm43149,2,0,1,1,0,0,0,0,0,1,0,1
ENSMUSG00000085754,Gm15886,0,0,0,0,1,1,0,0,0,1,0,0
ENSMUSG00000104874,Gm43387,0,1,0,0,0,0,0,1,1,0,0,2
ENSMUSG00000069094,Pde7a,4663,4997,4231,3977,3387,2641,2747,3562,3518,3268,3034,2897
ENSMUSG00000087108,Gm16093,0,1,1,1,0,3,1,0,1,0,2,1
ENSMUSG00002074984,#N/A,0,0,0,0,0,0,0,0,0,0,0,0
ENSMUSG00000027845,Dclre1b,761,782,695,655,723,463,588,807,709,601,784,728
ENSMUSG00000027606,Dnajc5b,0,0,0,0,0,0,0,0,0,0,0,1
ENSMUSG00000119106,#N/A,0,0,0,0,0,0,0,0,0,0,0,0
ENSMUSG00000084339,Gm6141,1,0,1,0,0,0,0,0,0,1,0,0
ENSMUSG00000082766,1700064H15Rik,0,0,0,0,0,1,0,0,0,0,0,0
ENSMUSG00000084997,Gm15471,0,1,3,0,2,1,2,1,3,0,0,1
ENSMUSG00000060913,Trim55,0,0,0,1,0,0,1,0,0,2,0,0
ENSMUSG00000104465,BC002189,0,0,0,0,0,0,0,0,0,0,0,0
ENSMUSG00000049796,Crh,0,0,0,0,0,0,0,0,1,0,0,0
ENSMUSG00000102261,Gm18864,0,0,0,0,0,0,0,0,0,0,0,0
ENSMUSG00000106182,Gm7442,0,0,0,0,0,0,0,0,0,0,0,0
ENSMUSG00000048106,4632415L05Rik,338,310,294,305,300,173,292,318,303,263,296,219
ENSMUSG00000103781,Gm37523,0,0,0,0,0,0,0,0,0,0,0,0
ENSMUSG00000104031,Gm17771,0,6,3,1,1,2,2,1,2,3,2,1
ENSMUSG00000052430,Bmpr1b,0,0,0,0,0,1,0,0,0,0,0,0
ENSMUSG00000105015,Gm6059,0,0,0,0,0,0,0,0,0,0,0,0
ENSMUSG00000032952,Ap4b1,44,69,37,46,61,37,50,39,53,50,42,41
ENSMUSG00000105053,Gm43064,0,0,0,0,0,0,0,0,0,0,0,0
ENSMUSG00000044165,Bcl2l15,2,2,0,3,0,5,2,1,3,1,1,0
ENSMUSG00000027763,Mbnl1,8202,7557,6519,5970,7035,7635,5140,6873,7182,7225,9809,9087
ENSMUSG00000104235,Gm37589,18,11,29,8,9,21,5,22,18,17,22,24
ENSMUSG00000104125,Gm37488,17,10,14,8,7,14,1,10,12,17,11,13
ENSMUSG00000104337,Gm38280,0,0,0,0,0,0,0,0,0,0,0,0
ENSMUSG00000102298,Gm33707,0,0,0,0,1,0,0,0,0,0,0,0
ENSMUSG00000103587,Gm38326,0,1,0,3,1,0,0,0,0,2,0,1
ENSMUSG00000102490,Gm36985,0,4,2,0,0,0,0,0,1,1,0,2
ENSMUSG00000027694,Gm8325,0,0,0,0,0,0,0,0,0,0,0,0
ENSMUSG00000102564,Gm37035,7,8,0,2,2,2,4,0,5,3,11,3
ENSMUSG00000027765,P2ry1,424,479,325,328,449,335,192,282,214,227,349,342
ENSMUSG00000102242,Gm37719,0,0,0,0,0,0,0,0,0,0,0,0
ENSMUSG00000102667,Gm19901,0,0,0,0,0,0,0,0,0,0,0,0
ENSMUSG00000103473,Gm37696,7,9,3,5,7,4,11,4,5,4,3,3
ENSMUSG00000036894,Rap2b,902,938,789,848,678,294,605,704,855,761,652,596
ENSMUSG00000053706,B430305J03Rik,16,19,11,9,12,8,13,10,17,10,10,8
ENSMUSG00000098208,Gm8349,5,13,9,15,6,2,12,7,4,8,1,5
ENSMUSG00000104489,Gm9700,0,0,0,0,0,0,0,0,0,0,0,0
ENSMUSG00000103322,Gm37404,0,0,0,0,0,0,0,0,0,0,0,0
ENSMUSG00000103502,9330121J05Rik,0,0,0,0,0,0,0,0,0,0,0,0
ENSMUSG00000027843,Ptpn22,3562,4003,3150,3239,2277,1677,2667,3202,3078,2974,2223,2093
ENSMUSG00000084760,Gm15472,4,11,12,9,7,6,7,16,8,11,5,13
ENSMUSG00000105986,Gm43065,20,20,25,13,5,13,5,22,17,10,11,14
ENSMUSG00000083630,Gm15602,9,13,15,18,21,4,13,8,11,5,7,6
ENSMUSG00000036885,Arhgef26,0,0,0,0,0,4,0,0,0,1,0,0
ENSMUSG00000044098,Rsbn1,1770,1638,1298,1260,1092,908,950,1324,1324,1309,1493,1432
ENSMUSG00000003617,Cp,0,0,0,0,0,0,0,0,0,0,0,0
ENSMUSG00000089998,Phtf1os,13,15,14,10,46,51,17,15,13,18,51,35
ENSMUSG00000027770,Dhx36,1971,2105,1703,1629,1723,1299,1231,1669,1814,1755,1873,1712
ENSMUSG00000043441,Gpr149,0,0,0,0,0,1,0,0,0,0,0,0
ENSMUSG00000103764,Gm18382,0,1,0,1,0,0,0,0,0,0,0,0
ENSMUSG00000063001,Gm9701,1,5,0,1,1,2,5,4,4,5,2,0
ENSMUSG00000089175,Gm22433,0,0,0,0,0,0,0,0,0,0,0,0
ENSMUSG00000102270,Gm8388,0,0,0,0,0,0,0,1,0,0,0,0
ENSMUSG00000027615,Hps3,842,886,765,800,678,378,588,717,819,744,613,626
ENSMUSG00000027820,Mme,0,0,0,0,0,1,0,0,0,0,0,0
ENSMUSG00000104336,Gm34240,0,0,0,0,0,0,0,0,0,0,0,0
ENSMUSG00000103476,Strit1,0,0,0,0,0,0,0,0,0,0,0,0
ENSMUSG00000102883,Gm37279,0,0,0,0,0,0,0,0,0,0,0,0
ENSMUSG00002076226,#N/A,0,0,0,0,0,0,0,0,0,0,0,0
ENSMUSG00000028053,Ash1l,1801,1797,1572,1447,1408,1216,927,1601,1579,1747,1639,1581
ENSMUSG00000077804,Gm24403,0,0,0,0,0,0,0,0,0,0,0,0
ENSMUSG00000105204,Gm43738,0,0,0,0,0,0,0,0,0,0,0,0
ENSMUSG00000058388,Phtf1,1584,1670,1212,1227,1261,831,1076,1302,1521,1406,1301,1198
ENSMUSG00000002428,Hltf,1019,956,806,807,901,940,703,907,888,856,1088,930
ENSMUSG00000028273,Pdlim5,319,371,297,285,315,232,242,301,313,249,264,274
ENSMUSG00000019528,Gyg,466,603,431,422,447,272,500,467,496,450,470,401
ENSMUSG00000001865,Cpa3,0,0,1,0,0,1,1,0,0,0,0,0
ENSMUSG00000099105,Mir7007,0,0,0,0,0,0,0,0,0,0,0,0
ENSMUSG00000105504,Gbp5,299,306,416,460,298,239,553,749,336,366,276,240
ENSMUSG00000011463,Cpb1,0,0,0,0,0,0,0,0,0,0,0,0
ENSMUSG00000105208,Gm43525,0,0,0,0,0,0,0,0,0,0,0,0
ENSMUSG00000041263,Rusc1,193,185,81,92,130,90,124,117,146,145,148,160
ENSMUSG00000054988,Agtr1b,0,0,0,0,0,0,0,0,0,0,0,0
ENSMUSG00000103573,Gm18426,0,0,0,0,0,0,0,0,0,0,0,0
ENSMUSG00000106442,Gm42594,0,0,0,0,0,0,0,0,0,0,0,0
ENSMUSG00000102636,Gm31466,0,0,0,0,0,0,0,0,0,0,0,0
ENSMUSG00000103460,Gm18491,0,0,0,0,0,0,0,0,0,0,0,0
ENSMUSG00000102986,Gm38323,0,0,0,0,0,0,0,0,0,0,0,0
ENSMUSG00000103533,Gm18493,0,0,0,0,0,0,0,0,0,0,0,0
ENSMUSG00000102807,Gm37480,0,0,0,0,0,0,0,0,0,0,0,0
ENSMUSG00000040253,Gbp7,421,499,512,588,299,387,577,806,425,513,403,282
ENSMUSG00000105338,Gm43802,0,0,0,0,0,0,0,0,0,0,0,0
ENSMUSG00000039617,Gm7488,5,4,5,8,3,4,5,6,6,5,6,5
ENSMUSG00000106051,Gm43160,0,0,0,0,0,0,0,0,0,0,0,0
ENSMUSG00000101897,Gm29137,0,0,0,0,0,0,0,0,0,0,0,0
ENSMUSG00000106085,Gm43675,0,0,0,0,0,0,0,0,0,0,0,0
ENSMUSG00000106460,Gm17935,0,0,0,0,0,0,0,0,0,0,0,0
ENSMUSG00000105440,Gm31693,0,0,0,1,0,0,0,0,0,0,0,0
ENSMUSG00000103441,7530428D23Rik,0,0,0,0,0,0,0,0,0,0,0,0
ENSMUSG00000106321,Gm43674,0,0,0,0,0,0,0,0,0,0,0,0
ENSMUSG00000106527,Gm43671,0,0,0,0,0,0,0,0,0,0,0,0
ENSMUSG00000052539,Magi3,213,218,195,190,251,178,157,226,191,183,248,197
ENSMUSG00000104721,Gm42696,1,0,0,0,1,0,2,0,1,0,0,2
ENSMUSG00000106371,9530097N15Rik,1,0,0,0,0,2,0,0,0,0,0,0
ENSMUSG00002076048,#N/A,0,0,0,0,0,0,0,0,0,0,0,0
ENSMUSG00000105148,Gm42700,0,0,0,1,0,1,0,1,0,0,0,0
ENSMUSG00000105083,Gm42699,0,3,0,5,0,2,0,0,0,0,0,0
ENSMUSG00000105793,Gm17956,0,0,0,0,0,0,0,0,0,0,0,0
ENSMUSG00000106443,Gm42702,1,1,3,0,0,3,2,0,0,2,1,1
ENSMUSG00000104583,Gm42701,0,0,0,0,0,0,0,0,0,0,0,0
ENSMUSG00000105846,Gm43258,0,0,0,0,0,0,0,0,1,0,0,1
ENSMUSG00000106063,C030032O16Rik,0,0,0,0,0,0,2,2,0,0,0,0
ENSMUSG00000106432,Gm43259,1,0,0,1,0,0,0,1,0,0,1,4
ENSMUSG00000059743,Fdps,85,114,122,122,93,45,124,143,92,89,61,56
ENSMUSG00000105933,Gm43260,0,0,1,1,1,0,0,3,0,0,2,3
ENSMUSG00000105818,Gm43256,1,3,0,0,1,0,0,1,1,1,1,4
ENSMUSG00000088479,Gm23077,0,0,0,0,0,0,0,0,0,0,0,0
ENSMUSG00000077148,Gm22935,0,0,3,0,0,0,1,2,1,0,2,1
ENSMUSG00000105654,Gm29704,0,0,0,0,1,0,1,0,0,0,0,0
ENSMUSG00000028268,Gbp3,240,323,334,414,318,201,382,492,290,300,205,160
ENSMUSG00000022187,Gm5546,0,0,0,0,0,1,0,0,0,0,0,0
ENSMUSG00000040264,Gbp2b,0,1,3,7,0,0,0,3,1,0,1,1
ENSMUSG00000028270,Gbp2,1210,1484,1802,2151,835,593,2485,3024,1351,1397,807,765
ENSMUSG00000098871,Mir6381,0,0,0,0,1,0,1,0,0,0,0,0
ENSMUSG00000105317,Gbp2-ps,0,0,0,0,0,1,1,0,0,0,0,0
ENSMUSG00000105170,Gm19166,0,0,0,0,0,0,0,0,0,0,0,0
ENSMUSG00000041237,Pklr,1,1,0,0,1,1,0,0,0,0,0,0
ENSMUSG00000028051,Hcn3,168,159,146,132,214,69,102,110,155,142,238,221
ENSMUSG00000032913,Lrig2,300,338,255,236,228,111,156,197,261,226,218,220
ENSMUSG00000104768,Gm38412,0,0,0,0,0,0,0,0,0,0,0,0
ENSMUSG00000106453,Gm9273,0,0,0,0,0,0,0,0,1,0,0,0
ENSMUSG00000105304,Gm43696,7,5,4,5,8,5,5,5,5,2,7,6
ENSMUSG00000104973,A530041M06Rik,2,3,3,2,6,8,2,5,3,4,3,2
ENSMUSG00000105659,4930509H03Rik,0,0,2,0,0,3,0,0,2,2,2,2
ENSMUSG00000118779,#N/A,0,0,0,0,0,0,0,0,0,0,0,0
ENSMUSG00000106565,Gm43582,4,2,1,0,2,3,0,4,2,3,6,1
ENSMUSG00000032902,Slc16a1,7847,8764,7167,7250,6870,3554,6284,7530,7679,6873,6084,5879
ENSMUSG00000105199,Gm43581,40,41,37,31,8,12,15,24,41,29,15,20
ENSMUSG00000106287,Gm43585,18,20,8,11,6,6,4,13,12,12,5,7
ENSMUSG00000100188,Gm29561,0,0,0,0,0,0,0,0,0,0,1,0
ENSMUSG00000101641,Gm29560,0,0,1,0,0,0,0,0,4,0,0,0
ENSMUSG00000089452,Gm24223,0,0,0,0,0,0,0,0,0,0,0,0
ENSMUSG00000100466,Gm29572,0,0,0,0,0,0,0,0,0,0,0,0
ENSMUSG00000089999,Gm6485,10,4,1,2,3,0,1,1,5,6,1,3
ENSMUSG00000105195,Gm43584,1,2,0,0,0,0,0,0,0,0,2,0
ENSMUSG00000040213,Kyat3,85,103,84,79,109,54,111,126,69,67,93,87
ENSMUSG00000055865,Tafa3,107,111,93,110,94,63,67,94,87,96,109,84
ENSMUSG00000086561,Gm15540,0,0,0,0,0,0,0,0,0,0,0,0
ENSMUSG00000002228,Ppm1j,281,302,283,314,262,58,248,289,281,245,221,217
ENSMUSG00000028271,Gtf2b,951,1168,958,922,1091,560,1029,927,990,873,804,770
ENSMUSG00000065130,Gm24457,0,0,0,0,0,0,0,0,0,0,0,0
ENSMUSG00000068917,Clk2,1287,1272,1106,1074,1127,889,863,1074,1227,1165,1446,1384
ENSMUSG00000002233,Rhoc,104,113,70,92,58,18,64,78,79,61,34,38
ENSMUSG00000103801,Spin3-ps,0,0,0,3,0,0,0,0,0,1,0,0
ENSMUSG00000102233,Gm37889,0,0,0,0,0,0,0,0,0,0,0,0
ENSMUSG00000103275,Gm36983,0,0,0,0,0,0,0,0,0,0,0,0
ENSMUSG00000103607,Gm37021,0,0,0,0,0,0,0,0,0,0,0,0
ENSMUSG00000028049,Scamp3,892,894,716,624,802,383,756,755,917,746,994,942
ENSMUSG00000102214,Gm37492,0,0,0,0,0,0,0,0,0,0,0,0
ENSMUSG00000086718,Gm16069,3,5,3,0,3,2,0,6,1,4,3,5
ENSMUSG00000102203,4930412E21Rik,0,0,0,0,0,0,0,0,0,0,0,0
ENSMUSG00000102758,Naaladl2,0,0,0,0,0,1,0,0,0,0,0,0
ENSMUSG00000057036,Gm7536,0,1,0,0,0,0,0,0,0,0,0,0
ENSMUSG00000070227,Gm24704,0,0,0,0,0,0,0,0,0,0,0,0
ENSMUSG00002076746,#N/A,0,0,0,0,0,0,0,0,0,0,0,0
ENSMUSG00000105009,Gm42774,0,0,0,0,0,0,0,0,0,0,0,0
ENSMUSG00000102876,Gm37136,0,0,0,0,0,0,0,0,0,0,0,0
ENSMUSG00000102855,Gm38002,0,0,0,0,0,0,0,0,0,0,0,0
ENSMUSG00000069083,Gm10259,1,0,0,0,0,0,0,1,2,0,0,0
ENSMUSG00000063887,Nlgn1,0,0,0,0,0,0,0,0,1,0,0,0
ENSMUSG00002075654,#N/A,0,0,0,0,0,0,0,0,0,0,0,0
ENSMUSG00000102397,Gm37573,0,0,0,0,0,0,0,0,0,0,0,0
ENSMUSG00000104295,Gm6197,0,0,0,0,0,0,0,0,0,0,0,0
ENSMUSG00000032657,Fam189b,111,123,122,100,110,42,144,134,137,109,127,114
ENSMUSG00000074664,A830092H15Rik,0,0,0,0,0,0,0,0,0,0,0,0
ENSMUSG00000102274,Gm4855,0,0,0,0,0,0,0,0,0,0,0,0
ENSMUSG00002075415,#N/A,0,0,0,0,0,0,0,0,0,0,0,0
ENSMUSG00000119025,#N/A,0,0,0,0,0,0,0,0,0,0,0,0
ENSMUSG00000039335,Spata16,0,0,0,0,0,0,0,0,0,0,0,0
ENSMUSG00000103712,Gm37659,0,0,0,0,0,0,0,0,0,0,0,0
ENSMUSG00002075312,#N/A,0,1,0,0,1,0,0,0,0,0,0,0
ENSMUSG00000102908,Gm7558,0,0,0,2,0,0,2,1,0,3,2,0
ENSMUSG00000028048,Gba,727,839,548,571,506,307,559,590,744,641,555,514
ENSMUSG00000002227,Mov10,244,296,261,313,206,87,307,375,244,211,243,233
ENSMUSG00000004591,Pkn2,1644,1753,1494,1378,1563,1299,1224,1570,1573,1622,1650,1480
ENSMUSG00000087795,Gm25965,0,0,0,0,0,0,0,0,0,0,0,0
ENSMUSG00000106550,Gm43646,0,0,0,0,0,0,0,1,0,0,0,0
ENSMUSG00000097858,9530052C20Rik,3,1,0,1,0,3,0,3,2,1,0,1
ENSMUSG00000105671,Gm31306,0,0,0,0,0,0,0,1,1,0,0,0
ENSMUSG00000078162,Gm2574,2,2,0,0,0,0,0,0,1,0,1,0
ENSMUSG00000105652,4930519L02Rik,2,4,1,0,1,0,2,0,0,0,0,0
ENSMUSG00000070372,Capza1,944,1063,736,735,829,660,746,862,867,821,857,769
ENSMUSG00000106052,Gm43614,0,0,1,0,0,2,0,0,0,0,0,0
ENSMUSG00000106251,Gm42658,21,20,24,18,14,18,13,23,28,18,17,24
ENSMUSG00000105655,Gm42659,56,56,55,36,23,43,27,57,60,50,40,41
ENSMUSG00000105923,A830019L24Rik,0,0,0,0,0,0,0,0,0,0,0,0
ENSMUSG00000106162,Gm43613,0,0,0,0,0,0,0,0,0,0,1,0
ENSMUSG00000105917,Gm43612,0,0,0,0,1,3,0,0,0,0,0,0
ENSMUSG00000106210,1700001N15Rik,0,0,0,0,0,0,0,0,0,0,0,0
ENSMUSG00000105000,Gm43616,0,0,0,0,0,0,0,0,0,0,0,0
ENSMUSG00000104939,Gm33651,0,0,0,0,0,0,0,0,0,0,0,0
ENSMUSG00000105511,Gm33758,0,0,0,0,0,0,0,0,0,0,0,0
ENSMUSG00000103816,Gm38006,0,0,0,0,0,0,0,0,0,0,0,0
ENSMUSG00000106109,Gm42704,0,0,0,0,0,0,0,0,0,0,0,0
ENSMUSG00000105279,Gm6260,0,0,0,0,0,0,0,0,0,0,0,0
ENSMUSG00000088851,Gm24728,0,0,0,0,0,0,0,0,0,0,0,0
ENSMUSG00000105324,Gm42705,0,0,0,0,0,1,0,0,0,0,0,0
ENSMUSG00000106524,Gm42706,0,0,0,0,0,0,0,0,0,0,0,1
ENSMUSG00000105492,Gm2505,0,0,0,0,0,0,0,0,0,0,0,0
ENSMUSG00000105811,Gm42707,0,0,0,0,0,0,0,0,0,0,0,0
ENSMUSG00000104865,Gm42708,0,0,0,0,0,0,0,0,0,0,0,0
ENSMUSG00000106367,Gm34078,0,0,0,0,0,0,0,0,0,0,0,0
ENSMUSG00000064068,Mtx1,1069,1183,957,993,1034,467,1021,1058,1140,931,992,956
ENSMUSG00000036834,Plch1,7,2,3,6,9,3,1,5,8,5,4,4
ENSMUSG00000105692,Gm43737,84,65,79,56,56,68,53,48,62,44,56,42
ENSMUSG00002075172,#N/A,0,0,0,0,0,0,0,0,0,0,0,0
ENSMUSG00000090131,Gm16162,0,0,0,0,2,0,0,0,0,0,0,0
ENSMUSG00000085290,Gm16129,0,0,1,0,0,0,0,0,0,0,0,0
ENSMUSG00000103905,Gm34379,0,0,0,0,0,0,0,0,0,0,0,0
ENSMUSG00000048581,E130311K13Rik,67,81,70,68,64,57,68,59,84,83,64,69
ENSMUSG00000028266,Lmo4,183,160,162,184,230,148,263,213,168,152,262,221
ENSMUSG00000104969,Gm43445,0,2,2,1,1,11,0,2,2,1,1,3
ENSMUSG00000105197,Gm43446,0,0,0,0,0,0,0,0,0,0,0,0
ENSMUSG00000106266,Gm43447,0,0,0,0,0,0,0,0,0,0,0,0
ENSMUSG00000106416,Gm5857,5,6,2,2,3,0,2,3,3,6,1,2
ENSMUSG00000027822,Slc33a1,630,779,593,571,611,266,538,528,567,560,546,538
ENSMUSG00000097724,Gm26850,2,5,4,3,11,2,4,4,7,4,3,3
ENSMUSG00000040151,Hs2st1,772,787,656,693,814,459,613,762,849,739,799,731
ENSMUSG00000104903,Gm43707,3,4,2,2,0,4,0,0,4,2,3,1
ENSMUSG00000106057,Gm43560,1,0,1,1,1,1,0,0,1,0,0,0
ENSMUSG00000028047,Thbs3,46,48,57,42,38,9,29,39,38,37,33,25
ENSMUSG00000037072,Selenof,2573,2942,2373,2392,2600,1732,2630,2644,2773,2502,2418,2379
ENSMUSG00002076123,#N/A,0,0,0,0,0,0,0,0,0,0,0,0
ENSMUSG00000076255,Mir92b,0,0,0,0,0,0,0,0,0,0,0,0
ENSMUSG00000105045,Rpl9-ps8,1,0,2,0,0,0,0,0,0,0,0,0
ENSMUSG00000042784,Muc1,23,9,12,20,13,31,24,20,10,12,20,14
ENSMUSG00000027823,Gmps,3565,3941,3105,3203,3397,2591,2835,3357,3573,3454,3125,2967
ENSMUSG00000090303,Vmn2r-ps3,0,0,0,0,0,0,0,0,0,0,0,0
ENSMUSG00000027824,Vmn2r1,0,1,0,0,0,0,0,0,0,0,0,0
ENSMUSG00000089039,Gm22165,0,0,0,0,0,0,0,0,0,0,0,0
ENSMUSG00000045576,St7l,316,347,268,287,331,176,267,277,287,280,269,264
ENSMUSG00000043897,Vmn2r2,0,0,0,0,0,0,0,0,0,0,0,0
ENSMUSG00000093447,Gm5139,1,0,0,0,0,0,0,0,0,0,0,0
ENSMUSG00000106105,Gm4525,1,3,2,4,6,0,5,5,2,4,2,1
ENSMUSG00000093416,Gm18294,0,0,0,1,0,0,0,0,0,0,0,0
ENSMUSG00000027840,Wnt2b,1,2,2,2,1,3,2,0,2,2,1,3
ENSMUSG00000105925,Gm43846,0,0,1,0,0,0,0,0,0,0,0,0
ENSMUSG00000105355,Gm40117,0,0,0,0,0,0,0,0,0,0,0,0
ENSMUSG00000091572,Vmn2r3,1,0,0,0,1,4,0,2,1,0,2,0
ENSMUSG00000088735,Gm23897,0,0,0,0,0,0,0,0,0,0,0,0
ENSMUSG00000093503,Vmn2r-ps4,0,0,0,0,1,0,0,0,0,0,0,0
ENSMUSG00000091967,Vmn2r-ps5,0,0,0,0,0,0,0,0,0,0,0,0
ENSMUSG00000042766,Trim46,42,47,47,48,59,28,42,56,46,37,61,69
ENSMUSG00000062127,Cttnbp2nl,14,8,10,12,5,3,14,13,9,5,5,2
ENSMUSG00000092049,Vmn2r4,0,0,0,0,0,1,0,0,0,0,0,0
ENSMUSG00000093395,Vmn2r-ps6,0,0,0,0,0,0,0,0,0,0,0,0
ENSMUSG00000051788,4930564D02Rik,1,0,0,0,0,0,0,0,0,0,0,0
ENSMUSG00000093546,Vmn2r-ps7,0,0,0,0,0,0,0,0,0,0,0,0
ENSMUSG00000093671,Gm20656,0,0,0,0,0,0,0,0,0,0,0,0
ENSMUSG00000094482,Vmn2r-ps8,0,0,0,0,0,0,0,0,0,0,0,0
ENSMUSG00000074346,Kcnd3os,0,0,0,0,0,0,0,0,0,0,0,0
ENSMUSG00000068999,Vmn2r5,0,0,0,0,0,0,0,0,0,0,0,0
ENSMUSG00000090581,Vmn2r6,0,0,0,0,0,0,0,0,0,0,0,0
ENSMUSG00000093699,Vmn2r-ps9,0,0,0,0,0,0,0,0,0,0,0,0
ENSMUSG00000042747,Krtcap2,1442,1694,1260,1454,1393,627,1677,1296,1526,1234,1248,1258
ENSMUSG00000042737,Dpm3,146,156,129,152,136,90,168,149,156,135,126,124
ENSMUSG00000093484,Gm20657,0,0,0,0,0,0,0,0,0,0,0,0
ENSMUSG00000095107,Vmn2r-ps10,0,0,0,0,0,0,0,0,0,0,0,0
ENSMUSG00000093434,Vmn2r-ps11,0,0,0,0,0,0,0,0,0,0,0,0
ENSMUSG00000097538,Gm26939,0,0,0,0,0,0,0,0,0,0,0,0
ENSMUSG00000037062,Sh3glb1,2850,2961,2315,2390,2217,2034,2259,2637,2535,2560,2313,2033
ENSMUSG00000106089,Gm9419,0,0,1,0,0,0,0,0,0,0,0,0
ENSMUSG00000062200,Vmn2r7,0,0,0,0,0,0,0,0,0,0,0,0
ENSMUSG00000093474,Vmn2r-ps12,0,0,0,0,0,0,0,0,0,0,0,0
ENSMUSG00000088824,Gm25222,0,0,0,0,0,0,0,0,0,0,0,0
ENSMUSG00000093767,Vmn2r-ps13,0,0,0,0,0,0,0,0,0,0,0,0
ENSMUSG00000040896,Kcnd3,1,0,0,2,0,0,0,1,0,0,0,0
ENSMUSG00000105753,Gm43847,0,0,0,0,0,2,0,0,0,0,0,0
ENSMUSG00000027953,Slc50a1,636,627,506,503,641,281,545,460,669,535,635,691
ENSMUSG00000027699,Ect2,505,535,582,487,878,696,568,750,492,476,669,732
ENSMUSG00000087742,Gm25152,0,0,0,0,0,0,0,0,0,0,0,0
ENSMUSG00000056025,Clca3a1,0,0,0,0,0,0,0,0,0,0,0,0
ENSMUSG00000097584,1700125G22Rik,0,0,0,0,0,0,0,0,0,0,0,0
ENSMUSG00000106424,Gm34866,0,0,0,0,0,0,0,0,0,0,0,0
ENSMUSG00000027905,Ddx20,1115,1192,1017,1009,1109,685,1013,1145,1122,1006,1071,984
ENSMUSG00000104841,Gm17743,0,0,0,0,0,0,0,0,0,0,0,0
ENSMUSG00000027954,Efna1,1,0,1,0,0,0,0,0,0,0,2,0
ENSMUSG00000093093,Gm22642,0,0,0,0,0,0,0,0,0,0,0,0
ENSMUSG00000048458,Inka2,187,167,171,163,244,138,158,210,169,146,216,232
ENSMUSG00000106317,Gm43848,12,12,8,10,9,7,16,8,8,19,13,10
ENSMUSG00000027698,Nceh1,821,850,605,669,555,308,455,595,719,640,577,586
ENSMUSG00000102186,Gm37191,0,0,1,0,0,0,0,0,0,0,0,0
ENSMUSG00000105806,Gm43345,0,0,0,0,1,0,0,0,1,0,1,0
ENSMUSG00000028039,Efna3,23,21,12,4,4,3,5,3,24,30,9,6
ENSMUSG00000086389,Gm15998,0,0,0,0,0,0,0,1,0,0,0,0
ENSMUSG00000028262,Clca3a2,0,0,0,0,0,0,0,0,0,0,0,0
ENSMUSG00000105900,Gm43240,0,0,0,0,0,0,0,0,0,0,0,0
ENSMUSG00000028040,Efna4,22,10,8,3,17,4,10,9,8,9,8,6
ENSMUSG00000097004,4731419I09Rik,0,0,1,0,0,0,0,0,0,0,1,1
ENSMUSG00000039304,Tnfsf10,2514,2616,2088,1943,1562,1031,1192,1783,2018,1826,1267,1215
ENSMUSG00000037033,Clca3b,0,0,0,0,0,0,0,0,0,0,0,0
ENSMUSG00000089950,Gm16215,0,0,0,0,0,0,0,0,0,0,0,0
ENSMUSG00000051136,Ghsr,0,2,1,0,1,0,0,0,0,0,0,0
ENSMUSG00000074196,Clca4c-ps,0,0,0,0,0,0,0,0,0,0,0,0
ENSMUSG00000068798,Rap1a,1000,961,773,781,729,891,761,878,1023,1064,978,924
ENSMUSG00000105677,Gm43328,52,64,44,35,29,48,40,33,45,39,62,42
ENSMUSG00000105842,Gm43329,0,0,2,0,1,2,3,1,2,2,2,5
ENSMUSG00000106341,Gm43330,2,1,1,1,0,0,4,2,2,1,4,3
ENSMUSG00000104910,Gm43331,3,0,2,1,1,1,0,1,0,7,2,6
ENSMUSG00000104835,Gm5547,54,57,45,51,22,19,49,49,39,30,25,27
ENSMUSG00000074195,Clca4b,0,0,0,0,0,0,0,0,0,0,0,0
ENSMUSG00000000562,Adora3,2,4,4,2,0,2,2,6,2,3,0,0
ENSMUSG00000085773,Gm16233,0,0,0,0,0,0,0,0,0,0,0,0
ENSMUSG00000027827,Kcnab1,2,1,1,0,0,3,0,2,0,1,0,0
ENSMUSG00000074344,Tmigd3,0,0,0,1,1,0,0,0,0,0,1,0
ENSMUSG00000118531,Tmigd3,0,0,0,0,0,0,0,0,0,0,0,0
ENSMUSG00000104093,A330015K06Rik,1,1,0,0,0,1,1,1,0,0,0,2
ENSMUSG00000090120,A730090N16Rik,1,4,0,3,6,2,1,2,1,4,1,5
ENSMUSG00000074342,I830077J02Rik,0,1,3,0,0,2,1,7,2,3,1,1
ENSMUSG00000068547,Clca4a,0,0,0,0,0,0,0,0,0,0,0,0
ENSMUSG00000039286,Fndc3b,392,414,398,375,284,196,230,343,386,332,298,280
ENSMUSG00000106361,Gm35066,0,0,0,0,0,1,0,0,0,0,1,0
ENSMUSG00000106625,Gm43344,0,0,0,0,0,0,0,0,0,0,0,0
ENSMUSG00000092695,Mir3092,0,0,0,0,0,1,1,0,0,0,0,0
ENSMUSG00000043164,Tmem212,0,0,0,0,0,0,0,0,0,0,0,0
ENSMUSG00000088772,Gm26040,0,0,0,0,0,1,0,0,0,0,0,0
ENSMUSG00000027828,Ssr3,5986,5894,4990,4750,4364,3145,4484,5143,4868,4337,4660,4206
ENSMUSG00000028255,Clca1,0,0,0,0,0,1,0,0,0,0,0,0
ENSMUSG00000048916,Gm5540,0,0,1,0,1,0,1,0,3,1,0,1
ENSMUSG00000103513,Gm34780,0,0,0,0,0,0,0,0,0,0,0,0
ENSMUSG00000103880,Gm37009,0,0,1,1,0,0,1,1,2,1,0,0
ENSMUSG00000074580,4931440P22Rik,8,8,5,9,5,1,9,1,6,14,0,4
ENSMUSG00000087825,Gm22279,0,0,0,0,0,0,0,0,0,0,0,0
ENSMUSG00000034640,Tiparp,465,474,327,324,279,176,249,297,346,289,277,294
ENSMUSG00000082280,Gm5847,1,0,0,1,0,0,0,0,2,0,0,0
ENSMUSG00000000563,Atp5pb,2302,2624,2211,2290,2436,1508,2545,2371,2547,2136,2497,2238
ENSMUSG00000103294,Gm38233,0,0,0,0,0,0,0,0,0,0,0,0
ENSMUSG00000098944,Mir8120,0,0,0,0,0,0,0,0,2,0,0,0
ENSMUSG00000074579,Lekr1,16,16,9,15,5,27,16,14,7,15,7,10
ENSMUSG00000104037,Gm37776,0,2,0,0,2,3,0,0,3,0,6,2
ENSMUSG00000036960,Clca2,1,0,0,0,1,0,0,0,0,0,1,0
ENSMUSG00000119678,#N/A,0,0,0,0,0,0,0,0,0,0,0,0
ENSMUSG00000103620,Gm37359,0,0,0,0,0,0,0,0,0,0,0,0
ENSMUSG00000103440,Gm37131,0,0,0,0,0,0,0,0,0,0,0,0
ENSMUSG00000102566,Gm37037,0,0,0,0,0,0,0,0,2,1,0,0
ENSMUSG00000000561,Wdr77,2168,2208,1856,1826,1806,877,2051,1784,2106,1897,1764,1719
ENSMUSG00000105852,Gm42890,4,3,7,8,5,4,6,3,3,2,8,6
ENSMUSG00000074340,Ovgp1,12,15,23,12,26,23,13,14,22,13,34,23
ENSMUSG00000010136,Pifo,0,1,1,1,3,0,1,1,2,0,0,1
ENSMUSG00000106093,Gm42722,0,0,1,1,0,1,0,2,0,0,0,0
ENSMUSG00000104592,Gm42721,0,0,0,0,0,1,0,0,0,0,0,0
ENSMUSG00000043873,Chil5,0,3,4,2,2,0,4,1,2,4,2,0
ENSMUSG00000092072,Gm4540,11,10,3,7,6,40,8,14,7,8,9,5
ENSMUSG00000027829,Ccnl1,3210,3072,2651,2549,2866,2353,2341,2651,3021,2884,3129,3086
ENSMUSG00000105277,Gm9504,0,0,0,0,0,0,0,0,0,0,0,0
ENSMUSG00000105051,Gm4248,0,0,0,0,0,0,0,0,0,0,0,0
ENSMUSG00000103041,Gm37305,52,59,47,69,65,33,32,68,84,75,46,67
ENSMUSG00000102914,Gm35106,0,0,1,0,0,0,0,0,0,0,0,0
ENSMUSG00000102652,Gm37078,1,1,0,0,1,1,0,0,0,0,0,0
ENSMUSG00000103641,Gm19024,0,0,0,0,0,0,0,0,0,0,0,0
ENSMUSG00000103369,Gm6546,0,0,0,0,0,0,0,0,0,0,0,0
ENSMUSG00000027831,Veph1,0,0,0,0,0,2,0,0,0,0,1,0
ENSMUSG00000104189,Gm37822,0,0,0,0,0,0,0,0,0,0,0,0
ENSMUSG00000064522,Gm26442,0,0,0,0,0,0,0,0,0,0,0,0
ENSMUSG00000104307,Gm36973,0,0,0,0,0,0,0,0,0,0,0,0
ENSMUSG00000097968,Tpi-rs2,0,0,0,0,0,0,0,0,0,0,0,0
ENSMUSG00000103208,Gm37330,0,0,0,0,0,0,0,0,0,0,0,0
ENSMUSG00000062778,Chia1,2,0,0,3,2,1,0,1,0,0,3,0
ENSMUSG00000027832,Ptx3,0,0,0,0,1,0,0,0,0,0,0,0
ENSMUSG00000117623,Gm50014,0,0,0,0,0,0,0,0,0,0,0,0
ENSMUSG00000103600,Gm17952,0,0,0,0,0,0,0,0,0,0,0,1
ENSMUSG00000103700,Gm6555,0,0,0,0,0,0,0,0,0,0,0,0
ENSMUSG00000103318,Gm38356,0,0,0,0,0,0,0,0,0,0,0,0
ENSMUSG00000027695,Pld1,3,5,3,1,5,5,0,2,2,1,2,1
ENSMUSG00000105794,Gm43516,0,0,0,0,0,0,0,0,0,0,0,0
ENSMUSG00000109716,Gm42196,0,0,0,0,0,1,0,0,0,0,0,0
ENSMUSG00000103729,Gm37098,0,0,0,0,0,0,0,0,0,3,0,0
ENSMUSG00000040809,Chil3,0,0,0,0,0,0,0,0,0,0,0,0
ENSMUSG00000104855,Gm43709,0,0,0,0,0,0,0,0,0,0,0,0
ENSMUSG00000027833,Shox2,2,2,8,3,1,1,3,4,3,3,1,3
ENSMUSG00000063779,Chil4,0,0,0,0,0,0,0,0,0,0,0,0
ENSMUSG00000106373,Gm6522,0,0,0,0,0,0,0,0,0,0,0,0
ENSMUSG00000105436,Gm43212,0,0,0,0,0,0,0,0,0,0,0,0
ENSMUSG00000027902,Chil6,1,1,1,0,4,0,4,3,0,4,3,0
ENSMUSG00000104350,Gm38244,0,0,0,0,1,1,0,0,0,1,0,1
ENSMUSG00000091575,2010016I18Rik,218,200,227,236,226,144,126,205,159,206,286,309
ENSMUSG00000028041,Adam15,409,376,226,231,260,93,257,285,269,234,304,325
ENSMUSG00000028256,Odf2l,181,171,174,134,184,197,176,209,156,146,219,193
ENSMUSG00000042672,Dcst1,0,0,0,0,0,0,0,0,0,0,0,0
ENSMUSG00000074467,Gm10702,0,5,3,0,1,1,2,0,3,1,1,0
ENSMUSG00000109293,Dcst2,0,0,0,0,0,1,0,0,0,0,1,0
ENSMUSG00000027901,Dennd2d,2361,2584,2295,2356,2262,1384,1903,2269,2257,2151,2578,2431
ENSMUSG00000028042,Zbtb7b,2841,2663,1596,1651,1881,846,1610,1986,2371,2160,2063,1898
ENSMUSG00000034544,Rsrc1,424,479,443,376,487,474,414,495,456,423,599,488
ENSMUSG00000028197,Col24a1,0,0,1,0,1,0,0,0,0,0,0,0
ENSMUSG00000118721,#N/A,0,0,0,0,0,0,0,0,0,0,0,0
ENSMUSG00000074466,Gm15417,17,18,10,5,5,5,12,16,19,8,14,8
ENSMUSG00000090408,Gm17402,0,0,0,0,0,0,0,0,0,0,0,0
ENSMUSG00000105619,9530034A14Rik,0,0,0,0,0,0,0,0,0,0,0,0
ENSMUSG00000078173,Lenep,0,0,0,0,0,0,0,0,0,0,0,0
ENSMUSG00000105959,D530037P16Rik,0,0,0,0,0,0,0,0,0,0,0,0
ENSMUSG00000040774,Cept1,1262,1320,1054,1089,1111,718,1084,1166,1190,1112,1092,1003
ENSMUSG00000048416,Mlf1,28,30,25,26,31,16,31,33,32,21,38,22
ENSMUSG00000042642,Flad1,645,749,474,541,531,169,428,430,648,546,495,532
ENSMUSG00000028044,Cks1b,577,688,703,780,1134,508,1023,980,672,478,843,689
ENSMUSG00000027774,Gfm1,2698,2987,2224,2158,2316,1531,2112,2410,2565,2369,2550,2173
ENSMUSG00000047557,Lxn,96,101,75,65,63,35,88,123,65,72,61,60
ENSMUSG00000103703,Gm42568,4,4,1,3,3,0,2,7,2,3,4,4
ENSMUSG00000049404,Rarres1,0,0,0,0,0,0,1,0,0,0,0,0
ENSMUSG00000103718,Gm35299,0,0,0,0,0,0,0,0,0,0,0,0
ENSMUSG00000104382,4930402C01Rik,0,0,0,0,0,0,0,0,0,0,0,0
ENSMUSG00000077459,Gm25919,0,0,0,0,0,0,0,0,0,0,0,0
ENSMUSG00000074182,Znhit6,1506,1820,1404,1485,1598,1189,1478,1300,1687,1590,1531,1373
ENSMUSG00000027775,Mfsd1,597,677,489,450,521,266,498,549,563,501,613,621
ENSMUSG00000103206,Gm8515,0,0,0,1,0,0,0,0,0,0,1,0
ENSMUSG00000103606,Gm412,0,0,0,0,0,0,0,0,0,0,0,0
ENSMUSG00000102746,Gm37601,0,0,0,0,0,0,0,0,0,0,0,0
ENSMUSG00000028195,Ccn1,9,8,23,22,24,18,18,26,8,2,6,4
ENSMUSG00000104477,Gm18717,0,0,0,0,0,0,0,0,0,0,1,0
ENSMUSG00000027900,Dram2,255,265,200,192,196,148,203,198,229,254,230,214
ENSMUSG00000097183,Gm17501,0,0,0,0,0,2,0,0,0,0,0,0
ENSMUSG00000105608,Gm43408,0,0,0,0,0,0,0,0,0,0,0,0
ENSMUSG00000106592,Gm43070,0,0,0,0,0,0,0,0,0,0,0,0
ENSMUSG00000105272,Gm43071,41,50,20,25,20,41,20,35,22,40,21,27
ENSMUSG00000103053,Gm38271,0,0,0,0,0,0,0,0,0,0,0,0
ENSMUSG00000051777,Iqcj,0,0,0,0,0,0,0,0,0,0,0,0
ENSMUSG00000102422,Iqschfp,0,0,0,0,0,0,0,0,0,0,0,0
ENSMUSG00000028194,Ddah1,0,0,0,0,1,0,0,0,0,0,0,0
ENSMUSG00000105388,Rpl36a-ps2,11,15,10,14,7,52,12,13,14,10,13,12
ENSMUSG00000028191,Bcl10,1359,1453,1158,1261,1106,586,1107,1070,1237,1108,877,794
ENSMUSG00000056260,Lrif1,283,259,182,170,254,323,195,212,216,277,414,348
ENSMUSG00000102780,Gm38253,21,26,17,16,11,38,7,20,19,27,22,27
ENSMUSG00000036873,2410004B18Rik,467,623,430,512,566,335,479,527,521,461,517,479
ENSMUSG00000040747,Cd53,11807,13601,12734,12846,9441,7643,11948,13464,11050,10300,9372,8148
ENSMUSG00000043529,Olfr266,6,4,1,4,2,2,0,0,1,3,5,3
ENSMUSG00000105102,Gm35507,24,21,26,15,8,22,25,26,16,17,10,16
ENSMUSG00000098108,Gm27008,0,0,0,0,2,1,0,0,1,3,2,1
ENSMUSG00000047959,Kcna3,938,1003,838,930,730,231,412,730,747,846,670,753
ENSMUSG00000056145,AI504432,2050,1948,1923,1861,1623,1498,1382,1695,1664,2049,1913,1771
ENSMUSG00000050179,A930002I21Rik,19,9,9,17,17,17,4,8,19,18,13,17
ENSMUSG00000036863,Syde2,365,410,311,380,313,199,177,344,279,316,284,264
ENSMUSG00000105146,Gm35409,0,0,0,0,0,0,0,0,0,0,0,0
ENSMUSG00000040724,Kcna2,10,10,10,7,8,7,2,7,10,8,4,2
ENSMUSG00000042861,Kcna10,0,0,0,0,0,0,0,0,0,0,0,0
ENSMUSG00000046213,Cym,0,1,2,0,0,3,1,0,0,0,0,0
ENSMUSG00000094613,A630076J17Rik,0,0,0,0,0,0,1,0,0,0,0,0
ENSMUSG00000043020,Wdr63,23,28,27,26,21,21,22,19,26,20,3,2
ENSMUSG00000070368,Prok1,0,0,0,2,0,0,1,0,0,0,1,0
ENSMUSG00000065937,Gm25627,0,0,0,0,0,0,0,0,0,0,0,0
ENSMUSG00000042626,Shc1,973,957,796,808,824,344,766,868,834,779,681,716
ENSMUSG00000087260,Lamtor5,350,442,314,383,377,199,419,355,410,320,353,270
ENSMUSG00000027777,Schip1,0,0,0,0,0,2,0,0,0,0,0,0
ENSMUSG00000047824,Pygo2,1092,1273,948,873,989,253,832,905,1048,848,776,750
ENSMUSG00000036853,Mcoln3,24,29,44,43,49,35,34,47,44,45,30,33
ENSMUSG00000027896,Slc16a4,5,0,0,1,1,0,0,4,1,1,0,1
ENSMUSG00000048109,Rbm15,1414,1429,1338,1237,1303,839,1063,1516,1266,1230,1409,1417
ENSMUSG00000105532,Gm5279,0,1,0,0,0,0,0,0,0,0,0,0
ENSMUSG00000042613,Pbxip1,559,561,392,420,378,183,362,377,487,398,387,388
ENSMUSG00002075593,#N/A,0,0,0,0,0,0,0,0,0,0,0,0
ENSMUSG00000027895,Kcnc4,0,0,0,0,0,0,0,0,0,0,0,0
ENSMUSG00000027952,Pmvk,375,382,255,287,247,101,320,323,348,331,255,267
ENSMUSG00000000794,Kcnn3,0,5,4,0,1,0,0,0,0,0,0,0
ENSMUSG00000027894,Slc6a17,4,3,3,2,7,5,3,4,3,0,3,1
ENSMUSG00000055891,Ubl4b,0,0,0,0,0,0,0,0,0,0,0,0
ENSMUSG00000011008,Mcoln2,541,659,655,738,413,273,566,640,612,556,162,195
ENSMUSG00000014603,Alx3,0,0,0,0,0,0,0,0,1,0,0,0
ENSMUSG00000036832,Lpar3,127,126,126,140,70,32,81,141,135,109,46,46
ENSMUSG00000105209,Gm43334,0,1,0,0,0,0,0,0,0,0,0,0
ENSMUSG00000105602,Gm10636,0,0,0,0,0,0,0,0,0,0,0,0
ENSMUSG00000088218,Gm22078,0,0,0,0,0,0,0,0,0,0,0,0
ENSMUSG00002075872,#N/A,0,0,0,0,0,0,0,0,0,0,0,0
ENSMUSG00000014601,Strip1,885,895,687,732,660,343,607,718,799,689,714,668
ENSMUSG00000078604,Gm10961,0,0,0,0,0,0,0,0,0,0,0,0
ENSMUSG00000027893,Ahcyl1,4189,4482,4198,4091,4408,2934,3181,4046,4242,3927,3959,3652
ENSMUSG00000036825,Ssx2ip,269,305,227,250,306,260,265,279,229,190,277,259
ENSMUSG00000028189,Ctbs,123,127,100,123,102,83,96,113,118,104,94,82
ENSMUSG00000028188,Spata1,45,39,40,33,40,42,23,41,41,48,40,41
ENSMUSG00000014599,Csf1,3415,3571,2720,2904,2341,1391,1668,2016,3033,2653,1967,1742
ENSMUSG00000068523,Gng5,249,356,231,288,338,97,270,322,341,282,340,278
ENSMUSG00000106531,Gm43233,0,0,0,0,0,0,0,0,0,0,0,0
ENSMUSG00000106426,Gm36211,0,0,0,2,0,0,0,1,0,0,0,0
ENSMUSG00000105944,Gm5075,20,19,16,26,24,5,23,13,31,20,14,18
ENSMUSG00000106359,4930554G22Rik,0,0,0,0,0,0,0,0,0,0,0,0
ENSMUSG00000027951,Adar,2431,2758,2221,2252,1856,720,1866,2510,2269,2126,2100,1929
ENSMUSG00000028187,Rpf1,1909,2049,1754,1806,1997,2022,1781,2083,2135,1849,2094,1853
ENSMUSG00000105407,Gm36259,0,0,0,1,0,0,0,0,0,0,0,0
ENSMUSG00000040600,Eps8l3,1,0,0,0,0,0,0,0,0,0,0,0
ENSMUSG00000105456,Gm43745,0,0,0,0,0,0,0,0,0,0,0,0
ENSMUSG00000027950,Chrnb2,35,63,33,42,43,27,44,47,44,52,59,61
ENSMUSG00000042579,4632404H12Rik,172,163,141,144,198,205,92,126,175,166,267,257
ENSMUSG00000028186,Uox,0,0,0,0,0,0,0,0,0,0,0,0
ENSMUSG00000086968,4933431E20Rik,19,12,9,10,18,19,3,7,7,8,15,11
ENSMUSG00000028185,Dnase2b,0,0,0,0,0,0,0,0,0,0,0,0
ENSMUSG00000085810,Gm16325,0,0,0,0,0,0,0,0,0,0,0,0
ENSMUSG00000090202,4930503B20Rik,0,0,0,0,0,0,0,0,0,0,0,0
ENSMUSG00000042572,Ube2q1,3702,3993,2840,2942,3070,2186,2840,2957,3557,3148,3058,2846
ENSMUSG00000118654,#N/A,0,0,0,0,0,0,0,0,0,0,0,0
ENSMUSG00000106564,Gm8969,0,0,0,0,0,0,0,0,0,0,0,0
ENSMUSG00000048652,Samd13,3,0,0,0,0,0,0,0,2,1,1,0
ENSMUSG00000105529,Gm9480,4,3,1,3,0,2,4,4,3,3,6,3
ENSMUSG00000046280,She,2,6,11,12,17,4,10,7,10,13,18,11
ENSMUSG00000027947,Il6ra,453,478,296,285,250,132,302,340,432,425,357,329
ENSMUSG00000105941,Gm42809,6,4,8,5,9,2,3,1,6,6,6,6
ENSMUSG00000004032,Gstm5,34,29,25,36,14,24,36,21,24,13,32,19
ENSMUSG00000105872,Gm9515,0,0,0,0,0,0,0,0,0,0,0,0
ENSMUSG00000082720,Gm12489,0,0,0,0,0,0,0,0,0,0,0,0
ENSMUSG00000004035,Gstm7,2,4,0,2,1,3,0,1,0,2,1,1
ENSMUSG00000068762,Gstm6,0,0,0,0,0,0,0,0,0,0,0,0
ENSMUSG00000089664,Gm12494,0,0,0,0,0,0,0,0,0,0,0,0
ENSMUSG00000004038,Gstm3,0,0,0,0,1,1,0,0,0,0,0,0
ENSMUSG00000049231,Gm12497,0,0,0,0,0,1,0,0,0,0,0,0
ENSMUSG00000060671,Atp8b2,2291,2663,1762,1807,1236,523,1360,1834,1958,1795,1410,1290
ENSMUSG00000105082,Aqp10-ps,0,0,0,0,1,1,0,0,0,0,0,0
ENSMUSG00000065045,Gm24046,0,0,0,0,0,0,0,0,0,0,0,0
ENSMUSG00000040562,Gstm2,0,0,0,0,0,0,0,0,0,0,0,0
ENSMUSG00000106614,Gm43746,0,0,0,0,0,0,0,0,0,0,0,0
ENSMUSG00000005034,Prkacb,1611,1626,1440,1394,1438,1020,1225,1445,1435,1270,1409,1251
ENSMUSG00000104946,Gm19104,0,0,0,0,0,0,0,0,0,0,0,0
ENSMUSG00000070343,Gm10288,5,26,19,19,19,104,18,26,3,4,24,1
ENSMUSG00000058135,Gstm1,18,12,8,14,4,7,8,5,8,7,11,6
ENSMUSG00000087357,Gm12498,0,0,0,0,0,0,0,0,0,0,0,0
ENSMUSG00000083627,Gm12502,0,3,0,0,0,0,0,0,0,0,0,1
ENSMUSG00000081688,Gm12499,0,0,0,0,0,0,0,0,0,0,0,0
ENSMUSG00000064569,Gm25592,0,0,0,0,0,0,0,0,0,0,0,0
ENSMUSG00000027944,Hax1,262,247,245,234,254,192,235,231,235,247,296,251
ENSMUSG00000105552,Gm19710,0,1,0,1,0,1,0,3,2,3,1,2
ENSMUSG00000027890,Gstm4,36,34,28,39,31,17,32,35,43,28,36,34
ENSMUSG00000036745,Ttll7,0,0,0,0,0,0,0,2,2,1,0,2
ENSMUSG00000103334,Gm29771,0,0,0,0,0,0,0,0,0,0,0,0
ENSMUSG00000103099,Gm6074,0,0,0,0,0,0,0,0,0,0,0,0
ENSMUSG00000106023,Gm36831,0,0,0,0,0,0,0,0,0,0,0,0
ENSMUSG00000103302,Gm37803,0,0,0,0,0,0,0,1,0,0,0,0
ENSMUSG00000102569,Gm37041,1,0,0,0,0,0,0,0,0,0,0,0
ENSMUSG00000027692,Tnik,1085,1084,731,662,651,485,519,734,831,823,718,651
ENSMUSG00000103349,Gm36888,0,0,0,1,3,4,0,0,0,0,1,0
ENSMUSG00000106285,Gm43574,0,0,0,0,0,0,0,0,0,0,0,0
ENSMUSG00000077441,Gm23131,0,0,0,0,0,0,0,0,0,0,0,0
ENSMUSG00000105718,Gm43576,0,0,0,0,0,1,0,0,0,0,0,0
ENSMUSG00000103566,Gm38068,0,0,0,0,0,0,0,0,0,0,0,0
ENSMUSG00000105934,Gm43575,0,0,0,0,0,0,0,0,0,0,0,0
ENSMUSG00000103420,Gm37537,1,1,0,0,0,5,2,2,1,0,4,1
ENSMUSG00000092990,Mir466q,0,0,0,0,0,0,0,1,0,0,0,0
ENSMUSG00000027690,Slc2a2,0,0,2,0,0,2,0,0,2,1,0,2
ENSMUSG00000091329,1700112D23Rik,0,0,0,0,0,0,1,0,1,0,0,0
ENSMUSG00000070522,Gm6505,1,0,1,0,0,0,2,0,1,1,0,3
ENSMUSG00000027889,Ampd2,3871,4153,2906,2921,3064,1239,2645,3313,3356,3146,3116,3002
ENSMUSG00000056411,Gm12500,1,4,7,6,6,5,2,7,6,4,4,1
ENSMUSG00000050192,Eif5a2,651,642,575,467,417,295,451,524,593,507,584,475
ENSMUSG00000103827,Gm32950,0,0,0,0,0,0,0,0,0,0,0,1
ENSMUSG00000039221,Rpl22l1,605,786,785,751,797,228,787,718,693,672,707,624
ENSMUSG00000104444,Gm33051,0,0,0,0,0,0,0,0,0,0,0,0
ENSMUSG00000104275,Gm37867,0,0,0,2,1,0,0,0,0,0,0,0
ENSMUSG00000102482,Gm37924,0,0,0,0,0,0,0,0,0,0,0,0
ENSMUSG00000074655,Gm1527,0,0,0,0,0,0,0,0,0,0,0,0
ENSMUSG00000009108,Gnat2,11,20,12,7,12,3,8,7,17,5,23,20
ENSMUSG00000063600,Egfem1,0,0,0,0,0,0,0,0,0,0,0,0
ENSMUSG00000000001,Gnai3,4764,5196,4295,4106,3528,2167,3386,4025,4159,3964,3279,3145
ENSMUSG00000103992,Gm38029,0,0,0,0,0,0,0,0,0,0,0,0
ENSMUSG00000102579,Gm37965,0,0,0,0,0,0,0,0,0,0,0,0
ENSMUSG00000076120,Mir551b,0,0,0,0,0,0,0,0,0,0,0,0
ENSMUSG00000098315,Mir21b,0,0,0,0,0,0,0,0,0,0,0,0
ENSMUSG00000103095,Gm37557,0,0,0,0,0,0,0,0,0,0,0,0
ENSMUSG00000102574,Gm33206,0,0,0,0,0,0,0,0,0,0,0,0
ENSMUSG00000102590,Mannr,0,0,0,0,0,0,0,0,0,0,0,0
ENSMUSG00000046793,Gpr61,0,2,1,1,0,2,1,0,1,0,0,0
ENSMUSG00000102884,Gm37281,0,0,0,0,0,0,0,0,0,0,0,0
ENSMUSG00000085318,Gm12524,0,0,0,0,0,0,0,0,2,0,0,0
ENSMUSG00000050947,Amigo1,145,143,101,61,94,44,70,90,134,119,130,120
ENSMUSG00000048796,Cyb561d1,473,496,425,435,396,153,370,410,486,440,322,327
ENSMUSG00000048997,Atxn7l2,546,544,477,455,527,253,463,484,518,527,596,564
ENSMUSG00000027887,Sypl2,1,0,0,0,0,0,0,0,1,1,0,0
ENSMUSG00000105961,Gm40123,0,0,0,0,0,0,0,0,0,0,0,0
ENSMUSG00000083462,Gm12501,0,0,0,0,0,0,0,0,0,0,0,0
ENSMUSG00000085102,1700010K24Rik,0,0,0,1,0,0,1,0,0,0,1,0
ENSMUSG00000028184,Adgrl2,1,2,1,1,0,7,1,3,0,1,0,2
ENSMUSG00000068749,Psma5,456,530,444,464,569,320,534,487,531,400,442,427
ENSMUSG00000104786,Gm43573,0,0,0,0,0,0,0,0,0,0,0,0
ENSMUSG00000105876,Gm43572,0,0,0,0,0,1,0,0,0,0,0,0
ENSMUSG00000118723,#N/A,0,0,0,0,0,0,0,0,0,0,0,0
ENSMUSG00000105357,Gm42647,2,4,2,2,4,0,4,0,4,2,4,0
ENSMUSG00000042520,Ubap2l,9513,9527,7136,7287,7937,7664,7101,9064,8721,8252,9448,8030
ENSMUSG00000077569,Gm24608,4,3,1,1,1,1,1,1,2,2,2,2
ENSMUSG00000098397,Mir7669,0,2,1,0,1,0,0,0,0,0,0,0
ENSMUSG00000027684,Mecom,3,2,6,2,3,6,2,4,0,0,4,8
ENSMUSG00000085702,Mecomos,0,0,0,0,0,0,0,0,0,0,0,0
ENSMUSG00000104486,Gm38066,0,0,0,0,0,0,0,0,0,0,0,0
ENSMUSG00000102460,Gm38197,0,0,0,0,0,0,0,0,0,0,0,0
ENSMUSG00000069074,Gm10258,0,0,0,0,0,0,0,0,0,0,0,0
ENSMUSG00000103870,Gm38362,0,0,0,0,0,0,0,0,0,0,0,0
ENSMUSG00000104079,Gm37024,0,0,0,0,0,0,0,0,0,0,0,0
ENSMUSG00000103738,Gm37652,0,0,0,0,0,6,0,0,0,0,0,1
ENSMUSG00000102256,Gm38258,0,0,0,0,0,0,0,0,0,0,0,0
ENSMUSG00000104243,Gm38153,0,1,0,0,0,0,0,0,0,1,0,0
ENSMUSG00000102505,1600017P15Rik,0,0,0,0,0,0,0,0,0,0,0,0
ENSMUSG00002076068,#N/A,0,0,0,0,0,0,0,0,0,0,0,0
ENSMUSG00000037737,Actrt3,0,0,0,1,0,0,0,1,0,0,0,0
ENSMUSG00000037730,Mynn,514,551,397,421,450,279,313,438,459,440,457,403
ENSMUSG00000027942,4933434E20Rik,230,285,200,195,202,139,237,211,210,202,195,179
ENSMUSG00000027702,Lrrc34,0,0,0,0,0,0,0,0,0,0,0,0
ENSMUSG00000118504,AC163616.1,53,50,41,54,60,23,39,35,50,52,66,70
ENSMUSG00000090005,Gm16540,5,0,0,0,2,5,1,1,2,3,2,2
ENSMUSG00000118506,1700094D03Rik,25,17,18,16,18,16,18,14,11,13,19,19
ENSMUSG00000077996,Mir190b,0,0,0,0,0,0,0,0,0,0,0,0
ENSMUSG00000027703,Lrriq4,0,0,0,0,0,0,0,0,0,0,0,0
ENSMUSG00000074653,Lrrc31,0,0,0,0,0,0,0,0,0,0,0,0
ENSMUSG00000086189,Gm15462,1,0,0,0,0,0,0,0,0,0,0,0
ENSMUSG00000051860,Samd7,0,0,0,0,0,0,0,0,0,0,0,0
ENSMUSG00000097786,4933429H19Rik,9,0,3,1,1,3,6,5,4,1,1,3
ENSMUSG00000027706,Sec62,2863,3014,2384,2284,2483,1939,2701,2517,2672,2547,2686,2297
ENSMUSG00000104361,Gm38080,0,0,0,0,0,0,0,0,0,0,0,0
ENSMUSG00000037661,Gpr160,13,11,4,12,7,13,11,13,16,7,12,13
ENSMUSG00000027940,Tpm3,8250,8341,6031,6479,5689,3344,6332,6817,7884,7071,5627,5506
ENSMUSG00000027939,Nup210l,42,39,44,39,64,37,42,50,21,38,38,31
ENSMUSG00000064930,Gm23723,1,0,0,2,1,0,0,0,0,0,0,0
ENSMUSG00000104649,Gm43712,8,9,6,11,14,3,6,9,13,16,7,9
ENSMUSG00000084527,Gm24185,0,0,1,0,0,0,0,0,0,0,0,0
ENSMUSG00000040412,5330417C22Rik,1,3,6,6,2,10,2,0,3,2,3,2
ENSMUSG00000090733,Rps27,146,169,149,142,94,55,137,168,154,114,97,78
ENSMUSG00000080673,Gm23336,0,0,0,0,0,0,0,0,0,0,0,0
ENSMUSG00000103761,Gm37859,0,0,0,0,0,2,0,0,0,0,0,1
ENSMUSG00000027886,1700013F07Rik,0,0,0,0,0,0,0,0,0,0,1,0
ENSMUSG00000088185,Scarna2,12,10,19,25,33,8,29,25,19,20,22,16
ENSMUSG00000105810,Gm43435,0,0,0,0,0,0,0,0,0,0,0,0
ENSMUSG00000027935,Rab13,3,2,5,2,2,2,2,4,6,2,0,3
ENSMUSG00000068732,Tmem167b,570,622,499,494,479,257,413,522,533,535,460,420
ENSMUSG00002075820,#N/A,0,0,0,0,0,0,0,0,0,0,0,0
ENSMUSG00000048100,Taf13,258,262,208,215,334,256,219,238,294,246,335,346
ENSMUSG00000027937,Jtb,1051,1185,896,978,1040,566,1020,938,1181,1046,955,864
ENSMUSG00000040389,Wdr47,317,297,230,211,254,160,185,207,275,242,275,250
ENSMUSG00000081499,Gm12517,0,3,0,0,0,0,0,1,2,1,0,1
ENSMUSG00000027938,Creb3l4,4,4,0,1,1,1,3,2,0,2,2,1
ENSMUSG00000052310,Slc39a1,797,832,676,683,671,297,702,744,658,630,524,538
ENSMUSG00000027884,Clcc1,716,845,697,640,716,463,696,766,761,658,735,720
ENSMUSG00000027883,Gpsm2,193,189,236,220,373,223,255,325,184,197,269,257
ENSMUSG00000098800,Gm27244,0,0,0,0,0,0,0,0,0,0,0,0
ENSMUSG00000027936,Crtc2,1592,1625,1340,1330,1331,888,1319,1529,1457,1337,1350,1241
ENSMUSG00000049565,Aknad1,0,0,0,0,1,1,0,0,0,0,0,0
ENSMUSG00000037652,Phc3,2314,2267,2143,1937,1733,1667,1254,1984,1945,2016,2151,2050
ENSMUSG00000102369,9530022L04Rik,0,0,0,0,0,0,0,0,1,0,0,1
ENSMUSG00000102741,Gm2979,0,0,3,0,0,0,0,0,0,0,0,0
ENSMUSG00000027882,Stxbp3,368,423,309,309,327,251,326,315,361,324,291,275
ENSMUSG00000037643,Prkci,1161,1154,1009,956,1147,880,743,992,1092,1051,1056,955
ENSMUSG00000098890,Mir7008,0,0,0,0,0,0,2,0,0,0,0,0
ENSMUSG00000042404,Dennd4b,2205,2286,1609,1581,1599,582,1139,1480,1691,1609,1726,1710
ENSMUSG00000099199,Mir7012,0,0,0,0,0,0,0,0,0,0,1,0
ENSMUSG00000105350,4930537H20Rik,6,2,7,5,5,0,4,7,7,4,7,1
ENSMUSG00000045326,Fndc7,2,1,0,2,1,4,2,1,0,0,0,0
ENSMUSG00000105175,Gm43097,0,0,0,0,0,0,1,0,0,0,0,0
ENSMUSG00000027881,Prpf38b,4606,4533,3900,3739,4139,5233,3483,4382,4197,4090,5228,4595
ENSMUSG00000051638,Gm9857,0,0,0,0,0,0,0,0,0,0,1,1
ENSMUSG00000027660,Skil,2661,2901,2401,2301,2875,2376,1485,2238,2563,2505,2689,2495
ENSMUSG00000037625,Cldn11,0,0,0,0,0,0,0,0,0,0,0,0
ENSMUSG00000042390,Gatad2b,2328,2340,2137,1911,1930,1975,1734,2411,2124,2025,2173,1803
ENSMUSG00000108394,Gm45477,8,7,2,4,2,21,2,4,11,6,10,6
ENSMUSG00000108689,Gm45354,3,0,4,1,2,2,2,4,2,0,2,2
ENSMUSG00000069072,Slc7a14,0,0,0,0,0,1,0,2,0,0,0,0
ENSMUSG00000085953,Gm15496,0,0,0,0,0,0,0,0,0,0,0,0
ENSMUSG00000103998,Gm38025,0,0,0,0,0,0,0,0,0,0,0,0
ENSMUSG00000103499,Gm6558,0,0,0,0,0,0,0,0,0,0,0,0
ENSMUSG00000045662,Henmt1,9,9,5,5,8,8,8,12,19,14,18,11
ENSMUSG00000040339,Fam102b,551,519,484,441,436,279,414,481,437,377,512,487
ENSMUSG00000027932,Slc27a3,32,20,17,27,62,12,20,29,19,38,43,45
ENSMUSG00000106108,Gm43221,0,0,0,0,0,0,0,0,0,0,0,0
ENSMUSG00002074978,#N/A,0,0,0,0,0,0,0,0,0,0,0,0
ENSMUSG00000105638,4930408K08Rik,0,0,0,0,0,0,0,0,0,0,0,0
ENSMUSG00000037610,Kcnmb2,0,0,0,0,0,0,0,0,0,0,0,0
ENSMUSG00000103539,Gm37834,0,0,0,0,0,0,0,0,0,0,0,0
ENSMUSG00000103643,Gm37770,0,0,0,0,0,0,0,0,0,0,0,0
ENSMUSG00000027880,Slc25a54,0,0,0,0,0,0,0,0,0,0,0,0
ENSMUSG00000105139,Gm19391,7,8,7,11,11,9,3,10,10,4,11,9
ENSMUSG00000027663,Zmat3,2147,2155,1936,1757,2079,1332,1818,1964,1596,1479,1933,1753
ENSMUSG00000102825,Gm36990,0,0,0,0,0,0,0,0,0,0,0,0
ENSMUSG00000040322,Slc25a24,404,415,393,409,271,146,344,403,322,306,272,241
ENSMUSG00000083717,Gm13865,0,0,0,0,0,0,0,0,0,0,0,0
ENSMUSG00000027665,Pik3ca,2460,2624,2152,2106,1930,1354,1529,1963,2191,2099,2059,1891
ENSMUSG00000103039,Gm37123,23,21,14,10,28,26,16,31,20,28,31,36
ENSMUSG00000091091,Kcnmb3,0,0,0,0,0,0,0,0,0,0,0,0
ENSMUSG00000033721,Vav3,333,394,379,408,362,233,327,441,358,340,336,329
ENSMUSG00000027933,Ints3,2550,2811,2113,2082,2779,1292,2112,2460,2448,2111,2748,2483
ENSMUSG00000027667,Zfp639,838,898,723,758,732,574,618,768,827,821,801,747
ENSMUSG00000104231,Gm37592,0,0,0,0,0,0,0,0,0,0,0,0
ENSMUSG00000027931,Npr1,0,1,0,1,2,1,1,2,0,0,0,3
ENSMUSG00000087411,Gm16048,0,0,1,0,1,0,0,0,0,0,0,0
ENSMUSG00000105746,Gm43595,0,0,0,0,0,0,0,0,0,0,0,0
ENSMUSG00000027668,Mfn1,559,629,454,410,372,258,381,491,417,437,384,382
ENSMUSG00000001016,Ilf2,1802,1884,1595,1634,2314,1321,1915,1859,1830,1555,2256,2052
ENSMUSG00000001018,Snapin,375,461,281,289,337,226,284,328,365,358,368,341
ENSMUSG00000059857,Ntng1,0,0,0,0,0,0,0,0,0,0,0,0
ENSMUSG00000065872,Gm25681,0,0,0,1,0,0,0,0,0,1,0,0
ENSMUSG00000082624,Gm12535,2,0,0,0,0,0,0,0,0,1,0,0
ENSMUSG00000105639,Gm42516,1,1,0,2,0,0,0,0,1,0,1,0
ENSMUSG00000049300,Prmt6,1622,1802,1303,1380,1188,524,1143,1259,1777,1600,1142,1106
ENSMUSG00000105509,C130013H08Rik,172,175,135,170,139,106,141,131,198,195,152,111
ENSMUSG00000104944,Gm43405,0,0,0,0,0,0,0,0,0,0,0,0
ENSMUSG00000105859,Gm19185,0,0,0,0,0,0,0,0,0,0,0,0
ENSMUSG00000105121,Gm43406,0,0,0,0,0,0,0,0,0,0,0,0
ENSMUSG00000119642,#N/A,0,0,0,0,0,0,0,0,0,0,0,0
ENSMUSG00000027669,Gnb4,236,240,224,196,184,98,235,251,199,216,143,175
ENSMUSG00000106650,Gm43404,0,0,0,0,0,0,0,0,0,0,0,0
ENSMUSG00000106487,Gm43407,0,0,0,0,0,0,0,0,0,0,0,0
ENSMUSG00000106100,Gm9314,1,0,0,0,1,0,1,0,0,0,0,0
ENSMUSG00000102862,Gm37640,0,0,0,0,0,0,0,0,0,0,0,0
ENSMUSG00000105882,Gm42905,0,0,0,0,0,0,0,0,0,0,0,0
ENSMUSG00000104711,Gm43854,0,0,0,0,0,0,0,0,0,0,0,0
ENSMUSG00000104543,Gm6602,0,0,0,0,0,0,0,0,0,0,0,0
ENSMUSG00000089017,Gm25519,0,0,0,0,0,0,0,0,0,0,0,0
ENSMUSG00000105507,Gm43853,0,0,0,0,0,0,0,0,0,0,0,0
ENSMUSG00000105077,Gm4859,0,1,1,2,0,1,1,0,2,1,0,1
ENSMUSG00000105073,Gm9317,0,0,0,0,0,0,0,0,0,0,0,0
ENSMUSG00000105785,Gm42526,1,0,0,0,0,0,0,0,0,0,0,0
ENSMUSG00000106666,Gm43587,0,1,0,0,0,0,0,0,0,1,0,0
ENSMUSG00000105588,Utp14b-ps1,0,0,0,0,0,1,0,0,0,0,0,0
ENSMUSG00000045952,Gm5548,0,0,0,0,0,0,0,0,0,0,0,0
ENSMUSG00000105665,Gm38395,0,0,0,0,0,0,0,0,0,0,0,0
ENSMUSG00000083079,Amy2b,0,0,0,0,0,0,0,0,0,0,0,0
ENSMUSG00000081506,Amy2-ps1,0,0,0,0,0,0,0,0,0,0,0,1
ENSMUSG00000074268,Amy2a5,0,0,0,0,0,0,0,0,0,0,0,0
ENSMUSG00000001017,Chtop,3805,3966,3494,3570,3719,1738,3149,3578,3981,3398,3487,3264
ENSMUSG00000096770,Amy2a4,0,0,0,0,0,0,0,0,0,0,0,0
ENSMUSG00000093931,Amy2a3,0,0,0,0,0,0,0,0,0,0,0,0
ENSMUSG00000044080,S100a1,52,39,44,50,50,29,68,73,26,28,33,26
ENSMUSG00000042312,S100a13,446,566,450,509,396,206,526,566,473,427,336,298
ENSMUSG00000096569,Amy2a2,0,0,0,0,0,0,0,0,0,0,0,0
ENSMUSG00000027671,Actl6a,2727,2986,2352,2460,2595,1400,2466,2496,2943,2562,2369,2266
ENSMUSG00000070360,Amy2a1,0,0,0,0,0,0,0,0,0,0,0,0
ENSMUSG00000042306,S100a14,0,0,0,0,0,0,0,0,1,0,0,0
ENSMUSG00000103590,Gm37353,0,0,1,0,0,0,0,0,0,0,0,1
ENSMUSG00000074457,S100a16,0,0,0,0,0,0,0,0,0,0,0,0
ENSMUSG00000084456,Gm24593,0,0,0,0,0,0,0,0,0,0,0,0
ENSMUSG00000094018,S100a2,3,5,6,12,0,3,4,7,7,6,0,1
ENSMUSG00000065079,Gm23464,0,0,0,0,0,0,0,0,0,0,0,0
ENSMUSG00000001021,S100a3,51,39,42,42,16,5,28,31,36,29,12,8
ENSMUSG00000105518,Gm42674,0,0,0,0,0,0,0,0,0,0,0,0
ENSMUSG00000074264,Amy1,0,0,0,0,1,1,1,1,1,1,0,3
ENSMUSG00000001020,S100a4,150,266,98,121,130,78,74,61,108,106,109,78
ENSMUSG00000001023,S100a5,31,30,20,26,27,9,11,9,23,10,21,11
ENSMUSG00000001025,S100a6,1957,2310,1597,1914,1527,642,1313,1043,1683,1472,1420,1402
ENSMUSG00000105644,Gm19739,2,5,3,0,2,2,1,4,1,2,2,3
ENSMUSG00000063767,S100a7a,0,0,0,0,0,0,0,0,0,0,2,0
ENSMUSG00000056054,S100a8,0,0,0,0,0,0,0,0,0,0,0,0
ENSMUSG00000056071,S100a9,0,0,0,0,0,0,0,0,0,0,0,0
ENSMUSG00000105819,Gm42579,0,0,0,0,0,0,0,0,0,0,0,0
ENSMUSG00000106117,Gm5284,0,0,0,2,0,0,0,0,0,0,0,0
ENSMUSG00000042250,Pglyrp4,0,0,0,0,0,2,0,0,0,0,0,0
ENSMUSG00000105892,Gm35013,0,0,0,0,1,1,0,2,0,5,0,1
ENSMUSG00000096621,Gm5849,0,0,0,0,0,0,0,0,0,0,0,0
ENSMUSG00000106174,Gm43235,0,0,0,0,0,0,0,0,0,0,0,0
ENSMUSG00000106257,Gm9023,0,0,0,0,0,0,0,0,0,1,0,0
ENSMUSG00000105919,Gm7166,0,0,0,0,0,0,0,0,0,0,0,0
ENSMUSG00000086377,4930529C04Rik,0,0,0,0,0,0,1,1,0,0,0,0
ENSMUSG00000091175,S100a7l2,0,0,0,0,0,0,0,0,0,0,0,0
ENSMUSG00002076591,#N/A,0,0,0,0,0,0,0,0,0,0,0,0
ENSMUSG00000042244,Pglyrp3,0,0,0,0,0,0,0,0,0,0,0,0
ENSMUSG00000082826,Mif-ps3,1,2,0,2,2,0,1,1,1,1,2,2
ENSMUSG00002075468,#N/A,0,0,0,0,0,0,0,0,0,0,0,0
ENSMUSG00000043165,Lor,0,0,0,0,1,0,0,0,0,0,0,0
ENSMUSG00000104981,Gm43736,0,0,0,0,0,0,0,0,0,0,0,0
ENSMUSG00000104791,4930511M18Rik,0,0,0,0,0,0,0,0,0,0,0,0
ENSMUSG00000106143,Gm43735,0,0,0,0,0,0,0,0,0,0,0,0
ENSMUSG00000056270,Prr9,0,0,0,0,0,0,0,0,0,0,0,0
ENSMUSG00000027927,Lelp1,0,0,0,0,0,0,0,0,0,0,0,0
ENSMUSG00000105476,Gm35439,0,0,0,0,0,0,0,0,0,0,0,0
ENSMUSG00000118547,AC138676.1,0,0,0,0,0,0,0,0,0,0,0,0
ENSMUSG00000078664,Sprr2a1,0,0,0,0,0,0,0,0,0,0,0,0
ENSMUSG00000068893,Sprr2a2,0,0,0,0,0,0,0,0,0,0,0,0
ENSMUSG00000103286,Gm5850,0,0,0,0,0,0,0,1,0,0,0,0
ENSMUSG00000103187,Gm37087,0,0,0,0,0,0,0,0,0,0,0,0
ENSMUSG00000104028,Gm5851,2,0,0,0,0,0,0,0,0,0,0,0
ENSMUSG00000103385,Gm37752,0,0,0,0,0,0,0,0,0,0,0,0
ENSMUSG00000074445,Sprr2a3,0,0,0,0,0,0,0,0,0,0,0,0
ENSMUSG00000050092,Sprr2b,0,0,0,0,0,0,0,0,0,0,0,0
ENSMUSG00000103518,Gm37428,0,0,0,0,0,0,0,0,0,0,0,0
ENSMUSG00000103221,Sprr2c-ps,0,0,0,0,0,0,0,0,0,0,0,0
ENSMUSG00000042212,Sprr2d,0,0,0,0,0,0,0,0,0,0,0,0
ENSMUSG00000055030,Sprr2e,0,0,0,0,0,0,0,0,0,0,0,0
ENSMUSG00000050635,Sprr2f,0,0,0,0,0,0,0,0,0,0,0,0
ENSMUSG00000046203,Sprr2g,0,0,0,0,0,0,0,0,0,0,0,0
ENSMUSG00000046259,Sprr2h,0,0,0,0,0,0,0,0,0,0,0,0
ENSMUSG00000042157,Sprr2i,0,0,0,0,0,0,0,0,0,0,0,0
ENSMUSG00000027925,Sprr2j-ps,0,0,0,0,0,0,0,0,0,0,0,0
ENSMUSG00000042165,Gm9774,7,11,6,3,11,26,10,4,5,0,7,4
ENSMUSG00000054215,Sprr2k,0,0,0,0,0,0,0,0,0,0,0,0
ENSMUSG00000048455,Sprr1b,0,0,0,0,0,0,0,0,0,0,0,0
ENSMUSG00000045539,Sprr3,0,0,0,0,0,0,0,0,0,0,0,0
ENSMUSG00000102345,Gm37377,0,0,0,0,0,0,0,0,0,0,0,0
ENSMUSG00000050359,Sprr1a,1,0,0,0,0,0,0,0,0,0,0,1
ENSMUSG00000045566,Sprr4,0,0,0,0,0,0,0,0,0,0,0,0
ENSMUSG00000102308,2310046K23Rik,0,0,0,0,0,0,0,0,0,0,0,0
ENSMUSG00000027981,Rnpc3,675,716,566,584,579,745,523,581,611,598,651,639
ENSMUSG00000049128,Ivl,0,0,0,0,0,0,0,0,0,0,0,0
ENSMUSG00000074435,Smcp,0,0,0,0,0,0,0,0,0,0,0,0
ENSMUSG00000103523,2210017I01Rik,0,0,0,0,0,0,0,0,0,0,0,0
ENSMUSG00000105836,Gm17954,0,0,0,0,0,0,0,0,0,0,0,0
ENSMUSG00000106454,Gm17775,0,0,0,0,0,0,0,0,0,0,0,0
ENSMUSG00000086848,Lce6a,0,0,0,0,0,1,0,0,0,0,0,0
ENSMUSG00000106084,Gm18163,0,0,0,0,0,0,0,0,0,0,0,0
ENSMUSG00000057609,Lce1a1,0,0,0,0,0,0,0,0,0,0,0,0
ENSMUSG00000027923,Lce1b,0,0,0,0,0,0,0,0,0,0,0,0
ENSMUSG00000104215,Rpl13-ps4,1,0,0,0,0,0,0,0,0,0,0,0
ENSMUSG00000068890,Lce1a2,0,0,0,0,0,0,0,0,0,0,0,0
ENSMUSG00000042092,Lce1c,0,0,0,0,0,0,0,0,0,0,0,0
ENSMUSG00000103243,Lce1d,0,0,0,0,0,0,0,0,0,0,0,0
ENSMUSG00000091421,Gm4202,36,38,50,44,40,13,25,40,35,24,26,24
ENSMUSG00000068889,Lce1e,0,0,0,0,0,0,0,0,0,0,0,0
ENSMUSG00000042124,Lce1f,0,0,0,0,0,0,0,0,0,0,0,0
ENSMUSG00000103084,Gm38119,0,0,0,0,0,0,0,0,0,0,0,0
ENSMUSG00000027919,Lce1g,0,0,0,0,0,0,0,0,0,0,0,0
ENSMUSG00000049593,Lce1h,0,0,0,0,0,0,0,0,0,0,0,0
ENSMUSG00000068888,Lce1i,0,0,0,0,0,0,0,0,0,0,0,0
ENSMUSG00000068887,Lce1j,0,0,0,0,0,0,0,0,0,0,0,0
ENSMUSG00000095870,Lce1k,0,0,0,0,0,0,0,0,0,0,0,0
ENSMUSG00000059832,Kprp,0,0,0,0,0,0,0,0,0,0,0,0
ENSMUSG00000102469,Gm38201,0,0,0,0,0,0,0,0,0,0,0,0
ENSMUSG00000046676,Lce1l,0,0,0,0,0,0,0,0,0,0,0,0
ENSMUSG00000090314,2310050C09Rik,0,0,0,0,0,0,0,0,0,0,0,0
ENSMUSG00000054325,Lce3a,0,0,0,0,0,0,0,0,0,0,0,0
ENSMUSG00000042031,Lce3b,0,0,0,0,0,0,0,0,0,0,0,0
ENSMUSG00000104364,Gm38078,0,0,0,0,0,0,0,0,0,0,0,0
ENSMUSG00000045475,Lce3c,0,0,0,0,0,0,0,0,0,0,0,0
ENSMUSG00000087835,Gm24481,0,0,0,0,0,1,0,0,0,0,0,0
ENSMUSG00000043472,Lce3d,0,0,0,0,0,0,0,0,0,0,0,0
ENSMUSG00000065665,Gm22577,0,0,0,0,0,0,0,0,0,0,0,0
ENSMUSG00000074433,Lce3e,0,0,0,0,0,0,0,0,0,0,0,0
ENSMUSG00000068885,Lce3f,0,0,0,0,0,0,0,0,0,0,0,0
ENSMUSG00000027913,Crct1,0,0,0,0,0,0,0,0,0,0,0,0
ENSMUSG00000027912,Lce1m,0,0,0,0,0,1,0,0,0,0,1,0
ENSMUSG00000104298,Gm38040,0,0,0,0,0,0,0,0,1,0,0,0
ENSMUSG00000096879,Tdpoz8,0,0,0,0,0,0,0,0,0,0,0,0
ENSMUSG00000103628,Gm37361,0,0,0,0,1,1,0,0,0,0,0,0
ENSMUSG00000078657,Crnn,0,0,0,0,0,0,0,0,0,0,0,0
ENSMUSG00000103902,Gm37501,0,0,0,0,0,0,0,0,0,0,0,0
ENSMUSG00000049133,Flg2,0,0,0,0,2,0,0,0,0,0,0,0
ENSMUSG00000102609,Gm18432,0,1,2,2,0,0,1,1,0,0,0,1
ENSMUSG00000027966,Col11a1,0,0,0,0,0,1,0,0,0,0,1,0
ENSMUSG00000106452,Gm43749,0,0,0,0,0,0,0,0,0,0,0,0
ENSMUSG00000077410,Gm23750,0,0,0,0,0,0,0,0,0,0,0,0
ENSMUSG00000105225,Gm19147,0,0,0,0,0,0,0,0,0,0,0,0
ENSMUSG00000102439,Flg,0,0,0,0,0,0,0,0,0,0,0,0
ENSMUSG00000081640,Rplp0-ps1,3,0,4,5,3,1,7,10,9,3,3,5
ENSMUSG00000102485,Gm37922,0,0,0,0,0,0,0,0,0,0,0,0
ENSMUSG00000103273,Gm37913,0,0,0,0,0,0,0,0,0,0,0,0
ENSMUSG00000102476,Gm37245,0,0,0,1,0,0,0,0,0,0,0,0
ENSMUSG00000041991,Hrnr,0,0,0,0,0,0,0,0,0,0,0,0
ENSMUSG00002076970,#N/A,0,0,0,0,0,0,0,0,0,0,0,0
ENSMUSG00000103765,Gm37857,0,0,0,0,0,0,0,0,0,0,0,0
ENSMUSG00000041984,Rptn,0,0,0,0,0,0,0,0,0,0,0,0
ENSMUSG00000104171,Gm18296,0,0,0,0,0,0,0,0,0,0,0,0
ENSMUSG00002075117,#N/A,0,0,0,0,0,0,0,0,0,0,0,0
ENSMUSG00000057829,Gm5278,0,2,0,0,0,0,0,2,0,0,0,0
ENSMUSG00000052415,Tchh,0,1,0,0,0,1,0,1,0,0,0,0
ENSMUSG00000027965,Olfm3,0,0,0,0,1,3,0,0,0,0,0,0
ENSMUSG00000027908,Tchhl1,0,0,0,0,0,0,0,0,0,0,0,0
ENSMUSG00000104135,Gm36953,0,0,0,0,0,0,0,0,0,0,0,0
ENSMUSG00000106510,Gm18429,0,0,0,0,0,0,0,0,0,0,0,0
ENSMUSG00000088346,Gm22337,0,0,0,0,0,0,0,0,0,0,0,0
ENSMUSG00002075856,#N/A,0,0,0,0,0,0,0,0,0,0,0,0
ENSMUSG00000027907,S100a11,1115,1281,848,950,748,1986,893,1013,821,822,675,596
ENSMUSG00000105829,Gm43669,0,0,1,0,0,0,0,0,0,0,0,0
ENSMUSG00000103031,Gm29950,0,0,0,0,0,0,0,0,0,0,0,0
ENSMUSG00000041959,S100a10,4354,5453,4275,4974,3736,2412,4586,4914,3890,3641,3426,3072
ENSMUSG00000103406,Gm5541,4,8,9,9,20,5,17,14,11,6,8,13
ENSMUSG00000104470,Gm38207,0,0,0,0,0,0,0,0,0,0,0,0
ENSMUSG00000103362,Tdpoz2,0,0,0,0,0,0,0,0,0,0,0,0
ENSMUSG00000094084,Tdpoz1,0,0,0,0,0,0,0,0,0,0,0,0
ENSMUSG00000104144,Gm18433,0,0,0,0,0,0,0,0,0,0,0,0
ENSMUSG00000103350,Tdpoz6,0,0,0,0,0,0,0,0,0,0,0,0
ENSMUSG00000104229,Gm18433,0,0,0,0,0,0,0,0,0,0,0,0
ENSMUSG00000102511,Gm38086,0,0,0,0,0,0,0,0,0,0,0,0
ENSMUSG00000103210,Gm5852,0,0,0,0,0,0,0,0,0,0,0,0
ENSMUSG00000068879,Gm5773,0,0,0,0,0,0,0,0,0,0,0,0
ENSMUSG00000060256,Tdpoz4,0,0,0,0,0,0,0,0,0,0,0,0
ENSMUSG00000058005,Tdpoz3,0,0,0,0,0,0,0,0,0,0,0,0
ENSMUSG00000103512,Gm37430,0,0,0,0,0,0,0,0,0,0,0,0
ENSMUSG00000102169,Gm9113,0,0,0,0,0,0,0,0,0,0,0,0
ENSMUSG00000102933,Gm9116,0,0,0,0,0,0,0,0,0,0,0,0
ENSMUSG00000102769,Gm37185,0,0,0,0,0,0,0,0,0,0,0,0
ENSMUSG00000095822,Gm9117,0,0,0,0,0,0,0,0,0,0,0,0
ENSMUSG00000102445,Gm37104,0,0,0,0,0,0,0,0,0,0,0,0
ENSMUSG00000094163,Tdpoz5,0,0,0,0,0,0,0,0,0,0,0,0
ENSMUSG00000103841,Gm37807,0,0,0,0,0,0,0,0,0,0,0,0
ENSMUSG00000102804,Gm37481,0,0,0,0,0,0,0,0,0,0,0,0
ENSMUSG00000104460,Gm9121,0,0,0,0,0,0,0,0,0,0,0,0
ENSMUSG00000104059,Gm9124,0,0,0,0,0,0,0,0,0,0,0,0
ENSMUSG00000102857,Gm37085,0,0,0,0,0,0,0,0,0,0,0,0
ENSMUSG00000094328,Tdpoz9,0,0,0,0,0,0,0,0,0,0,0,0
ENSMUSG00000102655,Gm37081,0,0,0,0,0,0,0,0,0,0,0,0
ENSMUSG00000095251,Tdpoz7,0,0,0,0,0,0,0,0,0,0,0,0
ENSMUSG00000102696,Gm37778,0,0,0,0,0,0,0,0,0,0,0,0
ENSMUSG00000103239,Gm37155,0,0,0,0,0,0,0,0,0,0,0,0
ENSMUSG00000102462,Gm5542,0,0,0,0,0,0,0,0,0,0,0,0
ENSMUSG00000104338,Gm9131,0,0,0,0,0,0,0,0,0,0,0,0
ENSMUSG00000102949,Gm37882,0,0,0,0,0,0,0,0,0,0,0,0
ENSMUSG00000102311,Gm5543,0,0,0,0,0,0,0,0,0,0,0,0
ENSMUSG00000102285,Gm37001,0,0,0,0,0,0,0,0,0,0,0,0
ENSMUSG00000089826,Gm16560,0,0,0,0,0,0,0,0,0,0,0,0
ENSMUSG00000074424,Spopfm2,0,0,0,0,0,0,0,0,0,0,0,0
ENSMUSG00000090268,Spopfm3,0,0,0,0,0,0,0,0,0,0,0,0
ENSMUSG00000090111,Gm16584,0,0,0,0,0,0,0,0,0,0,0,0
ENSMUSG00000089689,Gm4982,0,0,0,0,0,0,0,0,0,0,0,0
ENSMUSG00000089893,Gm9141,0,0,0,0,0,0,0,0,0,0,0,0
ENSMUSG00000089696,Spopfm1,0,0,0,0,0,0,0,0,0,0,0,0
ENSMUSG00000089891,Gm16561,0,0,0,0,0,0,0,0,0,0,0,0
ENSMUSG00000028145,Them4,112,152,95,113,125,64,113,138,114,99,111,91
ENSMUSG00000105506,Gm43743,2,1,0,0,0,1,4,0,1,0,0,1
ENSMUSG00000028148,Them5,0,0,0,0,0,0,0,0,0,0,0,0
ENSMUSG00000105708,Gm36070,0,0,0,0,1,1,0,1,1,0,1,1
ENSMUSG00000091648,C2cd4d,0,0,0,0,0,0,0,0,0,1,0,0
ENSMUSG00000104669,Gm38411,0,0,0,0,0,0,0,0,1,1,0,0
ENSMUSG00000028150,Rorc,324,333,177,205,101,42,73,115,274,268,63,57
ENSMUSG00000105391,Gm43401,0,0,0,0,0,0,0,0,0,0,0,0
ENSMUSG00000044505,Lingo4,8,7,10,6,1,0,2,11,7,7,3,2
ENSMUSG00000097761,4930534D22Rik,0,0,0,0,0,0,0,0,1,1,0,1
ENSMUSG00000050931,Sgms2,54,65,91,105,21,20,60,55,46,51,13,12
ENSMUSG00000104754,Gm43116,0,0,0,0,0,0,0,0,0,0,0,0
ENSMUSG00000106019,Gm43672,39,39,49,68,32,9,35,27,44,48,24,22
ENSMUSG00000027630,Tbl1xr1,2432,2499,2537,2470,1883,1325,1607,2175,2422,2281,1660,1594
ENSMUSG00000103293,Gm5842,2,0,0,0,0,0,0,0,0,0,0,0
ENSMUSG00000087775,Rprl2,0,0,0,0,0,0,0,0,0,0,0,0
ENSMUSG00000102987,Gm38324,0,0,0,0,0,0,0,0,0,0,0,0
ENSMUSG00000102866,Gm37636,0,0,0,0,0,0,0,0,0,1,0,0
ENSMUSG00000088846,Gm26354,0,0,0,0,0,0,0,0,0,0,0,0
ENSMUSG00000103688,Gm6321,0,0,0,0,0,0,0,0,0,0,0,0
ENSMUSG00000103769,Gm7343,0,0,0,0,0,0,0,0,0,0,0,0
ENSMUSG00000078780,Gm5150,0,0,0,0,0,0,0,0,0,0,0,0
ENSMUSG00002076321,#N/A,0,0,0,0,0,0,0,0,0,0,0,0
ENSMUSG00000103535,Gm37836,0,0,0,0,0,0,0,0,0,0,0,0
ENSMUSG00000088874,Gm25863,0,0,0,0,0,0,0,0,0,0,0,0
ENSMUSG00000047213,Ythdf3,2099,2005,1710,1642,1863,1716,1280,1724,1864,1963,2421,2078
ENSMUSG00000084863,Gm12523,0,0,0,0,0,1,0,0,0,0,1,0
ENSMUSG00000068747,Sort1,5,9,7,7,7,3,4,11,8,4,7,3
ENSMUSG00000105358,Gm43099,0,0,0,0,1,7,0,0,0,0,1,1
ENSMUSG00000078601,Gm12525,0,0,0,0,0,0,0,0,0,0,0,0
ENSMUSG00000068745,Mybphl,0,0,0,0,0,0,0,0,0,0,0,0
ENSMUSG00000074281,Gm12522,3,1,4,0,0,0,0,3,6,0,0,1
ENSMUSG00000068744,Psrc1,570,609,563,539,823,457,670,724,472,434,763,637
ENSMUSG00000068740,Celsr2,111,128,125,75,125,77,70,100,106,96,229,200
ENSMUSG00000068739,Sars,3738,4146,3689,3948,3201,1797,3179,3401,3401,2830,3126,2738
ENSMUSG00000089188,Gm22942,0,0,0,0,0,0,0,0,0,0,0,0
ENSMUSG00000106101,Gm43438,0,0,0,0,0,0,0,0,0,0,0,0
ENSMUSG00000054199,Gon4l,1890,1818,1581,1557,1437,818,1238,1644,1573,1504,1592,1414
ENSMUSG00000106218,Gm43713,1,1,0,3,1,2,1,1,0,1,0,2
ENSMUSG00000064738,Gm23054,3,2,0,0,0,1,0,2,1,3,0,3
ENSMUSG00000068922,Msto1,1229,1373,1039,1077,1034,518,1017,1158,1341,1180,1191,1140
ENSMUSG00000118681,#N/A,4,2,8,3,0,0,1,4,4,2,1,4
ENSMUSG00000068921,Dap3,1050,1233,843,990,1047,405,973,1065,1119,1025,976,980
ENSMUSG00000119738,#N/A,0,0,1,0,0,0,1,0,0,1,0,0
ENSMUSG00000045092,S1pr1,112,146,141,149,107,61,156,175,146,130,95,76
ENSMUSG00000052769,Gm9889,0,0,0,0,0,2,1,0,0,3,0,0
ENSMUSG00000054426,A930005H10Rik,60,77,63,66,65,56,57,86,66,42,90,60
ENSMUSG00000033554,Dph5,1323,1388,1143,1162,1186,841,1102,1211,1252,1133,1092,1038
ENSMUSG00000105108,Gm42687,1,0,0,0,0,0,0,0,0,0,0,0
ENSMUSG00000105017,Gm43107,0,0,0,0,0,0,0,0,0,0,0,0
ENSMUSG00000104803,Gm43108,0,0,0,0,0,0,0,0,0,0,0,0
ENSMUSG00000104723,Gm43106,4,13,5,2,1,0,0,2,4,2,0,2
ENSMUSG00000105645,Gm6649,9,6,9,11,3,3,4,8,4,4,6,9
ENSMUSG00000096065,Gm13155,0,0,0,0,0,0,0,0,0,0,0,0
ENSMUSG00000095386,Gm17662,0,0,0,0,0,0,0,0,0,0,0,0
ENSMUSG00000086130,Gm16211,0,0,0,0,0,0,0,0,0,0,0,0
ENSMUSG00000062518,Zfp534,0,0,0,1,0,1,0,0,0,0,0,0
ENSMUSG00000096521,Gm13137,0,0,0,0,0,0,0,0,0,0,0,0
ENSMUSG00000081179,Gm13136,0,4,1,2,1,1,1,0,1,0,1,0
ENSMUSG00000083642,Gm13148,0,0,0,0,0,1,0,0,0,0,0,0
ENSMUSG00000001334,Fndc5,0,0,0,0,0,0,0,1,0,0,0,0
ENSMUSG00000078495,Zfp984,217,186,183,167,211,189,135,203,236,262,283,303
ENSMUSG00000093594,Gm20707,133,116,98,125,143,89,78,86,131,140,124,126
ENSMUSG00000080059,Rps19-ps3,14,13,15,14,8,2,8,4,18,13,13,9
ENSMUSG00000059423,Zfp933,261,268,209,202,256,241,163,183,223,221,284,252
ENSMUSG00000078612,Fyb2,1,0,0,0,0,0,0,0,0,0,0,0
ENSMUSG00000083791,Gm12721,0,0,0,0,0,0,0,0,0,0,0,0
ENSMUSG00000028518,Prkaa2,6,5,2,2,8,4,5,3,5,5,0,9
ENSMUSG00000028517,Plpp3,1,0,0,0,0,0,0,0,0,0,0,0
ENSMUSG00000081819,Gm12722,1,4,2,2,0,0,0,2,3,1,2,1
ENSMUSG00000083128,Gm12723,0,0,0,0,0,0,0,0,0,0,0,0
ENSMUSG00000082061,Gm12726,2,4,7,4,2,2,4,7,15,7,10,11
ENSMUSG00002075274,#N/A,0,0,0,0,0,0,0,0,0,0,0,0
ENSMUSG00000085790,Gm12729,0,0,0,0,0,0,0,0,0,0,0,0
ENSMUSG00000082768,Gm12727,0,0,0,0,0,0,0,1,0,0,0,0
ENSMUSG00000087933,Gm26047,0,0,0,0,0,0,0,0,0,0,0,0
ENSMUSG00002076517,#N/A,0,0,0,0,0,0,0,0,0,0,0,0
ENSMUSG00000081189,Hspd1-ps4,3,2,0,2,1,2,3,2,3,2,1,1
ENSMUSG00000086249,Gm12724,0,0,0,0,0,0,0,0,0,0,0,0
ENSMUSG00000082958,Gm12731,0,0,0,0,0,0,0,0,0,0,0,0
ENSMUSG00000087051,Gm12730,0,0,0,0,0,0,0,0,0,0,0,0
ENSMUSG00000104192,Gm37253,0,0,0,0,0,0,0,0,0,0,0,0
ENSMUSG00000029022,Miip,255,284,241,273,316,135,305,346,272,294,254,217
ENSMUSG00000070583,Fv1,65,58,55,55,56,32,35,64,50,40,51,47
ENSMUSG00000040928,S100pbp,784,848,663,703,788,615,631,786,841,719,833,817
ENSMUSG00000028514,Usp24,6564,7095,5558,5160,4761,2913,3426,5369,5907,5828,5099,4828
ENSMUSG00000028811,Yars,2670,3191,2623,2812,2281,916,2088,2196,2404,2265,2112,1929
ENSMUSG00000044254,Pcsk9,3,4,4,2,4,3,3,5,4,1,2,2
ENSMUSG00000025418,Bsnd,0,0,0,0,0,0,0,0,1,0,0,0
ENSMUSG00000118551,AL954352.1,0,0,0,0,0,0,0,0,0,0,0,0
ENSMUSG00000085933,Tmem61,0,0,0,0,0,0,0,0,0,0,0,0
ENSMUSG00000086172,2700068H02Rik,2,4,2,5,0,3,1,1,2,3,5,0
ENSMUSG00000050390,C77080,15,7,5,13,6,2,9,5,8,7,5,7
ENSMUSG00000087575,Gm12976,0,0,0,1,0,0,0,0,0,0,0,0
ENSMUSG00002075153,#N/A,0,0,0,0,0,0,0,0,0,0,0,0
ENSMUSG00000001333,Sync,0,0,0,0,0,0,0,0,0,0,0,0
ENSMUSG00000034926,Dhcr24,3881,4378,3608,3795,2031,829,3072,3748,3632,3537,1980,1972
ENSMUSG00000085023,Gm12744,2,0,0,0,0,0,0,1,1,1,2,0
ENSMUSG00000057236,Rbbp4,3845,4202,3178,3315,3615,1739,3546,3510,3844,3247,3602,3447
ENSMUSG00000054362,Lexm,4,3,0,6,5,1,4,8,9,5,9,1
ENSMUSG00000034919,Ttc22,0,0,0,1,0,0,0,0,1,1,0,1
ENSMUSG00000057572,Zbtb8os,187,210,151,191,200,184,174,205,201,192,199,183
ENSMUSG00000043572,Pars2,225,271,160,207,194,62,183,214,246,222,243,212
ENSMUSG00000028807,Zbtb8a,73,59,52,51,53,24,60,84,49,59,90,44
ENSMUSG00000082468,Gm12980,0,0,0,0,0,0,0,0,1,0,0,0
ENSMUSG00000029020,Mfn2,1480,1685,1152,1141,1189,574,998,1227,1417,1295,1171,1032
ENSMUSG00000048485,Zbtb8b,0,0,3,1,0,1,0,3,0,1,0,0
ENSMUSG00000064613,Gm24621,0,0,0,0,0,0,0,0,0,0,0,0
ENSMUSG00000083340,Gm13156,0,4,2,1,0,2,3,3,1,1,1,0
ENSMUSG00000040859,Bsdc1,434,492,375,468,366,161,371,467,356,389,337,296
ENSMUSG00000019055,Plod1,95,93,56,65,75,28,59,58,90,67,104,89
ENSMUSG00000000411,Tssk3,0,0,0,0,0,0,0,0,0,0,0,0
ENSMUSG00000044496,2510039O18Rik,2768,3224,2218,2315,2058,678,2169,2300,2680,2372,1868,1832
ENSMUSG00000078554,Fam229a,0,0,0,0,0,0,1,1,0,0,0,2
ENSMUSG00000029019,Nppb,0,0,0,0,0,1,0,0,0,0,0,0
ENSMUSG00000086336,Gm12979,2,2,0,0,0,0,0,0,0,0,0,0
ENSMUSG00000047945,Marcksl1,2302,2220,1923,2124,2207,1047,2252,2472,2483,2217,1905,1746
ENSMUSG00000041616,Nppa,0,0,0,0,0,0,0,0,0,0,0,0
ENSMUSG00000086806,Gm13054,5,5,4,4,1,3,1,3,5,5,2,1
ENSMUSG00000025413,Ttc4,1241,1349,1106,1041,1056,599,1039,1225,1189,1084,1088,980
ENSMUSG00000028800,Hdac1,542,586,390,395,486,204,479,461,507,474,517,467
ENSMUSG00000047502,Mroh7,2,1,1,0,2,2,1,0,0,0,0,0
ENSMUSG00000034871,Fam151a,0,0,0,0,0,0,0,0,0,0,0,0
ENSMUSG00000000409,Lck,7433,8292,5299,6018,4035,1881,5431,6388,6778,6150,4460,4227
ENSMUSG00000099070,Mir8119,3,1,0,0,4,0,0,0,0,1,1,4
ENSMUSG00000050493,Fam167b,0,0,0,0,0,0,0,0,0,0,0,1
ENSMUSG00000028798,Eif3i,5381,6407,4554,4723,5162,2170,4997,4815,5666,5039,5047,4646
ENSMUSG00000029016,Clcn6,274,280,202,201,153,92,149,224,206,213,190,203
ENSMUSG00000040455,Usp45,615,547,601,543,583,529,408,642,567,593,695,643
ENSMUSG00000083473,Gm13207,0,0,0,0,0,0,0,0,0,0,1,0
ENSMUSG00000034853,Acot11,73,84,65,61,49,17,42,58,43,68,56,70
ENSMUSG00000081110,Gm12745,0,0,0,0,0,0,0,0,0,0,0,0
ENSMUSG00000086940,Gm12746,0,0,0,0,0,0,0,0,0,0,0,0
ENSMUSG00000029009,Mthfr,304,298,262,242,235,71,164,207,219,177,232,206
ENSMUSG00000094320,Chchd2-ps,2,1,1,0,0,0,1,2,0,0,0,1
ENSMUSG00000078494,Gm13201,0,0,0,0,0,0,0,0,1,0,0,0
ENSMUSG00000029007,Agtrap,235,240,176,191,198,94,215,224,197,209,189,186
ENSMUSG00000029005,Draxin,0,0,0,0,0,0,0,1,0,0,0,0
ENSMUSG00000028797,Tmem234,1401,1425,1232,1294,1194,548,1376,1291,1454,1289,1175,1110
ENSMUSG00000078552,Dcdc2b,10,12,6,11,13,5,9,14,10,7,10,11
ENSMUSG00000040795,Iqcc,224,235,158,152,263,156,167,198,236,218,312,283
ENSMUSG00000029003,Mad2l2,362,339,303,307,307,237,336,300,357,324,367,353
ENSMUSG00000028795,Ccdc28b,26,21,25,23,17,15,15,27,16,26,19,21
ENSMUSG00000053841,Txlna,4903,5350,3984,4090,3861,2004,3444,4215,4534,4281,4153,3686
ENSMUSG00000055401,Fbxo6,280,345,231,248,258,98,278,299,316,308,242,252
ENSMUSG00000099043,Mir7022,0,2,0,0,0,0,0,0,0,1,0,1
ENSMUSG00000003731,Kpna6,2664,2993,2428,2461,2344,1235,1872,2505,2518,2344,2323,1974
ENSMUSG00000053730,Tmem39b,650,795,537,525,667,352,592,598,655,574,761,624
ENSMUSG00000098422,Mir7016,0,0,0,1,0,0,0,0,2,0,0,1
ENSMUSG00000028790,Khdrbs1,5439,5175,3995,4017,3736,3048,3824,4622,5178,4622,3922,3868
ENSMUSG00000080944,Gm12967,0,3,1,1,1,3,1,0,2,1,2,1
ENSMUSG00002076876,#N/A,0,0,0,0,0,0,0,0,0,0,0,0
ENSMUSG00000028788,Ptp4a2,9046,9329,7815,7703,7184,4648,7414,7352,8816,7680,6086,5792
ENSMUSG00000073753,Gm10571,1,7,3,5,4,4,5,6,4,6,5,5
ENSMUSG00000065768,Gm23845,0,0,0,0,0,0,0,0,0,0,0,0
ENSMUSG00000070729,Gm12966,20,22,11,11,10,9,14,24,18,15,16,10
ENSMUSG00000086369,E330017L17Rik,0,0,0,0,0,0,0,0,0,0,0,0
ENSMUSG00000028784,Spocd1,0,0,0,0,0,1,0,0,0,0,0,0
ENSMUSG00000085389,1700003M07Rik,0,0,1,0,0,0,1,1,1,0,0,0
ENSMUSG00000029001,Fbxo44,55,70,53,57,50,33,57,55,57,55,56,63
ENSMUSG00000041556,Fbxo2,14,18,5,11,9,1,3,20,13,9,3,5
ENSMUSG00000061887,Ssbp3,3028,3152,2250,2399,2596,1273,2530,2762,3281,3059,1895,1766
ENSMUSG00000085581,Gm12786,0,0,0,0,0,0,0,0,0,0,0,0
ENSMUSG00000041544,Disp3,0,0,0,0,0,1,0,0,0,0,0,0
ENSMUSG00000087027,Gm13206,0,0,0,0,0,0,0,0,0,0,0,0
ENSMUSG00000086326,Gm13200,0,0,0,0,0,0,0,1,0,0,0,0
ENSMUSG00000028622,Mrpl37,1844,2024,1577,1776,1779,787,1608,1716,1840,1751,1659,1643
ENSMUSG00000047719,Ubiad1,2141,2185,2074,2138,2549,999,2073,2269,2431,2039,1519,1544
ENSMUSG00000064648,Gm23303,2,3,2,3,4,0,1,5,1,4,1,3
ENSMUSG00000028621,Cyb5rl,329,330,247,285,336,145,237,254,318,325,404,375
ENSMUSG00000047636,Cdcp2,1,1,1,0,0,0,0,0,0,0,0,0
ENSMUSG00000085304,Gm12802,0,0,0,0,0,0,0,0,0,0,0,0
ENSMUSG00000028991,Mtor,1909,1939,1635,1675,1683,789,1289,1845,1705,1789,1586,1697
ENSMUSG00000028989,Angptl7,0,0,0,0,0,0,0,0,0,0,0,0
ENSMUSG00000089081,Gm24002,1,0,0,0,0,0,0,0,0,0,1,0
ENSMUSG00000088625,Gm23318,1,4,1,2,3,2,3,0,3,1,0,1
ENSMUSG00000028619,Tceanc2,363,435,330,363,367,221,317,396,374,312,389,287
ENSMUSG00000028618,Tmem59,756,856,652,660,647,244,749,671,744,619,627,562
ENSMUSG00000070877,Ldlrad1,0,0,1,0,0,0,1,0,0,0,0,1
ENSMUSG00000028617,Lrrc42,650,758,624,552,614,284,624,637,724,673,637,572
ENSMUSG00000017264,Exosc10,5040,5585,4135,4432,4097,2538,3875,4620,4963,4404,4344,3843
ENSMUSG00000082860,Gm13204,0,0,1,0,0,0,0,0,2,0,0,0
ENSMUSG00000087217,Gm13209,0,1,1,0,0,1,0,1,0,0,0,0
ENSMUSG00000006442,Srm,10475,11095,8441,8765,8860,3875,9200,8385,10258,8842,8188,8123
ENSMUSG00000063172,Hspb11,145,192,135,177,136,159,170,170,174,133,104,115
ENSMUSG00000082941,Gm12850,0,3,0,1,0,0,1,0,0,0,0,0
ENSMUSG00000028979,Masp2,4,10,9,10,9,3,4,5,7,6,2,9
ENSMUSG00000034785,Dio1,0,0,0,0,0,0,0,0,0,1,0,0
ENSMUSG00000057375,Yipf1,518,629,429,459,444,158,529,521,507,441,391,404
ENSMUSG00000082279,Gm12870,3,1,1,4,1,1,3,1,1,0,2,0
ENSMUSG00000086041,Gm12869,0,0,0,0,0,0,0,0,0,0,0,0
ENSMUSG00000028243,Ubxn2b,469,526,462,361,486,389,355,424,462,478,488,457
ENSMUSG00000028614,Ndc1,1426,1514,1515,1490,2163,1409,1613,1902,1408,1229,1769,1624
ENSMUSG00002075537,#N/A,0,0,0,0,0,0,0,0,0,0,0,0
ENSMUSG00000096654,Mup-ps29,0,0,0,0,0,0,0,0,0,0,0,0
ENSMUSG00000083293,Mup-ps28,0,0,0,0,0,0,0,0,0,0,0,0
ENSMUSG00000034762,Glis1,4,7,6,6,4,6,1,3,1,1,2,1
ENSMUSG00000078686,Mup9,0,0,0,0,0,0,0,0,0,0,0,0
ENSMUSG00000078685,Mup-ps4,0,0,0,0,0,0,0,0,0,0,0,0
ENSMUSG00000094202,Mup-ps26,0,0,0,0,0,0,0,0,0,0,0,0
ENSMUSG00000028610,Dmrtb1,0,0,0,0,0,0,0,0,0,0,0,0
ENSMUSG00000081916,Gm12899,0,0,0,0,0,0,0,0,0,0,0,0
ENSMUSG00000085549,1700047F07Rik,0,0,0,0,0,0,0,0,0,0,0,0
ENSMUSG00002075389,#N/A,0,0,0,0,0,0,0,0,0,0,0,0
ENSMUSG00000084874,Gm12906,0,2,0,3,0,0,0,1,0,1,0,0
ENSMUSG00000087195,Gm12907,0,0,0,0,0,0,0,0,0,0,0,0
ENSMUSG00000087289,4933424M12Rik,1,0,0,0,0,0,2,1,0,0,0,3
ENSMUSG00000087200,Lrp8os3,1,0,2,1,1,4,0,1,1,1,2,1
ENSMUSG00000078683,Mup1,0,0,0,0,0,0,0,0,0,0,0,0
ENSMUSG00000086253,Gm13773,0,0,0,0,0,0,0,0,0,0,0,0
ENSMUSG00000094222,Mup-ps6,0,0,0,0,0,0,0,0,0,0,0,0
ENSMUSG00000094235,Mup-ps24,0,0,0,0,0,0,0,0,0,0,0,0
ENSMUSG00000078680,Mup10,0,0,0,0,0,0,0,0,0,0,0,0
ENSMUSG00000082868,Mup-ps5,0,0,0,0,0,0,0,0,0,0,0,0
ENSMUSG00000073834,Mup11,0,0,0,0,0,0,0,0,0,0,0,0
ENSMUSG00000094743,Mup-ps7,0,0,0,0,0,0,0,0,0,0,0,0
ENSMUSG00000094793,Mup12,0,0,0,0,0,0,0,0,0,0,0,0
ENSMUSG00000096891,Mup-ps8,0,0,0,0,0,0,0,0,0,0,0,0
ENSMUSG00000110439,Mup22,0,0,0,0,0,0,0,0,0,0,0,0
ENSMUSG00000094948,Gm21286,0,0,0,0,0,0,0,0,0,0,0,0
ENSMUSG00000096652,Mup-ps9,0,0,0,0,0,0,0,0,0,0,0,0
ENSMUSG00000089873,Mup13,0,0,0,0,0,0,0,0,0,0,0,0
ENSMUSG00000082173,Mup-ps10,0,0,0,0,0,0,0,0,0,0,0,0
ENSMUSG00000028782,Adgrb2,4,3,1,1,2,3,3,2,3,1,4,5
ENSMUSG00000085517,Gm12963,0,0,0,0,0,0,0,0,0,0,0,0
ENSMUSG00000073830,Mup14,0,0,0,0,0,0,0,0,0,0,0,0
ENSMUSG00000095978,Mup-ps11,0,0,0,0,0,0,0,0,0,0,0,0
ENSMUSG00000096674,Mup15,0,0,0,0,0,0,0,0,0,0,0,0
ENSMUSG00000073835,Mup-ps12,0,0,0,0,0,0,0,0,0,0,0,0
ENSMUSG00000078675,Mup16,0,0,0,0,0,0,0,0,0,0,0,0
ENSMUSG00000095532,Mup-ps13,0,0,0,0,0,0,0,0,0,0,0,0
ENSMUSG00000096688,Mup17,0,0,0,0,0,0,0,0,0,0,0,0
ENSMUSG00000082065,Mup-ps14,0,0,0,0,0,0,0,0,0,0,0,0
ENSMUSG00000078674,Mup18,0,0,0,0,0,0,0,0,0,0,0,0
ENSMUSG00000083304,Mup-ps15,0,0,0,0,0,0,0,0,0,0,0,0
ENSMUSG00000095307,Gm12573,0,0,0,0,0,0,0,0,0,0,0,0
ENSMUSG00000078673,Mup19,0,0,0,0,0,0,0,0,0,0,0,0
ENSMUSG00000081207,Gm13775,0,0,0,0,0,0,0,0,0,0,0,0
ENSMUSG00000090090,Mup-ps16,0,0,0,0,0,0,0,0,0,0,0,0
ENSMUSG00000058523,Mup5,0,0,0,0,0,0,0,0,0,0,0,0
ENSMUSG00000081755,Mup-ps23,0,0,0,0,0,0,0,0,0,0,0,0
ENSMUSG00000081053,Mup-ps17,0,0,0,0,0,0,0,0,0,0,0,0
ENSMUSG00000082363,Mup-ps18,0,0,0,0,0,0,0,0,0,0,0,0
ENSMUSG00000082644,Mup-ps19,0,0,0,0,0,0,0,0,0,0,0,0
ENSMUSG00000084309,Mup-ps20,0,0,0,0,0,0,0,0,0,0,0,0
ENSMUSG00000083524,Mup-ps21,0,0,0,0,0,0,0,0,0,0,0,0
ENSMUSG00000078672,Mup20,0,0,0,0,0,0,0,0,0,0,0,0
ENSMUSG00000066154,Mup3,0,0,0,0,0,0,0,0,0,0,0,0
ENSMUSG00000085404,Gm12909,0,0,0,0,0,0,0,0,0,0,0,0
ENSMUSG00000086530,Gm12910,0,0,0,0,0,0,0,0,0,0,0,0
ENSMUSG00000041459,Tardbp,7690,8075,7228,6906,9377,6603,6847,7257,8355,7960,9363,9176
ENSMUSG00000066153,Mup21,0,0,0,0,0,0,0,0,0,0,0,0
ENSMUSG00000070577,Gm572,0,0,0,0,0,0,0,0,0,0,0,0
ENSMUSG00000087273,Gm13203,0,0,0,0,0,0,0,0,0,0,0,0
ENSMUSG00000041272,Tox,163,158,128,132,89,122,143,168,172,153,91,95
ENSMUSG00000028389,Zfp37,0,0,0,0,0,1,0,0,0,0,0,0
ENSMUSG00000066152,Slc31a2,24,43,19,22,37,30,36,28,27,17,30,39
ENSMUSG00000118769,#N/A,0,0,0,0,0,0,1,0,0,0,0,0
ENSMUSG00000028977,Casz1,69,74,75,65,43,29,34,64,40,41,29,22
ENSMUSG00000086766,Gm15969,0,0,0,0,0,0,0,0,0,0,0,0
ENSMUSG00000086606,Gm13205,18,15,13,9,9,9,11,15,12,8,18,21
ENSMUSG00000086740,Gm17029,7,2,1,3,1,4,4,1,2,1,0,0
ENSMUSG00000028975,Pex14,826,776,579,631,650,210,665,639,773,686,646,650
ENSMUSG00000081086,Gm9506,0,0,0,1,0,0,1,0,1,0,1,1
ENSMUSG00000028974,Dffa,538,580,466,539,464,190,469,488,494,458,465,425
ENSMUSG00000028971,Cort,0,0,3,0,1,0,5,3,2,0,1,0
ENSMUSG00000073705,Cenps,124,121,129,130,201,119,208,174,159,99,165,179
ENSMUSG00000080746,Rpsa-ps12,9,11,4,8,12,5,9,14,11,14,6,8
ENSMUSG00000040690,Col16a1,1,5,0,3,3,0,2,2,1,3,3,1
ENSMUSG00000028961,Pgd,3982,4187,3276,3404,3352,1481,3322,3590,3867,3437,3329,3333
ENSMUSG00000028779,Pef1,468,607,424,436,521,163,468,478,501,462,423,422
ENSMUSG00000066151,Fkbp15,1595,1692,1291,1339,1018,643,1041,1413,1258,1227,1116,998
ENSMUSG00000028778,Hcrtr1,0,0,0,0,0,0,0,0,0,0,0,0
ENSMUSG00000066150,Slc31a1,870,925,835,896,799,495,812,877,867,750,680,679
ENSMUSG00000066149,Cdc26,310,345,273,331,354,199,315,298,367,284,360,358
ENSMUSG00000066148,Prpf4,2623,2697,2241,2302,2238,1192,1948,2349,2298,2156,2022,1991
ENSMUSG00000063851,Rnf183,0,1,0,0,0,0,0,0,1,0,0,0
ENSMUSG00000028776,Tinagl1,0,2,0,3,1,0,1,1,3,1,0,0
ENSMUSG00000023120,Ldc1,0,0,1,0,0,0,0,0,0,0,0,0
ENSMUSG00000023232,Serinc2,2,1,0,1,2,3,1,4,2,2,0,0
ENSMUSG00000028613,Lrp8,1210,1288,1010,1037,728,583,946,1393,947,933,1152,1008
ENSMUSG00000073752,Gm10570,4,0,2,3,0,2,3,0,4,1,1,1
ENSMUSG00000028773,Fabp3,0,0,0,0,0,0,0,0,0,0,0,0
ENSMUSG00000073779,Lrp8os2,0,0,0,0,0,0,0,0,0,0,0,0
ENSMUSG00000028612,Lrp8os1,0,0,0,0,0,0,0,0,0,0,0,0
ENSMUSG00000028391,Wdr31,6,8,4,12,3,2,9,9,6,2,5,5
ENSMUSG00000028772,Zcchc17,861,1025,612,640,775,465,783,712,942,756,813,691
ENSMUSG00000028609,Magoh,1766,2011,1749,1721,1971,1550,1805,1931,2139,1851,1791,1775
ENSMUSG00000074088,Snrnp40,2158,2501,1944,2051,2188,994,1964,2080,2239,1952,1996,1848
ENSMUSG00000028392,Bspry,342,347,236,257,235,93,163,199,226,245,203,196
ENSMUSG00000038422,Hdhd3,30,27,22,22,15,5,30,22,33,30,33,20
ENSMUSG00000078532,Nkain1,1380,1455,1197,1201,667,248,777,810,957,817,634,678
ENSMUSG00000028393,Alad,756,771,514,585,672,263,608,566,751,575,673,711
ENSMUSG00000028394,Pole3,1405,1488,1307,1359,1277,1018,1456,1425,1444,1274,1252,1161
ENSMUSG00000058046,4933430I17Rik,70,114,87,98,36,49,68,101,111,87,49,40
ENSMUSG00000063077,Kif1b,1155,1150,967,918,823,636,723,992,928,909,868,821
ENSMUSG00000028608,Czib,638,759,611,635,653,404,647,649,728,662,669,603
ENSMUSG00000028607,Cpt2,189,209,151,170,193,66,152,190,133,137,133,140
ENSMUSG00000086713,4930407G08Rik,0,0,0,0,0,0,0,0,0,0,0,0
ENSMUSG00000059810,Rgs3,3152,3371,1965,1919,1812,805,1403,1631,2837,2643,1606,1417
ENSMUSG00000085177,Gm11209,1,4,2,2,1,0,0,1,8,3,1,2
ENSMUSG00000085223,Gm11210,8,6,3,1,1,0,5,2,5,2,2,2
ENSMUSG00000086139,Gm11211,0,0,0,0,0,0,0,0,0,0,0,0
ENSMUSG00000077161,Gm24117,0,0,0,0,0,0,0,0,0,0,0,0
ENSMUSG00000087967,Gm25391,0,0,0,0,0,0,0,0,0,0,0,0
ENSMUSG00000082048,Gm11481,0,0,0,0,0,0,0,0,0,0,0,0
ENSMUSG00000083635,Gm11480,0,0,0,0,0,0,0,0,0,0,0,0
ENSMUSG00000028960,Ube4b,1925,2004,1656,1550,1837,1033,1498,1949,1529,1477,1831,1745
ENSMUSG00000085286,Ube4bos3,0,0,0,0,0,0,0,0,0,0,0,0
ENSMUSG00000008932,Slc1a7,0,0,0,0,0,0,1,0,0,0,0,0
ENSMUSG00000085807,Ube4bos2,0,0,0,0,0,0,0,0,0,0,0,0
ENSMUSG00000085819,Ube4bos1,0,0,0,0,0,0,1,0,0,1,0,0
ENSMUSG00000028996,Rbp7,0,0,0,0,0,0,0,0,0,0,1,0
ENSMUSG00000070572,Trmt112-ps2,8,10,5,6,14,2,6,10,11,15,6,8
ENSMUSG00000028358,Zfp618,2,1,2,2,2,2,0,1,5,1,0,0
ENSMUSG00000028992,Nmnat1,311,312,206,225,243,124,269,234,255,258,247,187
ENSMUSG00000087198,Tmem274,0,0,0,0,0,0,0,0,0,0,0,0
ENSMUSG00000028356,Ambp,0,0,0,0,0,0,0,0,0,0,0,0
ENSMUSG00000028990,Lzic,1198,1440,1175,1153,1407,675,1002,1222,1328,1159,1164,1099
ENSMUSG00000083811,Gm13071,16,21,15,16,16,3,8,12,12,16,7,15
ENSMUSG00000084646,Gm24381,0,0,0,0,0,0,0,0,0,0,0,0
ENSMUSG00000028988,Ctnnbip1,92,107,63,82,73,33,81,62,65,77,76,69
ENSMUSG00000028600,Podn,0,3,1,1,2,1,4,0,2,1,0,0
ENSMUSG00000093403,Mir5616,0,0,0,0,0,0,0,0,0,0,0,0
ENSMUSG00000086949,Gm13066,0,0,0,0,0,0,0,0,0,0,0,0
ENSMUSG00000089051,Gm23354,0,0,0,0,0,0,0,0,0,1,0,0
ENSMUSG00000028357,Kif12,0,0,0,0,0,0,0,0,0,0,0,0
ENSMUSG00000028580,Pum1,4079,4163,3668,3466,3316,2353,2788,3793,3760,3582,3441,3255
ENSMUSG00000065196,Snord85,2,1,0,0,0,0,1,1,0,2,0,0
ENSMUSG00000087449,Gm12971,4,3,3,6,2,1,4,8,2,5,5,6
ENSMUSG00000119649,#N/A,0,0,0,0,1,0,0,0,0,0,0,0
ENSMUSG00000119144,#N/A,0,0,0,0,0,0,0,1,0,0,0,0
ENSMUSG00000086548,Gm12972,0,1,0,0,2,0,1,0,0,1,0,0
ENSMUSG00000039953,Clstn1,2187,2197,1561,1599,1813,678,1395,1534,2042,1851,2011,1839
ENSMUSG00000025743,Sdc3,380,417,288,345,181,104,240,322,293,293,227,266
ENSMUSG00000087451,Gm12970,0,0,0,0,0,0,0,0,0,0,0,0
ENSMUSG00000097224,Gm26716,0,0,0,0,0,0,0,0,0,0,0,0
ENSMUSG00000077381,Gm22660,0,0,0,0,0,0,0,0,0,0,0,0
ENSMUSG00000028603,Scp2,190,193,143,141,150,140,165,178,193,163,197,169
ENSMUSG00000098980,Mir6397,0,0,0,0,0,0,0,0,0,0,0,0
ENSMUSG00000045672,Col27a1,142,145,110,138,69,21,110,152,114,107,22,23
ENSMUSG00000070102,Mir455,0,0,0,0,0,1,0,0,0,0,0,0
ENSMUSG00000039196,Orm1,0,0,0,0,0,0,0,0,0,0,0,0
ENSMUSG00000082141,Gm11212,0,0,0,0,0,0,0,0,0,0,0,0
ENSMUSG00000028581,Laptm5,10949,11864,7789,8579,6438,2953,8510,9321,8738,8061,6705,6187
ENSMUSG00000028359,Orm3,0,0,0,0,0,4,0,0,0,0,0,0
ENSMUSG00000040533,Matn1,0,1,1,0,0,2,0,2,0,0,0,0
ENSMUSG00000085804,Gm12973,0,0,0,0,0,0,0,0,0,0,0,0
ENSMUSG00000061540,Orm2,0,0,0,0,0,0,0,0,0,0,0,0
ENSMUSG00000086262,A930031H19Rik,0,0,0,0,0,0,0,0,0,0,0,0
ENSMUSG00000088041,Gm25261,0,0,0,0,0,0,0,0,0,0,0,0
ENSMUSG00000078531,Gm831,0,0,0,0,0,0,0,0,0,0,0,0
ENSMUSG00000087171,Gm12962,0,0,0,0,0,0,0,0,0,0,0,0
ENSMUSG00000086856,Gm16080,0,0,0,0,0,0,0,0,0,0,0,0
ENSMUSG00000039158,Akna,6943,6959,5442,5529,5645,2726,4371,5915,6292,6052,4587,4377
ENSMUSG00000086953,Aknaos,1,2,2,5,5,1,3,4,3,2,2,6
ENSMUSG00000028601,Echdc2,58,63,42,57,56,46,49,52,54,58,80,75
ENSMUSG00000034645,Zyg11a,0,0,0,0,0,0,0,0,0,0,0,0
ENSMUSG00000034636,Zyg11b,1216,1302,1134,1062,998,616,866,1174,1198,970,956,962
ENSMUSG00000083957,Gm12742,0,0,0,0,0,0,0,0,0,0,0,0
ENSMUSG00000081734,Gm12740,0,0,0,0,0,0,0,0,0,0,0,0
ENSMUSG00000048351,Coa7,459,505,426,458,470,231,420,430,449,400,412,409
ENSMUSG00000059816,Shisal2a,2,2,0,0,1,1,1,0,1,0,0,0
ENSMUSG00000028597,Gpx7,15,19,18,31,35,10,22,29,21,18,23,42
ENSMUSG00000083255,Gm12738,0,0,0,0,0,0,0,0,0,0,0,0
ENSMUSG00000028909,Ptpru,4,2,3,3,9,5,0,5,6,5,5,10
ENSMUSG00000039936,Pik3cd,4265,4707,3918,4200,3323,1134,4018,4950,3728,3471,4151,3850
ENSMUSG00000098580,Mir7023,1,0,1,1,0,0,0,1,0,1,0,1
ENSMUSG00000028910,Mecr,849,901,719,710,749,317,611,631,778,743,803,716
ENSMUSG00000034610,Tut4,741,688,795,760,871,911,634,906,662,678,1002,932
ENSMUSG00000118825,#N/A,0,0,0,0,1,0,1,0,0,0,0,0
ENSMUSG00000083783,Gm12739,0,2,0,0,0,0,0,0,0,1,0,0
ENSMUSG00000065299,Gm23138,0,0,0,1,0,0,0,0,0,0,1,0
ENSMUSG00000085093,Gm12737,0,3,0,0,0,1,0,1,3,0,0,2
ENSMUSG00000087714,Gm25827,0,0,0,0,0,0,0,0,0,0,0,0
ENSMUSG00000084593,Gm22345,0,0,0,0,0,0,0,1,0,0,0,0
ENSMUSG00000028911,Srsf4,3023,3144,2742,2733,2662,2216,2508,3140,2941,2657,2900,2437
ENSMUSG00000102602,A930004J17Rik,576,525,502,528,299,252,216,503,449,477,304,314
ENSMUSG00000085667,Gm12992,136,93,89,116,122,195,120,123,146,123,124,146
ENSMUSG00000083013,Gm12978,0,0,0,0,0,0,0,0,0,0,0,0
ENSMUSG00000118394,Gm50475,0,3,0,0,0,0,0,1,1,0,0,0
ENSMUSG00000070720,Tmem200b,15,10,14,12,7,4,8,12,18,22,7,2
ENSMUSG00000063800,Prpf38a,1406,1584,1381,1429,1513,1165,1476,1431,1410,1315,1401,1329
ENSMUSG00000044700,Tmem201,2061,2056,1735,1686,1816,788,1434,1881,1991,1780,1843,1858
ENSMUSG00000028982,Slc25a33,803,916,666,720,643,169,705,596,780,724,582,616
ENSMUSG00000085403,Gm13068,0,0,0,0,0,0,0,1,0,0,0,0
ENSMUSG00000085368,Gm16188,0,0,0,0,0,0,0,0,0,0,0,0
ENSMUSG00000084807,Gm13073,0,0,0,0,0,0,0,1,0,1,0,0
ENSMUSG00000081601,Gm13065,0,0,0,0,0,0,0,0,0,0,0,0
ENSMUSG00000083173,Gm13064,0,0,0,0,0,0,0,0,0,0,0,0
ENSMUSG00002075745,#N/A,0,0,0,0,0,0,0,0,0,0,0,0
ENSMUSG00002076480,#N/A,0,0,0,0,0,0,0,0,0,0,0,0
ENSMUSG00000028587,Orc1,663,827,801,780,738,427,728,870,655,630,806,798
ENSMUSG00000084968,Gm12743,9,5,2,5,3,1,4,11,5,6,5,4
ENSMUSG00000039911,Spsb1,218,258,132,158,99,40,111,152,108,104,68,60
ENSMUSG00000086767,Gm13070,0,0,0,0,0,0,0,0,0,0,0,0
ENSMUSG00000028980,H6pd,540,534,440,469,476,150,427,458,494,462,510,507
ENSMUSG00000086665,Gm13067,9,4,18,8,7,2,13,19,8,9,8,8
ENSMUSG00000065493,Mir34a,0,3,0,1,0,0,0,0,0,0,0,0
ENSMUSG00000102813,Gm37795,144,139,159,133,221,105,102,105,128,126,218,196
ENSMUSG00000047875,Gpr157,8,13,11,11,23,6,14,15,10,22,9,11
ENSMUSG00000118596,AL606971.1,0,0,0,0,0,0,0,0,0,0,0,0
ENSMUSG00000087094,Gm13093,0,0,0,0,0,0,0,0,0,0,0,0
ENSMUSG00000028582,Cc2d1b,1990,2079,1613,1699,1592,747,1434,1659,1944,1722,1966,1817
ENSMUSG00000102912,Gm20731,0,0,3,0,1,1,3,2,6,3,0,1
ENSMUSG00000091985,Gm17354,2,0,3,1,2,0,4,1,3,2,3,1
ENSMUSG00000028976,Slc2a5,1,0,1,0,0,1,1,0,0,0,1,1
ENSMUSG00000062064,Slc2a7,0,0,0,0,1,2,0,0,0,0,0,0
ENSMUSG00000039137,Whrn,152,162,114,95,175,73,87,97,115,136,236,219
ENSMUSG00000039105,Atp6v1g1,370,316,283,337,254,136,367,312,365,342,281,273
ENSMUSG00000028972,Car6,0,0,0,0,0,1,0,0,0,0,0,0
ENSMUSG00000082140,Gm13094,0,1,2,1,0,0,1,1,0,2,0,0
ENSMUSG00000034557,Zfyve9,82,107,82,71,72,58,40,61,73,80,74,96
ENSMUSG00000094958,3110021N24Rik,0,0,0,0,3,1,0,0,1,0,0,0
ENSMUSG00000082374,Gm12741,1,1,0,0,2,0,3,0,0,0,0,0
ENSMUSG00000045917,Tmem268,379,419,350,325,350,213,300,362,397,344,354,355
ENSMUSG00000083943,Gm11483,0,6,1,2,7,0,4,0,1,3,1,1
ENSMUSG00000119757,#N/A,0,0,0,0,0,0,0,0,0,0,0,0
ENSMUSG00000084782,Gm11213,0,0,0,0,0,0,0,0,0,0,0,0
ENSMUSG00000058935,Tex48,0,0,0,0,0,0,0,0,0,0,0,0
ENSMUSG00000077504,Gm24234,0,0,0,0,0,0,0,0,0,0,0,0
ENSMUSG00000063524,Eno1,2842,3609,2942,3278,2473,576,3733,3460,2643,2362,1946,2021
ENSMUSG00000086817,Gm11482,0,0,2,0,0,0,0,0,0,0,0,0
ENSMUSG00000028568,Btf3l4,116,139,108,116,91,48,102,119,133,101,76,84
ENSMUSG00000028567,Txndc12,327,348,313,288,293,171,349,352,307,288,311,280
ENSMUSG00000073775,Kti12,2471,2881,2064,2322,2145,963,2181,2181,2557,2222,1881,1740
ENSMUSG00000028362,Tnfsf8,7371,8923,7335,8143,7912,5759,6364,7747,6683,6803,5726,5366
ENSMUSG00000084345,Rpl17-ps4,0,0,2,0,0,0,2,1,0,1,1,0
ENSMUSG00000003411,Rab3b,0,0,0,0,1,0,1,0,2,2,0,0
ENSMUSG00000082699,Gm12736,0,0,0,0,0,0,0,0,0,0,0,0
ENSMUSG00000039852,Rere,449,419,387,329,522,449,382,545,426,383,650,578
ENSMUSG00000086483,8030443G20Rik,0,0,0,0,0,0,0,0,0,0,0,0
ENSMUSG00002076737,#N/A,0,0,0,0,0,0,0,0,0,0,0,0
ENSMUSG00000085787,Gm13092,3,4,1,4,0,1,6,1,3,4,3,1
ENSMUSG00002075295,#N/A,1,0,0,0,0,0,0,2,0,0,0,0
ENSMUSG00000085213,Gm13091,4,1,1,1,1,1,0,0,0,1,1,1
ENSMUSG00000039838,Slc45a1,0,0,0,0,0,7,0,1,1,0,0,0
ENSMUSG00000085869,Gm16079,0,0,0,0,0,0,0,0,0,0,0,0
ENSMUSG00000085097,Gm13049,0,0,0,0,0,0,0,0,0,0,0,0
ENSMUSG00000078492,1700045H11Rik,0,0,0,0,0,0,0,0,0,0,0,0
ENSMUSG00000084314,Rps15a-ps3,3,5,0,1,4,1,3,3,6,6,1,3
ENSMUSG00000028967,Errfi1,818,906,850,834,758,388,625,782,730,685,658,570
ENSMUSG00000028964,Park7,1258,1470,1276,1420,1593,1002,1636,1690,1435,1263,1461,1332
ENSMUSG00000053510,Nrd1,3031,3170,2675,2681,2966,2507,2296,2757,2772,2392,2887,2575
ENSMUSG00000076444,Mir761,0,0,0,0,0,0,0,0,0,0,0,0
ENSMUSG00000028218,Fam92a,482,537,412,416,450,546,490,558,486,494,484,496
ENSMUSG00000028364,Tnc,1,1,1,0,0,2,1,1,2,0,0,3
ENSMUSG00000073821,8030451A03Rik,3,4,3,2,3,4,1,7,4,0,5,4
ENSMUSG00000086755,Gm11216,0,0,0,0,0,1,0,0,0,0,0,0
ENSMUSG00000085032,Gm11217,0,0,0,0,0,0,0,0,0,0,0,0
ENSMUSG00000077214,Gm23950,0,0,0,0,0,0,0,0,0,0,0,0
ENSMUSG00000081941,Gm11218,0,0,0,0,0,2,0,0,0,0,0,0
ENSMUSG00000080805,Gm11219,0,0,0,0,0,0,0,0,0,0,0,0
ENSMUSG00000028965,Tnfrsf9,29823,33706,27939,29130,24478,14350,25241,28017,30330,26508,22437,19814
ENSMUSG00000028370,Pappa,0,0,0,0,0,5,0,0,0,0,0,0
ENSMUSG00000028373,Astn2,0,0,0,0,2,1,0,0,0,0,0,0
ENSMUSG00000051675,Trim32,517,615,442,440,592,254,388,450,539,451,472,533
ENSMUSG00000083080,Gm11484,0,0,0,0,0,0,0,0,0,0,0,0
ENSMUSG00000065151,Gm25480,0,0,0,0,0,0,0,0,0,0,0,0
ENSMUSG00000082053,Gm11220,0,0,0,0,0,0,0,0,0,0,0,0
ENSMUSG00000039005,Tlr4,7,10,3,5,3,3,1,5,10,7,12,5
ENSMUSG00000081435,Gm11403,0,0,0,0,0,0,0,0,0,0,0,0
ENSMUSG00000080815,Hmgb1-rs18,0,0,0,0,0,0,0,0,0,0,0,0
ENSMUSG00002075222,#N/A,0,0,0,0,0,0,0,0,0,0,0,0
ENSMUSG00000083087,Gm11249,7,17,12,8,11,32,16,22,16,6,12,5
ENSMUSG00000086364,Gm11751,0,0,0,0,0,0,0,0,0,0,0,0
ENSMUSG00000064762,Gm23738,0,0,0,0,0,0,0,0,0,0,0,0
ENSMUSG00000081231,Tcp1-ps1,1,1,0,2,0,0,0,1,0,0,0,0
ENSMUSG00000086790,Gm12911,0,0,0,0,0,0,0,0,0,0,0,0
ENSMUSG00000028351,Brinp1,0,0,0,0,0,0,0,0,0,0,0,0
ENSMUSG00000065815,Gm24697,0,0,0,0,0,0,0,0,0,0,0,0
ENSMUSG00000082553,Gm11404,0,0,0,0,0,2,0,0,0,0,0,0
ENSMUSG00000082998,Gm11221,9,3,7,6,3,6,6,8,1,1,9,3
ENSMUSG00000085627,Gm11222,3,2,1,2,7,0,1,5,1,1,0,2
ENSMUSG00000046341,Gm11223,2,0,0,2,0,2,1,1,1,1,3,3
ENSMUSG00000084342,Gm11224,2,2,0,4,0,0,0,2,0,0,1,5
ENSMUSG00000082368,Gm11225,0,0,0,0,0,0,0,1,0,0,1,0
ENSMUSG00000014592,Camta1,187,195,173,187,199,149,160,179,193,151,180,144
ENSMUSG00000064476,Gm23405,0,0,0,0,0,0,0,0,0,0,0,0
ENSMUSG00000028963,Uts2,0,0,0,0,0,0,0,0,0,0,0,0
ENSMUSG00000039298,Cdk5rap2,466,453,447,401,652,447,375,553,439,378,643,526
ENSMUSG00000080902,Ywhaq-ps3,1,0,2,1,0,3,2,0,2,2,2,0
ENSMUSG00002076539,#N/A,0,0,0,0,0,0,0,0,0,0,0,0
ENSMUSG00000028957,Per3,68,64,46,48,64,30,30,40,71,61,97,95
ENSMUSG00000039270,Megf9,66,70,65,46,55,38,37,57,56,61,54,46
ENSMUSG00000083549,Gm11227,0,0,0,0,0,0,0,0,0,0,0,0
ENSMUSG00000084937,Gm11228,0,0,0,0,0,0,0,0,0,0,0,0
ENSMUSG00000082017,Gm11229,0,0,0,0,0,0,0,0,1,0,0,0
ENSMUSG00000083914,Rps18-ps1,0,3,5,5,5,2,4,3,5,4,3,2
ENSMUSG00000082432,Gm11231,0,0,0,0,0,0,0,0,0,0,0,0
ENSMUSG00000028955,Vamp3,581,628,517,503,410,246,545,476,559,527,412,475
ENSMUSG00000078491,Gm13090,0,0,0,0,0,0,0,0,0,0,0,0
ENSMUSG00000066141,Gm11232,0,0,0,0,0,0,0,0,0,0,0,0
ENSMUSG00000085593,4930589P08Rik,0,0,0,0,0,0,0,0,0,0,0,0
ENSMUSG00000081117,Gm11233,0,0,0,0,0,0,0,0,0,0,0,0
ENSMUSG00000104142,Gm37141,0,0,0,0,0,0,0,0,0,0,0,0
ENSMUSG00000086696,Gm11234,0,0,0,0,0,0,0,0,0,0,0,0
ENSMUSG00000028906,Epb41,2887,2973,2356,2378,2376,1526,2022,2803,2697,2577,2707,2397
ENSMUSG00002075479,#N/A,0,0,0,0,0,0,0,1,0,0,0,0
ENSMUSG00000084869,Gm13063,0,0,0,0,0,1,0,0,0,0,0,1
ENSMUSG00000070717,Gm10300,5,1,1,2,1,0,1,0,1,1,3,3
ENSMUSG00000083368,Gm13214,0,0,0,0,0,0,0,0,0,0,0,0
ENSMUSG00000102796,Gm37711,0,0,0,0,0,0,1,0,0,0,1,0
ENSMUSG00000050511,Oprd1,0,2,1,1,0,0,0,1,2,1,3,4
ENSMUSG00000081394,Gm13215,2,1,0,1,3,1,4,0,0,1,1,0
ENSMUSG00000040025,Ythdf2,3303,3658,2949,2962,2804,1556,2489,2835,3127,2897,2736,2563
ENSMUSG00002075354,#N/A,0,0,0,0,0,0,0,0,0,0,0,0
ENSMUSG00000083757,Rps15a-ps4,1,10,2,8,3,6,7,4,4,5,3,1
ENSMUSG00000039768,Dnajc11,4227,4319,3599,3732,3641,1993,3273,3813,3959,3613,3676,3344
ENSMUSG00000028901,Gmeb1,1090,1273,1021,1056,960,637,872,1025,1103,1001,932,793
ENSMUSG00000084105,Gm13252,0,2,4,3,0,2,5,3,6,6,0,7
ENSMUSG00000100813,Gm28874,5,5,3,8,8,3,2,5,4,4,19,15
ENSMUSG00000099937,Gm28872,0,0,0,0,0,0,1,0,0,0,0,1
ENSMUSG00000077323,Rnu11,0,3,2,3,4,3,1,2,1,2,1,4
ENSMUSG00000028899,Taf12,1080,1209,915,867,958,694,930,974,1037,884,1090,926
ENSMUSG00000089687,Rab42,0,0,1,0,1,0,0,0,0,2,1,0
ENSMUSG00000039759,Thap3,156,138,118,106,118,24,135,118,148,121,149,141
ENSMUSG00000047777,Phf13,311,299,218,217,315,167,258,251,283,260,301,303
ENSMUSG00000108391,Gm9768,11,0,2,4,1,0,1,4,3,1,0,1
ENSMUSG00000073700,Klhl21,1512,1697,1404,1398,1347,486,1219,1421,1468,1371,1351,1358
ENSMUSG00000086290,Snhg12,1213,1311,1079,1181,1256,604,1308,1112,1164,1027,1153,1077
ENSMUSG00002075525,#N/A,0,0,0,0,0,0,0,0,0,0,0,0
ENSMUSG00000065097,Snora16a,0,0,0,0,0,0,0,0,0,0,0,0
ENSMUSG00000064604,Snora44,0,0,0,0,0,0,0,0,0,0,0,0
ENSMUSG00000064949,Snora61,0,0,0,0,0,0,0,0,0,0,0,0
ENSMUSG00000080615,Snord99,0,0,0,0,0,0,0,0,0,0,0,0
ENSMUSG00000028952,Zbtb48,422,456,350,346,367,135,296,348,385,321,396,373
ENSMUSG00000028950,Tas1r1,0,0,0,1,1,0,1,2,1,1,2,3
ENSMUSG00000028898,Trnau1ap,1001,1158,737,834,897,376,850,804,1151,949,938,935
ENSMUSG00000028559,Osbpl9,481,544,456,509,391,261,461,526,430,415,416,382
ENSMUSG00002076501,#N/A,0,0,0,0,0,0,0,0,0,0,0,0
ENSMUSG00000028948,Nol9,5469,5744,4527,4601,4319,2401,3586,4678,5196,4934,4442,4327
ENSMUSG00000008305,Tle1,347,370,301,305,214,122,240,294,333,317,281,279
ENSMUSG00000028896,Rcc1,3945,4459,4132,4202,4578,1222,4080,4049,4081,3647,3718,3502
ENSMUSG00000086027,Gm11250,0,0,0,0,0,0,0,0,0,0,0,0
ENSMUSG00000084910,C630043F03Rik,4,3,7,6,2,2,7,4,7,4,5,6
ENSMUSG00000083372,Gm11235,0,1,1,0,0,0,0,0,0,0,0,1
ENSMUSG00000085241,Snhg3,871,1052,929,938,1362,662,1216,1086,924,817,1305,1015
ENSMUSG00000059343,Aldoart1,6,7,9,6,2,6,5,8,11,3,5,1
ENSMUSG00000084173,Gm5287,0,1,0,0,0,0,0,1,0,1,0,0
ENSMUSG00000091021,Gm17300,1,0,1,0,4,1,1,1,1,1,0,1
ENSMUSG00000089098,Gm25653,0,0,0,0,0,0,0,0,0,0,0,0
ENSMUSG00000084162,Gm11251,0,0,0,0,0,0,0,0,0,0,0,0
ENSMUSG00000065353,Snora73b,190,301,240,232,330,62,300,217,289,215,248,225
ENSMUSG00000089194,Gm25769,0,0,0,0,0,0,0,0,0,0,0,0
ENSMUSG00000064387,Snora73a,15,21,15,13,28,10,30,22,28,26,24,31
ENSMUSG00000066137,Gm11487,0,0,0,0,0,0,0,0,0,0,0,0
ENSMUSG00000080222,Gm11486,0,0,0,0,0,0,0,0,0,0,0,0
ENSMUSG00000082566,Gm11485,0,0,0,0,0,0,0,0,0,0,0,0
ENSMUSG00000081871,Gm11488,2,1,1,2,4,2,3,3,3,0,1,2
ENSMUSG00000028558,Calr4,0,0,0,0,1,2,0,0,0,0,0,0
ENSMUSG00000077312,Gm24170,0,0,0,0,0,0,0,0,0,0,0,0
ENSMUSG00000095935,Gm11238,0,0,0,0,0,0,0,0,0,0,0,0
ENSMUSG00000094116,Gm11237,0,0,0,0,0,0,0,0,0,0,0,0
ENSMUSG00000096700,Gm11236,0,0,0,0,0,0,0,0,0,0,0,0
ENSMUSG00000095048,Gm11239,0,0,0,0,0,0,0,0,0,0,0,0
ENSMUSG00000095341,Gm428,0,0,0,0,0,0,0,0,0,0,0,0
ENSMUSG00000066043,Phactr4,397,346,294,288,335,352,294,364,325,286,414,356
ENSMUSG00000043003,Rasef,0,0,0,0,0,1,0,0,0,0,0,0
ENSMUSG00002075747,#N/A,0,0,0,0,0,0,0,0,0,0,0,0
ENSMUSG00000064739,Gm23055,0,0,0,0,0,0,0,0,0,0,0,0
ENSMUSG00000085034,Gm11240,0,0,0,0,0,0,0,0,0,0,0,0
ENSMUSG00000083530,Gm13867,0,0,0,0,0,0,0,0,0,0,0,0
ENSMUSG00000039713,Plekhg5,209,223,147,149,142,68,147,166,205,162,125,135
ENSMUSG00000066042,Med18,212,228,246,226,330,120,238,239,247,206,274,244
ENSMUSG00000096530,Gm11758,0,0,0,0,0,0,0,0,0,0,0,0
ENSMUSG00000096750,Gm11757,0,0,0,0,0,0,0,0,0,0,0,0
ENSMUSG00000024793,Tnfrsf25,328,402,354,364,499,137,411,405,416,376,283,332
ENSMUSG00000028893,Sesn2,852,910,636,746,439,164,541,624,562,517,448,398
ENSMUSG00000096333,Gm13871,0,0,0,0,0,0,0,0,0,0,0,0
ENSMUSG00000086997,Gm12981,6,3,14,3,1,1,3,3,3,1,2,3
ENSMUSG00000093962,Gm11756,0,0,0,0,0,0,0,0,0,0,0,0
ENSMUSG00000054428,Atpif1,597,826,565,608,671,839,756,818,616,526,696,666
ENSMUSG00000087352,Gm12999,0,0,2,0,3,1,1,0,4,2,2,2
ENSMUSG00000028396,2310002L09Rik,0,0,0,0,0,0,0,0,0,0,0,0
ENSMUSG00000049122,Frmd3,0,0,0,3,2,2,0,0,0,0,0,0
ENSMUSG00000081048,Gm11760,8,4,1,1,4,5,9,5,13,8,7,10
ENSMUSG00000083767,Gm11405,6,2,7,1,3,6,4,4,4,2,8,1
ENSMUSG00000028552,Eps15,2090,2340,1880,1909,1653,1280,1558,2095,1971,1874,1791,1588
ENSMUSG00000083512,Gm12749,2,2,3,2,3,2,4,0,6,3,3,6
ENSMUSG00000085873,Ttc39aos1,0,0,0,0,0,0,0,0,0,0,0,0
ENSMUSG00000028397,Kdm4c,755,826,647,587,606,458,440,591,701,648,650,647
ENSMUSG00000085482,A230083N12Rik,3,1,1,4,3,0,0,1,1,1,0,2
ENSMUSG00002075833,#N/A,0,0,0,0,0,0,0,0,0,0,0,0
ENSMUSG00000104700,Gm26379,0,0,0,0,0,0,0,0,0,0,0,0
ENSMUSG00000081438,Gm11254,0,0,0,0,0,0,0,0,0,0,0,0
ENSMUSG00000083659,Gm11258,5,4,7,7,5,0,2,3,5,5,5,4
ENSMUSG00000082533,Gm11253,0,0,0,0,0,0,0,0,0,0,0,0
ENSMUSG00000084311,Gm11257,0,0,0,0,0,0,0,0,0,0,0,0
ENSMUSG00000081067,Gm12912,12,9,10,8,7,5,14,3,9,3,9,5
ENSMUSG00000028398,Dmac1,471,515,373,369,470,147,448,403,467,388,375,371
ENSMUSG00002075396,#N/A,0,0,0,0,0,0,0,0,0,0,0,0
ENSMUSG00000083224,Gm11255,0,0,1,0,0,0,1,1,0,0,0,0
ENSMUSG00000084026,Gm11259,0,0,0,0,0,0,0,0,0,0,0,0
ENSMUSG00000084253,Gm11256,0,1,0,0,0,0,0,0,1,0,0,0
ENSMUSG00000081844,Gm11241,0,0,0,0,0,0,0,0,0,0,0,0
ENSMUSG00000054405,Dnajc8,2358,2342,1992,2175,2202,2459,2446,2446,2390,1988,2615,2095
ENSMUSG00000065623,Gm24762,0,0,0,0,0,0,0,0,0,0,0,0
ENSMUSG00000056529,Ptafr,0,0,2,0,0,1,0,0,0,0,0,0
ENSMUSG00000028555,Ttc39a,0,0,0,0,2,0,1,0,0,0,1,0
ENSMUSG00000028557,Rnf11,1916,1845,1406,1333,1182,962,1237,1294,1673,1553,1320,1267
ENSMUSG00000060491,4930522H14Rik,0,0,0,0,0,0,0,0,0,0,0,0
ENSMUSG00000077687,Gm22497,0,0,0,0,0,0,0,0,0,0,0,0
ENSMUSG00000087641,Gm12811,0,0,0,0,0,0,0,0,0,0,0,0
ENSMUSG00000082771,Gm12803,0,0,0,0,0,0,0,0,0,0,0,0
ENSMUSG00000059027,9630013D21Rik,8,7,10,16,17,23,14,15,6,12,12,13
ENSMUSG00000028551,Cdkn2c,223,222,199,198,437,195,309,323,230,232,351,299
ENSMUSG00000010517,Faf1,885,1045,680,755,865,458,683,746,898,796,909,915
ENSMUSG00000083995,Gm12808,0,0,0,0,0,0,0,0,0,0,0,0
ENSMUSG00000085256,Dmrta2os,0,0,0,0,0,0,0,0,0,0,0,0
ENSMUSG00000047143,Dmrta2,8,22,5,20,8,3,9,6,21,13,14,10
ENSMUSG00000028886,Eya3,1962,2076,1818,1857,1796,1165,1721,1960,1908,1738,1823,1627
ENSMUSG00000037752,Xkr8,91,85,72,70,88,48,64,70,66,44,85,78
ENSMUSG00000028885,Smpdl3b,83,107,79,84,116,36,92,95,72,71,116,86
ENSMUSG00000028884,Rpa2,1247,1561,1352,1353,1415,495,1590,1594,1255,1116,1178,1120
ENSMUSG00000037731,Themis2,17,12,21,12,9,5,7,13,6,17,13,13
ENSMUSG00000081647,Gm13022,0,0,1,1,0,0,1,0,1,0,1,0
ENSMUSG00000028546,Elavl4,0,0,0,0,0,3,0,0,0,0,0,0
ENSMUSG00000028882,Ppp1r8,2533,2448,1958,2016,2163,1219,1995,2243,2438,2167,2225,2150
ENSMUSG00000088990,Gm22767,0,2,1,0,1,3,1,0,2,0,3,3
ENSMUSG00000028879,Stx12,768,824,635,649,562,472,695,669,683,607,609,581
ENSMUSG00000083816,Gm13033,10,9,14,15,14,11,15,12,17,10,16,14
ENSMUSG00000028943,Espn,241,274,245,269,169,76,387,452,197,195,165,111
ENSMUSG00000081544,Gm13077,0,0,0,0,0,0,0,0,0,0,0,0
ENSMUSG00000028940,Hes2,0,0,0,0,0,0,0,0,0,0,0,0
ENSMUSG00000061298,Agbl4,0,0,1,0,0,8,0,0,0,0,1,0
ENSMUSG00000081813,Gm12806,0,0,0,0,0,0,0,0,0,0,0,0
ENSMUSG00000082348,Gm12807,0,0,0,0,0,0,0,0,0,0,0,0
ENSMUSG00000081068,Gm12804,0,0,0,0,1,0,0,0,0,0,1,1
ENSMUSG00000083904,Gm12805,0,0,0,0,0,0,0,0,0,0,0,0
ENSMUSG00000028878,Fam76a,439,439,330,355,339,203,289,319,422,365,301,322
ENSMUSG00000028545,Bend5,9,15,7,7,11,7,9,18,10,10,11,6
ENSMUSG00002076011,#N/A,0,0,0,0,0,0,0,0,0,0,0,0
ENSMUSG00002076838,#N/A,0,0,0,0,0,0,0,0,0,0,0,0
ENSMUSG00000028937,Acot7,5058,5187,4080,4037,4492,1990,4308,4415,5031,4236,4488,4098
ENSMUSG00002075427,#N/A,0,0,0,0,0,0,0,0,0,0,0,0
ENSMUSG00000085724,Gm13096,0,0,0,0,0,0,0,0,0,0,0,3
ENSMUSG00000042804,Gpr153,13,13,16,13,7,0,8,6,14,16,8,5
ENSMUSG00000028946,Hes3,0,0,0,2,0,3,0,0,0,1,0,0
ENSMUSG00000028874,Fgr,324,345,256,265,265,186,204,206,338,303,138,141
ENSMUSG00000039662,Icmt,1591,1639,1219,1268,1476,526,1077,1354,1392,1285,1450,1359
ENSMUSG00000037692,Ahdc1,1966,1835,1307,1181,1275,454,1050,1299,1746,1580,1146,1178
ENSMUSG00000034401,Spata6,51,39,47,41,33,17,41,54,34,36,38,30
ENSMUSG00000082686,Gm12961,0,0,0,0,0,0,0,0,0,0,1,1
ENSMUSG00000100514,Gm12960,0,0,1,0,0,0,0,0,0,1,1,1
ENSMUSG00000058498,Rnf207,0,1,3,0,0,4,0,0,1,1,1,2
ENSMUSG00000028868,Wasf2,3583,3536,2884,2881,2581,1420,2507,3368,3087,2839,2482,2294
ENSMUSG00002076928,#N/A,0,0,0,0,0,0,0,0,0,0,0,0
ENSMUSG00000099202,Mir7017,0,1,0,0,0,0,0,0,0,1,0,0
ENSMUSG00000049649,Gpr3,24,24,15,16,6,5,31,11,11,11,11,8
ENSMUSG00000028936,Rpl22,6416,9210,6820,7713,7906,4622,8052,7612,7408,6755,7030,6165
ENSMUSG00000028865,Cd164l2,1,1,1,0,5,0,3,4,0,0,0,0
ENSMUSG00000028862,Map3k6,43,52,35,31,39,17,44,55,34,31,29,33
ENSMUSG00000028544,Slc5a9,0,0,0,1,0,1,0,0,0,0,0,0
ENSMUSG00000078599,Skint8,0,0,0,0,0,0,0,0,0,0,0,0
ENSMUSG00000005045,Chd5,8,3,13,8,1,5,3,4,5,2,0,0
ENSMUSG00000085179,Gm13645,0,0,0,0,0,0,0,0,0,0,0,0
ENSMUSG00000049214,Skint7,0,0,0,0,0,2,0,0,0,0,0,0
ENSMUSG00000028860,Sytl1,144,161,125,179,120,48,151,177,137,105,97,104
ENSMUSG00002076910,#N/A,0,0,0,0,0,0,0,0,1,0,0,0
ENSMUSG00000089773,Skint1,0,0,0,0,0,0,0,0,0,0,0,0
ENSMUSG00000028857,Tmem222,833,967,717,746,714,199,728,737,809,674,630,561
ENSMUSG00000083241,Gm13259,0,0,0,0,0,0,0,0,0,0,0,1
ENSMUSG00000028399,Ptprd,0,1,0,0,2,4,0,0,0,0,0,1
ENSMUSG00000080780,Gm11252,0,0,0,0,0,0,0,0,0,0,0,0
ENSMUSG00000110373,Gm42303,0,0,0,0,0,0,0,0,0,0,1,0
ENSMUSG00000083050,Gm11242,0,0,0,0,0,1,0,0,1,0,1,0
ENSMUSG00000081890,Gm11243,0,0,0,0,0,0,0,0,0,0,0,0
ENSMUSG00000081936,Gm11244,0,0,0,0,0,0,0,0,0,0,0,0
ENSMUSG00000084090,Gm11245,0,0,0,0,0,0,0,0,0,0,0,0
ENSMUSG00000081656,Gm11246,2,2,1,3,4,3,2,1,3,7,4,2
ENSMUSG00002076969,#N/A,0,0,0,0,0,0,0,0,0,0,0,0
ENSMUSG00000092492,B230208B08Rik,0,0,0,0,0,0,0,0,0,0,0,0
ENSMUSG00000082351,Gm11260,0,0,0,0,0,0,0,0,0,0,0,0
ENSMUSG00000085840,Gm11261,0,0,0,1,0,0,0,0,0,0,0,0
ENSMUSG00002076908,#N/A,0,0,0,0,0,0,0,0,0,0,0,0
ENSMUSG00000083629,Gm11262,0,0,0,0,0,0,0,0,0,0,0,0
ENSMUSG00000089543,Gm25836,0,0,0,0,0,0,0,0,0,0,0,0
ENSMUSG00000083496,Gm11263,0,1,2,1,2,0,3,6,3,5,0,3
ENSMUSG00000084248,Gm11409,0,0,0,0,0,0,0,0,0,0,0,0
ENSMUSG00000082179,Gm11407,13,4,1,4,1,11,2,5,14,6,5,6
ENSMUSG00000083076,Gm11408,0,0,0,1,0,1,0,0,0,0,1,1
ENSMUSG00000083219,Gm11410,3,4,4,4,2,7,6,7,2,4,1,6
ENSMUSG00000082555,Gm11406,0,0,0,0,0,0,0,0,0,0,0,0
ENSMUSG00000037622,Wdtc1,516,517,364,384,528,210,373,389,435,430,632,583
ENSMUSG00000005994,Tyrp1,0,0,0,0,0,1,0,0,0,0,0,0
ENSMUSG00000048706,Lurap1l,0,0,0,0,3,0,0,0,0,0,0,0
ENSMUSG00002075952,#N/A,0,0,0,0,0,0,0,0,0,0,0,0
ENSMUSG00000055960,Skint4,0,0,0,0,0,0,0,0,0,0,0,0
ENSMUSG00000084326,Gm12820,0,0,0,0,0,0,0,0,0,0,0,0
ENSMUSG00000082638,Gm12815,0,0,0,0,0,0,0,0,0,0,0,0
ENSMUSG00000070868,Skint3,0,0,0,0,0,0,0,0,0,0,0,0
ENSMUSG00000049972,Skint9,0,0,0,0,0,0,0,0,0,0,0,0
ENSMUSG00000081166,Gm12819,0,0,0,0,0,0,0,0,0,0,0,0
ENSMUSG00000083599,Gm12821,0,0,0,0,0,0,1,0,0,0,0,0
ENSMUSG00000028854,Slc9a1,1257,1220,896,919,1001,471,905,1135,1073,987,997,943
ENSMUSG00000092745,Mir5122,0,0,0,0,0,0,0,0,0,0,0,0
ENSMUSG00000086850,Gm13257,0,0,0,0,0,0,0,0,0,0,0,0
ENSMUSG00000046694,Tent5b,1,1,0,0,0,1,1,0,0,1,0,0
ENSMUSG00000056596,Trnp1,1,0,0,1,0,0,1,1,1,0,0,0
ENSMUSG00000034359,Skint2,0,0,0,0,0,0,0,0,0,0,0,0
ENSMUSG00000083753,Gm12814,0,0,0,0,0,0,0,0,0,0,0,0
ENSMUSG00000119614,#N/A,0,0,0,0,0,0,0,0,0,0,0,0
ENSMUSG00000081066,Gm12817,0,0,0,0,0,0,0,0,0,0,0,0
ENSMUSG00000037600,Kdf1,1,1,1,5,6,2,3,1,3,8,5,1
ENSMUSG00000048766,Skint10,0,0,0,0,0,0,0,0,0,0,0,0
ENSMUSG00000028851,Nudc,3067,2789,2326,2246,2759,2929,2378,2857,3205,2765,3611,3186
ENSMUSG00000037583,Nr0b2,0,0,0,0,0,0,0,0,0,0,1,0
ENSMUSG00002076171,#N/A,0,0,0,0,0,0,0,0,0,0,0,0
ENSMUSG00000028850,Gpatch3,211,230,180,207,186,72,182,226,207,196,158,189
ENSMUSG00000087194,Skint6,0,0,0,0,0,1,0,0,0,0,0,0
ENSMUSG00000085878,Gm12823,0,0,0,0,0,0,0,0,0,0,0,0
ENSMUSG00000083011,Gm12816,3,1,2,1,0,0,3,2,3,3,0,1
ENSMUSG00000082678,Gm12818,1,0,0,1,1,0,1,0,0,4,0,0
ENSMUSG00000028848,Gpn2,548,570,455,483,534,222,481,492,572,454,460,509
ENSMUSG00000083384,Gm12813,0,0,0,0,0,0,0,0,0,0,0,0
ENSMUSG00000047281,Sfn,538,533,552,596,484,179,506,602,499,456,380,319
ENSMUSG00000037553,Zdhhc18,3918,4119,3650,3676,4237,1428,3024,3644,3939,3404,3502,3478
ENSMUSG00000083885,Gm13213,0,2,1,3,4,0,0,4,2,1,3,1
ENSMUSG00002075175,#N/A,0,0,0,0,0,0,0,0,0,0,0,0
ENSMUSG00000028931,Kcnab2,5305,5671,4024,4154,3491,1656,3968,4703,4423,3793,4333,3755
ENSMUSG00000090057,Gm16333,0,0,0,0,0,0,0,0,0,0,0,0
ENSMUSG00000043257,Pigv,109,143,124,123,157,46,145,132,153,116,149,150
ENSMUSG00000078598,Skint5,0,0,0,0,0,1,0,0,0,0,0,0
ENSMUSG00000080696,Gm12825,0,0,0,0,0,0,0,0,0,0,0,0
ENSMUSG00000118515,AL627257.1,0,0,0,0,0,0,0,0,0,0,0,0
ENSMUSG00000057977,Skint11,0,0,0,0,0,0,0,0,0,0,0,0
ENSMUSG00000082825,Gm15741,0,0,0,0,0,0,0,0,0,0,0,0
ENSMUSG00000070867,Trabd2b,0,0,0,0,0,0,0,0,0,1,1,0
ENSMUSG00000100998,Gm28864,0,0,0,0,0,0,0,0,0,0,0,0
ENSMUSG00000085870,Gm12829,0,0,0,0,0,0,0,0,0,0,0,0
ENSMUSG00000085323,9130410C08Rik,0,0,0,0,0,0,0,0,0,0,0,0
ENSMUSG00000055198,Gm12830,0,0,0,0,0,0,0,0,0,0,0,0
ENSMUSG00000087923,Gm23230,0,0,0,0,0,0,0,0,0,0,0,0
ENSMUSG00000055210,Foxd2,20,13,16,15,8,1,11,14,24,16,7,10
ENSMUSG00000039577,Nphp4,55,48,61,28,57,27,44,53,51,36,55,56
ENSMUSG00000085399,Foxd2os,23,32,26,26,32,26,25,23,24,14,28,17
ENSMUSG00000083078,Gm13172,2,6,0,1,1,0,1,0,3,3,1,1
ENSMUSG00000073699,Gm833,0,0,0,0,0,0,0,0,0,0,0,0
ENSMUSG00002075954,#N/A,0,0,0,0,0,0,0,0,0,0,0,0
ENSMUSG00000044518,Foxe3,0,0,0,0,0,1,0,0,0,0,0,0
ENSMUSG00000085648,Gm13173,0,0,0,0,0,0,0,0,0,0,0,0
ENSMUSG00000087454,Gm13174,0,0,0,0,0,0,0,0,0,0,0,0
ENSMUSG00000039546,Ajap1,0,0,0,0,0,0,0,0,0,0,0,0
ENSMUSG00000077519,Gm25880,0,0,0,0,0,0,0,0,0,0,0,0
ENSMUSG00000085390,Gm13115,0,0,0,0,0,0,0,0,0,0,0,0
ENSMUSG00000086272,BC039966,0,0,0,0,0,0,0,0,0,0,0,0
ENSMUSG00000028719,Cmpk1,1030,1073,811,793,803,843,852,854,1081,947,1009,946
ENSMUSG00000065047,Gm24045,0,1,0,0,1,0,1,0,0,1,2,3
ENSMUSG00000047613,A430005L14Rik,588,710,489,536,616,328,511,474,710,612,568,610
ENSMUSG00000007880,Arid1a,7420,6972,5896,5547,5841,4538,5209,7010,6355,5923,6473,5876
ENSMUSG00000104566,Mir7227,1,0,0,0,0,0,0,0,0,0,0,1
ENSMUSG00000084555,Gm25270,0,0,0,0,0,0,0,0,0,0,0,0
ENSMUSG00000029027,Dffb,358,369,300,345,329,159,317,361,360,312,348,327
ENSMUSG00000084789,Gm12974,1,0,0,1,2,1,1,0,2,0,0,0
ENSMUSG00000039523,Cep104,1488,1589,1169,1148,1229,686,977,1209,1287,1214,1166,1096
ENSMUSG00000029028,Lrrc47,4045,4371,3272,3538,3280,1497,3069,3497,3933,3771,3393,3176
ENSMUSG00000028718,Stil,267,288,302,292,399,316,289,427,286,290,335,304
ENSMUSG00000078350,Smim1,0,0,0,1,2,1,1,1,2,2,1,2
ENSMUSG00000028717,Tal1,10,8,16,20,8,7,5,7,9,9,1,5
ENSMUSG00000039492,Ccdc27,0,0,0,0,0,0,0,0,0,0,0,0
ENSMUSG00000080807,Gm13117,0,0,0,0,0,0,0,0,0,0,0,0
ENSMUSG00000082073,Gm13114,0,0,0,0,0,0,0,0,0,0,0,0
ENSMUSG00000028716,Pdzk1ip1,754,860,1151,1228,1008,468,981,969,820,684,487,438
ENSMUSG00000047155,Cyp4x1,0,0,1,0,0,0,0,0,0,0,0,0
ENSMUSG00000086896,Cyp4x1os,0,0,0,0,0,0,0,0,0,0,0,0
ENSMUSG00000081823,Cyp4a28-ps,0,0,0,0,0,0,0,0,0,0,0,0
ENSMUSG00000082889,Cyp4a29-ps1,0,0,0,0,0,0,0,0,0,0,0,0
ENSMUSG00000118615,AL645473.1,0,0,0,0,0,0,0,0,0,0,0,0
ENSMUSG00000081138,Gm12834,0,1,0,0,0,0,0,0,1,0,0,0
ENSMUSG00000083138,Cyp4a29,0,0,0,0,0,0,0,0,0,0,0,0
ENSMUSG00000066071,Cyp4a12a,0,0,0,0,0,0,0,0,0,0,0,0
ENSMUSG00000083190,Cyp4a30-ps,0,0,0,0,0,0,0,0,0,0,0,0
ENSMUSG00000078597,Cyp4a12b,0,0,0,0,0,0,0,0,0,0,0,0
ENSMUSG00000084415,Gm12837,0,0,0,0,0,0,0,0,0,0,0,0
ENSMUSG00000084346,Cyp4a30b,0,0,0,0,0,0,0,0,0,0,0,0
ENSMUSG00000080142,Gm12838,1,1,1,0,0,1,0,1,0,1,0,1
ENSMUSG00000086724,Gm12833,4,0,2,0,1,0,1,1,0,0,1,0
ENSMUSG00000028715,Cyp4a14,0,0,0,0,0,0,0,0,0,0,0,0
ENSMUSG00000066072,Cyp4a10,0,0,0,0,0,0,0,0,0,0,0,0
ENSMUSG00000081006,Cyp4b1-ps1,0,0,0,0,0,0,0,0,0,0,0,0
ENSMUSG00000028712,Cyp4a31,0,0,0,0,0,1,0,0,0,0,0,0
ENSMUSG00000083457,Cyp4b1-ps2,0,0,0,0,0,1,0,0,0,0,0,0
ENSMUSG00000063929,Cyp4a32,0,0,0,0,0,0,0,0,0,0,0,0
ENSMUSG00000028713,Cyp4b1,0,0,0,0,0,0,0,0,0,0,0,0
ENSMUSG00000082043,Gm12848,1,0,0,1,1,0,0,0,0,0,0,0
ENSMUSG00000081172,Gm12849,0,0,0,0,0,0,0,0,0,0,0,0
ENSMUSG00000029026,Trp73,2,4,7,8,4,7,7,10,8,6,5,5
ENSMUSG00000087071,Trp73os,0,0,0,0,0,0,0,0,0,0,0,0
ENSMUSG00000088774,Gm26036,0,0,0,0,0,0,0,0,0,0,0,0
ENSMUSG00000003644,Rps6ka1,5222,5443,3419,3767,3614,1466,3413,3948,4771,4362,3278,3243
ENSMUSG00000085009,Gm12977,0,0,0,0,0,0,0,0,1,0,0,0
ENSMUSG00000080946,Gm12985,0,0,0,0,0,0,0,0,0,0,0,1
ENSMUSG00000089321,Gm22523,0,0,0,0,0,0,0,0,0,0,0,0
ENSMUSG00000028468,Rgp1,2003,2025,1522,1527,1367,665,1242,1659,1755,1622,1569,1466
ENSMUSG00000029029,Wrap73,354,343,335,335,412,83,352,318,341,321,315,340
ENSMUSG00000029030,Tprgl,1690,1932,1448,1540,1379,531,1443,1420,1628,1539,1311,1313
ENSMUSG00000003038,Hmgn2,299,312,275,274,370,271,304,390,260,241,340,243
ENSMUSG00000034210,Efcab14,1332,1302,992,1030,1043,825,876,1113,1155,989,1191,1193
ENSMUSG00000044556,Tex38,1,1,2,0,1,0,1,2,0,1,0,1
ENSMUSG00000057751,Megf6,0,0,0,0,0,0,0,0,0,0,0,0
ENSMUSG00000081276,Gm13132,0,0,0,1,2,1,0,0,4,1,1,1
ENSMUSG00000028710,Atpaf1,111,104,80,86,103,76,81,98,97,93,104,106
ENSMUSG00000028709,Mob3c,162,191,133,123,126,92,137,159,165,175,173,141
ENSMUSG00000029032,Arhgef16,0,0,0,0,0,0,0,0,1,0,2,0
ENSMUSG00000028402,Mpdz,0,1,0,0,0,0,0,0,0,0,0,0
ENSMUSG00000028708,Mknk1,619,681,541,479,443,260,510,501,557,528,427,422
ENSMUSG00000100081,Gm29434,0,0,0,0,0,0,0,0,1,0,0,0
ENSMUSG00000077607,Gm25803,0,0,0,0,0,0,0,0,0,0,0,0
ENSMUSG00000081391,Gm11765,2,0,0,0,1,0,0,1,1,0,0,0
ENSMUSG00000083385,Gm11411,0,0,0,0,0,0,0,0,0,0,0,0
ENSMUSG00000087540,Gm11412,0,0,0,0,0,1,0,0,0,0,0,0
ENSMUSG00002076931,#N/A,0,0,0,0,0,0,0,0,0,0,0,0
ENSMUSG00000087608,Gm12914,0,0,0,0,0,1,0,0,0,0,0,0
ENSMUSG00000073774,Kncn,0,1,1,0,0,1,0,0,0,0,0,0
ENSMUSG00000087110,Gm11264,0,0,0,0,1,3,0,0,0,0,0,0
ENSMUSG00000012117,Dhdds,1123,1116,801,849,906,425,883,909,1109,876,886,840
ENSMUSG00002075489,#N/A,0,0,0,0,0,0,0,0,0,0,0,0
ENSMUSG00000034185,6430628N08Rik,0,0,0,0,0,0,0,0,0,0,0,0
ENSMUSG00000085022,Gm5860,0,0,0,0,1,0,0,0,0,0,0,0
ENSMUSG00000050966,Lin28a,2,1,0,4,0,1,0,0,3,1,1,0
ENSMUSG00000087288,Gm13061,0,0,0,0,0,0,0,0,0,0,0,0
ENSMUSG00000049410,Zfp683,272,285,103,112,116,82,89,137,242,184,162,159
ENSMUSG00000028707,Dmbx1,0,0,0,0,0,3,0,0,0,0,0,1
ENSMUSG00000012123,Crybg2,946,1125,402,373,415,170,384,436,806,765,478,538
ENSMUSG00000000682,Cd52,5151,7206,4381,5065,5795,2501,5125,4963,6100,5482,5825,5029
ENSMUSG00000034171,Faah,743,771,644,673,618,295,751,756,718,697,674,658
ENSMUSG00000039410,Prdm16,204,218,173,129,134,71,184,181,234,194,302,235
ENSMUSG00000097871,B230104I21Rik,0,0,0,0,0,0,0,0,0,0,0,0
ENSMUSG00000086565,Gm13133,0,0,0,0,0,0,0,0,0,0,0,0
ENSMUSG00000084987,Gm13134,0,0,0,0,0,0,0,0,0,0,0,0
ENSMUSG00000085069,Prdm16os,0,0,0,0,0,0,0,0,0,0,0,0
ENSMUSG00000098424,Gm27202,0,0,0,0,0,0,0,0,0,0,0,0
ENSMUSG00000086810,Gm13110,0,0,0,0,0,0,0,0,0,0,0,0
ENSMUSG00000051276,Actrt2,0,0,0,0,0,0,0,0,0,0,0,0
ENSMUSG00000028706,Nsun4,350,435,317,380,358,174,342,358,368,360,322,283
ENSMUSG00000046637,Ttc34,5,7,3,4,7,1,11,11,6,5,2,7
ENSMUSG00000063882,Uqcrh,1994,2332,1787,1735,1892,1242,1977,1925,2375,2127,1813,1727
ENSMUSG00000078238,Gm12854,0,2,0,5,0,1,1,1,0,1,1,1
ENSMUSG00000087437,Gm13112,0,0,0,0,0,0,0,0,0,0,0,0
ENSMUSG00000012126,Ubxn11,276,279,241,229,237,119,207,234,286,254,286,275
ENSMUSG00000028843,Sh3bgrl3,4920,5107,3191,3622,3806,3357,4399,4212,4460,3633,3806,3660
ENSMUSG00000028703,Lrrc41,2326,2569,1690,1829,1848,665,1686,2064,2265,2110,1915,1733
ENSMUSG00000008575,Nfib,1,1,2,2,2,7,1,2,0,0,1,0
ENSMUSG00002075784,#N/A,0,0,0,0,0,0,0,0,0,0,0,0
ENSMUSG00000087413,Gm11266,0,0,0,0,0,0,0,0,0,0,0,0
ENSMUSG00000084851,Gm11267,0,0,0,0,0,0,0,0,0,0,0,0
ENSMUSG00000084357,Gm11268,0,0,0,0,0,0,0,0,0,0,0,0
ENSMUSG00000086293,Gm11269,0,0,0,0,0,0,0,0,0,0,0,0
ENSMUSG00000028702,Rad54l,317,311,418,387,549,260,411,496,344,275,445,446
ENSMUSG00000028403,Zdhhc21,2710,2570,2515,2415,2350,2174,1703,2726,2423,2306,2490,2344
ENSMUSG00000038192,Cer1,0,0,0,0,0,0,1,0,0,0,0,0
ENSMUSG00000037443,Cep85,957,1090,871,865,723,414,793,892,923,780,717,754
ENSMUSG00002075514,#N/A,1,0,1,0,0,0,0,1,0,0,0,0
ENSMUSG00000073747,Zpld2,0,0,0,0,0,0,0,0,0,0,0,0
ENSMUSG00000081772,Gm13131,0,0,0,0,0,0,0,0,0,0,0,0
ENSMUSG00000048003,Catsper4,0,0,0,0,0,0,0,0,0,0,0,0
ENSMUSG00000028841,Cnksr1,5,3,6,5,5,1,3,8,7,4,7,3
ENSMUSG00000028840,Zfp593,1494,1803,1252,1348,1264,388,1275,1191,1679,1476,1355,1314
ENSMUSG00000086322,E130218I03Rik,11,6,7,3,7,1,8,2,16,18,0,11
ENSMUSG00000108398,Gm30191,0,0,0,0,0,0,0,0,0,0,0,0
ENSMUSG00000050105,Grrp1,1,2,1,4,2,0,2,0,5,1,3,0
ENSMUSG00000050890,Pdik1l,633,673,577,521,754,517,512,668,581,612,747,723
ENSMUSG00000028834,Trim63,0,0,0,0,0,0,0,0,0,0,0,0
ENSMUSG00000083065,Gm13195,0,0,0,0,0,0,0,0,0,0,0,0
ENSMUSG00000059049,Frem1,0,0,0,0,0,2,0,0,0,0,0,0
ENSMUSG00000058183,Mmel1,1,0,0,0,2,0,0,1,0,0,2,0
ENSMUSG00000089409,Gm24884,0,0,0,0,0,0,0,0,0,0,0,0
ENSMUSG00000082637,Gm11248,0,0,0,0,0,0,0,0,0,0,0,0
ENSMUSG00000083245,Gm11185,21,30,32,19,13,13,20,30,21,28,17,20
ENSMUSG00000029059,Prxl2b,8,15,4,9,11,1,16,11,12,6,9,14
ENSMUSG00000028836,Slc30a2,65,80,54,58,73,18,64,57,72,43,58,44
ENSMUSG00000028838,Extl1,10,9,9,10,7,0,10,2,11,10,5,6
ENSMUSG00000042333,Tnfrsf14,210,248,243,229,176,51,170,242,254,223,201,230
ENSMUSG00000092483,Gm20421,0,0,0,0,0,0,0,0,0,0,0,0
ENSMUSG00000048001,Hes5,0,3,1,2,1,0,0,1,3,5,2,0
ENSMUSG00000038172,Ttc39b,7045,7364,5654,5344,4323,3444,3309,4801,6309,6158,4423,4057
ENSMUSG00000119168,#N/A,1,0,2,1,0,0,0,2,2,0,0,1
ENSMUSG00000086321,Gm11413,0,0,0,0,0,4,0,0,0,0,0,0
ENSMUSG00000037366,Pafah2,81,70,62,66,72,33,63,50,55,59,83,98
ENSMUSG00000087592,Gm11184,0,1,0,0,0,0,0,0,0,0,0,0
ENSMUSG00000087343,1700021N21Rik,0,0,0,0,0,0,0,0,0,0,0,0
ENSMUSG00000028832,Stmn1,85,85,95,89,114,136,112,126,90,75,96,97
ENSMUSG00002075520,#N/A,0,0,0,0,0,0,0,0,0,0,0,0
ENSMUSG00000083001,Gm13250,0,0,0,0,0,0,0,1,0,0,0,0
ENSMUSG00000029056,Pank4,742,890,738,718,816,350,707,765,720,693,713,660
ENSMUSG00000037348,Paqr7,47,58,43,51,39,31,48,60,43,43,55,50
ENSMUSG00000078521,Aunip,160,174,222,195,270,139,284,268,163,122,173,183
ENSMUSG00000028483,Snapc3,617,617,497,508,464,553,411,551,576,575,596,565
ENSMUSG00000028700,Pomgnt1,1955,1954,1413,1492,1557,545,1368,1556,1715,1571,1509,1412
ENSMUSG00000028701,Lurap1,5,3,3,0,0,1,3,7,3,4,7,4
ENSMUSG00000028699,Tspan1,0,0,0,0,0,1,0,0,0,0,0,0
ENSMUSG00000078593,1700042G07Rik,0,0,0,0,1,0,0,0,0,0,0,0
ENSMUSG00000046671,Mtfr1l,945,1081,758,796,713,326,752,860,1021,910,797,735
ENSMUSG00000111410,Gm49337,0,0,0,0,0,0,0,0,0,0,0,0
ENSMUSG00000085920,Gm12951,0,0,0,0,0,0,0,0,0,0,0,0
ENSMUSG00000081459,Llph-ps1,1,4,2,1,3,6,2,3,3,2,3,2
ENSMUSG00000050989,Selenon,93,107,83,76,111,34,101,107,82,65,111,105
ENSMUSG00000028698,Pik3r3,3,1,6,5,11,4,8,3,6,6,13,3
ENSMUSG00000028484,Psip1,2169,2120,1916,1961,2198,2799,2270,2631,2236,2298,2543,2223
ENSMUSG00000082416,Gm11414,0,0,0,0,0,0,0,0,0,0,0,0
ENSMUSG00000066116,Gm10154,0,0,1,1,0,0,0,0,0,0,0,0
ENSMUSG00000037306,Man1c1,6,9,6,2,5,1,2,4,8,8,4,5
ENSMUSG00000099289,Mir6403,1,0,0,0,0,0,0,0,0,0,0,0
ENSMUSG00000037295,Ldlrap1,190,229,139,125,184,79,180,183,215,165,197,223
ENSMUSG00000028826,Maco1,805,848,621,626,608,445,526,639,707,711,733,608
ENSMUSG00000052407,Ccdc171,64,64,42,54,71,69,52,49,59,61,97,72
ENSMUSG00000064606,Gm25899,0,0,0,0,0,0,0,0,0,0,0,0
ENSMUSG00000098217,Gm27046,0,3,0,0,2,1,0,2,0,3,0,1
ENSMUSG00000080793,Cbx3-ps3,0,0,0,0,1,0,0,0,0,0,0,0
ENSMUSG00000028825,Rhd,1,1,0,0,1,0,0,0,0,1,1,0
ENSMUSG00000097942,Gm26968,2,0,0,0,0,1,0,0,0,2,0,0
ENSMUSG00000085378,Gm11415,0,0,0,0,0,0,0,0,0,0,0,0
ENSMUSG00000085217,6030471H07Rik,0,0,0,0,0,0,0,0,0,0,0,0
ENSMUSG00000083044,Gm12416,18,15,6,17,7,0,21,9,12,10,7,5
ENSMUSG00000087378,Gm12414,0,0,0,0,0,0,0,0,0,0,0,0
ENSMUSG00000028822,Tmem50a,714,844,674,771,693,293,857,886,756,687,658,642
ENSMUSG00000037266,Rsrp1,1951,2090,2099,1968,3511,1939,2117,2045,1944,1752,3884,3725
ENSMUSG00000028821,Syf2,1226,1303,1082,1144,1023,906,1122,1276,1357,1142,1213,987
ENSMUSG00000086884,Gm16225,7,2,8,7,5,4,2,3,3,6,1,4
ENSMUSG00000070691,Runx3,2718,2645,2699,2683,2633,1578,2757,3230,2723,2480,2561,2480
ENSMUSG00000084986,Gm16224,0,0,0,0,0,0,0,0,0,0,0,0
ENSMUSG00000037242,Clic4,4313,4678,4173,4271,2577,1308,3343,3988,3263,3066,2182,2025
ENSMUSG00000087270,Gm12983,0,0,0,0,0,0,0,0,1,0,0,0
ENSMUSG00000085002,Gm12984,0,0,0,0,0,0,0,0,0,0,0,0
ENSMUSG00000082833,Gm12982,0,0,0,0,0,0,0,0,0,0,0,0
ENSMUSG00000028487,Bnc2,0,0,0,0,0,1,0,0,0,0,0,0
ENSMUSG00000083743,Gm12421,1,0,0,2,1,0,0,0,0,1,1,0
ENSMUSG00000081775,Gm12420,1,0,0,0,0,0,0,0,0,0,0,0
ENSMUSG00000086413,Gm12415,0,0,0,0,0,0,0,0,0,0,0,0
ENSMUSG00000038070,Cntln,37,32,30,31,63,89,30,47,48,37,68,62
ENSMUSG00000083139,Gm12418,2,5,2,2,3,0,1,3,6,3,3,5
ENSMUSG00000080303,Gm12419,63,67,58,51,29,2,44,58,57,55,55,30
ENSMUSG00000084267,Gm12417,0,0,0,0,0,0,0,0,0,0,0,0
ENSMUSG00000029055,Plch2,0,0,1,2,0,2,0,0,0,1,0,2
ENSMUSG00000073686,Gm10564,0,0,0,0,0,0,0,0,0,0,0,0
ENSMUSG00000029047,Pex10,120,118,67,86,146,84,91,99,106,103,165,145
ENSMUSG00000028488,Sh3gl2,0,0,0,0,0,0,0,0,0,0,0,0
ENSMUSG00000029048,Rer1,3052,3559,2715,2724,2717,1411,2792,2720,3054,2880,2593,2636
ENSMUSG00000081862,Gm12413,0,0,0,0,0,0,0,0,0,0,0,0
ENSMUSG00000003810,Mast2,2131,2111,1721,1677,2061,1084,1469,1993,1862,1762,2002,1898
ENSMUSG00000029049,Morn1,8,10,5,11,9,10,8,14,7,8,3,8
ENSMUSG00000082592,Gm12950,0,0,0,1,0,0,0,0,0,0,0,0
ENSMUSG00000028809,Srrm1,8303,8179,6751,6402,6963,6653,6317,8035,7449,6884,8583,7296
ENSMUSG00000029050,Ski,3367,3478,2453,2688,2302,1578,2344,2997,2875,2692,2489,2292
ENSMUSG00000028696,Ipp,187,208,166,130,196,111,110,175,176,164,218,192
ENSMUSG00000055900,Tmem69,241,213,212,190,239,202,228,222,255,218,288,236
ENSMUSG00000087299,Gm12953,4,0,0,1,0,1,0,1,0,1,0,0
ENSMUSG00000073684,Faap20,458,512,338,401,364,144,400,372,447,367,343,337
ENSMUSG00000043924,Ncmap,0,5,2,1,0,1,1,2,1,1,3,2
ENSMUSG00000084032,Gm12991,0,0,0,0,1,0,0,0,0,0,0,0
ENSMUSG00000081136,Gm12990,1,2,2,0,2,0,2,1,0,2,0,0
ENSMUSG00000066113,Adamtsl1,0,0,0,0,0,0,0,0,0,0,0,0
ENSMUSG00000034042,Gpbp1l1,710,730,612,634,653,575,577,755,708,633,769,684
ENSMUSG00000059713,Rcan3,436,552,452,362,470,209,385,434,458,426,508,478
ENSMUSG00000085408,C530005A16Rik,6,6,1,10,6,1,9,2,2,7,3,13
ENSMUSG00000076123,Mir700,0,0,0,0,0,0,1,0,2,1,0,2
ENSMUSG00002074882,#N/A,0,0,0,0,0,0,0,0,0,0,0,0
ENSMUSG00000064687,Gm25811,0,0,0,0,0,0,0,0,0,0,0,0
ENSMUSG00000087016,Gm15979,1,0,3,3,1,0,1,1,3,3,3,1
ENSMUSG00000083272,Gm12550,0,0,0,0,0,0,0,0,0,0,0,0
ENSMUSG00000028492,Saxo1,0,0,0,0,0,0,1,0,0,0,0,0
ENSMUSG00000077597,Gm26017,0,0,0,0,0,0,0,0,0,0,0,0
ENSMUSG00000085108,Saxo1os,0,0,1,0,0,1,0,0,0,0,1,0
ENSMUSG00000070934,Rraga,1472,1681,1275,1332,1221,714,1256,1260,1608,1311,1185,1072
ENSMUSG00000034035,Ccdc17,42,46,45,60,41,25,35,38,46,41,30,44
ENSMUSG00000029053,Prkcz,49,35,26,31,33,16,22,24,48,37,32,40
ENSMUSG00000098729,Gm27200,0,0,0,0,0,0,0,0,0,0,0,0
ENSMUSG00000038047,Haus6,1216,1382,1392,1256,1451,1367,1075,1390,1267,1214,1422,1363
ENSMUSG00000088958,Scarna8,0,0,1,0,1,1,1,2,1,1,2,1
ENSMUSG00000081169,Gm12551,0,0,0,0,0,0,0,0,0,0,0,0
ENSMUSG00000029054,Gabrd,4,1,0,1,0,0,2,0,1,1,0,0
ENSMUSG00000028803,Nipal3,83,110,82,67,90,46,67,80,73,73,142,78
ENSMUSG00000084803,5830444B04Rik,9,6,3,4,15,2,4,13,13,8,14,11
ENSMUSG00000103955,Gm37270,0,0,0,0,0,0,0,0,0,0,0,0
ENSMUSG00000028801,Stpg1,0,0,0,0,0,0,0,0,0,0,0,0
ENSMUSG00002075292,#N/A,0,0,0,0,0,0,0,0,0,0,0,0
ENSMUSG00000028494,Plin2,211,214,136,162,130,62,185,176,167,147,178,124
ENSMUSG00000028693,Nasp,2345,2465,2364,2215,2709,2329,2438,2715,2591,2307,2758,2489
ENSMUSG00000037188,Grhl3,2,1,0,0,1,0,0,0,0,0,0,1
ENSMUSG00002075369,#N/A,0,0,0,0,0,0,0,0,0,0,0,0
ENSMUSG00000086788,1700029M20Rik,0,0,0,0,0,0,0,0,0,0,0,0
ENSMUSG00000028692,Akr1a1,2899,3469,2795,2882,2660,903,3274,3099,2727,2380,2264,2034
ENSMUSG00000065185,Gm25137,1,0,0,0,0,0,0,0,0,0,0,0
ENSMUSG00000062157,Ifnlr1,0,1,1,4,0,1,0,0,0,0,1,0
ENSMUSG00000083678,Gm12989,1,0,1,1,2,3,4,0,1,0,1,1
ENSMUSG00000037157,Il22ra1,0,0,0,0,0,0,0,0,0,0,0,0
ENSMUSG00000082743,Gm12988,2,1,0,1,1,0,0,0,0,0,0,0
ENSMUSG00000078490,Cfap74,11,19,11,6,10,8,5,12,9,12,14,14
ENSMUSG00000037139,Myom3,0,0,0,0,0,2,0,0,0,2,0,0
ENSMUSG00000081672,Gm13000,0,0,0,0,0,0,0,0,0,0,0,0
ENSMUSG00000038024,Dennd4c,652,727,585,553,585,423,331,632,638,596,555,531
ENSMUSG00000028691,Prdx1,2326,2883,2422,2603,3380,1601,3037,2830,2634,2338,2812,2428
ENSMUSG00000082969,Gm12630,13,10,5,4,5,0,7,6,14,15,7,14
ENSMUSG00000023153,Tmem52,0,0,0,2,0,0,0,0,0,0,0,0
ENSMUSG00000028690,Mmachc,500,481,408,327,581,407,326,443,518,468,643,589
ENSMUSG00000118647,#N/A,0,0,0,0,0,2,0,0,0,0,0,0
ENSMUSG00000028495,Rps6,217,236,192,230,199,38,163,194,222,188,170,173
ENSMUSG00000038007,Acer2,145,149,125,109,138,76,121,123,121,130,160,145
ENSMUSG00000028689,Ccdc163,51,72,55,52,88,49,80,75,64,50,85,70
ENSMUSG00000028676,Srsf10,2432,2300,2131,1977,2192,1725,2007,2248,2341,2313,2334,2282
ENSMUSG00000037996,Slc24a2,0,0,0,0,0,1,0,0,0,0,0,0
ENSMUSG00000086512,Gm12600,0,0,0,0,0,0,0,0,0,0,0,0
ENSMUSG00002075661,#N/A,0,0,0,0,1,0,0,0,0,0,0,0
ENSMUSG00000082443,Gm12604,0,0,0,0,0,0,0,0,0,0,0,0
ENSMUSG00000028675,Pnrc2,1000,922,855,786,753,717,728,834,968,860,797,695
ENSMUSG00000083430,Gm13006,0,0,0,0,0,0,0,0,0,0,0,0
ENSMUSG00000062585,Cnr2,34,36,17,8,16,11,8,21,28,33,31,50
ENSMUSG00000028673,Fuca1,480,575,385,422,454,202,424,450,502,439,441,414
ENSMUSG00000033985,Tesk2,62,76,83,72,96,50,55,87,62,61,46,39
ENSMUSG00002075917,#N/A,0,0,0,0,0,0,0,0,0,0,0,0
ENSMUSG00000028496,Mllt3,2999,3029,2425,2391,2557,2133,2191,2498,2587,2417,2717,2471
ENSMUSG00000084809,Gm12631,3,5,3,5,1,0,5,7,3,4,2,3
ENSMUSG00000081530,Gm12646,0,0,0,0,0,0,0,0,0,0,0,0
ENSMUSG00000028672,Hmgcl,204,225,171,177,148,43,186,173,214,167,137,126
ENSMUSG00000028671,Gale,320,313,206,221,243,65,213,198,266,216,257,259
ENSMUSG00000028688,Toe1,911,1062,811,799,783,363,830,900,932,829,768,735
ENSMUSG00000028670,Lypla2,2315,2612,1776,2020,1889,451,1893,1980,2292,2025,2268,2118
ENSMUSG00000029064,Gnb1,7538,8491,6349,6616,5997,3653,6282,6864,7468,6518,5626,5328
ENSMUSG00000082429,Gm13171,0,0,0,0,0,0,0,0,0,0,0,0
ENSMUSG00000028669,Pithd1,1496,1606,1286,1353,1209,501,1267,1340,1289,1220,1066,1042
ENSMUSG00000028687,Mutyh,80,89,88,97,100,39,99,100,78,85,106,122
ENSMUSG00000083852,Gm13007,0,0,0,0,0,0,0,2,0,0,0,0
ENSMUSG00000043155,Hpdl,372,448,277,340,226,47,266,261,384,329,255,231
ENSMUSG00000086417,Gm12996,0,0,0,0,0,0,0,0,0,0,0,0
ENSMUSG00000075390,Rpl36-ps8,0,0,0,0,0,2,0,0,0,0,0,0
ENSMUSG00000082841,Gm12994,0,0,0,0,0,0,0,0,0,0,0,0
ENSMUSG00000082063,Gm12993,0,0,0,0,0,0,0,0,0,0,0,0
ENSMUSG00000028668,Eloa,3641,3770,2590,2842,2705,1820,2376,2838,3113,2881,2954,2600
ENSMUSG00000085714,Gm13008,1,0,0,0,1,0,1,0,0,1,0,0
ENSMUSG00000097995,Gm24362,1,1,1,0,1,1,0,0,2,1,2,5
ENSMUSG00000038368,Focad,526,600,536,553,674,277,374,486,443,469,624,611
ENSMUSG00000070077,Mir491,0,0,0,1,0,1,1,1,0,0,0,0
ENSMUSG00000082597,Gm12645,0,0,0,0,0,0,0,0,0,0,0,0
ENSMUSG00000033948,Zswim5,12,12,9,3,7,8,2,4,9,7,7,5
ENSMUSG00002074989,#N/A,0,0,0,0,0,0,0,0,0,0,0,0
ENSMUSG00002076804,#N/A,0,0,0,0,0,0,0,0,0,0,0,0
ENSMUSG00000119735,#N/A,0,0,0,0,0,0,0,0,0,0,0,0
ENSMUSG00000082207,Gm12998,0,0,0,0,0,0,0,0,0,0,0,0
ENSMUSG00000059291,Rpl11,529,463,429,382,327,156,411,379,477,441,327,335
ENSMUSG00000082877,Gm13009,0,0,0,0,0,0,0,1,0,0,0,0
ENSMUSG00002074967,#N/A,0,0,0,0,0,0,0,0,0,0,0,0
ENSMUSG00000029063,Nadk,3037,3671,2665,2778,3104,1323,2491,2672,3277,2866,3240,3042
ENSMUSG00000007872,Id3,433,553,339,353,357,88,374,357,419,413,328,335
ENSMUSG00000018983,E2f2,449,451,519,475,596,223,691,751,441,371,492,422
ENSMUSG00000028497,Hacd4,0,0,0,0,0,0,0,0,0,0,0,0
ENSMUSG00000048806,Ifnb1,0,0,0,0,0,0,1,0,1,0,0,0
ENSMUSG00000096011,Ifna15,0,0,0,0,0,0,0,0,0,0,0,0
ENSMUSG00000028684,Urod,204,243,188,221,249,92,231,254,179,194,224,218
ENSMUSG00000095896,Ifna14,0,0,0,0,0,0,0,0,0,0,0,0
ENSMUSG00000080964,Ifna-ps1,0,0,0,0,0,0,0,0,0,0,0,0
ENSMUSG00000095270,Ifna9,0,0,0,0,0,0,0,0,0,0,0,0
ENSMUSG00000078480,Mrpl48-ps,1,3,1,1,1,4,4,0,1,1,2,3
ENSMUSG00000073811,Ifna12,0,0,0,0,0,0,0,0,0,0,0,0
ENSMUSG00000083958,Gm12601,0,0,0,0,0,0,0,0,0,0,0,0
ENSMUSG00000042202,Slc35e2,572,607,564,443,548,278,437,508,567,471,556,544
ENSMUSG00000086682,Gm16023,23,29,13,23,36,16,20,21,27,34,51,26
ENSMUSG00000036995,Asap3,4,0,6,4,3,1,5,3,0,0,3,3
ENSMUSG00000073682,Gm10563,0,2,1,0,0,2,0,2,3,0,1,2
ENSMUSG00000085063,Gm16024,1,0,1,1,0,0,0,0,0,0,2,1
ENSMUSG00000038330,C87499,0,0,0,0,0,0,0,0,0,0,0,0
ENSMUSG00000063376,Ifna13,0,0,0,0,0,0,0,0,0,0,0,0
ENSMUSG00000081784,Gm13281,0,0,0,0,0,0,0,0,0,0,0,0
ENSMUSG00000078355,Ifna16,0,0,0,0,0,0,0,0,0,0,0,0
ENSMUSG00000078354,Ifna2,0,0,0,0,0,0,0,3,1,0,0,0
ENSMUSG00000100079,Ifnab,0,0,0,0,0,0,0,1,0,0,0,0
ENSMUSG00000081893,Gm13273,0,0,0,0,0,0,0,0,0,0,0,0
ENSMUSG00000084192,Gm13282,0,0,0,0,0,0,0,0,1,0,0,0
ENSMUSG00000001604,Tcea3,5,0,0,0,1,3,1,2,2,0,2,1
ENSMUSG00000070923,Klhl9,982,1047,886,849,995,588,692,937,934,828,966,871
ENSMUSG00000097078,Gm26566,2,0,2,0,0,2,0,2,2,1,2,0
ENSMUSG00000086074,Gm13274,1,0,1,3,0,0,3,0,1,6,1,0
ENSMUSG00000117268,Gm49884,0,0,0,0,0,0,0,0,0,0,0,0
ENSMUSG00000094618,Gm13271,0,0,0,0,0,0,0,0,0,0,0,0
ENSMUSG00000081501,Gm13286,0,0,1,0,0,0,0,0,0,0,0,0
ENSMUSG00000046861,Hectd3,344,397,316,287,275,123,295,297,352,289,375,302
ENSMUSG00000051351,Zfp46,448,426,372,348,428,317,292,367,363,325,435,389
ENSMUSG00000086890,1700021J08Rik,1,0,0,1,0,0,1,0,0,0,0,0
ENSMUSG00000081330,Gm13013,0,0,0,1,0,0,0,0,2,0,0,0
ENSMUSG00000082249,Gm12997,0,0,0,0,0,0,0,0,0,0,0,0
ENSMUSG00000073809,Gm10583,0,0,0,0,0,0,0,0,0,0,0,0
ENSMUSG00000100505,Gm13283,0,0,0,0,1,2,2,0,0,1,0,0
ENSMUSG00000094498,Gm10582,0,0,0,0,0,0,0,0,0,0,0,0
ENSMUSG00000082789,Gm13284,0,0,0,0,0,0,0,0,0,0,0,0
ENSMUSG00000073807,Gm10581,0,0,0,0,0,0,0,0,0,0,0,0
ENSMUSG00000094271,Gm13290,0,0,0,0,0,0,0,0,0,0,0,0
ENSMUSG00000094167,Gm10580,0,0,0,0,0,0,0,0,0,0,0,0
ENSMUSG00000096582,Gm13289,0,0,0,0,0,0,0,0,0,0,0,0
ENSMUSG00000096591,Gm13272,0,0,0,0,0,0,0,0,1,0,0,0
ENSMUSG00000096854,Ifnz,0,0,0,0,0,0,0,0,0,0,0,0
ENSMUSG00000099545,Gm13276,0,0,0,0,0,0,0,0,0,0,0,0
ENSMUSG00000100234,Gm13277,0,0,0,0,0,0,0,1,0,0,0,0
ENSMUSG00000101163,Gm13278,0,0,0,0,0,0,0,0,0,0,0,0
ENSMUSG00000099518,Gm13275,0,0,0,0,0,0,0,0,0,0,0,0
ENSMUSG00000028683,Eif2b3,1844,2079,1559,1711,1767,1312,1517,1657,1941,1863,1686,1603
ENSMUSG00000099420,Gm13279,0,0,0,0,0,0,0,0,0,0,0,0
ENSMUSG00000088349,Gm22335,0,1,0,0,0,0,0,0,0,0,0,0
ENSMUSG00000095101,Gm13285,0,0,0,0,0,0,0,0,0,0,0,0
ENSMUSG00000094648,Gm13287,0,0,0,0,0,2,0,0,0,0,0,0
ENSMUSG00000070908,Gm13288,0,0,0,0,0,0,0,1,0,0,0,1
ENSMUSG00000100713,Ifna7,0,0,0,0,0,0,0,0,0,0,0,0
ENSMUSG00000100549,Ifna11,0,0,0,0,0,0,0,0,0,0,0,0
ENSMUSG00000101252,Ifna6,0,0,0,0,0,0,0,0,0,0,0,0
ENSMUSG00000096682,Ifna5,0,0,0,0,0,0,0,0,0,0,0,0
ENSMUSG00000070904,Ifna4,0,0,0,0,0,1,1,0,0,0,0,0
ENSMUSG00000095498,Ifna1,0,0,0,0,0,0,0,0,0,0,0,0
ENSMUSG00000054351,4930553M12Rik,0,0,1,0,0,0,1,1,0,0,0,0
ENSMUSG00000045364,Ifne,3,0,0,1,0,0,0,0,0,0,1,0
ENSMUSG00000117123,Gm49890,31,30,45,32,34,31,31,36,16,28,30,19
ENSMUSG00000065408,Mir31,0,0,0,0,0,0,0,0,0,0,0,0
ENSMUSG00000117251,Gm49891,1,0,2,1,0,3,3,2,4,0,2,2
ENSMUSG00000085183,Wincr1,0,0,0,1,1,0,1,1,0,0,0,1
ENSMUSG00000085569,Gm12602,1,2,1,1,0,0,0,1,0,1,0,1
ENSMUSG00000029062,Cdk11b,3471,3469,2979,2931,2718,2826,3045,3044,3279,2994,3219,2773
ENSMUSG00000062937,Mtap,3618,3913,3308,3405,3444,2533,3148,3421,3514,3111,3246,2882
ENSMUSG00000028681,Ptch2,6,3,3,2,1,0,2,1,0,0,5,2
ENSMUSG00000083989,Gm12607,1,0,0,0,0,0,0,1,0,0,0,0
ENSMUSG00000088504,Gm26490,0,0,0,0,0,0,0,0,0,0,0,0
ENSMUSG00000029061,Mmp23,9,8,9,2,3,3,9,5,6,3,4,9
ENSMUSG00000107513,Tgif2-ps1,0,0,0,0,0,0,0,0,0,0,0,0
ENSMUSG00000087659,Gm12606,5,1,2,1,0,7,1,0,1,0,1,0
ENSMUSG00000044303,Cdkn2a,69,94,117,110,85,39,57,66,70,36,60,67
ENSMUSG00000073802,Cdkn2b,46,66,88,92,65,24,38,32,45,26,21,20
ENSMUSG00000085147,Gm12609,0,0,1,1,2,0,0,0,0,0,0,0
ENSMUSG00000073771,Btbd19,930,1041,761,838,624,319,625,731,802,651,520,469
ENSMUSG00000086035,Gm12610,0,0,0,1,1,0,0,0,0,0,0,0
ENSMUSG00000080808,Gm12608,0,0,0,0,0,0,0,0,0,0,1,0
ENSMUSG00002075062,#N/A,0,0,0,0,0,0,0,0,0,0,0,0
ENSMUSG00000066037,Hnrnpr,2432,2316,1983,1818,2222,1857,1856,2030,2405,2283,2595,2431
ENSMUSG00000043753,Dmrta1,0,0,0,0,0,0,0,0,0,0,0,0
ENSMUSG00000085690,Gm12629,0,0,0,0,0,0,0,0,0,0,0,0
ENSMUSG00000047671,Tctex1d4,0,3,3,0,0,0,4,3,4,2,0,0
ENSMUSG00000098155,Gm27022,0,0,0,0,0,0,0,0,0,0,0,0
ENSMUSG00000070902,Zfp352,0,0,0,0,0,0,0,0,0,0,0,0
ENSMUSG00000080756,Gm12633,0,0,0,0,0,0,0,0,1,0,0,0
ENSMUSG00000082569,Gm12634,32,10,7,10,6,11,10,11,28,23,11,23
ENSMUSG00000081563,Gm12635,0,0,0,0,0,0,0,0,0,0,0,0
ENSMUSG00000082502,Gm12636,0,0,0,0,0,0,0,0,0,0,0,0
ENSMUSG00000082622,Gm12632,0,0,0,0,0,0,1,0,0,0,0,1
ENSMUSG00000096896,Gm25244,0,0,0,0,0,0,0,0,0,0,0,0
ENSMUSG00000070687,Htr1d,0,0,0,0,0,1,0,0,0,0,1,0
ENSMUSG00000079962,Gm12643,0,1,0,0,1,0,0,0,0,0,0,0
ENSMUSG00000066178,6030445D17Rik,2,0,0,0,0,0,0,0,3,1,4,2
ENSMUSG00000081876,Gm12644,0,0,0,0,0,0,0,0,0,0,0,0
ENSMUSG00000001089,Luzp1,445,389,362,296,336,295,262,394,329,324,350,307
ENSMUSG00000029060,Mib2,445,430,357,347,384,124,283,344,373,302,383,352
ENSMUSG00000074738,Fndc10,157,162,132,121,126,46,138,129,173,159,142,142
ENSMUSG00000028680,Plk3,5315,5568,3683,3668,3453,1503,2681,2907,3625,3442,2879,2747
ENSMUSG00000033872,Best4-ps,0,0,0,0,0,0,1,0,0,0,0,0
ENSMUSG00000070834,Gm13015,1,0,0,0,0,0,1,1,0,0,0,1
ENSMUSG00000029038,Ssu72,1282,1553,1216,1348,1386,864,1369,1288,1259,1206,1196,1093
ENSMUSG00000064916,Gm22573,0,0,0,0,0,0,0,0,0,0,0,0
ENSMUSG00000096221,1500002C15Rik,3,2,5,4,3,1,2,3,3,1,2,0
ENSMUSG00000047675,Rps8,3772,4688,3577,3699,3797,1236,4058,3337,3994,3578,3092,3269
ENSMUSG00000084845,Tmem240,3,2,6,5,6,1,5,3,7,3,7,2
ENSMUSG00000064542,Gm22980,2,3,3,5,2,0,3,4,8,7,0,5
ENSMUSG00000065680,Snord38a,0,0,0,0,0,0,0,0,0,0,0,0
ENSMUSG00000064751,Gm26330,0,0,0,0,0,0,0,0,0,0,0,0
ENSMUSG00000092680,Snord55,30,43,41,31,44,6,19,33,40,40,25,38
ENSMUSG00002075817,#N/A,0,0,0,0,0,0,0,0,0,0,0,0
ENSMUSG00000008489,Elavl2,0,0,0,1,0,3,1,0,0,0,1,0
ENSMUSG00000083377,Gm12653,0,0,0,0,0,0,0,0,0,0,0,0
ENSMUSG00000098563,Mir6402,0,0,0,0,0,0,0,0,0,0,0,0
ENSMUSG00000085817,Gm12668,0,0,0,0,0,0,0,0,0,0,0,0
ENSMUSG00000086042,Gm12670,0,0,0,0,0,0,0,0,0,0,0,0
ENSMUSG00000082523,Gm12667,0,0,0,0,0,0,0,0,0,0,0,0
ENSMUSG00000100863,Gm12669,9,18,15,14,8,8,17,15,10,5,11,12
ENSMUSG00000095937,Gm12671,0,0,0,0,0,0,0,0,0,0,0,0
ENSMUSG00000087517,4930577H14Rik,0,0,0,0,0,0,0,0,0,0,0,0
ENSMUSG00000028533,Izumo3,0,0,0,0,0,0,0,0,0,0,0,0
ENSMUSG00000066107,Gm12666,2,2,3,0,2,1,0,0,1,1,0,1
ENSMUSG00000083296,Gm12638,0,0,0,0,0,0,0,0,0,0,0,0
ENSMUSG00000085209,Gm12637,0,0,0,0,0,0,0,0,0,0,0,0
ENSMUSG00000088914,Gm22605,0,0,0,0,0,0,0,0,0,0,0,0
ENSMUSG00000081987,Gm12639,0,0,0,0,0,0,0,0,0,0,0,0
ENSMUSG00000082919,Gm12641,4,5,12,15,7,0,9,8,3,4,3,2
ENSMUSG00000082325,Gm12642,1,1,3,4,1,0,2,1,3,4,4,1
ENSMUSG00000028678,Kif2c,471,516,474,492,1026,528,689,768,447,441,836,730
ENSMUSG00000054000,Tusc1,107,122,83,79,43,12,86,82,122,106,72,85
ENSMUSG00000084833,Gm12649,0,0,0,0,0,0,0,0,0,0,0,0
ENSMUSG00000064850,Gm23443,0,0,0,0,0,0,0,0,0,0,0,0
ENSMUSG00000119227,#N/A,0,0,0,0,0,0,0,0,0,0,0,0
ENSMUSG00000083607,Gm12640,0,0,0,0,0,0,0,0,0,0,0,0
ENSMUSG00000119142,#N/A,0,0,0,0,0,0,0,0,0,0,0,0
ENSMUSG00000119654,#N/A,0,0,0,0,0,0,0,0,0,0,0,0
ENSMUSG00000119459,#N/A,0,0,0,0,0,0,0,0,0,0,0,0
ENSMUSG00002076093,#N/A,0,0,0,0,0,0,0,0,0,0,0,0
ENSMUSG00000073797,Gm12650,0,0,0,0,0,0,0,0,0,0,0,0
ENSMUSG00000086482,1700012C08Rik,0,0,0,0,0,0,0,0,0,0,0,0
ENSMUSG00000081685,Gm12647,0,0,0,0,0,0,0,0,0,0,0,0
ENSMUSG00000085931,Gm12648,0,0,0,0,0,0,0,0,0,0,0,0
ENSMUSG00002076402,#N/A,0,0,0,0,0,0,0,0,0,0,0,0
ENSMUSG00000081508,Gm12654,0,0,0,0,0,0,0,0,0,0,0,0
ENSMUSG00002076227,#N/A,0,0,0,0,0,0,0,0,0,0,0,0
ENSMUSG00000087128,Gm12655,10,15,21,17,12,9,12,20,12,13,10,13
ENSMUSG00002074983,#N/A,0,0,0,0,0,0,0,0,0,0,0,0
ENSMUSG00000083359,Gm12656,0,0,0,0,0,0,0,0,0,0,0,0
ENSMUSG00000060268,Armh1,0,1,0,0,0,3,0,0,0,0,1,0
ENSMUSG00000029036,Atad3a,4562,4930,4108,4246,3816,2101,3615,4193,4667,4255,3846,3691
ENSMUSG00000036940,Kdm1a,2604,2988,2100,2048,2193,1360,2006,2167,2468,2349,2168,2132
ENSMUSG00000028578,Caap1,410,386,324,282,339,292,311,370,345,334,359,345
ENSMUSG00000082711,Gm12987,0,4,1,3,0,3,1,0,2,3,0,1
ENSMUSG00000083054,Gm12986,0,0,0,0,0,0,0,0,0,0,2,1
ENSMUSG00000092747,Gm22180,0,0,0,0,0,0,0,0,0,0,0,0
ENSMUSG00000054514,Atad3aos,8,3,2,7,8,7,2,12,8,4,7,4
ENSMUSG00000036921,Tex46,0,0,0,0,0,0,0,0,0,0,0,0
ENSMUSG00000048772,Tmem53,1,0,0,1,2,3,1,0,2,1,0,1
ENSMUSG00000070683,Lactbl1,2,2,2,1,3,2,0,0,2,0,1,2
ENSMUSG00000042116,Vwa1,29,29,39,49,37,13,34,38,35,21,15,19
ENSMUSG00000103119,Gm37583,0,2,0,0,1,0,0,0,1,0,0,0
ENSMUSG00000073680,Tmem88b,0,1,0,0,1,3,2,1,2,0,1,0
ENSMUSG00002075881,#N/A,0,0,0,0,0,0,0,0,1,0,0,0
ENSMUSG00000078487,Ankrd65,0,0,0,0,0,0,0,0,0,0,0,0
ENSMUSG00000028577,Plaa,3633,3766,2955,3119,3046,2660,2655,3191,3340,3240,2954,2854
ENSMUSG00000063314,Gm12657,0,0,0,1,0,0,1,0,0,0,0,0
ENSMUSG00000029066,Mrpl20,1505,1756,1408,1563,1851,742,1602,1534,1697,1432,1585,1639
ENSMUSG00000028576,Ift74,33,63,42,53,38,64,48,61,26,46,53,42
ENSMUSG00000029068,Ccnl2,3156,3235,2974,2921,3006,1318,2478,2750,2966,2763,2948,2859
ENSMUSG00000049799,Lrrc19,0,0,0,0,1,0,0,0,0,0,0,0
ENSMUSG00000077921,Mir872,0,0,0,0,0,0,0,0,0,0,0,0
ENSMUSG00000028677,Rnf220,2270,2575,2059,1947,1970,1159,1880,2173,2300,2167,2078,1855
ENSMUSG00000085749,Gm12843,3,1,1,0,2,0,2,0,1,3,0,0
ENSMUSG00000086876,Gm12828,0,0,0,0,0,0,0,0,0,0,0,0
ENSMUSG00000087228,Gm12827,0,0,0,0,0,0,0,0,0,0,0,0
ENSMUSG00000083446,Gm12826,0,0,0,0,0,0,0,0,0,0,0,0
ENSMUSG00000028664,Ephb2,1,0,3,2,1,2,1,3,3,0,5,0
ENSMUSG00000065990,Aurkaip1,1160,1459,1100,1196,1269,499,1345,1103,1333,1099,1065,1027
ENSMUSG00000073679,Mxra8os,0,0,0,0,0,1,0,0,0,0,0,0
ENSMUSG00000036905,C1qb,0,0,0,0,0,0,0,0,0,0,0,0
ENSMUSG00000036896,C1qc,0,0,0,0,0,0,0,0,0,0,0,0
ENSMUSG00000036887,C1qa,0,0,0,0,0,0,0,0,1,0,0,0
ENSMUSG00000033423,Eri3,451,456,360,324,397,160,404,380,435,403,470,455
ENSMUSG00002075360,#N/A,0,0,0,0,0,0,1,0,0,0,0,0
ENSMUSG00000028661,Epha8,0,1,0,0,0,0,0,0,0,0,0,0
ENSMUSG00000029070,Mxra8,7,5,7,6,1,1,4,1,3,3,2,4
ENSMUSG00000009640,Dmap1,613,772,550,629,617,251,636,531,669,572,539,473
ENSMUSG00000086320,Gm12840,0,0,0,0,2,0,0,0,0,0,1,0
ENSMUSG00000108127,Gm12845,0,0,0,0,0,0,0,0,0,0,0,0
ENSMUSG00000084260,Gm12844,3,0,0,1,3,0,1,1,2,2,0,1
ENSMUSG00000060862,Zbtb40,1062,1065,888,855,846,310,628,919,805,821,772,753
ENSMUSG00000048626,Klf17,0,0,0,0,0,0,0,0,0,0,0,0
ENSMUSG00000083507,Gm12842,0,0,0,0,0,0,0,0,0,1,0,0
ENSMUSG00000077624,Gm23834,0,0,0,0,0,0,0,0,0,0,0,0
ENSMUSG00000085542,1700037C06Rik,0,0,0,0,0,0,0,0,0,0,0,0
ENSMUSG00000087417,Gm13001,0,0,0,0,0,0,0,0,0,0,0,0
ENSMUSG00000085833,Gm13003,0,0,0,0,0,0,0,0,0,0,0,0
ENSMUSG00002076872,#N/A,0,0,0,0,0,0,0,0,0,0,0,0
ENSMUSG00002075216,#N/A,0,0,0,0,0,0,0,0,0,0,0,0
ENSMUSG00000080806,Gm13005,0,0,0,0,0,0,0,0,0,0,0,0
ENSMUSG00000082149,Gm13002,0,0,0,0,0,0,0,0,0,0,0,0
ENSMUSG00000006386,Tek,0,0,0,0,0,2,0,0,0,0,0,0
ENSMUSG00000036856,Wnt4,0,0,0,0,0,2,0,0,0,0,0,0
ENSMUSG00000028575,Eqtn,8,7,6,0,1,5,4,2,3,1,7,5
ENSMUSG00000083179,Gm12693,5,7,2,4,2,1,2,3,6,4,3,4
ENSMUSG00000029071,Dvl1,1666,1802,1432,1404,1610,571,1312,1450,1700,1446,1476,1533
ENSMUSG00000029072,Tas1r3,9,7,8,8,11,3,6,13,6,7,10,7
ENSMUSG00000006699,Cdc42,7196,8292,6093,6257,5886,3628,6352,6397,6956,6325,5934,5297
ENSMUSG00002074982,#N/A,0,0,0,0,0,0,0,0,0,0,0,0
ENSMUSG00000101493,2810405F17Rik,16,10,12,8,29,4,7,16,11,3,20,23
ENSMUSG00000029073,Cptp,215,218,188,197,243,108,235,251,200,191,167,185
ENSMUSG00000070667,Rpl31-ps10,0,2,0,1,0,1,1,2,0,2,1,2
ENSMUSG00000078520,Cela3a,0,0,0,0,0,0,0,0,0,0,0,0
ENSMUSG00000062627,Mysm1,1087,1052,890,899,823,709,541,834,841,903,885,855
ENSMUSG00000086251,Gm12694,0,0,0,0,0,0,0,0,0,0,0,0
ENSMUSG00000052767,Gm12703,0,0,0,0,0,0,0,0,0,0,0,0
ENSMUSG00000081030,Gm12704,8,2,5,7,5,3,10,3,7,6,4,7
ENSMUSG00000023433,Cela3b,0,0,0,0,0,0,0,0,0,0,0,0
ENSMUSG00000052684,Jun,1260,1396,1667,1721,1219,757,1613,1837,1194,1112,969,877
ENSMUSG00000086845,Gm13010,0,0,0,0,0,2,0,0,0,0,0,0
ENSMUSG00000041399,1700013G24Rik,0,0,0,0,0,0,0,0,0,0,0,0
ENSMUSG00000087366,Junos,1,5,7,4,3,1,3,12,3,3,4,2
ENSMUSG00002076977,#N/A,0,0,0,0,0,0,0,1,1,0,0,0
ENSMUSG00000085377,4930551L18Rik,0,0,0,0,0,0,0,0,0,0,0,0
ENSMUSG00000100189,Gm28096,0,0,0,0,0,0,0,0,0,0,0,0
ENSMUSG00000084918,Gm12708,1,0,0,0,0,0,0,1,0,0,1,0
ENSMUSG00000100129,Gm29064,0,0,0,0,0,0,0,0,0,0,0,0
ENSMUSG00000084939,Gm830,0,1,0,0,0,0,0,0,1,0,0,0
ENSMUSG00000085835,Gm12707,0,0,0,0,0,0,0,0,0,0,0,0
ENSMUSG00000065745,Gm25004,0,0,0,0,0,0,0,0,0,0,0,0
ENSMUSG00000029034,Ints11,1259,1415,1121,1123,1235,526,1068,1037,1263,1148,1212,1155
ENSMUSG00000051557,Pusl1,1436,1655,1185,1260,1080,319,1228,1079,1381,1230,1122,1037
ENSMUSG00000028542,Slc6a9,218,245,366,350,219,75,234,253,177,169,131,152
ENSMUSG00000091237,Gm17114,0,0,0,0,0,0,0,0,0,0,0,0
ENSMUSG00000078588,Ccdc24,2,4,3,0,1,2,3,2,0,0,1,1
ENSMUSG00000028763,Hspg2,7,9,4,7,6,5,6,6,10,3,5,2
ENSMUSG00000099134,Mir7018,0,0,0,0,0,0,0,0,0,0,0,0
ENSMUSG00000028573,Fggy,52,50,50,51,35,19,46,66,41,17,31,35
ENSMUSG00000094035,Ldlrad2,0,0,0,0,0,1,0,0,0,0,0,0
ENSMUSG00000093492,Gm20651,0,0,0,0,0,0,0,0,0,0,0,0
ENSMUSG00000044125,9530080O11Rik,7,4,3,0,5,8,6,6,1,11,3,5
ENSMUSG00000029033,Acap3,674,769,532,567,417,153,488,544,541,505,437,396
ENSMUSG00002076209,#N/A,0,0,0,0,0,0,0,0,0,0,0,0
ENSMUSG00000028541,B4galt2,172,135,83,96,41,12,79,92,95,73,86,93
ENSMUSG00000085278,Gm12841,0,0,0,1,0,0,0,0,1,0,0,0
ENSMUSG00000033379,Atp6v0b,1087,1244,922,996,979,281,914,858,939,940,876,920
ENSMUSG00000028540,Dph2,972,1058,921,943,827,262,782,854,970,935,808,763
ENSMUSG00000033365,Ipo13,1237,1260,850,850,1036,378,664,893,1040,918,1094,1063
ENSMUSG00000028572,Hook1,1131,1203,897,847,1042,933,620,826,992,1034,1224,1050
ENSMUSG00000028539,Artn,0,1,0,2,0,0,1,0,0,0,0,1
ENSMUSG00000028571,Cyp2j13,0,0,0,0,0,0,0,0,0,0,0,0
ENSMUSG00000118637,AL772212.1,0,0,0,0,0,0,0,0,0,0,0,0
ENSMUSG00000083880,Hspe1-ps6,0,0,0,0,0,0,0,0,0,0,0,0
ENSMUSG00000081225,Cyp2j12,0,0,0,0,0,0,0,0,0,1,0,0
ENSMUSG00000080884,Cyp2j7-ps3,0,0,0,0,0,0,0,0,0,0,0,0
ENSMUSG00000083801,Cyp2j7-ps2,0,0,0,0,0,0,0,0,0,0,0,0
ENSMUSG00000082681,Cyp2j7-ps1,0,0,0,0,0,0,0,0,0,0,0,0
ENSMUSG00000043411,Usp48,2170,2230,1907,1870,1888,1151,1488,1931,1863,1810,1972,1763
ENSMUSG00000023286,Ube2j2,1350,1545,1174,1213,1227,466,1210,1200,1403,1208,1132,1146
ENSMUSG00000081362,Cyp2j7,0,0,0,0,0,0,0,0,0,0,0,0
ENSMUSG00000084286,Cyp2j15-ps,0,0,0,0,0,0,0,0,0,0,0,0
ENSMUSG00000028538,St3gal3,86,92,61,60,56,14,81,58,67,56,71,76
ENSMUSG00000086554,9530034E10Rik,0,0,0,0,0,0,2,0,0,0,0,0
ENSMUSG00000066097,Cyp2j11,0,0,0,0,0,0,0,0,0,0,0,0
ENSMUSG00000082119,Cyp2j14-ps,0,0,0,0,0,1,0,0,0,0,0,0
ENSMUSG00000082932,Cyp2j8,0,0,0,0,0,0,0,0,0,0,0,0
ENSMUSG00000023571,C1qtnf12,692,793,585,720,544,108,776,690,680,625,445,460
ENSMUSG00000050796,B3galt6,414,465,374,391,424,156,343,347,490,450,352,368
ENSMUSG00000052914,Cyp2j6,0,0,0,0,0,0,0,0,0,1,0,0
ENSMUSG00000015224,Cyp2j9,0,0,0,0,0,0,0,0,0,0,0,0
ENSMUSG00000052520,Cyp2j5,0,0,0,0,0,0,0,0,0,0,0,0
ENSMUSG00000078639,Gm12695,0,0,0,0,0,0,0,0,0,0,0,0
ENSMUSG00000088738,Gm27579,0,0,0,0,0,0,0,0,0,0,0,0
ENSMUSG00000098261,Gm27521,0,0,0,0,0,0,0,0,0,0,0,0
ENSMUSG00000084159,Gm12696,10,7,5,10,5,4,7,7,6,12,10,6
ENSMUSG00000082683,Gm12697,0,0,0,0,0,0,0,0,0,0,0,0
ENSMUSG00000029076,Sdf4,14362,16754,12851,14412,10567,5999,12638,13310,13326,11899,9149,8473
ENSMUSG00000048747,E130114P18Rik,0,0,0,0,0,0,1,0,0,0,0,0
ENSMUSG00000085710,Gm12676,0,0,0,1,0,0,0,0,0,0,0,0
ENSMUSG00000029075,Tnfrsf4,18956,22801,17167,20116,20142,9075,19088,19770,21669,20634,15226,15024
ENSMUSG00000103183,Gm37090,18,21,24,36,30,28,24,33,15,26,20,11
ENSMUSG00000087381,Gm16008,13,9,11,15,21,5,8,13,13,9,5,12
ENSMUSG00000088545,Gm25982,0,0,0,0,0,0,0,0,0,0,0,0
ENSMUSG00000041954,Tnfrsf18,3772,4318,4023,4639,5766,2307,5096,4730,4851,4335,4237,4147
ENSMUSG00000041351,Rap1gap,12,15,12,17,19,5,21,17,14,8,13,12
ENSMUSG00000087476,Rap1gapos,0,0,0,0,0,0,0,0,0,0,0,0
ENSMUSG00000033326,Kdm4a,1281,1406,1065,1105,979,514,833,1104,1061,993,1053,877
ENSMUSG00000088303,Gm23382,0,0,0,0,0,0,0,0,0,0,0,0
ENSMUSG00000028766,Alpl,197,234,119,120,246,180,96,150,219,166,282,250
ENSMUSG00000029074,Ttll10,1,0,0,0,0,2,0,0,0,0,0,0
ENSMUSG00000086549,Gm13648,0,0,2,0,0,0,1,1,2,2,1,1
ENSMUSG00000065427,Mir429,0,0,0,0,0,0,0,0,0,0,0,0
ENSMUSG00000065400,Mir200a,0,0,0,0,0,0,0,0,0,0,0,0
ENSMUSG00000065549,Mir200b,0,0,0,0,0,0,0,0,0,0,0,0
ENSMUSG00000057530,Ece1,9872,10321,8660,8494,5521,3178,6033,7940,7508,7150,3563,3328
ENSMUSG00000033295,Ptprf,13,25,13,13,15,8,8,17,23,20,15,14
ENSMUSG00000098596,Mir7226,0,0,0,0,0,0,0,0,0,0,0,0
ENSMUSG00000085823,Gm13012,43,28,36,27,49,25,23,33,27,45,56,42
ENSMUSG00000059939,9430015G10Rik,350,336,382,381,651,262,437,497,346,312,535,518
ENSMUSG00000006395,Hyi,215,202,196,170,187,124,212,186,221,207,264,233
ENSMUSG00000110404,Rnf223,10,10,12,20,20,12,10,10,6,5,11,6
ENSMUSG00000028565,Nfia,21,19,22,40,29,16,21,20,14,12,20,14
ENSMUSG00000081096,Gm12691,1,2,0,2,2,1,0,0,1,0,1,1
ENSMUSG00000082388,Gm12692,0,0,0,0,0,0,0,0,0,0,0,1
ENSMUSG00000083644,Gm12787,0,0,0,0,0,2,0,1,0,0,0,0
ENSMUSG00000064883,Gm24203,0,0,0,0,0,0,0,0,0,0,0,0
ENSMUSG00000046683,0610025J13Rik,0,0,0,0,0,0,0,0,0,0,0,0
ENSMUSG00000082144,Gm12788,0,0,0,0,0,0,0,0,0,0,0,0
ENSMUSG00000033253,Szt2,1436,1370,1349,1219,1118,493,853,1234,1170,1156,1234,1273
ENSMUSG00000028563,Tm2d1,255,259,232,234,232,117,281,249,283,260,215,232
ENSMUSG00002076552,#N/A,0,0,0,0,0,0,0,0,0,0,0,0
ENSMUSG00000006392,Med8,1613,1647,1410,1366,1475,1121,1448,1469,1725,1455,1472,1342
ENSMUSG00000006390,Elovl1,2768,3345,2139,2412,2128,950,2376,2304,2692,2440,1981,1961
ENSMUSG00000006398,Cdc20,1462,1605,1575,1585,2622,1088,2191,2174,1482,1302,2134,2048
ENSMUSG00000081921,Gm12858,0,2,0,0,1,0,1,0,1,0,0,0
ENSMUSG00000041936,Agrn,152,145,152,124,160,52,139,180,154,160,170,173
ENSMUSG00000006389,Mpl,0,0,0,0,0,1,0,0,0,0,0,0
ENSMUSG00000035692,Isg15,48,69,121,142,91,47,167,152,92,121,127,126
ENSMUSG00000078349,AW011738,6,8,14,13,8,6,11,16,10,12,15,19
ENSMUSG00000078486,Perm1,0,0,0,1,0,0,0,0,1,0,0,0
ENSMUSG00000033191,Tie1,0,0,0,0,0,1,0,0,0,0,0,0
ENSMUSG00000080857,Gm12859,0,0,0,0,0,0,0,0,0,0,0,0
ENSMUSG00000081233,Gm12857,3,1,1,2,3,1,3,4,3,1,4,1
ENSMUSG00000028536,2610528J11Rik,0,0,0,0,0,0,0,0,0,0,0,0
ENSMUSG00000050854,Tmem125,3,5,3,3,1,2,4,6,2,2,3,3
ENSMUSG00000095567,Noc2l,12984,13902,10848,11300,11891,7082,10028,11457,13530,11772,13540,12023
ENSMUSG00000028730,Cfap57,1,0,2,0,0,1,1,2,1,1,0,0
ENSMUSG00000096351,Samd11,9,3,9,10,1,6,10,3,7,8,2,8
ENSMUSG00000111895,Gm47252,1,0,1,1,0,0,0,0,0,2,0,1
ENSMUSG00000028729,Ebna1bp2,6786,7468,5789,6058,6173,5083,5514,6016,7257,6373,6416,5920
ENSMUSG00000085292,Gm12853,0,0,0,0,0,0,0,0,0,0,0,0
ENSMUSG00000043698,Olfr62,0,0,0,0,0,0,0,0,0,0,0,0
ENSMUSG00000086521,Olfr1343-ps1,0,0,0,0,0,0,0,0,0,0,0,0
ENSMUSG00000057021,Vmn2r-ps159,0,0,0,0,0,0,0,0,0,0,0,0
ENSMUSG00000096042,Vmn2r125,0,0,0,0,0,0,0,0,0,0,0,0
ENSMUSG00000043383,Olfr1342,1,0,0,0,0,1,0,0,0,0,0,0
ENSMUSG00000046790,Olfr1341,0,0,0,0,0,0,0,0,0,0,0,0
ENSMUSG00000070821,Olfr1340,0,0,0,0,0,1,0,0,0,0,0,0
ENSMUSG00000070820,Olfr1339,0,0,0,0,0,0,0,0,0,0,0,0
ENSMUSG00000095218,Olfr1338,0,0,0,0,0,0,0,0,0,0,0,0
ENSMUSG00000111159,Olfr1337,0,0,0,0,0,0,0,0,0,0,0,0
ENSMUSG00000081474,Gm12855,0,0,0,0,0,0,0,0,0,0,0,0
ENSMUSG00000066061,Olfr1335,0,0,0,0,0,0,0,0,0,0,0,0
ENSMUSG00000028760,Eif4g3,8247,8164,6387,6132,6895,5054,5097,7347,7315,6911,7982,6894
ENSMUSG00000110947,Olfr1333,0,0,0,0,0,0,0,0,0,0,0,0
ENSMUSG00000083336,Olfr1332-ps1,0,0,0,0,0,0,0,0,0,0,0,0
ENSMUSG00000073769,Olfr1331,0,0,0,0,0,0,0,0,0,0,0,0
ENSMUSG00000073768,Olfr1330,0,0,0,0,1,1,1,0,0,0,0,0
ENSMUSG00000084804,1700095J12Rik,0,0,0,0,0,0,0,0,0,0,0,0
ENSMUSG00000098513,Mir6399,0,1,1,0,0,0,0,0,3,1,1,0
ENSMUSG00000096705,Olfr1329,0,0,0,0,0,0,0,0,0,0,0,0
ENSMUSG00000078519,2310026L22Rik,5,4,1,0,1,4,3,1,2,2,0,0
ENSMUSG00000111259,Olfr1328,0,0,0,0,0,2,0,0,0,0,0,0
ENSMUSG00000084133,Gm12856,1,0,3,0,0,0,1,0,1,0,0,0
ENSMUSG00000073765,Gm12863,0,0,0,0,0,0,0,0,0,0,0,0
ENSMUSG00000024903,Lao1,0,0,0,0,0,0,0,0,0,0,0,0
ENSMUSG00000085895,Gm12861,0,0,0,0,0,0,0,0,0,0,0,0
ENSMUSG00000089591,Gm24352,0,0,0,0,0,0,0,0,0,0,0,0
ENSMUSG00000087238,Gm12865,0,0,0,0,0,0,0,0,0,0,1,0
ENSMUSG00000082143,Gm12864,19,18,16,14,19,2,20,26,21,9,10,16
ENSMUSG00000087464,Gm12862,0,0,0,0,0,0,0,0,0,0,0,0
ENSMUSG00000066060,Gm12866,0,0,0,0,0,0,0,0,0,0,0,0
ENSMUSG00000028645,Slc2a1,2007,2189,1574,1642,1634,728,1683,1862,1891,1617,1684,1595
ENSMUSG00000088552,Mir1957a,0,1,1,1,1,1,0,1,1,1,0,0
ENSMUSG00000086683,Gm12867,0,0,0,0,0,0,0,0,0,0,0,0
ENSMUSG00000085505,Gm12868,0,0,0,0,1,0,0,0,0,0,0,0
ENSMUSG00000045268,Zfp691,96,130,83,71,110,53,67,63,99,73,127,93
ENSMUSG00000061859,Patj,220,186,136,155,141,73,147,161,158,143,176,170
ENSMUSG00002076106,#N/A,0,0,0,0,0,0,0,0,0,0,0,0
ENSMUSG00002076456,#N/A,0,0,0,0,0,0,0,1,1,0,0,0
ENSMUSG00000081046,Gm12846,0,0,0,0,0,0,0,0,1,0,1,0
ENSMUSG00000028644,Ermap,0,0,2,0,0,0,0,1,0,1,0,0
ENSMUSG00000087166,L1td1,0,1,1,0,0,0,0,0,0,1,0,1
ENSMUSG00000090718,Gm17376,0,0,0,0,0,0,0,0,0,0,0,0
ENSMUSG00000028643,Svbp,176,208,140,148,134,51,191,157,168,153,124,113
ENSMUSG00000035407,Kank4,0,0,0,0,0,0,0,0,0,0,0,0
ENSMUSG00000085843,Kank4os,0,0,0,0,0,0,0,0,0,0,0,0
ENSMUSG00000073794,I0C0044D17Rik,0,0,0,0,0,1,0,0,0,0,0,0
ENSMUSG00000084188,Gm12851,0,0,0,0,0,0,0,0,0,0,0,0
ENSMUSG00000078584,AU022252,648,690,606,578,485,239,490,582,594,519,512,428
ENSMUSG00000028759,Hp1bp3,2196,2153,2058,1965,2440,1349,1935,2345,2081,1810,2452,2263
ENSMUSG00000028642,Tmem269,0,1,0,0,2,0,0,0,1,0,0,0
ENSMUSG00000085626,Gm12898,1,0,0,0,0,0,0,0,0,0,0,0
ENSMUSG00000028560,Usp1,3440,3475,2827,2755,2681,2635,2561,3256,3224,3178,2929,2795
ENSMUSG00000045349,Sh2d5,63,88,47,68,50,29,60,38,55,57,92,77
ENSMUSG00000028758,Kif17,0,0,0,1,1,0,0,2,0,1,0,0
ENSMUSG00000028757,Ddost,4123,4362,3211,3235,3907,1666,3380,3559,3981,3484,3600,3537
ENSMUSG00000028756,Pink1,105,155,113,133,99,35,128,156,108,110,81,99
ENSMUSG00000099200,Mir7019,0,0,0,0,0,0,0,0,0,0,0,0
ENSMUSG00002075257,#N/A,0,0,0,0,0,0,0,0,0,0,0,0
ENSMUSG00000028755,Cda,0,0,0,0,0,1,0,0,0,0,0,0
ENSMUSG00000078235,Fam43b,0,0,0,0,0,0,0,0,0,0,0,0
ENSMUSG00000046109,AB041806,0,0,0,0,0,1,0,0,0,0,0,0
ENSMUSG00000083326,Rpl38-ps1,0,0,0,2,0,0,1,0,0,0,1,0
ENSMUSG00000041241,Mul1,776,856,666,656,581,192,561,637,737,652,522,531
ENSMUSG00000046447,Camk2n1,179,182,109,119,94,78,110,104,128,120,87,89
ENSMUSG00000028753,Vwa5b1,0,0,0,0,0,2,0,0,1,0,1,0
ENSMUSG00002074957,#N/A,0,0,0,0,0,0,0,0,0,0,0,0
ENSMUSG00000028641,P3h1,443,477,369,362,303,134,305,377,394,341,313,324
ENSMUSG00000085203,Gm12927,0,0,0,0,0,0,0,0,0,0,0,0
ENSMUSG00000066058,Cldn19,0,0,0,0,0,0,0,0,0,0,0,0
ENSMUSG00000028639,Ybx1,14693,14943,11720,12013,12739,9982,12069,13273,15401,13252,14777,12639
ENSMUSG00000102819,Gm37817,1,0,1,0,0,0,1,0,0,0,0,0
ENSMUSG00000070661,Rnf186,0,0,0,0,0,0,0,0,0,0,0,0
ENSMUSG00000041143,Tmco4,1434,1593,1431,1447,1297,481,1415,1639,1435,1306,1018,1135
ENSMUSG00000028747,Htr6,0,0,0,0,0,0,0,0,1,0,0,1
ENSMUSG00000110296,Gm45533,0,0,0,0,0,0,0,0,0,0,0,0
ENSMUSG00000041120,Nbl1,35,47,19,25,8,5,9,20,32,24,9,8
ENSMUSG00000050608,Micos10,918,1160,848,934,1040,1114,1007,955,1070,861,929,878
ENSMUSG00000083238,Hspe1-ps4,0,0,0,0,0,0,0,0,0,0,0,0
ENSMUSG00000073739,Gm16287,1,0,0,0,0,1,0,0,0,1,1,2
ENSMUSG00000060288,Ppih,210,159,196,184,218,237,225,237,218,179,181,237
ENSMUSG00000028556,Dock7,87,84,46,51,49,29,41,74,67,59,71,76
ENSMUSG00000028553,Angptl3,0,0,0,0,0,2,0,0,0,0,0,1
ENSMUSG00000081733,Gm12852,4,4,1,2,1,1,3,0,2,3,1,1
ENSMUSG00000087395,Gm12705,0,0,0,0,0,0,0,0,0,0,0,0
ENSMUSG00000086498,Gm12681,0,0,0,0,0,0,0,0,0,0,0,0
ENSMUSG00000028550,Atg4c,43,37,25,18,48,25,26,35,39,25,52,38
ENSMUSG00000104479,Gm10305,0,0,0,0,0,0,0,0,0,0,2,2
ENSMUSG00000070891,Gm12689,0,0,0,1,0,0,0,0,0,0,0,0
ENSMUSG00000103097,Gm37556,0,0,0,0,0,0,0,0,0,0,0,0
ENSMUSG00000081184,Gm12685,0,0,0,0,0,0,0,0,0,0,0,0
ENSMUSG00000082442,Gm12686,0,0,0,0,0,0,0,0,0,0,0,0
ENSMUSG00000081150,Gm12684,0,0,1,0,3,0,1,0,0,0,0,0
ENSMUSG00000080803,Gm12683,0,0,0,0,0,0,0,0,0,0,0,0
ENSMUSG00000103575,Gm37117,0,0,0,0,0,0,0,0,0,0,0,0
ENSMUSG00000087332,Gm12690,0,0,0,0,0,0,0,0,0,0,0,0
ENSMUSG00000083698,Gm12687,0,0,0,0,0,1,0,0,0,0,0,0
ENSMUSG00000086096,Gm12688,0,0,0,0,0,1,0,0,0,0,0,0
ENSMUSG00000028745,Capzb,7399,8670,5911,6432,6199,4229,6426,7220,7862,7208,6345,5636
ENSMUSG00000067261,Foxd3,0,0,0,0,0,1,0,0,0,0,0,0
ENSMUSG00002076832,#N/A,0,0,0,0,0,0,0,0,0,0,0,0
ENSMUSG00000086592,Gm12682,0,0,0,0,0,0,0,0,0,0,0,0
ENSMUSG00000073792,Alg6,52,60,58,46,113,71,62,54,48,62,94,93
ENSMUSG00000028744,Pqlc2,91,124,69,66,51,47,85,71,77,60,67,62
ENSMUSG00000028549,Itgb3bp,52,40,44,41,74,64,54,45,41,47,52,67
ENSMUSG00000028743,Akr7a5,287,313,166,224,347,104,225,212,291,258,346,327
ENSMUSG00000118507,AL807811.1,0,0,0,0,0,0,0,0,0,0,0,0
ENSMUSG00002075764,#N/A,0,0,0,0,0,0,1,0,0,1,1,0
ENSMUSG00002075188,#N/A,3,1,3,2,0,0,3,1,1,2,0,2
ENSMUSG00000083404,Gm13019,0,0,0,0,0,0,0,0,0,0,0,0
ENSMUSG00000080708,Ccnd3-ps,2,4,1,2,0,0,1,1,0,1,0,5
ENSMUSG00000028741,Mrto4,2836,3399,2510,2856,2767,1295,2612,2570,3146,2755,2552,2323
ENSMUSG00000085142,Gm12702,0,0,0,0,0,0,0,0,0,0,0,0
ENSMUSG00000035305,Ror1,0,0,2,0,0,2,0,0,0,0,1,1
ENSMUSG00000086385,Gm12701,0,0,0,0,0,0,0,0,0,0,0,0
ENSMUSG00000080967,Gm12706,0,0,0,0,0,0,0,0,0,0,0,0
ENSMUSG00000069733,Ube2u,0,0,0,0,0,1,0,0,0,0,0,0
ENSMUSG00000085871,Ube2uos,0,0,0,0,0,0,0,0,0,0,0,0
ENSMUSG00000081553,Ccdc50-ps,8,6,10,6,3,11,1,8,7,15,6,9
ENSMUSG00000082601,Gm12700,0,0,0,0,1,0,0,0,1,0,0,2
ENSMUSG00000028637,Ccdc30,13,14,15,12,9,17,7,9,15,14,8,7
ENSMUSG00000083836,Ldha-ps2,4,1,0,3,1,0,2,1,6,6,2,4
ENSMUSG00000118403,Gm50484,0,0,0,0,0,0,0,0,0,0,0,0
ENSMUSG00000028636,Ppcs,269,316,293,254,269,151,241,241,328,248,255,253
ENSMUSG00000070806,Zmynd12,0,0,1,0,1,1,1,1,3,1,0,1
ENSMUSG00000048899,Rimkla,11,9,14,14,13,2,9,8,9,8,12,5
ENSMUSG00000082009,Gm12954,0,0,0,0,0,0,0,0,0,0,0,0
ENSMUSG00000082814,Gm12956,0,0,0,0,0,0,0,0,0,0,0,0
ENSMUSG00000080773,Gm12955,0,0,0,0,0,0,0,0,0,0,0,0
ENSMUSG00000084379,Gm12957,0,0,0,0,0,0,0,0,0,0,0,0
ENSMUSG00000119323,#N/A,0,0,0,0,0,0,0,0,0,1,0,0
ENSMUSG00000087385,Frg2f1,53,63,50,55,52,15,31,52,42,48,43,34
ENSMUSG00000078517,Emc1,1486,1623,1474,1337,1167,621,1198,1368,1270,1296,1221,1113
ENSMUSG00000028532,Cachd1,3,3,2,0,1,2,0,1,0,2,1,0
ENSMUSG00000073789,Gm10577,0,0,0,0,0,0,0,0,0,0,0,0
ENSMUSG00000102578,Gm10576,0,0,0,0,0,0,0,0,0,0,0,0
ENSMUSG00000035275,Raver2,22,28,21,26,14,9,16,16,16,13,18,14
ENSMUSG00000088551,Gm22100,0,0,0,0,0,0,0,0,0,0,0,0
ENSMUSG00000028530,Jak1,5715,6015,4746,4563,4577,3094,3657,4879,5085,4837,4609,4205
ENSMUSG00000032998,Foxj3,2133,2197,1815,1777,1616,1871,1354,1970,1995,1902,1540,1481
ENSMUSG00000077677,Gm24468,0,0,0,0,0,0,0,0,0,0,0,0
ENSMUSG00000082928,Gm12785,0,0,1,0,0,0,0,0,0,0,0,0
ENSMUSG00000065279,Gm25124,0,0,0,0,0,0,0,0,0,0,0,0
ENSMUSG00000081678,Gm12959,0,0,1,0,0,0,0,0,0,0,0,1
ENSMUSG00000085863,Gm12801,0,0,0,0,0,0,0,0,0,0,0,0
ENSMUSG00000085721,Gm12796,0,0,0,0,0,0,0,0,0,1,0,0
ENSMUSG00000081621,Gm12793,0,0,0,0,0,0,0,0,0,0,0,0
ENSMUSG00000086782,E130102H24Rik,4,2,3,1,1,0,3,4,2,4,3,2
ENSMUSG00000065451,Mir101a,0,0,0,0,0,0,0,0,0,0,0,0
ENSMUSG00000023247,Guca2a,2,1,2,2,0,1,1,0,5,1,0,0
ENSMUSG00000087361,0610043K17Rik,0,1,0,0,0,0,0,0,0,0,0,0
ENSMUSG00000083614,Gm12795,0,0,0,0,0,0,0,0,0,0,0,0
ENSMUSG00000084758,Gm12798,0,0,0,0,0,0,0,0,0,0,0,0
ENSMUSG00000032978,Guca2b,3,2,2,4,2,6,1,3,0,4,1,0
ENSMUSG00000028634,Hivep3,15313,14268,8373,7871,4612,3613,4647,7661,9111,8938,6300,5751
ENSMUSG00000115115,AL607142.1,0,0,0,0,0,0,0,0,0,0,0,0
ENSMUSG00000028527,Ak4,227,322,279,324,367,155,307,314,287,276,408,372
ENSMUSG00000028635,Edn2,0,1,0,0,0,0,0,0,0,0,0,0
ENSMUSG00000052135,Foxo6,3,0,1,1,0,10,0,0,0,1,1,1
ENSMUSG00000084929,Foxo6os,0,0,0,0,0,0,0,0,0,0,0,0
ENSMUSG00000000085,Scmh1,346,370,187,201,242,115,197,243,252,237,221,197
ENSMUSG00000047518,Slfnl1,0,0,0,0,0,0,1,0,0,0,0,0
ENSMUSG00000028633,Ctps,5125,5699,4583,4898,4853,2366,4110,4414,5336,4840,4546,4247
ENSMUSG00000091297,Gm8439,0,0,0,0,0,2,0,0,0,0,0,0
ENSMUSG00000086187,Gm12860,0,0,0,0,0,0,0,0,0,0,0,0
ENSMUSG00000110389,Gm45579,0,0,0,0,0,1,0,0,0,0,0,0
ENSMUSG00000070803,Cited4,14,27,14,22,30,6,32,17,33,28,12,17
ENSMUSG00000028528,Dnajc6,0,3,2,1,1,6,3,1,1,1,0,1
ENSMUSG00000066036,Ubr4,7130,6999,6007,5581,5538,2764,3591,6214,5380,5526,5471,5488
ENSMUSG00002075496,#N/A,0,0,0,0,0,0,0,0,0,0,0,0
ENSMUSG00000028631,Kcnq4,4,5,1,4,0,1,2,3,3,0,1,1
ENSMUSG00000035212,Leprot,255,264,211,213,226,108,228,246,278,232,208,229
ENSMUSG00000041025,Iffo2,907,858,560,573,400,189,409,559,625,666,467,428
ENSMUSG00002075565,#N/A,0,0,0,0,0,0,0,0,0,0,0,0
ENSMUSG00000094439,Gm21969,0,1,0,0,0,0,0,0,1,0,0,2
ENSMUSG00000028737,Aldh4a1,218,194,151,172,170,58,161,150,159,146,114,156
ENSMUSG00000098569,Mir7020,0,0,0,0,0,0,0,0,0,0,0,0
ENSMUSG00000028738,Tas1r2,0,0,0,0,0,0,0,0,0,0,0,0
ENSMUSG00000032897,Nfyc,646,706,561,632,552,273,553,600,682,606,583,494
ENSMUSG00000065490,Mir30c-1,0,0,0,0,0,0,0,0,0,0,0,0
ENSMUSG00000119752,#N/A,1,0,1,0,0,0,0,0,1,1,0,0
ENSMUSG00000118731,#N/A,0,0,0,0,0,0,0,0,0,0,0,0
ENSMUSG00002076639,#N/A,0,0,0,0,0,0,0,0,0,0,0,0
ENSMUSG00000028736,Pax7,0,0,0,0,0,0,0,0,0,0,0,0
ENSMUSG00000087646,Gm1667,0,0,0,0,0,0,0,0,0,0,0,0
ENSMUSG00000087628,Gm13028,0,0,0,0,0,0,0,0,0,0,0,0
ENSMUSG00000085928,4933427I22Rik,0,0,0,0,0,0,0,0,0,0,0,0
ENSMUSG00000078234,Klhdc7a,0,0,0,0,0,0,0,0,0,0,0,0
ENSMUSG00000089294,Mir2139,0,0,0,0,0,0,0,0,0,0,0,0
ENSMUSG00000040972,Igsf21,0,0,0,0,0,0,0,0,0,0,0,0
ENSMUSG00000085968,Gm13027,0,0,0,0,0,0,0,0,0,0,0,0
ENSMUSG00000086164,Gm13029,0,0,0,0,0,0,0,0,0,0,0,0
ENSMUSG00000103107,Gm9867,0,0,0,0,0,0,0,0,0,0,0,0
ENSMUSG00000087084,Gm13016,0,0,0,0,0,0,0,0,0,0,0,0
ENSMUSG00000086960,Gm13017,0,0,0,0,0,0,0,0,0,0,0,0
ENSMUSG00000086437,Gm13021,0,0,0,0,0,0,0,0,0,0,0,0
ENSMUSG00000085047,Gm13026,0,0,0,0,0,0,0,0,0,0,0,0
ENSMUSG00000118416,Gm50453,0,0,0,0,0,0,0,0,0,0,0,0
ENSMUSG00000032890,Rims3,62,73,46,55,54,16,36,43,60,44,60,54
ENSMUSG00000082200,Gm12871,0,0,0,0,0,0,0,0,0,0,0,0
ENSMUSG00000089381,Gm24678,0,0,0,0,0,0,0,0,0,0,0,0
ENSMUSG00000028629,Exo5,266,263,217,248,281,184,233,238,292,270,279,249
ENSMUSG00000064141,Zfp69,30,35,23,35,37,25,22,47,15,26,26,30
ENSMUSG00000032870,Smap2,2154,2304,1808,1941,1996,1594,1957,2218,2178,1861,1924,1629
ENSMUSG00000106436,Mir7015,0,0,1,2,0,0,0,0,0,0,0,0
ENSMUSG00000028626,Col9a2,0,2,0,0,0,1,2,1,1,1,0,2
ENSMUSG00000043207,Zmpste24,3158,3266,2630,2648,2499,1647,2129,2632,2950,2680,2398,2155
ENSMUSG00002076811,#N/A,0,0,0,0,0,0,0,0,0,0,0,0
ENSMUSG00000088168,Gm23540,0,0,0,0,0,0,0,1,0,0,0,0
ENSMUSG00000078577,Tmco2,0,0,0,0,0,0,0,0,0,0,0,0
ENSMUSG00000081423,Gm12882,0,0,1,0,2,0,0,0,0,1,0,0
ENSMUSG00000082891,Gm12881,0,0,0,0,0,0,0,0,0,0,0,0
ENSMUSG00000081305,Gm12879,0,0,0,0,0,0,0,0,0,0,0,0
ENSMUSG00002076717,#N/A,0,0,0,0,0,0,0,0,0,0,0,0
ENSMUSG00000057722,Lepr,0,0,0,1,0,4,0,0,0,0,0,0
ENSMUSG00000049878,Rlf,1083,1164,961,879,952,720,595,819,937,970,930,830
ENSMUSG00000080706,Gm12890,0,0,0,0,0,3,0,0,0,0,0,0
ENSMUSG00000073764,Gm12888,0,0,0,0,0,0,0,0,0,0,0,0
ENSMUSG00000083941,Gm12889,0,0,0,0,0,2,0,0,0,0,1,0
ENSMUSG00000083901,Gm12885,0,0,0,0,0,0,0,0,0,0,0,0
ENSMUSG00000081465,Gm12884,0,0,0,0,0,0,0,0,0,0,0,0
ENSMUSG00000081667,Gm12883,0,0,0,0,0,0,0,0,0,0,0,0
ENSMUSG00000035201,B020004J07Rik,0,0,0,0,0,0,0,0,0,0,0,0
ENSMUSG00000081121,Gm12791,1,1,8,0,3,1,2,1,6,2,1,0
ENSMUSG00000081045,Gm12797,0,0,0,0,0,0,0,0,0,0,0,0
ENSMUSG00000078576,Gm12886,0,0,0,0,0,0,0,0,0,0,0,0
ENSMUSG00000082821,Gm12880,0,0,0,0,0,0,0,0,0,0,0,0
ENSMUSG00000046133,C130073F10Rik,0,0,0,0,0,0,0,0,0,0,0,0
ENSMUSG00000088418,Gm26162,0,0,0,0,0,0,0,0,0,0,0,0
ENSMUSG00000084208,Gm12792,0,3,0,1,1,1,0,0,0,2,0,0
ENSMUSG00000037028,Gm12800,0,0,0,0,0,0,0,0,0,0,0,0
ENSMUSG00000078575,Gm12887,0,0,2,0,0,1,0,0,0,0,0,0
ENSMUSG00000083615,Gm12878,0,0,0,0,0,0,0,0,0,0,0,0
ENSMUSG00000070890,Gm12794,0,0,0,0,0,0,0,0,0,0,0,0
ENSMUSG00000083679,Gm12892,0,0,0,0,0,0,0,4,1,2,1,0
ENSMUSG00000083558,Gm12896,0,0,0,0,0,0,0,0,0,0,0,0
ENSMUSG00000078626,Gm12790,0,0,0,0,0,0,0,0,0,0,0,0
ENSMUSG00000083949,Gm12897,0,0,0,0,0,0,0,0,0,0,0,0
ENSMUSG00000083867,Gm12893,0,0,0,0,0,0,0,0,0,0,0,0
ENSMUSG00000083365,Gm12895,0,0,0,0,0,0,0,0,0,0,0,0
ENSMUSG00000081377,Gm12877,0,0,0,0,0,0,0,0,0,0,0,0
ENSMUSG00000078625,Gm12789,0,0,0,0,0,0,0,0,0,0,0,0
ENSMUSG00000084196,Gm12874,0,0,0,0,0,0,0,0,0,0,0,0
ENSMUSG00000082264,Gm12799,5,1,8,4,7,1,5,4,8,1,8,1
ENSMUSG00000080871,Gm12875,0,0,0,0,0,0,0,0,0,0,0,0
ENSMUSG00000083109,Gm12876,0,0,0,0,0,0,0,0,0,0,0,0
ENSMUSG00000023263,9530002B09Rik,0,0,0,0,0,0,0,0,0,0,0,0
ENSMUSG00000084082,Gm12872,0,0,0,0,0,0,0,0,0,0,0,0
ENSMUSG00000083494,Gm12873,0,0,0,0,0,0,0,0,0,0,0,0
ENSMUSG00000028657,Ppt1,1025,1040,698,732,740,441,743,793,835,764,787,686
ENSMUSG00000028525,Pde4b,861,858,1135,1176,783,589,1015,1222,801,687,705,645
ENSMUSG00000077260,Gm24869,0,0,0,0,0,0,0,0,0,0,0,0
ENSMUSG00000028656,Cap1,6044,7177,4841,5195,4319,2568,4406,5206,5403,5077,4794,4148
ENSMUSG00000040964,Arhgef10l,11,22,17,20,16,3,9,12,9,7,6,8
ENSMUSG00000080929,Gm12891,0,0,0,0,0,0,0,0,0,0,0,0
ENSMUSG00000086159,Gm13025,0,0,0,0,0,0,1,0,0,0,0,0
ENSMUSG00002076108,#N/A,0,0,0,0,0,0,0,0,0,0,0,0
ENSMUSG00000028655,Mfsd2a,951,1073,839,864,671,236,823,825,840,774,774,740
ENSMUSG00000086443,4933421A08Rik,214,247,192,150,140,82,164,149,219,194,147,120
ENSMUSG00000028654,Mycl,5,1,4,2,0,1,1,1,3,1,0,0
ENSMUSG00000040945,Rcc2,10571,11446,9844,10155,10570,4230,9482,10571,10845,9822,10914,10503
ENSMUSG00002075547,#N/A,0,0,0,0,0,0,0,0,0,0,0,0
ENSMUSG00000028653,Trit1,358,417,291,327,308,164,279,307,338,325,330,288
ENSMUSG00000086153,Gm12923,0,0,0,0,0,0,0,0,0,0,0,0
ENSMUSG00000002384,Bmp8b,0,0,1,0,0,0,0,0,0,1,3,0
ENSMUSG00000102997,Gm17244,0,0,3,1,0,2,0,0,2,1,0,1
ENSMUSG00000076438,Oxct2b,0,1,0,0,0,0,0,0,0,0,0,0
ENSMUSG00000040935,Padi6,0,0,0,0,0,0,0,0,0,0,0,0
ENSMUSG00000028651,Ppie,1094,1240,946,939,1063,424,926,923,1163,1015,1131,984
ENSMUSG00000025330,Padi4,5,2,2,1,3,5,0,0,0,0,3,4
ENSMUSG00000046093,Hpcal4,89,102,64,70,28,5,28,32,60,35,20,19
ENSMUSG00000054958,Nt5c1a,1,1,5,1,1,3,2,1,1,2,1,0
ENSMUSG00000025328,Padi3,3,1,2,3,3,0,1,3,0,2,5,1
ENSMUSG00000032744,Heyl,2,0,1,1,2,4,0,4,1,0,1,0
ENSMUSG00000085918,Gm13032,2,4,1,5,8,1,3,5,4,3,3,3
ENSMUSG00000083720,Gm12901,0,0,0,0,0,0,0,1,0,0,0,0
ENSMUSG00000025329,Padi1,4,3,3,3,11,1,5,2,7,6,8,4
ENSMUSG00000087045,4930515B02Rik,0,0,0,0,0,0,0,0,0,0,0,0
ENSMUSG00000028927,Padi2,1786,2007,1422,1478,1111,518,1234,1533,1385,1333,1303,1246
ENSMUSG00000064443,Gm26226,1,0,0,0,0,0,0,0,2,0,1,0
ENSMUSG00000087698,Gm13031,5,0,1,3,1,1,3,1,4,5,6,5
ENSMUSG00000009863,Sdhb,2115,2382,1743,1808,2146,970,2058,1934,2366,1931,2007,2120
ENSMUSG00000028524,Sgip1,3,5,0,8,1,4,6,5,1,4,6,4
ENSMUSG00000085181,Gm12709,4,2,1,1,2,0,1,1,1,0,0,0
ENSMUSG00000028523,Tctex1d1,1,4,4,4,4,4,3,6,4,2,4,3
ENSMUSG00000085041,BB031773,0,0,0,0,0,0,0,0,0,0,0,0
ENSMUSG00000066090,Insl5,0,0,0,0,0,1,1,0,0,0,0,2
ENSMUSG00000011257,Pabpc4,3054,3572,2732,2809,2819,1510,2758,2729,2938,2596,2679,2467
ENSMUSG00000082634,Gm12900,1,2,1,1,2,0,1,1,3,3,1,0
ENSMUSG00000064655,Gm25788,4,11,13,9,5,0,1,9,5,15,2,5
ENSMUSG00000065778,Gm22154,5,7,4,5,2,2,2,8,10,1,3,5
ENSMUSG00000118657,#N/A,0,0,0,0,0,0,0,0,0,0,0,0
ENSMUSG00000032726,Bmp8a,2,2,1,1,1,3,4,1,3,0,0,1
ENSMUSG00000076436,Oxct2a,2,2,0,0,0,0,0,0,0,0,0,0
ENSMUSG00000036622,Atp13a2,321,271,257,211,338,98,256,224,279,226,332,370
ENSMUSG00000035126,Wdr78,32,36,39,33,24,23,32,47,37,31,50,33
ENSMUSG00000060572,Mfap2,0,0,0,0,0,0,0,0,0,0,0,1
ENSMUSG00000080744,Gm12710,0,0,0,0,0,0,0,0,0,0,0,0
ENSMUSG00000028522,Mier1,1943,1914,1869,1856,1572,1486,1545,1963,1957,1950,2094,1873
ENSMUSG00000028521,Slc35d1,647,725,581,545,668,458,568,680,645,554,617,576
ENSMUSG00000107726,Gm44037,1,9,4,2,20,18,4,3,3,5,17,16
ENSMUSG00000040860,Crocc,155,124,118,124,177,80,106,144,148,144,205,181
ENSMUSG00000028520,4921539E11Rik,0,0,0,0,0,0,0,0,0,0,0,0
ENSMUSG00000078618,4930456L15Rik,0,0,0,0,0,0,0,0,0,0,0,0
ENSMUSG00000035069,Oma1,140,185,141,99,181,106,111,112,160,144,216,211
ENSMUSG00000086136,Gm12718,0,0,0,0,0,0,0,0,0,0,0,0
ENSMUSG00002076094,#N/A,0,0,0,0,0,0,0,0,0,0,0,0
ENSMUSG00000087482,Gm12720,0,0,0,0,0,0,0,0,0,0,0,0
ENSMUSG00000081584,Gm12716,0,0,0,0,0,0,0,0,0,0,0,0
ENSMUSG00000059195,Gm12715,1,5,1,1,0,0,1,1,2,2,2,1
ENSMUSG00002075410,#N/A,0,0,0,0,0,0,0,0,0,0,0,0
ENSMUSG00000077514,Gm25877,0,0,0,0,0,0,0,0,0,0,0,0
ENSMUSG00000028923,Necap2,796,890,702,759,679,243,742,791,776,627,597,562
ENSMUSG00000082246,Gm13047,30,22,14,18,13,4,16,13,18,23,18,16
ENSMUSG00000045004,Spata21,1,0,0,0,0,0,0,0,0,0,0,0
ENSMUSG00000040842,Szrd1,3521,3660,2868,3029,2938,1174,2782,3238,3535,3096,3217,2869
ENSMUSG00000097620,4921514A10Rik,3,1,3,0,0,2,4,1,5,3,1,1
ENSMUSG00000028519,Dab1,0,0,0,0,0,2,0,0,0,0,2,0
ENSMUSG00000080913,Gm12719,0,0,0,0,0,0,0,0,0,0,0,0
ENSMUSG00000081696,Gm12717,2,5,6,5,2,1,3,2,0,2,4,1
ENSMUSG00000028920,Fbxo42,1134,1249,913,902,970,313,826,908,942,881,990,908
ENSMUSG00000073733,Cplane2,13,13,21,7,17,10,8,11,15,10,16,17
ENSMUSG00000103366,C630004L07Rik,0,0,0,0,0,0,0,0,0,0,0,0
ENSMUSG00000029656,C8b,0,0,0,0,0,0,0,0,0,0,1,0
ENSMUSG00000028919,Arhgef19,0,0,0,0,0,0,0,2,2,0,0,0
ENSMUSG00000035031,C8a,0,0,0,0,0,0,0,1,0,0,0,0
ENSMUSG00000085774,Gm13055,0,0,0,0,1,0,0,0,0,0,0,0
ENSMUSG00000085395,Gm13056,0,0,0,0,0,0,0,0,0,0,0,0
ENSMUSG00000006445,Epha2,526,518,462,515,257,106,246,292,248,213,98,112
ENSMUSG00002075485,#N/A,0,0,0,0,0,0,0,0,0,0,0,0
ENSMUSG00000085836,Gm13074,0,0,0,0,0,1,0,0,0,0,0,0
ENSMUSG00000084238,Gm13076,0,0,0,0,0,0,0,0,0,0,0,0
ENSMUSG00000006218,Fam131c,0,1,0,0,1,0,1,0,0,0,0,0
ENSMUSG00000033770,Clcnka,0,1,0,0,0,0,0,0,0,0,0,0
ENSMUSG00000086061,Gm13075,2,4,0,0,0,0,0,0,0,0,2,0
ENSMUSG00000006216,Clcnkb,4,6,3,2,1,0,3,5,4,9,2,6
ENSMUSG00000006221,Hspb7,47,53,21,22,20,11,11,14,44,39,17,16
ENSMUSG00000070637,Srarp,0,0,0,0,0,0,0,0,0,0,0,0
ENSMUSG00000006215,Zbtb17,1907,2021,1475,1583,1311,597,1203,1478,1779,1662,1232,1073
ENSMUSG00000040761,Spen,8396,7953,6135,5676,5453,3911,3907,6834,6376,6208,6199,5649
ENSMUSG00000048406,B330016D10Rik,18,16,27,12,26,13,27,24,27,16,15,31
ENSMUSG00000006219,Fblim1,7,7,4,3,4,3,2,4,5,2,1,1
ENSMUSG00000043085,Tmem82,0,0,0,0,0,0,0,1,1,3,0,0
ENSMUSG00000073731,AI507597,0,0,0,0,0,0,0,0,0,0,0,0
ENSMUSG00000040740,Slc25a34,1,2,0,1,0,0,0,0,0,1,0,1
ENSMUSG00000028917,Plekhm2,898,1000,704,679,604,241,616,751,790,752,601,611
ENSMUSG00000110067,6330411D24Rik,0,0,0,0,0,0,0,0,0,0,0,0
ENSMUSG00000103678,Gm37624,0,0,0,0,0,0,0,0,0,0,0,0
ENSMUSG00000057637,Prdm2,1857,1849,1497,1568,1467,1141,1120,1600,1598,1500,1437,1333
ENSMUSG00000106597,Mir7021,0,0,0,0,0,0,0,0,0,0,0,0
ENSMUSG00000081838,Gm13038,0,0,0,0,0,0,0,0,0,0,0,0
ENSMUSG00000083826,Gm13039,10,8,5,2,2,1,6,1,3,3,4,3
ENSMUSG00000087903,Gm22039,0,0,0,0,0,0,0,0,0,0,0,0
ENSMUSG00000082575,Eef2-ps2,28,33,18,26,28,13,19,22,22,18,22,14
ENSMUSG00000028583,Pdpn,80,103,61,33,20,10,34,28,63,68,37,51
ENSMUSG00002075549,#N/A,0,0,0,0,0,0,0,0,0,0,0,0
ENSMUSG00000028584,Lrrc38,0,0,0,0,0,0,0,0,0,0,0,0
ENSMUSG00000081523,Gm13058,0,0,0,0,0,0,0,0,0,0,0,0
ENSMUSG00000044377,Gm13080,0,0,0,0,0,0,0,0,0,0,1,2
ENSMUSG00000066688,Gm13083,0,0,0,0,0,0,0,0,0,0,0,0
ENSMUSG00000078513,Gm13088,0,0,0,0,0,0,0,0,0,0,0,0
ENSMUSG00000084351,Gm13085,0,0,0,0,0,0,0,0,0,0,0,0
ENSMUSG00000081227,Gm13082,0,1,0,0,0,0,0,1,1,0,0,0
ENSMUSG00000070617,Gm13089,0,0,0,0,0,0,0,0,0,0,0,0
ENSMUSG00000046435,Gm13078,0,0,0,0,0,0,0,0,0,0,0,0
ENSMUSG00000082717,Gm13087,0,0,0,0,0,0,0,0,0,0,0,0
ENSMUSG00000082030,Gm13081,0,0,0,0,0,0,0,0,0,0,0,0
ENSMUSG00000066031,Gm13023,0,0,0,0,0,0,0,0,0,0,0,0
ENSMUSG00000059218,Gm13084,0,0,0,0,0,0,0,0,0,0,0,0
ENSMUSG00000029451,Gm13103,0,0,0,0,0,0,0,0,0,0,0,0
ENSMUSG00000078512,Pramef6,0,0,0,0,0,0,0,0,0,0,0,0
ENSMUSG00000083749,Gm13100,0,0,0,0,0,0,0,0,0,0,0,0
ENSMUSG00000084123,Gm13106,0,0,0,0,0,0,0,0,0,0,0,0
ENSMUSG00000078511,Pramef25,0,0,0,0,0,0,0,0,0,0,0,0
ENSMUSG00000078510,Gm13101,0,0,0,0,0,0,0,0,0,0,0,0
ENSMUSG00000078509,Pramef17,0,0,0,0,0,0,0,0,0,0,0,0
ENSMUSG00000083456,Gm13108,0,0,0,0,0,0,0,0,0,0,0,0
ENSMUSG00000095987,Gm13104,0,0,0,0,0,0,0,0,0,0,0,0
ENSMUSG00000073724,Pramel4,0,0,0,0,0,0,0,0,0,0,0,0
ENSMUSG00000073723,Gm13102,0,0,0,0,0,0,0,0,0,0,0,0
ENSMUSG00000050810,Oog3,0,0,0,0,0,0,0,0,0,0,0,0
ENSMUSG00000066030,Oog2,0,0,0,0,0,0,0,0,0,0,0,0
ENSMUSG00000046262,C87977,0,0,0,0,0,0,0,0,0,0,0,0
ENSMUSG00000083708,Gm13123,0,0,1,0,0,0,2,0,0,0,0,0
ENSMUSG00000036749,Pramel5,0,0,0,0,0,0,0,0,0,0,0,0
ENSMUSG00000095960,Gm13120,0,0,0,0,0,0,0,0,0,0,0,0
ENSMUSG00000080943,Gm13130,0,0,0,0,0,0,0,0,0,0,0,0
ENSMUSG00000078508,Gm13128,0,0,0,0,0,0,0,0,0,0,0,0
ENSMUSG00000084312,Gm13122,0,0,0,0,0,0,0,0,0,0,0,0
ENSMUSG00000070619,Gm13119,0,0,0,0,0,0,0,0,0,0,0,0
ENSMUSG00000073721,Pramef20,0,0,0,0,0,0,0,0,0,0,0,0
ENSMUSG00000028591,Pramef12,1,0,0,0,0,0,0,0,0,0,0,0
ENSMUSG00000028590,Pramef12os,0,0,0,0,0,0,0,1,0,0,0,1
ENSMUSG00000028589,1700012P22Rik,0,0,0,0,0,0,0,0,0,0,0,0
ENSMUSG00000095213,Gm9944,0,0,0,0,1,3,0,0,0,0,0,0
ENSMUSG00000078507,Aadacl3,0,0,0,0,0,0,0,0,0,0,0,0
ENSMUSG00000118540,AL607073.1,0,0,0,0,0,0,0,0,0,0,0,0
ENSMUSG00000082835,Gm13118,1,0,0,0,0,0,0,0,0,0,0,0
ENSMUSG00000028593,Aadacl4fm1,0,0,0,0,0,0,0,0,0,0,0,0
ENSMUSG00000083390,Gm13121,0,0,0,0,1,0,2,0,0,0,1,0
ENSMUSG00000082418,Gm13126,0,0,0,0,0,0,0,0,1,1,0,0
ENSMUSG00000078506,Aadacl4fm2,0,0,0,0,0,0,0,0,0,0,0,0
ENSMUSG00000070610,Gm13127,10,10,3,3,9,2,9,11,6,14,7,7
ENSMUSG00000070609,Aadacl4,0,0,0,0,0,0,0,0,0,0,0,0
ENSMUSG00000078505,Aadacl4fm4,0,0,0,0,0,0,0,0,0,0,0,0
ENSMUSG00000041735,AAdacl4fm3,0,0,0,0,0,0,0,0,0,0,0,0
ENSMUSG00000077327,Gm25938,0,0,0,0,0,0,0,0,0,0,0,0
ENSMUSG00000078504,Aadacl4fm5,0,0,0,0,0,0,0,0,0,0,0,0
ENSMUSG00000083998,Prdx2-ps2,0,0,0,0,1,0,0,0,0,1,0,0
ENSMUSG00000066026,Dhrs3,39,38,20,24,24,21,26,28,61,47,6,18
ENSMUSG00000103911,Gm38074,0,0,0,1,0,0,0,0,0,0,0,0
ENSMUSG00000020220,Vps13d,2161,2203,1855,1688,1339,850,995,1733,1733,1854,1304,1258
ENSMUSG00000028599,Tnfrsf1b,4195,4534,3475,3572,3638,1482,2964,3406,4584,4107,2983,2915
ENSMUSG00000028602,Tnfrsf8,1075,1205,806,932,380,164,672,699,629,569,633,556
ENSMUSG00000082758,Gm13024,0,1,0,0,0,0,0,0,0,0,0,1
ENSMUSG00000084272,Gm13224,0,0,0,0,0,0,0,0,0,0,0,0
ENSMUSG00000085101,Platr16,0,0,0,0,0,0,0,0,0,0,0,0
ENSMUSG00000082082,Gm13230,0,1,0,1,0,1,0,4,0,2,1,5
ENSMUSG00000083081,Gm13223,1,0,0,2,0,0,0,0,0,0,0,0
ENSMUSG00000052912,Smarca5-ps,6,7,7,4,4,6,5,6,4,13,2,3
ENSMUSG00000087076,Gm13229,0,0,0,0,1,0,0,0,0,0,0,0
ENSMUSG00000078503,Zfp990,3,0,0,3,3,1,1,2,1,2,2,3
ENSMUSG00000096864,Gm21978,0,0,0,0,0,2,0,0,0,0,0,0
ENSMUSG00000082352,Gm13228,2,2,0,2,1,3,0,0,2,0,0,0
ENSMUSG00000083454,Gm13226,6,3,4,3,4,1,5,3,3,2,6,12
ENSMUSG00000080732,Gm13222,0,0,0,0,0,0,0,0,0,0,0,0
ENSMUSG00000078502,Gm13212,119,120,102,101,81,105,87,94,111,106,99,110
ENSMUSG00000083562,Gm13234,1,0,0,0,0,0,0,0,0,3,0,0
ENSMUSG00000081885,Gm13231,0,0,2,0,0,0,0,0,0,0,1,0
ENSMUSG00000095517,Gm13249,0,0,0,0,0,0,0,0,0,0,0,0
ENSMUSG00000058186,Zfp980,1,0,0,0,0,0,0,0,0,1,0,0
ENSMUSG00000082615,Gm13239,0,0,0,0,0,0,0,0,0,0,0,0
ENSMUSG00000084279,Gm13232,0,0,0,0,0,0,0,0,0,0,0,0
ENSMUSG00000082334,Gm13244,0,0,2,2,0,0,0,0,2,1,1,0
ENSMUSG00000087513,Gm13236,0,0,0,0,0,0,0,0,0,0,0,0
ENSMUSG00000094417,Gm13243,0,0,0,0,0,0,0,0,0,0,0,0
ENSMUSG00000094177,Vmn2r-ps15,0,0,0,0,0,0,0,0,0,0,0,0
ENSMUSG00000084350,Znf41-ps,40,38,20,23,26,52,27,37,24,40,52,41
ENSMUSG00000096233,Gm13238,2,2,2,0,2,0,1,0,2,3,0,0
ENSMUSG00000083235,Gm13246,0,0,0,0,0,0,0,0,0,0,0,0
ENSMUSG00000078500,Zfp986,0,0,0,0,0,0,0,0,0,0,0,0
ENSMUSG00000081595,Gm13036,0,1,0,0,0,0,0,0,0,0,0,2
ENSMUSG00000082195,Gm13034,0,0,1,0,0,0,0,1,0,1,0,1
ENSMUSG00000083733,Gm13035,0,0,0,0,0,0,0,0,0,0,0,0
ENSMUSG00000066009,Zfp987,0,0,1,0,0,0,0,0,0,0,1,0
ENSMUSG00000066007,Zfp600,0,0,0,0,0,0,0,0,0,0,0,0
ENSMUSG00000086654,Gm13165,0,0,0,0,0,0,0,0,0,0,0,0
ENSMUSG00000081522,Gm13170,0,0,0,0,0,1,0,0,0,0,0,0
ENSMUSG00000081671,Gm13167,0,0,0,0,0,0,0,0,0,0,0,0
ENSMUSG00000084127,Gm13169,0,0,0,0,0,0,0,0,0,0,0,0
ENSMUSG00000085525,Gm13166,3,5,3,0,2,5,2,0,1,3,6,2
ENSMUSG00000081460,Gm13168,0,0,0,0,0,0,0,0,0,0,0,0
ENSMUSG00000095096,Vmn2r-ps17,0,0,0,0,0,0,0,0,0,0,0,0
ENSMUSG00000070605,Zfp992,13,31,22,16,12,22,12,13,17,20,26,25
ENSMUSG00000073716,Gm13241,3,1,1,0,2,1,1,3,0,3,1,3
ENSMUSG00000081998,Gm13245,1,2,1,0,0,0,0,0,1,0,2,1
ENSMUSG00000056300,Zfp981,1,0,0,0,0,0,0,0,0,0,0,0
ENSMUSG00000086046,1700095A21Rik,0,0,0,0,0,0,0,0,0,0,0,0
ENSMUSG00000095865,Gm13237,0,0,0,0,0,0,0,0,0,0,0,0
ENSMUSG00000083038,Gm13233,0,0,0,0,0,0,0,0,0,0,0,0
ENSMUSG00000096366,Gm13240,0,0,0,0,0,0,0,0,0,0,0,0
ENSMUSG00000095460,Vmn2r-ps16,0,0,0,0,0,0,0,0,0,0,0,0
ENSMUSG00000063245,Zfp993,16,9,10,15,10,34,9,23,7,20,19,11
ENSMUSG00000045699,Gm21411,3,1,2,1,3,1,1,3,1,1,2,4
ENSMUSG00000093919,Gm20760,1,0,0,0,0,0,0,0,0,0,0,0
ENSMUSG00000083027,Gm13140,17,3,7,4,3,8,3,8,13,15,14,7
ENSMUSG00000081260,Gm13149,0,0,0,0,0,0,0,0,0,0,0,0
ENSMUSG00000086147,Zfp989,1,4,3,0,2,0,0,0,2,2,1,0
ENSMUSG00000067919,Rex2,0,0,0,0,0,0,0,0,0,0,0,0
ENSMUSG00000083704,Gm13153,0,0,0,0,0,0,0,0,0,0,0,0
ENSMUSG00000093617,4933438K21Rik,0,0,0,0,0,0,0,0,0,0,0,0
ENSMUSG00000094017,Gm13160,0,0,0,1,0,0,0,0,2,0,0,1
ENSMUSG00000081405,Gm13142,0,0,0,1,2,1,0,2,1,1,1,0
ENSMUSG00000082779,Gm13162,0,0,0,0,0,0,0,0,1,0,0,0
ENSMUSG00000094849,Vmn2r-ps18,0,0,0,0,0,0,0,0,0,0,0,0
ENSMUSG00000067916,Zfp991,32,30,28,20,24,19,22,22,28,40,23,36
ENSMUSG00000095054,Gm13146,0,0,0,0,0,0,0,0,0,0,0,0
ENSMUSG00000082176,Gm13163,0,0,0,0,0,0,0,0,0,0,0,0
ENSMUSG00000087207,Gm13147,1,0,1,0,1,0,1,0,0,2,1,1
ENSMUSG00000081627,Gm13158,0,0,0,0,0,0,0,0,0,0,0,0
ENSMUSG00000082925,Gm13135,0,0,1,0,0,0,0,1,0,2,0,0
ENSMUSG00000094318,Gm13144,0,0,0,0,0,0,0,0,0,0,0,0
ENSMUSG00000078498,Zfp988,0,0,0,0,0,0,0,0,0,0,0,0
ENSMUSG00000078497,Zfp978,8,0,0,0,0,0,0,0,1,0,0,1
ENSMUSG00000096354,Gm8178,0,0,0,0,0,0,0,0,0,0,0,0
ENSMUSG00000082248,Gm13161,0,0,0,0,0,0,0,0,0,0,0,0
ENSMUSG00000093975,Vmn2r-ps19,0,0,0,0,0,0,0,0,0,0,0,0
ENSMUSG00000078496,Zfp982,10,8,7,10,10,9,6,8,3,5,9,14
ENSMUSG00000081301,Gm15951,0,0,0,0,0,0,0,0,0,0,0,0
ENSMUSG00000096440,Vmn2r-ps20,0,0,0,0,1,3,0,0,0,0,2,0
ENSMUSG00000082599,Gm13141,7,3,1,2,2,0,2,0,11,6,5,2
ENSMUSG00000065999,Zfp985,20,12,19,8,8,15,16,11,21,23,22,22
ENSMUSG00000066000,Zfp979,1,0,0,0,0,0,0,0,0,0,0,1
ENSMUSG00000028649,Macf1,8897,8259,7080,6308,6552,4949,3469,6648,6859,7027,7793,7243
ENSMUSG00000081528,Gm12924,0,0,0,0,0,0,0,0,0,0,0,0
ENSMUSG00002076881,#N/A,0,0,0,0,0,0,0,0,0,0,0,0
ENSMUSG00000099005,Mir6398,0,0,0,0,0,0,0,0,0,0,0,0
ENSMUSG00000081585,Gm12926,0,0,0,0,0,0,0,0,0,0,0,0
ENSMUSG00000087307,Gm12925,0,0,0,0,0,1,0,0,0,0,0,0
ENSMUSG00000081170,Gm12922,1,10,6,7,6,6,12,6,7,5,2,3
ENSMUSG00000028648,Ndufs5,43,45,48,56,65,22,45,33,48,28,46,35
ENSMUSG00000023075,Akirin1,954,970,796,717,742,351,619,830,916,833,753,744
ENSMUSG00000043333,Rhbdl2,0,0,0,0,0,1,0,0,0,0,0,0
ENSMUSG00000086275,1700121C08Rik,0,0,0,0,0,0,0,0,0,0,0,0
ENSMUSG00000082310,Gm12904,0,0,0,0,0,0,0,0,0,2,0,0
ENSMUSG00000073761,4933427I04Rik,0,0,0,0,0,0,0,0,0,0,0,0
ENSMUSG00000054304,D130007C19Rik,5,2,3,1,2,4,2,4,7,1,4,5
ENSMUSG00000080993,Gm12903,0,0,0,0,0,0,0,0,0,0,0,0
ENSMUSG00000028647,Mycbp,315,364,277,274,313,224,335,287,302,234,289,270
ENSMUSG00000085875,Gm12905,26,19,14,15,25,11,9,21,15,25,42,29
ENSMUSG00000028646,Rragc,1967,1913,1392,1395,1257,800,1252,1376,1660,1512,1305,1270
ENSMUSG00000082515,Gm12902,1,3,7,1,1,3,0,3,1,0,3,1
ENSMUSG00000103541,Gm37667,0,0,0,0,0,0,0,0,0,0,0,0
ENSMUSG00000086087,Gm12916,0,0,0,0,0,0,0,0,0,0,0,0
ENSMUSG00000086955,1700021L23Rik,0,0,0,0,0,0,0,0,0,0,0,0
ENSMUSG00000086978,4933435F18Rik,0,0,0,0,0,1,0,0,0,0,0,0
ENSMUSG00002074918,#N/A,0,0,0,0,0,0,0,0,0,0,0,0
ENSMUSG00000084757,1700057H15Rik,0,0,0,0,0,0,0,0,0,0,0,0
ENSMUSG00000098760,Gm2164,0,0,0,0,0,0,0,0,0,0,0,0
ENSMUSG00000073759,4933407E24Rik,0,0,0,0,0,0,0,0,0,0,0,0
ENSMUSG00000090125,Pou3f1,25,22,48,22,30,3,31,23,36,38,9,22
ENSMUSG00000028907,Utp11,2045,2137,1714,1656,1918,1618,1728,1922,2065,1826,2108,1885
ENSMUSG00002075570,#N/A,0,0,0,0,0,0,0,0,0,0,0,0
ENSMUSG00000032643,Fhl3,619,749,575,541,489,266,537,566,581,520,488,469
ENSMUSG00000028902,Sf3a3,3031,3202,2506,2566,2699,1917,2463,2646,3059,2584,2800,2590
ENSMUSG00000083104,Gm12917,9,15,10,5,14,5,8,11,6,8,9,20
ENSMUSG00000076271,Mir697,1,4,2,1,6,0,2,0,1,1,5,5
ENSMUSG00000086589,Gm12915,1,3,2,0,0,0,0,2,0,0,0,0
ENSMUSG00002075477,#N/A,0,0,0,0,0,0,0,0,0,0,0,0
ENSMUSG00000028894,Inpp5b,1476,1637,1317,1268,1112,580,1245,1380,1283,1153,1316,1168
ENSMUSG00000076119,Mir698,0,1,0,0,0,0,0,0,0,0,0,0
ENSMUSG00000028890,Mtf1,1219,1235,1036,1009,888,592,833,1088,1047,1006,997,932
ENSMUSG00002075098,#N/A,0,1,1,2,2,0,0,0,1,0,0,0
ENSMUSG00000078570,1110065P20Rik,382,433,319,373,335,60,369,259,414,360,261,301
ENSMUSG00000028889,Yrdc,2962,3376,2820,2929,2422,999,2793,2690,2818,2465,2100,1936
ENSMUSG00000042763,Maneal,46,51,11,21,38,17,20,35,31,39,39,26
ENSMUSG00000028876,Epha10,0,0,0,0,2,3,0,0,0,0,0,0
ENSMUSG00000085263,1700125G02Rik,0,0,0,0,0,0,0,0,0,0,0,0
ENSMUSG00000028873,Cdca8,785,796,917,908,1424,782,1231,1262,746,702,1027,1028
ENSMUSG00000044730,9930104L06Rik,378,422,378,358,339,179,300,363,366,332,313,320
ENSMUSG00000087011,Gm12930,0,0,0,0,0,0,0,0,0,0,0,0
ENSMUSG00000028871,Rspo1,0,0,0,0,0,0,0,0,0,0,0,0
ENSMUSG00000028869,Gnl2,6126,6767,4922,5315,4898,4685,4366,5474,6181,5758,5324,4572
ENSMUSG00000080934,Gm12931,0,0,0,0,0,0,0,0,0,0,0,0
ENSMUSG00000042707,Dnali1,0,0,0,0,0,0,0,0,0,1,0,0
ENSMUSG00000050213,Snip1,1295,1608,1092,1175,1148,509,1179,1260,1334,1246,1181,986
ENSMUSG00000086342,Gm12932,3,6,0,2,6,2,6,2,4,5,8,8
ENSMUSG00000028863,Meaf6,792,853,646,624,725,480,758,771,767,689,775,656
ENSMUSG00000042677,Zc3h12a,713,688,577,579,539,175,397,497,521,514,499,477
ENSMUSG00000087010,1700041M05Rik,0,0,0,0,0,0,0,0,0,0,0,0
ENSMUSG00000001985,Grik3,0,0,0,1,0,0,0,0,0,0,0,0
ENSMUSG00000082062,Ftl2-ps,0,0,0,0,0,0,0,0,0,0,0,0
ENSMUSG00000119232,#N/A,0,0,0,0,0,0,0,0,0,0,0,0
ENSMUSG00000085562,2610028E06Rik,0,0,0,0,0,1,0,0,0,0,0,0
ENSMUSG00000028859,Csf3r,0,0,0,0,0,1,0,0,0,0,0,0
ENSMUSG00000028861,Mrps15,1159,1222,973,1039,1275,1048,1104,1192,1229,1061,1195,1109
ENSMUSG00000042616,Oscp1,15,11,10,8,4,4,7,12,7,12,6,5
ENSMUSG00000079942,Rpl28-ps3,9,6,5,3,4,0,6,7,3,5,1,3
ENSMUSG00000050188,Lsm10,157,190,137,160,178,65,195,135,186,157,177,162
ENSMUSG00000042608,Stk40,2176,2501,1684,1848,1296,528,1288,1581,1771,1573,1303,1235
ENSMUSG00000086961,Gm12946,0,1,1,0,1,2,2,1,2,0,0,0
ENSMUSG00000050212,Eva1b,179,183,168,149,128,31,143,142,158,135,118,129
ENSMUSG00000073758,Sh3d21,58,75,43,55,33,15,55,88,72,76,37,41
ENSMUSG00000043962,Thrap3,4197,4330,3516,3546,3172,1866,2824,3789,3860,3635,3103,2924
ENSMUSG00000084504,Gm25323,0,1,0,0,0,1,0,1,0,1,0,1
ENSMUSG00000028849,Map7d1,2247,2200,1775,1714,1609,888,1509,1985,2001,1776,1639,1504
ENSMUSG00000028847,Trappc3,563,669,457,465,537,204,507,540,553,517,534,494
ENSMUSG00000056174,Col8a2,0,0,0,0,0,4,0,0,0,2,0,0
ENSMUSG00000042558,Adprhl2,1096,1180,929,909,1034,289,962,949,1126,985,953,928
ENSMUSG00000028845,Tekt2,5,5,4,1,2,3,4,4,2,4,3,1
ENSMUSG00000087394,Gm12945,0,0,0,0,1,0,1,0,1,1,0,1
ENSMUSG00000028842,Ago3,848,904,688,703,676,545,461,681,730,748,647,682
ENSMUSG00000041530,Ago1,2499,2570,1926,1930,2309,1194,1641,2217,2506,2380,2329,2162
ENSMUSG00000084099,Gm12929,1,5,6,0,3,1,4,5,3,3,4,2
ENSMUSG00000082381,Gm12928,0,1,0,0,0,0,0,0,0,0,0,0
ENSMUSG00000042500,Ago4,0,3,4,5,4,3,9,4,4,2,1,4
ENSMUSG00000083461,Gm12935,0,0,0,0,0,0,0,0,0,0,0,0
ENSMUSG00000082888,Gm12934,0,0,0,0,0,0,0,0,0,0,0,0
ENSMUSG00000042489,Clspn,626,593,599,543,812,704,760,971,543,465,782,608
ENSMUSG00000098831,Mir7119,0,0,0,0,0,0,0,0,0,0,0,0
ENSMUSG00000081319,Gm12936,0,0,0,0,0,1,2,1,0,3,0,1
ENSMUSG00000073755,5730409E04Rik,57,59,42,32,51,31,38,40,43,60,56,48
ENSMUSG00000081210,Gm12933,0,1,2,2,0,3,1,5,4,0,1,1
ENSMUSG00000028837,Psmb2,2612,2863,2161,2340,2788,1954,2607,2681,2731,2422,2722,2563
ENSMUSG00000042477,Tfap2e,0,0,1,2,0,0,0,0,0,0,0,0
ENSMUSG00000028833,Ncdn,2734,2962,2064,2044,2072,665,1827,2237,2338,2230,2089,2028
ENSMUSG00000028830,AU040320,752,791,620,609,615,344,482,609,679,578,686,617
ENSMUSG00000082498,Gm12937,0,0,1,1,0,0,0,0,0,0,0,0
ENSMUSG00000077780,Gm24161,0,0,0,0,0,0,0,0,0,0,0,0
ENSMUSG00000088984,Gm25604,2,0,2,3,0,1,1,0,2,0,0,0
ENSMUSG00000042446,Zmym4,1023,1062,803,783,870,733,605,861,961,918,1046,905
ENSMUSG00000081609,Gm12939,0,0,0,0,0,0,0,0,0,0,0,0
ENSMUSG00000028820,Sfpq,23165,21444,19130,18448,19013,16678,16742,21261,22712,21027,19592,18492
ENSMUSG00000085334,Gm12940,212,224,201,193,274,222,165,217,180,217,304,249
ENSMUSG00000084088,Gm12941,0,0,2,2,3,2,1,1,0,1,3,2
ENSMUSG00000043872,Zmym1,679,688,657,644,775,513,711,761,669,723,773,724
ENSMUSG00000084149,Gm12944,1,1,0,0,0,0,1,0,0,1,1,3
ENSMUSG00000042408,Zmym6,112,101,116,80,82,88,57,84,91,101,131,107
ENSMUSG00000088982,Gm25600,0,0,0,0,0,0,0,0,0,0,0,0
ENSMUSG00000070737,Tmem35b,19,24,22,26,8,14,16,23,27,18,11,25
ENSMUSG00000082220,Gm12943,0,0,0,0,0,0,1,0,0,0,0,0
ENSMUSG00000042388,Dlgap3,19,16,24,14,5,3,12,13,4,11,4,11
ENSMUSG00000042380,Smim12,308,329,267,283,273,112,251,293,366,266,289,233
ENSMUSG00000087987,Gm22221,0,0,0,0,0,0,0,0,0,0,0,0
ENSMUSG00000082047,Gm12948,0,0,0,0,0,0,0,0,0,0,0,0
ENSMUSG00000050234,Gja4,0,0,0,0,0,0,0,0,0,0,0,0
ENSMUSG00000042367,Gjb3,0,0,0,2,0,0,0,0,0,0,0,0
ENSMUSG00000046623,Gjb4,0,0,0,0,0,1,0,0,0,0,0,0
ENSMUSG00000042357,Gjb5,0,0,0,0,0,0,0,0,0,0,0,0
ENSMUSG00000079998,Gm12947,0,0,0,0,0,0,0,0,0,0,0,1
ENSMUSG00000087470,A630031M04Rik,0,0,0,0,1,3,0,0,0,0,2,0
ENSMUSG00000087510,1700112K13Rik,0,0,0,0,0,0,0,0,0,0,0,0
ENSMUSG00000028813,CK137956,0,0,0,0,0,0,0,0,0,0,0,0
ENSMUSG00000028804,Csmd2,1,1,0,0,0,4,0,0,0,0,2,0
ENSMUSG00000087459,Csmd2os,0,0,0,0,0,0,0,0,0,0,0,0
ENSMUSG00000048686,Hmgb4,0,0,0,0,0,0,0,0,0,0,0,0
ENSMUSG00000085717,Hmgb4os,0,0,0,0,0,0,0,0,0,0,0,0
ENSMUSG00000061894,Zscan20,236,211,178,180,209,82,150,175,196,204,242,248
ENSMUSG00000062545,Tlr12,2,0,0,2,0,0,0,0,1,2,0,3
ENSMUSG00000084891,Gm12958,0,0,0,0,1,0,0,0,0,0,0,0
ENSMUSG00000028796,Phc2,3737,3806,2612,2840,2306,800,2600,2851,3514,3039,2409,2287
ENSMUSG00000028794,A3galt2,28,5,10,15,4,7,9,11,19,4,6,7
ENSMUSG00000028799,Zfp362,870,823,466,432,622,414,623,658,762,701,657,666
ENSMUSG00000085701,Gm12968,0,0,0,0,0,0,0,0,0,0,0,0
ENSMUSG00000084011,Gm12969,3,2,2,8,1,0,8,4,5,5,8,1
ENSMUSG00000041000,Trim62,121,125,86,90,90,50,103,103,114,105,90,84
ENSMUSG00000028789,Azin2,36,29,17,18,16,6,12,25,19,13,12,18
ENSMUSG00000085961,Gm15904,0,0,0,0,0,3,0,0,0,0,0,0
ENSMUSG00000028792,Ak2,6701,6779,4939,5410,5205,2705,4984,5520,6269,5697,5388,4985
ENSMUSG00000085085,1700086P04Rik,0,1,1,3,0,0,2,1,2,1,0,0
ENSMUSG00000028793,Rnf19b,7407,7865,4905,5183,3506,1508,5107,5643,5738,5349,4455,4212
ENSMUSG00000028786,Tmem54,1,0,0,0,0,0,0,0,0,0,0,0
ENSMUSG00000028785,Hpca,0,0,0,0,0,0,0,0,0,1,0,1
ENSMUSG00000087416,Gm15906,0,0,0,0,0,0,0,0,0,1,0,0
ENSMUSG00000081792,Anp32b-ps1,11,20,18,17,19,11,22,33,8,10,23,15
ENSMUSG00000041805,Pramel1,0,0,0,0,0,0,0,0,0,0,0,0
ENSMUSG00000082407,Gm13045,0,0,0,0,0,0,0,0,0,0,0,0
ENSMUSG00000046862,Pramef8,583,713,524,529,478,202,444,479,595,537,475,418
ENSMUSG00000047799,Oog4,0,0,0,0,0,0,0,0,0,0,0,0
ENSMUSG00000083930,Gm13042,0,0,0,2,2,0,0,1,0,0,0,1
ENSMUSG00000084059,Gm13046,0,0,0,0,0,0,0,0,0,0,0,0
ENSMUSG00000083403,Gm13041,0,0,0,0,0,0,0,0,0,0,0,0
ENSMUSG00000095409,Gm13043,0,0,0,0,0,0,0,0,0,0,0,0
ENSMUSG00000070616,Gm13040,0,0,0,0,0,0,0,0,0,0,0,0
ENSMUSG00000096154,Gm13057,0,0,0,0,0,0,0,0,0,0,0,0
ENSMUSG00000070618,BC080695,0,0,0,0,0,0,0,0,0,0,0,0
ENSMUSG00000073791,Efcab7,78,61,58,57,59,56,49,85,56,57,90,68
ENSMUSG00000084478,Gm26425,0,0,0,0,0,0,0,0,0,0,0,0
ENSMUSG00000025791,Pgm1,541,598,417,397,412,193,431,458,531,466,546,528
ENSMUSG00000085761,4930455G09Rik,0,0,0,0,2,0,0,0,0,0,0,0
ENSMUSG00000040616,Tmem51,14,9,15,13,30,10,8,6,15,10,18,10
ENSMUSG00000085574,Gm13053,0,0,0,0,0,0,0,0,0,0,0,0
ENSMUSG00000073728,Tmem51os1,1,0,0,0,0,3,0,0,2,0,0,0
ENSMUSG00000040606,Kazn,113,118,82,99,62,39,121,92,67,66,41,42
ENSMUSG00000087525,Gm13062,1,0,0,0,0,0,0,0,0,0,0,0
ENSMUSG00000085816,Gm13052,0,0,0,0,0,0,0,0,0,0,0,0
ENSMUSG00000082704,Gm12515,0,0,0,0,0,0,0,0,0,0,0,0
ENSMUSG00000087614,Gm12514,0,0,0,0,0,3,0,0,0,0,0,0
ENSMUSG00000081177,Gm12509,0,0,0,0,0,0,0,0,0,0,0,0
ENSMUSG00000081504,Gm12508,1,1,2,1,2,1,1,4,0,4,2,1
ENSMUSG00000081542,Gm12512,0,0,0,0,0,0,0,0,0,0,0,0
ENSMUSG00000077403,Gm25419,0,0,0,0,0,0,0,0,0,0,0,0
ENSMUSG00000028251,Tstd3,131,161,101,107,80,94,109,130,128,131,139,121
ENSMUSG00000028426,Rad23b,7617,8020,6345,6381,7149,5532,5917,7423,8059,7203,7715,6712
ENSMUSG00000084144,Gm12516,0,0,0,0,0,0,1,0,0,0,0,0
ENSMUSG00000084404,Gm12513,0,0,0,0,1,0,0,0,0,0,0,0
ENSMUSG00000087070,Gm12505,0,0,0,0,0,0,0,0,0,0,0,0
ENSMUSG00000086346,Gm12510,0,0,0,0,2,0,0,0,0,0,0,0
ENSMUSG00000077635,Gm22150,0,0,0,0,0,0,0,0,0,0,0,0
ENSMUSG00000082952,Gm12507,0,0,0,0,0,0,0,0,0,0,0,0
ENSMUSG00000003032,Klf4,148,146,106,119,117,34,129,127,142,134,85,83
ENSMUSG00000066176,Gm12511,0,0,0,0,0,0,0,0,0,0,0,0
ENSMUSG00000085375,Gm12506,0,0,0,0,1,2,0,0,0,0,1,0
ENSMUSG00000028248,Pnisr,2317,2510,2088,1957,2327,2440,1807,2172,2122,1995,2664,2405
ENSMUSG00000085643,Gm12519,0,0,0,0,0,0,0,0,0,0,0,0
ENSMUSG00000081290,Gm12520,0,0,0,0,0,0,0,0,0,0,0,0
ENSMUSG00000085020,2310081O03Rik,0,0,0,0,0,0,0,0,0,0,0,0
ENSMUSG00000082613,Gm12518,0,0,0,0,0,0,0,0,0,0,0,0
ENSMUSG00000077663,Gm26144,0,0,0,0,0,0,0,0,0,0,0,0
ENSMUSG00000070980,Actl7b,6,4,10,2,1,0,2,1,2,2,0,1
ENSMUSG00000096930,Gm26657,0,0,0,0,0,0,0,0,0,0,0,0
ENSMUSG00000070979,Actl7a,0,0,0,0,0,0,0,0,0,0,0,0
ENSMUSG00000028247,Coq3,276,281,217,254,266,170,235,248,292,226,271,257
ENSMUSG00000028246,Faxc,6,9,4,5,7,2,0,1,1,4,0,1
ENSMUSG00000080997,Gm11885,0,0,0,0,0,0,0,0,0,0,0,0
ENSMUSG00000082490,Gm11880,0,0,0,0,0,0,0,0,0,0,0,0
ENSMUSG00000083376,Gm11882,0,0,0,0,0,0,0,0,0,0,0,0
ENSMUSG00000040410,Fbxl4,49,46,35,56,29,18,47,60,63,45,54,50
ENSMUSG00000077561,Gm24607,0,0,0,0,0,0,0,0,0,1,0,2
ENSMUSG00000103000,Gm37900,1,0,5,3,0,0,0,1,0,0,0,1
ENSMUSG00000095139,Pou3f2,0,0,1,0,0,1,0,0,0,3,0,0
ENSMUSG00000107859,Gm30731,0,0,0,0,0,0,0,0,0,0,0,0
ENSMUSG00000081810,Gm11878,1,1,1,1,2,0,4,0,2,1,0,1
ENSMUSG00000083514,Gm11881,0,0,0,2,0,0,0,0,0,0,0,0
ENSMUSG00000028431,Elp1,3931,4238,3438,3547,2882,1263,2645,3320,3630,3577,2765,2658
ENSMUSG00000080762,Gm11879,0,0,0,0,0,0,0,0,0,0,0,0
ENSMUSG00002076522,#N/A,0,0,0,0,0,0,0,0,0,0,0,0
ENSMUSG00000028244,1700025O08Rik,0,0,0,0,0,0,0,0,0,0,0,0
ENSMUSG00002075696,#N/A,3,5,0,2,1,1,0,0,0,0,1,3
ENSMUSG00000087098,Gm11884,0,0,0,0,0,0,0,0,0,0,0,0
ENSMUSG00000083785,Gm11888,1,0,1,1,0,1,0,0,0,0,0,1
ENSMUSG00000082876,Gm11889,6,4,5,3,5,1,2,3,3,12,2,5
ENSMUSG00002075723,#N/A,0,0,0,0,0,0,0,0,0,0,0,0
ENSMUSG00000084179,Gm11890,0,0,0,0,0,0,0,0,0,0,0,0
ENSMUSG00000038827,Abitram,1254,1389,1012,945,1156,750,866,966,1182,1134,1184,1152
ENSMUSG00000100395,Gm28448,0,0,0,0,0,0,0,0,0,0,0,0
ENSMUSG00000083154,Gm11892,0,0,0,0,0,0,0,0,0,0,1,0
ENSMUSG00000081148,Gm11891,0,0,0,0,0,0,0,0,0,0,0,0
ENSMUSG00000099150,Gm27243,0,0,0,0,0,0,0,0,0,0,0,0
ENSMUSG00000038816,Ctnnal1,117,149,116,116,86,39,62,109,103,79,73,50
ENSMUSG00000045751,Mms22l,657,665,630,634,888,386,690,714,670,619,772,699
ENSMUSG00000055296,Tmem245,3088,2819,2910,2485,2783,2223,1680,2792,2733,2603,2656,2753
ENSMUSG00000065544,Mir32,0,0,1,0,0,0,0,1,0,0,1,0
ENSMUSG00002075508,#N/A,0,0,0,0,0,0,0,0,0,0,0,0
ENSMUSG00000106585,Gm25053,0,0,0,0,0,0,0,0,0,0,0,0
ENSMUSG00000064595,Gm22300,0,0,0,0,0,0,0,0,0,0,0,0
ENSMUSG00000045589,Frrs1l,18,15,15,16,4,8,14,18,13,15,3,9
ENSMUSG00000028434,Epb41l4b,6,13,6,10,11,7,2,9,6,7,7,0
ENSMUSG00000040387,Klhl32,0,0,1,0,0,4,1,2,1,0,2,0
ENSMUSG00000085967,Gm12530,0,0,0,0,0,3,0,0,0,0,0,0
ENSMUSG00000087399,Gm11899,0,0,0,0,0,0,0,0,0,0,0,0
ENSMUSG00000028261,Ndufaf4,1752,1885,1408,1442,1612,1223,1501,1446,1811,1601,1691,1533
ENSMUSG00000046219,C230012O17Rik,0,0,0,0,0,0,0,0,0,0,0,0
ENSMUSG00000038764,Ptpn3,1775,1855,1194,1099,1349,740,924,1134,1539,1591,1201,1136
ENSMUSG00000040372,Gpr63,2,0,0,1,1,6,0,0,0,0,1,0
ENSMUSG00000085885,Gm11906,0,0,0,2,0,4,0,0,0,0,0,0
ENSMUSG00000085654,Gm12536,5,2,3,0,4,0,5,1,2,0,0,7
ENSMUSG00000087044,1700042G15Rik,0,0,0,0,0,0,0,0,0,0,0,0
ENSMUSG00000028259,Fhl5,0,0,0,0,0,1,0,0,0,0,0,0
ENSMUSG00000095042,Gm12537,24,19,12,12,12,3,30,17,19,13,4,10
ENSMUSG00000081540,Gm12538,1,0,0,0,0,0,0,0,1,2,0,1
ENSMUSG00000090053,Pakap,0,0,0,0,0,0,0,0,0,0,0,0
ENSMUSG00000081615,Gm12539,0,0,0,0,0,0,0,0,0,0,0,0
ENSMUSG00000089945,Pakap,0,0,0,0,0,0,0,0,0,0,0,0
ENSMUSG00000040359,Ufl1,550,684,434,486,537,479,377,535,536,504,592,499
ENSMUSG00000038729,Pakap,0,0,0,0,1,0,0,0,0,0,0,0
ENSMUSG00000083737,Prdx6-ps2,0,0,0,0,0,1,0,0,0,0,0,0
ENSMUSG00000081786,Gm11897,0,0,0,0,0,0,0,0,0,0,0,0
ENSMUSG00000082451,Gm11894,0,0,0,0,0,0,0,0,0,0,0,0
ENSMUSG00000089327,Gm25975,0,0,0,0,0,0,0,0,0,0,0,0
ENSMUSG00000081369,Gm11896,0,0,0,0,0,0,0,0,0,0,0,0
ENSMUSG00000081789,Gm11893,0,0,0,0,0,0,0,0,0,0,0,0
ENSMUSG00000073846,Gm12526,0,0,0,0,0,0,0,0,0,0,0,0
ENSMUSG00000065040,Gm24977,0,0,0,0,0,0,0,0,0,0,0,0
ENSMUSG00002076792,#N/A,0,0,0,0,0,0,0,0,0,0,0,0
ENSMUSG00000096195,Gm26138,0,0,0,0,0,0,0,0,0,0,0,0
ENSMUSG00000052117,D630039A03Rik,546,572,487,527,535,421,514,588,580,513,666,532
ENSMUSG00000055373,Fut9,0,0,0,0,0,2,0,0,0,0,0,0
ENSMUSG00000028367,Txn1,4025,4773,4422,4577,5025,1963,5946,4731,4230,3589,3993,3971
ENSMUSG00000065048,Gm24042,0,0,0,0,0,0,0,0,0,0,0,0
ENSMUSG00000083835,Gm11898,0,0,0,0,0,1,0,0,0,0,0,0
ENSMUSG00002075069,#N/A,0,0,0,0,0,0,0,0,0,0,0,0
ENSMUSG00000084018,Gm11895,2,1,1,0,5,0,0,1,0,1,0,0
ENSMUSG00000088547,Gm24965,0,0,0,0,0,0,0,0,0,0,0,0
ENSMUSG00000040520,Manea,294,331,210,257,221,199,179,266,211,234,315,274
ENSMUSG00000038709,Txndc8,0,0,0,0,0,0,0,0,0,0,0,0
ENSMUSG00000096105,Bhmt-ps1,0,0,0,0,0,0,0,0,0,0,0,0
ENSMUSG00000082573,Gm11903,0,0,0,0,0,0,0,0,0,0,0,0
ENSMUSG00000081985,Gng2-ps1,0,0,0,0,0,0,0,0,0,1,0,0
ENSMUSG00000082138,Gm11905,0,0,0,0,0,0,0,0,0,0,0,0
ENSMUSG00000086257,4930548K13Rik,0,0,0,0,0,0,0,0,0,0,0,0
ENSMUSG00000083447,Gm11904,0,0,0,0,0,0,0,0,0,0,0,0
ENSMUSG00000080958,Gm11902,0,0,0,0,0,0,0,0,0,0,0,0
ENSMUSG00000084163,Gm11901,0,0,0,0,0,0,1,0,0,0,0,0
ENSMUSG00000095003,Gm25173,0,0,0,0,0,0,0,0,0,0,0,0
ENSMUSG00000082674,Gm11914,0,0,0,0,1,2,1,0,0,0,0,1
ENSMUSG00000080175,Tpm3-rs2,0,0,0,0,0,0,0,0,0,0,0,0
ENSMUSG00000082977,Gm11911,0,0,0,0,0,0,0,0,0,0,0,0
ENSMUSG00000082703,Gm11907,2,5,4,3,3,0,6,7,4,1,3,1
ENSMUSG00000077521,Gm25378,0,0,0,0,0,0,0,0,0,0,0,0
ENSMUSG00000028369,Svep1,0,1,0,2,1,18,1,4,2,1,1,1
ENSMUSG00000082359,Gm11908,0,0,0,0,0,0,0,0,0,0,0,0
ENSMUSG00000081579,Gm11909,0,0,0,0,0,0,0,0,0,0,0,0
ENSMUSG00000084073,Gm11910,0,0,0,0,0,0,0,0,0,0,0,0
ENSMUSG00000083214,Gm11912,0,0,1,0,2,0,0,0,0,3,0,0
ENSMUSG00000081011,Gm11913,0,0,0,0,0,0,0,2,0,1,0,0
ENSMUSG00000028289,Epha7,0,0,0,0,0,0,0,0,0,0,0,0
ENSMUSG00000057280,Musk,0,0,0,0,1,0,0,0,0,0,0,0
ENSMUSG00000086774,Gm11915,0,0,0,0,0,0,0,0,0,0,0,0
ENSMUSG00000087316,Gm11917,0,0,0,0,0,0,0,0,0,0,0,0
ENSMUSG00000086339,Gm11916,0,0,0,0,0,0,0,0,0,0,0,0
ENSMUSG00000080911,Gm11918,0,0,0,0,0,0,0,0,0,0,0,0
ENSMUSG00000082486,Gm11919,0,0,0,0,0,0,0,0,0,0,0,0
ENSMUSG00000082058,Gm11923,0,0,0,0,0,0,0,0,0,0,0,0
ENSMUSG00000080771,Gm11925,0,0,0,0,0,0,0,0,0,0,0,0
ENSMUSG00000087180,Gm11924,0,0,0,0,0,0,0,0,0,0,0,0
ENSMUSG00000085522,4930556G01Rik,0,0,0,0,0,0,0,0,0,0,0,0
ENSMUSG00002075233,#N/A,0,0,0,0,0,0,0,0,0,0,0,0
ENSMUSG00000082949,Gm11920,0,0,0,0,0,0,0,0,0,0,0,0
ENSMUSG00000065053,Gm25705,0,0,0,0,0,0,0,0,0,0,0,0
ENSMUSG00000082254,Gm11922,0,0,0,1,0,0,0,0,0,1,1,0
ENSMUSG00000038668,Lpar1,8,11,5,4,11,7,6,10,4,8,6,5
ENSMUSG00000093293,Mir3095,0,0,0,0,0,0,0,0,0,0,0,0
ENSMUSG00000083834,Gm12577,1,0,0,1,1,3,1,0,0,0,1,1
ENSMUSG00000081186,Gm12578,0,0,0,0,0,0,0,0,0,0,0,0
ENSMUSG00000083145,Gm12579,0,0,0,0,0,0,0,0,0,0,0,0
ENSMUSG00000086470,Gm12580,0,0,0,0,0,0,0,0,0,0,0,0
ENSMUSG00000043385,Olfr267,2,0,2,0,0,1,0,1,0,0,0,4
ENSMUSG00000028284,Map3k7,2743,3011,2279,2397,2572,1839,2014,2502,2730,2654,2446,2196
ENSMUSG00000084201,Gm11926,0,0,0,0,0,0,0,0,0,2,0,0
ENSMUSG00000084440,Gm26254,0,0,0,0,0,0,0,0,0,0,0,0
ENSMUSG00000082398,Gm11927,0,0,0,0,0,0,0,1,0,0,0,0
ENSMUSG00000083872,Gm11928,1,2,0,1,2,0,2,4,0,0,1,1
ENSMUSG00000083564,Gm11929,0,2,1,0,1,0,2,2,0,0,0,0
ENSMUSG00000040270,Bach2,4464,4787,3756,3682,2977,1911,2262,3226,3878,3603,3552,3326
ENSMUSG00000087049,Bach2it1,32,31,47,48,34,11,37,43,31,42,17,26
ENSMUSG00002075802,#N/A,4,0,4,3,3,1,7,6,6,6,5,2
ENSMUSG00000086150,Bach2os,2,4,0,2,0,3,4,0,3,3,1,1
ENSMUSG00000051056,Gja10,0,1,0,0,0,0,0,2,0,0,1,0
ENSMUSG00000081879,Gm11933,0,0,0,0,0,0,0,0,0,0,0,0
ENSMUSG00000028282,Casp8ap2,1800,1827,1300,1435,1409,1575,967,1468,1188,1555,1731,1585
ENSMUSG00000081592,Gm11936,0,0,0,0,0,0,0,0,0,0,0,0
ENSMUSG00000050812,Ecpas,3748,4250,3467,3395,3917,2429,2348,3416,3805,3676,3933,3766
ENSMUSG00002076044,#N/A,0,0,0,0,0,0,0,0,0,0,0,0
ENSMUSG00000058006,Mdn1,17817,17474,15019,13334,13019,9599,7538,13536,15304,15715,15484,14713
ENSMUSG00000038630,Zkscan16,0,0,0,0,0,0,0,0,0,0,0,0
ENSMUSG00000028378,Ptgr1,34,49,30,39,51,35,39,45,46,38,38,39
ENSMUSG00000045854,Lyrm2,133,156,133,123,174,110,175,126,148,143,157,151
ENSMUSG00000070972,Dnajc25,346,347,259,261,276,249,309,310,342,305,274,234
ENSMUSG00000092345,Gm20503,0,0,0,0,0,0,0,0,0,0,0,0
ENSMUSG00000038607,Gng10,8,7,6,4,16,12,9,11,5,12,17,16
ENSMUSG00002075084,#N/A,0,0,0,0,0,0,0,0,0,0,0,0
ENSMUSG00000038598,Shoc1,1,4,2,1,4,3,1,3,0,1,0,0
ENSMUSG00000081279,Vmn1r-ps2,0,0,0,0,0,0,0,0,0,0,0,0
ENSMUSG00000083742,Vmn1r-ps3,0,0,0,0,0,0,0,0,0,0,0,0
ENSMUSG00000081432,Gm12593,0,0,0,0,0,0,0,1,0,1,0,0
ENSMUSG00000086660,Gm12594,0,0,1,0,0,0,0,0,0,0,0,0
ENSMUSG00000115072,Vmn1r2,0,0,0,0,0,0,0,0,0,0,0,0
ENSMUSG00000082978,Rpsa-ps11,130,185,118,135,108,36,119,85,140,118,91,103
ENSMUSG00000115466,Vmn1r3,0,0,0,0,0,0,0,0,0,0,0,0
ENSMUSG00000085180,AI838599,0,0,0,0,0,0,0,0,0,0,0,0
ENSMUSG00000081165,Gm11783,0,0,0,0,0,0,0,0,0,0,0,0
ENSMUSG00000083632,Gm11786,0,0,0,0,0,0,0,0,0,0,0,0
ENSMUSG00000083489,Gm11784,0,0,0,0,0,0,0,0,0,0,0,0
ENSMUSG00000028381,Ugcg,2605,2477,2264,2024,1908,1668,1907,2344,2262,2041,2278,2178
ENSMUSG00000081711,Gm11785,0,0,0,0,0,0,0,0,0,0,0,0
ENSMUSG00000081660,Gm11787,0,0,0,0,0,3,0,0,0,0,1,0
ENSMUSG00000086952,Gm12596,0,4,2,2,0,0,0,1,0,2,1,1
ENSMUSG00000094253,Mir3471-2,0,0,0,0,0,0,0,0,0,0,0,0
ENSMUSG00000038578,Susd1,31,39,24,20,24,14,27,31,36,21,65,41
ENSMUSG00000028232,Tmem68,1318,1246,1171,1089,1099,876,979,1207,1218,1142,1068,1003
ENSMUSG00000083979,Gm12527,0,0,0,0,0,0,0,0,1,1,0,1
ENSMUSG00000028233,Tgs1,1602,1819,1542,1465,1387,1259,1131,1535,1507,1422,1413,1263
ENSMUSG00000040183,Ankrd6,255,217,240,221,276,185,149,175,193,187,174,199
ENSMUSG00002076805,#N/A,0,0,0,0,0,0,0,0,0,0,1,0
ENSMUSG00000085394,2210414B05Rik,0,0,0,0,0,0,0,0,0,0,0,0
ENSMUSG00000083565,Gm11941,0,0,0,0,0,0,0,0,0,0,0,0
ENSMUSG00000094344,Gm11942,2,3,4,3,4,1,5,2,5,3,3,3
ENSMUSG00000042228,Lyn,33,27,37,37,26,16,24,36,21,16,20,22
ENSMUSG00000083186,Gm11805,0,0,0,0,0,1,0,0,0,0,0,0
ENSMUSG00000028278,Rragd,617,599,674,564,635,315,348,462,474,516,263,253
ENSMUSG00000077271,Gm22781,0,0,0,0,0,0,0,0,0,0,0,0
ENSMUSG00000055216,9430025C20Rik,0,0,0,0,3,5,0,0,0,0,0,0
ENSMUSG00000028234,Rps20,4248,6325,4430,4950,4823,1777,5194,3633,4929,4405,3074,3738
ENSMUSG00000088351,Gm24016,0,0,0,0,0,0,0,0,0,0,0,0
ENSMUSG00000081025,Gm11943,0,0,0,0,0,0,0,0,0,0,0,0
ENSMUSG00000077293,Gm24125,0,0,0,0,0,0,0,0,0,0,0,0
ENSMUSG00000085037,4933421O10Rik,46,36,29,23,42,31,37,30,44,33,47,42
ENSMUSG00000078365,Mos,0,0,0,0,0,1,0,0,0,0,0,0
ENSMUSG00000003282,Plag1,45,35,41,43,57,52,16,41,29,30,37,38
ENSMUSG00000028277,Ube2j1,3216,3392,2608,2550,2588,1694,2292,2701,3005,2690,2563,2459
ENSMUSG00000082851,Gm11931,0,0,0,1,1,0,0,0,0,0,0,0
ENSMUSG00000023267,Gabrr2,0,0,2,0,2,0,1,0,0,1,0,0
ENSMUSG00000042198,Chchd7,209,242,240,227,301,206,287,223,233,206,202,208
ENSMUSG00000028280,Gabrr1,1,0,1,0,0,0,2,6,2,3,0,0
ENSMUSG00000068240,Gm11808,9,8,5,12,6,19,6,18,8,8,17,8
ENSMUSG00000054659,Pm20d2,2,3,0,3,1,0,1,3,1,3,4,2
ENSMUSG00000082991,Rps10-ps3,1,0,0,0,0,0,0,0,0,0,0,0
ENSMUSG00000083887,Gm11930,0,0,0,0,0,0,0,0,0,0,0,0
ENSMUSG00000028236,Sdr16c5,0,0,0,0,0,0,0,0,0,0,0,0
ENSMUSG00000054679,Srsf12,5,1,5,3,5,2,3,2,3,2,0,2
ENSMUSG00000040128,Pnrc1,596,650,688,648,739,428,684,706,705,614,682,613
ENSMUSG00000071019,Sdr16c6,0,0,0,0,0,0,0,0,0,0,0,0
ENSMUSG00000086127,Gm11934,0,0,0,0,0,0,0,0,0,0,1,0
ENSMUSG00000028382,Ptbp3,5531,5149,4620,4513,4154,3769,3425,5020,5124,5057,4609,4503
ENSMUSG00000045573,Penk,2414,2347,4462,4516,5651,4484,2560,2695,3014,2585,3989,3717
ENSMUSG00000085996,A830012C17Rik,1,0,1,2,0,2,2,3,3,2,0,1
ENSMUSG00000085155,Gm11780,0,0,0,0,0,0,0,0,0,0,0,0
ENSMUSG00000095971,Gm26436,0,0,0,0,0,0,0,0,0,0,0,0
ENSMUSG00000066324,Impad1,3078,3012,2686,2554,2264,1851,2035,2691,3058,2696,2704,2479
ENSMUSG00000028274,Rngtt,1043,987,845,897,933,778,835,1009,1015,938,1041,895
ENSMUSG00000083228,Gm11779,0,0,0,0,0,0,0,0,0,0,0,0
ENSMUSG00000087099,Gm11782,0,0,0,0,0,0,0,0,0,0,0,0
ENSMUSG00000084237,Gm11781,0,0,0,0,0,0,0,0,0,0,0,0
ENSMUSG00000080831,Gm12529,0,0,0,0,0,0,1,0,0,0,0,0
ENSMUSG00000046145,1700018M17Rik,6,3,1,4,2,2,1,3,3,6,3,1
ENSMUSG00000086066,4930423M02Rik,0,0,0,0,0,0,0,0,0,0,0,0
ENSMUSG00000098310,Mir8118,0,0,0,0,0,0,0,0,0,0,0,0
ENSMUSG00000081206,Gm11935,0,0,0,0,0,0,0,0,0,0,0,0
ENSMUSG00002075451,#N/A,0,0,0,0,0,0,0,0,0,0,0,0
ENSMUSG00000077397,Gm24341,0,0,0,0,0,0,0,0,0,0,0,0
ENSMUSG00000049119,Fam110b,43,65,43,39,49,27,40,41,37,51,51,36
ENSMUSG00000044288,Cnr1,0,0,0,1,1,1,0,0,1,0,0,0
ENSMUSG00000028383,Hsdl2,227,229,214,201,300,244,234,294,227,163,278,235
ENSMUSG00002075734,#N/A,0,0,0,0,0,0,0,0,0,0,0,0
ENSMUSG00000077392,Gm24337,0,0,0,0,0,0,0,0,0,0,0,0
ENSMUSG00000083232,Gm11796,46,44,23,27,20,3,40,44,37,50,18,33
ENSMUSG00000084360,Gm11797,0,0,0,0,0,0,0,0,0,0,0,0
ENSMUSG00000028264,Spaca1,0,0,1,0,0,2,1,1,1,2,0,0
ENSMUSG00000045071,E130308A19Rik,364,346,321,315,355,178,294,329,355,285,319,329
ENSMUSG00000080961,Gm11798,0,0,0,0,0,0,0,0,0,0,0,0
ENSMUSG00000028240,Cyp7a1,0,0,0,0,0,1,0,0,0,0,0,0
ENSMUSG00000085295,4930430E12Rik,0,0,0,0,0,0,0,1,1,0,0,0
ENSMUSG00000038544,Inip,1235,1480,1181,1256,1213,686,1105,1291,1200,1184,1121,1055
ENSMUSG00000028385,Snx30,701,696,853,835,824,466,557,832,765,659,346,347
ENSMUSG00000080772,Gm12543,0,1,2,1,2,1,2,1,0,3,1,3
ENSMUSG00000073843,Gm12542,0,0,0,0,0,0,0,0,0,0,0,0
ENSMUSG00000087841,Gm25623,0,0,0,0,0,0,0,0,0,0,0,0
ENSMUSG00000087602,Gm12753,0,0,0,0,0,0,0,0,0,0,0,0
ENSMUSG00000062554,Gm12751,1,0,1,1,0,0,0,2,2,1,0,0
ENSMUSG00000028386,Slc46a2,0,0,0,2,0,1,0,1,0,0,0,1
ENSMUSG00000081384,Gm12752,0,0,0,0,0,0,0,0,0,0,0,0
ENSMUSG00000082649,Gm12754,0,0,0,0,0,0,0,0,0,0,0,1
ENSMUSG00002076201,#N/A,0,0,0,0,0,0,0,0,0,0,0,0
ENSMUSG00000041333,Mup4,0,0,0,0,0,0,0,0,0,0,0,0
ENSMUSG00000084119,Gm12351,0,0,0,0,0,0,0,0,0,0,0,0
ENSMUSG00000095588,Gm12350,3,2,1,3,0,0,2,3,2,2,1,1
ENSMUSG00000078689,Mup6,0,0,0,0,0,0,0,0,0,0,0,0
ENSMUSG00000028291,Akirin2,1146,1177,990,898,1089,732,1046,926,1107,966,926,971
ENSMUSG00000073842,Mup7,0,0,0,0,0,0,0,0,0,0,0,0
ENSMUSG00000083239,Mup-ps1,0,0,0,0,0,0,0,0,0,0,0,0
ENSMUSG00000028249,Sdcbp,2156,2676,2267,2321,2018,1151,2187,2445,2130,2137,1691,1494
ENSMUSG00000078688,Mup2,0,0,0,0,0,0,0,0,0,0,0,0
ENSMUSG00000073840,Mup-ps2,0,0,0,0,0,0,0,0,0,0,0,0
ENSMUSG00000104347,Gm37689,0,0,0,3,2,1,0,0,0,0,1,0
ENSMUSG00000078687,Mup8,0,0,0,0,0,0,0,0,0,0,0,0
ENSMUSG00000095455,Mup-ps3,0,0,0,0,0,0,0,0,0,0,0,0
ENSMUSG00000040044,Orc3,1225,1367,998,958,1140,927,848,1072,1125,1132,1298,1188
ENSMUSG00000028245,Nsmaf,1868,1959,1748,1744,1940,1198,1663,1974,1877,1686,1806,1707
ENSMUSG00000081913,Gm11803,0,0,0,0,0,0,0,0,0,0,0,0
ENSMUSG00000081388,Gm11801,0,0,0,0,0,0,0,0,0,0,0,0
ENSMUSG00000077302,Gm22473,0,0,0,0,0,0,0,0,0,0,0,0
ENSMUSG00000086052,Gm11802,0,0,0,0,0,0,0,1,0,0,0,0
ENSMUSG00000083023,Gm11804,0,0,0,0,0,0,0,0,0,0,0,0
ENSMUSG00000086070,8430436N08Rik,0,0,0,0,0,0,0,0,0,0,0,0
ENSMUSG00000085630,Gm11795,0,0,0,0,0,0,0,0,0,0,0,0
ENSMUSG00000082024,Gm11794,0,0,0,0,0,0,0,0,0,0,0,0
ENSMUSG00000094771,Gm23860,0,0,0,0,0,0,0,0,0,0,0,0
ENSMUSG00000083068,Gm11800,0,0,0,0,0,0,0,0,0,0,0,0
ENSMUSG00000028292,Rars2,745,769,595,593,672,514,556,669,684,646,805,727
ENSMUSG00000041261,Car8,28,35,29,26,32,19,36,38,23,24,11,13
ENSMUSG00000079993,Gm11799,1,0,0,0,1,0,0,4,1,0,0,0
ENSMUSG00002076441,#N/A,0,0,0,0,0,0,0,0,0,0,0,0
ENSMUSG00000103127,Gm37386,0,0,0,0,0,0,0,0,0,0,0,0
ENSMUSG00000082151,Gm11810,1,2,1,0,0,0,2,0,0,1,0,0
ENSMUSG00000047187,Rab2a,2065,2242,1683,1683,1698,1557,1761,1804,2041,1808,1670,1580
ENSMUSG00000082122,Gm11809,0,0,0,0,0,0,0,0,0,0,0,0
ENSMUSG00000028293,Slc35a1,500,518,419,466,496,350,400,350,522,441,446,462
ENSMUSG00002076527,#N/A,0,0,0,0,0,0,0,0,0,0,0,0
ENSMUSG00000041235,Chd7,5280,5257,5404,5269,3841,2447,4361,6014,4423,4389,4369,3880
ENSMUSG00000028294,Cfap206,0,0,0,0,0,0,0,0,0,0,0,0
ENSMUSG00000083786,Rps18-ps2,0,0,0,0,0,0,0,0,0,0,0,0
ENSMUSG00000075958,Gm23423,0,0,0,0,0,0,0,0,0,0,0,0
ENSMUSG00000071015,Gm136,0,0,0,0,0,0,0,0,0,0,0,0
ENSMUSG00000041216,Clvs1,0,0,0,0,0,0,0,1,0,0,1,0
ENSMUSG00000086233,Gm11816,0,0,0,0,0,0,0,0,0,0,0,0
ENSMUSG00000087564,Gm11817,0,0,0,0,0,1,0,0,0,0,0,0
ENSMUSG00000028295,Smim8,154,155,120,132,158,137,133,132,170,160,167,165
ENSMUSG00000039967,Zfp292,1422,1458,1070,1062,1102,1197,629,1269,1064,1333,1616,1471
ENSMUSG00000082367,Gm12363,0,0,0,0,0,0,0,0,0,0,0,0
ENSMUSG00000028298,Cga,0,0,0,0,0,0,0,0,0,0,0,0
ENSMUSG00000085824,Platr9,0,0,0,0,0,0,0,0,0,0,0,0
ENSMUSG00000083956,Gm12361,0,0,0,0,0,0,0,1,0,0,0,0
ENSMUSG00000082709,Gm12362,0,0,0,0,0,0,0,0,0,0,0,0
ENSMUSG00000073910,Mob3b,238,286,193,199,164,153,126,216,156,158,140,183
ENSMUSG00000086792,Gm12364,0,0,0,0,0,0,0,0,0,0,0,0
ENSMUSG00000042993,Ifnk,0,0,0,0,0,0,0,0,0,0,0,0
ENSMUSG00000028300,C9orf72,230,294,249,261,338,228,244,334,237,233,211,256
ENSMUSG00000082762,Gm12366,22,22,14,10,20,7,13,9,18,21,15,28
ENSMUSG00000084828,Gm12367,1,0,0,0,0,0,0,1,0,0,0,1
ENSMUSG00000083934,Gm12368,0,0,0,0,0,0,0,0,0,0,0,0
ENSMUSG00000083851,Gm12365,0,0,0,0,0,0,0,0,0,0,0,0
ENSMUSG00000045083,Lingo2,0,0,0,0,0,0,0,0,0,0,0,0
ENSMUSG00000082169,Gm12369,0,0,0,0,0,0,0,0,0,0,0,0
ENSMUSG00000084352,Gm12370,0,0,0,0,0,0,0,0,0,0,0,0
ENSMUSG00000077851,Mir876,0,0,0,0,0,0,0,0,0,0,0,0
ENSMUSG00000078057,Mir873a,0,0,0,0,0,0,0,0,0,0,0,0
ENSMUSG00000106425,Mir873b,0,0,0,0,0,0,0,0,0,0,0,0
ENSMUSG00002075100,#N/A,0,0,0,0,0,0,0,0,0,0,0,0
ENSMUSG00000084898,Gm12371,0,0,0,0,0,0,0,0,0,0,0,0
ENSMUSG00000080969,Taf9-ps,0,0,0,0,0,0,1,0,1,0,0,0
ENSMUSG00000082732,Rpl23a-ps6,0,0,0,0,0,0,0,0,0,0,0,0
ENSMUSG00000086026,Gm12374,0,0,0,0,0,0,0,0,0,0,0,0
ENSMUSG00000088718,Gm22732,0,0,0,0,0,0,0,0,0,0,0,0
ENSMUSG00000083983,Gm12375,0,0,0,0,0,0,0,0,0,0,0,0
ENSMUSG00000080057,Gm12378,0,0,0,0,0,0,0,0,0,0,0,0
ENSMUSG00000082899,Gm12379,0,0,0,0,0,0,0,0,0,0,0,0
ENSMUSG00000084148,Gm12380,0,0,0,0,0,0,0,0,0,0,2,0
ENSMUSG00000085632,Gm12381,0,0,0,0,0,0,0,0,0,0,0,0
ENSMUSG00000081427,Gm12382,0,0,0,0,0,0,0,0,0,0,0,0
ENSMUSG00000065344,Gm25581,0,0,0,0,0,0,0,0,0,0,0,0
ENSMUSG00000082238,Gm12383,0,0,0,0,0,1,0,0,0,0,0,0
ENSMUSG00000077738,Gm23607,0,0,0,0,0,0,0,0,0,0,0,0
ENSMUSG00000090839,Gm17094,0,0,0,0,0,0,0,0,0,0,0,0
ENSMUSG00000028287,1700009N14Rik,0,0,0,0,1,0,0,0,0,0,0,0
ENSMUSG00000082302,Gm12385,0,2,0,0,0,0,0,0,1,0,1,0
ENSMUSG00000083271,Gm12384,0,0,0,0,0,0,0,0,0,0,0,0
ENSMUSG00000082022,Gm12386,0,0,0,0,0,0,0,0,0,0,0,0
ENSMUSG00000088339,Gm22850,0,0,0,0,0,0,0,0,0,0,0,0
ENSMUSG00000084220,Gm12387,0,0,1,0,0,0,0,0,0,0,0,0
ENSMUSG00000088526,Gm26087,0,0,0,0,0,0,0,0,0,0,0,0
ENSMUSG00000083202,Gm12388,0,0,0,0,1,0,0,0,0,0,0,0
ENSMUSG00000081352,Gm12389,0,0,0,1,0,0,0,0,0,0,0,0
ENSMUSG00000028405,Aco1,1175,1443,931,1045,890,493,879,1047,1169,953,929,910
ENSMUSG00000040296,Ddx58,152,189,178,197,59,71,182,222,144,142,130,129
ENSMUSG00000036822,Topors,1703,1831,1428,1397,1380,1514,1217,1610,1598,1469,1569,1380
ENSMUSG00000028407,Smim27,24,34,17,31,38,13,42,28,36,29,23,23
ENSMUSG00000071014,Ndufb6,691,904,626,679,831,333,729,654,799,646,725,650
ENSMUSG00000087137,4930509K18Rik,0,0,0,0,0,4,0,0,0,0,0,0
ENSMUSG00000089585,Gm23338,0,0,0,0,0,0,0,0,0,0,0,0
ENSMUSG00000028207,Asph,178,167,118,140,138,99,82,95,80,58,140,100
ENSMUSG00000046593,Tmem215,0,0,0,0,0,0,0,0,0,0,0,0
ENSMUSG00000086355,4933428C19Rik,0,0,0,0,0,0,0,0,0,0,0,0
ENSMUSG00000081720,Gm12391,0,0,0,0,0,0,0,0,0,0,0,0
ENSMUSG00002074917,#N/A,0,0,0,0,0,0,0,0,0,0,0,0
ENSMUSG00000064698,Gm24152,0,0,0,0,0,0,0,0,0,0,0,0
ENSMUSG00000028411,Aptx,409,444,354,376,424,236,360,360,416,372,424,343
ENSMUSG00000085558,4930412C18Rik,0,0,0,0,0,0,0,1,0,0,0,0
ENSMUSG00000051279,Gdf6,0,0,0,0,0,0,0,0,0,0,0,0
ENSMUSG00000082843,4930448K20Rik,1,1,2,1,1,1,3,3,4,3,1,1
ENSMUSG00000084095,Gm11834,0,0,0,0,0,0,0,0,0,0,0,0
ENSMUSG00000082501,Gm11835,0,0,0,0,0,0,0,0,0,0,0,0
ENSMUSG00000082008,Gm12390,0,0,0,0,0,0,0,1,0,0,0,0
ENSMUSG00000084215,Gm11814,7,14,13,15,3,4,7,12,13,7,14,8
ENSMUSG00000086080,1700123O12Rik,1,0,0,0,0,0,0,0,0,0,0,0
ENSMUSG00000086455,Gm11815,0,0,0,0,0,0,0,0,0,0,0,0
ENSMUSG00000081361,Gm11813,0,0,0,0,0,0,0,0,0,0,0,0
ENSMUSG00000083997,Gm12920,0,0,0,0,0,0,0,1,0,0,0,0
ENSMUSG00000092880,Mir3471-1,0,0,0,0,0,0,0,0,0,0,0,0
ENSMUSG00000066315,Gm12918,0,0,0,0,0,0,0,0,0,0,0,0
ENSMUSG00000083220,Gm12919,0,1,1,1,1,0,0,0,1,0,1,0
ENSMUSG00002075454,#N/A,0,0,0,0,0,0,0,0,0,0,0,0
ENSMUSG00000059482,2610301B20Rik,182,188,115,116,120,75,136,127,144,111,136,125
ENSMUSG00000028410,Dnaja1,1321,1432,1184,1182,1426,879,1221,1236,1408,1267,1528,1486
ENSMUSG00000081715,Rps11-ps3,0,0,0,1,0,1,0,0,2,1,0,1
ENSMUSG00000065452,Mir207,0,0,0,0,0,0,0,0,1,0,0,0
ENSMUSG00000049969,Plekhf2,541,577,500,485,474,307,453,502,541,529,405,373
ENSMUSG00000050323,Ndufaf6,213,212,209,217,206,156,213,239,235,189,209,208
ENSMUSG00000028409,Smu1,3122,3467,2729,2856,2951,1955,2723,2949,3282,2921,2683,2761
ENSMUSG00000056412,Psenen-ps,0,0,0,0,0,0,1,0,0,0,0,0
ENSMUSG00000086765,Gm11827,0,0,0,0,0,0,0,0,0,2,0,0
ENSMUSG00000083025,Gm11829,0,0,0,0,0,0,0,0,0,0,0,0
ENSMUSG00000105333,Mir684-2,0,0,0,0,0,1,0,0,0,0,0,0
ENSMUSG00000081490,Gm11830,0,0,1,0,1,0,0,0,0,0,0,2
ENSMUSG00000028211,Trp53inp1,448,378,702,696,366,310,466,618,399,376,292,281
ENSMUSG00000028413,B4galt1,1607,1620,1631,1639,1373,681,1404,1585,1360,1174,990,980
ENSMUSG00000096377,Mir5123,0,0,0,0,0,0,0,0,0,0,0,0
ENSMUSG00002075456,#N/A,0,0,0,0,0,0,0,0,0,0,0,0
ENSMUSG00002075913,#N/A,0,1,0,0,0,0,0,2,0,0,0,0
ENSMUSG00000081309,Gm12397,11,2,2,4,2,1,3,4,12,9,3,10
ENSMUSG00000028415,Spink4,0,0,0,0,0,0,0,0,0,0,0,0
ENSMUSG00000028212,Ccne2,886,856,777,785,889,984,827,1039,728,700,1043,863
ENSMUSG00000028416,Bag1,2603,2974,2121,2297,2510,2020,2424,2407,2891,2613,2624,2283
ENSMUSG00000028419,Chmp5,827,918,776,769,865,698,848,858,798,728,868,735
ENSMUSG00000040738,Ints8,1920,2195,1667,1702,1836,1489,1393,1757,1831,1709,1789,1654
ENSMUSG00000028423,Nfx1,4387,4555,3385,3476,3219,2185,2926,3706,3869,3640,3671,3543
ENSMUSG00000092862,Mir3094,1,0,0,1,0,0,0,0,0,0,0,0
ENSMUSG00000028427,Aqp7,1,0,1,0,1,7,0,0,0,1,0,0
ENSMUSG00000088154,Gm25637,0,0,0,0,0,0,0,0,0,0,0,0
ENSMUSG00000028435,Aqp3,1,9,8,6,4,1,5,5,8,2,4,2
ENSMUSG00000045205,Dpy19l4,578,638,483,481,503,360,348,466,471,522,459,449
ENSMUSG00002074995,#N/A,0,3,1,1,1,0,0,0,1,0,0,0
ENSMUSG00000028430,Nol6,7571,8123,5523,5918,4790,1692,4494,5570,6330,6158,4946,4947
ENSMUSG00000081437,Gm12402,0,0,1,0,0,0,0,0,0,0,0,0
ENSMUSG00000036241,Ube2r2,1880,1947,1422,1466,1538,1078,1699,1592,1921,1637,1654,1535
ENSMUSG00000082186,Gm12403,79,54,41,57,35,18,70,78,55,79,34,43
ENSMUSG00002076291,#N/A,0,0,0,0,0,0,0,0,0,0,0,0
ENSMUSG00000040728,Esrp1,0,2,0,1,1,1,1,0,0,0,0,0
ENSMUSG00000081884,Gm11821,0,2,0,0,0,0,0,0,1,0,0,0
ENSMUSG00000082255,Gm11822,0,0,0,0,0,0,0,0,0,0,0,0
ENSMUSG00000028433,Ubap2,5592,5445,4359,4254,4685,4065,3956,5089,4527,4518,5057,4701
ENSMUSG00000089265,Gm22888,1,0,0,1,1,0,0,0,0,1,0,1
ENSMUSG00000089308,Gm24837,1,3,5,0,1,0,5,4,0,0,1,4
ENSMUSG00000040720,Virma,1969,2093,1625,1735,1637,1106,1247,1858,1787,1660,1705,1535
ENSMUSG00000093562,Gm23090,0,0,0,0,1,1,0,0,1,0,2,2
ENSMUSG00000081866,Gm12401,0,0,0,0,0,0,0,0,0,0,0,0
ENSMUSG00000028436,Dcaf12,1782,1948,1690,1747,1661,660,1570,1725,1707,1519,1301,1320
ENSMUSG00000086625,Gm11831,0,0,0,0,0,0,0,0,0,0,0,0
ENSMUSG00002076082,#N/A,0,0,0,0,0,0,0,0,0,0,0,0
ENSMUSG00000087938,Gm26049,2,0,3,1,0,3,1,3,5,2,5,1
ENSMUSG00000088528,Gm26084,0,0,0,0,0,0,0,0,0,0,0,0
ENSMUSG00000078773,Rad54b,113,126,127,114,269,206,164,207,131,104,229,169
ENSMUSG00000094595,Fsbp,13,23,27,12,32,15,19,26,19,20,24,22
ENSMUSG00000086103,Gm11832,0,0,0,0,0,0,0,0,0,0,0,0
ENSMUSG00000084046,Gm11833,0,0,0,0,0,0,0,0,0,0,0,0
ENSMUSG00000028437,Ubap1,922,943,644,724,704,347,680,761,885,818,690,669
ENSMUSG00000028214,Gem,1671,1807,1262,1271,573,415,715,856,877,840,713,656
ENSMUSG00000028217,Cdh17,132,165,65,76,17,13,44,41,48,33,28,21
ENSMUSG00002076819,#N/A,0,0,0,0,0,0,0,0,0,0,0,0
ENSMUSG00002075619,#N/A,0,0,0,0,0,0,0,0,0,0,0,0
ENSMUSG00000049225,Pdp1,631,678,599,574,399,242,446,547,491,523,326,291
ENSMUSG00000028438,Kif24,69,61,58,37,115,62,50,96,46,39,91,74
ENSMUSG00000085614,1700123M08Rik,12,13,16,16,19,8,7,11,15,14,10,15
ENSMUSG00000085027,Gm11840,0,0,0,0,0,0,0,0,0,0,0,0
ENSMUSG00000085467,Gm11842,0,0,0,0,0,0,0,0,0,0,0,0
ENSMUSG00000028443,Nudt2,114,138,82,106,120,73,109,95,132,122,130,137
ENSMUSG00000046312,Myorg,7,15,10,10,13,6,2,4,8,5,7,4
ENSMUSG00000028441,1110017D15Rik,0,0,0,0,0,2,0,0,0,1,0,0
ENSMUSG00000049488,Tmem67,34,50,31,13,27,18,15,33,28,30,37,30
ENSMUSG00000036162,Fam219aos,0,0,0,0,0,0,0,0,0,0,0,0
ENSMUSG00000052137,Rbm12b2,246,251,215,198,239,200,185,183,211,256,290,288
ENSMUSG00000083246,Gm11839,2,5,0,1,1,1,1,0,1,4,0,1
ENSMUSG00000081593,Gm11841,0,0,0,0,0,0,0,0,0,0,0,0
ENSMUSG00000082676,Gm11843,0,0,0,0,0,0,0,0,1,0,1,2
ENSMUSG00000046667,Rbm12b1,144,164,111,118,140,96,105,134,122,129,136,145
ENSMUSG00000028439,Fam219a,99,117,79,89,58,37,67,84,88,87,49,54
ENSMUSG00000060989,Gm11847,10,3,3,6,1,17,6,5,6,3,11,10
ENSMUSG00000085909,Gm11846,0,0,0,0,0,0,0,0,0,0,0,0
ENSMUSG00000087623,Gm12404,0,0,0,0,0,0,0,0,0,0,0,0
ENSMUSG00000104211,Gm37985,0,0,0,0,1,5,1,0,0,0,0,0
ENSMUSG00002076080,#N/A,0,0,0,0,0,0,0,0,0,0,0,0
ENSMUSG00000055963,Triqk,0,0,0,0,0,0,0,0,1,0,0,1
ENSMUSG00000086227,Gm11820,0,0,0,0,0,0,0,0,0,0,0,0
ENSMUSG00002075692,#N/A,0,0,0,0,0,0,0,0,0,0,0,0
ENSMUSG00000061322,Dnaic1,0,0,0,0,0,0,0,0,0,0,0,0
ENSMUSG00000081327,Gm11819,0,0,0,0,1,0,0,0,0,0,0,0
ENSMUSG00000083328,Gm11826,1,1,0,1,0,1,1,0,0,2,1,1
ENSMUSG00000081063,Gm11825,0,0,0,0,0,0,0,0,0,0,0,0
ENSMUSG00002075365,#N/A,0,0,0,0,0,0,0,0,0,0,0,0
ENSMUSG00000028445,Enho,0,0,0,0,0,0,0,0,0,0,1,0
ENSMUSG00000084761,Gm12406,0,0,0,0,0,0,0,0,0,0,0,0
ENSMUSG00000087054,Gm12405,0,0,0,0,0,0,0,0,0,0,0,0
ENSMUSG00000006586,Runx1t1,0,0,0,1,0,2,0,0,0,0,2,0
ENSMUSG00000086927,Gm11823,0,0,0,0,0,0,0,0,0,0,0,0
ENSMUSG00000077701,Gm24068,0,0,0,0,0,0,0,0,0,0,0,0
ENSMUSG00000082128,Gm11824,1,2,0,0,0,0,1,1,1,0,0,1
ENSMUSG00000086068,1700120G11Rik,0,0,0,0,0,0,0,0,0,0,0,0
ENSMUSG00000087919,Gm24908,0,0,0,0,0,0,0,0,0,0,0,0
ENSMUSG00000081239,Gm11836,0,0,0,0,0,0,1,1,1,1,0,1
ENSMUSG00000028444,Cntfr,0,0,0,0,0,1,0,0,0,0,0,0
ENSMUSG00000040569,Slc26a7,0,0,0,0,0,0,0,0,0,0,0,0
ENSMUSG00000023151,Lrrc69,0,0,0,0,0,2,0,0,0,0,0,0
ENSMUSG00000083280,Gm11838,0,0,0,1,1,0,1,0,0,1,0,1
ENSMUSG00000040550,Otud6b,1310,1340,1103,1089,1142,1194,954,1238,1238,1189,1303,1136
ENSMUSG00000028221,Pip4p2,167,177,121,137,110,75,159,156,142,126,184,172
ENSMUSG00000086587,Gm11837,1,1,0,0,0,1,1,0,1,0,1,3
ENSMUSG00000040536,Necab1,0,0,1,0,0,1,0,0,0,0,0,0
ENSMUSG00000087241,Gm11844,0,0,0,0,0,1,0,0,0,0,0,0
ENSMUSG00000083073,Gm11845,0,0,0,0,0,0,0,0,0,0,0,0
ENSMUSG00000043252,Tmem64,898,1039,856,826,890,597,812,935,1121,921,943,884
ENSMUSG00000096738,Gm24317,0,0,0,0,0,0,0,0,0,0,0,0
ENSMUSG00000080869,Gm11856,0,0,0,0,0,0,0,0,0,0,0,0
ENSMUSG00000083330,Gm11859,0,0,0,0,0,0,0,0,0,0,0,0
ENSMUSG00000082673,Gm11857,0,6,3,1,2,0,3,3,1,4,1,3
ENSMUSG00000084181,Gm11858,0,0,0,0,0,0,0,0,0,0,0,0
ENSMUSG00000081026,Gm11855,0,0,0,0,0,0,2,0,0,0,0,0
ENSMUSG00000073889,Il11ra1,11,7,10,12,13,2,10,11,6,11,11,13
ENSMUSG00002076485,#N/A,0,0,0,0,0,0,0,0,0,0,0,0
ENSMUSG00000028222,Calb1,0,0,0,0,0,0,1,0,0,0,0,0
ENSMUSG00000088055,Gm26148,0,0,0,0,0,0,0,0,0,0,0,0
ENSMUSG00000028223,Decr1,144,179,124,134,177,78,134,156,159,100,145,134
ENSMUSG00000098929,Mir6400,0,1,0,0,0,0,0,1,0,0,0,0
ENSMUSG00000028224,Nbn,709,718,609,592,777,626,630,685,755,700,858,753
ENSMUSG00000084190,Gm11869,0,0,0,0,0,0,0,1,0,0,0,0
ENSMUSG00000041153,Osgin2,846,805,696,710,593,378,572,629,681,672,562,609
ENSMUSG00000084408,Gm11870,25,26,28,17,14,4,14,21,7,18,11,11
ENSMUSG00000081679,Gm11874,1,3,4,2,0,0,1,1,3,1,2,0
ENSMUSG00000041135,Ripk2,556,591,494,478,453,252,429,494,508,420,423,373
ENSMUSG00002075553,#N/A,0,0,0,0,0,0,0,0,0,0,2,0
ENSMUSG00000085112,A530072M11Rik,4,3,2,5,5,2,4,4,3,7,2,2
ENSMUSG00000083725,Gm11865,0,1,1,2,0,0,1,0,0,1,4,0
ENSMUSG00000103595,Gm37355,0,0,0,0,0,0,0,0,0,0,0,0
ENSMUSG00000080065,Gm11864,0,0,0,0,0,0,0,0,0,0,0,0
ENSMUSG00000086072,Gm11861,0,0,0,0,0,0,0,0,0,0,0,0
ENSMUSG00000096423,Gm24978,0,0,0,0,0,0,0,0,0,0,0,0
ENSMUSG00000083229,Gm11862,0,0,0,0,0,0,0,0,0,0,0,0
ENSMUSG00000064619,Gm23975,0,0,0,0,0,0,0,0,0,0,0,0
ENSMUSG00000082994,Gm11848,0,0,0,0,0,0,0,0,0,0,0,0
ENSMUSG00000082552,Gm11850,0,0,1,1,0,1,1,1,1,0,0,0
ENSMUSG00000083572,Gm11849,2,1,0,0,0,0,2,0,0,1,0,0
ENSMUSG00002075852,#N/A,0,0,0,0,0,0,0,0,0,0,0,0
ENSMUSG00000085478,Gm11851,1,1,0,0,0,0,0,0,0,0,0,0
ENSMUSG00000028226,Mmp16,0,0,0,0,0,0,2,0,0,0,0,0
ENSMUSG00000083387,Gm11860,0,1,0,0,0,0,1,0,0,0,0,0
ENSMUSG00000083150,Gm11852,0,0,0,0,0,0,0,0,0,0,0,0
ENSMUSG00000087402,Gm11867,0,0,0,0,0,0,0,0,0,0,0,0
ENSMUSG00000080919,Gm11854,0,0,0,0,0,0,0,0,0,0,0,0
ENSMUSG00000083660,Gm11853,0,0,0,0,0,0,0,0,0,0,0,0
ENSMUSG00002075147,#N/A,0,0,0,0,0,0,0,0,0,0,0,0
ENSMUSG00002076858,#N/A,0,0,0,0,0,0,0,0,0,0,0,0
ENSMUSG00000050550,Gm11868,8,4,14,6,9,9,6,9,5,12,10,3
ENSMUSG00000073991,Cnbd1,0,0,0,0,0,1,0,0,0,0,0,0
ENSMUSG00000083005,Gm12392,0,0,0,0,0,0,0,0,0,0,0,0
ENSMUSG00000083105,Gm12393,0,0,0,0,0,0,0,0,0,0,0,0
ENSMUSG00000056494,Cngb3,0,0,0,0,0,0,0,0,0,0,0,0
ENSMUSG00000082320,Gm11877,0,1,0,0,1,1,0,2,0,0,0,1
ENSMUSG00002075975,#N/A,0,0,0,0,0,0,0,0,0,0,0,0
ENSMUSG00000028228,Cpne3,874,823,701,711,692,477,614,787,732,601,760,711
ENSMUSG00000028229,Rmdn1,29,33,35,34,37,28,23,40,27,29,48,28
ENSMUSG00000078772,Gm12353,0,0,0,0,0,0,1,0,0,0,0,0
ENSMUSG00000085730,Gm13307,0,1,0,1,0,0,0,0,0,0,0,0
ENSMUSG00000084010,Gm13302,0,0,0,0,0,0,0,0,0,0,0,0
ENSMUSG00000094065,Gm21541,0,0,0,0,0,0,0,0,0,0,0,0
ENSMUSG00000082902,Ccl19-ps1,0,0,0,0,0,0,0,0,0,0,0,0
ENSMUSG00000041058,Wwp1,1126,1101,753,731,658,657,619,814,769,809,933,807
ENSMUSG00000078747,Gm20878,0,0,0,0,0,0,0,0,0,0,0,0
ENSMUSG00000078746,Fam205a4,0,0,0,0,0,0,0,0,0,0,0,0
ENSMUSG00000082414,Gm13303,0,0,0,0,0,0,0,0,0,0,0,0
ENSMUSG00000096256,Gm21093,0,0,0,0,0,0,0,0,0,0,0,0
ENSMUSG00000103694,Gm37530,0,0,0,0,0,0,0,0,0,0,0,0
ENSMUSG00000095348,Gm3892,0,0,0,0,0,0,0,0,0,0,0,0
ENSMUSG00000118633,CT868690.1,0,0,0,0,0,0,0,0,0,0,0,0
ENSMUSG00000086071,Gm12354,0,0,0,0,0,0,0,0,0,0,0,0
ENSMUSG00000094293,Gm3893,0,0,0,0,0,0,0,0,0,0,0,0
ENSMUSG00000041052,Slc7a13,0,0,0,0,0,0,0,0,0,0,1,0
ENSMUSG00000073878,Gm13304,0,0,0,0,0,0,0,0,0,0,0,0
ENSMUSG00000087577,Gm13299,0,0,0,0,0,0,0,0,0,0,0,0
ENSMUSG00000028238,Atp6v0d2,155,230,117,129,22,13,50,63,55,73,15,18
ENSMUSG00000094162,Ccl19-ps3,0,0,0,0,0,0,0,0,0,0,0,0
ENSMUSG00000086332,4930480G23Rik,0,0,0,0,0,0,0,0,0,0,0,0
ENSMUSG00000073877,Gm13306,0,0,0,0,0,0,0,0,0,0,0,0
ENSMUSG00000073988,Ttpa,8,1,2,4,3,6,4,2,3,2,1,6
ENSMUSG00000073876,Gm13305,0,0,0,0,0,0,0,0,0,0,0,0
ENSMUSG00000104526,1700045I11Rik,0,0,0,0,0,0,0,0,0,0,0,0
ENSMUSG00000091542,Gm17167,0,0,0,0,0,0,0,0,0,0,0,0
ENSMUSG00000118434,Gm13301,0,0,0,0,0,0,0,0,0,0,0,0
ENSMUSG00000083929,Gm10600,0,0,0,0,0,0,0,0,0,0,0,0
ENSMUSG00000096862,Gm13301,0,0,0,0,0,0,0,0,0,0,0,0
ENSMUSG00000073879,Gm5859,0,0,0,0,0,0,0,0,0,0,0,0
ENSMUSG00000073987,Ggh,250,294,204,215,171,127,208,211,223,212,223,207
ENSMUSG00000090338,Gm17081,0,0,0,0,0,0,0,0,0,0,0,0
ENSMUSG00000118458,Gm10599,0,0,0,0,0,0,0,0,0,0,0,0
ENSMUSG00000118425,Gm50470,0,0,0,0,0,0,0,0,0,0,0,0
ENSMUSG00000055761,Nkain3,0,0,0,0,0,0,0,0,0,0,0,0
ENSMUSG00000095675,Ccl21b,0,0,0,0,0,0,0,0,0,0,0,0
ENSMUSG00000086017,Gm11872,0,0,0,0,0,0,0,0,0,0,0,0
ENSMUSG00000118433,Gm50471,0,0,0,0,0,0,0,0,0,0,0,0
ENSMUSG00000081964,Gm11873,0,0,0,0,0,2,0,0,0,0,0,0
ENSMUSG00000096327,Gm21980,0,0,0,0,0,0,0,0,0,0,0,0
ENSMUSG00000083315,Gm11871,0,0,0,0,0,0,0,0,0,0,0,0
ENSMUSG00000094695,Gm21953,0,0,0,0,0,0,0,0,0,0,0,0
ENSMUSG00000083654,Gm11875,0,0,0,0,0,0,0,0,0,0,0,0
ENSMUSG00000082672,Gm11876,0,0,0,0,0,0,0,0,0,0,0,0
ENSMUSG00000093996,Fam205a3,0,0,0,0,0,0,0,0,0,0,0,0
ENSMUSG00000095234,Gm21586,0,0,0,0,0,0,0,0,0,0,0,0
ENSMUSG00000040478,Prdm13,1,3,2,1,1,1,1,0,0,0,2,1
ENSMUSG00000093909,Gm3883,0,0,0,0,0,0,0,0,0,0,0,0
ENSMUSG00000095779,Gm2163,0,0,0,0,0,0,0,0,0,0,0,0
ENSMUSG00000094066,Fam205a2,0,0,0,0,0,0,0,0,0,0,0,0
ENSMUSG00000095258,Gm10593,0,0,0,0,0,0,0,0,0,0,0,0
ENSMUSG00000118603,BX666061.1,0,0,0,0,0,0,0,0,0,0,0,0
ENSMUSG00000096596,Gm10591,0,0,0,0,0,0,0,0,0,0,0,0
ENSMUSG00000091938,Gm2564,0,0,0,0,0,0,0,0,0,0,0,0
ENSMUSG00000096826,Ccl27b,0,0,0,0,0,0,0,0,0,0,0,0
ENSMUSG00000078735,Il11ra2,0,0,0,0,0,0,0,0,0,0,0,0
ENSMUSG00000102504,Gm21955,0,0,0,0,0,0,0,0,0,0,0,0
ENSMUSG00000054885,4930578G10Rik,0,0,0,0,0,0,0,0,0,0,0,0
ENSMUSG00000085910,Gm12395,0,0,0,0,0,0,0,0,0,0,0,0
ENSMUSG00000071005,Ccl19,0,0,0,0,0,0,0,0,0,0,0,0
ENSMUSG00000028252,Ccnc,912,865,771,726,689,796,697,830,739,854,884,807
ENSMUSG00000094686,Ccl21a,0,0,0,0,0,0,0,0,0,0,0,0
ENSMUSG00000078722,Gm12394,0,0,0,0,0,1,0,0,0,0,0,0
ENSMUSG00000078721,Fam205a1,0,0,0,0,0,0,0,0,0,0,0,0
ENSMUSG00000050141,Fam205c,0,0,0,0,0,0,0,0,0,0,0,0
ENSMUSG00000036062,Phf24,0,0,0,0,0,1,0,0,1,0,0,0
ENSMUSG00000036052,Dnajb5,969,990,732,760,824,394,697,828,931,823,925,807
ENSMUSG00000028451,1700022I11Rik,0,0,0,0,1,0,1,0,1,3,0,0
ENSMUSG00000028452,Vcp,3154,3251,2660,2646,2719,1042,2544,2681,3029,2563,2631,2298
ENSMUSG00000028453,Fancg,137,149,104,144,162,64,174,150,105,111,183,155
ENSMUSG00000028454,Pigo,753,873,608,593,608,198,558,645,699,577,584,573
ENSMUSG00000028455,Stoml2,1640,2034,1506,1596,1897,916,1728,1707,2009,1698,1854,1726
ENSMUSG00000036002,Fam214b,231,281,198,188,114,36,130,140,176,165,94,107
ENSMUSG00000096974,Gm26881,1,2,6,4,1,3,2,1,1,1,0,0
ENSMUSG00000028456,Unc13b,129,110,137,97,66,67,62,69,117,94,44,55
ENSMUSG00000077552,Gm23709,0,0,0,0,0,0,0,0,0,0,0,0
ENSMUSG00000089028,Gm25010,0,0,0,0,0,0,0,0,0,0,0,0
ENSMUSG00000028457,Atp8b5,0,0,0,0,1,5,0,0,0,0,0,0
ENSMUSG00000035969,Rusc2,2,1,1,1,3,3,0,1,2,2,6,4
ENSMUSG00000042788,Fam166b,0,0,0,0,1,0,0,0,0,0,0,0
ENSMUSG00000028458,Tesk1,1598,1622,961,1060,1057,309,1010,1087,1604,1416,1092,1035
ENSMUSG00000028459,Cd72,9,14,12,14,13,7,12,16,12,15,17,12
ENSMUSG00000028460,Sit1,35,38,24,33,23,7,35,35,37,44,40,27
ENSMUSG00000115420,Rmrp,0,0,0,0,0,0,0,0,0,0,0,0
ENSMUSG00000088088,Rmrp,0,0,0,0,0,0,0,0,0,0,0,0
ENSMUSG00000028461,Ccdc107,286,319,237,265,331,167,278,300,346,279,281,326
ENSMUSG00000051517,Arhgef39,40,36,26,41,76,22,61,58,24,32,49,66
ENSMUSG00000087142,Gm12454,7,2,3,5,11,8,3,4,3,2,5,2
ENSMUSG00000028463,Car9,6,3,4,2,5,1,0,2,3,5,5,0
ENSMUSG00000028464,Tpm2,11,4,3,7,8,1,6,3,9,3,7,3
ENSMUSG00000028465,Tln1,8761,8951,6488,6268,5485,2426,4543,6817,6495,6268,6046,5859
ENSMUSG00000028466,Creb3,244,319,189,201,215,101,262,191,243,211,250,208
ENSMUSG00000028467,Gba2,537,525,415,420,416,155,347,437,456,430,432,383
ENSMUSG00000078719,Msmp,1,1,0,0,0,0,0,0,1,0,0,0
ENSMUSG00000085351,Gm12472,0,1,1,2,4,0,0,2,1,0,0,0
ENSMUSG00002075231,#N/A,0,0,0,0,0,0,0,0,0,0,0,0
ENSMUSG00000086043,Gm12473,0,0,0,0,0,0,0,0,0,0,0,0
ENSMUSG00000028469,Npr2,1,0,1,0,0,2,0,1,0,0,1,1
ENSMUSG00000066196,Spag8,0,0,0,0,0,0,0,1,2,2,0,1
ENSMUSG00000028470,Hint2,39,58,48,54,51,24,79,53,60,41,44,52
ENSMUSG00000043633,Fam221b,0,1,2,2,1,4,0,2,1,0,0,0
ENSMUSG00000043770,Gm12481,1,1,2,4,0,1,0,2,3,2,4,4
ENSMUSG00000078716,Tmem8b,58,42,32,35,45,19,41,40,52,29,48,48
ENSMUSG00002074925,#N/A,0,0,0,0,0,0,0,0,0,0,0,0
ENSMUSG00000050215,Olfr70,0,0,0,0,0,0,0,0,0,0,0,0
ENSMUSG00000046450,Olfr71,0,0,0,0,0,0,0,0,0,0,0,0
ENSMUSG00000071001,Hrct1,0,0,0,0,0,0,0,0,0,0,0,0
ENSMUSG00000028475,Spaar,0,0,0,0,0,0,0,0,0,0,0,0
ENSMUSG00000083417,Olfr269-ps1,0,0,0,0,0,0,0,0,0,0,1,0
ENSMUSG00000044801,Olfr159,0,0,0,0,0,0,0,0,0,0,0,0
ENSMUSG00000111338,Olfr29-ps1,0,0,0,0,0,0,0,0,0,0,0,0
ENSMUSG00000081329,Gm12492,0,0,0,0,0,0,1,0,0,1,0,0
ENSMUSG00000110970,Olfr156,0,0,0,0,0,1,0,0,0,0,0,0
ENSMUSG00000111611,Olfr157,0,0,0,0,0,2,0,0,0,0,0,0
ENSMUSG00000071000,Olfr155,0,0,0,0,0,0,0,0,0,0,0,0
ENSMUSG00000028476,Reck,112,141,125,113,95,54,69,105,134,115,88,99
ENSMUSG00002076534,#N/A,0,0,0,0,0,0,0,0,0,0,0,0
ENSMUSG00000028480,Glipr2,1381,1786,1486,1626,1053,409,1623,1757,1133,1033,1097,872
ENSMUSG00000070999,Ccin,4,2,2,1,2,1,2,3,1,0,0,1
ENSMUSG00000028478,Clta,3594,3966,2825,3136,2901,2352,3118,3386,3765,3097,2909,2716
ENSMUSG00000028479,Gne,894,918,700,765,898,467,636,782,861,679,867,785
ENSMUSG00002076893,#N/A,0,0,0,0,0,0,0,0,0,0,0,0
ENSMUSG00000087326,Gm12503,0,0,0,0,0,0,0,0,0,0,0,0
ENSMUSG00000084274,Gm12504,24,18,25,21,24,79,22,25,30,36,31,33
ENSMUSG00000035696,Rnf38,751,754,685,602,658,603,594,706,719,604,714,659
ENSMUSG00000092677,Mir5106,0,0,0,0,0,0,0,0,0,0,1,0
ENSMUSG00000035683,Melk,279,272,242,264,435,360,327,392,271,218,384,320
ENSMUSG00000081127,Gm12677,0,0,0,0,0,0,0,0,0,0,0,0
ENSMUSG00000083803,Gm12455,0,0,0,0,0,0,0,0,0,0,0,0
ENSMUSG00000077587,Gm24376,0,0,0,0,0,0,0,0,0,0,0,0
ENSMUSG00000014030,Pax5,22,13,2,4,2,4,0,1,4,12,4,1
ENSMUSG00000092761,Mir5120,0,0,0,0,0,0,0,0,0,0,0,0
ENSMUSG00000086211,Gm12462,0,0,0,0,0,0,0,0,0,0,0,0
ENSMUSG00000102880,4930517J16Rik,0,0,0,0,0,0,0,0,0,0,0,0
ENSMUSG00000103995,5730488B01Rik,0,0,0,0,0,4,0,0,0,0,0,0
ENSMUSG00000080916,Gm12463,0,0,0,1,0,0,0,0,0,1,0,0
ENSMUSG00000035649,Zcchc7,1482,1549,1306,1325,1255,1392,1004,1359,1308,1381,1442,1295
ENSMUSG00002076239,#N/A,0,0,0,0,0,0,0,0,0,0,0,0
ENSMUSG00000084854,Gm12678,0,0,0,0,0,0,0,0,0,0,0,0
ENSMUSG00000086000,Gm12493,0,0,0,0,0,0,0,0,0,0,0,0
ENSMUSG00000086205,Gm12679,0,0,0,0,0,0,0,1,0,0,0,0
ENSMUSG00000035637,Grhpr,113,112,88,145,119,43,162,153,90,83,127,89
ENSMUSG00000049657,Zbtb5,129,142,111,116,119,77,90,139,153,133,130,104
ENSMUSG00000070997,1700055D18Rik,7,3,7,6,11,5,2,6,5,10,2,6
ENSMUSG00000028318,Polr1e,1482,1651,1221,1292,1265,660,1273,1419,1382,1364,1151,1152
ENSMUSG00000048232,Fbxo10,19,23,12,9,7,3,14,13,17,19,12,8
ENSMUSG00000078713,Tomm5,664,934,823,954,939,296,1011,878,731,604,625,644
ENSMUSG00000082628,Gm12566,0,0,0,0,0,0,0,0,0,0,0,0
ENSMUSG00000035615,Frmpd1,0,1,0,0,0,0,0,1,0,1,3,0
ENSMUSG00000086284,Frmpd1os,0,0,0,0,0,0,0,0,0,0,0,0
ENSMUSG00000035601,Trmt10b,119,129,101,99,98,94,112,137,124,110,123,92
ENSMUSG00000028322,Exosc3,1294,1493,1168,1249,1311,1021,1235,1258,1471,1268,1373,1186
ENSMUSG00000083541,Gm12585,0,0,0,0,0,0,0,0,0,0,0,0
ENSMUSG00000035572,Dcaf10,902,1032,745,810,697,387,603,696,788,776,652,626
ENSMUSG00000045973,Slc25a51,1432,1636,1565,1578,1652,882,1338,1533,1425,1263,1213,1225
ENSMUSG00002074999,#N/A,0,0,0,0,0,0,0,0,0,0,0,0
ENSMUSG00000044813,Shb,33,31,21,19,28,15,24,37,29,22,21,27
ENSMUSG00002076578,#N/A,0,0,0,0,0,0,0,0,0,0,0,0
ENSMUSG00000065322,Gm22055,0,0,0,0,0,0,0,0,0,0,0,0
ENSMUSG00000081559,Gm12411,0,0,0,0,0,0,0,0,0,0,0,0
ENSMUSG00000085980,Gm12408,0,0,0,0,0,0,0,0,0,0,0,0
ENSMUSG00000073860,Gm829,0,0,0,0,0,0,0,0,0,0,0,0
ENSMUSG00000085305,Gm12410,0,0,0,0,0,0,0,0,0,0,0,0
ENSMUSG00000085876,Gm12409,0,0,0,0,0,0,0,0,0,0,0,0
ENSMUSG00000083685,Gm12412,1,0,1,0,0,1,0,2,0,0,1,0
ENSMUSG00000035561,Aldh1b1,293,282,217,205,155,40,189,196,227,240,154,152
ENSMUSG00000035551,Igfbpl1,0,0,0,0,0,0,0,0,0,0,0,0
ENSMUSG00000028327,Stra6l,0,0,0,0,1,2,0,0,0,0,0,0
ENSMUSG00000035539,Ccdc180,1,1,2,4,3,0,1,1,2,0,0,1
ENSMUSG00000035517,Tdrd7,151,188,78,90,73,44,98,99,150,159,84,93
ENSMUSG00000028328,Tmod1,62,68,37,44,39,25,48,47,68,70,39,43
ENSMUSG00000035495,Tstd2,1302,1484,1117,1016,1122,593,864,1066,1233,1092,1132,1082
ENSMUSG00002076882,#N/A,0,0,0,0,0,0,0,0,0,0,0,0
ENSMUSG00000028330,Ncbp1,4399,4776,3571,3723,4200,2877,3117,3894,4505,3857,4330,3741
ENSMUSG00000028329,Xpa,97,143,128,101,94,117,101,105,128,108,127,106
ENSMUSG00000082194,Gm12444,0,0,0,1,1,1,0,0,2,0,2,0
ENSMUSG00000081483,Gm12445,0,0,0,0,0,1,0,0,0,0,1,0
ENSMUSG00000087383,Gm12446,0,0,0,0,0,0,0,0,0,0,0,0
ENSMUSG00000080816,Gm12447,0,0,1,0,0,0,0,1,2,0,0,0
ENSMUSG00000070990,Foxe1,2,1,0,0,0,3,1,1,4,4,0,0
ENSMUSG00000028331,Trmo,306,328,285,271,311,132,249,292,306,229,304,259
ENSMUSG00000028332,Hemgn,26,32,23,22,7,16,26,22,30,16,41,32
ENSMUSG00000082242,Gm12443,0,1,1,0,0,0,1,0,0,0,0,1
ENSMUSG00000028333,Anp32b,8633,8044,7048,6956,8809,11214,8136,8580,9085,7803,10545,8531
ENSMUSG00000028334,Nans,1729,1820,1313,1402,1566,718,1476,1477,1580,1336,1774,1471
ENSMUSG00000039853,Trim14,148,166,127,104,131,54,118,166,181,138,207,143
ENSMUSG00000064410,Gm22247,0,0,0,0,1,0,0,1,0,1,1,1
ENSMUSG00000085990,Gm16731,0,3,0,1,4,1,2,4,3,4,2,1
ENSMUSG00000028337,Coro2a,1918,2101,1280,1310,790,414,1252,1677,1615,1564,1346,1223
ENSMUSG00000039813,Tbc1d2,31,21,19,9,23,7,17,15,21,24,20,24
ENSMUSG00000039809,Gabbr2,0,0,0,0,0,0,0,0,0,0,0,0
ENSMUSG00000048824,Gm568,0,0,0,0,0,0,0,0,0,0,0,0
ENSMUSG00000066191,Anks6,8,3,5,1,2,1,2,4,4,3,4,3
ENSMUSG00000081561,Gm12425,0,0,0,0,0,0,0,0,0,0,0,0
ENSMUSG00000084199,Gm12422,0,0,0,0,0,0,0,0,0,0,0,0
ENSMUSG00000039774,Galnt12,177,185,115,128,170,63,177,162,202,158,241,180
ENSMUSG00000094286,Gm12424,0,2,1,0,0,0,0,1,1,0,1,1
ENSMUSG00000083491,Gm12423,0,0,0,0,0,0,0,0,0,0,0,0
ENSMUSG00000087500,Gm12426,0,0,0,0,0,0,0,0,0,0,0,0
ENSMUSG00000028339,Col15a1,204,221,156,179,215,122,122,161,231,217,217,213
ENSMUSG00000007613,Tgfbr1,1261,1255,806,852,879,746,595,811,1258,1343,1038,1059
ENSMUSG00000081152,Gm12430,2,0,0,0,1,5,0,0,0,0,0,0
ENSMUSG00000039740,Alg2,802,901,581,608,625,387,482,582,657,555,640,588
ENSMUSG00000053317,Sec61b,636,943,763,804,813,294,844,781,728,571,673,560
ENSMUSG00002075920,#N/A,0,0,0,0,0,0,0,0,0,0,0,0
ENSMUSG00002075519,#N/A,0,0,0,0,0,0,0,0,0,0,0,0
ENSMUSG00000102450,Gm38343,0,0,0,0,0,0,0,0,0,0,0,0
ENSMUSG00000089349,Gm22670,0,0,0,0,0,0,0,0,0,0,0,0
ENSMUSG00000085660,Gm12434,0,0,0,0,0,0,0,0,0,0,0,0
ENSMUSG00000028341,Nr4a3,7116,7195,7567,7561,6811,5211,5102,7586,6969,6835,5643,5129
ENSMUSG00000061455,Stx17,307,340,271,299,274,220,259,314,309,279,265,288
ENSMUSG00000028343,Erp44,2305,2502,1853,1950,2064,1679,1927,2122,2194,2000,2096,1916
ENSMUSG00000087844,Mir1958,0,0,0,0,0,0,0,0,0,0,0,0
ENSMUSG00000028344,Invs,177,184,147,168,190,171,131,174,168,156,257,210
ENSMUSG00000081953,Gm12435,1,1,1,1,2,0,1,1,3,1,0,3
ENSMUSG00000028345,Tex10,1535,1725,1546,1555,1558,1056,1307,1526,1571,1492,1437,1376
ENSMUSG00000039693,Msantd3,2,3,1,6,3,0,5,3,4,0,3,2
ENSMUSG00000028347,Tmeff1,13,8,14,6,12,7,14,8,10,9,13,17
ENSMUSG00000028348,Cavin4,0,0,0,0,0,1,0,0,0,0,0,1
ENSMUSG00000080850,Gm12439,0,0,0,0,0,0,0,0,0,0,0,0
ENSMUSG00000083091,Gm12438,0,0,0,0,0,0,0,0,0,0,0,0
ENSMUSG00002075470,#N/A,0,0,0,0,0,0,0,0,0,0,0,0
ENSMUSG00000077417,Gm23746,0,0,0,0,0,0,0,0,0,0,0,0
ENSMUSG00000084787,Gm12436,0,0,0,0,1,1,0,0,0,0,0,0
ENSMUSG00000083869,Gm12442,0,0,0,0,0,0,0,0,0,0,0,0
ENSMUSG00000063446,Plppr1,0,0,0,0,0,0,0,0,0,0,0,0
ENSMUSG00000064782,Gm22685,0,0,0,0,0,0,0,0,0,0,0,0
ENSMUSG00000096476,Gm12453,1,0,0,0,1,0,0,0,0,0,0,0
ENSMUSG00000081770,Rbpj-ps1,0,0,2,0,1,0,1,0,0,1,2,1
ENSMUSG00000060317,Acnat2,0,0,0,0,0,0,0,0,0,0,0,0
ENSMUSG00000082725,Gm12451,0,0,0,0,0,1,0,0,0,0,0,0
ENSMUSG00000094082,Gm12452,0,0,0,0,1,0,0,0,0,0,0,0
ENSMUSG00000070985,Acnat1,0,0,0,0,0,1,0,0,0,0,0,0
ENSMUSG00000084479,Gm26424,0,0,0,0,0,0,0,0,0,0,0,0
ENSMUSG00000039653,Baat,0,0,2,0,1,1,0,1,0,0,0,0
ENSMUSG00000044018,Mrpl50,1032,1227,985,977,944,652,928,979,1067,925,1002,867
ENSMUSG00000039634,Zfp189,121,120,89,71,107,89,61,99,119,93,89,120
ENSMUSG00000028307,Aldob,0,0,0,0,0,0,0,0,0,0,0,0
ENSMUSG00000039611,Tmem246,0,1,0,0,0,0,0,1,0,0,0,1
ENSMUSG00000028309,Rnf20,3137,3385,2802,2676,2613,2416,2067,2674,2924,2715,2878,2531
ENSMUSG00000039579,Grin3a,0,0,0,0,1,2,0,0,0,0,0,0
ENSMUSG00000028310,Ppp3r2,0,0,0,0,0,0,0,0,0,0,0,0
ENSMUSG00000083153,Gm12459,0,0,0,0,0,0,0,0,0,0,0,0
ENSMUSG00000081120,Gm12458,0,0,0,0,0,0,0,2,0,0,0,0
ENSMUSG00000095394,Gm25485,0,0,0,0,0,0,0,0,0,0,0,0
ENSMUSG00000084116,Gm12460,0,0,0,0,0,0,0,0,1,1,0,0
ENSMUSG00000039555,Cylc2,0,0,0,0,0,1,0,0,0,0,0,0
ENSMUSG00000019836,Amd-ps4,0,0,0,1,0,0,0,0,0,0,0,0
ENSMUSG00002075333,#N/A,0,0,0,0,0,0,0,0,0,0,0,0
ENSMUSG00000085515,C630028M04Rik,0,0,0,0,0,0,0,0,0,0,0,0
ENSMUSG00000082963,Gm12465,0,0,0,0,0,0,0,0,0,0,0,0
ENSMUSG00000083539,Gm12466,2,1,0,0,1,0,0,0,1,0,1,0
ENSMUSG00000082267,Gm12467,0,0,0,0,0,0,0,0,0,0,0,0
ENSMUSG00000083338,Gm12475,0,2,0,0,1,1,0,1,0,0,0,1
ENSMUSG00000085763,Smc2os,0,0,1,1,1,0,0,2,0,1,0,1
ENSMUSG00000028312,Smc2,2253,2422,2345,2363,3439,3830,2503,3176,1864,2170,3205,2717
ENSMUSG00000084380,Tmc4-ps,0,0,0,0,0,0,0,0,0,0,0,0
ENSMUSG00000061619,Vma21-ps,0,0,0,0,0,1,0,0,0,0,0,0
ENSMUSG00000028314,Toporsl,0,0,0,0,0,0,0,0,0,0,0,0
ENSMUSG00000089717,Olfr275,0,0,0,0,0,0,0,0,0,0,0,0
ENSMUSG00000081975,Gm12482,4,3,0,1,2,0,4,2,3,0,0,6
ENSMUSG00000110940,Olfr274-ps1,0,0,0,0,0,0,0,0,0,0,0,0
ENSMUSG00000049648,Olfr273,0,0,0,0,0,0,0,0,0,0,0,0
ENSMUSG00000110756,Gm47786,0,0,0,0,0,0,0,0,0,0,0,0
ENSMUSG00000083937,Cct3-ps1,4,3,1,4,1,2,3,1,1,4,2,2
ENSMUSG00000051593,Olfr272,0,0,0,0,0,0,0,0,0,0,0,0
ENSMUSG00000082216,Olfr271-ps1,0,0,0,0,0,1,0,0,0,0,0,0
ENSMUSG00000070983,Olfr270,0,0,0,0,0,4,0,0,0,0,0,0
ENSMUSG00000015242,Nipsnap3a,0,0,0,0,0,0,0,0,0,0,0,0
ENSMUSG00000015247,Nipsnap3b,636,765,528,557,541,287,634,623,670,562,590,545
ENSMUSG00000015243,Abca1,211,236,252,227,181,103,121,197,143,162,163,152
ENSMUSG00000087192,4930412L05Rik,1,0,1,1,0,0,0,0,1,0,0,0
ENSMUSG00000086947,4930522O17Rik,0,0,0,0,0,0,0,0,0,0,0,0
ENSMUSG00000086712,AI427809,0,0,0,0,0,2,0,0,0,0,0,0
ENSMUSG00000083735,Gm12495,0,0,0,0,0,0,0,0,0,0,0,0
ENSMUSG00000086267,Gm12496,0,0,0,0,0,0,0,0,0,0,0,0
ENSMUSG00000028412,Slc44a1,325,350,258,213,217,171,197,250,267,222,245,219
ENSMUSG00000084970,1700060J05Rik,0,0,0,0,0,0,0,0,0,0,0,0
ENSMUSG00000054752,Fsd1l,174,183,214,229,150,135,123,204,163,197,90,102
ENSMUSG00000081516,Gm12470,2,3,3,5,3,0,1,3,2,0,0,0
ENSMUSG00000028414,Fktn,367,344,376,386,336,291,285,379,355,366,313,352
ENSMUSG00002075636,#N/A,0,0,0,0,0,0,0,0,0,0,0,0
ENSMUSG00000028417,Tal2,3,10,13,12,11,9,8,13,11,14,2,1
ENSMUSG00000084403,Rps15a-ps8,8,1,2,4,1,1,2,0,1,3,1,3
ENSMUSG00000028420,Tmem38b,468,508,528,608,472,224,476,488,573,421,312,281
ENSMUSG00000065887,n-R5s185,0,0,0,0,0,0,0,0,0,0,0,0
ENSMUSG00000083985,Gm12468,1,3,3,3,1,0,4,3,2,2,1,3
ENSMUSG00000077418,Gm23745,0,0,0,0,0,0,0,0,0,0,0,0
ENSMUSG00000089552,Gm24177,0,0,0,0,0,0,0,0,0,0,0,0
ENSMUSG00000086987,Gm12484,0,0,0,0,0,0,0,0,0,0,0,0
ENSMUSG00000083624,Gm12469,0,0,0,0,0,0,0,0,0,0,0,0
ENSMUSG00000093183,Gm25687,0,0,0,0,0,0,0,0,0,0,0,0
ENSMUSG00000081428,Tpt1-ps2,0,0,0,1,0,0,1,0,3,1,0,1
ENSMUSG00000099421,Gm29067,0,0,0,0,0,0,0,0,0,0,0,0
ENSMUSG00000086371,Gm12478,0,0,0,0,1,1,0,0,0,0,0,0
ENSMUSG00000087077,Gm12480,0,0,0,0,0,0,0,0,0,0,0,0
ENSMUSG00000083868,Gm12477,0,0,0,0,0,0,0,0,0,0,0,0
ENSMUSG00002075167,#N/A,0,0,0,0,0,0,0,0,0,0,0,0
ENSMUSG00000082111,Gm12479,0,0,0,0,0,0,0,1,0,0,0,0
ENSMUSG00000060206,Zfp462,4,2,0,1,6,7,1,8,0,2,0,0
ENSMUSG00000078515,Ddi2,2509,2354,2138,2140,2167,1390,1641,2222,2287,2062,2400,2357
ENSMUSG00000040715,Rsc1a1,0,0,0,0,0,0,0,0,0,0,0,0
ENSMUSG00000040706,Agmat,0,0,0,1,0,0,1,1,0,0,0,0
ENSMUSG00000040697,Dnajc16,868,951,681,682,693,331,537,691,793,740,702,674
ENSMUSG00000028914,Casp9,70,92,77,91,67,23,76,84,62,64,78,79
ENSMUSG00000058579,Cela2a,0,0,0,0,0,0,0,0,0,0,0,0
ENSMUSG00000086818,Ctrcos,0,0,0,0,1,0,0,0,0,0,0,0
ENSMUSG00000040659,Efhd2,5248,5546,3655,3872,4088,2070,3656,4039,4799,4369,4068,3945
ENSMUSG00000100396,Gm29367,4,3,3,1,1,1,3,0,1,2,0,1
ENSMUSG00000085922,Fhad1os2,0,0,0,0,0,0,0,0,0,0,0,0
ENSMUSG00000051435,Fhad1,13,13,7,4,31,31,8,12,13,19,31,27
ENSMUSG00000081079,Gm13059,0,0,0,0,0,0,0,0,0,0,0,0
ENSMUSG00000085424,Fhad1os1,0,0,0,0,0,0,0,0,0,0,0,0
ENSMUSG00002075770,#N/A,0,0,0,0,0,0,0,0,0,0,0,0
ENSMUSG00000062478,Ctrc,0,0,0,0,0,0,0,0,0,0,0,0
ENSMUSG00000078485,Plekhn1,152,177,161,121,129,80,109,185,180,152,180,170
ENSMUSG00000098954,Mir7658,0,0,0,0,0,0,0,0,0,0,0,0
ENSMUSG00002076083,#N/A,175,189,149,146,153,48,119,177,174,158,180,209
ENSMUSG00000050395,Tnfsf15,2,6,2,1,4,1,8,3,12,4,3,5
ENSMUSG00000099294,Gm11214,2,6,4,5,5,1,7,2,1,3,0,3
ENSMUSG00000083780,Gm12728,1,0,1,2,3,1,4,0,1,2,2,1
ENSMUSG00000043621,Ubxn10,0,0,0,0,0,1,0,0,0,0,0,0
ENSMUSG00000028750,Pla2g2c,0,0,0,0,0,0,0,0,0,0,0,0
ENSMUSG00000028749,Pla2g2f,0,0,0,0,0,0,0,0,0,0,0,0
ENSMUSG00000041202,Pla2g2d,0,0,0,0,0,0,0,0,0,0,0,0
ENSMUSG00000041193,Pla2g5,0,0,0,0,0,0,0,0,0,0,0,0
ENSMUSG00000087894,Gm25280,0,0,0,0,0,0,0,0,0,0,0,0
ENSMUSG00000058908,Pla2g2a,0,0,0,0,0,0,0,0,0,0,0,0
ENSMUSG00000078518,Gm13030,0,0,0,0,0,0,0,0,0,0,0,0
ENSMUSG00000028751,Pla2g2e,1,0,0,1,0,2,0,0,0,0,0,0
ENSMUSG00000041161,Otud3,249,248,154,196,183,148,162,179,206,194,176,181
ENSMUSG00000088515,Gm23043,0,0,0,0,0,0,0,0,0,0,0,0
ENSMUSG00000088954,Gm24943,0,0,0,0,0,0,0,0,0,0,0,0
ENSMUSG00000064923,Gm22042,0,0,0,0,0,0,0,0,0,0,0,0
ENSMUSG00000081050,Gm12461,0,0,0,0,1,0,0,0,1,0,0,1
ENSMUSG00000088073,Gm22817,0,0,0,0,0,0,0,0,0,0,0,0
ENSMUSG00000089322,Gm25977,0,0,0,0,0,0,0,0,0,0,0,0
ENSMUSG00000036114,Rpp25l,359,429,317,349,387,58,384,291,407,406,321,308
ENSMUSG00000028447,Dctn3,659,894,683,761,733,339,823,847,692,647,596,530
ENSMUSG00000066224,Arid3c,0,4,1,0,0,8,0,1,0,1,3,1
ENSMUSG00000036078,Sigmar1,3132,3451,2535,2677,2660,1252,2619,2915,3226,2864,2610,2334
ENSMUSG00000036073,Galt,145,169,110,122,113,32,147,115,163,145,155,121
ENSMUSG00000073888,Ccl27a,7,10,5,11,6,4,8,8,5,2,6,7
ENSMUSG00000095298,Gm12407,0,0,0,0,0,0,0,0,0,0,0,0
ENSMUSG00000082962,Gm10601,0,0,0,0,0,0,0,0,0,0,0,0
ENSMUSG00000105722,Gm18187,0,0,0,0,0,0,0,0,0,0,0,0
ENSMUSG00000050010,Shisa3,206,211,244,232,174,151,114,127,191,155,117,131
ENSMUSG00000035187,Nkx6-1,2,0,3,2,8,8,7,2,1,5,5,1
ENSMUSG00000106520,Gm8706,0,0,0,0,0,0,0,0,0,0,0,0
ENSMUSG00000105097,Gm42133,0,0,0,0,0,0,0,0,0,0,0,0
ENSMUSG00000106504,Gm43529,0,0,0,0,0,0,0,0,0,0,0,0
ENSMUSG00000106164,9430085M18Rik,0,0,0,0,0,0,0,0,0,0,0,0
ENSMUSG00000090701,Gm6486,0,0,0,0,0,0,0,0,0,0,0,0
ENSMUSG00000091936,Gm3053,0,0,0,0,0,0,0,0,0,0,0,0
ENSMUSG00000106399,Gm43530,0,0,0,0,0,0,0,0,0,0,0,0
ENSMUSG00000091483,Gm8715,0,0,0,0,1,0,0,0,0,0,0,0
ENSMUSG00000082305,Gm2420,0,0,0,0,1,1,0,0,0,0,0,0
ENSMUSG00000105800,Gm18985,0,0,0,0,0,0,0,0,0,0,0,0
ENSMUSG00000062353,Gm15772,7,6,2,7,4,1,4,5,4,13,8,9
ENSMUSG00000106658,Gm36548,0,0,0,0,0,1,0,0,0,0,1,0
ENSMUSG00000029330,Cds1,2,0,0,0,0,1,0,0,0,0,0,1
ENSMUSG00000104966,Gm43273,0,0,0,0,0,0,0,0,0,0,0,0
ENSMUSG00000105632,Gm43272,0,0,0,0,0,0,0,0,0,0,0,0
ENSMUSG00000038582,Pptc7,3158,3353,2625,2776,2510,1234,2213,2660,2831,2473,2131,2079
ENSMUSG00000083909,Gm15842,6,7,8,2,1,7,1,5,7,7,5,3
ENSMUSG00000040274,Cdk6,8723,9788,8639,8352,6329,4616,5660,8260,6797,7128,6997,6527
ENSMUSG00000106588,Gm17590,138,165,72,62,36,34,40,62,50,66,70,44
ENSMUSG00000105534,Gm42435,3,3,3,2,0,2,0,0,0,1,0,0
ENSMUSG00000038569,Rad9b,92,86,86,81,99,85,68,75,77,95,115,97
ENSMUSG00000058503,Fam133b,1515,1483,1154,1285,1226,995,1378,1251,1527,1319,1314,1256
ENSMUSG00000105656,Gm43017,2,2,8,2,2,2,0,6,2,7,3,6
ENSMUSG00002075884,#N/A,2,1,0,0,0,1,2,1,0,1,0,1
ENSMUSG00000023452,Pisd,521,684,479,499,440,166,451,494,586,477,481,461
ENSMUSG00000008307,1700109H08Rik,130,115,120,91,57,76,62,90,106,90,72,70
ENSMUSG00000093574,Gm20671,0,0,0,0,0,0,0,0,0,0,0,0
ENSMUSG00000105647,Gm43695,0,0,0,0,0,0,0,0,0,0,0,0
ENSMUSG00000040302,Rbm48,276,275,218,255,223,246,261,282,275,259,233,225
ENSMUSG00000029462,Vps29,1103,1305,1012,1021,982,655,1081,1072,1112,975,1047,963
ENSMUSG00000104891,2510017J16Rik,13,9,11,21,12,25,21,18,13,13,11,9
ENSMUSG00000054280,Prr14l,1842,1925,1619,1542,1595,931,937,1594,1667,1594,1621,1641
ENSMUSG00000105429,Gm43692,23,29,19,16,16,10,9,13,14,12,19,17
ENSMUSG00000106654,Gm2623,0,0,0,0,0,0,0,0,0,0,0,0
ENSMUSG00000029463,Fam216a,229,262,165,152,258,175,203,206,223,198,250,239
ENSMUSG00000029464,Gpn3,372,379,318,291,326,206,341,383,366,341,455,403
ENSMUSG00000104916,Gm42830,0,4,2,0,1,0,2,0,1,2,3,2
ENSMUSG00000005907,Pex1,347,371,280,330,254,181,203,283,315,308,336,295
ENSMUSG00000105130,Gm43825,0,3,2,0,0,0,1,3,0,1,3,1
ENSMUSG00000104950,4833413G10Rik,11,13,19,14,16,6,18,14,17,23,13,12
ENSMUSG00000029465,Arpc3,4140,5288,3506,3991,3895,2364,3971,3921,4162,3880,3701,3291
ENSMUSG00000105895,Gm42829,5,16,12,4,1,4,12,9,3,4,4,5
ENSMUSG00000007415,Gatad1,1671,1707,1379,1425,1427,1099,1482,1576,1643,1513,1321,1223
ENSMUSG00000037685,Atp8a1,368,410,398,370,350,183,248,350,326,316,355,317
ENSMUSG00002076306,#N/A,0,0,0,0,0,0,0,0,0,0,0,0
ENSMUSG00000107041,Gm42735,16,2,3,6,2,3,5,3,8,6,5,3
ENSMUSG00000085363,Gm15478,1,2,1,1,0,0,1,0,0,1,0,0
ENSMUSG00000014529,Tmbim7,0,0,2,0,0,0,0,0,0,0,0,0
ENSMUSG00000106859,Gm42737,2,0,1,0,1,1,0,2,0,2,0,1
ENSMUSG00000106837,D630030B08Rik,0,0,2,0,1,1,2,2,3,3,0,1
ENSMUSG00000107136,Gm42466,0,0,3,0,0,0,1,1,2,2,2,4
ENSMUSG00002076516,#N/A,0,0,0,0,0,0,0,0,0,0,0,0
ENSMUSG00000029466,Anapc7,753,804,657,712,799,400,744,834,787,619,687,653
ENSMUSG00000087261,Gm15477,1,0,2,4,1,2,2,0,3,0,2,1
ENSMUSG00000079906,Gm15846,0,1,2,0,1,1,1,0,3,1,1,0
ENSMUSG00000107206,Gm42736,0,0,0,0,0,0,0,0,0,0,0,0
ENSMUSG00000095346,Gm21905,0,0,0,0,0,0,0,0,0,0,0,0
ENSMUSG00000106880,4930425K10Rik,0,0,0,0,0,2,0,0,0,0,0,0
ENSMUSG00000043940,Wdfy3,0,0,1,1,0,6,0,1,2,0,0,1
ENSMUSG00000094719,Gm5108,0,0,0,0,0,0,0,0,0,0,0,0
ENSMUSG00000107289,Gm43026,0,0,0,0,0,0,0,0,0,0,0,0
ENSMUSG00000087880,Gm23605,0,0,0,0,0,0,0,0,0,0,0,0
ENSMUSG00000106854,Gm42850,0,0,1,0,0,1,0,1,2,2,1,0
ENSMUSG00000107117,Gm43842,0,0,0,0,0,0,0,0,0,0,0,0
ENSMUSG00000092354,Gm20548,0,0,0,0,0,0,0,0,0,0,0,0
ENSMUSG00000106451,Gm42934,0,0,0,0,0,0,0,0,0,0,0,0
ENSMUSG00000105761,Gm43787,0,0,0,0,0,0,0,0,0,0,0,0
ENSMUSG00000106492,Gm29707,0,0,0,0,0,0,0,0,0,0,0,0
ENSMUSG00000105088,Gm17978,0,0,0,0,0,0,0,0,0,0,0,0
ENSMUSG00000037653,Kctd8,0,0,0,0,0,0,0,0,0,0,0,0
ENSMUSG00000106189,Gm42933,0,0,0,1,0,2,0,1,1,1,0,0
ENSMUSG00000107208,D130004A15Rik,0,0,0,0,0,0,0,0,0,0,0,0
ENSMUSG00000107234,Gm43371,0,0,0,0,0,0,0,0,0,0,0,0
ENSMUSG00000106295,Gm42932,0,0,0,0,0,0,0,0,0,0,0,0
ENSMUSG00000107363,Gm43373,0,0,0,0,0,0,0,0,0,0,0,0
ENSMUSG00000106673,Gm43374,0,0,0,0,0,0,0,0,0,0,0,0
ENSMUSG00000106586,1700013M08Rik,0,0,0,0,0,0,0,0,0,0,0,0
ENSMUSG00000106753,Gm43230,0,0,0,0,0,1,0,0,0,0,0,0
ENSMUSG00000107312,Gm43229,0,0,0,0,0,0,0,0,0,0,0,0
ENSMUSG00000107148,Gm42888,0,0,0,0,0,0,0,0,0,0,0,0
ENSMUSG00002076624,#N/A,0,0,0,0,0,0,0,0,0,0,0,0
ENSMUSG00000119086,#N/A,0,0,0,0,0,0,0,0,0,0,0,0
ENSMUSG00000043484,Gm5867,2,4,4,6,9,2,4,4,1,4,3,6
ENSMUSG00000106986,Gm42887,0,0,0,0,0,0,0,0,0,0,0,0
ENSMUSG00000029158,Yipf7,0,0,0,2,0,0,0,0,0,0,0,0
ENSMUSG00000107291,3110031N09Rik,0,0,0,0,2,0,0,1,1,0,1,0
ENSMUSG00000040351,Ankib1,2932,3129,2576,2562,2209,1490,1653,2545,2596,2585,2271,2086
ENSMUSG00002076005,#N/A,0,0,0,0,0,0,0,0,0,0,0,0
ENSMUSG00000105950,Gm43679,48,40,47,33,19,26,25,57,48,34,29,38
ENSMUSG00000057315,Arhgap24,4,4,2,3,4,7,5,8,6,3,8,2
ENSMUSG00000018001,Cyth3,759,859,755,722,1120,729,843,1019,928,754,854,773
ENSMUSG00000029467,Atp2a2,19392,19816,16146,15625,14925,9753,13484,15848,17264,16475,14369,13655
ENSMUSG00000105434,Gm43359,36,23,44,29,7,15,13,39,28,24,14,17
ENSMUSG00000105970,Gm43360,14,13,11,12,1,8,7,17,11,10,8,12
ENSMUSG00000106375,Gm43361,1,0,1,0,0,0,1,0,0,2,0,1
ENSMUSG00000088583,Gm22965,2,0,0,0,0,0,0,0,0,0,0,0
ENSMUSG00000051306,Usp42,1676,1806,1439,1276,1438,1138,1105,1551,1719,1603,1537,1411
ENSMUSG00000097287,D130017N08Rik,53,49,34,42,50,44,23,23,47,33,46,57
ENSMUSG00000104708,Gm42503,3,1,1,1,2,1,1,5,1,0,0,0
ENSMUSG00000029208,Guf1,560,629,475,518,543,448,407,510,584,504,681,631
ENSMUSG00000029613,Eif2ak1,1905,1907,1442,1567,1428,1259,1437,1658,1692,1573,1414,1254
ENSMUSG00000000600,Krit1,1673,1719,1496,1552,1505,1299,1155,1558,1401,1555,1497,1477
ENSMUSG00000029607,Ankrd61,4,7,9,6,3,4,2,8,5,5,4,6
ENSMUSG00000029469,Ift81,10,13,10,10,12,13,16,19,13,13,9,8
ENSMUSG00000040367,Lrrd1,4,4,7,6,4,0,7,4,6,1,4,4
ENSMUSG00000104699,Rps4x-ps,1,3,3,1,1,1,2,0,0,0,0,1
ENSMUSG00000105815,Gm43541,0,0,0,0,0,0,2,0,0,0,0,0
ENSMUSG00000105430,Gm43301,0,0,0,0,0,0,0,0,0,0,1,0
ENSMUSG00000040429,Mterf1a,79,66,60,70,66,85,48,76,61,66,80,66
ENSMUSG00000029610,Aimp2,2023,2233,1737,1904,2113,1264,1903,1889,2106,1803,1956,1839
ENSMUSG00000037426,Depdc5,412,394,363,356,469,223,318,412,356,346,481,440
ENSMUSG00000029209,Gnpda2,322,366,238,205,300,232,238,262,287,252,324,276
ENSMUSG00000080566,Gm26044,0,0,0,0,0,0,0,0,0,0,0,0
ENSMUSG00000084579,Gm23661,0,0,0,0,0,0,0,0,0,0,0,0
ENSMUSG00000106284,Gm43139,0,0,0,0,0,0,0,0,0,0,0,0
ENSMUSG00000088863,Gm23067,0,0,0,0,0,0,0,0,0,0,0,0
ENSMUSG00000118789,#N/A,0,0,0,0,0,0,0,0,0,0,0,0
ENSMUSG00000106613,Gm42652,0,0,0,0,0,0,0,0,0,0,0,0
ENSMUSG00000106549,Gm42653,0,3,0,0,0,0,0,0,0,0,0,0
ENSMUSG00000089080,Gm24003,0,0,0,0,1,0,0,0,0,0,0,0
ENSMUSG00000105929,Gm43693,5,2,2,1,3,5,3,1,1,3,2,5
ENSMUSG00000040407,Akap9,1993,2134,1463,1577,1642,1797,988,1782,1344,1965,1900,1693
ENSMUSG00000018965,Ywhah,2048,2033,1559,1661,1704,1621,1707,2024,2002,1770,1963,1706
ENSMUSG00000107046,Gm43849,0,0,0,0,0,0,0,0,0,0,0,0
ENSMUSG00000093885,Rpl35a-ps5,1,1,1,4,3,3,4,2,1,1,1,0
ENSMUSG00000105893,Wdr46-ps,2,4,2,2,0,0,0,0,1,0,5,2
ENSMUSG00000106535,Gm43031,6,6,8,4,2,2,1,2,8,5,3,6
ENSMUSG00000001467,Cyp51,3907,4478,3589,3958,1979,1640,3090,3703,4129,3770,2065,1991
ENSMUSG00000001260,Gabrg1,0,0,0,0,0,1,0,0,0,0,0,0
ENSMUSG00000011034,Slc5a1,0,0,0,0,0,4,0,0,0,0,0,0
ENSMUSG00000081022,Gm15936,0,0,0,0,0,0,0,0,0,0,0,0
ENSMUSG00000053178,Mterf1b,26,21,19,11,16,30,30,22,27,18,32,24
ENSMUSG00000081618,5033423K11Rik,0,0,0,0,0,0,0,0,0,0,0,0
ENSMUSG00000044674,Fzd1,0,0,0,0,0,0,0,0,0,0,0,0
ENSMUSG00000083921,Gm15750,9,2,1,2,2,6,1,0,1,5,1,6
ENSMUSG00000105560,Gm42744,0,0,0,0,0,0,0,0,0,0,0,0
ENSMUSG00002076922,#N/A,0,0,0,0,0,0,0,0,0,0,0,0
ENSMUSG00000037379,Spon2,0,3,0,0,0,0,0,1,1,1,0,0
ENSMUSG00000000560,Gabra2,0,1,0,0,0,1,0,0,0,0,0,0
ENSMUSG00000049387,Cox7b2,0,0,0,0,0,0,0,0,0,0,0,0
ENSMUSG00000029211,Gabra4,0,0,0,0,0,1,0,0,0,0,0,0
ENSMUSG00000029468,P2rx7,118,119,107,109,106,73,84,142,131,119,106,110
ENSMUSG00000099324,Mir8115,0,0,0,0,0,0,0,0,0,0,0,0
ENSMUSG00000079109,Pms2,643,689,569,561,541,316,453,641,648,516,557,521
ENSMUSG00000059352,Gm10064,0,0,1,2,1,0,0,0,0,0,1,0
ENSMUSG00000091351,Gm17135,0,0,0,0,0,0,0,0,0,0,0,0
ENSMUSG00000104633,Gm42421,0,0,0,0,0,0,0,0,0,0,0,0
ENSMUSG00000028926,Cdk14,7,13,21,14,6,7,7,15,3,6,4,3
ENSMUSG00000046709,Mapk10,0,0,0,0,1,9,0,1,0,0,0,0
ENSMUSG00000106212,Gm43112,0,0,0,0,0,0,0,0,0,0,0,0
ENSMUSG00000105062,Gm43113,0,0,0,0,0,0,0,0,0,0,0,0
ENSMUSG00002076622,#N/A,0,0,0,0,0,0,0,0,0,0,0,0
ENSMUSG00000105253,Gm42522,0,0,0,0,0,0,0,0,0,0,0,1
ENSMUSG00000106472,Gm43111,0,0,0,0,0,0,0,0,0,0,0,0
ENSMUSG00000105947,Gm43789,1,0,0,0,0,0,0,0,0,0,0,0
ENSMUSG00000105400,Gm22897,0,0,0,0,0,0,0,0,0,0,0,0
ENSMUSG00000029212,Gabrb1,0,0,0,0,0,2,0,0,0,0,1,0
ENSMUSG00002076112,#N/A,0,0,0,0,0,0,0,0,0,0,0,0
ENSMUSG00000104956,4930429D17Rik,0,0,0,0,0,4,0,0,0,0,0,0
ENSMUSG00000106054,Gm43623,0,0,0,0,0,0,0,0,0,0,0,0
ENSMUSG00000105489,Gm38562,0,0,0,0,0,0,0,0,0,0,0,0
ENSMUSG00000105287,Gm43577,0,0,0,0,0,0,0,0,0,0,0,0
ENSMUSG00000104688,Gm18702,0,0,0,0,0,0,0,0,0,0,0,0
ENSMUSG00000080736,Gm15617,0,0,0,1,0,1,0,1,0,0,0,0
ENSMUSG00000105864,Gm10484,0,0,0,0,0,1,0,0,0,0,0,0
ENSMUSG00000104808,Gm42619,0,0,0,0,0,0,0,0,0,0,0,0
ENSMUSG00000082705,Gm15616,0,3,1,0,0,0,0,1,1,1,1,0
ENSMUSG00000105426,1700021F02Rik,0,0,0,0,0,0,0,0,0,0,0,0
ENSMUSG00000106202,Gm43727,0,0,0,0,1,7,0,0,0,0,1,0
ENSMUSG00000104867,Gm43728,0,1,0,0,2,1,0,1,0,0,0,0
ENSMUSG00000104684,5430427N15Rik,0,0,0,0,0,0,0,0,0,0,0,0
ENSMUSG00000075569,Rsph10b,2,3,4,1,3,6,5,5,4,3,1,4
ENSMUSG00000079666,1700015F17Rik,0,0,0,2,0,1,0,0,0,0,0,0
ENSMUSG00000029213,Commd8,526,523,421,464,445,325,458,470,498,418,420,370
ENSMUSG00000105016,Gm42569,0,0,0,0,0,0,0,0,0,0,0,0
ENSMUSG00000046798,Cldn12,95,91,78,82,62,36,66,74,81,58,70,89
ENSMUSG00000029617,Ccz1,1727,1969,1478,1643,1563,1034,1505,1678,1977,1694,1452,1400
ENSMUSG00000034573,Ptpn13,316,326,271,317,293,219,199,341,301,259,218,214
ENSMUSG00000104580,Gm42620,0,0,0,0,0,0,0,0,0,0,0,0
ENSMUSG00000119602,#N/A,0,0,0,0,0,0,0,0,0,0,0,0
ENSMUSG00002075219,#N/A,0,0,0,0,0,0,0,0,0,0,0,0
ENSMUSG00000029618,Ocm,0,0,0,0,0,0,0,0,0,0,0,0
ENSMUSG00000046808,Atp10d,194,201,214,200,170,90,137,152,140,146,141,146
ENSMUSG00000105150,Gm43615,0,0,0,0,0,0,0,0,0,1,0,0
ENSMUSG00000029321,Slc10a6,0,0,0,0,0,0,0,0,0,0,0,0
ENSMUSG00000084126,Gm15844,0,0,0,0,0,0,0,0,0,0,0,0
ENSMUSG00000105018,Gm43546,0,0,0,0,0,0,0,0,0,0,0,0
ENSMUSG00000038970,Lmtk2,2452,2470,2088,1959,1840,894,1601,2076,1948,1978,1614,1633
ENSMUSG00000098039,Gm26925,1,1,1,0,1,0,3,3,1,3,3,1
ENSMUSG00000037373,Ctbp1,5125,5657,4339,4555,4376,1672,4304,4438,5010,4575,4074,4102
ENSMUSG00000052271,Bhlha15,117,114,63,67,53,20,44,78,51,41,40,35
ENSMUSG00000107161,Gm43850,0,0,0,0,0,0,0,0,0,0,0,0
ENSMUSG00000092275,Gm20465,0,0,0,0,0,2,0,0,0,0,0,0
ENSMUSG00000040464,Gtpbp10,146,176,148,130,128,99,125,159,131,138,135,119
ENSMUSG00000104716,Gm30652,1,1,1,1,1,0,1,0,1,0,0,0
ENSMUSG00000073234,Gm8773,15,23,24,16,6,4,23,19,12,9,18,5
ENSMUSG00000029320,1700016H13Rik,0,1,0,0,0,0,0,1,0,0,0,1
ENSMUSG00000088121,Gm25721,0,0,0,0,0,0,0,0,0,0,0,0
ENSMUSG00000079562,Maea,1751,2137,1534,1644,1701,627,1652,1717,1796,1661,1480,1452
ENSMUSG00000066621,Tecpr1,410,459,454,435,358,127,374,451,367,368,319,358
ENSMUSG00000104662,Gm43267,1,3,1,0,3,0,0,2,1,1,2,1
ENSMUSG00000029470,P2rx4,263,241,190,234,192,102,224,247,227,196,183,148
ENSMUSG00000087484,2900089D17Rik,6,8,15,10,4,8,7,5,10,9,9,9
ENSMUSG00000005220,Corin,0,0,0,0,0,0,0,0,0,0,0,0
ENSMUSG00000089195,Gm25768,0,0,0,0,0,0,0,0,0,0,0,0
ENSMUSG00000093400,Gm20647,0,0,0,0,0,0,0,0,0,0,0,0
ENSMUSG00000093644,Gm19560,0,0,0,0,0,0,0,0,0,0,0,0
ENSMUSG00000119356,#N/A,0,0,0,0,0,0,0,0,0,0,0,0
ENSMUSG00000093771,AU023070,0,0,0,0,0,0,0,0,0,0,0,0
ENSMUSG00000047843,Bri3,403,387,334,357,330,85,388,418,466,374,382,330
ENSMUSG00000037355,Uvssa,305,346,210,179,227,224,169,214,223,252,287,283
ENSMUSG00000029112,Nkx1-1,1,0,0,0,0,1,0,0,0,2,2,0
ENSMUSG00000107248,Gm43851,0,0,0,0,0,0,0,0,0,0,0,0
ENSMUSG00000038859,Baiap2l1,2,1,0,3,2,1,1,1,3,3,0,2
ENSMUSG00000086894,Gm15708,8,9,2,7,6,14,7,4,6,4,10,11
ENSMUSG00000104600,Dmrt1i,0,0,0,0,0,0,0,0,0,0,0,0
ENSMUSG00000083574,Gm15709,0,0,0,0,0,0,0,0,0,0,0,0
ENSMUSG00000029313,Aff1,969,955,863,797,697,459,579,864,800,815,860,765
ENSMUSG00000059991,Nptx2,0,1,0,2,0,0,0,0,1,0,0,0
ENSMUSG00000082524,Gm6272,0,0,0,1,0,0,1,0,0,0,0,0
ENSMUSG00000043388,Tmem130,10,3,4,5,7,0,0,3,5,7,6,6
ENSMUSG00000072889,Nfxl1,537,578,454,454,402,253,327,454,419,398,371,332
ENSMUSG00000105510,Gm43815,3,6,6,3,3,0,0,4,6,8,6,4
ENSMUSG00000105865,Gm34144,0,0,0,0,0,0,0,0,0,0,0,0
ENSMUSG00000037339,Fam53a,787,776,643,622,697,264,651,685,850,662,747,813
ENSMUSG00000063935,Zar1,0,0,0,0,0,0,0,0,0,0,0,0
ENSMUSG00000097271,Gm9903,3,5,3,6,3,1,0,2,3,5,3,4
ENSMUSG00000060204,Slc10a4l,0,0,1,0,0,0,0,0,0,0,1,0
ENSMUSG00000029312,Klhl8,215,221,156,185,144,80,168,188,190,155,131,145
ENSMUSG00000105019,Gm43547,1,2,0,0,0,0,0,1,1,0,0,0
ENSMUSG00000119515,#N/A,0,0,0,0,0,0,0,0,0,0,0,0
ENSMUSG00000067220,Cnga1,1,0,0,1,1,2,1,2,2,0,3,4
ENSMUSG00000105124,Gm5297,4,7,2,9,5,3,5,4,6,5,5,13
ENSMUSG00000106136,4933408A14Rik,0,0,0,0,0,0,0,0,0,0,0,0
ENSMUSG00000067219,Nipal1,22,18,29,24,20,16,24,19,20,16,12,14
ENSMUSG00000034528,Hsd17b13,0,0,0,1,1,0,0,2,0,0,0,0
ENSMUSG00000082527,Gm8200,0,1,0,0,0,0,0,0,0,0,0,0
ENSMUSG00000004642,Slbp,1800,2060,1647,1706,1746,1225,1769,1889,1862,1540,1701,1627
ENSMUSG00000040473,Cfap69,0,0,0,0,0,2,0,0,0,0,0,0
ENSMUSG00000106834,Gm10459,4,1,0,2,7,1,2,4,2,4,6,4
ENSMUSG00000019295,Tmem129,279,277,226,251,297,138,237,232,216,192,292,272
ENSMUSG00000029471,Camkk2,1819,1877,1558,1649,1789,787,1271,1590,1707,1639,1879,1946
ENSMUSG00000029311,Hsd17b11,36,32,31,32,21,16,33,39,33,26,37,29
ENSMUSG00000106035,Gm43545,2,0,2,2,3,1,1,1,2,2,5,4
ENSMUSG00000105613,Gm43684,13,11,9,13,35,19,3,7,8,12,11,11
ENSMUSG00000029310,Nudt9,858,871,649,616,773,437,585,750,851,744,966,735
ENSMUSG00000093690,Mir5619,0,0,0,0,0,0,1,0,0,2,0,0
ENSMUSG00000015653,Steap2,0,0,0,0,2,3,0,1,0,0,0,0
ENSMUSG00000105996,Gm43219,0,0,0,0,0,0,0,0,0,0,0,0
ENSMUSG00000091034,Gm17660,0,0,0,0,0,0,0,0,0,0,0,0
ENSMUSG00000105261,Gm43333,2,6,2,1,1,3,0,0,4,1,2,0
ENSMUSG00000015652,Steap1,0,0,0,0,0,0,0,0,0,0,0,0
ENSMUSG00000100801,Gm15459,43,18,19,17,18,26,17,19,48,39,38,48
ENSMUSG00000104952,Gm38697,0,0,0,0,0,0,0,0,0,0,0,0
ENSMUSG00000088692,Gm23838,0,0,0,0,0,0,0,0,0,0,0,0
ENSMUSG00000105370,Gm42718,0,0,0,0,0,0,0,0,0,0,0,0
ENSMUSG00000106308,Gm42719,0,0,0,0,0,0,0,0,0,0,0,0
ENSMUSG00000088380,Gm24686,0,0,0,0,0,0,0,0,0,0,0,0
ENSMUSG00000106064,Gm40263,0,0,0,0,0,0,0,0,0,0,0,0
ENSMUSG00000104663,Gm3203,0,0,0,0,1,0,0,0,0,0,0,0
ENSMUSG00000105487,Gm43324,0,0,0,0,0,0,0,0,0,0,0,0
ENSMUSG00000106532,Gm5714,0,1,0,0,0,0,0,1,0,0,0,0
ENSMUSG00000029309,Sparcl1,0,0,0,0,0,0,0,0,0,0,0,0
ENSMUSG00000097877,Gm26703,0,0,0,0,0,0,0,0,0,0,0,0
ENSMUSG00000092094,Zfp804b,0,0,0,0,0,0,0,0,0,0,0,0
ENSMUSG00000064851,Gm24525,0,0,0,0,0,0,0,0,0,0,0,0
ENSMUSG00000095159,Tubb4b-ps1,0,1,1,0,0,0,3,2,2,0,0,0
ENSMUSG00000105711,Gm42598,0,0,0,0,0,0,0,0,0,0,0,0
ENSMUSG00000105980,Gm42597,0,0,0,0,0,0,0,0,0,0,0,0
ENSMUSG00000053268,Dspp,0,0,0,0,0,0,0,0,0,0,0,0
ENSMUSG00000105832,Gm43841,0,0,0,1,0,0,0,0,0,0,0,0
ENSMUSG00000040514,Tex47,0,0,0,0,0,0,0,0,0,0,0,0
ENSMUSG00000098077,Gm4960,8,23,11,14,4,2,12,7,4,6,8,7
ENSMUSG00000029307,Dmp1,4,0,0,1,0,4,0,0,1,0,0,0
ENSMUSG00000105615,Gm31048,0,0,0,0,0,0,0,0,0,0,0,0
ENSMUSG00000105068,Gm30835,0,0,0,0,0,0,0,0,0,0,0,0
ENSMUSG00002076521,#N/A,0,0,0,0,0,0,0,0,0,0,0,0
ENSMUSG00000081226,Gm8802,1,0,1,3,1,0,0,0,1,1,1,1
ENSMUSG00002076164,#N/A,0,0,0,0,0,0,0,0,0,0,0,0
ENSMUSG00000104624,Gm43478,0,0,0,0,0,0,0,0,0,0,1,0
ENSMUSG00000012428,Steap4,2,0,0,1,1,0,0,0,2,0,1,1
ENSMUSG00000029306,Ibsp,0,0,0,0,0,0,0,0,0,0,0,0
ENSMUSG00000086528,Gm15731,0,0,0,1,0,0,0,0,0,0,0,0
ENSMUSG00000053863,Mepe,0,0,0,0,0,0,0,0,0,0,0,0
ENSMUSG00000054892,Txk,15,23,27,41,10,13,27,41,24,11,6,18
ENSMUSG00000105089,Gm43717,0,0,0,0,0,0,0,0,0,0,0,0
ENSMUSG00000003161,Sri,1427,1499,1159,1235,1018,754,1352,1366,1337,1252,1122,1118
ENSMUSG00000082867,Gm15730,0,2,1,1,1,0,0,0,4,1,1,0
ENSMUSG00000029304,Spp1,1540,1776,1279,1379,686,417,619,675,1145,1025,646,682
ENSMUSG00000105954,Gm42793,4,1,3,2,0,5,1,1,0,0,2,1
ENSMUSG00000037313,Tacc3,695,749,812,847,1228,912,1112,1116,745,642,987,876
ENSMUSG00000106971,Gm42965,0,0,0,0,0,0,0,0,0,1,0,0
ENSMUSG00000106896,G630022F23Rik,1,0,0,0,0,0,0,0,0,0,0,0
ENSMUSG00000034462,Pkd2,68,68,67,56,42,34,44,50,44,52,35,30
ENSMUSG00000097392,Thoc2l,481,446,359,352,454,440,330,402,335,476,550,489
ENSMUSG00000118625,AC123687.1,2,2,1,0,1,0,0,0,2,0,1,0
ENSMUSG00000048334,Gm8258,1,2,1,0,0,1,1,3,0,1,0,1
ENSMUSG00000072774,Zfp951,82,130,116,109,90,93,58,99,62,68,45,43
ENSMUSG00000029299,Abcg3,5,11,7,8,4,7,4,16,6,3,4,5
ENSMUSG00000119653,#N/A,0,0,0,0,0,0,0,0,0,0,0,0
ENSMUSG00000105555,Gm43856,0,0,0,0,0,0,0,0,0,0,0,0
ENSMUSG00000104899,Gm43855,0,0,0,0,0,0,0,0,0,0,0,0
ENSMUSG00000106392,Gm5870,0,0,0,0,0,0,0,0,0,0,0,0
ENSMUSG00000034438,Gbp8,73,87,97,101,47,37,95,111,68,66,65,42
ENSMUSG00000029298,Gbp9,111,107,92,123,51,38,100,157,85,132,92,68
ENSMUSG00000079363,Gbp4,396,517,496,575,168,125,597,747,347,354,261,193
ENSMUSG00000079362,Gm43302,0,0,0,0,0,0,0,0,0,0,0,0
ENSMUSG00000105096,Gbp10,10,13,13,10,4,2,11,20,10,7,11,7
ENSMUSG00000029217,Tec,249,249,181,185,118,102,105,129,182,169,130,131
ENSMUSG00000106739,Gm43499,0,4,1,1,2,0,2,0,2,2,1,1
ENSMUSG00000052154,Gm9870,1,6,2,6,3,2,4,3,11,4,3,3
ENSMUSG00000104713,Gbp6,45,83,51,62,9,19,71,65,50,64,41,37
ENSMUSG00000092021,Gbp11,10,7,31,21,5,3,30,32,13,11,7,6
ENSMUSG00000097237,Gm26519,0,0,0,0,0,0,0,0,0,0,0,0
ENSMUSG00000106438,Gm32051,2,1,2,1,1,0,2,5,1,3,1,1
ENSMUSG00000045482,Trrap,7768,7832,6563,5902,6150,2968,3915,6749,6212,6056,5912,6056
ENSMUSG00000070639,Lrrc8b,586,604,559,570,470,299,373,543,535,464,470,470
ENSMUSG00000105826,Gm42141,16,25,22,23,5,2,17,13,10,16,9,8
ENSMUSG00000036087,Slain2,2276,2315,1891,1781,1812,1460,1411,1917,2114,1944,1808,1806
ENSMUSG00000088685,Gm23995,0,1,0,1,0,0,0,1,0,1,0,0
ENSMUSG00000063656,Gm10135,1,0,0,0,0,0,0,0,0,0,0,0
ENSMUSG00002076468,#N/A,0,0,0,0,0,0,0,0,0,0,0,0
ENSMUSG00000029219,Slc10a4,0,0,0,4,2,0,1,0,1,0,0,0
ENSMUSG00000054720,Lrrc8c,1843,2261,1652,1939,1196,636,1490,1887,1638,1689,1078,1052
ENSMUSG00000081849,Gm15847,0,0,0,0,0,0,0,0,0,0,0,0
ENSMUSG00000085771,C230066G23Rik,2,0,6,6,2,1,2,4,3,3,4,2
ENSMUSG00000107373,Gm42668,0,0,0,0,0,0,0,0,0,0,0,0
ENSMUSG00000046079,Lrrc8d,1163,1203,1023,1064,940,565,1013,1244,1073,960,836,761
ENSMUSG00000067058,Rps15a-ps5,8,3,2,3,3,1,2,3,5,2,1,1
ENSMUSG00000084878,Lrrc8dos,0,0,0,0,0,0,0,0,0,0,0,0
ENSMUSG00000094708,Gm10359,1,0,2,0,2,0,3,1,0,0,1,0
ENSMUSG00000105074,Gm43818,0,0,0,0,0,0,0,0,0,0,0,0
ENSMUSG00000029290,Zfp326,467,442,413,400,445,460,398,485,420,408,434,419
ENSMUSG00000105341,Gm43817,1,3,1,1,0,1,0,2,2,4,1,1
ENSMUSG00000105129,Gm19566,0,0,0,0,0,0,2,0,0,0,0,0
ENSMUSG00000119467,#N/A,0,0,0,0,0,0,0,0,0,0,0,0
ENSMUSG00000106483,Gm32736,0,0,0,0,0,0,0,0,0,0,0,0
ENSMUSG00000105600,Gm5987,1,0,0,0,2,0,0,0,1,1,0,0
ENSMUSG00000106669,Gm38433,0,0,0,0,0,0,0,0,0,0,0,0
ENSMUSG00000105508,Gm32921,0,0,0,0,0,0,0,0,0,0,0,0
ENSMUSG00000105531,4930458A03Rik,0,0,0,0,0,0,0,0,0,0,0,0
ENSMUSG00000104604,Gm42915,0,0,0,0,0,0,0,0,0,0,0,0
ENSMUSG00000106594,4930432H08Rik,0,0,0,0,0,0,0,0,0,0,0,0
ENSMUSG00000038780,Smurf1,1191,1279,846,843,817,404,655,902,978,1037,852,718
ENSMUSG00000105618,Gm42916,0,0,0,0,0,2,0,0,0,0,0,0
ENSMUSG00000098822,Mir7039,0,0,0,0,0,0,0,0,0,0,0,0
ENSMUSG00000034384,Barhl2,0,0,0,3,0,2,0,0,0,0,0,0
ENSMUSG00000097018,Gm26872,0,0,0,0,0,0,0,0,1,0,0,0
ENSMUSG00000099061,Gm28050,0,1,0,0,0,0,1,0,0,0,0,1
ENSMUSG00000098302,Gm28039,0,0,0,0,0,0,0,0,0,0,0,0
ENSMUSG00000101237,Gm29464,0,0,0,0,0,0,0,0,0,0,0,0
ENSMUSG00000091096,Gm17304,0,0,0,0,0,0,0,0,0,0,0,0
ENSMUSG00000106142,Gm17937,0,0,0,0,0,0,0,0,0,0,0,0
ENSMUSG00000070733,Fryl,2000,1995,1713,1570,1305,834,1159,1837,1539,1517,1501,1321
ENSMUSG00000107171,Gm42572,18,19,8,9,2,4,6,19,13,14,5,11
ENSMUSG00000086376,1700071G01Rik,0,0,0,0,0,0,0,0,0,0,0,0
ENSMUSG00000107109,Gm42571,3,1,0,0,0,1,1,1,2,2,2,1
ENSMUSG00000090561,Gm17207,0,3,0,2,0,0,0,1,0,3,0,0
ENSMUSG00000107087,Gm34411,0,0,0,0,0,0,0,0,0,0,0,0
ENSMUSG00000038770,Kpna7,2,0,0,0,0,3,1,0,0,1,0,0
ENSMUSG00000100175,1700025M24Rik,0,0,0,0,0,0,0,0,0,0,0,0
ENSMUSG00000106999,Gm42734,0,0,0,0,0,2,0,0,0,0,0,0
ENSMUSG00000105177,Gm43563,0,0,0,0,0,0,0,0,0,0,0,0
ENSMUSG00000061707,Gm4871,0,0,0,0,0,0,0,0,0,0,0,0
ENSMUSG00000106393,Gm43562,0,0,0,0,0,0,0,0,0,0,0,0
ENSMUSG00000105024,Gm43561,0,1,0,0,1,0,2,4,1,3,0,1
ENSMUSG00000049606,Zfp644,845,831,632,672,840,849,530,845,752,774,893,899
ENSMUSG00000104706,Gm43421,3,5,4,4,4,13,1,6,3,3,4,5
ENSMUSG00002076219,#N/A,0,0,0,0,0,0,0,0,0,0,0,0
ENSMUSG00000106301,Gm8365,6,7,2,5,3,2,4,5,4,4,5,3
ENSMUSG00000029620,1700018F24Rik,0,0,0,0,0,0,0,0,0,0,0,0
ENSMUSG00000118480,Gm50458,0,0,0,0,0,0,0,0,0,0,0,0
ENSMUSG00000029621,Arpc1a,1672,1791,1359,1553,1512,627,1536,1514,1649,1420,1245,1218
ENSMUSG00000054252,Fgfr3,6,9,9,7,6,5,11,7,7,14,5,2
ENSMUSG00000043410,Hfm1,2,2,1,1,0,3,1,0,1,3,2,1
ENSMUSG00002075799,#N/A,0,0,0,0,0,0,0,0,0,0,0,0
ENSMUSG00000067047,Olfr719-ps,0,0,0,0,0,0,0,0,0,0,0,0
ENSMUSG00000005299,Letm1,2532,2780,1979,2079,2133,1236,1897,2249,2454,2255,2229,1965
ENSMUSG00000059064,Gm10059,7,6,2,7,8,1,7,2,7,6,2,8
ENSMUSG00000107149,Gm30708,0,0,0,0,0,0,0,0,0,0,0,0
ENSMUSG00000029472,Anapc5,3935,4305,3855,3991,4630,2273,4253,4666,4089,3629,4121,3898
ENSMUSG00000029622,Arpc1b,5280,5652,4190,4575,4303,1493,4638,4472,5082,4346,4335,4112
ENSMUSG00000029474,Rnf34,399,476,373,401,498,265,408,407,418,397,490,439
ENSMUSG00000029623,Pdap1,2793,2787,2354,2562,3009,2889,2888,2735,2948,2402,3380,2896
ENSMUSG00000038722,Bud31,1812,2143,1704,1729,1655,1055,1775,1694,1935,1672,1589,1461
ENSMUSG00000029624,Ptcd1,514,511,412,394,409,137,352,414,524,471,398,377
ENSMUSG00000029152,Ociad1,3645,4072,3080,3239,3393,1728,3229,3152,3868,3350,3069,2969
ENSMUSG00000107292,Gm42733,0,0,0,0,0,0,0,0,0,0,0,0
ENSMUSG00000107331,Gm42732,59,45,37,45,38,30,31,55,52,45,64,49
ENSMUSG00000029283,Cdc7,783,700,705,642,842,594,681,749,692,692,821,755
ENSMUSG00000029153,Ociad2,28,25,17,17,19,6,21,13,26,11,26,29
ENSMUSG00000106554,Gm33474,0,0,0,0,0,0,0,0,0,0,0,0
ENSMUSG00000107272,Gm34583,0,0,0,0,1,0,0,0,0,0,0,0
ENSMUSG00000106958,Gm35960,0,0,0,0,0,0,0,0,0,0,0,0
ENSMUSG00000029287,Tgfbr3,1340,1546,1018,968,872,482,844,1128,1235,1115,1040,933
ENSMUSG00000106643,Gm43422,3,4,3,6,1,2,1,6,4,5,6,4
ENSMUSG00000105033,Gm43423,1,1,6,2,7,3,7,10,6,0,4,2
ENSMUSG00000084218,Gm8145,0,1,0,0,0,1,0,4,1,2,2,2
ENSMUSG00000106671,Gm42900,2,3,3,3,1,5,3,4,5,4,5,1
ENSMUSG00000088429,Gm22557,0,0,0,0,0,0,0,0,0,0,0,0
ENSMUSG00000029154,Cwh43,0,0,0,1,0,7,1,1,0,0,1,0
ENSMUSG00000106675,Gm43798,0,0,0,0,0,0,0,0,0,0,0,0
ENSMUSG00000082039,Gm15653,0,2,0,1,3,0,1,1,1,2,2,0
ENSMUSG00000029625,Cpsf4,1346,1367,1337,1283,1296,551,1255,1385,1354,1189,1277,1106
ENSMUSG00000029279,Brdt,18,24,10,14,16,20,32,20,23,18,25,15
ENSMUSG00000081798,Gm8152,1,0,0,0,0,1,1,3,1,0,1,1
ENSMUSG00000106396,Gm42902,1,5,4,0,0,2,0,1,1,1,1,0
ENSMUSG00000064554,n-R5s173,0,0,0,0,0,0,0,0,0,0,0,0
ENSMUSG00000038690,Atp5j2,922,1234,1022,1069,1264,522,1268,1180,1116,1002,1018,997
ENSMUSG00000033805,Ephx4,26,34,13,18,9,11,20,30,21,18,16,14
ENSMUSG00000090558,Gm17202,0,0,0,0,0,0,0,0,0,0,0,0
ENSMUSG00000029627,Zkscan14,73,74,63,84,60,32,65,67,52,69,67,77
ENSMUSG00000033794,Lpcat2b,0,0,0,0,0,0,1,0,0,1,0,0
ENSMUSG00000055991,Zkscan5,157,148,147,162,147,72,104,178,140,139,159,127
ENSMUSG00000051674,Dcun1d4,262,259,212,241,223,163,176,195,227,220,242,228
ENSMUSG00000111375,Btbd8,102,109,94,96,105,118,69,100,90,102,137,112
ENSMUSG00000089628,Gm9727,8,3,6,8,1,0,6,2,5,4,5,2
ENSMUSG00000106631,Gm42669,0,0,0,0,0,0,0,0,0,0,0,0
ENSMUSG00000067206,Lrrc66,0,1,0,1,0,1,0,0,3,1,0,0
ENSMUSG00000007812,Zfp655,1038,1073,908,893,955,750,693,786,923,884,934,915
ENSMUSG00000106188,Gm9710,0,0,1,0,0,0,0,0,0,0,0,0
ENSMUSG00000070420,Zscan25,473,546,408,461,367,139,333,386,443,375,353,369
ENSMUSG00000104682,Gm42636,30,22,34,19,14,21,45,43,26,26,18,17
ENSMUSG00000029156,Sgcb,164,188,179,178,165,98,153,169,158,135,123,121
ENSMUSG00000106773,Gm43799,0,0,0,0,0,0,0,0,1,1,0,0
ENSMUSG00000070419,Cyp3a57,0,0,0,0,0,2,0,0,0,0,0,0
ENSMUSG00000104644,Gm2314,0,0,0,0,0,2,0,0,0,0,0,0
ENSMUSG00000105764,Gm42859,0,0,0,0,0,4,0,0,0,0,0,0
ENSMUSG00000089798,1700028K03Rik,1,2,1,0,0,1,0,2,1,0,0,0
ENSMUSG00000038656,Cyp3a16,0,0,0,0,0,0,0,0,0,0,0,0
ENSMUSG00000105270,Gm42863,0,0,0,0,0,0,0,0,0,0,1,0
ENSMUSG00000057406,Nsd2,3851,3740,3489,3338,4131,2789,2811,4000,3715,3536,3951,3715
ENSMUSG00000075552,Cyp3a41b,0,0,0,0,0,0,0,0,0,0,0,0
ENSMUSG00000106033,Gm43381,0,0,0,0,0,0,0,0,0,0,0,0
ENSMUSG00000105474,Selenok-ps7,0,0,0,0,0,0,0,0,0,0,0,0
ENSMUSG00000029155,Spata18,0,0,0,0,0,0,1,0,0,0,0,0
ENSMUSG00000106040,Cyp3a63-ps,0,0,0,0,0,0,0,0,0,0,0,0
ENSMUSG00000029475,Kdm2b,4499,4886,3844,3924,2981,1341,2530,3671,4460,4201,2625,2418
ENSMUSG00000107027,1700019F05Rik,0,0,0,0,0,0,0,0,0,0,0,0
ENSMUSG00000106968,C78283,0,0,0,0,0,0,0,0,0,0,0,0
ENSMUSG00000105979,Gm43411,10,4,5,4,1,7,2,6,3,12,3,3
ENSMUSG00000105311,Gm44574,0,0,0,0,0,0,0,0,0,0,0,0
ENSMUSG00000056735,A930024E05Rik,52,82,61,85,68,21,51,61,77,74,62,75
ENSMUSG00000075551,Cyp3a41a,0,0,0,0,0,0,0,0,0,0,0,0
ENSMUSG00000106555,Gm2479,2,3,2,1,2,2,2,5,2,4,0,3
ENSMUSG00000105661,Gm43626,0,0,0,0,0,0,0,0,0,0,0,0
ENSMUSG00000029111,Nelfa,1306,1408,1070,1107,1119,754,1158,1325,1261,1100,1265,1126
ENSMUSG00000098830,Mir7024,3,1,4,1,3,0,2,0,3,2,0,3
ENSMUSG00000107043,Gm42849,1,1,0,1,0,1,0,1,1,1,1,1
ENSMUSG00000106688,Gm42851,0,0,0,0,0,0,0,0,0,0,0,0
ENSMUSG00000054417,Cyp3a44,0,0,0,0,0,0,0,0,0,0,0,0
ENSMUSG00000054814,Usp46,804,755,609,640,728,484,611,781,744,668,687,668
ENSMUSG00000049686,Orai1,4432,4912,2973,3433,2615,768,2832,2984,4286,3821,2149,2275
ENSMUSG00000087250,Usp46os1,0,0,0,0,0,0,0,1,0,0,0,0
ENSMUSG00000106473,Gm19089,0,0,0,0,0,0,0,0,0,0,0,0
ENSMUSG00000086234,Usp46os2,0,0,0,1,0,1,0,0,1,0,0,0
ENSMUSG00000106993,Gm43417,12,2,5,3,8,5,4,6,6,9,3,2
ENSMUSG00000106973,Gm43415,0,0,0,0,0,0,0,0,0,0,0,0
ENSMUSG00000107255,Gm43416,0,0,0,0,0,0,0,0,2,1,0,0
ENSMUSG00000106943,Dancr,430,500,386,439,537,314,409,401,408,403,523,507
ENSMUSG00000093355,Snora26,0,0,0,0,0,0,0,0,0,0,0,0
ENSMUSG00000106735,A330058E17Rik,0,0,0,0,0,2,0,0,0,1,0,0
ENSMUSG00000070858,Gm1673,3,1,1,3,1,2,0,1,2,4,2,1
ENSMUSG00000056035,Cyp3a11,0,0,0,0,0,3,0,0,0,0,3,0
ENSMUSG00000106743,Gm42847,0,0,0,0,0,0,0,0,0,0,0,0
ENSMUSG00000105405,Gm42431,0,0,0,0,0,0,0,1,0,0,0,0
ENSMUSG00000104805,Gm43624,0,0,0,0,0,0,0,0,0,0,0,0
ENSMUSG00000049907,Rasl11b,48,46,72,72,67,23,80,64,78,63,44,47
ENSMUSG00000105394,Gm43115,0,0,0,0,0,0,0,0,0,0,0,0
ENSMUSG00000048142,Nat8l,2,3,1,3,1,0,2,1,0,1,2,2
ENSMUSG00000029477,Morn3,0,0,0,2,1,0,0,0,0,0,0,1
ENSMUSG00000105107,Gm43412,86,91,47,61,26,6,58,62,55,92,12,20
ENSMUSG00000080836,Gm6444,1,3,1,2,1,0,0,0,1,0,1,0
ENSMUSG00000029276,Glmn,499,558,444,457,496,414,450,448,507,484,588,527
ENSMUSG00000029630,Cyp3a25,0,0,0,0,0,0,0,0,0,0,1,0
ENSMUSG00000104895,Gm8454,0,0,0,0,0,1,0,0,0,0,0,0
ENSMUSG00000104636,Gm43239,0,0,0,0,0,0,0,0,0,0,0,0
ENSMUSG00000105390,Gm8458,0,0,0,0,0,0,0,0,0,0,0,0
ENSMUSG00000061292,Cyp3a59,0,0,0,0,0,0,0,0,0,0,0,0
ENSMUSG00000104752,Gm5565,0,0,0,0,0,0,0,0,0,0,0,1
ENSMUSG00000096798,Gm6309,0,0,0,0,0,0,0,0,0,0,0,0
ENSMUSG00000095040,1700001J03Rik,1,0,0,0,0,0,0,0,0,0,1,0
ENSMUSG00000106547,B230303O12Rik,6,5,14,3,4,4,7,7,11,9,5,3
ENSMUSG00000105542,Gm34248,5,1,2,2,0,0,3,0,1,0,4,0
ENSMUSG00000105636,Gm43625,5,5,3,7,1,1,2,3,4,7,1,2
ENSMUSG00000062110,Scfd2,521,554,422,337,416,183,357,350,467,404,455,452
ENSMUSG00000107209,Gm42599,0,1,0,0,0,0,0,1,0,0,1,0
ENSMUSG00000080700,Gm15981,1,0,0,1,2,3,0,1,0,0,2,2
ENSMUSG00000084132,Gm15982,4,2,1,2,1,0,2,1,1,0,2,2
ENSMUSG00000107009,6720475M21Rik,12,3,2,3,0,3,4,4,1,4,1,2
ENSMUSG00000106992,Gm43167,2,7,0,15,3,0,12,10,3,8,2,1
ENSMUSG00000054434,Tmem120b,449,471,427,440,315,135,380,386,385,361,262,285
ENSMUSG00000029449,Rhof,3823,4375,2743,3113,2331,803,2368,2366,3078,2952,1866,1795
ENSMUSG00000104951,Gm43413,8,6,6,11,7,12,11,8,10,9,16,10
ENSMUSG00000090086,AI480526,96,88,123,93,122,102,113,134,107,89,155,144
ENSMUSG00000104156,Gm38102,0,0,2,1,0,0,0,1,0,0,0,0
ENSMUSG00000105881,4932422M17Rik,6,9,9,12,11,8,15,15,7,8,3,10
ENSMUSG00000029634,Rnf6,1366,1626,1242,1275,1123,748,981,1315,1325,1201,1122,947
ENSMUSG00000045102,Poln,2,2,0,1,2,3,2,1,3,4,4,0
ENSMUSG00000106868,Gm19798,0,0,0,0,0,0,0,0,1,0,1,2
ENSMUSG00000106771,Gm43459,0,1,0,0,0,0,0,0,0,0,0,0
ENSMUSG00000106902,4930557J02Rik,0,0,0,0,0,0,0,0,0,0,0,0
ENSMUSG00000079555,Haus3,562,622,590,553,763,930,653,819,582,600,739,593
ENSMUSG00000077454,Gm25918,0,0,0,0,0,0,0,0,0,0,0,0
ENSMUSG00000037235,Mxd4,120,126,110,93,104,41,102,131,93,73,62,75
ENSMUSG00000106702,Gm42846,0,0,0,0,0,0,0,0,0,0,0,0
ENSMUSG00000038384,Setd1b,1468,1346,1345,1152,1289,766,1074,1604,1185,1101,1427,1297
ENSMUSG00000037224,Zfyve28,4,6,5,4,4,1,6,6,5,7,1,4
ENSMUSG00000086291,Gm15513,1,2,0,1,2,0,0,2,1,0,2,1
ENSMUSG00000106888,Gm42848,0,0,0,0,0,0,0,0,0,0,0,0
ENSMUSG00000109572,Cfap99,0,0,0,0,0,0,0,0,0,0,0,0
ENSMUSG00000107006,Gm43105,0,0,0,1,0,0,0,0,0,0,0,0
ENSMUSG00000029635,Cdk8,1765,1783,1419,1391,1359,1155,1091,1419,1525,1555,1483,1392
ENSMUSG00000107287,Gm43458,0,0,0,0,0,0,0,0,0,0,1,0
ENSMUSG00000080957,Gm15739,0,0,2,0,1,2,1,3,2,1,0,1
ENSMUSG00000033773,Rpap2,548,618,497,495,590,387,511,562,583,520,586,566
ENSMUSG00000085900,A930041C12Rik,2,6,5,5,4,4,2,5,4,3,3,6
ENSMUSG00000029440,Psmd9,657,673,516,565,542,228,614,643,636,509,530,480
ENSMUSG00000097035,Gm26692,19,16,11,12,18,44,4,8,9,34,41,18
ENSMUSG00000105421,5830411K02Rik,0,0,0,0,0,0,1,0,0,0,3,0
ENSMUSG00000106333,4930428O21Rik,13,28,12,14,9,16,15,30,20,9,8,16
ENSMUSG00000029636,Wasf3,0,0,0,0,1,0,3,0,0,0,0,0
ENSMUSG00000096344,Gm6408,0,0,0,0,0,0,0,0,0,0,0,0
ENSMUSG00000029275,Gfi1,2472,2911,2468,2555,2791,1076,2159,2432,2160,1990,2729,2412
ENSMUSG00000090030,A430072P03Rik,64,74,51,65,64,19,64,72,62,48,54,47
ENSMUSG00000029445,Hpd,0,0,0,0,0,0,0,0,1,0,0,0
ENSMUSG00000104606,Gm43409,0,0,0,0,0,0,0,0,0,0,0,0
ENSMUSG00000029110,Rnf4,4352,4860,3998,4103,3981,2086,3483,4111,4255,3975,3674,3588
ENSMUSG00000040537,Adam22,1,3,3,7,4,7,1,5,3,0,3,1
ENSMUSG00000094226,Gm21759,0,0,0,0,0,0,0,0,1,0,0,0
ENSMUSG00002075737,#N/A,0,0,0,0,0,0,0,0,0,0,0,0
ENSMUSG00000088103,Gm23993,0,0,0,0,0,0,0,0,0,0,0,0
ENSMUSG00000106265,Gm42490,0,0,0,0,0,0,1,0,0,0,0,0
ENSMUSG00000096527,Gm6370,0,0,0,0,0,0,0,0,0,0,0,0
ENSMUSG00000079093,4930449I24Rik,0,0,0,0,0,0,0,0,0,0,0,0
ENSMUSG00000037210,Fam193a,1227,1192,860,872,993,962,765,1107,1058,944,1127,1043
ENSMUSG00000029442,Wdr66,8,9,5,6,9,19,5,9,6,6,9,3
ENSMUSG00000107227,Gm42559,32,35,23,27,31,19,32,39,40,34,29,23
ENSMUSG00000098062,Gm26931,2,6,1,1,0,1,0,0,2,3,0,0
ENSMUSG00000106678,Gm43457,15,20,16,13,17,8,17,23,30,16,21,24
ENSMUSG00000094664,Rpl35a-ps6,0,0,0,0,0,0,0,0,1,0,0,0
ENSMUSG00000087063,Gm15857,0,0,0,0,0,0,0,0,0,0,0,0
ENSMUSG00000087336,Gm15860,0,0,1,0,1,0,0,0,3,1,0,0
ENSMUSG00000029438,Bcl7a,370,362,326,310,510,284,374,501,410,346,544,506
ENSMUSG00000065191,Gm23458,1,2,2,1,3,2,5,6,0,0,3,2
ENSMUSG00000029227,Fip1l1,4219,4322,3539,3598,3553,4963,3195,4308,4198,3685,4336,3533
ENSMUSG00000104830,5830487J09Rik,1,7,1,0,2,4,2,5,2,1,3,5
ENSMUSG00000059866,Tnip2,713,748,638,579,472,342,489,579,636,598,481,502
ENSMUSG00000086700,Gm15747,7,3,0,5,1,0,2,0,0,5,1,4
ENSMUSG00000107165,Gm43747,16,13,10,13,8,3,2,7,20,14,8,13
ENSMUSG00000011831,Evi5,272,251,266,257,287,261,253,311,231,231,267,282
ENSMUSG00000106288,Gm43593,2,2,2,2,0,0,1,2,1,1,1,1
ENSMUSG00000063447,Ube2d2b,4,3,4,2,0,1,1,0,0,2,5,2
ENSMUSG00000083609,Gm16007,0,0,0,0,0,0,0,0,0,0,0,0
ENSMUSG00000104748,Gm43592,1,3,2,1,0,0,1,0,2,0,1,0
ENSMUSG00000002297,Dbf4,1201,1193,1295,1201,1605,1299,1360,1584,1083,1078,1495,1368
ENSMUSG00000058558,Rpl5,914,989,865,784,677,531,763,783,798,771,668,654
ENSMUSG00000064453,Snord21,0,0,0,0,0,0,0,0,0,0,0,0
ENSMUSG00000077222,Gm22270,26,58,29,36,43,9,37,40,38,28,39,20
ENSMUSG00000077426,Gm26387,10,13,4,10,7,0,5,10,10,4,6,2
ENSMUSG00000038342,Mlxip,2910,2909,2560,2463,2059,1059,1822,2653,2475,2367,2115,1972
ENSMUSG00000106254,Gm42907,7,4,7,3,1,3,3,2,4,2,5,7
ENSMUSG00000104940,Gm42908,2,1,1,2,4,0,1,0,1,0,4,1
ENSMUSG00000106636,Gm43813,13,7,24,5,17,13,13,24,18,12,13,18
ENSMUSG00000029270,Dipk1a,123,168,114,121,157,108,150,138,167,126,167,161
ENSMUSG00000084855,Gm9850,1,1,1,1,1,0,1,3,0,6,0,0
ENSMUSG00000082532,Rpl31-ps6,0,1,1,1,1,1,1,0,1,0,0,1
ENSMUSG00000096920,Rps19-ps8,1,2,0,2,2,0,2,0,2,0,0,1
ENSMUSG00000029437,Il31,22,28,66,77,31,22,66,73,11,9,2,0
ENSMUSG00000054520,Sh3bp2,1395,1484,967,1031,766,416,824,903,1177,963,810,822
ENSMUSG00000088332,Gm22847,2,2,2,0,1,1,1,0,1,1,0,2
ENSMUSG00000054099,Slc25a40,128,129,114,93,129,123,98,135,96,116,144,154
ENSMUSG00000040570,Rundc3b,189,197,182,156,194,131,178,192,168,173,170,196
ENSMUSG00000105740,Gm42685,2,2,0,1,0,0,2,2,0,1,0,2
ENSMUSG00000063409,Lrrc43,0,0,1,2,0,0,1,0,0,0,0,0
ENSMUSG00000086753,Gm15751,1,1,0,2,0,2,0,0,1,0,2,0
ENSMUSG00000041505,Gm3402,0,0,0,0,0,0,0,0,0,0,0,0
ENSMUSG00000040584,Abcb1a,37,53,51,77,80,44,85,100,48,47,47,43
ENSMUSG00000079091,Gm3404,0,0,0,0,0,0,0,0,0,0,0,0
ENSMUSG00000105392,Gm42684,0,0,2,0,0,0,0,0,0,1,0,0
ENSMUSG00000104535,Gm42686,0,0,0,0,0,2,0,0,0,0,0,0
ENSMUSG00000097279,Gm5106,20,15,19,23,19,3,17,8,17,12,10,14
ENSMUSG00000028970,Abcb1b,1170,1244,1218,1250,1067,739,934,1254,1019,942,1033,873
ENSMUSG00000105870,7330423F06Rik,3,2,2,5,1,1,6,2,0,3,2,2
ENSMUSG00000029228,Lnx1,0,0,0,0,0,0,0,0,0,0,1,0
ENSMUSG00000029433,Diablo,223,247,199,181,200,115,210,229,202,191,202,173
ENSMUSG00000029431,B3gnt4,0,0,0,1,0,0,0,0,0,1,0,0
ENSMUSG00000085657,Gm15984,0,0,0,0,0,0,0,0,0,0,0,0
ENSMUSG00000085497,Gm15985,0,0,0,0,0,0,0,0,0,0,0,0
ENSMUSG00000114278,Gm49027,11,1,6,8,4,1,1,3,4,2,4,5
ENSMUSG00002076894,#N/A,1,0,0,0,0,0,0,0,0,0,0,0
ENSMUSG00000106987,Gm42575,0,0,0,0,0,0,0,0,0,0,0,0
ENSMUSG00000098951,Mir7647,2,0,1,2,0,0,1,0,1,2,1,0
ENSMUSG00000106806,Gm17906,1,2,1,0,1,0,0,1,0,0,0,0
ENSMUSG00000072874,Gm6116,0,0,0,0,0,0,0,0,0,0,0,0
ENSMUSG00000107306,Gm42577,2,1,3,1,0,5,1,1,1,0,2,2
ENSMUSG00000029229,Chic2,863,937,707,725,850,610,800,836,957,878,808,820
ENSMUSG00000107205,Gm42576,8,4,6,5,8,9,3,7,7,2,7,6
ENSMUSG00000107162,Gm18593,0,0,0,0,0,0,0,0,0,0,0,0
ENSMUSG00000042476,Abcb4,25,27,41,40,29,13,19,35,23,21,5,7
ENSMUSG00000106664,Gm17936,2,0,0,2,1,0,2,1,2,0,1,2
ENSMUSG00000035946,Gsx2,0,0,0,0,0,0,0,0,0,0,0,0
ENSMUSG00000106900,Gm2040,0,0,0,0,0,0,0,0,0,0,0,0
ENSMUSG00000107192,Gm19583,0,0,0,0,0,0,0,0,0,0,0,0
ENSMUSG00000107258,Olfr1401-ps1,0,0,0,0,0,0,0,0,0,0,0,0
ENSMUSG00000029434,Vps33a,1011,1086,827,839,801,486,705,843,963,864,944,845
ENSMUSG00000104704,Gm43133,7,3,0,2,1,0,1,4,0,4,2,1
ENSMUSG00000003623,Crot,288,318,277,337,267,159,265,330,232,219,201,205
ENSMUSG00000078183,Gm15610,3,0,0,0,1,0,0,1,0,0,0,0
ENSMUSG00000102921,Gm37153,0,0,0,0,0,0,0,0,0,0,0,0
ENSMUSG00002074942,#N/A,0,0,0,0,0,0,0,0,0,0,0,0
ENSMUSG00000084923,Gm15611,0,0,0,0,0,0,0,0,0,0,0,0
ENSMUSG00000114430,Gm40264,0,0,0,0,0,0,0,1,0,0,2,0
ENSMUSG00000079659,Tmem243,183,200,175,177,164,100,197,219,199,173,110,116
ENSMUSG00000096664,Gm3409,0,0,0,0,0,0,0,0,0,0,0,0
ENSMUSG00000029267,Mtf2,1843,1804,1591,1563,1676,1535,1492,1704,1781,1776,1986,1820
ENSMUSG00000063406,Tmed5,2308,2285,1858,1928,1598,2150,1955,2260,1738,2319,2323,2081
ENSMUSG00000056531,Ccdc18,19,23,17,20,46,79,15,30,15,29,42,41
ENSMUSG00000105554,Gm7118,9,14,8,12,6,1,16,15,6,17,6,6
ENSMUSG00000105188,Gm8190,0,0,0,0,0,0,0,0,0,0,0,0
ENSMUSG00000105591,Gm43083,0,0,0,0,0,0,0,0,0,0,0,0
ENSMUSG00000029265,Dr1,2150,2140,1847,1716,1588,1259,1568,1846,2154,1922,1942,1827
ENSMUSG00000106103,Gm43081,3,5,5,5,5,15,1,4,5,3,13,13
ENSMUSG00000095557,Gm3415,0,0,0,0,0,0,0,0,0,0,0,0
ENSMUSG00000094090,Gm8494,1,0,0,0,2,0,0,0,1,0,0,2
ENSMUSG00000041468,Gpr12,0,0,0,0,0,0,0,0,0,0,0,0
ENSMUSG00000105907,Gm34333,0,0,0,0,0,0,0,0,0,0,0,0
ENSMUSG00000106020,4930573C15Rik,0,0,0,0,0,0,0,0,0,0,0,0
ENSMUSG00000029106,Add1,2434,2538,2212,2145,1490,772,1930,2277,1870,1862,1476,1369
ENSMUSG00000029263,Pigg,258,304,208,228,333,220,187,279,236,223,329,361
ENSMUSG00000099082,Mir7036b,0,0,0,0,0,0,0,0,0,0,0,0
ENSMUSG00000104904,9330198I05Rik,3,6,3,3,1,0,2,1,1,4,3,2
ENSMUSG00000107128,Gm42867,0,4,2,2,2,0,2,3,2,0,0,1
ENSMUSG00000106304,Gm42518,0,0,0,0,0,0,0,0,0,0,0,0
ENSMUSG00000105867,Gm42517,0,0,0,0,4,0,1,3,0,0,0,0
ENSMUSG00000029640,Usp12,1905,2036,1489,1505,1488,942,1055,1578,1756,1577,1325,1192
ENSMUSG00000104845,1700041I07Rik,0,0,0,0,0,0,0,0,0,0,0,0
ENSMUSG00000072769,Gm10419,0,0,0,0,2,1,0,0,1,0,1,0
ENSMUSG00000041453,Rpl21,264,281,298,244,236,167,249,287,288,293,245,206
ENSMUSG00000077185,Gm25091,0,0,0,0,0,0,0,0,0,0,0,0
ENSMUSG00000077564,Gm23202,4,2,5,1,2,0,1,2,2,1,2,5
ENSMUSG00000029641,Rasl11a,9,11,8,11,17,3,10,4,9,3,12,12
ENSMUSG00000029491,Pde6b,0,0,0,0,0,0,0,0,0,0,0,0
ENSMUSG00000050856,Atp5k,525,652,502,606,794,322,747,687,659,555,739,598
ENSMUSG00000118523,AC158912.1,0,0,0,0,0,0,0,0,0,0,0,0
ENSMUSG00000016503,Gtf3a,981,1205,979,959,1142,450,1011,1003,1130,991,1174,1085
ENSMUSG00000029231,Pdgfra,0,2,0,0,2,3,0,0,0,0,0,0
ENSMUSG00000029490,Mfsd7a,0,0,0,0,0,0,0,0,0,0,0,0
ENSMUSG00000106760,Gm42802,0,0,0,0,0,0,0,0,0,0,0,0
ENSMUSG00000107245,Gm42803,0,0,0,0,0,0,0,0,0,0,0,0
ENSMUSG00000099060,Mir7025,0,0,0,0,0,0,0,0,0,0,0,0
ENSMUSG00000106704,Gm42799,0,0,0,0,0,0,0,0,0,0,0,0
ENSMUSG00000106689,Gm18345,0,0,0,0,0,0,0,0,0,0,0,0
ENSMUSG00002076047,#N/A,0,0,0,0,0,0,0,0,0,0,0,0
ENSMUSG00000107386,Gm42800,0,0,0,0,0,0,0,1,0,0,0,0
ENSMUSG00000089078,Gm24502,0,0,0,0,0,0,0,0,0,0,0,0
ENSMUSG00000001082,Mfsd10,523,662,495,527,445,142,570,672,480,472,444,435
ENSMUSG00000016510,Mtif3,298,306,279,270,290,161,218,297,313,263,266,239
ENSMUSG00000033623,Pcgf3,1074,1139,1093,982,955,803,861,1180,1017,892,959,845
ENSMUSG00000060730,Gm10086,42,41,25,27,32,205,45,30,18,8,29,14
ENSMUSG00000016520,Lnx2,1570,1651,1289,1285,944,594,840,1225,1327,1231,881,837
ENSMUSG00000033615,Cplx1,0,2,0,0,0,0,2,1,3,0,1,0
ENSMUSG00000105590,Gm43364,0,0,0,0,0,0,1,1,2,1,0,1
ENSMUSG00000036693,Nop14,4424,4770,3710,3675,3544,3906,3174,4118,4290,4084,4237,3496
ENSMUSG00000085166,Gm15522,1,0,0,1,0,1,2,0,0,2,1,1
ENSMUSG00000029642,Polr1d,1780,2104,1748,1930,1984,679,1759,1567,1903,1676,1703,1580
ENSMUSG00000083988,Rps10-ps4,0,0,0,0,0,0,0,0,0,0,1,1
ENSMUSG00000053129,Gsx1,0,0,0,0,0,0,0,0,0,0,0,0
ENSMUSG00000077735,Gm24556,0,0,0,0,0,0,0,0,0,0,0,0
ENSMUSG00000092570,Plut,0,0,0,0,0,0,0,0,0,0,0,0
ENSMUSG00000029644,Pdx1,0,0,1,0,0,0,0,0,0,0,0,0
ENSMUSG00000098053,Gm27033,0,0,0,0,0,0,0,0,0,0,0,0
ENSMUSG00000098687,Mir7k,0,0,0,0,0,0,0,0,0,0,0,0
ENSMUSG00000029646,Cdx2,0,0,0,0,0,5,0,0,0,0,0,0
ENSMUSG00000075543,Urad,0,0,0,0,0,0,0,0,0,0,0,0
ENSMUSG00000106939,Gm29778,0,0,0,0,0,0,0,0,0,0,0,0
ENSMUSG00000052783,Grk4,22,16,13,12,12,14,19,19,13,14,18,17
ENSMUSG00000107246,Gm42560,0,0,0,0,0,0,0,0,0,0,0,0
ENSMUSG00000119404,#N/A,0,0,0,0,0,0,0,0,0,0,0,0
ENSMUSG00000042817,Flt3,7,3,5,9,1,5,0,3,3,5,2,3
ENSMUSG00000097228,Gm26597,0,0,0,0,0,0,0,0,1,0,0,0
ENSMUSG00000057157,Gm6054,0,1,0,0,0,0,0,1,0,0,1,0
ENSMUSG00000107037,Gm29793,0,0,0,0,0,0,0,0,0,0,0,0
ENSMUSG00000106820,D5Ertd605e,4,7,3,8,2,0,1,4,4,7,7,4
ENSMUSG00000107336,Gm43461,0,0,0,0,2,1,1,0,0,0,0,0
ENSMUSG00000106891,Gm43460,0,0,0,0,0,0,0,0,0,0,0,0
ENSMUSG00000049550,Clip1,1815,1891,1462,1397,1551,1168,1193,1704,1589,1529,1773,1655
ENSMUSG00000084552,Gm24840,0,0,0,0,0,0,0,0,0,0,0,0
ENSMUSG00000104877,Gm42651,1,0,3,1,0,8,0,1,1,3,1,1
ENSMUSG00000104694,Gm43797,2,0,3,1,0,0,2,0,0,0,0,0
ENSMUSG00000005672,Kit,218,216,156,210,109,57,126,143,185,187,99,101
ENSMUSG00000106754,Gm43101,0,0,0,0,0,1,0,0,0,0,0,0
ENSMUSG00000107251,Gm43102,0,0,0,0,0,0,0,0,0,0,0,0
ENSMUSG00000106726,Gm43100,0,0,0,0,0,0,0,0,0,0,0,0
ENSMUSG00000107061,Gm19590,0,0,0,0,0,0,0,0,0,0,0,0
ENSMUSG00000103684,Gm38180,0,0,0,0,0,0,0,0,0,0,0,0
ENSMUSG00000100936,Gm28865,0,0,0,0,0,0,0,0,0,0,0,0
ENSMUSG00002075712,#N/A,0,0,0,0,0,0,0,0,0,0,0,0
ENSMUSG00000062234,Gak,3086,3338,2766,2890,2510,1242,2417,3040,2761,2606,2513,2123
ENSMUSG00000029104,Htt,2973,3064,2709,2603,2403,1169,1781,2714,2566,2507,2511,2534
ENSMUSG00000105084,Gm43365,1,1,7,2,0,2,1,8,1,4,3,2
ENSMUSG00000062960,Kdr,0,2,0,3,2,2,2,4,2,3,5,4
ENSMUSG00002075417,#N/A,0,0,0,0,0,0,0,0,0,0,0,0
ENSMUSG00000106756,Gm32780,0,0,0,0,0,0,0,0,0,0,0,0
ENSMUSG00000107020,Gm6051,0,0,0,0,0,0,0,0,0,0,0,0
ENSMUSG00000051246,Msantd1,21,22,21,26,18,7,14,25,21,24,18,16
ENSMUSG00000029427,Zcchc8,1470,1524,1217,1245,1298,969,1255,1482,1328,1232,1393,1270
ENSMUSG00000029233,Srd5a3,310,316,184,195,253,106,254,235,273,267,250,229
ENSMUSG00000013495,Tmem175,258,267,194,200,281,125,202,217,226,226,230,241
ENSMUSG00000029234,Tmem165,2741,2918,2477,2472,2643,1287,2549,2590,2995,2809,2246,2278
ENSMUSG00000083152,Apc-ps1,5,4,9,6,5,2,2,6,8,5,5,8
ENSMUSG00000042508,Dmtf1,1753,1777,1548,1443,1306,1328,1145,1494,1618,1514,1462,1381
ENSMUSG00000089562,Gm24666,0,0,0,0,0,2,0,0,0,0,0,0
ENSMUSG00000080875,Gm7332,4,2,2,2,1,1,1,1,4,5,0,1
ENSMUSG00000089926,Gm15734,0,0,0,1,0,0,0,0,0,0,0,0
ENSMUSG00000029647,Pan3,1903,1938,1668,1590,1413,1196,1239,1731,1512,1641,1540,1403
ENSMUSG00000107085,Gm42883,1,0,0,0,0,0,0,0,0,1,2,0
ENSMUSG00000004815,Dgkq,508,507,457,422,420,156,398,406,447,458,377,402
ENSMUSG00000029238,Clock,697,601,549,478,449,436,364,570,562,680,599,521
ENSMUSG00000106831,Ube2n-ps1,25,33,21,14,23,12,11,26,22,13,20,22
ENSMUSG00000106815,Gm43658,7,14,1,3,1,2,3,5,1,4,5,5
ENSMUSG00000098449,Gm7467,0,0,0,1,0,0,2,0,2,1,2,1
ENSMUSG00000029235,Pdcl2,0,0,0,0,0,0,0,0,0,0,0,0
ENSMUSG00000087037,4930432L08Rik,0,0,0,0,0,3,0,0,0,0,0,0
ENSMUSG00000029236,Nmu,0,0,0,0,0,2,0,0,0,0,0,0
ENSMUSG00000107160,Gm42666,0,0,0,1,0,2,0,1,0,0,1,2
ENSMUSG00000106982,Gm42665,1,0,0,0,0,0,1,0,0,0,0,0
ENSMUSG00000029648,Flt1,146,134,209,151,143,103,90,152,77,72,28,40
ENSMUSG00000091204,Gm7271,0,0,0,0,0,0,0,0,0,0,0,0
ENSMUSG00000106845,Gm43156,0,0,0,0,0,0,0,0,0,0,0,0
ENSMUSG00000107065,Gm43155,1,1,0,1,1,0,1,0,0,0,0,0
ENSMUSG00000029649,Pomp,2923,3558,2827,2914,2842,1697,3189,2928,2994,2838,2449,2352
ENSMUSG00000107079,Gm35648,0,0,0,0,0,0,0,0,0,0,0,0
ENSMUSG00000033540,Idua,120,129,89,79,127,62,90,121,127,105,181,176
ENSMUSG00000029650,Slc46a3,16,6,9,6,9,4,6,4,9,8,5,8
ENSMUSG00000085565,Gm15721,0,0,1,0,0,0,0,0,0,0,0,0
ENSMUSG00000046959,Slc26a1,0,0,1,0,0,0,0,0,0,0,0,0
ENSMUSG00000056004,9330182L06Rik,0,2,0,1,0,2,1,1,1,0,1,1
ENSMUSG00000086115,Gm15733,0,0,0,0,1,0,0,0,0,0,0,0
ENSMUSG00000077896,Mir879,0,0,0,0,0,0,0,0,0,0,0,0
ENSMUSG00000008090,Fgfrl1,39,42,51,37,45,11,35,44,49,52,37,43
ENSMUSG00000003974,Grm3,0,0,0,0,0,1,0,0,0,0,0,0
ENSMUSG00000106637,Gm42455,0,0,0,0,0,0,0,0,0,0,0,0
ENSMUSG00000089399,Gm23312,0,0,0,0,0,0,0,0,0,0,0,0
ENSMUSG00000105348,Gm35212,0,0,0,0,0,0,0,0,0,0,0,0
ENSMUSG00000106661,Gm42832,0,0,1,0,0,0,0,0,0,0,0,0
ENSMUSG00000091487,Gm6586,1,0,0,0,0,0,0,0,0,0,0,0
ENSMUSG00000105173,Gm5715,0,0,0,0,0,0,0,0,0,0,0,0
ENSMUSG00000073226,Gm10482,0,0,0,0,0,0,0,0,0,0,0,0
ENSMUSG00000100895,Gm28685,0,1,2,0,0,2,3,0,1,0,0,2
ENSMUSG00000069355,Gm5152,1,0,3,2,2,4,3,1,0,3,2,2
ENSMUSG00000105157,Gm31831,0,0,0,0,0,0,0,0,0,0,0,0
ENSMUSG00000091817,Gm17091,0,0,0,0,0,0,0,0,0,0,0,0
ENSMUSG00000105536,Gm4959,1,3,1,1,1,0,1,1,2,1,0,0
ENSMUSG00000055385,Rnf212,0,0,0,0,0,2,0,0,0,0,0,0
ENSMUSG00000106274,Gm42828,0,0,0,0,0,0,0,0,0,0,0,0
ENSMUSG00000101762,1700047L14Rik,0,0,0,0,0,0,0,0,0,0,0,0
ENSMUSG00000105295,Gm42834,0,0,0,0,0,0,0,0,0,0,0,0
ENSMUSG00000105657,Gm42833,0,0,0,0,0,0,0,0,0,0,0,0
ENSMUSG00000091422,Gm6455,6,11,7,15,7,2,8,3,6,7,7,0
ENSMUSG00000104942,Gm3321,0,0,0,0,0,0,0,0,0,0,0,0
ENSMUSG00000004821,Tmed11,0,0,0,0,0,0,0,0,0,0,0,0
ENSMUSG00000106652,Gm43358,0,0,0,0,0,0,0,0,0,0,0,0
ENSMUSG00000036435,Exoc1,859,979,818,839,774,523,676,810,834,794,767,678
ENSMUSG00000090961,Vmn2r8,0,0,0,0,0,1,0,0,1,0,0,0
ENSMUSG00000093756,Gm18594,0,0,0,0,0,0,0,0,0,0,0,0
ENSMUSG00000029101,Rgs12,65,91,54,81,99,38,79,77,69,56,66,77
ENSMUSG00000095710,Gm8871,1,0,2,0,0,0,0,0,0,0,0,0
ENSMUSG00000091933,Gm8857,21,32,19,20,13,2,14,19,19,19,4,8
ENSMUSG00000093097,Mir3097,0,0,0,0,0,0,0,0,0,0,0,1
ENSMUSG00000107040,Gm43791,0,0,0,0,0,0,0,0,0,0,0,0
ENSMUSG00000104834,Gm8861,0,0,0,0,0,0,0,0,0,0,0,0
ENSMUSG00000105978,Gm43492,0,0,0,0,0,0,0,0,0,0,0,0
ENSMUSG00000106477,Gm8874,0,0,0,0,0,0,0,0,0,0,0,0
ENSMUSG00000106506,4930558F17Rik,0,0,0,0,0,0,0,0,0,0,0,0
ENSMUSG00000091624,Vmn2r9,0,0,0,0,0,0,0,0,0,0,0,0
ENSMUSG00000093479,Gm20629,0,0,0,0,0,0,0,0,0,0,0,0
ENSMUSG00000103580,Gm10417,0,0,0,0,0,0,0,0,0,0,0,0
ENSMUSG00000093510,Vmn2r-ps21,0,0,0,0,0,0,0,0,0,0,0,0
ENSMUSG00000105808,Gm42627,0,0,0,0,0,0,0,0,0,0,0,0
ENSMUSG00000105193,Gm18971,0,0,0,0,0,0,0,0,0,0,0,0
ENSMUSG00000093725,Gm18595,0,0,0,0,0,0,0,0,0,0,0,0
ENSMUSG00000094025,Gm8879,5,5,6,4,4,0,5,4,4,4,0,3
ENSMUSG00000105705,AC174780.1,0,0,0,0,0,0,0,0,0,0,0,0
ENSMUSG00000067010,Vmn2r10,0,0,1,0,0,0,0,0,0,0,1,0
ENSMUSG00000104982,Gm32554,0,0,0,0,0,0,0,0,0,0,0,0
ENSMUSG00000093545,Gm5871,1,0,1,0,0,2,2,1,2,0,1,2
ENSMUSG00000091450,Vmn2r11,0,0,0,0,0,1,0,0,0,0,0,0
ENSMUSG00000090688,Vmn2r12,0,0,0,0,0,2,0,0,0,0,0,0
ENSMUSG00000029651,Mtus2,46,46,81,90,58,44,60,67,20,22,35,20
ENSMUSG00000091635,Vmn2r13,0,0,0,0,0,2,0,0,0,0,0,0
ENSMUSG00000029102,Hgfac,1,4,6,1,1,1,1,2,2,0,0,1
ENSMUSG00000066554,Gm10167,56,53,40,55,49,30,44,48,62,58,45,48
ENSMUSG00000107033,Gm43553,0,0,0,0,0,0,0,0,0,0,0,0
ENSMUSG00000036403,Cep135,550,521,502,455,475,427,340,505,503,478,549,437
ENSMUSG00000091059,Vmn2r14,0,0,0,0,0,0,0,0,0,0,0,0
ENSMUSG00000103529,A730089K16Rik,0,0,0,0,0,0,0,0,0,0,0,0
ENSMUSG00000093543,Gm8473,0,0,1,0,0,2,0,1,0,0,0,0
ENSMUSG00000095918,Gm5861,7,19,12,14,3,1,12,8,8,4,6,0
ENSMUSG00000104811,Gm33093,0,0,0,0,0,1,1,0,0,0,0,0
ENSMUSG00000096846,Gm8890,0,2,3,11,0,2,2,3,4,1,1,0
ENSMUSG00000105564,Gm8891,0,0,0,0,0,0,0,0,0,0,0,0
ENSMUSG00000106148,Gm32877,0,0,0,0,0,0,0,1,0,0,0,0
ENSMUSG00000091375,Vmn2r15,0,0,0,0,0,0,0,0,0,0,0,0
ENSMUSG00000092080,Vmn2r16,0,0,0,0,0,0,0,0,0,0,0,0
ENSMUSG00000093663,Gm7171,0,0,0,0,0,0,0,0,0,0,0,0
ENSMUSG00000095829,Speer1,9,4,2,12,1,3,8,5,3,12,5,5
ENSMUSG00000044716,Dok7,0,5,4,1,0,0,1,1,0,0,0,0
ENSMUSG00000106351,Gm8896,0,0,0,0,0,0,0,0,0,0,0,0
ENSMUSG00000106034,1700108N06Rik,0,0,0,0,0,0,0,0,0,0,0,0
ENSMUSG00000041313,Slc7a1,8695,9501,8284,8461,6869,3493,5985,8192,7548,7351,6422,6078
ENSMUSG00000106956,Gm19617,0,0,0,0,0,0,0,0,0,0,0,0
ENSMUSG00000091879,Vmn2r17,0,0,0,0,2,8,0,0,0,0,1,0
ENSMUSG00000105303,Gm18555,0,0,0,0,0,0,0,0,0,0,0,0
ENSMUSG00000093688,Gm8488,0,1,1,0,1,0,1,0,2,0,0,0
ENSMUSG00000106028,Gm8493,19,33,27,24,23,15,21,26,24,34,36,21
ENSMUSG00000096732,Gm8897,6,12,5,8,8,5,6,10,3,8,4,2
ENSMUSG00000104601,Gm29745,0,0,0,0,0,0,0,0,0,0,0,0
ENSMUSG00000105549,Gm43540,0,0,0,0,0,0,0,0,0,0,0,0
ENSMUSG00000105688,4930437M23Rik,0,0,0,0,0,0,0,0,0,0,0,0
ENSMUSG00000036377,C530008M17Rik,2,6,6,8,4,3,10,12,2,7,8,5
ENSMUSG00000083874,Gm7494,1,0,0,0,0,1,0,0,0,0,0,0
ENSMUSG00000001687,Ubl3,1800,2058,1574,1733,1288,688,1600,1681,1703,1559,1373,1207
ENSMUSG00000106899,1700013A02Rik,0,0,0,0,0,0,0,0,0,0,0,0
ENSMUSG00000107098,Gm29815,0,0,0,0,0,0,0,0,0,0,0,0
ENSMUSG00000106733,Gm36186,0,0,0,0,0,0,0,0,0,0,0,0
ENSMUSG00000086494,2210417A02Rik,1,0,4,0,0,2,0,0,0,2,0,0
ENSMUSG00002076670,#N/A,0,0,1,0,0,0,0,0,0,0,0,0
ENSMUSG00000085740,4930505K14Rik,0,0,0,0,0,0,0,0,0,0,0,0
ENSMUSG00000095296,Gm8906,10,4,9,10,4,8,6,5,8,9,3,4
ENSMUSG00000087647,Gm15407,1,0,0,0,1,3,0,0,1,0,0,0
ENSMUSG00000106156,Gm21040,0,0,0,0,0,0,0,0,0,0,0,0
ENSMUSG00000104789,Gm43640,0,0,0,0,0,0,0,0,0,0,0,0
ENSMUSG00000033467,Crlf2,1833,2155,1420,1487,1084,221,1231,1253,1745,1622,980,1113
ENSMUSG00000094409,Vmn2r-ps23,0,0,0,0,0,0,0,0,0,0,0,0
ENSMUSG00000029103,Lrpap1,648,731,513,521,434,290,554,613,605,533,462,417
ENSMUSG00002075066,#N/A,0,0,0,0,1,4,0,0,0,0,0,0
ENSMUSG00000072763,5430403G16Rik,28,25,23,22,28,37,15,15,14,42,35,30
ENSMUSG00000045318,Adra2c,0,1,0,0,0,0,0,0,1,0,0,0
ENSMUSG00000091903,Gm6460,0,0,0,0,0,0,0,0,0,0,0,0
ENSMUSG00000072762,4930522L14Rik,24,18,19,19,24,43,15,33,19,27,34,31
ENSMUSG00000104774,Gm8920,0,0,0,0,0,0,0,0,0,0,0,0
ENSMUSG00000049477,Gm8508,0,2,0,0,1,0,1,8,0,0,0,0
ENSMUSG00000105299,Gm33847,0,0,0,0,0,0,0,0,0,0,0,0
ENSMUSG00000105471,A430073D23Rik,0,0,0,1,3,0,1,0,0,0,1,3
ENSMUSG00000105044,Gm10416,8,9,3,8,15,11,5,15,6,19,17,17
ENSMUSG00000106762,4930478P22Rik,0,0,0,0,0,0,0,0,0,0,0,0
ENSMUSG00000097140,Gm26779,11,17,10,10,6,7,4,9,10,13,15,19
ENSMUSG00000106261,Gm34086,0,1,1,0,0,1,0,0,2,0,0,0
ENSMUSG00000055944,E130018O15Rik,0,0,0,0,0,0,0,0,0,0,0,0
ENSMUSG00000104818,Gm43661,0,0,0,0,0,0,0,0,1,0,0,1
ENSMUSG00000090015,Gm15446,3,3,0,1,1,0,0,0,2,1,0,2
ENSMUSG00000097863,1010001B22Rik,0,0,0,0,0,0,0,0,0,0,0,0
ENSMUSG00000067438,Hmx1,0,0,0,0,1,0,0,0,0,0,0,0
ENSMUSG00000103608,4930442P19Rik,0,0,0,0,0,0,0,0,0,0,0,0
ENSMUSG00000106970,Gm43377,0,0,0,0,0,0,0,0,0,0,0,0
ENSMUSG00000094105,Gm8922,0,0,0,0,0,0,0,0,0,0,0,0
ENSMUSG00000099391,1700003C15Rik,0,0,0,0,0,0,0,0,0,0,0,0
ENSMUSG00000066613,Zfp932,107,113,78,85,107,115,78,72,84,113,114,102
ENSMUSG00000041298,Katnal1,86,101,76,66,73,57,53,88,88,56,75,82
ENSMUSG00000105364,Gm8924,0,0,0,0,0,0,0,0,0,0,0,0
ENSMUSG00000036596,Cpz,0,0,0,0,0,0,0,0,0,0,0,0
ENSMUSG00000090963,Gm17655,29,35,32,28,40,30,26,43,34,45,43,50
ENSMUSG00000106928,Gm43860,69,85,52,54,40,18,51,57,57,50,35,28
ENSMUSG00000083907,Plk-ps1,0,0,0,0,0,0,1,0,1,0,0,0
ENSMUSG00000106892,Gm42791,0,0,0,0,0,0,0,0,0,0,0,0
ENSMUSG00000109771,Gm35315,140,130,95,96,140,160,80,115,137,137,172,182
ENSMUSG00000106810,Gm43600,0,0,0,0,0,0,0,0,0,0,0,0
ENSMUSG00000085639,Gm15410,0,0,0,0,0,0,0,0,0,0,0,0
ENSMUSG00000085237,Gm15406,0,0,0,0,0,0,0,0,0,0,0,0
ENSMUSG00000079069,8430423G03Rik,0,0,0,0,0,0,0,0,0,0,0,0
ENSMUSG00000094205,Gm8926,0,0,0,0,0,0,0,0,0,0,0,0
ENSMUSG00000104578,Gm8929,0,0,0,0,0,0,0,0,0,0,0,0
ENSMUSG00000108207,1810059H22Rik,1,0,0,0,1,0,1,1,3,0,1,0
ENSMUSG00000105479,Gm43132,0,0,0,0,0,0,0,0,0,0,0,0
ENSMUSG00000087272,Gm15409,0,0,0,0,0,4,0,0,0,0,0,0
ENSMUSG00000094036,Gm6465,1,2,2,1,2,1,1,6,3,0,2,1
ENSMUSG00000106410,Gm29755,0,0,0,0,0,0,0,0,0,0,0,0
ENSMUSG00000106951,5930430L01Rik,0,0,0,0,1,1,0,1,2,2,0,0
ENSMUSG00000029097,Trmt44,411,450,336,396,303,161,303,354,374,337,291,295
ENSMUSG00000106026,Gm43131,0,0,0,0,0,3,0,0,0,0,0,0
ENSMUSG00000055061,4931431C16Rik,0,0,0,0,0,3,0,0,0,0,0,0
ENSMUSG00000085971,Gm15411,1,2,1,1,0,7,2,3,2,4,1,0
ENSMUSG00000086610,Gm15408,0,0,0,0,0,3,0,0,0,0,0,0
ENSMUSG00000064247,Plcxd1,14,18,9,9,6,0,9,13,13,11,2,5
ENSMUSG00000029408,Abcb9,749,843,457,518,435,107,472,484,697,620,605,577
ENSMUSG00000067848,4933402N22Rik,7,3,6,4,1,5,5,8,2,3,2,3
ENSMUSG00000105171,Gm5288,0,0,0,0,0,0,0,0,0,0,0,0
ENSMUSG00000099516,Gm29066,0,0,0,0,0,0,0,0,0,0,0,0
ENSMUSG00000085433,Gm16001,11,12,15,8,11,2,13,20,21,9,19,10
ENSMUSG00000103740,Gm38242,0,0,0,0,0,0,0,0,0,0,0,0
ENSMUSG00000105155,Gm42910,0,0,0,0,0,0,0,0,0,0,0,0
ENSMUSG00000104941,Gm8953,0,0,0,0,0,0,0,0,0,0,0,0
ENSMUSG00000055923,Aasdh,324,312,246,277,299,195,189,258,297,262,377,389
ENSMUSG00000033434,Gtpbp6,756,860,665,693,659,167,624,616,712,659,607,604
ENSMUSG00000040254,Sema3d,2,5,2,2,0,3,3,2,1,0,0,3
ENSMUSG00000105854,Gm8925,8,7,3,5,7,8,2,6,5,6,4,6
ENSMUSG00000029246,Ppat,4627,5049,4187,4265,4282,3245,3680,4678,4727,4302,4628,4319
ENSMUSG00000104632,Gm42909,0,0,0,0,0,0,0,0,0,0,0,0
ENSMUSG00000072852,2310040G07Rik,0,0,0,0,0,0,0,0,0,0,0,0
ENSMUSG00000105237,Gm42580,0,0,0,0,1,0,0,0,0,0,0,0
ENSMUSG00000023284,Zfp605,126,136,84,101,96,105,69,97,94,127,131,123
ENSMUSG00000081865,Gm15484,8,6,6,5,5,6,3,5,13,7,3,6
ENSMUSG00000066551,Hmgb1,403,400,356,397,370,275,418,407,401,378,339,319
ENSMUSG00000023707,Ogfod2,189,205,144,172,170,42,149,170,167,155,136,147
ENSMUSG00000097191,Mm2pr,0,1,0,0,1,0,0,2,0,0,1,0
ENSMUSG00000107133,Gm42787,0,0,0,0,0,0,0,0,0,0,0,0
ENSMUSG00000107388,Gm42788,0,0,0,0,0,0,0,0,0,0,0,0
ENSMUSG00002075766,#N/A,0,0,0,0,0,0,0,0,0,0,0,0
ENSMUSG00000024437,Gm8615,1,4,0,2,1,2,0,0,1,1,0,3
ENSMUSG00000107313,Gm43332,0,0,4,2,1,0,0,2,0,0,1,0
ENSMUSG00000029247,Paics,3572,3949,3343,3266,3498,2507,3469,3499,3956,3532,3654,3467
ENSMUSG00000029404,Arl6ip4,824,921,801,873,790,490,883,869,866,706,977,799
ENSMUSG00000104638,4930568A13Rik,0,0,0,0,0,0,0,0,0,0,0,0
ENSMUSG00000105833,Gm4751,0,0,0,0,0,0,0,0,0,0,0,0
ENSMUSG00000090991,Gm6647,0,0,0,0,0,0,0,0,0,0,0,0
ENSMUSG00000067855,Speer3,0,0,0,0,0,0,0,0,0,0,0,0
ENSMUSG00000090793,Gm6650,0,0,0,0,0,0,0,0,0,0,0,0
ENSMUSG00000106615,Gm8968,0,0,0,0,0,0,0,0,0,0,0,0
ENSMUSG00000105521,Gm35702,0,0,0,0,0,0,0,0,0,0,0,0
ENSMUSG00000036323,Srp72,5864,6170,4718,4942,4810,3806,4461,5148,5290,4853,5223,4400
ENSMUSG00000105614,Dnd1-ps,0,0,0,0,0,0,0,0,0,0,0,0
ENSMUSG00002075841,#N/A,0,0,0,0,0,0,0,0,0,0,0,0
ENSMUSG00000063820,Arl9,2,1,2,4,2,1,3,4,2,2,3,5
ENSMUSG00000086632,1700112J05Rik,0,0,0,0,0,0,0,0,0,0,0,0
ENSMUSG00000063531,Sema3e,0,2,0,2,0,1,0,0,1,0,1,1
ENSMUSG00000029248,Thegl,0,0,0,0,1,0,0,0,0,0,0,0
ENSMUSG00000105528,Gm43519,0,0,0,0,2,1,0,0,0,0,0,0
ENSMUSG00000085352,Gm4128,0,0,0,0,0,0,0,0,0,0,0,0
ENSMUSG00000106310,Gm43523,0,0,0,0,0,0,0,0,0,1,0,1
ENSMUSG00000029098,Acox3,92,80,73,66,87,32,57,60,63,73,73,105
ENSMUSG00000059325,Hopx,1306,1314,1016,1049,1072,558,1050,912,1352,1129,963,1045
ENSMUSG00000087541,Hopxos,19,21,14,19,20,21,17,12,29,20,20,19
ENSMUSG00000085858,Gm15831,0,0,0,0,1,0,0,0,0,0,0,0
ENSMUSG00000106783,Chaer1,0,0,0,1,0,0,0,1,1,0,0,0
ENSMUSG00000053030,Spink2,9,19,11,28,10,0,8,14,13,8,8,3
ENSMUSG00000107034,Gm19060,0,0,0,0,0,1,0,0,0,0,1,0
ENSMUSG00000029096,Htra3,1,4,0,0,1,0,2,2,0,0,2,1
ENSMUSG00000029249,Rest,1612,1620,1317,1273,1194,855,1047,1360,1403,1392,1546,1398
ENSMUSG00000093061,Mir5098,0,0,0,0,0,0,0,0,0,1,0,0
ENSMUSG00000036285,Noa1,2366,2580,2109,2213,2303,1171,1964,2104,2499,2203,2099,2060
ENSMUSG00000061601,Pclo,0,0,1,0,0,2,0,0,0,0,0,0
ENSMUSG00000097976,Gm26918,0,0,0,0,0,0,0,0,0,0,0,0
ENSMUSG00000106491,Gm42446,0,0,0,0,0,0,0,0,0,0,0,0
ENSMUSG00000105485,Gm42447,0,0,0,0,0,0,0,0,0,0,0,0
ENSMUSG00000104625,Gm42448,0,0,0,0,0,1,1,0,0,0,0,0
ENSMUSG00000106048,Gm42444,0,0,0,0,0,0,1,0,0,0,0,0
ENSMUSG00000106411,Gm42445,0,0,0,0,0,0,0,0,0,0,0,0
ENSMUSG00000105578,Gm43663,0,0,0,0,0,0,0,0,0,0,0,0
ENSMUSG00000098233,Gm26954,0,0,0,0,0,0,0,0,0,0,0,0
ENSMUSG00000105571,Gm43662,0,0,0,0,0,0,0,0,0,0,0,0
ENSMUSG00000104672,Gm43665,0,0,0,0,0,0,0,0,0,0,0,0
ENSMUSG00000014668,Chfr,1388,1527,1162,1126,1115,628,957,1180,1253,1098,1039,1066
ENSMUSG00000033219,Gm9758,0,0,0,0,0,0,0,0,0,0,0,0
ENSMUSG00000091255,Speer4e,0,0,0,0,0,0,0,0,0,0,0,0
ENSMUSG00000105541,Gm43136,1,2,0,0,0,1,0,1,1,0,0,0
ENSMUSG00000029250,Polr2b,3585,4107,3010,3245,3115,2339,2377,3135,3580,3186,3209,2961
ENSMUSG00000072188,Gm10354,0,0,0,0,0,0,0,0,0,0,0,0
ENSMUSG00000107238,Gm42758,1,0,0,0,0,0,0,0,1,0,0,1
ENSMUSG00000091897,Gm17019,0,0,0,0,0,0,0,0,0,0,0,0
ENSMUSG00000086247,Gm15787,4,6,3,8,4,0,6,5,5,4,4,3
ENSMUSG00000106004,Gm43391,0,0,0,0,0,0,0,0,0,0,0,0
ENSMUSG00000099762,Gm21149,0,0,0,0,0,0,0,0,0,0,0,0
ENSMUSG00000094230,Gm21847,0,0,0,0,0,0,0,0,0,0,0,0
ENSMUSG00000106445,Gm21190,0,0,0,0,0,0,0,0,0,0,0,0
ENSMUSG00000105300,Gm30613,0,0,0,0,0,0,0,0,0,0,0,0
ENSMUSG00000036256,Igfbp7,173,196,206,218,308,199,194,197,247,204,117,117
ENSMUSG00000096878,Gm21083,0,0,0,0,0,0,0,0,0,0,0,0
ENSMUSG00000106828,Gm34648,0,0,0,0,0,0,0,0,0,0,0,0
ENSMUSG00000106906,Gm34728,0,0,0,0,0,0,0,0,0,0,0,0
ENSMUSG00000107232,1700017L05Rik,0,0,0,0,0,0,0,0,0,0,0,0
ENSMUSG00000106985,Gm42761,0,0,0,0,0,0,0,0,0,0,0,0
ENSMUSG00000070933,Speer4d,0,0,0,0,0,0,0,0,0,0,0,0
ENSMUSG00000047652,Pea15b,0,0,0,0,0,0,0,0,0,0,0,0
ENSMUSG00000089415,Gm22011,0,0,0,0,0,0,0,0,0,0,0,0
ENSMUSG00000069720,4930572O03Rik,0,0,0,0,0,0,0,0,0,0,0,0
ENSMUSG00000106996,Gm31049,0,0,0,0,0,1,0,0,0,0,0,0
ENSMUSG00000089871,Speer4cos,0,0,0,0,0,0,0,0,0,0,0,0
ENSMUSG00000106960,Gm42673,0,0,0,0,0,0,0,0,0,0,0,0
ENSMUSG00000044058,Mthfr-ps1,0,0,0,0,0,0,0,0,0,0,0,0
ENSMUSG00000107309,Gm43232,0,0,0,0,0,0,0,0,0,0,0,0
ENSMUSG00000073208,Speer4c,0,0,0,0,0,0,0,0,0,0,0,0
ENSMUSG00000077178,Gm25756,0,0,0,0,0,0,0,0,0,0,0,0
ENSMUSG00000106083,Gm42452,0,0,0,0,0,0,0,0,0,0,0,0
ENSMUSG00000107308,Gm43234,0,0,0,0,0,0,0,0,0,0,0,0
ENSMUSG00000105515,Gm42454,0,0,0,0,0,0,0,0,0,0,0,0
ENSMUSG00000107183,Gm18452,0,0,0,0,0,0,0,0,0,0,0,0
ENSMUSG00002075735,#N/A,0,0,0,0,0,0,0,0,0,0,0,0
ENSMUSG00000084435,Gm23429,0,0,0,0,0,0,0,0,0,0,0,0
ENSMUSG00000105185,4930519H02Rik,0,0,0,0,1,0,0,0,0,0,0,0
ENSMUSG00000105916,Gm42453,0,0,1,0,0,0,0,0,0,0,0,0
ENSMUSG00000119601,#N/A,0,0,0,0,0,0,0,0,0,0,0,0
ENSMUSG00000105310,Gm42451,0,0,0,0,0,0,0,0,0,0,0,0
ENSMUSG00000065235,Gm22974,0,0,0,0,0,0,0,0,0,0,0,0
ENSMUSG00000096936,Gm3510,0,0,0,0,0,0,0,0,0,0,0,0
ENSMUSG00000083829,Gm2199,0,1,0,0,1,1,0,0,0,0,0,1
ENSMUSG00000036553,Sh3tc1,15,17,10,10,3,0,6,8,11,6,6,4
ENSMUSG00000041264,Uspl1,1562,1827,1338,1386,1433,768,1090,1392,1499,1450,1630,1470
ENSMUSG00000087703,Gm15650,0,0,0,0,0,0,0,0,0,0,0,0
ENSMUSG00000100783,2310047D07Rik,0,0,0,0,0,0,0,0,0,0,0,0
ENSMUSG00000100465,Gm29264,0,0,0,0,0,0,0,0,0,0,0,0
ENSMUSG00002074933,#N/A,0,0,0,0,0,0,0,0,0,0,0,0
ENSMUSG00000092674,Gm24105,0,0,0,0,0,6,0,0,0,0,1,0
ENSMUSG00000060063,Alox5ap,3,2,2,2,3,2,7,0,0,5,0,2
ENSMUSG00000029406,Pitpnm2,3547,3697,2751,2753,2781,1236,2099,2797,3186,2964,2829,2898
ENSMUSG00002075237,#N/A,0,0,0,0,0,0,0,0,0,0,0,0
ENSMUSG00000107317,Gm19719,0,0,0,0,0,1,0,0,0,0,0,0
ENSMUSG00000089842,Pitpnm2os2,0,0,0,0,0,0,0,0,0,0,0,1
ENSMUSG00000090220,Pitpnm2os1,0,0,0,0,0,2,0,0,0,0,0,0
ENSMUSG00000105759,Gm42425,0,0,0,0,0,0,0,0,0,0,0,0
ENSMUSG00000107271,BC028471,0,0,0,0,0,0,0,0,0,0,0,0
ENSMUSG00000029502,Golga3,1924,2123,1783,1723,1600,1226,1192,1795,1734,1637,1619,1378
ENSMUSG00000107314,Gm20488,0,0,0,0,0,0,0,0,0,0,0,0
ENSMUSG00000107152,Gm43152,0,0,0,0,0,2,0,0,0,0,0,0
ENSMUSG00000104720,Gm43138,4,2,3,5,3,2,3,4,5,8,1,4
ENSMUSG00000104970,Gm43137,3,3,4,5,8,2,3,4,8,6,6,5
ENSMUSG00000029659,Medag,0,0,0,0,0,0,0,0,0,0,0,0
ENSMUSG00000106750,Gm43151,0,0,0,0,0,1,0,0,0,0,0,0
ENSMUSG00000106777,Gm43150,0,0,0,0,0,0,0,0,0,0,0,0
ENSMUSG00000029501,Ankle2,1990,2039,1672,1724,1844,1153,1459,1839,1909,1866,1938,1755
ENSMUSG00000029660,Tex26,0,0,0,0,0,0,0,0,0,0,0,0
ENSMUSG00000107164,4933425D22Rik,0,0,0,0,0,0,0,0,1,0,0,0
ENSMUSG00000107132,Gm15997,0,0,0,0,0,0,0,0,0,0,0,0
ENSMUSG00000038126,Mphosph9,708,693,692,543,780,581,510,722,676,619,831,812
ENSMUSG00000106879,Gm2566,0,0,0,0,0,0,0,0,0,0,0,0
ENSMUSG00002075826,#N/A,0,0,0,0,0,0,0,0,0,0,0,0
ENSMUSG00000105382,Gm43339,35,20,30,23,15,21,9,22,17,18,30,27
ENSMUSG00000029500,Pgam5,1876,2252,1704,1705,1478,543,1550,1519,1808,1584,1299,1325
ENSMUSG00000087439,Gm15788,0,0,0,0,0,0,0,0,0,0,0,0
ENSMUSG00000029499,Pxmp2,39,42,58,46,48,10,51,49,28,32,39,40
ENSMUSG00000029658,Wdr95,3,2,1,1,1,1,1,1,2,0,0,1
ENSMUSG00000007080,Pole,1580,1597,1851,1744,1970,1168,1552,2277,1465,1339,1788,1655
ENSMUSG00000087722,Gm26277,0,0,1,0,0,0,2,0,0,1,0,0
ENSMUSG00000081256,Gm15791,2,3,1,3,0,0,0,1,1,2,2,0
ENSMUSG00000085606,Gm15792,0,0,0,0,0,0,0,0,0,0,0,0
ENSMUSG00000029657,Hsph1,8362,8182,7034,6837,8266,6204,5519,6446,8147,7191,9968,9120
ENSMUSG00000029503,P2rx2,1,0,1,0,2,0,0,0,0,2,0,0
ENSMUSG00000106674,Gm20005,0,0,1,0,0,0,0,1,0,0,1,0
ENSMUSG00000080002,Gm5566,1,3,1,3,1,0,2,0,0,0,0,1
ENSMUSG00000072754,Lrcol1,1,0,0,0,0,0,0,0,0,0,1,0
ENSMUSG00000051950,B3glct,207,192,155,146,129,98,161,201,197,179,189,175
ENSMUSG00000106740,Gm21221,0,0,0,0,0,1,0,0,0,0,1,0
ENSMUSG00000107214,4930500F04Rik,0,1,6,2,0,1,2,1,4,0,4,3
ENSMUSG00000107279,Gm43450,0,0,0,0,0,0,0,0,0,0,0,0
ENSMUSG00000107093,Gm43452,0,0,0,0,0,0,0,0,0,0,0,0
ENSMUSG00000107112,Gm36241,0,0,0,0,0,0,0,0,0,0,0,0
ENSMUSG00000107056,Gm21048,0,0,0,0,0,0,0,0,0,0,0,0
ENSMUSG00000043323,Fbrsl1,1338,1326,1088,1091,997,453,962,1283,1165,1020,964,940
ENSMUSG00000105482,Gm42596,3,4,3,5,4,1,2,4,3,1,4,1
ENSMUSG00000105603,Gm32996,0,0,0,0,0,0,0,0,0,0,0,0
ENSMUSG00000048215,A630023P12Rik,9,7,8,12,11,3,14,15,18,14,14,6
ENSMUSG00000033316,Galnt9,41,42,38,27,29,16,38,33,51,26,16,30
ENSMUSG00000053368,Rxfp2,0,0,0,0,0,1,0,0,0,0,0,0
ENSMUSG00000107360,Gm42558,0,0,0,0,0,0,0,0,0,0,0,0
ENSMUSG00000107384,Gm42557,0,0,0,0,0,0,0,0,0,0,0,0
ENSMUSG00000033294,Noc4l,4541,5343,3991,4269,4188,1912,4047,4437,4623,4162,3963,3694
ENSMUSG00000029504,Ddx51,1861,2009,1621,1637,1487,631,1307,1611,1794,1693,1469,1429
ENSMUSG00000105161,Gm42595,112,118,140,120,87,36,126,90,94,100,69,80
ENSMUSG00000056602,Fry,10,16,21,20,13,31,20,31,9,13,14,12
ENSMUSG00000107082,Gm36378,0,1,0,0,0,0,0,0,0,0,1,0
ENSMUSG00000106719,Gm42556,0,0,0,0,0,1,0,0,0,0,0,0
ENSMUSG00000118543,AC154885.1,0,0,0,0,0,0,0,0,0,0,0,0
ENSMUSG00000107262,Gm18753,0,0,0,0,0,0,0,0,0,0,0,0
ENSMUSG00000106738,Gm5,0,0,0,0,0,0,0,0,0,0,0,0
ENSMUSG00000056586,Zar1l,0,0,0,0,0,0,0,0,0,0,0,0
ENSMUSG00000082104,Gm15933,0,0,0,0,0,0,0,0,0,0,0,0
ENSMUSG00000029095,Ablim2,81,80,45,54,28,10,56,67,71,44,31,26
ENSMUSG00000041147,Brca2,300,376,298,345,504,438,201,360,224,309,488,423
ENSMUSG00000118914,#N/A,0,0,0,0,0,0,0,0,0,0,0,0
ENSMUSG00000088482,Gm23641,0,0,0,0,0,0,0,0,0,0,0,0
ENSMUSG00000106764,Gm42529,0,0,0,0,0,0,0,0,0,0,0,0
ENSMUSG00000107178,Gm42531,5,4,3,3,4,8,6,5,2,2,5,4
ENSMUSG00000106980,Gm43690,0,0,0,0,0,0,0,0,0,0,0,0
ENSMUSG00000041132,N4bp2l1,70,75,56,57,33,28,52,63,70,47,70,51
ENSMUSG00000029094,Afap1,211,244,146,135,115,74,89,125,135,138,87,81
ENSMUSG00000106927,Gm43598,1,1,7,1,1,0,0,1,1,2,4,2
ENSMUSG00000082692,H2af-ps,0,0,0,0,0,0,0,0,0,0,0,0
ENSMUSG00000029505,Ep400,4552,4387,4145,3860,3454,2378,2789,4384,3915,3941,3810,3703
ENSMUSG00000107096,Gm43597,22,15,14,12,27,31,7,19,9,12,21,29
ENSMUSG00000099284,Mir7026,0,3,3,3,1,0,0,8,1,6,3,2
ENSMUSG00000119880,#N/A,2,0,3,3,2,5,3,3,3,3,2,2
ENSMUSG00000077254,Gm26079,0,0,0,0,0,0,0,0,0,0,0,0
ENSMUSG00000118827,#N/A,0,0,0,0,0,0,0,0,0,0,0,0
ENSMUSG00000086401,Gm15559,9,3,4,3,0,2,8,12,8,10,7,7
ENSMUSG00000029655,N4bp2l2,1949,2095,1741,1777,1654,1332,1413,1667,1913,1792,1687,1610
ENSMUSG00000029093,Sorcs2,11,23,11,18,14,3,19,21,2,4,7,4
ENSMUSG00000043430,Psapl1,0,0,0,0,0,0,0,0,0,0,0,0
ENSMUSG00000098884,Mir7689,0,0,0,0,0,0,0,0,0,0,0,0
ENSMUSG00000039563,2210406O10Rik,0,3,2,0,2,0,4,1,3,1,4,1
ENSMUSG00000029198,Grpel1,1631,1818,1451,1539,1522,718,1502,1418,1883,1452,1459,1446
ENSMUSG00000029196,Tada2b,677,690,553,526,499,432,437,555,548,540,508,437
ENSMUSG00000050677,Ccdc96,3,9,4,6,2,8,4,1,2,5,3,4
ENSMUSG00000029507,Pus1,2535,2658,2126,2268,2192,928,1989,2157,2593,2145,2297,2234
ENSMUSG00000038023,Atp6v0a2,3678,3850,2873,2800,2356,1121,2207,2753,3143,2896,2130,1972
ENSMUSG00002074914,#N/A,0,0,0,0,0,0,0,0,0,0,0,0
ENSMUSG00000106082,4930404A12Rik,0,0,0,0,0,0,0,0,1,0,0,0
ENSMUSG00000038011,Dnah10,6,12,11,6,7,5,5,10,8,4,3,4
ENSMUSG00000105583,Gm43777,0,0,0,0,0,0,0,0,0,0,0,0
ENSMUSG00000029512,Ulk1,568,610,591,563,472,252,516,651,482,447,461,417
ENSMUSG00000037979,Ccdc92,186,155,104,133,98,73,117,126,138,109,144,118
ENSMUSG00000043510,Hscb,156,181,146,163,184,103,141,129,141,112,214,151
ENSMUSG00000040118,Cacna2d1,0,0,0,3,0,3,4,3,2,1,3,0
ENSMUSG00000029521,Chek2,117,104,128,121,200,113,166,176,108,125,169,161
ENSMUSG00000079215,Zfp664,2361,2385,2004,1912,1986,1181,1593,2006,2192,2021,1907,1811
ENSMUSG00000104602,Gm42779,2,1,2,6,4,1,9,4,1,6,5,1
ENSMUSG00000104886,Gm43000,0,0,0,0,0,0,0,0,0,0,0,0
ENSMUSG00000105526,Gm43490,0,0,0,0,1,1,0,0,0,0,0,0
ENSMUSG00000106177,Gm43491,0,0,0,0,0,0,0,0,0,0,0,0
ENSMUSG00000097941,Gm8984,24,26,12,9,7,0,25,10,19,16,4,9
ENSMUSG00000037962,Rflna,0,0,0,0,1,0,0,2,1,0,0,1
ENSMUSG00000033209,Ttc28,21,19,10,7,23,10,11,17,9,14,30,21
ENSMUSG00000081104,Gm15989,1,1,1,1,1,1,5,1,0,1,10,2
ENSMUSG00000105112,Gm42778,1,0,0,0,0,0,0,0,2,0,0,1
ENSMUSG00000076163,Mir701,0,0,0,0,1,0,0,0,0,0,0,0
ENSMUSG00000083771,Gm15988,0,1,0,0,0,0,0,0,0,0,0,0
ENSMUSG00000105890,Gm42780,0,0,0,0,0,0,0,0,0,0,0,0
ENSMUSG00000106153,Gm43677,0,0,0,0,0,0,0,0,0,0,0,0
ENSMUSG00000105027,Gm43676,0,0,0,0,0,0,0,0,0,0,0,0
ENSMUSG00002076336,#N/A,0,0,0,0,0,0,0,0,0,0,0,0
ENSMUSG00000106374,Gm27680,0,0,0,1,0,0,0,0,0,0,1,0
ENSMUSG00002075664,#N/A,0,0,0,0,1,0,0,0,0,0,0,0
ENSMUSG00000034021,Pds5b,2097,1984,1835,1692,2074,2057,1307,2121,2010,1977,2326,2157
ENSMUSG00000084717,Gm24630,0,0,0,0,0,0,0,0,0,0,0,0
ENSMUSG00000077592,Gm26013,0,0,0,0,0,0,0,0,0,0,0,0
ENSMUSG00000107048,Gm43807,4,2,3,2,0,2,2,1,4,0,1,1
ENSMUSG00000106692,Gm36447,2,0,0,0,0,0,0,0,0,0,1,1
ENSMUSG00000107047,Gm43298,0,0,0,0,0,0,0,0,0,0,0,0
ENSMUSG00000050017,Pitpnb,2677,2774,2437,2390,2145,1719,2167,2580,2564,2216,2207,1961
ENSMUSG00000058488,Kl,0,0,1,1,2,16,2,2,0,1,0,0
ENSMUSG00000104559,Gm43118,1,0,0,0,1,1,0,0,0,2,0,0
ENSMUSG00000106963,Gm8675,0,1,0,0,1,0,0,1,0,1,0,0
ENSMUSG00000070576,Mn1,0,1,1,0,0,1,2,0,0,1,0,0
ENSMUSG00000106560,Gm43119,0,0,0,0,0,0,0,0,0,0,1,0
ENSMUSG00000052848,C130026L21Rik,0,0,0,0,1,0,0,0,0,0,0,0
ENSMUSG00000104833,Gm42489,0,0,0,0,0,0,0,0,0,0,0,0
ENSMUSG00000096949,Gm26897,0,0,0,0,0,0,0,0,0,0,0,0
ENSMUSG00000085271,E130006D01Rik,0,0,0,0,0,0,0,0,0,0,0,0
ENSMUSG00000085919,Gm16019,0,0,0,0,0,0,0,0,0,0,0,0
ENSMUSG00000105376,Gm36535,0,0,0,0,0,0,0,0,0,0,0,0
ENSMUSG00000106060,Gm42488,0,0,0,0,0,0,0,0,0,0,0,0
ENSMUSG00000104538,1700016B01Rik,0,0,0,0,0,1,0,0,0,0,0,0
ENSMUSG00000101683,1700028D13Rik,0,0,0,0,0,0,0,0,0,0,0,0
ENSMUSG00000097767,Miat,17,8,22,17,3,7,6,4,10,6,5,6
ENSMUSG00000097986,Gm26953,0,0,1,0,0,0,0,2,0,0,2,1
ENSMUSG00002074930,#N/A,0,0,0,0,0,0,0,0,0,0,0,0
ENSMUSG00002076466,#N/A,0,0,0,0,0,0,0,0,0,0,0,0
ENSMUSG00002075414,#N/A,0,0,0,0,0,0,0,0,0,0,0,0
ENSMUSG00000016128,Stard13,158,183,109,106,59,46,76,102,97,99,72,65
ENSMUSG00000028864,Hgf,1,0,0,1,3,2,0,1,2,0,2,0
ENSMUSG00002075709,#N/A,0,0,0,0,0,0,0,0,0,0,0,0
ENSMUSG00000107011,Gm42906,0,0,0,0,0,0,0,0,0,0,0,0
ENSMUSG00000106339,Gm43489,0,0,0,0,0,0,1,0,0,0,0,0
ENSMUSG00000107387,5430435K18Rik,1,3,3,2,2,0,2,1,0,1,1,0
ENSMUSG00000105660,Gm42975,0,0,0,0,0,0,0,0,0,0,0,0
ENSMUSG00000059179,Gm8991,2,0,0,0,1,0,0,1,1,0,1,0
ENSMUSG00000107154,Gm7041,0,0,0,0,0,0,0,0,0,0,0,0
ENSMUSG00000109903,Gm28710,0,0,0,0,0,0,0,0,0,0,0,0
ENSMUSG00000099854,Gm28710,0,0,0,0,0,0,0,0,0,0,0,0
ENSMUSG00000029192,Tbc1d14,810,952,764,744,728,312,708,829,759,754,682,590
ENSMUSG00000054622,D730045B01Rik,24,24,16,15,21,5,19,7,14,9,16,18
ENSMUSG00000105706,Gm42855,0,0,0,0,0,0,0,0,0,1,1,0
ENSMUSG00000091273,Gm6673,0,0,0,0,0,0,0,0,0,0,0,0
ENSMUSG00000091827,Speer4f2,0,0,0,0,0,0,0,0,0,0,0,0
ENSMUSG00000090750,Gm21999,0,0,0,0,0,0,0,0,0,0,0,0
ENSMUSG00000106797,Gm42936,0,0,0,0,0,0,0,0,0,0,0,0
ENSMUSG00000097321,1700028E10Rik,8,12,9,6,7,7,9,14,15,11,15,11
ENSMUSG00000107123,Vmn2r-ps25,0,0,0,0,0,0,0,0,0,0,0,0
ENSMUSG00000106703,Vmn2r-ps26,0,0,0,0,0,0,0,0,0,0,0,0
ENSMUSG00000058643,Speer4f1,0,0,0,0,0,0,0,0,0,0,0,0
ENSMUSG00000106358,Gm7047,1,0,0,0,0,0,0,0,1,0,1,0
ENSMUSG00000066975,Cryba4,0,1,1,0,0,0,0,0,0,0,0,1
ENSMUSG00000091794,Vmn2r18,3,0,2,0,0,0,0,0,1,0,0,0
ENSMUSG00000106759,AC120011.1,0,0,0,0,0,0,0,0,0,0,0,0
ENSMUSG00000029190,D5Ertd579e,987,1035,773,857,668,493,557,848,837,850,681,582
ENSMUSG00000107168,Gm42507,0,0,0,0,0,1,0,0,0,0,0,0
ENSMUSG00000089407,Gm24878,0,0,1,0,0,0,1,0,1,0,0,0
ENSMUSG00000089197,Gm25767,0,0,0,0,0,0,0,0,0,0,0,0
ENSMUSG00000060708,Bloc1s4,797,899,629,700,629,237,626,624,781,708,507,514
ENSMUSG00000107081,Gm43701,1,0,0,1,0,0,1,1,0,2,0,0
ENSMUSG00000115557,Gm40318,0,0,0,0,0,0,0,0,0,0,0,0
ENSMUSG00000055302,Mrfap1,2108,2228,1881,1866,2161,863,1836,1719,2336,1969,1926,1909
ENSMUSG00000028780,Sema3c,4,1,1,2,1,4,2,1,0,0,2,2
ENSMUSG00000029343,Crybb1,1,0,0,0,0,0,0,0,0,0,0,0
ENSMUSG00000033970,Rfc3,772,902,700,685,804,412,831,822,716,613,755,700
ENSMUSG00000107326,Gm43038,0,0,0,0,0,0,0,0,0,0,0,0
ENSMUSG00000107241,Gm43129,0,0,0,0,0,0,0,0,0,0,0,0
ENSMUSG00000118838,#N/A,0,0,0,0,0,0,0,0,0,0,0,0
ENSMUSG00002076483,#N/A,0,0,0,0,0,0,0,0,0,0,0,0
ENSMUSG00000029119,Man2b2,1385,1376,759,834,838,403,669,963,1053,1004,928,848
ENSMUSG00000029344,Tpst2,1389,1492,1104,1237,1109,443,1259,1196,1325,1129,1083,948
ENSMUSG00000029120,Ppp2r2c,3,8,1,4,2,3,2,1,2,4,4,5
ENSMUSG00000087487,Ppp2r2cos,0,0,0,0,0,0,0,0,0,0,0,0
ENSMUSG00000106934,Gm42506,0,0,0,0,0,0,0,0,0,0,0,0
ENSMUSG00000029345,Tfip11,2459,2492,1982,2093,1814,758,1697,2136,2192,1972,1824,1719
ENSMUSG00000039474,Wfs1,196,198,152,129,99,48,78,113,155,130,118,77
ENSMUSG00000029346,Srrd,368,412,286,298,310,119,303,314,368,356,335,331
ENSMUSG00000042328,Hps4,532,599,462,441,410,210,400,410,478,474,481,398
ENSMUSG00000051503,Gm6583,0,0,0,0,0,0,0,0,0,0,0,0
ENSMUSG00000105368,Gm43759,7,6,2,4,6,4,5,7,8,2,19,23
ENSMUSG00000104885,Gm43758,0,0,0,0,0,0,0,0,0,0,0,0
ENSMUSG00000093637,Gm20636,0,0,0,0,0,0,0,0,0,0,0,0
ENSMUSG00000063646,Jakmip1,23,37,14,19,29,12,28,27,40,30,32,23
ENSMUSG00000097686,Gm26647,0,0,0,0,0,0,0,0,0,0,0,0
ENSMUSG00000029348,Asphd2,2,1,2,0,0,1,0,0,0,0,2,0
ENSMUSG00000117286,Gm1043,2,4,8,1,2,8,4,8,1,3,2,12
ENSMUSG00002075080,#N/A,0,0,0,0,0,0,0,0,0,0,0,0
ENSMUSG00000113373,Jakmip1,0,0,0,0,0,0,0,0,0,0,0,0
ENSMUSG00000002944,Cd36,105,102,61,72,67,60,80,98,78,70,191,172
ENSMUSG00000028777,Gnat3,0,0,0,0,0,1,0,0,0,0,0,0
ENSMUSG00000057614,Gnai1,3,1,2,0,2,0,4,0,0,1,1,1
ENSMUSG00000104540,Gm3527,0,0,0,0,0,0,0,0,0,0,0,0
ENSMUSG00000104718,Gm31752,0,0,0,0,0,0,0,0,0,0,0,0
ENSMUSG00000105930,Gm17889,0,0,0,0,0,0,0,0,0,0,0,0
ENSMUSG00000089364,Gm23822,0,0,0,0,0,0,0,0,0,0,0,0
ENSMUSG00000106498,Gm43032,0,0,0,0,0,0,1,0,0,0,1,0
ENSMUSG00000097626,4921504A21Rik,0,0,0,0,0,1,0,0,0,0,0,0
ENSMUSG00000106433,Gm32102,0,0,0,0,0,0,0,0,0,0,0,0
ENSMUSG00000029121,Crmp1,150,162,78,92,46,34,100,118,119,84,50,58
ENSMUSG00000029122,Evc,3,0,0,1,0,0,3,0,2,3,0,0
ENSMUSG00000107307,Gm42935,0,0,0,0,0,0,0,0,0,0,0,0
ENSMUSG00000050248,Evc2,0,1,0,0,0,1,0,0,0,2,0,0
ENSMUSG00000057290,Gm15732,0,0,0,0,0,0,0,0,0,0,0,0
ENSMUSG00000029123,Stk32b,0,0,0,1,0,0,0,0,0,0,0,0
ENSMUSG00000062329,Cytl1,0,0,0,0,0,0,0,0,0,0,0,0
ENSMUSG00000107131,Gm43763,0,0,0,0,0,1,0,0,0,0,1,0
ENSMUSG00000048450,Msx1,0,0,0,0,0,3,0,0,0,0,0,0
ENSMUSG00000058153,Sez6l,0,0,0,0,1,0,0,0,0,3,0,0
ENSMUSG00000106718,Gm20052,0,0,0,0,0,0,0,0,0,0,0,0
ENSMUSG00000072722,Gm6588,0,0,0,0,0,0,0,0,0,0,0,0
ENSMUSG00000107126,Gm40289,0,0,0,0,0,0,0,0,0,0,0,0
ENSMUSG00000098027,Gm27004,0,0,0,0,0,0,0,0,0,0,0,0
ENSMUSG00000107129,Gm43762,0,0,0,0,0,0,0,0,0,0,0,0
ENSMUSG00000097962,1700034G24Rik,0,0,0,0,0,0,0,0,0,0,0,0
ENSMUSG00000105735,4933415J04Rik,0,0,0,0,0,0,0,0,0,0,1,0
ENSMUSG00000105152,Gm42864,0,0,0,0,0,0,0,0,0,0,0,0
ENSMUSG00000104807,Gm42865,0,0,0,0,0,0,0,0,0,0,0,0
ENSMUSG00000072720,Myo18b,1,1,0,0,0,0,0,1,1,0,0,0
ENSMUSG00000098230,1700095B10Rik,0,0,0,0,0,0,0,0,0,0,0,0
ENSMUSG00000029478,Ncor2,5105,4705,4300,3938,3447,2171,3073,4729,4146,3826,3846,3577
ENSMUSG00000040003,Magi2,27,21,24,26,16,32,13,31,26,25,27,27
ENSMUSG00000042249,Grk3,10,12,8,10,3,10,0,7,10,8,4,4
ENSMUSG00000029125,Stx18,571,601,405,428,465,304,440,547,587,512,459,435
ENSMUSG00000065373,Gm22740,0,0,0,0,0,0,1,0,0,0,0,0
ENSMUSG00000106204,Gm21009,0,0,0,0,0,0,0,0,0,0,0,0
ENSMUSG00000088668,Gm25335,0,0,0,0,0,0,0,0,0,0,0,0
ENSMUSG00000105604,Gm42838,0,0,0,0,0,0,0,0,0,0,0,0
ENSMUSG00000119744,#N/A,0,0,0,0,0,0,0,0,0,0,0,0
ENSMUSG00000077171,Gm25761,0,0,0,0,0,0,0,0,0,0,0,0
ENSMUSG00000106663,Gm42839,0,0,0,0,0,0,1,0,0,0,0,0
ENSMUSG00000106559,Gm43680,0,0,0,0,0,0,0,0,0,0,0,0
ENSMUSG00000105039,Gm32585,0,0,0,0,0,0,0,0,0,0,0,0
ENSMUSG00002076981,#N/A,0,0,0,0,0,0,0,0,0,0,0,0
ENSMUSG00000106240,Gm3544,0,0,0,0,0,0,0,0,0,0,0,0
ENSMUSG00000073174,Gm29254,0,0,0,0,0,0,0,0,0,0,0,0
ENSMUSG00000105036,1110060G06Rik,0,0,0,0,0,0,0,0,0,0,0,0
ENSMUSG00000042240,Crybb2,0,0,0,0,0,0,0,0,0,0,0,0
ENSMUSG00000105406,Gm43247,0,0,1,1,2,0,3,1,4,2,1,2
ENSMUSG00000037605,Adgrl3,0,0,0,0,0,6,0,0,0,0,0,0
ENSMUSG00000107226,Gm43594,0,0,0,0,0,0,0,0,0,0,0,0
ENSMUSG00000107375,Gm43084,0,0,0,0,0,0,0,0,0,0,0,0
ENSMUSG00002074859,#N/A,0,0,0,0,0,0,0,0,0,0,0,0
ENSMUSG00000087431,Gm16054,0,0,0,0,0,0,0,0,0,0,0,0
ENSMUSG00000106746,2900064F13Rik,0,0,0,0,0,0,0,0,0,0,0,0
ENSMUSG00000106860,1700008H02Rik,0,0,0,0,0,0,0,0,0,0,0,0
ENSMUSG00000039987,Phtf2,1012,1048,1031,965,1115,811,806,1039,985,911,999,896
ENSMUSG00000082716,Rpl31-ps5,0,0,0,0,0,0,0,0,0,0,0,0
ENSMUSG00000099863,1700031L13Rik,0,0,0,0,0,0,0,0,0,0,0,0
ENSMUSG00000106926,Rpl7-ps7,2,2,3,4,5,6,3,4,3,5,4,0
ENSMUSG00000045435,Tmem60,135,231,135,149,154,59,144,137,162,131,92,102
ENSMUSG00000080586,Mir1187,0,0,0,0,1,0,0,0,0,0,0,0
ENSMUSG00000089162,Gm24129,0,0,0,0,0,0,0,0,0,0,0,0
ENSMUSG00000106606,Gm43217,0,0,0,0,0,0,0,0,0,0,0,0
ENSMUSG00000039968,Rsbn1l,983,991,896,839,863,752,782,932,944,922,1037,940
ENSMUSG00000101013,A630072M18Rik,121,135,161,150,125,84,141,139,160,127,118,104
ENSMUSG00000049537,Tecrl,0,0,0,0,0,0,0,0,0,0,0,0
ENSMUSG00000081822,Gm15626,0,0,0,0,0,0,0,0,0,0,0,0
ENSMUSG00000029352,Crybb3,0,0,0,0,0,0,2,1,1,0,0,0
ENSMUSG00002076941,#N/A,0,0,0,0,0,0,0,0,0,0,0,0
ENSMUSG00000077288,Gm25765,0,0,0,0,0,0,0,0,0,0,0,0
ENSMUSG00000084731,Gm25806,0,0,0,0,0,0,0,0,0,0,0,0
ENSMUSG00000077474,Gm24792,0,0,0,0,0,0,0,0,0,0,0,0
ENSMUSG00000106576,Gm4866,1,1,0,4,1,0,1,1,0,0,0,0
ENSMUSG00000037936,Scarb1,1391,1468,1183,1159,1297,378,1153,1260,1359,1225,1246,1233
ENSMUSG00000106458,Gm42633,3,2,3,3,2,2,4,4,3,4,3,4
ENSMUSG00000104932,Gm40323,0,0,0,0,0,0,0,0,0,0,0,0
ENSMUSG00000028771,Ptpn12,615,656,448,459,466,412,387,491,569,624,528,415
ENSMUSG00000106158,Gm43216,0,0,0,0,0,0,0,0,0,0,0,0
ENSMUSG00000087813,Gm22490,0,0,0,0,0,0,0,0,0,0,0,0
ENSMUSG00000008348,Ubc,2370,2853,1804,2006,1902,782,1970,1836,2320,2047,1922,1674
ENSMUSG00000096269,Rpl31-ps21,0,0,0,0,0,0,0,0,0,0,0,0
ENSMUSG00000072612,Gm10382,4,1,0,2,3,0,3,0,1,2,2,3
ENSMUSG00000106116,Gm18830,2,0,0,0,0,0,0,3,0,0,0,1
ENSMUSG00000106104,Gm42660,0,0,0,0,0,0,0,0,0,0,0,0
ENSMUSG00000051339,2900026A02Rik,1474,1472,831,794,912,347,751,959,1308,1244,552,525
ENSMUSG00000106541,Gm43246,0,0,0,0,0,0,0,0,0,0,0,0
ENSMUSG00000104576,F830115B05Rik,4,3,0,2,1,0,0,0,4,2,1,4
ENSMUSG00000106191,4930557B06Rik,0,0,0,0,0,0,0,0,0,0,0,0
ENSMUSG00000106659,Gm42161,0,0,0,0,0,0,0,0,0,0,0,0
ENSMUSG00000106206,Gm43094,0,0,0,0,0,0,0,0,0,0,0,0
ENSMUSG00000066964,Tmem211,0,0,0,0,0,0,0,0,0,0,0,0
ENSMUSG00000029480,Dhx37,2832,3014,2216,2274,2264,1046,1751,2429,2501,2353,2430,2413
ENSMUSG00000106271,Gm43752,2,4,5,3,3,0,5,1,2,3,1,7
ENSMUSG00000037905,Bri3bp,1380,1541,1170,1202,1483,777,1334,1342,1486,1330,1470,1425
ENSMUSG00000104793,Gm43756,0,0,0,1,1,1,0,0,1,0,2,0
ENSMUSG00000029482,Aacs,1501,1713,1200,1353,971,282,1112,1274,1383,1311,907,856
ENSMUSG00002076951,#N/A,0,0,0,0,0,0,0,1,0,0,0,0
ENSMUSG00000070498,Tmem132b,0,0,0,0,0,2,0,0,0,0,0,0
ENSMUSG00000091970,Gm4868,0,0,0,0,0,0,0,0,0,0,0,0
ENSMUSG00000105274,1700048F04Rik,0,0,0,0,0,0,0,0,0,0,0,0
ENSMUSG00000106378,Gm42945,0,0,0,0,0,0,0,0,0,0,0,0
ENSMUSG00000105593,Gm42952,0,0,0,0,0,0,0,0,0,0,0,0
ENSMUSG00000105189,Gm7774,2,0,2,0,2,0,1,0,1,0,0,0
ENSMUSG00000119346,#N/A,0,0,0,0,0,0,0,0,0,0,0,0
ENSMUSG00000104175,Gm37700,0,0,0,0,0,0,0,0,0,0,0,0
ENSMUSG00000104825,Gm40330,0,0,0,0,0,0,0,0,0,0,0,0
ENSMUSG00000084551,Gm24839,0,0,0,0,0,0,0,0,0,0,0,0
ENSMUSG00000105673,1700081B01Rik,0,0,0,0,0,0,0,0,0,0,0,0
ENSMUSG00000106235,Gm33347,0,0,0,0,0,0,0,0,0,0,0,0
ENSMUSG00000029245,Epha5,0,0,0,0,0,2,0,0,0,0,0,0
ENSMUSG00000105316,Gm42953,0,0,0,0,0,0,0,0,0,0,0,0
ENSMUSG00000106644,Gm40331,0,0,0,0,0,0,0,0,0,0,0,0
ENSMUSG00000105782,Gm42955,0,0,0,0,0,2,0,0,0,0,0,0
ENSMUSG00000079067,Hmgn2-ps1,0,0,0,0,0,0,0,0,0,0,0,0
ENSMUSG00000106598,Gm43532,0,0,0,0,0,0,1,0,0,0,0,0
ENSMUSG00000105658,Gm43531,0,0,0,0,0,0,0,0,0,0,0,0
ENSMUSG00000105490,4933438B17Rik,0,0,0,0,0,0,0,0,0,0,0,0
ENSMUSG00000106389,Gm21006,0,0,0,0,0,0,0,0,0,0,0,0
ENSMUSG00000105575,Gm43475,0,0,0,0,0,0,0,0,0,0,0,0
ENSMUSG00000104878,Gm43567,0,0,0,0,0,0,0,0,0,0,0,0
ENSMUSG00000064555,Gm24626,0,0,0,0,0,0,0,0,0,0,0,0
ENSMUSG00000106225,Gm43564,0,0,1,0,0,0,1,0,0,0,0,0
ENSMUSG00000105308,4930572K03Rik,0,0,0,0,0,0,0,0,0,0,0,0
ENSMUSG00000104778,Gm43476,0,0,0,0,0,0,0,0,0,0,0,0
ENSMUSG00000034324,Tmem132c,0,0,0,0,1,6,0,0,0,0,1,0
ENSMUSG00000029253,Cenpc1,665,741,631,607,801,731,561,711,655,624,742,741
ENSMUSG00000106282,Gm2287,0,0,0,2,0,2,1,0,0,1,0,0
ENSMUSG00000087104,Tmem132cos,0,0,0,0,0,0,0,0,0,0,0,0
ENSMUSG00000104971,9430087B13Rik,0,0,0,0,0,0,0,0,0,0,0,0
ENSMUSG00000106015,Gm42980,0,0,0,0,0,0,0,0,0,0,0,0
ENSMUSG00000039934,Gsap,209,216,225,261,339,227,186,269,318,286,307,222
ENSMUSG00000104920,Gm43215,0,2,0,1,1,0,0,0,1,1,1,2
ENSMUSG00000105275,Gm43214,0,0,0,0,0,0,0,0,0,0,0,0
ENSMUSG00000029254,Stap1,862,868,657,581,1175,974,604,623,1188,1079,1591,1429
ENSMUSG00000064859,Gm24524,1,0,1,0,0,1,0,0,0,1,1,1
ENSMUSG00000029416,Slc15a4,547,518,417,437,478,169,392,409,473,427,374,358
ENSMUSG00000064280,Ccdc146,0,1,1,0,0,0,1,0,1,2,1,0
ENSMUSG00000105362,Gm43474,0,0,1,0,0,0,0,0,1,0,1,0
ENSMUSG00000039899,Fgl2,71,68,103,85,23,19,65,110,75,57,43,27
ENSMUSG00000047221,Fam185a,622,647,628,653,633,395,557,664,564,561,502,485
ENSMUSG00000042216,Sgsm1,0,1,0,0,0,0,0,0,0,0,0,0
ENSMUSG00000049971,Glt1d1,8,11,6,2,4,2,2,8,0,1,5,6
ENSMUSG00000104705,4930405N21Rik,0,0,0,0,0,0,0,0,0,0,0,0
ENSMUSG00000105174,Gm43353,0,0,0,0,0,0,0,0,0,0,0,0
ENSMUSG00000105778,Mir7229,0,0,0,0,0,0,0,0,0,0,0,0
ENSMUSG00000104840,Mir7230,0,0,0,0,0,0,0,0,0,0,0,0
ENSMUSG00000053873,Aym1,0,0,0,0,0,0,0,0,0,0,0,0
ENSMUSG00000034310,Tmem132d,0,0,0,0,0,0,0,0,0,0,0,0
ENSMUSG00000061331,Gm17132,0,0,0,0,0,0,0,0,0,0,0,0
ENSMUSG00000085328,Gm17131,0,0,0,0,0,0,0,0,0,0,0,0
ENSMUSG00000104581,Gm42497,0,0,0,0,0,0,0,0,0,0,0,0
ENSMUSG00000063430,Wscd2,118,118,105,92,94,31,81,103,140,144,54,63
ENSMUSG00000105772,Gm42496,0,0,0,0,0,1,0,0,0,0,0,0
ENSMUSG00000105857,Gm42817,0,0,0,0,0,2,0,1,0,0,1,0
ENSMUSG00000106275,Gm42495,0,0,0,0,0,0,0,0,0,0,0,0
ENSMUSG00000104727,Gm42500,0,0,0,0,0,0,1,0,1,0,0,0
ENSMUSG00000104980,4930573I07Rik,0,0,0,0,0,0,0,0,0,0,0,0
ENSMUSG00000105172,Gm42499,0,0,0,0,0,0,0,0,0,0,0,0
ENSMUSG00000042190,Cmklr1,2,0,0,1,0,0,0,0,0,4,0,1
ENSMUSG00000085713,Gm15736,0,0,0,0,0,0,0,0,0,0,0,0
ENSMUSG00000035898,Uba6,2340,2546,1896,1908,2127,1904,1361,2050,2006,2231,2554,2215
ENSMUSG00000072591,Fzd10os,1,3,6,1,0,0,5,1,2,2,2,0
ENSMUSG00000105059,Gm42498,0,1,2,1,0,1,0,1,0,2,0,0
ENSMUSG00000042184,1700069L16Rik,0,0,0,0,0,0,0,0,0,0,0,0
ENSMUSG00000081683,Fzd10,16,9,12,8,3,1,4,21,5,23,6,8
ENSMUSG00000053334,Ficd,176,219,133,157,150,86,115,156,172,142,152,134
ENSMUSG00000029255,Gnrhr,0,0,0,0,0,0,0,0,0,0,0,0
ENSMUSG00000048520,Fbxl13,0,2,0,0,0,1,0,0,0,0,0,0
ENSMUSG00000039883,Lrrc17,0,0,0,0,0,0,0,0,0,0,0,0
ENSMUSG00000106135,Gm6543,9,16,6,10,9,3,10,7,5,7,6,4
ENSMUSG00000106294,Gm8539,2,2,1,0,2,0,4,0,2,3,1,4
ENSMUSG00000061184,Tmprss11c,0,0,0,0,0,0,0,0,0,0,0,0
ENSMUSG00000119790,#N/A,0,0,0,0,0,0,0,0,0,0,0,0
ENSMUSG00000018974,Sart3,2561,2437,2245,2200,2311,1454,2004,2346,2452,2327,2184,2093
ENSMUSG00000105031,Gm3511,2,0,4,2,7,0,1,0,0,3,3,0
ENSMUSG00000061259,Tmprss11d,0,0,0,0,0,0,0,0,0,0,0,0
ENSMUSG00000038525,Armc10,884,1032,720,787,754,498,738,857,978,861,805,834
ENSMUSG00000072845,Tmprss11a,0,0,0,0,0,2,0,0,0,0,0,0
ENSMUSG00000044968,Napepld,32,42,38,39,42,25,29,44,38,35,44,43
ENSMUSG00000081242,Gm15719,0,0,0,0,0,0,0,0,0,1,0,0
ENSMUSG00000025825,Iscu,273,310,216,269,248,198,265,284,298,250,279,257
ENSMUSG00000079451,Tmprss11g,0,0,0,0,0,0,0,0,0,0,1,0
ENSMUSG00000054675,Tmem119,0,2,1,0,0,0,0,0,0,0,0,0
ENSMUSG00000104972,Gm19931,0,0,0,0,0,0,0,0,0,0,1,0
ENSMUSG00000048163,Selplg,1320,1450,1110,1242,1030,526,1503,1625,1350,1138,1396,1295
ENSMUSG00000048764,Tmprss11f,0,0,0,0,0,0,0,0,0,0,0,0
ENSMUSG00000029423,Piwil1,0,1,1,0,0,1,0,1,1,0,2,0
ENSMUSG00000005103,Wdr1,7697,8426,6052,6176,6231,3694,5595,6858,7049,6234,6242,5725
ENSMUSG00000105483,4930553I04Rik,0,0,0,0,0,0,0,0,0,0,0,0
ENSMUSG00000086422,4930421P07Rik,0,0,0,0,0,0,0,0,0,0,0,0
ENSMUSG00000029017,Pmpcb,1357,1466,1072,1197,1299,981,1223,1285,1433,1264,1313,1179
ENSMUSG00000035861,Tmprss11b,0,0,0,0,0,1,0,0,0,0,0,0
ENSMUSG00000106507,Gm43056,0,0,0,0,0,0,0,0,0,0,0,0
ENSMUSG00000083006,Gm15715,0,0,0,0,0,0,0,0,0,0,0,0
ENSMUSG00000046572,Zfp518b,178,186,115,119,145,83,88,171,116,154,139,137
ENSMUSG00000077273,Gm22779,0,0,0,0,0,0,0,0,0,0,0,0
ENSMUSG00000054537,Tmprss11e,0,0,0,0,0,0,0,0,0,0,0,0
ENSMUSG00000089851,Gm16579,0,0,0,0,0,1,1,0,0,0,0,0
ENSMUSG00000105704,Gm43055,0,0,0,0,0,0,0,0,0,0,0,0
ENSMUSG00000104937,Gm43057,0,0,1,0,0,0,0,1,0,1,0,0
ENSMUSG00000004530,Coro1c,6164,6518,5328,5452,5733,3360,4698,6036,5858,5313,4762,4314
ENSMUSG00000090458,Gm17122,3,0,0,0,2,0,0,2,1,2,0,0
ENSMUSG00000106623,Gm43335,0,0,0,0,0,0,0,0,0,0,0,0
ENSMUSG00000105071,Gm43336,16,7,8,11,9,18,8,20,4,16,11,21
ENSMUSG00000105664,Gm42797,0,0,0,0,0,3,0,0,0,1,0,0
ENSMUSG00000065320,Gm22056,0,0,0,0,1,0,0,0,0,0,0,0
ENSMUSG00000039315,Clnk,4,0,4,0,4,0,5,5,2,6,3,2
ENSMUSG00000079528,Clnkos,0,0,0,0,0,0,0,0,0,0,0,0
ENSMUSG00000106924,Gm42857,0,0,0,0,0,0,0,0,0,0,0,0
ENSMUSG00000106794,Gm40293,0,0,0,0,0,0,0,0,0,0,0,0
ENSMUSG00000107031,Gm40292,0,0,0,0,0,0,0,0,0,0,0,0
ENSMUSG00000106876,Gm43456,0,0,0,0,0,0,0,0,0,0,0,0
ENSMUSG00002075629,#N/A,0,0,0,0,0,0,0,0,0,0,0,0
ENSMUSG00000107030,Gm5291,0,0,0,0,0,0,0,1,0,0,0,1
ENSMUSG00000106851,4930421C12Rik,0,0,0,0,0,0,0,0,0,0,0,0
ENSMUSG00000106679,Gm42524,0,0,0,0,0,0,0,0,0,0,0,0
ENSMUSG00000106741,4930513D17Rik,0,0,0,0,0,0,0,0,0,0,0,0
ENSMUSG00000077522,Gm25377,0,0,0,0,0,0,0,0,0,0,0,0
ENSMUSG00000107134,Gm42528,0,0,0,0,0,0,0,0,0,0,1,0
ENSMUSG00000051022,Hs3st1,2,1,2,4,1,1,2,5,0,0,3,3
ENSMUSG00000083261,Gm7816,1,4,2,2,1,1,3,3,1,4,3,1
ENSMUSG00000107070,Gm35191,0,0,0,0,1,0,0,0,0,0,0,0
ENSMUSG00000082938,Gm2810,0,1,0,0,0,0,0,3,1,0,0,0
ENSMUSG00000089393,Gm23022,0,0,0,0,0,0,0,0,0,0,0,0
ENSMUSG00000106865,4930519E07Rik,0,0,0,0,0,0,0,0,0,0,0,0
ENSMUSG00000106895,Gm4754,1,3,1,2,3,1,1,0,1,4,3,2
ENSMUSG00000107135,Gm43806,0,0,0,0,0,0,0,0,0,0,0,0
ENSMUSG00000029014,Dnajc2,4321,4921,3998,3997,4165,4761,3808,4278,4542,4342,4608,4127
ENSMUSG00000029128,Rab28,323,380,283,277,298,158,302,298,349,268,273,301
ENSMUSG00000049691,Nkx3-2,0,3,0,0,0,0,0,0,1,0,0,0
ENSMUSG00000035851,Ythdc1,1819,1868,1596,1443,1578,1766,1431,1709,1548,1649,2008,1631
ENSMUSG00000028932,Psmc2,3189,3583,2971,3055,3212,1863,3118,3072,3445,3030,3155,2819
ENSMUSG00000105309,Gm21461,0,0,0,0,0,0,0,0,0,0,0,0
ENSMUSG00000029260,Ugt2b34,0,0,0,0,0,0,0,0,0,0,0,0
ENSMUSG00000119825,#N/A,0,0,0,0,0,0,0,0,0,0,0,0
ENSMUSG00000042121,Ssh1,589,585,419,419,523,258,432,546,504,465,585,514
ENSMUSG00000035836,Ugt2b1,0,0,0,0,0,1,0,0,0,0,0,0
ENSMUSG00000075983,Gm24121,0,0,0,0,0,0,0,0,0,0,0,0
ENSMUSG00000104798,Gm20121,0,0,0,0,0,0,0,0,0,0,0,0
ENSMUSG00000118539,AC160532.1,0,0,0,0,0,0,0,0,0,0,0,0
ENSMUSG00000106185,Gm7631,0,0,0,0,0,0,0,0,0,0,0,0
ENSMUSG00000104802,Gm5869,10,10,6,10,3,4,2,13,4,8,3,2
ENSMUSG00000035811,Ugt2b35,0,0,0,0,0,0,0,0,0,0,0,0
ENSMUSG00000105315,Gm18635,0,0,0,0,0,1,0,0,0,0,0,0
ENSMUSG00000106003,Gm42465,0,0,0,0,0,0,0,0,0,0,0,0
ENSMUSG00000061755,Bod1l,2428,2437,1756,1902,2149,2529,1461,2108,1672,2220,2565,2305
ENSMUSG00000107259,Gm5298,1,0,0,0,0,0,0,0,0,0,0,0
ENSMUSG00000098264,Mir6414,0,0,0,0,0,0,0,0,0,0,0,0
ENSMUSG00000042096,Dao,0,0,0,0,3,0,0,0,0,1,0,0
ENSMUSG00000106884,Gm20156,0,0,0,0,0,0,0,0,0,1,0,0
ENSMUSG00000070704,Ugt2b36,0,0,0,0,0,0,0,2,0,0,0,0
ENSMUSG00000105625,Gm31230,0,0,0,0,0,0,0,0,0,0,0,0
ENSMUSG00000067285,Gm16223,0,0,0,0,1,3,0,0,0,0,0,0
ENSMUSG00000106502,Gm42795,0,0,0,0,0,0,0,0,0,0,0,0
ENSMUSG00000106813,Gm7181,0,1,0,0,0,0,0,0,0,0,0,0
ENSMUSG00000106622,Gm5554,0,0,0,0,0,0,0,0,0,0,0,0
ENSMUSG00000107193,Gm43700,0,0,0,0,0,0,0,0,0,0,0,0
ENSMUSG00000106501,Gm42711,0,0,0,0,1,1,0,0,0,0,0,0
ENSMUSG00000029015,Slc26a5,0,0,0,0,0,0,0,0,0,0,1,0
ENSMUSG00000105416,Gm42553,0,0,0,0,0,0,0,0,0,0,0,0
ENSMUSG00000105087,Gm42552,0,0,0,0,0,0,0,0,0,0,0,0
ENSMUSG00000054630,Ugt2b5,0,0,0,0,0,0,0,0,0,0,0,0
ENSMUSG00000106111,Gm5717,0,0,0,0,0,0,0,0,0,0,0,0
ENSMUSG00000106330,Gm43369,0,0,0,0,0,0,0,0,0,0,0,0
ENSMUSG00000105240,Gm19418,0,0,0,0,0,0,0,0,0,0,0,0
ENSMUSG00000085720,Gm7854,0,0,0,0,0,0,1,0,0,0,0,0
ENSMUSG00000057425,Ugt2b37,0,0,0,0,0,2,0,0,0,0,1,0
ENSMUSG00000105897,Gm7646,0,0,0,0,0,1,0,0,0,0,0,0
ENSMUSG00000042078,Svop,0,1,1,0,1,0,1,0,2,1,0,0
ENSMUSG00000035780,Ugt2a3,0,0,0,0,0,0,0,0,0,0,0,0
ENSMUSG00000106303,Gm7652,0,0,0,0,0,0,0,0,0,0,0,0
ENSMUSG00000105192,Gm42796,0,0,0,0,0,0,0,0,0,0,0,0
ENSMUSG00000029420,Rimbp2,0,0,0,0,1,1,0,0,0,0,0,0
ENSMUSG00000104664,Gm35570,0,0,0,1,0,0,0,0,0,0,0,0
ENSMUSG00000106397,Gm21049,0,0,0,0,0,0,0,0,0,0,0,0
ENSMUSG00000106132,Gm43370,0,0,0,0,0,0,0,0,0,0,0,0
ENSMUSG00000105271,Gm42875,0,0,0,0,0,0,0,0,0,0,0,0
ENSMUSG00000106522,Gm42871,0,0,0,0,0,0,0,0,0,1,0,0
ENSMUSG00000061906,Ugt2b38,0,0,0,0,0,0,0,0,0,0,0,0
ENSMUSG00000106677,Ugt2a1,0,0,0,0,0,0,0,0,0,0,0,0
ENSMUSG00000029592,Usp30,699,708,521,604,544,264,553,628,700,604,513,472
ENSMUSG00000106484,Gm17833,9,3,0,5,2,1,0,8,4,2,2,6
ENSMUSG00000105514,Gm42913,22,12,15,10,13,3,7,16,16,5,13,17
ENSMUSG00000044339,Alkbh2,283,274,213,195,215,113,231,219,298,223,204,252
ENSMUSG00000029268,Ugt2a2,0,0,0,0,0,0,0,0,0,0,0,0
ENSMUSG00000107180,Gm43638,0,0,0,0,0,0,0,0,0,0,0,0
ENSMUSG00000039782,Cpeb2,145,140,132,105,107,73,88,143,131,91,100,112
ENSMUSG00000105374,Gm42551,0,0,0,0,1,0,0,0,0,0,0,0
ENSMUSG00000105326,6030400A10Rik,1,0,0,1,0,0,0,1,0,0,0,0
ENSMUSG00000104846,Gm43020,0,0,1,0,0,0,0,0,1,0,0,0
ENSMUSG00000107244,Gm43699,3,2,1,1,5,4,3,6,3,6,0,0
ENSMUSG00000104691,Gm43021,0,0,0,0,0,0,0,0,0,0,0,0
ENSMUSG00000061535,C1qtnf7,0,0,0,0,0,0,0,0,1,0,0,0
ENSMUSG00000029428,Stx2,68,62,31,47,48,20,43,47,53,36,46,48
ENSMUSG00000104547,Gm43022,0,0,0,0,0,0,0,0,0,0,0,0
ENSMUSG00000087290,Gm15866,0,0,0,0,0,0,0,0,0,0,0,0
ENSMUSG00000104912,Gm43023,0,0,0,0,0,0,0,0,0,0,0,0
ENSMUSG00000029269,Sult1b1,0,0,0,0,0,0,0,0,0,0,0,0
ENSMUSG00000029430,Ran,6526,7040,5443,5926,6822,3718,5775,6181,7123,5900,6531,5903
ENSMUSG00000029273,Sult1d1,0,0,0,0,0,0,0,0,0,0,0,0
ENSMUSG00000029591,Ung,2111,2166,1863,1909,1688,648,1862,1948,2224,1919,1926,1839
ENSMUSG00000029272,Sult1e1,0,0,0,0,0,0,0,0,0,0,0,0
ENSMUSG00000106074,Mir3969,0,0,0,0,0,0,0,0,0,0,0,0
ENSMUSG00000106217,Gm43368,0,1,2,0,0,0,0,4,2,0,0,1
ENSMUSG00000105246,Gm21043,0,0,0,0,0,0,0,0,0,0,0,0
ENSMUSG00000042453,Reln,0,0,0,0,0,7,0,0,0,0,2,0
ENSMUSG00000090008,Gm16111,0,0,0,0,0,0,0,0,0,0,0,0
ENSMUSG00000073152,Gm10475,0,0,0,0,0,0,0,0,0,0,0,0
ENSMUSG00000090197,Dnaja1-ps,0,1,2,3,1,0,1,0,1,1,1,2
ENSMUSG00000105766,Gm19666,0,0,0,0,0,0,0,0,0,0,0,0
ENSMUSG00000089910,Gm16113,0,0,0,0,0,0,0,0,0,0,0,0
ENSMUSG00000089793,Gm16112,0,0,0,0,0,0,0,0,0,0,0,0
ENSMUSG00000090226,Gm16110,0,0,0,0,0,0,0,0,0,0,0,0
ENSMUSG00000088578,Gm25459,0,0,0,0,0,0,0,0,0,0,0,0
ENSMUSG00000105106,Gm43657,0,0,0,0,0,2,0,0,0,0,2,0
ENSMUSG00002075934,#N/A,0,0,0,0,0,0,0,0,0,0,0,0
ENSMUSG00000105081,Gm43110,0,0,0,0,0,0,0,0,0,1,0,2
ENSMUSG00000039765,Cc2d2a,0,0,1,0,1,5,0,0,1,0,0,0
ENSMUSG00000029012,Orc5,441,541,372,364,504,309,394,396,481,406,452,447
ENSMUSG00000084235,Gm15421,0,1,0,0,3,0,0,0,1,0,1,6
ENSMUSG00000119906,#N/A,1,1,0,0,0,0,0,0,0,0,1,0
ENSMUSG00000044017,Adgrd1,14,9,5,0,4,1,7,13,3,4,8,2
ENSMUSG00000042010,Acacb,12,16,6,6,9,6,4,7,8,1,4,9
ENSMUSG00000060419,Rps16-ps2,15,48,52,47,61,25,62,46,26,23,38,15
ENSMUSG00000104681,Gm43001,0,0,0,0,0,0,0,0,0,0,0,0
ENSMUSG00000084243,Gm13784,0,0,0,0,0,0,0,0,0,0,0,0
ENSMUSG00000097207,6030443J06Rik,16,11,15,13,22,12,7,16,11,17,19,19
ENSMUSG00000105156,Gm9057,2,1,1,2,5,1,3,2,3,3,4,2
ENSMUSG00000081855,Rpl17-ps5,2,12,4,5,6,28,9,2,5,5,3,5
ENSMUSG00000092704,Gm24512,0,0,0,0,0,0,0,0,0,0,0,0
ENSMUSG00000106181,Gm9523,0,0,1,3,1,0,2,0,4,1,0,1
ENSMUSG00000104913,Gm6560,78,56,49,59,45,11,45,51,86,57,31,33
ENSMUSG00000105076,A930003O13Rik,0,0,0,0,0,0,0,0,0,0,0,0
ENSMUSG00002076602,#N/A,0,0,0,0,0,0,0,0,0,0,0,0
ENSMUSG00000042002,Foxn4,0,0,1,0,0,0,0,0,0,0,0,0
ENSMUSG00000106379,Lhfpl3,0,0,0,0,0,1,0,0,0,0,0,0
ENSMUSG00000094832,Gm21846,0,0,0,0,0,1,0,0,0,0,0,0
ENSMUSG00000105543,Gm43169,0,0,0,0,0,0,0,0,1,0,0,0
ENSMUSG00000060879,Gm6564,2,0,0,1,0,0,0,0,0,0,1,0
ENSMUSG00000104866,Gm42948,0,0,0,0,0,0,0,0,0,0,0,0
ENSMUSG00002076077,#N/A,0,0,0,0,0,0,0,0,0,0,0,0
ENSMUSG00000105254,Gm42951,0,0,0,0,0,0,0,0,0,0,0,0
ENSMUSG00000105091,Gm43722,0,0,0,0,0,0,0,0,0,0,0,0
ENSMUSG00000070702,Csn1s1,0,1,0,0,2,0,0,0,0,1,0,1
ENSMUSG00000073147,5031425E22Rik,137,150,164,185,171,89,175,168,181,159,150,189
ENSMUSG00000106269,4930580E04Rik,1,0,0,0,0,0,0,0,0,0,0,0
ENSMUSG00000104765,Gm43058,2,0,0,1,0,1,0,0,0,0,0,0
ENSMUSG00000105042,Gm42509,0,0,0,0,0,0,0,0,0,0,0,0
ENSMUSG00000066952,Myo1h,19,20,15,10,7,4,5,3,15,14,8,10
ENSMUSG00000029004,Kmt2e,2268,2257,1675,1561,1494,1818,1399,1957,2014,1984,1953,1682
ENSMUSG00002076957,#N/A,0,0,0,0,0,0,0,1,1,0,0,0
ENSMUSG00000001098,Kctd10,2015,2172,1621,1739,1550,667,1476,1682,1812,1623,1399,1328
ENSMUSG00000062604,Srpk2,383,441,336,296,265,201,275,393,363,335,363,343
ENSMUSG00002075656,#N/A,0,0,0,1,3,0,0,0,0,0,0,0
ENSMUSG00000105565,Gm43566,5,8,11,10,10,1,23,12,9,19,8,10
ENSMUSG00000105987,AI506816,3860,4007,3429,3318,4110,2431,2610,3468,3364,3135,4127,3560
ENSMUSG00000118744,#N/A,0,1,1,2,0,0,0,0,2,0,0,0
ENSMUSG00000063157,Csn2,1,0,0,0,0,0,0,1,0,0,0,0
ENSMUSG00000119930,#N/A,0,0,0,0,0,0,0,0,0,0,0,0
ENSMUSG00000105796,Gm42845,0,0,0,0,0,0,0,0,0,0,0,0
ENSMUSG00000119270,#N/A,0,0,0,0,0,0,0,0,0,0,0,0
ENSMUSG00000029577,Ube3b,1825,1953,1608,1564,1467,497,1291,1603,1635,1527,1358,1346
ENSMUSG00000098731,Mir7027,0,2,4,4,1,1,1,1,1,1,0,1
ENSMUSG00000039753,Fbxl5,1154,1177,912,889,897,593,702,988,1076,1005,890,964
ENSMUSG00000104728,Gm42462,32,44,33,26,16,9,25,24,33,31,15,23
ENSMUSG00000104823,Gm43182,1,3,3,5,1,1,8,2,3,1,2,1
ENSMUSG00000106609,Gm43181,0,0,0,0,0,0,1,0,0,0,0,0
ENSMUSG00000104701,Gm42555,0,0,0,0,0,4,0,0,1,0,1,0
ENSMUSG00000029082,Bst1,82,123,62,66,28,5,59,71,68,62,47,56
ENSMUSG00000061937,Csn1s2a,0,0,0,0,0,0,0,0,0,0,0,0
ENSMUSG00000057541,Pus7,4807,5216,4196,4340,3957,2390,3448,4082,5011,4524,4428,3955
ENSMUSG00000029575,Mmab,181,155,169,127,166,99,154,146,184,145,212,154
ENSMUSG00000029084,Cd38,67,49,34,52,35,26,39,44,49,54,27,35
ENSMUSG00000086479,Gm16014,0,0,0,0,0,0,0,0,0,0,0,0
ENSMUSG00000087281,Gm16015,0,0,0,0,0,0,0,0,0,0,0,0
ENSMUSG00000033036,Gm7879,0,0,0,0,0,0,0,0,0,0,0,0
ENSMUSG00000093859,Gm7882,0,0,0,0,0,1,0,0,0,1,0,0
ENSMUSG00000059565,Gm5292,5,4,2,2,1,3,4,2,4,2,4,2
ENSMUSG00000106573,Gm43183,0,0,0,0,0,0,0,0,0,1,0,0
ENSMUSG00000105831,Gm43184,1,0,0,1,0,0,0,0,0,0,0,0
ENSMUSG00000048373,Fgfbp1,0,3,0,0,0,0,3,0,1,0,3,2
ENSMUSG00000028999,Rint1,508,518,515,382,430,267,406,429,473,415,433,395
ENSMUSG00000061388,Csn1s2b,0,0,0,0,0,1,0,0,0,0,0,0
ENSMUSG00000104569,Gm43054,10,8,2,5,6,6,5,10,12,3,8,9
ENSMUSG00000086697,4933427G23Rik,0,0,0,1,0,2,0,0,0,0,1,1
ENSMUSG00000118636,AC117663.3,0,0,0,0,0,0,0,0,0,0,0,0
ENSMUSG00000118627,AC117663.2,0,0,0,0,0,0,0,0,0,0,0,0
ENSMUSG00000065329,Gm22054,0,0,0,0,0,0,0,0,0,0,0,0
ENSMUSG00000028998,Tomm7,638,832,732,782,818,337,869,643,747,687,709,709
ENSMUSG00000097180,2700038G22Rik,320,341,302,306,365,334,276,327,285,281,399,385
ENSMUSG00000002240,Prr27,0,0,0,0,0,0,0,0,0,0,0,0
ENSMUSG00000118905,#N/A,6,4,7,4,1,0,1,8,3,2,5,0
ENSMUSG00000104839,Gm42794,0,0,0,0,0,0,0,0,0,0,0,0
ENSMUSG00000041939,Mvk,86,99,103,125,73,27,121,106,94,96,56,66
ENSMUSG00000118576,AC117663.1,0,0,0,0,0,0,0,0,0,0,0,0
ENSMUSG00000067156,Gm7337,0,0,0,0,0,0,0,0,0,0,0,0
ENSMUSG00000086302,Gm13790,0,0,0,0,0,0,0,0,0,0,0,0
ENSMUSG00000041930,Fam222a,15,21,13,15,14,8,12,17,17,12,17,15
ENSMUSG00000009580,Odam,0,0,0,0,0,0,0,0,0,0,0,0
ENSMUSG00000099605,1700066N21Rik,0,0,0,0,0,0,0,0,0,0,0,0
ENSMUSG00000105888,BC037156,0,0,0,0,0,0,0,0,0,0,0,0
ENSMUSG00000001622,Csn3,0,0,0,0,0,0,0,0,0,0,0,0
ENSMUSG00000055961,BC051076,0,0,0,0,0,0,0,0,0,0,0,0
ENSMUSG00000007457,2310003L06Rik,0,0,0,0,0,0,0,0,0,0,0,0
ENSMUSG00000028995,Fam126a,627,631,666,718,557,320,500,616,520,491,502,416
ENSMUSG00000100704,Gm28434,0,0,0,0,0,0,0,0,0,0,0,0
ENSMUSG00000105866,Gm6745,4,4,2,5,1,2,2,6,1,2,2,0
ENSMUSG00000106118,Gm18038,0,0,0,0,1,0,0,0,0,0,0,0
ENSMUSG00000007907,Cabs1,0,0,0,0,0,0,0,0,0,0,0,0
ENSMUSG00000029280,Smr3a,0,0,0,0,0,0,0,0,0,0,0,0
ENSMUSG00000105905,Gm7709,0,1,1,2,0,0,0,0,0,0,0,0
ENSMUSG00000104640,Gm42623,0,0,0,0,0,0,0,0,0,0,0,0
ENSMUSG00000029281,Smr2,0,0,0,0,0,0,0,0,0,0,0,0
ENSMUSG00000079439,Gm11116,0,0,0,0,0,0,0,0,0,0,0,0
ENSMUSG00000105807,Gm42622,0,0,0,0,0,0,0,0,0,0,0,0
ENSMUSG00000079438,Gm11115,0,0,0,0,0,0,0,0,0,0,0,0
ENSMUSG00000106065,Gm42621,0,0,0,0,0,0,0,0,0,0,0,0
ENSMUSG00000014158,Trpv4,2,7,1,3,3,1,1,3,0,4,2,0
ENSMUSG00000105576,Gm42164,0,0,0,0,0,0,0,0,0,0,0,0
ENSMUSG00000106593,Gm7048,1,0,0,0,0,0,0,0,0,1,0,0
ENSMUSG00000028986,Klhl7,327,297,174,206,228,147,178,207,255,258,215,229
ENSMUSG00000106133,Gm3724,1,1,0,0,0,0,0,0,0,1,0,1
ENSMUSG00000090302,Gm7714,0,0,0,0,0,0,0,0,0,0,0,0
ENSMUSG00000106665,Gm43389,7,8,4,10,1,3,2,3,8,16,4,3
ENSMUSG00000064156,Prol1,0,0,0,0,0,0,0,0,0,0,0,0
ENSMUSG00000011884,Gltp,1487,1502,1081,1159,1227,558,1343,1545,1353,1141,1165,1080
ENSMUSG00000029282,Amtn,0,0,0,0,0,0,0,0,0,0,0,0
ENSMUSG00000106633,Gm43431,0,0,0,0,0,0,0,0,0,0,0,0
ENSMUSG00000105013,Gm7721,0,0,0,0,0,0,0,0,0,0,0,0
ENSMUSG00000048439,Nupl2,494,614,374,367,358,215,334,388,491,392,412,361
ENSMUSG00000099891,Gm5575,4,3,0,1,5,1,3,2,4,2,4,3
ENSMUSG00000105141,Gm43828,0,0,0,0,0,0,0,0,0,0,0,0
ENSMUSG00000105713,Gm43827,0,0,0,0,0,0,0,0,0,0,0,0
ENSMUSG00000081071,Gm9836,0,0,0,0,0,0,0,0,0,0,0,0
ENSMUSG00000029288,Ambn,0,0,0,0,0,0,0,0,0,0,0,0
ENSMUSG00000002486,Tchp,475,480,390,424,338,284,332,374,432,388,344,332
ENSMUSG00000029286,Enam,10,13,1,4,1,3,3,4,4,2,5,5
ENSMUSG00000107340,Gm42789,0,0,0,1,1,3,0,1,1,0,1,0
ENSMUSG00000098656,Mir7028,1,0,0,0,0,0,0,0,2,0,0,0
ENSMUSG00000067149,Jchain,4,5,5,1,3,0,0,1,2,0,4,2
ENSMUSG00000106322,Gm43432,0,0,0,2,1,0,0,1,0,0,0,1
ENSMUSG00000070697,Utp3,2642,2895,2378,2515,2402,2199,2348,2565,2720,2462,2521,2098
ENSMUSG00000038319,Kcnh2,18,12,7,12,10,0,9,7,17,11,16,17
ENSMUSG00000086729,Gm15589,0,0,0,0,0,0,0,0,0,0,0,0
ENSMUSG00000028978,Nos3,0,0,0,3,1,0,0,3,0,1,0,0
ENSMUSG00000086769,Gm15587,0,0,0,0,0,0,0,0,0,0,1,1
ENSMUSG00000025532,Crcp,793,892,781,832,862,507,791,838,892,778,756,668
ENSMUSG00000038295,Atg9b,525,564,429,453,518,226,453,431,604,516,497,508
ENSMUSG00000034118,Tpst1,632,680,588,599,698,350,670,721,650,570,574,518
ENSMUSG00000107216,2210412B16Rik,9,4,4,2,11,12,5,7,5,14,10,5
ENSMUSG00000034110,Kctd7,31,42,30,30,38,24,30,34,40,31,31,30
ENSMUSG00000028973,Abcb8,522,565,445,494,524,115,470,455,561,527,516,528
ENSMUSG00000029291,Rufy3,433,478,353,396,400,300,323,410,461,414,441,403
ENSMUSG00000025340,Rabgef1,677,758,575,609,494,304,478,588,624,490,503,469
ENSMUSG00000080893,Gm15920,2,2,3,2,4,1,0,2,0,1,4,3
ENSMUSG00000094092,Gm15921,0,2,2,1,5,0,2,1,0,0,1,0
ENSMUSG00000038276,Asic3,5,6,5,6,7,3,8,8,7,5,5,5
ENSMUSG00000053094,Tmem248,3902,4089,3143,3283,2930,1659,2644,3192,3455,3188,2783,2598
ENSMUSG00000107143,Gm6598,3,7,3,5,13,1,3,7,5,3,3,11
ENSMUSG00000106751,Gm42467,26,25,22,21,13,11,15,23,30,24,12,10
ENSMUSG00000028969,Cdk5,179,221,143,188,229,103,208,189,188,176,224,191
ENSMUSG00000044221,Grsf1,2813,3277,2571,2592,2805,1881,2464,2845,2940,2665,2597,2271
ENSMUSG00000025337,Sbds,1262,1335,1094,1175,1078,948,1121,1287,1216,1120,1176,1076
ENSMUSG00000041890,Git2,2347,2501,1955,2056,1919,1370,1770,2308,2159,1900,1833,1645
ENSMUSG00000092183,4930515G01Rik,15,6,7,6,7,3,6,10,8,10,3,7
ENSMUSG00000006262,Mob1b,2233,2042,1985,1809,1720,1656,1338,1910,1786,1925,1763,1639
ENSMUSG00000095524,Gm15682,0,0,0,0,0,0,0,0,0,0,0,1
ENSMUSG00000029366,Dck,425,459,493,399,684,406,608,556,434,333,543,516
ENSMUSG00000105640,Gm42912,0,0,0,0,0,0,0,0,0,0,0,0
ENSMUSG00000106305,Gm42911,0,0,0,0,0,0,0,0,0,0,0,0
ENSMUSG00000082389,Mkrn1-ps1,0,0,0,0,0,0,0,1,0,0,0,0
ENSMUSG00000041870,Ankrd13a,2765,2950,2230,2280,2131,1239,2140,2556,2414,2223,2133,2025
ENSMUSG00000056310,Tyw1,947,994,771,882,926,358,850,829,961,901,809,767
ENSMUSG00000072694,1500011B03Rik,180,205,185,214,217,133,206,200,248,171,229,167
ENSMUSG00000082052,Ywhaq-ps2,4,1,0,2,1,0,2,0,1,1,0,2
ENSMUSG00000107256,Gm13821,0,0,0,0,0,1,0,0,0,0,0,0
ENSMUSG00000098343,Mir6240,3,2,2,1,0,0,4,1,0,0,0,0
ENSMUSG00000060371,Caln1,0,0,0,0,0,0,0,0,0,0,1,0
ENSMUSG00000052014,A330070K13Rik,0,0,0,0,0,0,0,0,0,0,0,0
ENSMUSG00000106849,Gm43418,0,0,0,0,0,0,0,0,0,0,0,0
ENSMUSG00002076918,#N/A,0,0,0,0,0,0,0,0,0,0,0,0
ENSMUSG00000106694,Gm42894,0,0,0,0,0,0,0,0,0,0,0,0
ENSMUSG00000029564,4930519G04Rik,0,0,0,0,0,0,0,0,0,0,0,0
ENSMUSG00000107108,Gm9936,0,0,0,0,0,1,0,0,0,0,0,0
ENSMUSG00000080707,Gm13823,0,0,0,0,0,0,0,0,0,0,0,0
ENSMUSG00000029561,Oasl2,6,19,23,32,12,10,43,43,11,20,22,11
ENSMUSG00000087477,Gm13822,0,0,0,0,0,1,0,1,0,0,2,0
ENSMUSG00000034040,Galnt17,1,1,0,0,0,7,0,0,0,0,0,0
ENSMUSG00000107207,Gm42897,0,0,0,0,0,0,1,0,0,0,1,0
ENSMUSG00000107295,Gm42896,0,0,0,0,0,0,0,0,0,0,0,0
ENSMUSG00000106729,Gm43165,0,0,0,0,0,0,0,0,0,0,0,0
ENSMUSG00000106710,Gm43166,0,0,0,0,0,2,0,0,0,0,0,0
ENSMUSG00000041827,Oasl1,5,11,10,19,10,7,22,26,7,12,5,9
ENSMUSG00000029086,Prom1,0,0,0,0,0,0,0,0,0,0,0,0
ENSMUSG00000029559,2210016L21Rik,467,596,434,454,471,229,481,510,530,437,536,454
ENSMUSG00000105264,Gm42716,0,0,0,0,0,0,0,0,0,0,0,0
ENSMUSG00000072962,Gm16401,0,0,0,0,0,0,0,0,0,0,0,0
ENSMUSG00000105048,Gm42966,0,0,0,0,0,0,0,0,0,0,0,0
ENSMUSG00000105373,Gm42429,0,0,0,0,0,0,0,0,0,0,0,0
ENSMUSG00000105353,Gm42428,0,0,0,0,0,0,0,0,0,0,0,0
ENSMUSG00000105263,Gm42427,0,0,0,0,0,0,0,0,0,0,2,1
ENSMUSG00000029556,Hnf1a,0,0,0,0,0,0,0,0,0,0,0,0
ENSMUSG00000086054,Hnf1aos1,0,0,0,0,1,0,0,0,0,0,0,0
ENSMUSG00000086140,Hnf1aos2,0,0,0,0,0,0,0,0,0,0,0,0
ENSMUSG00000106838,1810017P11Rik,0,0,0,0,0,0,0,0,0,0,0,0
ENSMUSG00000028962,Slc4a2,940,979,640,659,756,269,626,682,797,679,800,689
ENSMUSG00000046985,Tapt1,2035,2163,1599,1583,1671,947,1330,1633,1805,1595,1640,1532
ENSMUSG00000105519,E430021H15Rik,8,12,6,8,2,4,9,8,4,8,3,3
ENSMUSG00000105503,Gm42982,0,0,0,0,0,0,0,0,0,0,0,0
ENSMUSG00000105149,Gm42983,0,0,0,0,0,0,0,0,0,0,0,0
ENSMUSG00000104784,Gm42984,17,6,2,2,7,2,5,4,10,7,4,10
ENSMUSG00000106394,Gm42698,0,0,0,0,0,0,0,0,0,0,0,0
ENSMUSG00000104541,Gm43114,0,0,0,0,0,0,0,0,0,0,0,0
ENSMUSG00000104923,Gm5865,4,3,3,1,1,1,0,2,2,3,2,0
ENSMUSG00000104800,Gm36017,0,0,0,0,0,0,0,0,0,0,0,0
ENSMUSG00000029550,Sppl3,1383,1536,1182,1189,948,479,1093,1180,1211,1099,938,918
ENSMUSG00000107054,C730045M19Rik,3,3,2,0,0,0,1,3,0,2,4,1
ENSMUSG00000086167,Gm13827,1,0,0,0,0,0,1,0,0,0,0,1
ENSMUSG00000072693,Gm10401,1,0,0,0,0,0,1,1,1,0,0,0
ENSMUSG00000072692,Rpl37rt,59,103,64,95,102,168,110,96,76,80,88,65
ENSMUSG00000029545,Acads,369,444,289,326,327,113,337,386,423,300,315,315
ENSMUSG00000046562,Unc119b,1297,1421,1122,1123,1230,331,1122,1145,1414,1215,1049,1079
ENSMUSG00000048578,Mlec,5922,6022,5413,5240,6283,3514,4978,6142,5376,4490,5583,5013
ENSMUSG00000103500,Gm38373,0,0,0,0,0,0,0,0,0,0,0,0
ENSMUSG00002075259,#N/A,0,0,0,0,0,0,0,0,0,0,0,0
ENSMUSG00000106097,Gm42625,0,0,0,0,0,0,0,0,0,0,0,0
ENSMUSG00000058905,Gm10051,0,0,0,2,0,1,0,0,2,1,1,1
ENSMUSG00000106172,Gm17979,0,0,0,0,0,0,0,0,0,0,0,0
ENSMUSG00000105227,Gm36667,0,0,0,0,0,0,0,0,0,0,0,0
ENSMUSG00000039706,Ldb2,0,0,0,0,0,1,0,0,0,0,0,0
ENSMUSG00000106067,Gm7902,0,0,0,3,2,1,0,0,0,0,0,0
ENSMUSG00000104893,Gm2404,3,0,0,1,2,0,1,1,1,0,2,1
ENSMUSG00000028959,Fastk,1395,1456,1119,1150,1513,451,1063,1176,1368,1172,1552,1459
ENSMUSG00000106800,1700030N18Rik,0,0,0,0,0,2,0,0,0,0,0,0
ENSMUSG00000087344,Gm15627,0,0,0,0,0,0,0,0,0,0,0,0
ENSMUSG00000105282,Gm42981,0,0,0,0,0,3,0,0,0,0,0,0
ENSMUSG00000105136,8030487O14Rik,0,0,0,0,0,0,0,0,0,0,0,0
ENSMUSG00000106332,Gm43506,0,0,0,0,0,1,0,0,0,0,0,0
ENSMUSG00000105648,Gm43505,0,0,0,0,0,0,0,0,0,0,0,0
ENSMUSG00000088696,Gm22333,0,0,0,0,0,0,0,0,0,0,0,0
ENSMUSG00000105861,Gm43508,0,0,0,1,0,0,0,0,0,0,0,0
ENSMUSG00000104894,Gm43507,0,0,0,0,0,0,0,0,0,0,0,0
ENSMUSG00000104990,Gm43504,1,0,0,0,0,0,0,0,0,0,0,0
ENSMUSG00000105347,Gm43503,0,0,0,0,1,0,0,0,0,0,0,0
ENSMUSG00000105224,Gm3364,0,0,0,0,0,0,0,0,0,0,0,0
ENSMUSG00000104851,E030026E10Rik,0,0,0,0,0,0,1,0,0,0,0,0
ENSMUSG00000106603,Gm43509,0,0,0,0,0,0,0,0,0,0,0,0
ENSMUSG00000106656,Gm42750,0,0,0,0,0,0,0,0,0,0,0,0
ENSMUSG00000015944,Castor2,158,176,147,141,152,64,164,174,129,123,142,147
ENSMUSG00000062496,4930431F12Rik,0,0,0,0,0,0,0,0,0,0,0,0
ENSMUSG00000067331,Gm10205,0,0,0,0,0,0,0,0,0,0,0,0
ENSMUSG00000029544,Cabp1,5,6,7,14,3,4,7,3,2,0,3,0
ENSMUSG00000083182,Gm13828,0,0,0,0,0,0,0,0,0,0,0,0
ENSMUSG00000028958,Tmub1,443,408,255,300,375,133,310,348,455,419,394,347
ENSMUSG00000105858,2310074N15Rik,2,3,4,2,3,3,2,2,3,3,3,6
ENSMUSG00000029092,D5Ertd615e,0,0,0,0,0,0,1,0,0,0,0,0
ENSMUSG00000104190,Gm10472,0,5,1,0,1,1,1,1,0,1,0,0
ENSMUSG00000104781,Gm43303,0,0,0,0,0,1,0,1,0,0,0,0
ENSMUSG00000105247,Gm42519,0,0,0,0,0,0,0,0,1,0,0,0
ENSMUSG00000060152,Pop5,779,938,730,838,908,558,845,746,914,720,845,815
ENSMUSG00000023353,Agap3,1652,1623,1307,1344,1428,530,1248,1480,1547,1430,1386,1468
ENSMUSG00000067724,Gbx1,1,0,0,0,0,0,0,0,0,1,0,0
ENSMUSG00000038204,Asb10,0,0,0,1,0,0,0,0,0,0,0,0
ENSMUSG00000015806,Qdpr,1369,1473,1278,1373,1464,515,1387,1262,1503,1265,1477,1435
ENSMUSG00000105255,Gm42413,1,0,0,0,0,0,0,0,2,0,3,0
ENSMUSG00000049530,Clrn2,0,0,0,0,0,0,0,0,0,0,0,1
ENSMUSG00000038199,Iqca1l,0,0,0,0,0,1,0,0,0,1,0,0
ENSMUSG00000060961,Slc4a4,124,129,103,121,90,71,85,94,66,58,63,59
ENSMUSG00000028953,Abcf2,5918,6262,4716,4939,5168,2778,4184,5240,5804,5189,5312,4887
ENSMUSG00000067719,Gm10221,0,0,0,0,0,0,0,0,0,0,0,0
ENSMUSG00000039682,Lap3,3785,4233,3018,3301,3454,1919,2716,3018,3948,3557,3377,3197
ENSMUSG00000038181,Chpf2,1672,1814,1509,1439,1143,242,1267,1335,1381,1299,971,993
ENSMUSG00000015804,Med28,1179,1384,982,1127,1158,421,1149,989,1267,1117,1056,1034
ENSMUSG00000035540,Gc,0,0,0,1,0,0,0,0,0,0,0,0
ENSMUSG00000106534,Gm6366,4,4,2,2,1,1,1,0,5,1,2,3
ENSMUSG00000104715,Gm43515,0,0,0,0,0,0,0,0,0,0,0,0
ENSMUSG00000035528,Npffr2,0,0,0,0,0,0,0,0,0,0,0,0
ENSMUSG00000015879,Fam184b,1,6,3,7,7,5,4,4,9,4,7,6
ENSMUSG00000105745,Gm42521,1,2,3,2,2,2,2,2,3,1,0,0
ENSMUSG00000104837,Gm42520,0,0,0,0,0,0,0,0,0,0,0,0
ENSMUSG00000097825,9630001P10Rik,0,0,1,0,0,1,0,0,0,0,0,1
ENSMUSG00000105634,Gm43367,0,0,0,0,0,0,0,0,0,0,0,0
ENSMUSG00000104665,Gm43366,0,0,0,0,0,0,0,0,0,0,0,0
ENSMUSG00000104986,1600023N17Rik,3,2,3,0,6,7,5,1,1,0,5,3
ENSMUSG00000028949,Smarcd3,0,0,2,5,3,3,5,5,5,1,2,2
ENSMUSG00000076387,Mir671,0,0,0,0,0,0,0,0,0,0,0,0
ENSMUSG00000041740,Rnf10,5878,6071,4466,4740,4512,1743,4078,4947,5215,4562,4156,3845
ENSMUSG00000038165,1700022A21Rik,0,0,0,0,0,0,0,0,0,0,0,0
ENSMUSG00000083875,Gm13831,2,0,0,1,1,1,1,0,1,0,1,0
ENSMUSG00000015880,Ncapg,577,597,701,648,1227,900,715,867,524,484,895,816
ENSMUSG00000041733,Coq5,592,586,452,488,585,358,455,495,553,533,574,580
ENSMUSG00000043635,Adamts3,20,29,23,19,14,22,16,31,18,31,10,6
ENSMUSG00000082610,Gm13829,0,1,0,0,0,0,2,0,0,0,0,0
ENSMUSG00002075998,#N/A,0,0,0,0,0,0,0,0,0,0,0,0
ENSMUSG00000077175,Gm25758,0,0,0,0,0,0,0,0,0,0,0,0
ENSMUSG00000043618,Eif5al3-ps,15,4,5,6,10,2,8,6,18,12,8,15
ENSMUSG00000009013,Dynll1,1509,1916,1285,1401,2083,903,1763,1560,1821,1531,1788,1879
ENSMUSG00000086368,Gm13830,1,4,5,4,9,6,6,5,5,7,9,12
ENSMUSG00000028954,Nub1,1678,1892,1548,1632,1298,862,1588,1844,1506,1460,1388,1316
ENSMUSG00000097275,Gm26648,0,2,0,1,3,0,1,1,1,2,0,0
ENSMUSG00000055235,Wdr86,0,0,0,0,0,0,0,0,1,0,0,0
ENSMUSG00000038135,Crygn,0,2,1,3,2,0,4,4,2,1,0,0
ENSMUSG00000035505,Cox18,458,440,382,385,362,171,391,351,416,385,353,363
ENSMUSG00000028945,Rheb,1508,1855,1429,1507,1431,896,1435,1407,1618,1423,1361,1309
ENSMUSG00002074913,#N/A,1,2,1,0,0,0,0,1,0,0,0,1
ENSMUSG00000015882,Lcorl,365,361,291,258,319,293,159,278,269,329,404,382
ENSMUSG00000104342,Gm36401,12,18,8,8,15,26,16,13,13,13,9,21
ENSMUSG00000104852,Gm43201,8,7,8,7,0,7,3,6,5,7,7,7
ENSMUSG00000101587,Gm29036,7,4,6,7,0,2,1,4,4,3,8,4
ENSMUSG00000105457,Gm43200,8,4,2,5,1,4,1,1,3,4,5,0
ENSMUSG00000105459,4930449I04Rik,0,0,0,0,0,0,0,0,1,0,0,0
ENSMUSG00000106602,4930405L22Rik,0,0,0,0,0,0,0,0,0,0,0,0
ENSMUSG00000067321,Gm7931,0,0,0,0,0,0,0,0,0,0,0,0
ENSMUSG00000106875,Gm43093,0,0,0,0,0,1,0,0,0,0,0,0
ENSMUSG00000107113,Gm43092,0,0,0,0,0,0,0,0,0,0,0,0
ENSMUSG00000104660,Gm43601,0,0,0,0,0,0,0,0,0,0,0,0
ENSMUSG00000106402,Gm17824,0,0,0,1,0,0,0,0,0,0,0,0
ENSMUSG00000105616,Gm3010,0,0,0,0,0,0,0,0,0,0,0,0
ENSMUSG00000105994,Gm43427,0,0,0,0,0,0,0,0,0,0,0,0
ENSMUSG00000029524,Sirt4,63,85,62,61,94,37,64,70,61,66,93,88
ENSMUSG00000119520,#N/A,0,0,0,2,0,1,0,2,0,0,0,2
ENSMUSG00000119132,#N/A,1,0,0,1,1,1,3,2,0,0,0,0
ENSMUSG00000081282,Gm13836,0,0,0,0,0,0,0,0,0,0,0,0
ENSMUSG00000028944,Prkag2,503,548,402,367,453,318,408,459,464,418,527,468
ENSMUSG00000087314,Prkag2os2,0,0,0,0,0,0,0,0,0,0,0,0
ENSMUSG00000086446,Prkag2os1,0,0,0,0,0,0,0,0,0,0,0,0
ENSMUSG00000059631,1500035N22Rik,0,0,0,0,0,0,0,0,0,0,0,0
ENSMUSG00000043833,2900005J15Rik,43,38,41,33,54,21,25,41,33,45,77,84
ENSMUSG00000105763,Gm19088,0,0,0,0,0,0,0,0,0,0,0,0
ENSMUSG00002076426,#N/A,0,0,0,0,0,0,0,0,0,0,0,0
ENSMUSG00000028938,Galntl5,0,0,0,0,0,0,0,0,0,0,0,0
ENSMUSG00002074973,#N/A,0,0,0,0,0,0,0,0,0,0,0,0
ENSMUSG00000029528,Pxn,2163,2289,1577,1708,1515,611,1318,1795,1929,1866,1620,1445
ENSMUSG00000086849,Gm13840,5,9,10,8,11,3,2,7,9,10,5,8
ENSMUSG00000055204,Ankrd17,7738,7553,6172,5820,5552,5155,4709,6394,6927,6718,6623,5777
ENSMUSG00000054945,Gm9958,16,13,10,14,16,13,19,8,9,15,30,37
ENSMUSG00000106725,Gm43363,0,0,0,0,0,2,0,0,0,0,0,0
ENSMUSG00000038072,Galnt11,386,394,297,284,236,148,195,277,350,324,322,362
ENSMUSG00000054116,E130116L18Rik,0,0,0,0,0,0,0,0,4,0,0,0
ENSMUSG00000067274,Rplp0,28624,33381,22628,25164,23421,9027,24230,24237,28724,25387,20924,21100
ENSMUSG00000029368,Alb,0,0,0,0,0,0,0,0,0,0,0,0
ENSMUSG00000054932,Afp,37,40,41,40,17,9,38,26,21,25,21,30
ENSMUSG00000106788,Gm43449,0,0,0,0,0,0,0,0,0,0,0,0
ENSMUSG00000029369,Afm,0,0,0,0,0,0,0,0,0,0,0,0
ENSMUSG00000106863,Gm42109,0,0,0,0,0,0,0,0,0,0,0,0
ENSMUSG00000106705,Gm2602,0,0,0,0,0,0,0,0,0,0,0,0
ENSMUSG00000041638,Gcn1,6346,6868,5478,5666,5422,1896,3472,5394,5249,5416,5128,5318
ENSMUSG00000070690,Albfm1,0,0,0,0,0,0,1,0,0,0,1,0
ENSMUSG00000099047,Mir7029,0,0,1,1,1,0,0,2,0,0,0,1
ENSMUSG00000107121,1110006O24Rik,7,8,13,7,9,4,10,8,13,10,9,15
ENSMUSG00000029518,Rab35,1876,1861,1398,1504,1584,723,1482,1612,1760,1564,1636,1602
ENSMUSG00000099254,Mir7030,3,1,1,0,3,5,3,3,4,0,1,3
ENSMUSG00000031558,Slit2,1,0,0,1,1,4,0,0,0,0,0,0
ENSMUSG00000092309,4930518C09Rik,0,0,0,0,0,0,0,0,0,0,0,0
ENSMUSG00000092559,Gm20475,0,0,0,0,0,0,0,0,0,0,0,0
ENSMUSG00000106214,Gm43426,0,0,0,0,0,0,0,0,0,0,0,0
ENSMUSG00000105502,Gm42536,0,0,0,0,0,0,0,0,0,0,0,0
ENSMUSG00000105184,Gm42537,0,0,0,0,0,2,0,0,0,0,0,0
ENSMUSG00000065603,Mir218-1,0,0,0,0,0,0,0,0,0,0,0,0
ENSMUSG00000105086,Gm42534,0,0,0,0,0,0,0,0,0,0,0,0
ENSMUSG00000106604,Gm42535,4,9,5,5,3,55,9,9,5,3,12,3
ENSMUSG00000029370,Rassf6,0,2,0,3,1,1,0,0,0,0,0,0
ENSMUSG00000107072,Gm43090,0,0,0,0,0,0,0,0,0,0,0,0
ENSMUSG00000029371,Cxcl5,0,0,0,1,1,1,0,0,0,0,0,1
ENSMUSG00000029372,Ppbp,0,0,0,0,1,2,0,0,2,1,0,0
ENSMUSG00000041609,Bicdl1,1629,1756,1666,1733,1396,600,1541,1834,1676,1620,1175,1076
ENSMUSG00000029373,Pf4,0,0,1,0,1,1,0,0,0,0,0,0
ENSMUSG00000083833,Gm13841,1,0,0,1,2,0,0,0,0,0,1,0
ENSMUSG00000029379,Cxcl3,2,10,7,13,34,13,15,8,9,3,6,5
ENSMUSG00000029375,Cxcl15,0,0,0,0,0,1,0,0,0,0,0,0
ENSMUSG00002076065,#N/A,0,0,0,0,0,0,0,0,0,0,0,0
ENSMUSG00000106957,Gm43085,0,0,0,0,0,0,2,0,0,0,0,0
ENSMUSG00000107044,Gm43086,0,0,0,0,0,0,0,0,0,0,0,0
ENSMUSG00000029089,5730480H06Rik,299,325,256,234,246,185,233,250,273,283,273,258
ENSMUSG00000029380,Cxcl1,1,0,0,0,0,2,0,0,0,0,0,0
ENSMUSG00002075252,#N/A,0,0,0,0,0,0,0,0,0,0,0,0
ENSMUSG00000058427,Cxcl2,13,18,11,14,25,6,17,18,11,6,6,5
ENSMUSG00000107218,Gm42530,0,0,0,0,0,0,0,0,0,0,0,0
ENSMUSG00000038056,Kmt2c,1461,1373,1108,973,1057,875,728,1400,1197,1169,1454,1330
ENSMUSG00000029376,Mthfd2l,60,60,41,32,33,32,35,41,52,63,48,42
ENSMUSG00000106457,Gm42585,0,0,0,0,0,0,0,0,0,0,0,0
ENSMUSG00000092344,Hspe1-ps3,10,3,3,5,5,3,3,3,8,12,4,13
ENSMUSG00000092181,Gm20432,1,0,0,0,0,0,0,0,0,0,0,0
ENSMUSG00000092510,Gm18343,0,0,0,0,0,0,0,0,0,0,0,0
ENSMUSG00000077387,Gm22656,1,0,0,0,0,0,0,0,0,0,0,1
ENSMUSG00000038044,Cct8l1,0,0,0,0,0,1,0,0,0,0,0,0
ENSMUSG00000035020,Epgn,0,4,0,0,1,1,1,0,0,0,1,1
ENSMUSG00000101856,1700096K18Rik,15,15,15,16,14,9,10,14,15,12,16,13
ENSMUSG00000107350,Gm19610,0,0,0,0,0,0,0,0,0,0,0,0
ENSMUSG00000105744,Gm43141,0,0,0,0,0,0,0,0,0,0,0,0
ENSMUSG00000059244,Gm10062,1,1,0,0,0,1,3,1,3,3,1,2
ENSMUSG00000106144,Gm43972,0,0,0,0,0,0,0,0,0,0,0,0
ENSMUSG00000106241,Gm43143,22,13,10,12,20,17,11,18,13,20,12,21
ENSMUSG00000029377,Ereg,0,0,0,0,0,0,0,0,0,0,0,0
ENSMUSG00000028933,Xrcc2,265,266,253,242,305,158,238,306,229,231,318,282
ENSMUSG00000104549,Gm43142,0,0,0,0,0,0,0,0,0,0,1,0
ENSMUSG00000029378,Areg,21,27,32,44,49,31,38,24,16,18,8,8
ENSMUSG00000119278,#N/A,0,0,0,0,0,0,0,0,0,0,0,0
ENSMUSG00000107198,Gm19619,0,3,0,0,0,0,0,0,0,0,0,0
ENSMUSG00000082361,Btc,2,1,2,0,2,0,6,2,4,0,0,1
ENSMUSG00000034981,Parm1,3,2,1,2,3,3,3,5,2,2,1,2
ENSMUSG00000107261,Trmt112-ps1,0,0,0,0,0,0,0,0,0,0,0,0
ENSMUSG00000106917,Gm7832,17,57,37,43,38,133,55,71,15,13,62,5
ENSMUSG00000099468,Gm28271,0,0,0,0,0,0,0,0,0,0,0,0
ENSMUSG00000029088,Kcnip4,0,0,0,0,0,1,0,0,0,0,0,0
ENSMUSG00000105653,Gm43831,0,0,0,0,1,1,0,0,0,0,0,0
ENSMUSG00000093502,Gm20700,0,0,0,0,0,0,0,0,0,0,0,0
ENSMUSG00000105574,Gm43648,0,0,0,0,0,0,0,0,0,0,1,0
ENSMUSG00000093748,Gm19031,0,0,0,0,1,0,0,0,0,0,0,0
ENSMUSG00000105530,Gm43829,0,0,0,0,0,0,0,0,0,0,0,0
ENSMUSG00000105454,Gm43830,0,0,0,0,0,0,0,0,0,0,0,0
ENSMUSG00000105958,Gm43319,0,0,0,0,0,0,0,0,0,0,0,0
ENSMUSG00000106404,Gm42919,0,0,0,0,0,0,0,0,0,0,0,0
ENSMUSG00000106408,Gm43321,0,0,0,0,0,0,0,0,0,0,0,1
ENSMUSG00000106414,Gm43320,0,0,0,0,0,0,0,0,0,0,0,0
ENSMUSG00000101978,1700063O14Rik,0,0,0,0,0,0,0,0,0,0,0,0
ENSMUSG00000106712,Gm19649,0,0,0,0,0,0,0,0,0,0,0,0
ENSMUSG00000057577,Gm10025,0,0,0,0,0,0,0,0,0,0,0,0
ENSMUSG00000107337,Gm43596,0,0,0,0,0,0,0,0,0,0,0,0
ENSMUSG00000096726,Gm5558,5,6,7,5,7,1,3,7,2,9,3,2
ENSMUSG00000103544,Gm10048,1,0,0,0,0,0,0,0,0,0,0,0
ENSMUSG00000107301,Gm43688,0,1,2,0,0,0,0,0,0,0,0,0
ENSMUSG00000105974,Gm43318,0,0,0,0,0,0,0,0,0,0,0,0
ENSMUSG00000105791,Gm43341,0,0,0,0,0,0,0,0,0,0,0,0
ENSMUSG00000106469,C030015E24Rik,0,0,0,0,0,0,0,0,0,0,0,0
ENSMUSG00000104655,Gm43317,0,0,0,0,0,0,0,0,0,0,0,0
ENSMUSG00000105332,Gm43316,0,0,0,0,0,0,0,0,0,0,0,0
ENSMUSG00000104929,Gm42766,0,0,0,0,0,1,0,0,0,0,0,0
ENSMUSG00000056367,Actr3b,27,40,35,40,32,22,49,26,30,25,50,40
ENSMUSG00000106244,Gm43046,0,0,0,0,0,0,0,0,0,0,0,0
ENSMUSG00000105620,Gm43047,0,0,0,0,0,0,0,0,0,0,0,0
ENSMUSG00000104562,Gm42767,0,0,0,0,0,0,0,0,0,0,0,0
ENSMUSG00000104661,Gm42768,0,0,0,0,0,0,0,0,0,0,0,0
ENSMUSG00000105922,Gm42769,0,0,0,0,0,0,0,0,0,0,0,0
ENSMUSG00000105983,Gm42770,0,0,0,0,0,1,0,0,0,0,0,0
ENSMUSG00000105828,Gm43048,0,0,0,0,0,0,0,0,0,0,0,0
ENSMUSG00000106579,Gm42771,0,0,0,0,0,0,0,0,0,0,0,0
ENSMUSG00000105700,Gm42772,0,0,0,0,0,0,0,0,0,0,1,0
ENSMUSG00000093490,Gm19932,0,0,0,0,0,0,0,0,0,0,0,0
ENSMUSG00000106539,Gm43670,0,0,0,0,0,0,0,0,0,0,1,0
ENSMUSG00000105771,2900064K03Rik,0,0,0,0,0,3,0,0,0,0,0,0
ENSMUSG00000083477,Gm5555,3,3,2,3,4,2,7,6,5,2,4,2
ENSMUSG00000105540,Gm7988,0,0,0,0,0,0,0,0,0,0,0,0
ENSMUSG00000104634,Gm42461,0,0,0,0,0,0,0,0,0,0,0,0
ENSMUSG00000105052,Gm21655,0,0,0,0,0,0,0,0,0,0,0,0
ENSMUSG00000104824,Gm21663,0,0,0,0,0,0,0,0,0,0,0,0
ENSMUSG00000095550,Gm21671,0,0,0,0,0,0,0,0,0,0,0,0
ENSMUSG00000104651,Gm21168,0,0,0,0,0,0,0,0,0,0,0,0
ENSMUSG00000106627,Gm21680,0,0,0,0,0,0,0,0,0,0,0,0
ENSMUSG00000029397,Rchy1,639,757,535,611,514,292,524,554,577,513,461,460
ENSMUSG00000107200,Gm43039,23,25,25,22,17,12,20,19,15,25,10,18
ENSMUSG00000102644,Thap6,151,151,190,159,141,90,144,133,126,102,100,94
ENSMUSG00002075701,#N/A,0,0,0,0,0,0,0,0,0,0,0,0
ENSMUSG00000096035,Odaph,78,102,94,120,23,16,48,69,45,38,6,13
ENSMUSG00000029090,Adgra3,87,92,54,46,102,52,64,63,71,66,82,82
ENSMUSG00000096045,Gm21698,0,0,0,0,0,0,0,0,0,0,0,0
ENSMUSG00000106430,Gm42460,0,0,0,0,0,0,0,0,0,0,0,1
ENSMUSG00000104870,4930448I18Rik,0,0,0,0,0,0,0,0,0,0,0,0
ENSMUSG00000105020,Gm7205,0,0,0,0,0,0,0,0,0,0,0,0
ENSMUSG00000099124,Mir8117,0,0,0,0,0,0,0,0,0,0,0,0
ENSMUSG00000119176,#N/A,0,0,0,0,0,0,0,0,0,0,0,0
ENSMUSG00000105423,Gm36814,0,0,0,0,0,1,0,0,0,0,0,0
ENSMUSG00000106345,Gm42459,0,0,0,0,0,0,0,0,0,0,0,0
ENSMUSG00000105320,Gm43016,0,0,0,0,0,0,0,0,0,0,0,0
ENSMUSG00000106038,Gm4962,0,0,0,0,0,0,0,0,0,1,0,0
ENSMUSG00000105931,Gm43014,0,0,0,0,0,0,0,0,0,0,0,0
ENSMUSG00000105273,Gm43015,0,0,0,0,0,0,0,0,0,0,1,0
ENSMUSG00000106267,Gm40319,0,3,0,0,1,1,2,0,4,0,1,0
ENSMUSG00002076511,#N/A,0,0,0,0,0,0,0,0,0,0,0,0
ENSMUSG00000091049,Gm1979,0,0,0,0,0,0,0,0,0,0,0,0
ENSMUSG00000090671,Gm5067,0,0,0,0,2,0,1,0,0,0,0,1
ENSMUSG00000067700,Gm5862,0,0,0,0,0,0,0,0,0,0,0,0
ENSMUSG00000073119,Speer4a,0,0,0,0,0,0,0,0,0,0,0,0
ENSMUSG00000073117,Gm7347,0,0,0,0,0,0,0,0,0,0,0,0
ENSMUSG00000105422,Gm6089,1,0,1,0,0,0,0,1,0,0,3,0
ENSMUSG00000073116,Gm10471,0,0,0,0,0,0,0,0,0,0,0,0
ENSMUSG00000051940,5031410I06Rik,0,0,0,0,0,0,0,0,0,0,0,0
ENSMUSG00000067698,Gm10220,0,0,0,0,0,0,0,0,0,0,0,0
ENSMUSG00000059645,Gm7361,0,0,0,0,0,0,0,0,0,0,0,0
ENSMUSG00000105786,Gm18957,0,0,0,0,0,0,0,0,0,0,0,0
ENSMUSG00000029044,4930584F24Rik,0,0,0,0,0,0,0,0,0,0,0,0
ENSMUSG00000105491,Gm42844,0,0,0,0,0,0,0,0,0,0,0,0
ENSMUSG00000029167,Ppargc1a,0,0,0,0,3,7,2,0,0,0,0,0
ENSMUSG00000105442,Gm42614,0,0,0,0,0,0,0,0,0,0,0,0
ENSMUSG00000105622,Gm42615,0,0,0,0,0,0,0,0,0,0,0,0
ENSMUSG00000106575,Gm42613,0,0,0,0,0,0,0,0,0,0,0,0
ENSMUSG00000105762,Gm43605,0,0,0,0,0,3,0,0,0,0,0,0
ENSMUSG00000105663,Gm43606,0,0,0,0,0,0,0,0,0,0,0,0
ENSMUSG00000106010,Gm42616,1,0,0,0,0,0,0,0,0,0,0,0
ENSMUSG00000104919,Gm42617,0,0,0,0,0,0,0,0,0,0,0,0
ENSMUSG00000105942,Gm43175,0,0,0,0,0,1,0,0,0,0,0,0
ENSMUSG00000106292,Gm43174,0,0,0,0,0,0,0,0,0,0,0,0
ENSMUSG00000104847,Gm43177,0,1,0,0,0,0,0,0,0,0,0,0
ENSMUSG00000098726,Mir6417,0,0,0,0,0,0,0,0,0,0,0,0
ENSMUSG00000106648,Gm43176,9,2,3,0,2,0,0,6,3,4,4,4
ENSMUSG00000029403,Cdkl2,33,41,50,40,24,21,32,43,31,28,36,30
ENSMUSG00000029169,Dhx15,10581,11513,8608,8436,9456,7510,7122,8922,10118,9581,9781,8997
ENSMUSG00000106607,Gm43178,1,0,2,0,0,1,2,2,2,1,0,7
ENSMUSG00000097145,9230114K14Rik,17,15,34,28,18,20,23,19,28,25,30,22
ENSMUSG00000106464,C130083M11Rik,0,0,0,0,0,0,0,0,0,0,0,0
ENSMUSG00000105328,Gm43180,0,1,0,0,0,8,0,1,0,0,1,1
ENSMUSG00000104751,Gm43179,0,0,0,0,0,0,0,0,0,0,0,0
ENSMUSG00002075892,#N/A,0,0,0,0,0,0,0,0,0,0,0,0
ENSMUSG00000072941,Sod3,0,0,0,0,0,2,0,0,0,0,0,0
ENSMUSG00000045790,Ccdc149,1,0,0,0,0,0,0,0,0,0,1,0
ENSMUSG00000106380,Gm3519,0,0,0,0,0,0,0,0,0,0,0,0
ENSMUSG00000039252,Lgi2,1,0,1,2,0,0,2,1,0,0,0,0
ENSMUSG00000104829,Gm43685,0,0,0,0,0,0,0,0,0,0,0,0
ENSMUSG00000104974,Gm43686,0,0,0,0,0,1,0,1,0,0,0,0
ENSMUSG00000095078,Gm5866,4,0,0,1,0,0,0,0,0,0,0,0
ENSMUSG00000061576,Dpp6,0,0,0,0,0,0,0,0,0,0,0,0
ENSMUSG00000052295,8030423F21Rik,0,0,0,0,0,0,0,0,0,0,0,0
ENSMUSG00000104733,Gm29784,0,0,0,0,0,0,0,0,0,0,0,0
ENSMUSG00000080941,Gm16056,0,0,0,0,0,0,0,0,0,0,0,0
ENSMUSG00000081970,Gm16057,0,0,0,0,0,1,0,0,0,0,0,0
ENSMUSG00000105946,Gm43776,0,0,0,0,0,0,0,0,0,0,0,0
ENSMUSG00000106537,Gm43502,0,0,0,0,0,0,0,0,0,0,0,0
ENSMUSG00000029516,Cit,314,320,364,343,501,372,362,505,304,246,463,436
ENSMUSG00000048703,Speer4b,0,0,0,0,0,0,0,0,0,0,0,0
ENSMUSG00000086505,Gm16058,0,0,0,0,0,0,0,0,0,0,0,0
ENSMUSG00000029173,Sepsecs,569,674,497,469,462,226,375,454,551,479,481,451
ENSMUSG00000106869,Gm42473,1,0,1,0,1,0,0,1,0,0,0,0
ENSMUSG00000107263,Gm42471,1,0,1,0,1,4,0,1,0,1,3,2
ENSMUSG00000085376,Gm14508,1,0,0,1,0,0,1,0,0,0,1,0
ENSMUSG00000002221,Paxip1,2674,2732,2370,2284,2511,1808,2154,2815,2535,2257,2418,2184
ENSMUSG00000105223,Gm43433,0,0,0,0,0,0,0,0,0,0,0,0
ENSMUSG00000105375,Gm20239,0,0,0,0,0,0,0,0,0,0,0,0
ENSMUSG00000039106,Htr5a,0,0,0,0,0,1,0,0,0,0,0,0
ENSMUSG00000104882,Gm43096,0,1,0,0,0,0,0,0,0,0,1,1
ENSMUSG00000106390,Gm5551,4,1,2,8,7,2,8,4,1,1,4,7
ENSMUSG00000118586,AC156021.1,0,0,0,0,0,0,0,0,0,0,0,0
ENSMUSG00000104777,Gm4865,0,1,0,1,0,0,1,2,1,0,2,0
ENSMUSG00000097673,Gm26608,0,0,0,0,0,1,1,0,1,1,1,0
ENSMUSG00000106030,Gm43611,0,0,0,0,0,2,0,0,0,0,0,0
ENSMUSG00000045294,Insig1,1374,1466,1318,1466,696,345,970,1227,1304,1198,635,617
ENSMUSG00000029186,Pi4k2b,273,310,261,241,225,154,231,297,247,202,245,212
ENSMUSG00000039095,En2,2,1,2,3,1,2,0,1,5,4,5,2
ENSMUSG00000029405,G3bp2,5878,5787,4756,4639,4204,3302,4363,5046,5638,5264,4896,4414
ENSMUSG00000106160,Gm43610,0,0,0,0,0,0,0,0,0,0,0,0
ENSMUSG00000088712,Gm22728,2,2,1,5,3,0,5,1,2,2,2,2
ENSMUSG00002075648,#N/A,0,2,0,0,0,0,0,0,0,0,0,0
ENSMUSG00000029513,Prkab1,821,842,574,616,638,442,692,712,717,614,732,641
ENSMUSG00000044681,Cnpy1,0,0,0,0,0,3,0,0,0,0,0,0
ENSMUSG00000084992,Gm13842,2,9,1,1,4,3,8,6,6,10,1,3
ENSMUSG00000090728,Gm17420,0,0,0,0,0,0,0,0,0,0,0,0
ENSMUSG00000079278,Tmem233,0,0,0,0,0,0,0,0,0,0,0,0
ENSMUSG00000086655,C330018A13Rik,0,0,0,0,0,0,0,0,0,0,0,0
ENSMUSG00000043913,Ccdc60,0,0,0,0,0,0,0,0,0,0,0,0
ENSMUSG00000086122,Gm14507,0,0,0,0,0,4,0,0,0,0,0,0
ENSMUSG00000086055,Gm13837,0,0,0,0,0,0,0,0,0,0,0,0
ENSMUSG00000087124,Gm13839,0,0,0,0,0,0,0,0,0,0,0,0
ENSMUSG00000084921,Gm13838,0,0,0,0,0,0,0,0,0,0,0,0
ENSMUSG00000086715,B230112J18Rik,0,0,0,0,0,0,0,0,0,0,0,0
ENSMUSG00000106766,4933424N20Rik,0,0,0,0,0,0,0,0,0,0,0,0
ENSMUSG00000086945,4930562A09Rik,0,0,0,0,0,0,0,0,0,0,0,0
ENSMUSG00000029179,Zcchc4,503,591,457,498,445,307,409,452,497,445,485,464
ENSMUSG00000041548,Hspb8,0,0,0,0,0,0,0,0,0,0,0,0
ENSMUSG00000086219,Srrm4os,0,0,0,0,1,1,0,0,0,0,0,0
ENSMUSG00000048271,Rbm33,1829,1914,1722,1595,1504,1249,1349,1844,1715,1528,1453,1385
ENSMUSG00000029407,Uso1,2857,3211,2279,2305,2129,1654,1744,2283,2486,2201,2177,2049
ENSMUSG00000002633,Shh,0,0,0,1,1,1,0,0,0,0,0,0
ENSMUSG00000063919,Srrm4,0,0,0,0,1,11,0,0,0,0,4,1
ENSMUSG00000084111,Gm15710,3,3,0,2,3,0,0,0,2,2,0,2
ENSMUSG00000107354,Gm43040,0,0,0,0,0,0,1,0,0,0,0,0
ENSMUSG00000084745,Gm25290,0,1,0,1,0,0,2,0,0,0,0,0
ENSMUSG00000107021,Gm42853,0,0,0,0,0,0,0,0,1,0,0,0
ENSMUSG00000107172,4933430H06Rik,0,0,0,0,0,1,0,0,0,0,0,0
ENSMUSG00000097726,9530036O11Rik,0,0,0,0,0,0,0,0,0,0,0,0
ENSMUSG00000105775,Gm10290,4,2,5,1,2,1,2,5,5,2,3,2
ENSMUSG00000104587,Gm43161,0,0,0,0,0,0,0,0,0,0,0,0
ENSMUSG00000106914,Gm42854,0,0,0,0,0,0,0,0,0,0,0,0
ENSMUSG00000107369,Gstm2-ps1,0,0,0,0,0,0,0,0,0,0,0,0
ENSMUSG00000029409,U90926,0,0,0,0,0,0,0,0,0,0,0,0
ENSMUSG00000106909,Gm43122,0,0,0,0,0,0,0,0,0,0,0,0
ENSMUSG00000107237,Gm29926,0,0,0,0,0,0,0,0,0,0,0,0
ENSMUSG00000041512,4930569F06Rik,0,0,0,0,0,0,0,0,0,0,0,0
ENSMUSG00000107327,Gm7478,1,1,0,0,1,0,0,0,0,0,0,0
ENSMUSG00000029410,Ppef2,1,0,0,0,0,2,0,1,0,0,0,1
ENSMUSG00000066900,Suds3,1909,1977,1551,1651,1916,1004,1689,1810,2059,1816,1825,1687
ENSMUSG00000086047,9530046B11Rik,0,0,2,0,0,1,0,0,0,0,0,0
ENSMUSG00000029130,Rnf32,1,1,0,0,0,1,0,0,0,0,0,3
ENSMUSG00000089975,Gm7420,2,0,0,0,1,0,0,1,2,0,0,2
ENSMUSG00000029176,Anapc4,1338,1437,1021,1016,1012,792,897,1105,1153,1080,1072,1116
ENSMUSG00000029413,Naaa,16,18,23,15,12,9,25,19,24,14,15,14
ENSMUSG00000105054,Gm43664,0,0,0,0,0,0,0,1,0,0,0,0
ENSMUSG00000077757,Gm23532,0,0,0,0,0,0,0,0,0,0,0,0
ENSMUSG00000106352,5033403H07Rik,0,0,0,0,0,0,0,0,0,0,0,0
ENSMUSG00000106538,Gm30301,0,0,0,0,0,0,0,0,0,0,0,0
ENSMUSG00000029188,Slc34a2,0,0,0,0,0,0,0,1,1,0,0,0
ENSMUSG00000090642,Gm17182,0,0,0,0,0,0,0,0,0,0,0,0
ENSMUSG00000029415,Sdad1,5336,5920,4811,4821,4147,2835,3677,4814,5104,4837,4264,3956
ENSMUSG00000106698,Gm43599,1,0,0,0,1,2,2,1,1,0,3,1
ENSMUSG00000088623,Gm23031,0,0,0,0,0,0,0,0,0,0,0,0
ENSMUSG00000029189,Sel1l3,5,3,3,7,3,2,5,4,6,4,1,3
ENSMUSG00000029417,Cxcl9,6,11,6,4,3,2,3,4,0,6,2,0
ENSMUSG00002076332,#N/A,0,0,0,0,0,0,0,0,0,0,0,0
ENSMUSG00000061461,Smim20,359,420,341,393,382,125,402,311,356,343,311,304
ENSMUSG00000106981,Gm45495,5,20,6,7,7,5,7,13,12,6,5,6
ENSMUSG00002076314,#N/A,0,0,0,0,0,0,0,0,0,0,0,0
ENSMUSG00000106808,Gm42745,0,0,1,0,0,0,0,0,0,0,0,0
ENSMUSG00002075450,#N/A,1,0,0,0,2,0,0,3,0,0,1,0
ENSMUSG00000010721,Lmbr1,27,42,28,14,33,19,30,27,32,36,33,29
ENSMUSG00000105741,C79130,5,9,2,1,6,7,1,8,2,0,6,9
ENSMUSG00002075488,#N/A,0,0,0,0,0,0,0,0,0,0,2,0
ENSMUSG00000097561,4632411P08Rik,0,0,1,1,1,0,0,0,2,0,0,0
ENSMUSG00000001569,Nom1,2920,3173,2463,2560,2531,1574,2338,2659,2957,2739,2737,2506
ENSMUSG00000001566,Mnx1,0,0,0,0,0,0,0,0,0,0,0,0
ENSMUSG00000118780,#N/A,0,0,0,0,0,0,0,0,0,0,0,0
ENSMUSG00000078182,Gm6083,0,0,0,0,0,0,0,0,0,0,0,0
ENSMUSG00000039000,Ube3c,2745,2845,2185,2201,2217,1194,1619,2099,2462,2267,2126,2091
ENSMUSG00000104648,Gm42570,0,0,0,0,0,0,0,0,0,0,0,0
ENSMUSG00002076955,#N/A,0,0,0,0,0,0,0,0,0,0,0,0
ENSMUSG00000105032,Gm43117,0,0,0,0,0,0,0,0,1,0,1,0
ENSMUSG00000053121,Gm5129,4,0,3,6,3,9,1,3,6,6,4,2
ENSMUSG00000061288,Taok3,3451,3392,2168,2151,2020,1922,1901,2419,2568,2394,2411,2150
ENSMUSG00000107225,Gm43637,0,1,1,1,1,3,3,0,1,1,3,1
ENSMUSG00002075044,#N/A,0,0,1,0,0,0,0,0,1,1,0,0
ENSMUSG00000032959,Pebp1,868,1081,708,847,908,307,877,807,878,817,932,865
ENSMUSG00000106829,Gm3786,0,0,0,0,0,0,0,0,0,0,0,0
ENSMUSG00000106714,Gm42546,0,0,0,0,0,0,0,0,0,0,0,0
ENSMUSG00000097163,BC051077,0,0,0,0,0,0,0,0,0,0,0,0
ENSMUSG00000072688,Gm10399,0,1,0,1,1,0,1,0,1,1,0,0
ENSMUSG00000066894,Vsig10,15,23,10,15,23,5,13,25,15,19,8,12
ENSMUSG00000081274,Gm15727,0,0,0,0,0,0,2,0,0,0,0,1
ENSMUSG00000034842,Art3,0,2,0,0,1,1,0,2,1,2,4,1
ENSMUSG00000029364,Wsb2,1638,1830,1268,1456,1065,494,1154,1242,1462,1402,831,839
ENSMUSG00000034855,Cxcl10,108,114,125,104,76,54,179,189,148,117,52,84
ENSMUSG00000060183,Cxcl11,1,0,0,0,0,2,0,6,0,1,0,0
ENSMUSG00000082068,Gm2673,0,0,0,0,0,0,0,0,0,0,0,0
ENSMUSG00000029131,Dnajb6,352,322,292,296,229,175,278,277,281,307,307,255
ENSMUSG00000029363,Rfc5,779,782,742,701,953,517,937,1025,768,650,926,901
ENSMUSG00000106558,Gm5552,0,0,0,0,0,0,0,0,0,1,0,0
ENSMUSG00000105999,Gm2213,0,0,0,0,0,1,0,0,1,1,0,0
ENSMUSG00000086075,Gm15728,3,7,4,3,5,7,2,6,2,6,6,3
ENSMUSG00000106551,Gm1969,0,0,0,0,0,0,0,0,0,0,0,0
ENSMUSG00000105437,Gm42450,0,0,0,0,0,0,0,0,0,0,0,0
ENSMUSG00000105926,Gm43386,0,0,0,0,0,0,0,0,0,0,0,0
ENSMUSG00000105439,A230098N10Rik,0,0,0,0,0,0,0,0,0,0,0,0
ENSMUSG00000034826,Nup54,1571,1784,1500,1507,1475,1057,1263,1449,1545,1441,1427,1340
ENSMUSG00002076272,#N/A,0,0,0,0,0,0,0,0,0,0,0,0
ENSMUSG00000061578,Ksr2,0,0,0,0,1,4,0,0,0,0,1,0
ENSMUSG00000107199,Gm42550,0,0,0,0,0,1,0,0,0,0,0,0
ENSMUSG00000039191,Rbpj,10249,9696,7280,6850,6722,4900,5866,7226,8937,8281,7643,7614
ENSMUSG00000029426,Scarb2,768,842,706,717,615,346,653,807,713,717,611,590
ENSMUSG00000106807,Gm10441,2,2,0,2,5,2,2,0,2,4,1,3
ENSMUSG00000107111,Gm40304,24,15,14,17,5,6,10,6,13,14,18,6
ENSMUSG00000099160,Mir6415,0,0,0,0,0,0,0,0,0,0,0,0
ENSMUSG00000025746,Il6,6,11,10,15,4,2,10,11,11,7,12,3
ENSMUSG00000029193,Cckar,0,0,0,0,0,0,0,0,0,0,0,0
ENSMUSG00000057068,Fam47e,0,0,0,0,0,1,0,0,0,0,0,0
ENSMUSG00000047963,Stbd1,13,16,7,10,7,0,12,16,11,11,9,16
ENSMUSG00000025747,Tyms,446,480,439,395,642,413,526,576,425,314,532,526
ENSMUSG00000104667,Gm4961,0,0,0,0,0,0,0,1,0,0,0,1
ENSMUSG00000086815,3110082J24Rik,0,0,0,0,0,0,0,2,0,0,0,0
ENSMUSG00000044576,Garem2,13,15,10,14,8,10,7,10,12,10,13,19
ENSMUSG00000039178,Tbc1d19,113,88,90,114,85,80,101,112,81,87,96,66
ENSMUSG00000107182,Gm43268,5,2,4,3,2,7,4,5,6,4,3,2
ENSMUSG00000107173,Gm43266,0,1,2,1,0,1,1,0,1,0,0,0
ENSMUSG00000025745,Hadha,2056,2352,1538,1665,1658,931,1554,1717,2129,1841,1869,1657
ENSMUSG00000050050,Ccdc158,0,1,0,1,0,1,2,0,0,2,2,2
ENSMUSG00000039156,Stim2,4364,4285,3688,3557,4163,4167,3022,3895,4447,4122,3845,3730
ENSMUSG00000107105,Gm15820,0,0,0,0,0,0,0,0,0,0,0,0
ENSMUSG00000105912,Gm10440,0,0,0,0,0,0,0,0,0,0,0,0
ENSMUSG00000106529,Gm18451,0,0,0,0,0,0,0,0,0,0,0,0
ENSMUSG00000105143,Gm8069,4,3,3,4,9,1,7,3,5,7,6,3
ENSMUSG00000106126,Gm43781,0,0,0,0,0,4,0,0,0,0,0,0
ENSMUSG00000077507,Gm24235,0,0,0,0,0,0,0,0,0,0,0,0
ENSMUSG00000106113,Gm43779,0,0,0,0,0,0,0,0,0,0,0,0
ENSMUSG00000065795,Gm25513,0,0,0,0,0,0,0,0,0,0,0,0
ENSMUSG00000105702,Gm43780,0,0,0,0,0,0,0,0,0,0,0,0
ENSMUSG00000105384,Gm43396,0,0,0,1,0,0,0,0,0,0,0,0
ENSMUSG00000105551,Gm43199,0,0,1,0,0,0,0,0,0,0,0,0
ENSMUSG00000083902,Gm15975,12,8,6,10,3,4,11,4,9,7,8,9
ENSMUSG00000105186,Gm43778,0,0,0,0,0,0,0,0,0,0,0,0
ENSMUSG00000106335,Gm20223,0,0,0,0,0,0,0,0,0,0,0,0
ENSMUSG00000105678,Gm43705,0,0,0,0,0,0,0,0,0,0,0,0
ENSMUSG00000105685,Gm43315,0,0,0,0,0,0,0,0,0,0,0,0
ENSMUSG00000106326,Gm42977,0,0,0,0,0,0,0,0,0,0,0,0
ENSMUSG00000088734,Gm23896,0,0,0,0,0,0,0,0,0,0,0,0
ENSMUSG00000088751,Gm24902,0,0,0,0,0,0,0,0,0,0,0,0
ENSMUSG00000077333,Gm23015,0,0,0,0,0,0,0,0,0,0,0,0
ENSMUSG00000104739,Gm3283,0,0,0,0,0,0,0,0,0,0,0,0
ENSMUSG00000104560,Gm8115,1,2,1,2,0,5,2,1,2,1,0,1
ENSMUSG00000105291,Gm18901,0,0,0,0,0,0,0,0,0,0,0,0
ENSMUSG00000105693,Gm43706,0,0,0,0,0,0,0,0,0,0,0,0
ENSMUSG00000104892,Gm6615,0,0,0,0,0,0,0,0,0,0,0,0
ENSMUSG00000097216,4932441J04Rik,0,0,0,0,1,0,0,0,0,0,0,0
ENSMUSG00000051116,Gm8121,0,0,0,0,1,0,0,0,2,1,1,1
ENSMUSG00000104924,Gm43002,0,0,0,0,0,0,0,0,0,0,0,0
ENSMUSG00000106517,Gm42634,0,0,0,0,0,0,0,0,0,0,0,0
ENSMUSG00000029108,Pcdh7,4,0,1,2,2,0,0,1,4,1,1,1
ENSMUSG00000029361,Nos1,10,7,6,5,7,6,2,9,4,3,4,4
ENSMUSG00000105940,Gm42635,0,0,0,0,1,3,0,0,0,0,0,0
ENSMUSG00000104821,Gm42481,0,0,0,0,0,0,0,0,0,0,0,0
ENSMUSG00000105637,Gm42480,0,0,0,0,0,0,0,0,0,0,0,0
ENSMUSG00000105050,Gm42482,0,0,0,0,0,0,0,0,0,0,0,0
ENSMUSG00000104564,Gm17977,0,0,0,0,0,0,0,0,0,0,0,0
ENSMUSG00000105079,Gm43715,0,0,0,0,0,2,0,0,0,0,0,0
ENSMUSG00000105877,Gm42479,0,0,0,0,0,0,0,0,0,0,0,0
ENSMUSG00000106337,Gm42478,0,0,0,0,0,0,0,0,0,0,0,0
ENSMUSG00000104871,Gm42639,0,0,0,0,0,0,0,0,0,0,0,0
ENSMUSG00000104071,Gm37028,0,0,0,0,0,0,0,0,0,0,0,0
ENSMUSG00000105431,Gm42640,0,0,0,0,0,4,0,0,0,0,0,0
ENSMUSG00000104709,Gm42484,0,0,0,0,0,0,0,0,0,0,0,0
ENSMUSG00000098072,Gm26995,0,0,0,0,0,0,0,0,0,0,0,0
ENSMUSG00000103959,Gm37720,0,0,0,0,0,0,0,0,0,0,0,0
ENSMUSG00002075698,#N/A,0,0,0,0,0,0,0,0,0,0,0,0
ENSMUSG00000106646,Gm42483,0,0,0,0,0,1,0,0,0,0,0,0
ENSMUSG00000105049,Gm42486,0,0,0,0,0,0,0,0,0,0,0,0
ENSMUSG00000105525,Gm42976,0,0,0,0,0,0,0,0,0,0,0,0
ENSMUSG00000106146,Gm43045,0,0,0,0,0,0,0,0,0,0,0,0
ENSMUSG00000105269,Gm42999,0,0,0,0,0,0,0,1,0,0,0,0
ENSMUSG00000088796,Gm22536,0,0,0,0,0,0,0,0,0,0,0,0
ENSMUSG00000105234,4930459L07Rik,0,0,0,0,0,0,0,0,0,0,0,0
ENSMUSG00000100557,1700029E06Rik,0,0,0,0,0,0,0,0,0,0,0,0
ENSMUSG00000106509,Gm43394,0,0,0,0,0,0,2,0,0,0,0,0
ENSMUSG00000094696,Gm6632,0,0,0,0,0,0,0,0,0,0,0,0
ENSMUSG00000106467,Gm43395,0,0,0,0,0,1,0,0,0,0,0,0
ENSMUSG00000119859,#N/A,0,0,0,0,0,0,0,0,0,0,0,0
ENSMUSG00000105038,Gm43044,1,0,0,1,0,0,0,0,1,0,0,0
ENSMUSG00000106634,Gm43042,0,3,1,0,0,0,0,0,0,0,0,0
ENSMUSG00000104889,Gm43043,0,0,0,0,0,0,0,0,0,0,0,0
ENSMUSG00000104563,Gm43041,0,0,0,0,0,0,0,0,0,0,0,0
ENSMUSG00000106013,4933402J10Rik,0,0,0,0,0,0,0,0,0,0,0,0
ENSMUSG00000105158,Gm42862,0,0,0,0,0,1,0,0,0,0,0,0
ENSMUSG00000106250,Gm43392,0,0,0,0,0,0,0,0,0,1,0,0
ENSMUSG00000106170,Gm43393,0,1,0,0,0,0,0,0,0,0,0,0
ENSMUSG00000106042,Gm42861,0,0,0,0,0,0,0,0,0,0,0,0
ENSMUSG00000059447,Hadhb,38,43,25,33,26,25,35,30,39,41,46,41
ENSMUSG00000087034,Cbfa2t2-ps1,3,0,0,2,0,0,0,1,0,1,1,0
ENSMUSG00000088048,Gm23331,0,0,0,0,0,0,0,0,0,0,0,0
ENSMUSG00000106548,Gm43390,0,0,0,0,0,0,0,0,0,0,0,0
ENSMUSG00000105486,Gm3372,0,0,0,0,0,0,0,0,0,0,0,0
ENSMUSG00000077555,Gm23708,0,0,0,0,0,0,0,0,0,0,0,0
ENSMUSG00000088113,Mir1960,0,0,0,0,0,0,0,0,0,0,0,0
ENSMUSG00000106044,Gm42860,0,0,0,0,0,0,0,0,0,0,0,0
ENSMUSG00000104775,Gm8182,7,4,5,8,3,1,5,4,6,7,4,6
ENSMUSG00000105903,1700014F14Rik,0,0,0,0,0,0,0,0,0,0,0,0
ENSMUSG00000106370,Gm43382,0,0,0,0,0,0,1,0,0,0,0,0
ENSMUSG00000105675,Gm43383,0,0,0,0,0,0,0,0,0,0,0,0
ENSMUSG00000105573,Gm43384,0,0,0,0,0,0,0,0,0,0,0,0
ENSMUSG00000089992,G6pd2,0,1,0,0,1,3,0,0,0,0,1,0
ENSMUSG00000106530,Gm42430,0,0,0,0,2,0,0,0,0,0,0,0
ENSMUSG00000077228,Gm22273,0,0,0,0,0,0,0,0,0,0,0,0
ENSMUSG00000105285,Gm43238,0,0,0,0,0,0,0,0,0,0,0,0
ENSMUSG00000119858,#N/A,0,0,0,0,0,0,0,0,0,0,0,0
ENSMUSG00000067642,Adgrf3,0,1,0,1,0,1,1,0,0,0,0,1
ENSMUSG00000029381,Shroom3,36,52,35,30,2,6,22,31,29,23,10,12
ENSMUSG00000092266,Gm20500,0,0,0,0,0,0,0,0,0,0,0,0
ENSMUSG00000089268,Mir1961,0,0,0,0,0,0,0,0,0,0,0,0
ENSMUSG00000106930,Gm6450,1,1,1,2,1,0,0,1,0,0,2,0
ENSMUSG00000089018,Gm25521,0,0,0,0,0,0,0,0,0,0,0,0
ENSMUSG00000045314,Sowahb,0,0,3,1,0,0,0,1,0,0,0,0
ENSMUSG00000088240,Gm22915,0,0,0,0,0,0,0,0,0,0,0,0
ENSMUSG00000107374,Gm43172,0,5,2,2,1,3,0,2,1,1,4,2
ENSMUSG00000107194,Gm43173,3,2,8,5,2,1,1,3,2,4,4,3
ENSMUSG00000032898,Fbxo21,728,825,645,628,670,233,666,733,720,626,622,614
ENSMUSG00000107058,Gm42545,0,5,0,0,0,0,0,0,0,1,0,0
ENSMUSG00000075703,Selenoi,2659,2843,2278,2229,2182,1298,1809,2292,2328,2156,2047,2036
ENSMUSG00000037999,Arap2,1596,1677,2413,2440,2919,2411,1738,2464,1568,1614,1758,1660
ENSMUSG00000085099,Gm16288,0,1,1,0,0,0,0,0,0,0,0,1
ENSMUSG00000105694,Gm43237,8,10,7,8,11,22,9,14,4,4,10,10
ENSMUSG00000105707,Gm43753,1,1,1,0,3,6,0,8,3,2,3,1
ENSMUSG00000090326,Dthd1,7,3,17,23,34,28,23,20,3,3,13,11
ENSMUSG00000029359,Tesc,1178,1398,1078,1224,964,447,1145,1133,1414,1243,767,644
ENSMUSG00000104868,Gm9954,0,0,0,0,0,0,0,0,0,0,0,0
ENSMUSG00000073102,Drc1,22,23,25,23,17,10,22,48,13,16,10,9
ENSMUSG00000106311,Gm43755,0,0,0,0,0,2,0,0,0,0,0,0
ENSMUSG00000090061,Nwd2,0,0,0,0,0,1,0,0,0,0,0,0
ENSMUSG00000090138,Gm3687,0,0,0,0,0,0,0,0,0,0,0,0
ENSMUSG00000032867,Fbxw8,2824,3044,2165,2355,2116,590,1985,2323,2610,2392,1889,1914
ENSMUSG00000029360,Gm9754,51,34,41,41,20,11,14,31,38,48,7,15
ENSMUSG00000088293,Gm26411,0,0,0,0,0,0,0,0,1,1,0,0
ENSMUSG00000060512,0610040J01Rik,0,0,0,0,0,0,1,0,0,0,0,0
ENSMUSG00000046607,Hrk,0,0,0,2,1,5,0,0,0,0,2,0
ENSMUSG00000047881,Rell1,74,69,103,102,88,65,103,101,80,67,76,66
ENSMUSG00000087552,Gm15819,0,0,0,0,0,0,0,0,0,0,0,0
ENSMUSG00000106076,Gm43840,5,2,1,1,3,0,7,1,1,3,2,3
ENSMUSG00000077209,Gm25608,0,0,0,0,0,0,0,0,0,0,0,0
ENSMUSG00000106219,5830416I19Rik,0,2,0,0,0,3,0,0,0,0,2,0
ENSMUSG00000029171,Pgm2,331,399,246,235,272,209,252,316,303,263,333,265
ENSMUSG00002076449,#N/A,0,0,0,0,0,0,0,0,0,0,0,0
ENSMUSG00002076429,#N/A,0,0,0,0,0,0,0,0,0,0,0,0
ENSMUSG00000087954,Gm22559,0,0,0,0,0,0,0,0,0,0,0,0
ENSMUSG00000032850,Rnft2,7,4,0,0,3,1,1,5,5,3,1,1
ENSMUSG00002075291,#N/A,0,0,0,0,0,0,0,0,0,0,0,0
ENSMUSG00000058013,44815,11559,11720,9330,9410,8974,6356,6832,9376,10372,9248,8484,7634
ENSMUSG00000032840,2410131K14Rik,543,556,454,443,413,186,421,396,545,456,411,407
ENSMUSG00000107019,Gm43682,151,148,113,138,50,39,101,128,86,92,51,41
ENSMUSG00000119733,#N/A,0,0,0,0,0,0,0,0,0,0,0,0
ENSMUSG00000106812,Gm28563,0,1,0,0,0,0,0,1,0,0,0,0
ENSMUSG00002075849,#N/A,0,0,0,0,0,0,0,0,0,0,0,0
ENSMUSG00000082365,Gm15754,3,0,1,1,0,0,0,1,3,0,0,0
ENSMUSG00000063015,Ccni,1124,1199,921,935,911,586,963,1003,1049,996,840,853
ENSMUSG00000106870,Gm43681,21,33,38,23,24,28,36,30,26,28,43,42
ENSMUSG00000083700,Gm2986,1,4,3,5,3,3,1,5,3,8,2,1
ENSMUSG00000029384,2010109A12Rik,5,7,12,9,10,6,4,7,0,6,2,2
ENSMUSG00000029385,Ccng2,44,65,57,61,75,29,52,68,73,35,69,56
ENSMUSG00000053208,Kat2b-ps,0,0,0,2,0,0,0,2,0,0,0,1
ENSMUSG00000107356,Gm18118,0,0,0,0,0,0,0,0,0,0,0,0
ENSMUSG00000106699,Gm43224,0,0,0,0,0,0,0,0,0,0,0,0
ENSMUSG00000096044,Gm16427,0,0,0,0,0,0,0,0,0,0,0,0
ENSMUSG00000070686,C87414,0,0,0,0,0,0,0,0,0,0,0,0
ENSMUSG00000107346,Gm43225,0,0,0,0,0,0,0,0,0,0,0,0
ENSMUSG00000106954,Gm43226,0,0,0,0,0,0,0,0,0,0,0,0
ENSMUSG00000107159,Gm7919,0,0,0,0,0,0,0,0,0,0,0,0
ENSMUSG00000107247,Gm43227,0,0,0,0,0,0,0,0,0,0,0,0
ENSMUSG00000018076,Med13l,2688,2642,1835,1741,1458,770,1210,1930,1875,1994,1812,1772
ENSMUSG00000107392,Gm7792,0,0,0,0,0,0,0,0,0,0,0,0
ENSMUSG00000096230,Gm16429,0,0,0,0,0,0,0,0,0,0,0,0
ENSMUSG00000106912,Gm43785,0,0,0,0,0,0,0,0,0,0,0,0
ENSMUSG00000106701,Gm6346,0,0,0,0,0,0,0,0,0,0,0,0
ENSMUSG00000107286,Gm43788,0,1,4,1,1,2,9,6,3,1,1,8
ENSMUSG00000106798,Gm43275,2,4,1,0,1,1,1,1,2,2,3,0
ENSMUSG00000106916,Gm3089,0,0,0,0,0,0,0,0,0,0,0,0
ENSMUSG00000107116,Gm43274,1,2,4,1,0,2,1,4,3,0,2,2
ENSMUSG00000107115,Gm43052,3,4,5,2,0,2,1,7,5,0,2,2
ENSMUSG00000107364,Gm43051,8,2,7,5,1,1,5,9,3,2,1,5
ENSMUSG00000106708,Gm43782,0,0,0,0,0,0,0,0,0,0,0,0
ENSMUSG00000072822,BC061212,0,0,0,0,0,0,0,0,0,0,0,0
ENSMUSG00000106745,Gm43342,0,0,0,0,0,0,0,0,0,0,0,0
ENSMUSG00000107144,4930413E15Rik,0,0,0,0,0,1,0,0,0,0,0,0
ENSMUSG00000107371,Gm43784,0,0,0,0,0,0,0,0,0,0,0,0
ENSMUSG00000072821,Gm6351,0,0,0,0,0,0,0,0,0,0,0,0
ENSMUSG00000100573,1700081H04Rik,0,0,0,0,0,0,0,0,0,0,0,0
ENSMUSG00000107334,Gm7538,0,0,0,0,0,0,0,0,0,0,0,0
ENSMUSG00002076829,#N/A,0,0,0,0,0,0,0,0,0,0,0,0
ENSMUSG00000096259,Gm3106,0,0,0,0,0,0,0,0,0,0,0,0
ENSMUSG00000106938,Gm31314,0,0,0,0,0,0,0,0,0,0,0,0
ENSMUSG00000094560,A430089I19Rik,0,0,0,0,0,0,0,0,0,0,0,0
ENSMUSG00000029174,Tbc1d1,1302,1386,974,1054,1161,683,987,1212,1033,967,1129,967
ENSMUSG00000095718,Gm6502,0,0,0,0,0,0,0,0,0,0,0,0
ENSMUSG00000087516,Tbx3os1,0,0,0,1,0,0,0,0,0,0,0,0
ENSMUSG00000106991,Gm43399,0,0,0,0,0,0,0,0,0,0,0,0
ENSMUSG00000085708,Gm16063,0,0,0,0,0,0,0,0,0,0,0,0
ENSMUSG00000073497,AA792892,0,0,0,0,0,0,0,0,0,0,0,0
ENSMUSG00000085345,Gm16064,0,0,0,0,0,0,0,0,0,0,0,0
ENSMUSG00000107315,BC080696,0,0,0,0,0,0,0,0,0,0,0,0
ENSMUSG00000083435,Gm15824,0,0,0,0,0,0,0,0,0,0,0,0
ENSMUSG00000104947,Gm43721,4,1,2,3,0,0,1,2,2,0,0,1
ENSMUSG00000081143,Gm15823,0,0,0,0,0,0,0,0,0,0,1,0
ENSMUSG00000074011,Gm7682,0,0,0,0,0,0,0,0,0,0,0,0
ENSMUSG00000083100,Gm6044,4,1,1,0,1,0,1,1,5,1,1,3
ENSMUSG00000105730,Gm43838,0,0,1,0,0,0,0,0,0,0,0,0
ENSMUSG00000105443,Gm43837,0,0,0,1,0,0,0,0,0,0,2,0
ENSMUSG00000105105,Gm31363,0,0,0,0,0,0,0,0,0,0,0,0
ENSMUSG00000100911,1700027F09Rik,0,0,0,0,0,0,0,0,0,0,3,0
ENSMUSG00000105251,4930526M16Rik,0,0,0,0,0,0,0,0,0,0,0,0
ENSMUSG00000095074,Gm3139,0,0,0,0,0,0,0,0,0,0,0,0
ENSMUSG00000105352,C030018K13Rik,0,0,0,0,0,0,0,0,0,0,0,0
ENSMUSG00000095503,Gm3147,0,0,0,0,0,0,0,0,0,0,0,0
ENSMUSG00000106566,Gm43836,0,0,0,0,0,0,0,0,0,0,0,0
ENSMUSG00000104961,Gm43835,0,0,0,0,0,0,0,0,0,0,0,0
ENSMUSG00000062372,Otof,0,0,0,0,0,0,0,0,0,0,0,0
ENSMUSG00000104806,Gm42566,0,0,1,0,1,0,0,1,0,0,0,0
ENSMUSG00000094195,Gm6509,0,0,0,0,0,0,0,0,0,0,0,0
ENSMUSG00000105402,Gm3716,0,0,0,0,0,0,0,0,0,0,0,1
ENSMUSG00000105183,Gm42564,0,0,0,0,0,0,0,0,0,0,0,0
ENSMUSG00000104928,Gm42565,0,0,0,0,0,0,0,0,0,0,0,0
ENSMUSG00002074850,#N/A,0,0,0,0,0,0,0,0,0,0,0,0
ENSMUSG00000092073,Gm6205,0,0,0,0,0,0,0,0,0,0,0,0
ENSMUSG00000097668,Gm26761,0,0,0,0,0,0,0,0,1,0,0,0
ENSMUSG00000107064,Gm42561,0,0,0,0,0,0,0,0,0,0,0,0
ENSMUSG00000107187,Gm7663,0,0,0,0,0,0,0,0,0,0,0,0
ENSMUSG00000097640,Gm20033,16,16,19,21,16,2,19,19,25,20,12,19
ENSMUSG00000095954,Gm3183,0,0,0,0,0,0,0,0,0,0,0,0
ENSMUSG00000107285,Gm3176,0,0,0,0,0,0,0,0,0,0,0,0
ENSMUSG00000073510,Gm7647,0,0,0,0,0,0,0,0,0,0,0,0
ENSMUSG00000096742,Gm6367,0,0,0,0,0,0,0,0,0,0,0,0
ENSMUSG00000107376,Gm42661,0,0,0,0,0,0,0,0,0,0,0,0
ENSMUSG00000106780,Gm7939,0,0,0,0,0,0,0,0,0,0,0,0
ENSMUSG00000029182,1700001C02Rik,0,0,0,0,0,0,0,0,0,0,0,0
ENSMUSG00000092166,Gm7942,0,0,0,0,0,0,0,0,0,0,0,0
ENSMUSG00000095996,Gm16513,0,0,0,0,0,0,0,0,0,0,0,0
ENSMUSG00000053194,Cib4,0,0,0,0,0,0,0,0,0,0,0,0
ENSMUSG00002075404,#N/A,0,0,0,0,0,0,0,0,0,0,0,0
ENSMUSG00000018604,Tbx3,0,0,0,0,0,8,0,0,0,0,0,0
ENSMUSG00000106300,Gm42765,0,0,0,0,0,0,0,0,0,0,0,0
ENSMUSG00000096066,Gm10424,0,0,0,0,0,0,0,0,0,0,0,0
ENSMUSG00000053214,Gm9899,0,0,0,0,0,0,0,0,0,0,0,0
ENSMUSG00000107348,Gm6468,0,0,0,0,0,0,0,0,0,0,0,0
ENSMUSG00000086847,Tbx3os2,0,0,0,0,0,0,0,0,0,0,0,0
ENSMUSG00000029178,Klf3,378,369,272,253,446,408,233,314,327,289,513,423
ENSMUSG00000107053,1700021F13Rik,0,0,0,0,0,0,0,0,0,0,0,0
ENSMUSG00000049265,Kcnk3,3,1,1,4,1,0,0,0,2,1,1,3
ENSMUSG00000106205,C230096K16Rik,9,4,5,8,6,7,6,8,15,10,6,7
ENSMUSG00000118495,AC161757.1,6,2,6,4,4,2,7,9,5,3,4,7
ENSMUSG00000106795,Gm43050,0,0,0,0,1,2,0,0,0,0,1,0
ENSMUSG00000079424,Gm3259,0,0,0,0,1,3,0,0,0,0,0,0
ENSMUSG00000107122,Gm32072,0,0,0,0,0,0,0,0,0,0,0,0
ENSMUSG00000106821,Gm7961,0,0,0,0,0,0,0,0,0,0,0,0
ENSMUSG00000107357,Gm42662,0,0,0,0,0,0,0,0,0,0,0,0
ENSMUSG00000044827,Tlr1,30,42,45,36,39,26,41,43,38,57,39,36
ENSMUSG00000051498,Tlr6,20,16,9,14,7,3,15,13,11,9,9,4
ENSMUSG00000018263,Tbx5,0,0,0,0,0,1,0,0,0,0,0,0
ENSMUSG00000029175,Slc35f6,365,394,274,299,259,88,285,323,323,309,190,204
ENSMUSG00000107084,Gm43269,0,0,0,0,0,0,0,0,0,0,0,0
ENSMUSG00000070677,D5Ertd577e,0,0,0,0,0,0,0,0,0,0,0,0
ENSMUSG00000107063,Gm38554,0,0,0,0,0,0,0,0,0,0,0,0
ENSMUSG00000093710,Mir5625,0,0,0,0,0,0,0,0,0,0,0,0
ENSMUSG00002075687,#N/A,0,0,0,0,0,0,0,0,0,0,0,0
ENSMUSG00000029185,Fam114a1,15,19,12,8,9,8,12,22,11,8,12,10
ENSMUSG00000077042,Mir574,0,0,0,0,0,0,0,0,0,0,1,0
ENSMUSG00000106186,Gm43627,0,0,1,0,0,0,0,1,1,0,0,0
ENSMUSG00000079423,Gm3286,0,0,0,0,0,0,0,0,0,0,0,0
ENSMUSG00000094043,Gm7971,0,0,0,0,0,0,0,0,0,0,0,0
ENSMUSG00000106690,Gm6348,0,0,0,0,0,0,0,0,0,0,0,0
ENSMUSG00000107213,Gm3302,0,0,0,0,0,0,0,0,0,0,0,0
ENSMUSG00000096139,Gm7978,0,0,0,0,0,0,0,0,0,0,0,0
ENSMUSG00000037913,Tmem156,177,184,102,100,96,83,102,124,122,123,178,145
ENSMUSG00000072814,Gm7982,0,0,0,0,0,0,0,0,0,0,0,0
ENSMUSG00000072813,E330014E10Rik,0,0,0,0,0,0,0,0,0,0,0,0
ENSMUSG00000106805,Gm42714,0,0,0,0,0,1,0,0,0,0,0,0
ENSMUSG00000096617,Gm5559,0,0,0,1,1,0,1,0,1,0,0,0
ENSMUSG00000119041,#N/A,0,0,0,1,0,0,0,0,0,0,0,0
ENSMUSG00000023078,Cxcl13,18,25,34,34,66,67,22,20,34,35,14,17
ENSMUSG00000107092,Gm7993,3,2,1,5,2,0,0,1,1,2,1,2
ENSMUSG00000054920,Klhl5,510,502,420,354,410,239,389,415,452,342,477,462
ENSMUSG00002076210,#N/A,0,0,0,1,0,0,0,1,0,0,0,1
ENSMUSG00000029177,Cenpa,967,1108,1203,1238,2062,842,1564,1572,1169,1017,1515,1570
ENSMUSG00000029594,Rbm19,3181,3352,2702,2552,2456,973,2179,2649,2922,2766,2367,2232
ENSMUSG00000097368,Gm10390,5,2,1,2,5,8,3,0,5,3,4,9
ENSMUSG00000106915,Gm42655,0,0,0,0,0,0,0,0,0,1,0,1
ENSMUSG00002075229,#N/A,0,0,0,0,0,0,0,0,0,0,0,0
ENSMUSG00000107141,Gm42654,0,0,0,0,0,0,0,0,0,0,0,0
ENSMUSG00000098649,Gm27199,0,0,0,0,0,3,0,0,0,0,1,0
ENSMUSG00000029595,Lhx5,0,0,0,0,0,0,0,0,0,0,0,0
ENSMUSG00000029168,Dpysl5,0,1,1,1,4,5,0,0,1,2,6,0
ENSMUSG00000106173,Gm42764,0,0,0,0,0,0,0,0,0,0,0,0
ENSMUSG00000034724,Cnot6l,2371,2264,2107,1956,2373,2049,1728,2264,2277,2204,2730,2473
ENSMUSG00000090468,Gm2840,0,0,0,0,0,0,0,0,0,0,0,0
ENSMUSG00000029596,Sdsl,0,0,0,0,0,0,0,0,1,0,0,0
ENSMUSG00000029166,Mapre3,20,15,12,10,4,4,13,13,13,11,14,2
ENSMUSG00000106229,Gm19409,0,1,3,0,1,1,1,1,1,0,1,0
ENSMUSG00000087258,Gm15461,0,0,0,0,0,0,0,0,0,0,0,0
ENSMUSG00000029597,Sds,0,0,0,0,0,0,0,0,0,0,0,0
ENSMUSG00000029486,Mrpl1,653,741,686,624,725,590,660,643,657,603,719,674
ENSMUSG00000086165,Gm15690,5,1,5,0,0,1,3,1,0,7,0,2
ENSMUSG00000029598,Plbd2,2497,2546,1988,2059,1599,837,1701,1886,2036,2030,1502,1515
ENSMUSG00000037890,Wdr19,4,8,6,6,3,5,7,6,2,7,6,5
ENSMUSG00000034687,Fras1,0,0,0,0,3,4,1,0,0,0,0,0
ENSMUSG00000106263,Gm33050,0,0,0,0,0,0,0,0,0,0,0,0
ENSMUSG00000105446,Gm42605,0,0,0,0,0,0,0,0,0,0,0,0
ENSMUSG00000106526,Gm42604,0,0,0,0,0,0,0,0,0,0,0,0
ENSMUSG00000029484,Anxa3,66,92,24,24,21,8,26,26,53,44,55,45
ENSMUSG00000105356,Gm42603,0,0,0,0,0,0,0,0,0,0,0,0
ENSMUSG00000104955,1700016F12Rik,0,0,0,0,0,0,0,0,0,0,0,0
ENSMUSG00000106319,Gm42601,8,5,2,3,5,2,2,4,4,5,2,2
ENSMUSG00000104698,Gm42602,19,17,9,8,4,5,7,13,9,11,10,11
ENSMUSG00000064550,Gm24623,0,0,0,0,0,1,0,1,0,0,0,0
ENSMUSG00000105283,Gm33370,2,2,3,1,2,1,3,3,1,2,0,1
ENSMUSG00000105871,Gm43147,1,0,0,0,1,0,0,0,0,0,0,1
ENSMUSG00000106357,Gm8013,6,8,3,3,2,2,7,0,4,4,1,1
ENSMUSG00000105377,Gm43148,0,1,1,1,0,0,0,0,1,0,1,1
ENSMUSG00000105257,Gm43144,0,0,1,0,0,0,0,0,0,0,0,0
ENSMUSG00000105006,Gm9484,3,3,1,8,3,0,7,5,6,5,1,0
ENSMUSG00000032754,Slc8b1,56,73,50,54,49,27,50,45,52,53,75,37
ENSMUSG00000034663,Bmp2k,902,1030,664,599,560,357,508,778,808,760,814,785
ENSMUSG00000104591,Gm43145,2,6,3,6,0,0,0,2,3,5,0,2
ENSMUSG00000055725,Paqr3,43,49,39,46,38,9,35,22,33,37,35,37
ENSMUSG00000032741,Tpcn1,429,494,307,298,337,176,274,367,311,297,382,275
ENSMUSG00000104736,Gm33609,0,0,1,0,0,0,0,0,0,0,0,0
ENSMUSG00000105850,Gm2861,0,0,0,0,0,0,0,0,0,0,0,0
ENSMUSG00000067161,Gm5560,24,60,36,32,48,1,53,23,10,13,25,14
ENSMUSG00000104717,Gm33969,0,0,0,0,0,0,0,0,0,0,0,0
ENSMUSG00000106825,2510016D11Rik,9,2,8,8,4,2,1,3,7,4,5,2
ENSMUSG00000046000,Naa11,0,1,0,0,0,0,0,0,0,0,0,0
ENSMUSG00000097516,4930467D21Rik,0,0,0,0,0,2,0,0,0,0,0,0
ENSMUSG00000050553,Gk2,0,0,0,0,0,2,0,0,0,0,0,0
ENSMUSG00000029601,Iqcd,10,12,4,5,4,1,6,7,5,5,2,1
ENSMUSG00000029338,Antxr2,341,401,185,232,138,92,115,194,253,227,187,140
ENSMUSG00000029600,Rita1,75,95,60,75,76,35,85,64,76,75,99,57
ENSMUSG00000105801,C430019N01Rik,2,0,2,0,0,0,2,1,2,0,0,1
ENSMUSG00000106518,Gm42759,0,1,1,0,1,1,2,1,0,3,1,0
ENSMUSG00000105117,Gm42760,0,0,0,0,0,0,0,0,0,0,0,0
ENSMUSG00000105441,Gm8041,0,0,1,1,0,0,0,1,0,0,0,0
ENSMUSG00000098073,Gm8048,3,5,4,4,2,1,2,3,5,3,1,2
ENSMUSG00000035456,Prdm8,15,20,9,11,6,6,1,13,10,10,5,7
ENSMUSG00000045238,A730035I17Rik,0,0,0,0,0,0,0,0,0,0,0,1
ENSMUSG00000029337,Fgf5,0,0,0,0,0,2,0,0,0,0,0,0
ENSMUSG00000057816,Cfap299,0,0,0,0,0,0,0,0,0,0,0,0
ENSMUSG00000104545,E030032P16Rik,0,0,1,2,1,3,0,0,0,0,0,0
ENSMUSG00000106273,Gm43767,1,3,2,1,1,0,4,2,4,5,1,0
ENSMUSG00000105814,Mir703,194,274,230,234,203,64,230,155,184,149,148,175
ENSMUSG00000077424,Gm24279,0,0,0,0,0,0,0,0,0,0,0,0
ENSMUSG00000079416,Gm11111,0,0,0,0,0,0,0,0,0,0,0,0
ENSMUSG00000067101,1700010H22Rik,0,0,0,0,0,0,0,0,0,0,2,0
ENSMUSG00000029335,Bmp3,0,0,0,0,0,1,0,0,0,0,0,0
ENSMUSG00000029599,Ddx54,6661,7084,5428,5692,4893,1967,4952,5706,6284,5790,4947,4658
ENSMUSG00000107191,Gm43579,7,9,5,4,4,10,10,6,15,14,10,9
ENSMUSG00000094282,Cfap73,0,0,0,0,0,0,1,0,0,0,0,0
ENSMUSG00000107004,Gm42657,0,0,0,0,0,0,0,0,0,0,0,0
ENSMUSG00000089830,Gm15749,0,0,1,0,0,4,0,0,0,0,0,0
ENSMUSG00000029191,Rfc1,2114,2229,1645,1638,1683,1200,1503,2000,1988,1741,1894,1728
ENSMUSG00000105935,Gm43628,4,3,2,3,0,1,2,2,2,3,3,5
ENSMUSG00000029195,Klb,0,0,0,0,0,0,0,0,0,0,0,0
ENSMUSG00000029334,Prkg2,0,0,0,0,0,0,0,0,0,0,0,0
ENSMUSG00000089659,Gm3470,0,0,0,0,0,0,0,1,0,0,0,0
ENSMUSG00000105579,Gm43251,0,0,0,0,0,0,0,0,0,0,0,0
ENSMUSG00000029602,Rasal1,189,204,191,189,235,76,154,155,244,216,269,268
ENSMUSG00000029603,Dtx1,5,10,9,11,2,3,3,2,8,2,2,7
ENSMUSG00000047215,Rpl9,600,634,558,555,591,361,552,548,609,514,561,518
ENSMUSG00000032690,Oas2,2,4,12,6,5,1,8,12,4,2,7,9
ENSMUSG00000029199,Lias,637,657,519,525,603,396,639,618,569,615,643,562
ENSMUSG00000107075,Gm43068,0,0,0,0,0,0,0,0,0,0,0,0
ENSMUSG00000106291,1110003F10Rik,7,9,10,4,3,5,11,6,4,2,5,5
ENSMUSG00000105896,Gm43311,0,3,0,2,0,3,0,0,0,0,0,0
ENSMUSG00000032661,Oas3,225,316,294,315,153,76,389,441,214,244,280,219
ENSMUSG00000107179,Gm43069,0,0,0,0,0,0,0,0,0,0,0,0
ENSMUSG00000029201,Ugdh,496,440,358,377,451,269,467,513,419,415,485,436
ENSMUSG00000105835,Gm43552,0,0,0,0,0,0,0,0,0,0,0,0
ENSMUSG00000104917,Gm43289,1,3,0,0,1,0,2,0,0,0,1,1
ENSMUSG00000066867,Oas1e,0,1,0,0,0,0,0,0,0,0,0,0
ENSMUSG00000089809,Rasgef1b,148,155,77,74,45,40,47,46,151,147,83,55
ENSMUSG00000037822,Smim14,216,252,199,206,180,135,234,229,195,183,188,215
ENSMUSG00000001166,Oas1c,28,25,22,28,20,6,30,25,21,16,21,25
ENSMUSG00000104641,Gm43290,4,2,6,2,4,1,3,1,3,1,2,1
ENSMUSG00000107195,4930589O11Rik,0,2,2,2,1,1,1,0,0,1,3,0
ENSMUSG00000105601,Gm42725,1,0,1,2,8,9,3,2,0,2,12,7
ENSMUSG00000105686,Gm35394,0,0,0,0,0,0,0,0,0,0,0,0
ENSMUSG00000104753,Gm35172,0,0,0,0,0,0,0,0,0,0,0,0
ENSMUSG00000090006,Gm16227,0,0,0,0,0,0,0,0,0,0,0,0
ENSMUSG00000089627,Gm16228,0,0,0,0,0,0,0,0,0,0,0,0
ENSMUSG00000090146,4930405H06Rik,0,0,0,0,0,0,0,0,0,0,0,0
ENSMUSG00002076040,#N/A,0,0,0,0,0,0,0,0,0,0,0,0
ENSMUSG00000089743,Gm16226,0,0,0,0,0,0,0,0,0,0,0,0
ENSMUSG00000029331,4930522N08Rik,0,0,0,0,0,0,0,0,0,0,0,0
ENSMUSG00000029605,Oas1b,30,30,33,22,41,25,37,41,28,47,47,46
ENSMUSG00000105218,Gm38413,0,0,0,0,0,0,0,0,0,0,0,0
ENSMUSG00000104731,Gm43249,0,0,0,0,0,0,1,0,0,0,0,0
ENSMUSG00002076587,#N/A,0,0,0,0,0,0,0,0,0,0,0,0
ENSMUSG00000105078,Vamp9,0,0,0,0,0,2,0,0,1,0,0,0
ENSMUSG00000053765,Oas1f,0,0,0,0,0,0,0,0,0,0,0,0
ENSMUSG00002076497,#N/A,0,0,0,0,0,0,0,0,0,0,0,0
ENSMUSG00002076672,#N/A,0,0,0,0,0,0,0,0,0,0,0,0
ENSMUSG00000001168,Oas1h,0,0,0,0,0,0,0,0,0,0,0,0
ENSMUSG00000066861,Oas1g,0,0,0,0,0,0,0,0,0,0,0,0
ENSMUSG00000029203,Ube2k,1813,1994,1541,1511,1849,1483,1784,1809,2003,1649,2018,1698
ENSMUSG00000107362,Gm40309,14,10,10,5,6,12,4,6,7,10,7,10
ENSMUSG00000107102,Gm42726,0,0,0,0,1,2,0,0,0,1,0,0
ENSMUSG00000052776,Oas1a,10,6,9,17,12,3,11,10,9,8,20,11
ENSMUSG00000032623,Oas1d,0,0,0,0,0,0,0,0,0,0,1,0
ENSMUSG00000118628,AC015535.1,0,0,0,0,0,0,0,0,0,0,0,0
ENSMUSG00000029202,Pds5a,5724,5924,4976,4916,5641,4680,3355,5377,5408,5097,6064,5735
ENSMUSG00000106767,Gm42727,1,1,5,1,4,3,0,4,3,2,3,5
ENSMUSG00000106696,Gm42729,1,0,1,0,1,8,3,2,0,1,1,0
ENSMUSG00000088494,Gm24399,0,0,0,0,0,0,0,0,0,0,0,0
ENSMUSG00000107158,Gm42728,5,5,5,1,2,6,7,4,5,2,2,5
ENSMUSG00000107050,C030017G13Rik,10,4,7,5,4,7,1,11,6,10,5,10
ENSMUSG00000106978,N4bp2os,13,7,13,13,21,12,20,6,8,10,13,20
ENSMUSG00000029608,Rph3a,1,1,0,0,0,1,0,0,1,0,0,0
ENSMUSG00000106841,Gm42656,0,0,0,0,0,0,0,1,0,0,0,0
ENSMUSG00000000568,Hnrnpd,7901,7062,4932,4987,6603,7999,6006,5877,7625,6991,8532,7252
ENSMUSG00000091623,Gm17092,104,73,67,74,87,55,89,69,109,99,69,91
ENSMUSG00000037795,N4bp2,1089,983,1197,1067,1183,934,779,1389,975,1042,1214,1118
ENSMUSG00002076604,#N/A,0,1,1,0,1,0,0,0,0,0,0,0
ENSMUSG00000106682,Gm42648,8,7,5,6,5,3,2,5,2,8,2,9
ENSMUSG00000106713,Gm42645,0,0,0,0,0,0,0,0,0,0,0,0
ENSMUSG00000106776,Gm42646,0,0,0,0,1,0,0,0,0,0,0,0
ENSMUSG00000106681,Gm43004,1,1,0,0,0,6,0,1,2,1,0,0
ENSMUSG00000029204,Rhoh,1030,1137,800,822,767,360,681,741,1010,931,850,825
ENSMUSG00000107254,Gm43769,4,5,5,1,0,4,4,4,2,4,3,1
ENSMUSG00000029205,Chrna9,2,6,2,1,2,1,1,4,2,3,0,2
ENSMUSG00000029328,Hnrnpdl,5681,5950,4532,4580,5888,6006,4862,5396,5884,5527,6804,5862
ENSMUSG00000106768,4930480C01Rik,0,0,0,1,0,0,0,0,0,0,0,0
ENSMUSG00000107049,Gm43771,0,0,0,0,0,1,0,0,0,0,0,0
ENSMUSG00000043733,Ptpn11,4187,4368,3555,3583,3847,1972,2842,3773,3898,3614,3381,3274
ENSMUSG00000006641,Slc5a6,1287,1458,1009,1068,809,305,792,892,1155,1077,787,727
ENSMUSG00000054598,9130230L23Rik,1,3,3,0,1,4,0,0,2,1,0,0
ENSMUSG00002076702,#N/A,0,0,0,0,0,0,0,0,0,0,0,0
ENSMUSG00000106940,Gm42930,3,5,10,3,6,11,2,11,6,5,12,19
ENSMUSG00000029326,Enoph1,892,931,781,731,750,434,849,739,793,736,792,717
ENSMUSG00002076905,#N/A,0,0,0,0,0,0,0,0,0,0,0,0
ENSMUSG00000029614,Rpl6,2151,2170,1637,1758,1763,710,1924,1837,2148,1965,1599,1722
ENSMUSG00000064841,Gm26205,0,0,0,0,0,0,0,0,0,0,0,0
ENSMUSG00000050640,Tmem150c,0,0,0,0,0,1,1,1,2,0,1,0
ENSMUSG00000086259,Tmem150cos,1,0,0,0,0,0,0,0,0,0,0,0
ENSMUSG00000013622,Atraid,208,209,141,187,130,75,200,179,202,182,152,153
ENSMUSG00000070780,Rbm47,18,31,34,23,61,47,18,37,35,33,55,56
ENSMUSG00000107304,Gm43775,1,2,3,3,4,2,3,4,2,3,5,1
ENSMUSG00000107390,Gm43323,0,0,0,0,0,5,0,3,2,0,1,1
ENSMUSG00000097092,Gm26725,0,1,0,0,0,0,0,0,0,0,2,0
ENSMUSG00000093258,Gm22929,0,0,0,0,0,0,0,0,0,0,0,0
ENSMUSG00000107014,1700126H18Rik,0,0,0,0,0,0,0,0,0,0,0,0
ENSMUSG00000107069,Gm43772,0,0,0,1,0,0,0,0,0,0,0,0
ENSMUSG00000084108,Gm15794,0,0,0,0,0,0,1,0,0,0,0,0
ENSMUSG00000107125,Gm3822,0,0,0,0,0,0,0,0,0,0,0,0
ENSMUSG00000042744,Hectd4,1259,1163,1011,898,1027,522,705,1080,937,870,1035,1026
ENSMUSG00000077347,Gm24671,0,0,0,2,0,1,0,0,0,0,0,0
ENSMUSG00000029206,Nsun7,1,2,1,7,3,2,0,2,1,3,5,3
ENSMUSG00000042726,Trafd1,252,307,301,309,149,72,280,344,219,216,160,168
ENSMUSG00000104985,Gm42917,0,0,0,0,0,3,0,0,0,0,0,1
ENSMUSG00000106209,Gm42918,2,0,2,0,1,0,0,3,0,1,0,1
ENSMUSG00000042719,Naa25,3432,3665,3000,2994,2871,1615,2349,2866,3213,2920,2880,2642
ENSMUSG00000106115,Gm43420,15,17,31,9,13,8,3,13,15,7,13,18
ENSMUSG00000029616,Erp29,1718,1904,1322,1391,1671,813,1549,1515,1686,1540,1616,1547
ENSMUSG00000013629,Cad,14423,15030,12022,11678,13040,3794,8712,11733,12623,12429,12759,13064
ENSMUSG00000029151,Slc30a3,176,207,105,125,85,39,82,99,229,174,51,35
ENSMUSG00000104299,Gm9924,2,6,3,2,2,3,1,0,3,2,0,2
ENSMUSG00000053856,Dnajc5g,0,0,0,0,0,0,0,0,0,0,0,0
ENSMUSG00000029452,Tmem116,5,7,5,4,4,0,1,2,7,7,3,4
ENSMUSG00000029207,Apbb2,14,17,37,37,27,25,19,21,14,12,27,19
ENSMUSG00000082760,Gm15546,0,0,0,0,0,0,0,0,0,0,0,0
ENSMUSG00000062438,Adam1b,0,0,1,0,0,0,0,0,0,0,0,0
ENSMUSG00000104999,4930477O15Rik,0,0,1,1,0,0,1,0,0,0,0,0
ENSMUSG00000072647,Adam1a,27,23,28,35,21,22,25,39,23,23,25,18
ENSMUSG00000106818,Gm43790,0,0,0,0,0,0,0,0,0,0,0,0
ENSMUSG00002076874,#N/A,0,0,0,0,0,0,0,0,0,0,0,0
ENSMUSG00000107155,Gm43793,0,0,1,0,0,0,0,0,0,0,0,0
ENSMUSG00000106910,Gm16273,0,0,0,0,0,0,0,0,0,0,0,0
ENSMUSG00000106732,Gm43792,0,0,0,1,0,0,0,0,0,0,0,0
ENSMUSG00000106772,Gm43794,0,0,0,1,0,0,0,0,0,0,0,0
ENSMUSG00000107091,Gm43343,0,1,0,0,0,1,2,1,0,1,1,0
ENSMUSG00000106720,Gm43795,0,0,0,0,0,1,0,0,2,0,0,0
ENSMUSG00000106706,C530043K16Rik,0,0,0,0,0,2,0,1,0,0,0,0
ENSMUSG00000087601,Uchl1os,0,1,0,0,0,0,0,0,0,0,0,0
ENSMUSG00000062077,Trim54,0,0,0,0,0,0,0,0,0,0,0,0
ENSMUSG00000105340,Gm42878,18,29,31,18,18,22,20,33,19,37,23,30
ENSMUSG00000107265,Gm15469,0,0,0,0,0,0,0,0,0,0,0,0
ENSMUSG00000038676,Ucn,0,0,0,0,0,0,0,0,0,0,0,0
ENSMUSG00000029223,Uchl1,187,179,151,172,128,33,146,123,141,99,108,104
ENSMUSG00000107300,Gm43279,1,3,0,4,0,0,1,4,1,2,0,0
ENSMUSG00000107284,Gm43280,0,0,0,0,0,0,0,0,0,0,0,0
ENSMUSG00000107283,Mpv17,167,164,136,156,150,87,152,160,143,170,158,133
ENSMUSG00000101678,Gm29609,10,10,11,11,8,0,10,15,5,8,9,11
ENSMUSG00000105965,Cycs-ps2,1,3,0,1,1,0,0,2,0,0,1,0
ENSMUSG00000106610,Gm43103,0,0,0,0,0,0,0,0,0,0,0,0
ENSMUSG00000092503,Gm20484,0,0,0,0,0,0,0,0,0,0,0,0
ENSMUSG00000029454,Mapkapk5,35,51,37,41,38,12,24,26,38,30,28,32
ENSMUSG00000082265,Gm15547,6,4,5,3,1,3,3,5,7,4,2,5
ENSMUSG00000029455,Aldh2,679,913,613,710,653,229,616,699,675,616,489,511
ENSMUSG00000106590,Gm42879,0,0,2,0,0,0,0,0,0,0,0,2
ENSMUSG00000042647,Acad12,13,14,4,9,12,7,6,10,10,10,15,13
ENSMUSG00000106864,Gtf3c2,1064,1185,1045,1062,958,558,1144,1142,992,988,998,1002
ENSMUSG00000029456,Acad10,42,59,21,30,42,22,29,34,27,23,28,24
ENSMUSG00000037736,Limch1,0,0,0,0,0,3,0,0,0,0,0,0
ENSMUSG00000082420,Gm6517,5,6,5,3,1,0,4,5,10,5,2,6
ENSMUSG00000106749,Gm43281,0,0,0,0,1,3,1,0,0,0,1,0
ENSMUSG00000107290,Gm43282,0,0,0,0,0,0,0,0,0,0,0,0
ENSMUSG00000085839,Gm15949,0,0,0,0,0,0,0,0,0,0,0,0
ENSMUSG00000086964,Gm15948,0,0,0,0,0,0,0,0,0,0,0,0
ENSMUSG00000106785,Gm42713,0,0,0,0,0,0,0,0,0,0,0,0
ENSMUSG00002075048,#N/A,0,0,0,0,0,0,0,0,0,0,0,0
ENSMUSG00000012520,Phox2b,0,0,0,0,0,0,0,0,0,0,0,0
ENSMUSG00000106995,Gm33167,0,0,0,0,0,0,0,0,0,0,0,0
ENSMUSG00000107319,Gm42670,11,13,21,16,19,21,23,20,24,16,10,8
ENSMUSG00000029458,Brap,1562,1578,1194,1174,1105,791,1047,1360,1393,1293,1129,1060
ENSMUSG00000037720,Tmem33,2549,2629,2171,2183,2070,1734,2055,2202,2400,2272,2590,2464
ENSMUSG00000029145,Eif2b4,1339,1517,1178,1116,1358,630,1259,1305,1333,1155,1439,1296
ENSMUSG00000029221,Slc30a9,1477,1610,1299,1301,1178,708,1120,1242,1250,1207,1163,1124
ENSMUSG00000042605,Atxn2,1675,1572,1310,1229,1363,1411,1150,1522,1448,1345,1473,1315
ENSMUSG00000029146,Snx17,1551,1749,1188,1198,1344,415,1108,1179,1531,1298,1216,1204
ENSMUSG00000107266,Gm43698,0,0,0,0,0,0,0,0,0,0,0,0
ENSMUSG00000106110,Gm43571,5,6,2,1,1,0,8,7,6,4,2,8
ENSMUSG00000089729,Gm16552,0,0,0,0,0,1,0,0,0,0,0,0
ENSMUSG00000105179,Gm42866,0,4,3,0,1,5,2,3,5,4,1,3
ENSMUSG00000092060,Bend4,242,281,190,190,141,118,125,204,182,169,275,250
ENSMUSG00000097840,Gm26756,1,0,0,0,0,0,2,0,1,0,2,1
ENSMUSG00000106832,Gm42632,0,1,0,0,1,0,1,0,1,1,6,2
ENSMUSG00000106925,Gm20072,0,0,0,0,0,0,1,2,2,0,1,0
ENSMUSG00000107385,C330024D21Rik,0,0,0,0,0,0,0,0,0,0,0,0
ENSMUSG00000106947,1700025A08Rik,0,3,0,1,4,1,0,4,0,0,1,1
ENSMUSG00000043059,Zfp513,565,499,379,392,461,224,346,406,522,422,488,425
ENSMUSG00000029147,Ppm1g,6472,6714,5071,5326,5937,3932,4937,6069,6532,5775,6047,5566
ENSMUSG00000106717,Gm42798,24,25,32,27,20,33,27,28,36,41,30,32
ENSMUSG00000055424,Gm9970,1,0,2,0,1,0,0,1,0,2,0,1
ENSMUSG00000042594,Sh2b3,2469,2546,1993,2050,1706,754,1551,1850,2381,2272,1472,1495
ENSMUSG00000099063,Mir7031,0,0,0,0,0,0,1,0,0,0,0,0
ENSMUSG00000104872,1700008B11Rik,2,0,0,0,1,0,0,1,0,0,0,0
ENSMUSG00000104719,4933437G19Rik,5,15,15,13,14,10,21,9,13,9,1,2
ENSMUSG00000044134,Pheta1,100,110,78,84,82,12,91,76,100,97,85,69
ENSMUSG00000029148,Nrbp1,1330,1418,997,1063,1028,546,931,1008,1301,1179,1115,1000
ENSMUSG00000042589,Cux2,0,0,0,0,1,6,0,0,0,0,0,0
ENSMUSG00000105795,Gm3970,0,0,0,0,0,0,0,0,0,0,0,0
ENSMUSG00000029149,Krtcap3,41,91,75,66,62,28,39,53,57,37,60,76
ENSMUSG00000038564,Ift172,48,26,34,32,58,32,25,33,38,38,55,57
ENSMUSG00000038552,Fndc4,12,13,4,9,9,7,7,11,7,10,8,8
ENSMUSG00000059434,Gckr,0,0,0,0,0,1,0,0,0,0,0,0
ENSMUSG00000106935,Gm19457,0,0,0,1,0,1,0,0,0,1,0,0
ENSMUSG00000106866,Gm43659,0,0,0,0,0,0,0,0,0,0,0,0
ENSMUSG00000106950,4930478M09Rik,0,0,0,0,0,0,0,0,0,0,1,0
ENSMUSG00000004455,Ppp1cc,246,281,250,232,266,62,187,187,270,244,207,226
ENSMUSG00000105742,Gm42748,54,43,46,55,28,21,18,50,42,50,43,40
ENSMUSG00000098947,V1rg10,0,0,0,0,0,0,0,0,0,0,0,0
ENSMUSG00000090577,Gm3027,0,0,0,0,0,0,0,0,0,0,0,0
ENSMUSG00000062761,Zfp512,257,274,248,234,260,181,175,241,216,235,269,268
ENSMUSG00000107120,Gm43059,10,5,14,14,9,4,14,6,2,8,8,11
ENSMUSG00000029138,4930548H24Rik,1,0,1,1,0,0,2,1,1,2,0,1
ENSMUSG00000107142,4930566F21Rik,1,0,0,0,0,0,0,1,0,0,0,0
ENSMUSG00000064267,Hvcn1,1305,1738,667,849,417,181,633,778,1058,1075,666,609
ENSMUSG00000064037,Gpn1,1395,1517,1239,1318,1182,631,1105,1227,1333,1222,1195,1085
ENSMUSG00000038593,Tctn1,57,54,52,45,50,18,49,48,30,49,49,45
ENSMUSG00000053134,Supt7l,575,609,516,479,447,353,491,535,533,475,451,424
ENSMUSG00000082645,Gm15481,0,0,0,0,0,0,0,1,0,0,0,0
ENSMUSG00000029141,Slc4a1ap,1281,1334,1079,1148,1152,916,1024,1305,1257,1095,1232,1074
ENSMUSG00000107352,Gm43660,0,0,0,1,0,0,0,0,0,0,0,1
ENSMUSG00000107355,AI839979,0,0,1,0,1,1,1,0,2,1,0,0
ENSMUSG00000107015,2900076G11Rik,1,4,3,0,0,10,3,0,2,0,0,1
ENSMUSG00000106918,Mrpl33,897,1030,913,851,902,507,833,788,918,821,818,709
ENSMUSG00000105617,Gm43809,0,0,0,0,0,0,0,0,0,0,0,0
ENSMUSG00000029136,Rbks,50,59,50,35,87,32,54,56,74,53,86,83
ENSMUSG00000099301,Mir3473e,0,0,2,0,0,0,0,0,1,0,0,0
ENSMUSG00000063146,Clip2,243,289,158,180,194,84,167,211,249,195,204,217
ENSMUSG00000106691,2700029L08Rik,1,0,0,0,1,0,0,1,0,1,1,1
ENSMUSG00000107090,Gm42884,2,0,0,0,0,2,1,0,0,0,1,0
ENSMUSG00000085957,Syna,4,1,2,4,3,0,1,2,2,4,4,1
ENSMUSG00000106323,Mir7228,0,0,0,0,0,0,0,0,0,0,0,0
ENSMUSG00000023104,Rfc2,692,799,631,669,989,448,725,747,797,632,961,981
ENSMUSG00000052139,Babam2,337,343,325,345,471,313,379,409,351,320,419,408
ENSMUSG00000107151,Gm43810,0,1,0,0,1,1,0,0,0,1,0,0
ENSMUSG00002075106,#N/A,0,0,0,0,0,0,0,0,0,0,0,0
ENSMUSG00000107140,Gm43811,0,0,0,0,0,0,0,0,0,1,0,2
ENSMUSG00000106894,Gm17130,0,0,0,0,0,0,1,0,0,0,0,0
ENSMUSG00000102759,Gm10463,1,4,2,1,2,0,3,0,0,3,0,0
ENSMUSG00000029135,Fosl2,1650,1626,1883,1890,1256,500,1213,1648,1176,1101,1277,1130
ENSMUSG00000118998,#N/A,0,0,0,0,0,2,0,0,0,0,0,0
ENSMUSG00000107220,Gm9555,0,0,0,0,0,0,0,0,0,0,0,0
ENSMUSG00000040751,Lat2,85,122,98,82,41,33,52,83,76,63,50,46
ENSMUSG00000040731,Eif4h,9662,10482,8705,9049,10242,4112,8633,9044,9850,8709,8979,8368
ENSMUSG00000029674,Limk1,1157,1217,824,839,1113,464,830,925,1201,952,1035,980
ENSMUSG00000029134,Plb1,0,1,0,2,2,3,1,0,1,0,0,0
ENSMUSG00000072573,Gm10369,20,16,18,21,34,15,22,17,29,15,10,3
ENSMUSG00000081200,Gm15615,0,0,0,0,0,0,0,0,0,0,0,0
ENSMUSG00000107078,Gm36840,0,0,0,0,0,0,0,0,0,0,0,0
ENSMUSG00000107036,Gm7596,0,0,0,0,0,0,0,0,0,0,0,0
ENSMUSG00000107211,Gm5864,2,3,1,3,11,6,10,9,1,1,3,3
ENSMUSG00000014956,Ppp1cb,4502,3963,3757,3478,3623,3263,3616,4109,4439,4260,4222,3985
ENSMUSG00000029675,Eln,2,5,3,9,4,1,4,4,2,0,0,3
ENSMUSG00000107197,Gm43312,3,1,5,0,1,0,1,1,1,1,5,2
ENSMUSG00000107083,Gm43313,15,17,21,10,8,7,11,14,5,15,12,17
ENSMUSG00000080753,Gm15613,0,0,0,0,0,0,0,0,0,0,0,0
ENSMUSG00000085234,Gm15614,0,0,0,0,0,1,0,0,0,0,0,0
ENSMUSG00000107316,Gm42964,0,0,0,0,0,0,0,0,0,0,0,0
ENSMUSG00000107318,Gm30003,0,0,0,0,0,0,0,0,0,0,0,1
ENSMUSG00000106835,Gm43812,0,0,0,0,0,0,0,0,0,0,0,0
ENSMUSG00000107277,Gm10461,6,2,10,3,4,5,7,1,1,3,7,2
ENSMUSG00000040576,Tmem270,0,0,0,0,0,0,0,0,0,0,0,0
ENSMUSG00000008843,Cldn13,0,0,0,1,0,0,0,0,0,0,0,0
ENSMUSG00000118424,Gm50473,0,0,0,0,0,0,0,0,0,0,0,0
ENSMUSG00000107322,4933439J24Rik,0,0,0,0,0,0,0,0,0,0,0,0
ENSMUSG00000118469,Gm50474,0,0,0,0,0,0,0,0,0,0,0,0
ENSMUSG00000107005,9030607J07Rik,0,0,0,0,0,0,0,0,0,0,0,0
ENSMUSG00000014932,Yes1,136,142,158,128,154,152,117,171,123,133,176,148
ENSMUSG00000107018,Gm43694,0,0,0,0,0,0,0,0,0,0,0,0
ENSMUSG00000118435,Gm50482,0,0,0,0,0,0,0,0,0,0,0,0
ENSMUSG00000106680,Gm43852,3,7,4,10,10,3,9,7,6,5,10,16
ENSMUSG00000040557,Mettl27,25,24,22,32,32,19,29,21,24,19,26,29
ENSMUSG00000047501,Cldn4,1,1,1,1,2,3,5,0,0,0,1,0
ENSMUSG00000070473,Cldn3,0,0,0,0,0,2,0,0,0,0,0,0
ENSMUSG00000054909,Wbscr25,0,1,0,0,0,1,0,0,0,0,0,1
ENSMUSG00000084392,Rps29-ps,0,0,0,0,0,0,0,0,0,0,0,0
ENSMUSG00000107335,Gm43372,2,3,1,1,2,1,3,1,1,3,1,2
ENSMUSG00000040532,Abhd11,807,1031,781,846,902,309,853,742,891,771,903,799
ENSMUSG00000085042,Abhd11os,0,0,0,0,0,0,0,0,0,0,0,0
ENSMUSG00000007207,Stx1a,108,131,103,95,98,36,97,106,104,96,111,114
ENSMUSG00000005378,Bud23,1585,1736,1344,1433,1514,569,1339,1436,1660,1429,1445,1433
ENSMUSG00000088008,Gm25492,6,4,6,3,10,0,3,2,4,5,4,1
ENSMUSG00000061118,Dnajc30,369,464,315,361,326,150,364,364,391,348,303,264
ENSMUSG00000043614,Vps37d,1,3,1,3,1,0,1,5,0,4,4,2
ENSMUSG00000005373,Mlxipl,1,0,2,2,2,6,4,1,3,3,1,4
ENSMUSG00000107296,Gm43500,0,0,0,0,0,7,0,0,0,0,0,2
ENSMUSG00000005374,Tbl2,1119,1233,840,900,976,466,826,958,992,988,1071,994
ENSMUSG00000029681,Bcl7b,675,733,512,528,520,341,583,653,695,603,639,513
ENSMUSG00000002748,Baz1b,7912,7779,7000,6544,6893,5546,5434,7901,7208,6768,7382,6826
ENSMUSG00002075935,#N/A,0,0,0,0,0,0,0,0,0,0,0,0
ENSMUSG00000049551,Fzd9,103,98,69,91,82,23,71,103,109,88,74,92
ENSMUSG00000106913,9430007M09Rik,0,0,0,0,0,0,0,0,0,0,0,0
ENSMUSG00000040013,Fkbp6,0,0,0,0,0,0,0,0,0,0,0,0
ENSMUSG00000053388,Trim50,0,0,0,0,0,0,0,0,0,0,0,0
ENSMUSG00000000916,Nsun5,1236,1431,1115,1166,1308,564,1063,1087,1333,1253,1151,1180
ENSMUSG00000053293,Pom121,7376,6943,5791,5632,5909,3875,5295,6666,6141,5499,5546,5693
ENSMUSG00000099212,Mir7033,0,0,1,1,0,0,0,0,1,0,0,0
ENSMUSG00000039959,Hip1,1151,1171,854,801,477,276,611,790,794,805,455,436
ENSMUSG00000106758,Gm42731,2,1,0,1,1,0,0,2,2,1,1,0
ENSMUSG00000070464,Ccl26,0,0,0,0,0,0,0,0,0,0,0,0
ENSMUSG00000004814,Ccl24,2,0,3,2,1,1,3,2,1,4,0,0
ENSMUSG00000107029,Gm43123,0,0,0,0,0,16,0,0,0,0,1,1
ENSMUSG00000039917,Rhbdd2,765,879,647,605,668,230,611,609,732,648,680,639
ENSMUSG00000082001,Gm15607,0,1,0,2,0,0,3,2,0,0,0,0
ENSMUSG00000094372,Gm21839,0,0,0,0,0,0,0,0,0,0,0,0
ENSMUSG00000105239,Gm43091,0,0,0,0,0,0,0,0,0,0,0,0
ENSMUSG00000005514,Por,1417,1507,1160,1233,905,468,1153,1490,1222,1173,933,874
ENSMUSG00000080972,Gm16061,4,2,5,1,2,1,4,5,5,2,2,1
ENSMUSG00000039886,Tmem120a,319,375,206,245,226,93,278,296,335,249,248,238
ENSMUSG00000099197,Mir7034,0,0,0,0,0,0,0,0,0,0,0,0
ENSMUSG00000019178,Styxl1,1,1,0,0,0,1,2,0,0,0,0,0
ENSMUSG00000019179,Mdh2,7808,7551,5602,5858,6282,2821,6076,5488,7525,6363,6258,6288
ENSMUSG00000039860,Srrm3,0,1,0,0,0,1,0,0,1,0,1,2
ENSMUSG00002076764,#N/A,0,0,0,0,0,0,0,0,0,0,0,0
ENSMUSG00000085026,Srrm3os,0,0,0,0,0,0,0,0,0,0,0,0
ENSMUSG00000118770,#N/A,0,0,0,0,0,0,0,0,0,0,0,0
ENSMUSG00000004951,Hspb1,18,15,4,12,0,1,13,15,8,8,0,0
ENSMUSG00000105047,Gm42533,0,0,2,0,1,1,0,0,0,0,0,0
ENSMUSG00000051391,Ywhag,7211,6987,5798,5771,5577,2691,5406,6243,6554,5747,5501,5482
ENSMUSG00000029699,Ssc4d,13,16,18,12,18,4,22,15,12,7,20,25
ENSMUSG00000004948,Zp3,0,1,0,0,0,0,0,0,0,0,1,0
ENSMUSG00000004947,Dtx2,729,804,524,582,584,219,550,613,749,632,597,540
ENSMUSG00000042985,Upk3b,0,0,0,0,1,1,0,0,0,0,0,0
ENSMUSG00000006143,Upk3bl,0,1,1,0,0,0,0,0,0,0,0,0
ENSMUSG00000004952,Rasa4,74,89,87,57,76,25,53,69,66,90,94,98
ENSMUSG00002075408,#N/A,0,0,0,0,0,0,0,0,0,0,0,0
ENSMUSG00000086656,Gm15701,0,0,0,0,0,0,0,0,0,0,0,0
ENSMUSG00000099003,Mir7035,0,0,0,0,0,0,0,0,0,0,0,0
ENSMUSG00000039771,Polr2j,1024,1130,904,1005,1115,589,1172,1133,1132,1009,1145,1011
ENSMUSG00000105349,Gm43604,1,6,3,1,3,2,3,4,5,1,8,2
ENSMUSG00000029703,Lrwd1,1309,1494,1173,1216,1323,471,1150,1203,1416,1210,1393,1381
ENSMUSG00000039754,Alkbh4,203,197,131,147,134,47,157,131,173,167,173,184
ENSMUSG00000039747,Orai2,307,280,216,200,131,59,173,174,268,190,142,129
ENSMUSG00000039737,Prkrip1,719,831,682,742,609,591,693,779,735,668,700,557
ENSMUSG00000106243,Gm5050,7,7,4,6,6,0,8,4,4,4,9,4
ENSMUSG00000005057,Sh2b2,60,51,60,52,65,35,55,43,64,57,55,52
ENSMUSG00000029705,Cux1,494,537,448,468,401,248,413,566,475,422,388,365
ENSMUSG00000086220,Gm16599,1,0,2,0,2,0,1,0,0,1,0,0
ENSMUSG00000102415,A430110C17Rik,4,0,0,0,2,2,1,0,1,0,1,0
ENSMUSG00000106479,Mir721,0,0,0,0,0,0,0,0,0,0,0,0
ENSMUSG00000104369,Gm38082,1,3,6,3,2,3,4,2,9,0,4,5
ENSMUSG00000005474,Myl10,7,7,21,28,26,6,35,25,15,14,13,9
ENSMUSG00000105408,Gm7285,5,4,2,5,6,4,8,1,1,5,3,5
ENSMUSG00000029718,Pcolce,0,1,0,1,0,0,0,0,0,0,0,0
ENSMUSG00000089984,Fbxo24,2,0,0,0,0,1,0,0,0,1,0,2
ENSMUSG00000106617,Gm36266,7,2,5,5,17,12,7,6,3,4,8,17
ENSMUSG00000081228,Gm16089,0,0,0,0,0,0,0,0,0,0,0,0
ENSMUSG00000093445,Lrch4,5,13,8,5,11,0,5,13,9,9,16,10
ENSMUSG00000029720,Gm20605,10,12,12,11,13,1,12,5,12,14,15,14
ENSMUSG00000079165,Sap25,1,1,0,0,1,0,1,1,2,0,3,1
ENSMUSG00000047182,Irs3,0,0,0,1,0,0,0,0,0,0,0,0
ENSMUSG00000029722,Agfg2,439,417,357,384,399,147,457,446,446,354,408,444
ENSMUSG00000079163,Gm15498,0,0,0,0,0,0,0,0,0,0,0,0
ENSMUSG00000082088,Gm15753,4,3,1,10,5,2,1,7,9,8,4,3
ENSMUSG00000045348,Nyap1,13,22,22,31,46,11,34,42,28,17,27,26
ENSMUSG00000029723,Tsc22d4,2061,2198,1399,1339,1356,404,1501,1542,1856,1661,1766,1578
ENSMUSG00000029725,Ppp1r35,154,195,142,160,182,44,188,168,197,125,147,168
ENSMUSG00000029726,Mepce,1662,1747,1390,1440,1811,695,1402,1600,1757,1488,1939,1820
ENSMUSG00000037108,Zcwpw1,107,131,105,101,210,117,131,144,123,116,197,157
ENSMUSG00000046245,Pilra,1,0,0,0,0,0,1,1,2,0,0,2
ENSMUSG00000066684,Pilrb1,16,9,24,30,7,10,20,28,13,5,4,4
ENSMUSG00000106478,Gm36551,2,1,7,8,1,0,4,7,1,1,3,1
ENSMUSG00000066682,Pilrb2,0,3,0,3,2,0,0,1,0,0,0,0
ENSMUSG00000106155,Gm43495,0,0,2,1,1,0,0,1,0,0,0,0
ENSMUSG00000105649,Gm43494,0,0,0,0,0,0,0,0,0,0,0,0
ENSMUSG00000106435,Gm3103,1,0,0,0,0,0,0,0,0,0,0,0
ENSMUSG00000029727,Cyp3a13,0,0,0,0,0,0,0,0,0,0,0,0
ENSMUSG00000083813,Gm15502,0,0,1,0,0,0,0,0,0,0,0,0
ENSMUSG00000105787,Gm8099,0,0,0,2,1,0,0,0,1,0,0,1
ENSMUSG00000056966,Gjc3,0,0,0,0,0,0,1,0,0,0,0,0
ENSMUSG00000037053,Azgp1,0,0,0,0,0,0,0,0,0,0,0,0
ENSMUSG00000063739,Gm4963,0,0,0,0,0,0,0,0,0,0,0,0
ENSMUSG00000100543,Gm29127,0,0,0,0,0,0,0,0,0,0,0,0
ENSMUSG00000075599,Smok3a,0,0,0,0,0,0,0,0,0,0,0,0
ENSMUSG00000079156,Smok3b,0,0,0,0,0,0,0,0,0,0,0,0
ENSMUSG00000075598,Smok3c,0,0,0,0,0,11,1,0,0,0,0,0
ENSMUSG00000029729,Zkscan1,902,910,803,766,888,788,545,838,809,826,978,844
ENSMUSG00000106102,Gm43493,0,0,0,0,0,0,0,0,0,0,0,0
ENSMUSG00000037017,Zscan21,309,374,277,309,370,174,252,256,328,280,304,287
ENSMUSG00000037007,Zfp113,238,238,203,204,223,168,159,204,210,196,211,226
ENSMUSG00000019494,Cops6,2011,2410,1618,1697,1976,930,1875,1767,2120,1872,2061,1900
ENSMUSG00000029730,Mcm7,1943,1995,1904,1892,2201,1068,2241,2244,2005,1747,2164,2050
ENSMUSG00000065394,Mir25,0,0,0,0,0,0,0,0,0,0,0,0
ENSMUSG00000065527,Mir93,0,0,0,0,0,0,0,0,0,0,0,0
ENSMUSG00000065514,Mir106b,3,1,0,4,0,0,2,1,0,1,3,0
ENSMUSG00000019518,Ap4m1,383,396,342,346,352,142,306,387,347,328,329,297
ENSMUSG00000036980,Taf6,867,837,750,709,886,576,739,810,786,760,933,825
ENSMUSG00000036968,Cnpy4,150,157,122,125,144,108,153,127,119,104,160,146
ENSMUSG00000049285,Mblac1,31,35,30,38,33,12,26,35,30,30,23,16
ENSMUSG00000089783,Gm454,0,0,0,0,0,0,0,0,0,0,0,0
ENSMUSG00000106338,Gm43645,0,0,0,0,0,0,0,0,0,0,0,0
ENSMUSG00000084469,Gm22956,0,0,0,0,0,0,0,0,0,0,0,0
ENSMUSG00000047592,Nxpe5,0,0,0,0,0,0,0,0,0,0,0,0
ENSMUSG00000050552,Lamtor4,212,220,170,178,204,70,201,171,225,174,215,217
ENSMUSG00000036948,Map11,756,750,595,553,745,330,495,600,698,618,755,772
ENSMUSG00000085227,6330418K02Rik,28,26,24,24,23,31,32,17,19,26,23,25
ENSMUSG00000075593,Gal3st4,0,0,0,0,0,0,0,0,0,0,0,0
ENSMUSG00000106247,Gm43720,0,0,0,0,0,0,0,0,0,0,0,0
ENSMUSG00000029510,Gpc2,1,1,3,2,4,1,0,1,1,4,2,4
ENSMUSG00000036928,Stag3,54,56,29,35,38,28,20,39,46,37,59,48
ENSMUSG00000109713,Pvrig,0,0,0,0,1,0,0,0,1,0,0,0
ENSMUSG00000106161,Pvrig-ps,0,0,0,0,0,0,0,0,0,0,0,0
ENSMUSG00000075591,Gm10874,0,0,0,0,0,0,0,0,0,0,1,0
ENSMUSG00000080935,Got2-ps1,11,15,8,9,7,0,8,11,5,8,8,9
ENSMUSG00000119207,#N/A,0,0,0,0,0,0,0,0,0,0,0,0
ENSMUSG00000112214,Cyp3a61-ps1,0,0,0,0,0,0,0,0,0,0,0,0
ENSMUSG00000112194,Gm48029,0,0,0,0,0,0,0,0,0,0,0,0
ENSMUSG00000036898,Zfp157,177,232,148,146,171,140,161,182,172,171,193,183
ENSMUSG00000046440,Gm5564,0,1,0,0,0,0,0,0,2,0,0,0
ENSMUSG00000104668,Vmn2r-ps24,0,0,0,0,0,0,0,0,0,0,0,0
ENSMUSG00000029526,1700123K08Rik,0,0,0,0,0,0,0,0,0,0,0,0
ENSMUSG00000058291,Zfp68,508,539,419,450,495,369,371,448,448,423,497,473
ENSMUSG00002075951,#N/A,0,0,0,0,0,0,0,0,0,0,0,0
ENSMUSG00000081142,Gm15497,0,0,0,0,1,1,0,0,0,0,1,0
ENSMUSG00000104686,Gm42815,1,0,1,3,0,0,5,1,0,1,1,0
ENSMUSG00000056014,A430033K04Rik,77,74,45,37,51,41,39,57,64,71,55,53
ENSMUSG00000103298,Gm38232,0,0,0,0,0,0,0,0,0,0,0,0
ENSMUSG00000025854,Fam20c,17,18,13,21,13,2,9,9,20,11,10,15
ENSMUSG00000094504,Gm5294,0,0,0,0,0,0,0,0,0,0,1,0
ENSMUSG00000025856,Pdgfa,110,91,98,152,138,92,131,105,89,82,104,88
ENSMUSG00000075585,6330403L08Rik,7,7,13,9,9,7,5,9,11,13,10,10
ENSMUSG00000025855,Prkar1b,2,6,10,16,5,8,4,17,7,7,5,2
ENSMUSG00000086873,Gm15672,8,7,7,9,7,8,9,14,6,11,10,10
ENSMUSG00000025857,Dnaaf5,979,994,719,823,877,440,747,796,924,858,893,834
ENSMUSG00000036817,Sun1,1665,1604,1365,1359,1308,687,1111,1385,1451,1287,1251,1137
ENSMUSG00000106127,4930520M14Rik,0,0,0,0,0,0,0,0,0,0,0,0
ENSMUSG00000025858,Get4,1076,1207,834,926,863,244,889,903,1173,1080,792,842
ENSMUSG00000056413,Adap1,988,1159,811,1001,709,220,844,896,869,810,675,742
ENSMUSG00002076025,#N/A,0,0,0,0,0,0,0,0,0,0,0,0
ENSMUSG00000045438,Cox19,336,440,286,292,281,121,332,250,357,289,261,298
ENSMUSG00000029541,Cyp2w1,0,0,0,0,0,0,0,0,0,0,0,0
ENSMUSG00000053553,3110082I17Rik,742,927,678,674,828,391,777,756,800,706,1027,833
ENSMUSG00000065593,Mir339,0,1,0,0,0,0,0,0,0,0,0,0
ENSMUSG00000044197,Gpr146,413,453,484,506,312,123,430,534,447,416,393,425
ENSMUSG00000044092,C130050O18Rik,1,2,5,1,0,0,3,1,1,0,2,0
ENSMUSG00000053647,Gper1,0,0,0,0,0,0,1,0,0,0,0,0
ENSMUSG00000119383,#N/A,0,0,0,0,0,0,0,0,0,0,0,0
ENSMUSG00000053581,Zfand2a,564,495,478,453,372,193,390,471,454,442,377,353
ENSMUSG00000106056,4930500L23Rik,0,0,0,0,0,0,0,0,0,0,0,0
ENSMUSG00000029546,Uncx,0,0,0,0,1,0,0,0,0,0,0,0
ENSMUSG00000104637,Gm42424,0,0,0,0,0,0,0,0,0,0,0,0
ENSMUSG00000036718,Micall2,20,19,14,24,12,1,15,26,9,10,6,5
ENSMUSG00000029547,Ints1,3614,3663,3152,3026,2918,1052,2339,3040,2968,2848,2653,2694
ENSMUSG00000098574,Mir7037,0,0,0,0,0,0,0,0,0,0,0,0
ENSMUSG00000018143,Mafk,1944,2019,1523,1644,1327,813,1345,1611,1659,1562,1540,1475
ENSMUSG00000036687,Tmem184a,0,0,0,1,0,1,0,0,0,4,0,0
ENSMUSG00000098140,Gm26938,0,0,0,0,0,0,0,0,0,0,0,0
ENSMUSG00000029551,Psmg3,430,521,436,497,438,200,497,421,509,377,411,400
ENSMUSG00002075041,#N/A,1,0,1,2,1,2,2,1,1,0,5,0
ENSMUSG00000105335,Gm42423,0,0,0,0,0,0,0,0,0,0,0,0
ENSMUSG00000048988,Elfn1,13,11,8,14,1,3,7,3,1,2,0,1
ENSMUSG00000106090,Gm43704,0,0,0,1,1,0,0,0,0,0,0,0
ENSMUSG00000029554,Mad1l1,516,519,491,483,521,460,525,627,453,372,544,456
ENSMUSG00000105453,Gm43702,9,5,3,3,3,1,1,4,7,3,2,5
ENSMUSG00000085673,Gm16122,0,0,0,0,0,0,0,0,0,0,0,0
ENSMUSG00000087606,Gm16121,0,2,0,0,0,0,0,0,0,0,0,0
ENSMUSG00000106497,Gm43195,1,2,6,3,1,1,2,2,0,5,0,2
ENSMUSG00000087248,Gm16120,0,0,0,0,0,0,0,1,0,0,0,0
ENSMUSG00000105679,Gm43338,1,0,0,0,0,0,0,0,0,0,0,0
ENSMUSG00000036639,Nudt1,225,214,223,211,307,103,263,219,250,180,353,285
ENSMUSG00000029557,Mrm2,160,211,119,179,163,84,183,138,180,134,162,169
ENSMUSG00000029560,Snx8,756,774,642,614,373,122,377,470,665,605,316,327
ENSMUSG00000056076,Eif3b,20772,21564,16112,17312,17526,8562,14698,17307,21078,18943,17235,16710
ENSMUSG00000098319,Mir7038,0,1,2,2,1,0,1,3,1,0,0,1
ENSMUSG00000106350,Gm4869,2,3,3,3,5,0,1,2,3,4,0,3
ENSMUSG00000105056,Gm42805,0,0,0,0,0,0,0,0,0,0,0,0
ENSMUSG00000036599,Chst12,329,328,293,278,270,161,324,381,302,245,340,307
ENSMUSG00000105845,Gm42808,0,0,0,0,0,0,0,0,0,0,0,0
ENSMUSG00000105633,Gm32158,1,0,0,0,0,0,0,1,0,0,1,0
ENSMUSG00000036586,Grifin,0,2,0,0,0,1,2,2,2,1,0,0
ENSMUSG00000105699,Gm43703,5,6,7,3,10,6,4,6,4,6,8,6
ENSMUSG00000029570,Lfng,3570,3925,3492,3732,3009,1104,3245,3385,3724,3237,2428,2223
ENSMUSG00000036565,Ttyh3,651,656,604,512,868,348,690,786,737,672,629,640
ENSMUSG00000036555,Iqce,333,293,239,198,299,146,239,356,300,263,326,286
ENSMUSG00000000148,Brat1,586,714,500,543,555,194,474,420,586,535,574,546
ENSMUSG00000050022,Amz1,52,55,37,47,35,11,39,35,47,33,37,42
ENSMUSG00000000149,Gna12,1029,1038,702,707,744,286,642,739,942,862,753,684
ENSMUSG00000036526,Card11,1175,1213,1014,1140,915,483,808,990,1042,971,680,687
ENSMUSG00002075916,#N/A,0,0,0,0,0,0,0,0,0,0,0,0
ENSMUSG00002075564,#N/A,0,0,0,0,0,0,0,0,0,0,0,0
ENSMUSG00000039683,Sdk1,1,0,1,3,0,2,0,0,0,0,1,1
ENSMUSG00000083382,Gm6433,4,1,5,0,1,0,4,0,3,2,1,1
ENSMUSG00000105873,Gm43708,0,0,0,0,0,0,0,0,0,0,0,0
ENSMUSG00000105344,Gm43556,0,0,0,0,0,0,0,0,0,0,0,0
ENSMUSG00000105212,Gm43557,0,0,0,0,0,0,0,0,0,0,0,0
ENSMUSG00000084934,Gm16035,0,0,0,0,0,0,0,0,0,0,0,0
ENSMUSG00000089164,Gm24131,0,0,0,0,0,0,0,0,0,0,0,0
ENSMUSG00000085540,Gm16036,0,0,0,0,0,0,0,0,0,0,0,0
ENSMUSG00000097947,Gm26970,6,1,2,3,0,0,3,6,3,1,2,1
ENSMUSG00000056493,Foxk1,3081,2950,2680,2543,2326,1170,2060,3035,2626,2597,2281,2313
ENSMUSG00000039623,Ap5z1,254,250,262,246,212,70,187,204,226,195,218,226
ENSMUSG00000029576,Radil,0,0,2,0,0,0,0,0,1,2,0,0
ENSMUSG00000074817,Papolb,0,0,0,0,0,0,0,0,0,0,0,1
ENSMUSG00000105213,Gm43037,0,0,0,0,0,0,0,0,0,0,0,0
ENSMUSG00000039533,Mmd2,0,0,0,0,0,3,0,0,0,0,0,0
ENSMUSG00000104978,Gm31274,0,0,1,1,1,0,0,0,0,0,0,0
ENSMUSG00000029578,Wipi2,1143,1235,1048,966,867,333,879,1053,996,883,879,820
ENSMUSG00000050822,Slc29a4,26,25,18,12,13,1,5,15,16,13,3,10
ENSMUSG00000039477,Tnrc18,2176,2052,1583,1566,1416,756,1041,1636,1810,1617,1667,1491
ENSMUSG00000082308,Gm15770,0,2,0,0,1,0,0,0,0,0,1,0
ENSMUSG00000066640,Fbxl18,398,405,356,374,364,162,266,386,373,333,374,312
ENSMUSG00000097559,D430018E03Rik,14,28,15,10,12,14,11,23,10,13,14,24
ENSMUSG00000029580,Actb,69093,71925,46022,48799,57363,29481,51253,53394,66272,54819,62048,57731
ENSMUSG00000029581,Fscn1,99,116,80,80,25,15,46,63,95,94,51,49
ENSMUSG00000045078,Rnf216,1076,1125,886,852,774,491,696,894,971,829,836,784
ENSMUSG00000106543,Gm43378,2,1,0,1,1,1,0,1,0,0,2,0
ENSMUSG00000105714,Gm43380,1,2,0,0,0,0,0,0,0,0,0,0
ENSMUSG00000090981,Olfr718-ps1,0,0,0,0,0,0,0,0,0,0,0,0
ENSMUSG00002075234,#N/A,0,0,0,0,0,0,0,0,0,0,0,0
ENSMUSG00000096810,Gm10481,6,2,3,8,1,0,7,2,9,10,7,5
ENSMUSG00000104577,Gm6641,1,1,2,1,4,0,1,1,7,13,7,6
ENSMUSG00000062038,Gm10108,0,0,0,0,0,0,0,0,0,0,0,0
ENSMUSG00000028883,Sema3a,2,2,2,1,4,4,0,6,2,1,0,0
ENSMUSG00000105334,Gm42680,0,0,0,0,0,0,0,0,0,0,0,0
ENSMUSG00000105750,Gm43130,0,0,0,0,0,0,0,0,0,0,0,0
ENSMUSG00000105041,Gm42676,0,0,0,0,0,0,0,0,0,0,0,0
ENSMUSG00000104626,Gm42675,0,0,0,0,0,0,0,0,0,0,0,0
ENSMUSG00000105366,Gm43719,0,0,0,0,0,1,0,0,0,0,0,0
ENSMUSG00000104905,Gm43718,0,0,0,0,0,0,0,0,0,0,0,0
ENSMUSG00000105228,Gm43340,4,7,3,3,1,5,2,4,1,1,4,5
ENSMUSG00000047635,2810006K23Rik,128,143,106,86,138,131,121,129,168,93,180,135
ENSMUSG00000029394,Cdk2ap1,151,199,145,172,250,37,192,161,210,203,240,226
ENSMUSG00000038095,Sbno1,6773,6942,6034,5849,5447,4784,4688,6083,6215,5945,6100,5358
ENSMUSG00000103864,Gm37415,0,4,13,10,9,1,4,10,11,10,6,11
ENSMUSG00002076658,#N/A,0,0,0,0,0,0,0,0,0,0,0,0
ENSMUSG00000049327,Kmt5a,3920,4152,3455,3432,4188,4092,3611,4293,4168,3735,4746,3966
ENSMUSG00000029401,Rilpl2,1827,2272,1798,1983,1992,775,1786,1852,2050,1737,1688,1617
ENSMUSG00000082402,Gm15621,0,2,2,1,0,0,1,0,0,0,0,0
ENSMUSG00000029402,Snrnp35,203,165,141,166,178,137,186,169,145,133,185,161
ENSMUSG00000029392,Rilpl1,25,37,19,16,37,21,22,34,27,24,56,44
ENSMUSG00000106662,Gm43034,15,3,5,5,9,3,10,7,9,9,11,5
ENSMUSG00000029390,Tmed2,514,701,488,497,530,233,532,453,564,475,414,465
ENSMUSG00000029389,Ddx55,894,903,710,740,678,395,626,746,796,763,743,711
ENSMUSG00000029388,Eif2b1,1657,1910,1425,1567,1435,690,1522,1405,1529,1431,1361,1258
ENSMUSG00000029387,Gtf2h3,809,948,840,786,935,486,791,738,853,750,923,844
ENSMUSG00000118662,#N/A,6,4,14,10,3,12,12,6,12,3,7,8
ENSMUSG00000104873,Gm40332,1,5,0,2,3,1,0,1,1,1,1,1
ENSMUSG00000029439,Sfswap,2564,2594,2158,2224,1883,1317,1910,2309,2196,2186,1939,1755
ENSMUSG00000104814,Gm42979,47,41,38,33,74,50,17,40,50,46,65,84
ENSMUSG00000029436,Mmp17,60,55,27,28,53,13,29,28,39,36,20,46
ENSMUSG00000057244,Gm6139,10,1,23,3,0,0,3,3,3,1,2,1
ENSMUSG00000051034,Zfp11,123,138,110,123,135,107,91,148,133,133,152,113
ENSMUSG00000034219,44818,0,0,0,0,1,1,0,0,0,0,0,0
ENSMUSG00000034211,Mrps17,1178,1349,1089,1074,1216,640,1128,1033,1247,1079,1148,1081
ENSMUSG00000029432,Nipsnap2,342,417,300,313,238,104,286,329,385,290,243,262
ENSMUSG00000086916,Gm15903,16,22,23,13,26,21,27,29,22,16,27,36
ENSMUSG00000029446,Psph,597,611,628,695,614,320,578,557,490,410,576,531
ENSMUSG00000065304,Gm23245,17,10,9,9,4,1,4,8,9,13,1,2
ENSMUSG00000093413,Snora15,4,1,0,1,2,3,0,2,5,4,2,3
ENSMUSG00000025538,Sumf2,371,392,282,288,364,135,365,329,399,328,327,357
ENSMUSG00000025537,Phkg1,1,0,1,1,3,3,1,2,2,0,1,2
ENSMUSG00000106840,Gm42790,1,1,2,0,0,7,3,1,0,0,0,0
ENSMUSG00000070493,Chchd2,782,941,788,821,1023,560,1119,775,953,812,878,943
ENSMUSG00000034173,Zbed5,345,400,245,261,214,168,184,246,283,340,252,254
ENSMUSG00000095789,Nupr1l,3,2,1,3,4,0,0,7,0,4,2,9
ENSMUSG00000066735,Vkorc1l1,1017,1195,1032,997,1056,588,876,1001,1003,975,905,897
ENSMUSG00000107118,Gm42986,44,34,53,36,9,20,15,41,51,34,27,44
ENSMUSG00000106757,Gm43482,27,21,25,27,27,20,5,27,38,26,26,32
ENSMUSG00000025534,Gusb,2592,2786,2181,2263,2797,1164,2108,2377,2719,2306,2776,2634
ENSMUSG00000025533,Asl,262,279,251,216,236,75,225,246,230,220,231,221
ENSMUSG00000103927,Gm9932,0,0,0,0,0,1,0,0,0,0,0,0
ENSMUSG00000100157,2310034O05Rik,0,0,0,0,0,0,0,0,0,0,0,0
ENSMUSG00000085915,Gm8091,0,2,0,0,0,1,0,1,0,0,0,0
ENSMUSG00000035325,Sec31a,3743,4078,3181,3164,2918,2047,2763,3382,3320,3035,3081,2662
ENSMUSG00000097772,5430416N02Rik,620,599,474,531,655,497,487,503,573,547,662,638
ENSMUSG00002076301,#N/A,0,0,0,0,0,0,0,0,0,0,0,0
ENSMUSG00002076403,#N/A,0,0,0,0,0,0,0,0,0,0,0,0
ENSMUSG00002075475,#N/A,0,0,0,0,0,0,0,0,0,0,0,0
ENSMUSG00002075511,#N/A,1,3,0,2,1,2,2,3,1,0,0,0
ENSMUSG00000106391,Gm42690,1,4,6,2,1,3,2,9,5,9,6,7
ENSMUSG00000118665,#N/A,485,498,621,583,606,535,575,748,476,381,635,514
ENSMUSG00002076564,#N/A,1,1,2,0,0,1,1,0,2,1,1,1
ENSMUSG00000105181,Gm19620,2,1,0,0,3,0,1,2,2,1,0,1
ENSMUSG00002076815,#N/A,0,0,0,0,0,0,0,0,0,0,0,0
ENSMUSG00000035297,Cops4,1437,1568,1268,1269,1508,1051,1353,1409,1487,1287,1390,1356
ENSMUSG00000029322,Plac8,1059,1424,1490,1723,956,393,1525,1424,1171,1248,745,848
ENSMUSG00000104993,Gm43510,0,0,0,0,0,0,0,0,0,0,0,0
ENSMUSG00000029319,Coq2,839,960,763,800,902,420,742,732,940,872,895,847
ENSMUSG00000085269,Gm15777,0,1,0,1,1,0,0,0,0,0,0,0
ENSMUSG00000035273,Hpse,44,35,36,35,26,8,48,53,27,26,16,16
ENSMUSG00000035266,Helq,507,541,413,438,385,235,378,519,467,388,461,429
ENSMUSG00000016833,Mrps18c,231,302,209,268,259,111,271,248,262,239,214,240
ENSMUSG00000104761,Gm43511,14,18,4,15,21,25,7,16,17,16,28,17
ENSMUSG00000035234,Abraxas1,380,406,338,375,407,365,341,377,426,355,465,424
ENSMUSG00000105607,Gm43513,36,19,19,19,22,14,12,25,22,27,31,27
ENSMUSG00000105755,Gm43514,9,9,12,6,5,0,4,10,10,5,7,6
ENSMUSG00000077354,Gm26286,0,0,0,0,0,0,0,0,0,0,0,0
ENSMUSG00000087611,4930458D05Rik,1,2,3,3,1,0,1,5,1,0,2,2
ENSMUSG00000029314,Gpat3,79,59,76,83,63,50,74,91,58,83,38,36
ENSMUSG00000106178,Gm42987,0,0,0,0,0,0,0,0,0,0,0,0
ENSMUSG00000106255,Gm36793,0,0,0,0,0,0,0,0,0,0,0,0
ENSMUSG00000061979,Rcc1l,1073,1100,953,1034,941,209,900,854,1081,906,794,827
ENSMUSG00000104195,B230377A18Rik,6,4,6,8,10,1,5,5,12,1,6,9
ENSMUSG00000015942,Gtf2ird2,495,583,476,512,532,221,530,506,568,470,448,429
ENSMUSG00002076053,#N/A,2,4,2,3,2,2,0,5,3,2,2,0
ENSMUSG00000015950,Ncf1,302,316,364,399,462,216,383,445,361,351,372,347
ENSMUSG00000060261,Gtf2i,4489,4787,3899,3771,4560,2161,3632,4173,4455,3998,4139,3962
ENSMUSG00000107000,Gm43481,44,46,54,47,42,34,26,61,51,44,59,54
ENSMUSG00000107076,Gm43480,3,2,7,5,7,4,4,3,1,7,8,5
ENSMUSG00000093311,Mir3965,0,0,0,0,0,0,0,0,0,0,0,0
ENSMUSG00000023079,Gtf2ird1,34,51,17,27,35,26,30,41,33,33,62,67
ENSMUSG00002076031,#N/A,0,0,0,0,0,0,0,0,0,0,0,0
ENSMUSG00002076751,#N/A,0,0,0,0,0,0,0,0,0,0,0,0
ENSMUSG00000106969,Gm42882,0,0,0,0,0,0,0,0,0,0,0,0
ENSMUSG00000072576,Gm16020,0,0,0,0,0,0,0,0,0,0,0,0
ENSMUSG00000106802,Gm42885,0,0,0,1,0,0,0,0,0,0,0,0
ENSMUSG00000107276,Gm42858,0,0,0,0,1,0,0,0,0,0,0,0
ENSMUSG00000029126,Nsg1,6,7,13,13,7,7,13,12,13,4,6,5
ENSMUSG00000029127,Zbtb49,181,211,174,168,159,67,126,158,173,133,152,120
ENSMUSG00000067367,Lyar,4766,4877,4339,4543,5044,6311,4466,4997,4999,4475,5613,4550
ENSMUSG00000067365,Tmem128,805,981,712,731,578,398,821,699,772,635,518,507
ENSMUSG00000097029,Gm26560,0,0,0,0,0,0,0,0,0,0,0,0
ENSMUSG00000039358,Drd5,0,1,0,0,2,1,2,0,0,0,0,0
ENSMUSG00000106932,4930487D11Rik,0,0,0,0,0,0,0,0,0,0,0,0
ENSMUSG00000005107,Slc2a9,39,51,31,26,20,11,33,38,26,22,29,30
ENSMUSG00000089646,Gm15796,13,11,13,13,6,6,4,4,5,5,8,9
ENSMUSG00000064419,Gm22249,0,0,0,0,0,0,0,0,0,0,0,0
ENSMUSG00000051596,Otop1,0,0,0,0,0,0,0,1,0,0,0,0
ENSMUSG00000105387,Gm29681,0,0,0,0,0,0,0,0,0,0,0,0
ENSMUSG00002076379,#N/A,0,0,0,0,0,0,0,0,0,0,0,0
ENSMUSG00000105470,Gm42589,0,0,0,0,0,0,0,0,0,0,0,0
ENSMUSG00000105584,Gm42588,0,0,0,0,0,0,0,0,0,0,0,0
ENSMUSG00000104987,2810432F15Rik,0,0,0,0,0,0,0,0,0,0,0,0
ENSMUSG00000105500,Gm42591,0,0,0,0,0,0,0,0,0,0,0,0
ENSMUSG00000105289,Gm43483,0,0,0,0,0,0,0,0,0,0,0,0
ENSMUSG00000105726,Gm42443,0,0,0,0,0,0,0,0,0,0,0,0
ENSMUSG00000106557,Gm42442,0,0,0,0,0,0,0,0,0,0,0,0
ENSMUSG00000105773,4930563F08Rik,0,0,0,0,0,2,0,0,0,0,0,0
ENSMUSG00000106570,C230071H17Rik,0,0,0,0,0,0,0,0,0,0,0,0
ENSMUSG00000106516,Gm42441,0,0,0,0,0,0,1,0,0,0,0,0
ENSMUSG00000105720,Gm42440,0,0,0,0,0,0,0,0,0,0,0,0
ENSMUSG00000106395,Gm42439,0,0,0,0,0,0,0,0,0,0,0,0
ENSMUSG00000106356,Gm42438,0,0,0,0,0,0,0,0,0,0,0,0
ENSMUSG00000106386,Gm42991,0,0,0,0,0,2,0,0,1,0,0,0
ENSMUSG00000106320,Gm42992,0,0,0,0,0,2,0,0,1,0,0,0
ENSMUSG00000104936,2610011E03Rik,0,0,0,1,0,0,0,0,0,0,0,0
ENSMUSG00000105985,Gm42993,0,0,0,0,0,0,0,0,0,0,1,0
ENSMUSG00000105495,Gm42995,0,0,0,0,0,1,0,0,0,0,0,0
ENSMUSG00000106045,Gm42996,0,0,0,0,0,0,0,0,0,0,0,0
ENSMUSG00000104994,Gm42989,0,0,0,0,0,1,0,0,0,0,0,0
ENSMUSG00000106049,Gm43019,0,0,4,2,3,0,0,0,0,0,0,0
ENSMUSG00000106450,Gm43018,0,0,0,0,0,0,0,0,0,0,0,0
ENSMUSG00000105624,Gm43187,0,0,0,0,0,1,0,0,0,0,0,0
ENSMUSG00000106384,Gm43188,0,0,0,0,0,0,0,0,0,0,0,0
ENSMUSG00000105598,Gm43186,0,0,0,0,0,2,0,0,0,0,0,0
ENSMUSG00000100420,Gm28616,0,0,0,0,0,0,0,0,0,0,0,0
ENSMUSG00000105809,Gm42626,0,0,0,0,0,0,0,0,0,0,0,0
ENSMUSG00000029447,Cct6a,14815,16229,13475,13880,15221,9436,12637,13646,15922,14106,15303,14726
ENSMUSG00000029673,Auts2,10,0,14,6,7,28,3,2,6,2,4,1
ENSMUSG00000004415,Col26a1,0,0,1,2,0,2,0,0,0,0,2,1
ENSMUSG00000092402,Gm20485,0,0,0,0,0,0,0,0,0,0,0,0
ENSMUSG00000104707,Gm43649,1,0,0,0,0,0,0,0,1,0,0,0
ENSMUSG00000007987,Ift22,53,57,46,59,49,30,57,63,49,52,59,63
ENSMUSG00000097908,4933404O12Rik,26,23,13,20,43,19,20,18,43,19,69,60
ENSMUSG00000019054,Fis1,1195,1510,1123,1153,1234,443,1407,1290,1363,1060,1148,1123
ENSMUSG00000001739,Cldn15,7,5,7,0,3,1,2,2,3,2,1,0
ENSMUSG00000059518,Znhit1,475,505,318,369,464,247,488,461,465,371,548,447
ENSMUSG00000004846,Plod3,895,907,619,608,672,240,600,691,722,629,876,742
ENSMUSG00000076240,Mir702,0,0,0,0,0,0,0,0,0,0,0,0
ENSMUSG00000087244,Gm7284,0,0,0,0,0,0,0,0,0,0,0,0
ENSMUSG00000098131,Gm26989,0,0,0,0,0,0,0,0,0,0,0,0
ENSMUSG00000037428,Vgf,8,7,8,7,6,3,8,5,7,7,4,1
ENSMUSG00000004849,Ap1s1,924,985,677,793,777,223,792,768,882,753,817,794
ENSMUSG00000037411,Serpine1,230,212,183,188,67,33,123,128,154,130,69,76
ENSMUSG00000043279,Trim56,1478,1413,1193,1137,1177,944,974,1265,1218,1229,1312,1183
ENSMUSG00000037390,Muc3,0,0,0,0,0,1,0,0,0,0,0,0
ENSMUSG00000106466,Gm40348,0,0,0,0,0,0,0,0,0,0,0,0
ENSMUSG00000118522,CAAA01077340.1,0,0,0,0,0,0,0,0,0,0,0,0
ENSMUSG00000106190,Gm20768,14,9,10,5,7,7,13,7,8,12,7,6
ENSMUSG00000094840,Muc3a,1,2,0,0,0,0,0,0,0,2,0,0
ENSMUSG00000105736,Gm42456,0,0,0,0,0,0,0,0,0,0,0,0
ENSMUSG00000023328,Ache,1,0,2,0,0,1,0,0,1,1,1,0
ENSMUSG00000099145,Mir8116,0,0,0,0,0,0,0,0,0,0,1,0
ENSMUSG00000051502,Ufsp1,27,38,23,20,25,15,36,34,43,31,33,27
ENSMUSG00000037364,Srrt,4759,4558,3795,3866,4550,2959,4261,4651,4603,4072,5089,4579
ENSMUSG00000098624,Mir7036,0,0,0,0,0,0,0,0,0,0,0,0
ENSMUSG00000106058,Gm43013,0,0,0,0,1,1,1,0,1,0,0,0
ENSMUSG00000023348,Trip6,31,38,24,23,30,4,31,21,23,36,39,25
ENSMUSG00000037344,Slc12a9,218,244,177,151,197,44,151,155,196,195,184,193
ENSMUSG00000105802,Gm43012,0,0,0,0,0,2,1,0,0,0,1,0
ENSMUSG00000029710,Ephb4,4,5,3,0,1,5,0,2,2,1,6,2
ENSMUSG00000079173,Zan,3,1,5,2,5,2,4,2,1,5,0,3
ENSMUSG00000106476,Rpl36-ps9,0,3,1,2,0,0,1,1,1,5,0,0
ENSMUSG00000029711,Epo,0,0,0,0,0,0,0,0,0,0,0,0
ENSMUSG00000029715,Pop7,595,791,582,590,631,186,656,598,670,551,501,433
ENSMUSG00000105851,9130604C24Rik,1,1,4,1,4,0,4,4,2,1,7,5
ENSMUSG00000106237,Gm8066,22,14,14,12,21,11,11,25,23,19,27,30
ENSMUSG00000029714,Gigyf1,523,516,447,446,551,207,401,530,552,489,630,610
ENSMUSG00000029713,Gnb2,2712,2915,2125,2316,2211,480,2606,2435,2438,2119,2058,2022
ENSMUSG00000098597,Mir6418,0,1,0,0,0,0,0,0,0,0,0,0
ENSMUSG00000090873,Gm17112,0,0,0,0,0,2,0,0,0,1,0,0
ENSMUSG00000029712,Actl6b,0,0,0,0,0,2,0,0,0,0,0,0
ENSMUSG00000029716,Tfr2,3,8,0,5,3,1,2,1,5,2,7,6
ENSMUSG00000037221,Mospd3,285,262,204,199,212,132,240,253,223,197,270,233
ENSMUSG00000087386,Gm15637,0,0,0,0,0,2,0,0,0,0,0,0
ENSMUSG00000013936,Myl2,0,0,0,0,0,0,0,0,0,0,0,0
ENSMUSG00000043036,Ccdc63,24,16,16,11,9,7,15,11,14,12,14,7
ENSMUSG00000038828,Tmem214,1950,2076,1424,1553,1555,628,1448,1581,1725,1535,1492,1467
ENSMUSG00000107086,Gm43808,7,5,4,3,2,2,1,3,3,3,2,2
ENSMUSG00000029165,Agbl5,166,178,115,123,182,69,127,130,155,144,250,219
ENSMUSG00000107201,5930420M18Rik,6,3,6,8,12,6,3,7,2,5,19,12
ENSMUSG00000038803,Ost4,512,617,444,494,580,382,594,527,573,452,519,499
ENSMUSG00000029163,Emilin1,104,85,51,51,56,19,67,51,74,73,101,95
ENSMUSG00000029162,Khk,41,54,42,50,37,12,37,54,27,23,22,34
ENSMUSG00000029161,Cgref1,11,22,24,18,7,2,14,14,8,26,12,9
ENSMUSG00000006638,Abhd1,30,42,42,41,31,16,26,33,36,25,20,31
ENSMUSG00000045302,Preb,2322,2634,1989,2002,2154,1007,1772,2059,2101,1988,2192,2118
ENSMUSG00000006642,Tcf23,0,0,0,0,0,2,0,0,0,0,0,0
ENSMUSG00000029538,Srsf9,2200,2099,1706,1738,1890,1172,1805,1677,2307,1872,1874,1927
ENSMUSG00000029536,Gatc,601,646,485,538,553,662,569,541,605,510,549,502
ENSMUSG00000029535,Triap1,365,435,351,346,344,121,368,320,366,333,321,290
ENSMUSG00000041697,Cox6a1,1736,1977,1490,1548,1919,636,1925,1767,1804,1555,1742,1647
ENSMUSG00000107288,Gm42903,0,0,2,1,1,0,1,0,0,1,0,0
ENSMUSG00000086352,4930401G09Rik,0,0,0,0,0,0,0,0,0,0,0,0
ENSMUSG00000087292,Gm13832,0,0,0,0,2,1,1,0,1,0,0,0
ENSMUSG00000106887,A930005G22Rik,0,0,0,0,0,0,0,0,0,0,0,0
ENSMUSG00000107240,Gm43231,0,0,0,0,0,0,0,0,0,0,0,0
ENSMUSG00000054256,Msi1,61,66,34,30,25,9,55,50,41,27,18,26
ENSMUSG00000107353,4930430O22Rik,0,0,0,0,0,0,0,0,1,0,0,0
ENSMUSG00000029522,Pla2g1b,0,0,0,0,0,0,0,0,0,0,0,0
ENSMUSG00000106897,Gm43027,0,0,0,0,0,0,0,0,0,0,0,0
ENSMUSG00000107257,Gm43028,0,0,0,2,2,4,1,1,1,0,1,0
ENSMUSG00000068082,Grxcr1,0,0,0,0,0,3,0,0,0,0,0,0
ENSMUSG00000106747,Gm43025,0,0,0,0,0,0,0,0,0,0,0,0
ENSMUSG00000029422,Rsrc2,1994,2125,1764,1825,2144,2579,1692,1993,1755,1911,2475,2139
ENSMUSG00000029414,Kntc1,483,490,594,487,760,337,490,620,396,422,588,550
ENSMUSG00000045502,Hcar2,0,0,0,0,0,4,0,0,0,0,0,0
ENSMUSG00000049241,Hcar1,0,0,0,0,0,0,0,0,0,0,0,0
ENSMUSG00000023106,Denr,2336,2366,1851,1914,2026,2315,2169,2108,2439,2290,2195,2018
ENSMUSG00000105875,Gm43518,0,1,0,0,0,0,0,0,1,1,1,0
ENSMUSG00000061882,Ccdc62,7,8,11,2,9,13,13,15,8,9,22,10
ENSMUSG00000000915,Hip1r,1206,1171,1247,1214,1349,656,1204,1475,1236,1008,893,917
ENSMUSG00000098454,Mir7032,0,0,0,0,0,0,0,0,0,0,0,0
ENSMUSG00000066278,Vps37b,670,735,623,587,649,224,689,718,725,700,770,714
ENSMUSG00000102725,Gm37939,0,1,0,0,0,0,1,1,1,0,0,1
ENSMUSG00000105901,Gm7291,0,3,1,0,1,0,2,0,0,0,1,0
ENSMUSG00002074861,#N/A,0,0,0,0,0,0,0,0,0,0,0,0
ENSMUSG00000104529,Rbakdn,2,1,0,0,0,0,1,0,0,0,0,1
ENSMUSG00000061898,Rbak,293,298,252,267,252,170,192,241,264,298,287,264
ENSMUSG00000029586,Spdye4b,0,0,0,0,0,0,0,0,0,0,0,0
ENSMUSG00000039296,Spdye4a,0,0,0,0,0,0,0,0,0,0,1,0
ENSMUSG00000089879,4930448H16Rik,0,0,0,0,0,0,0,0,0,0,0,0
ENSMUSG00000029587,Zfp12,647,615,503,493,433,245,401,494,562,561,524,537
ENSMUSG00000046658,Zfp316,39,36,25,27,26,5,21,34,26,29,25,22
ENSMUSG00000105345,BC030343,0,0,1,0,0,2,0,1,0,0,1,1
ENSMUSG00000093910,Zfp853,5,3,1,0,0,3,0,0,2,0,0,1
ENSMUSG00000039244,E130309D02Rik,1422,1652,1253,1269,1085,440,1192,1217,1352,1217,1176,1083
ENSMUSG00000105609,Gm42501,1,1,1,0,0,0,2,2,4,5,0,1
ENSMUSG00000001844,Zdhhc4,802,867,659,732,531,227,686,700,738,664,484,489
ENSMUSG00000089889,0610040B10Rik,11,17,10,20,17,7,17,12,6,5,14,14
ENSMUSG00000104875,Gm43397,0,0,0,0,0,0,0,0,0,0,0,0
ENSMUSG00000010825,Grid2ip,3,1,1,0,3,0,0,0,1,0,0,1
ENSMUSG00000093720,Gm20635,2,4,1,2,0,2,0,1,0,0,4,1
ENSMUSG00000045345,9530056K15Rik,5,5,3,2,6,4,0,2,0,6,7,11
ENSMUSG00000105594,Gm43398,1,0,0,0,1,0,0,0,0,0,0,0
ENSMUSG00000079111,Kdelr2,1931,2083,1473,1641,1611,892,1695,1604,1878,1547,1541,1469
ENSMUSG00000105206,Gm4870,0,2,1,2,1,0,0,0,0,1,1,0
ENSMUSG00000106068,Gm9497,0,0,0,1,0,0,0,1,0,0,0,0
ENSMUSG00000039206,Daglb,421,436,331,349,398,189,319,361,413,374,404,426
ENSMUSG00000001847,Rac1,4492,4748,3551,3740,3291,1771,4032,4019,4152,3832,3130,3179
ENSMUSG00000105198,Gm42502,0,0,0,0,0,0,0,0,0,0,0,0
ENSMUSG00000118332,Fam220a,0,0,0,0,0,0,0,0,0,0,0,0
ENSMUSG00000083012,Fam220a,11,4,8,6,10,4,6,7,12,12,4,11
ENSMUSG00000108292,Gm44050,0,0,0,1,0,0,0,0,0,0,0,0
ENSMUSG00000076467,Trbv13-1,305,320,224,274,270,81,245,250,329,261,280,219
ENSMUSG00000094525,Trbv12-2,109,152,88,97,98,34,109,87,114,104,96,82
ENSMUSG00000076469,Trbv13-2,534,651,480,517,523,198,469,577,560,498,509,419
ENSMUSG00000102327,Trbv12-3,3,1,1,0,0,1,0,1,0,0,2,0
ENSMUSG00000076470,Trbv13-3,191,200,150,162,160,49,142,150,189,168,193,151
ENSMUSG00000076471,Trbv14,101,112,63,87,75,25,82,88,104,107,89,75
ENSMUSG00000076472,Trbv15,368,377,269,304,252,196,291,334,378,358,247,267
ENSMUSG00000076473,Trbv16,205,265,174,192,182,38,141,189,251,204,169,182
ENSMUSG00000076474,Trbv17,104,126,71,80,73,62,86,73,91,66,104,87
ENSMUSG00000018341,Il12rb2,6008,6419,5479,5342,4499,4131,5124,6272,4713,4452,5306,4200
ENSMUSG00000102409,Trbv18,2,0,0,0,0,0,0,0,0,0,0,0
ENSMUSG00000107907,Gm8574,0,0,0,0,1,0,0,0,0,0,0,0
ENSMUSG00000076475,Trbv19,360,383,264,281,295,158,268,295,356,312,246,272
ENSMUSG00000108000,Gm44208,0,0,0,0,0,0,0,0,0,0,0,0
ENSMUSG00000076476,Trbv20,133,140,103,114,104,153,102,152,142,135,112,97
ENSMUSG00000096086,Gm4761,11,20,6,0,9,3,10,9,17,6,9,9
ENSMUSG00000107508,Gm44083,0,0,0,0,2,0,0,0,0,0,0,0
ENSMUSG00000076477,Trbv21,4,4,8,1,1,1,0,1,1,7,0,3
ENSMUSG00000102988,Trbv22,2,0,0,0,0,0,0,1,0,0,0,0
ENSMUSG00000076478,Trbv23,33,35,20,33,28,7,21,32,27,21,30,27
ENSMUSG00000102955,Trbv24,6,3,6,4,1,4,5,1,7,6,3,3
ENSMUSG00000104473,Trbv25,0,0,0,0,0,0,0,0,0,0,0,0
ENSMUSG00000049093,Il23r,7,18,3,4,3,3,3,4,10,7,9,6
ENSMUSG00000076479,Trbv26,117,165,119,114,93,49,99,119,138,149,110,97
ENSMUSG00000105650,Gm42889,0,0,0,0,0,0,0,0,0,0,0,0
ENSMUSG00000103042,Gm2719,0,0,0,0,0,0,0,0,0,0,0,0
ENSMUSG00000104254,Trbv27,0,0,0,0,0,0,0,0,0,0,0,0
ENSMUSG00000104326,Trbv28,0,0,0,0,0,0,0,0,0,0,0,0
ENSMUSG00000051397,Tacstd2,65,58,52,51,14,13,30,34,46,25,15,15
ENSMUSG00000076480,Trbv29,175,195,125,129,109,47,129,129,171,160,150,138
ENSMUSG00000030131,Mug2,0,0,0,0,0,0,0,0,0,0,0,0
ENSMUSG00000076501,Igkv2-137,0,0,0,0,0,0,0,0,0,0,0,0
ENSMUSG00000076481,Trbv30,13,12,20,5,12,22,16,26,8,18,10,11
ENSMUSG00000104819,4930515G16Rik,0,0,0,0,0,0,0,0,1,0,1,0
ENSMUSG00000108208,Gm44184,0,0,0,0,0,0,0,0,0,0,0,0
ENSMUSG00000030051,Aplf,56,53,72,48,125,85,80,80,42,42,83,74
ENSMUSG00000104931,Igkv1-136,0,0,0,0,0,0,0,0,0,0,0,0
ENSMUSG00000096336,Igkv1-135,0,0,0,0,0,0,0,0,0,0,0,0
ENSMUSG00000054106,Try4,0,0,0,0,0,0,0,0,0,0,0,0
ENSMUSG00000071204,Gm10319,0,0,0,0,0,0,0,0,0,0,0,0
ENSMUSG00000103797,Gm18964,0,0,0,0,0,0,0,0,0,0,0,0
ENSMUSG00000106248,Gm9728,1,0,0,1,0,1,0,0,1,0,0,1
ENSMUSG00000105464,Rpl18a-ps2,0,0,0,0,0,0,0,0,0,0,0,0
ENSMUSG00000104883,Igkv14-134-1,0,0,0,0,0,0,0,0,0,0,0,0
ENSMUSG00000030235,Slco1c1,0,0,0,0,0,0,0,0,0,0,0,0
ENSMUSG00000091268,Igkv17-134,0,0,0,0,0,0,0,0,0,0,0,0
ENSMUSG00000036938,Try5,3,0,0,0,0,0,1,0,1,2,0,1
ENSMUSG00000107593,Gm44097,0,0,0,0,0,0,0,0,0,0,0,0
ENSMUSG00000094491,Igkv1-133,0,0,0,0,0,0,0,0,0,0,0,0
ENSMUSG00000104843,Gm5308,1,0,0,1,0,0,0,1,0,0,0,0
ENSMUSG00000071521,Try10,0,0,0,0,0,0,0,0,0,0,0,0
ENSMUSG00000104584,Rpl18a-ps3,0,0,0,0,0,0,0,0,0,0,0,0
ENSMUSG00000106401,Gm43284,0,0,0,0,0,0,0,0,0,0,0,0
ENSMUSG00000071332,E230015B07Rik,1,1,4,1,2,0,0,1,4,2,1,0
ENSMUSG00000096580,Igkv1-132,0,0,0,0,0,0,0,0,0,0,0,0
ENSMUSG00000071519,Prss3,0,0,0,0,0,0,0,0,1,0,0,0
ENSMUSG00000089997,1810020O05Rik,0,0,0,0,0,0,0,0,0,0,0,0
ENSMUSG00000076505,Igkv1-131,0,0,0,0,0,0,0,0,0,0,0,0
ENSMUSG00000104744,Gm18980,0,0,0,0,0,0,0,0,0,0,0,0
ENSMUSG00000108079,Gm44210,0,0,0,0,0,0,0,0,0,0,0,0
ENSMUSG00000058119,Gm5771,0,0,0,0,0,1,0,0,0,0,0,0
ENSMUSG00000096461,Igkv14-130,0,0,0,0,0,0,0,0,0,0,0,0
ENSMUSG00000089157,Gm22425,0,0,0,0,0,0,0,0,0,0,0,0
ENSMUSG00000087917,Gm24911,0,0,0,0,0,0,0,0,0,0,0,0
ENSMUSG00000103397,Gm38306,0,0,0,0,0,0,0,0,0,0,0,0
ENSMUSG00000059014,Gm5409,0,0,0,0,0,0,0,0,0,0,0,0
ENSMUSG00000101397,Mug-ps1,0,0,0,0,0,0,0,0,0,0,0,0
ENSMUSG00000093906,Igkv9-129,0,0,0,0,0,0,0,0,0,0,0,0
ENSMUSG00000104742,Igkv9-128,0,0,0,0,0,0,0,0,0,0,0,0
ENSMUSG00002075644,#N/A,0,0,0,0,0,0,0,0,0,0,0,0
ENSMUSG00000071517,Gm10334,0,0,0,0,0,0,0,0,0,0,0,0
ENSMUSG00000076508,Igkv17-127,0,0,0,0,0,0,0,0,0,0,0,0
ENSMUSG00000068263,Efcc1,0,0,0,0,0,0,0,0,0,0,0,0
ENSMUSG00000106372,Igkv14-126-1,0,0,0,0,0,0,0,0,0,0,0,0
ENSMUSG00000105005,Gm9729,0,0,0,0,0,1,0,0,0,0,0,0
ENSMUSG00000030114,Klrg1,6,8,4,6,17,2,11,4,5,7,12,8
ENSMUSG00000068262,Gm5879,1,2,0,1,0,4,1,1,0,0,0,1
ENSMUSG00000062751,Prss1,0,0,0,0,0,0,0,0,0,0,0,0
ENSMUSG00000107849,Gm43904,0,0,0,0,0,0,0,0,0,0,0,0
ENSMUSG00000094345,Igkv14-126,0,1,0,0,0,0,0,0,0,0,0,0
ENSMUSG00000108090,Gm6637,29,20,19,20,5,3,7,7,17,12,2,10
ENSMUSG00000102221,Gm37301,0,0,0,0,0,0,0,0,0,0,0,0
ENSMUSG00000088245,Gm25910,0,0,0,0,0,0,0,0,0,0,0,0
ENSMUSG00002075919,#N/A,0,0,0,0,0,0,0,0,0,0,0,0
ENSMUSG00000104513,Gm29813,0,0,0,0,0,0,0,0,0,0,0,0
ENSMUSG00000108183,Gm44227,2,0,4,0,1,0,1,0,0,1,0,0
ENSMUSG00000102616,Gm37841,0,0,0,0,0,0,0,0,0,0,0,0
ENSMUSG00000030054,Gp9,0,0,0,0,0,0,0,0,0,0,0,0
ENSMUSG00000095737,Igkv11-125,0,0,0,0,0,0,0,0,0,0,0,0
ENSMUSG00000103699,Gm38018,0,0,0,0,0,0,0,0,0,0,0,0
ENSMUSG00000096632,Igkv9-124,0,0,0,0,0,0,0,0,0,0,0,0
ENSMUSG00000030236,Slco1b2,0,0,0,0,0,1,0,0,0,0,1,0
ENSMUSG00000057163,Prss2,8,11,10,11,7,2,9,6,15,10,11,11
ENSMUSG00000076512,Igkv9-123,0,0,0,0,0,0,0,0,0,0,0,0
ENSMUSG00000095668,Trbd1,43,25,29,21,33,7,28,26,34,29,39,47
ENSMUSG00000095497,Igkv1-122,0,1,0,0,0,0,0,0,0,0,0,0
ENSMUSG00000084927,Gm5724,0,0,0,0,0,0,0,0,0,0,0,0
ENSMUSG00000007458,M6pr,9014,10526,8589,9680,7196,4682,8170,9727,8757,8190,5923,5477
ENSMUSG00000076514,Igkv17-121,0,0,0,0,0,0,0,0,0,0,0,0
ENSMUSG00002075090,#N/A,0,0,0,0,0,0,0,0,0,0,0,0
ENSMUSG00000076483,Trbj1-1,63,72,52,59,58,15,45,65,60,63,62,72
ENSMUSG00000094872,Igkv9-120,0,0,0,0,0,0,0,0,0,0,0,0
ENSMUSG00000076484,Trbj1-2,64,67,47,54,47,10,55,41,61,41,31,48
ENSMUSG00000104575,Igkv9-119,0,0,0,0,0,0,0,0,0,0,0,0
ENSMUSG00000076485,Trbj1-3,83,88,59,71,70,13,54,55,61,66,59,42
ENSMUSG00000030055,Rab43,177,127,175,139,108,22,86,123,136,144,60,94
ENSMUSG00000106098,Igkv14-118-2,0,0,0,0,0,0,0,0,0,0,0,0
ENSMUSG00000106480,Igkv14-118-1,0,0,0,0,0,0,0,0,0,0,0,0
ENSMUSG00000076486,Trbj1-4,70,94,52,49,52,68,46,49,60,51,52,49
ENSMUSG00000104532,Gm43739,0,0,0,0,0,0,0,0,0,0,0,0
ENSMUSG00000076487,Trbj1-5,24,38,24,41,33,4,20,29,25,30,37,25
ENSMUSG00000107928,Gm45140,3,5,6,4,0,1,0,2,4,1,1,3
ENSMUSG00000106331,Gm5309,0,1,0,0,0,0,0,0,0,0,0,0
ENSMUSG00000108064,Gm44423,72,79,93,79,61,37,29,59,64,58,55,45
ENSMUSG00000076488,Trbj1-6,106,92,64,73,75,21,68,74,87,84,76,67
ENSMUSG00000104934,Igkv11-118,0,0,0,0,0,0,0,0,0,0,0,0
ENSMUSG00000108120,9930120I10Rik,35,23,35,16,15,9,18,28,16,21,9,24
ENSMUSG00000076489,Trbj1-7,20,27,24,24,24,3,19,15,23,19,16,24
ENSMUSG00000094335,Igkv1-117,0,0,0,0,0,0,0,0,0,0,0,0
ENSMUSG00000105306,Gm43171,0,0,0,0,0,0,0,0,0,0,0,0
ENSMUSG00000105007,Gm43170,0,0,0,0,0,0,0,0,0,0,0,0
ENSMUSG00000076490,Trbc1,4662,5770,3968,4354,4254,2312,4627,4158,4742,4329,3587,3832
ENSMUSG00000030237,Slco1a4,0,0,0,0,0,2,0,0,0,0,0,0
ENSMUSG00000106630,Igkv2-116,0,0,0,0,0,0,0,0,0,0,0,0
ENSMUSG00000091800,Igkv1-115,0,0,0,0,0,0,0,0,0,0,0,0
ENSMUSG00000094569,Trbd2,20,16,11,25,33,7,30,20,20,42,23,28
ENSMUSG00000107516,Gm30784,0,0,0,0,0,0,0,0,0,0,0,0
ENSMUSG00000105363,Igkv11-114,0,0,0,0,0,0,0,0,0,0,0,0
ENSMUSG00000105463,Igkv2-113,0,0,0,0,0,0,0,0,0,0,0,0
ENSMUSG00000076492,Trbj2-1,33,46,40,38,37,16,46,32,50,38,45,38
ENSMUSG00000105163,Gm4873,0,0,0,0,0,0,0,0,0,0,0,0
ENSMUSG00000076493,Trbj2-2,41,61,51,51,44,19,42,49,53,43,46,42
ENSMUSG00000076518,Igkv2-112,0,0,0,0,0,0,0,0,0,0,0,0
ENSMUSG00000076494,Trbj2-3,66,55,58,43,66,18,32,70,83,58,59,55
ENSMUSG00000095771,Igkv14-111,0,0,0,0,0,0,1,0,0,0,1,1
ENSMUSG00000088900,Gm25436,0,0,0,0,0,0,0,0,0,0,0,0
ENSMUSG00000076495,Trbj2-4,50,69,45,54,66,20,59,49,44,40,67,45
ENSMUSG00000093861,Igkv1-110,0,1,0,0,0,0,0,0,0,1,0,0
ENSMUSG00000076496,Trbj2-5,37,43,34,53,40,11,35,47,40,48,31,49
ENSMUSG00000090818,Trbj2-6,53,48,47,47,55,2,45,36,44,50,41,46
ENSMUSG00000104722,Gm43007,0,0,0,0,0,0,0,0,0,0,0,0
ENSMUSG00000105684,Gm42612,0,0,0,0,0,0,0,0,0,0,0,0
ENSMUSG00000076497,Trbj2-7,122,190,123,137,147,17,139,136,161,154,113,93
ENSMUSG00000105606,Igkv2-109,0,0,0,0,0,0,0,0,0,0,0,0
ENSMUSG00000105043,Igkv1-108,0,0,0,0,0,0,0,0,0,0,0,0
ENSMUSG00000106494,Igkv2-107,0,0,0,0,0,0,0,0,0,0,0,0
ENSMUSG00000076498,Trbc2,10765,11332,9042,10131,10074,7054,11291,10901,11591,10204,9256,8640
ENSMUSG00000076530,Igkv11-106,0,0,0,0,0,0,0,0,0,0,0,0
ENSMUSG00000106066,Igkv2-105,0,0,0,0,0,0,0,0,0,0,0,0
ENSMUSG00000105248,Gm5310,0,0,0,0,0,0,0,0,0,0,0,0
ENSMUSG00000076499,Trbv31,245,299,253,272,302,87,263,251,306,253,261,189
ENSMUSG00000098970,Gm27549,0,0,0,0,0,0,0,0,0,0,0,0
ENSMUSG00000076522,Igkv16-104,0,0,0,0,0,0,0,0,0,0,0,0
ENSMUSG00000076523,Igkv15-103,0,0,0,0,0,0,0,0,0,0,0,0
ENSMUSG00000104832,Igkv15-102,0,0,0,0,0,0,0,0,0,0,0,0
ENSMUSG00000106403,Igkv20-101-2,0,0,0,0,0,0,0,0,0,0,0,0
ENSMUSG00000106187,Igkv15-101-1,0,0,0,0,0,1,0,0,0,0,0,0
ENSMUSG00000105319,Igkv15-101,0,0,0,0,0,0,0,0,0,0,0,0
ENSMUSG00000041698,Slco1a1,0,0,0,0,0,0,0,0,0,0,0,0
ENSMUSG00000096515,Igkv14-100,0,1,0,0,0,0,0,0,0,0,0,0
ENSMUSG00000030056,Isy1,1838,1978,1678,1781,1729,837,1766,1610,1927,1782,1537,1520
ENSMUSG00000077325,Gm25833,0,0,0,0,0,0,0,0,0,0,0,0
ENSMUSG00002074877,#N/A,0,0,0,0,0,0,0,0,0,0,0,0
ENSMUSG00000108042,B130021K23Rik,49,40,38,31,40,42,17,24,25,45,48,57
ENSMUSG00000076525,Igkv1-99,0,0,0,0,0,0,0,0,0,0,0,0
ENSMUSG00000076526,Igkv12-98,0,0,0,0,0,0,0,0,0,0,0,0
ENSMUSG00000105817,Igkv15-97,0,0,0,0,0,0,0,0,0,0,0,0
ENSMUSG00000094420,Igkv10-96,0,0,0,0,0,0,0,0,1,0,0,0
ENSMUSG00000090781,Igkv2-95-2,0,0,0,0,0,0,0,0,0,0,0,0
ENSMUSG00000029869,Ephb6,169,187,145,114,128,36,130,119,155,131,135,114
ENSMUSG00000106381,Igkv2-95-1,0,0,0,0,0,0,0,0,0,0,0,0
ENSMUSG00000094902,Igkv10-95,0,0,0,0,0,0,0,0,0,0,0,0
ENSMUSG00000096490,Igkv10-94,0,0,0,0,0,0,0,0,0,0,0,0
ENSMUSG00000106318,Igkv2-93-1,0,0,0,0,0,0,0,0,0,0,0,0
ENSMUSG00000106309,Gm40414,6,2,2,2,2,2,2,1,0,5,5,3
ENSMUSG00000029868,Trpv6,0,0,0,0,0,0,0,0,0,0,0,0
ENSMUSG00000098814,Igkv19-93,0,0,0,0,0,0,0,0,0,0,0,0
ENSMUSG00000076531,Igkv4-92,0,0,0,0,0,0,0,0,0,0,0,0
ENSMUSG00000104995,Gm42925,0,0,0,0,0,0,0,0,0,0,0,0
ENSMUSG00000076532,Igkv4-91,0,0,0,0,0,0,0,0,0,0,0,0
ENSMUSG00000076533,Igkv4-90,0,0,0,0,1,0,0,0,0,0,0,0
ENSMUSG00000104849,Gm42924,0,0,0,0,0,0,0,0,0,0,0,0
ENSMUSG00000076534,Igkv12-89,0,0,0,0,0,0,0,0,0,0,0,0
ENSMUSG00000076535,Igkv1-88,0,0,0,0,0,0,0,0,0,0,0,0
ENSMUSG00000106124,Gm42539,0,0,0,0,0,0,0,0,0,0,0,0
ENSMUSG00000105630,Gm42543,0,0,0,0,0,0,0,0,0,0,0,0
ENSMUSG00000105267,Gm42542,0,0,0,0,0,0,0,0,0,0,0,0
ENSMUSG00000079544,Igkv13-87,0,0,0,0,0,0,0,0,0,0,0,0
ENSMUSG00000036899,Trpv5,0,0,0,0,0,0,0,0,0,0,0,0
ENSMUSG00000104838,Gm43710,0,0,0,0,0,0,0,0,0,0,0,0
ENSMUSG00000029867,Llcfc1,0,0,0,0,0,0,0,0,0,0,0,0
ENSMUSG00000076536,Igkv4-86,0,0,0,0,0,0,0,0,0,1,0,0
ENSMUSG00000079543,Igkv13-85,0,0,0,0,0,0,0,0,0,0,0,0
ENSMUSG00000076538,Igkv13-84,0,0,0,0,0,0,0,0,0,0,0,0
ENSMUSG00000076557,Igkv4-83,0,0,0,0,0,0,0,0,0,0,0,0
ENSMUSG00000105752,Igkv13-82,0,0,0,0,0,0,0,0,0,0,0,0
ENSMUSG00000079263,Gm6614,0,0,0,0,0,0,0,0,0,0,0,0
ENSMUSG00000076539,Igkv4-81,0,0,0,0,0,0,0,0,0,0,0,0
ENSMUSG00002075681,#N/A,0,0,0,0,0,0,0,0,0,0,0,0
ENSMUSG00000105539,Igkv13-80-1,0,0,0,0,0,0,0,0,0,0,0,0
ENSMUSG00000076540,Igkv4-80,0,0,0,0,0,0,0,0,0,0,0,0
ENSMUSG00000076541,Igkv4-79,0,0,0,0,0,0,0,0,0,0,0,0
ENSMUSG00000105480,Igkv13-78-1,0,0,0,0,0,0,0,0,0,0,0,0
ENSMUSG00000029866,Kel,0,0,0,0,1,0,0,0,0,0,0,0
ENSMUSG00000103788,Gm37527,0,0,0,0,1,2,0,0,0,0,0,0
ENSMUSG00000094315,Igkv4-78,0,0,0,0,1,2,0,0,0,0,0,0
ENSMUSG00000105313,Gm43583,0,0,0,0,0,0,0,0,0,0,0,0
ENSMUSG00000030057,Cnbp,21931,23781,20167,21310,21969,15528,20498,20428,23608,21375,20028,19583
ENSMUSG00000045479,Olfr459,0,0,0,0,0,2,0,0,0,0,1,0
ENSMUSG00000105462,Igkv4-77,0,0,0,0,0,1,0,0,0,0,0,0
ENSMUSG00000104609,Igkv13-76,0,0,0,0,0,0,0,0,0,0,0,0
ENSMUSG00000104712,Igkv4-75,0,0,0,0,0,0,0,0,0,0,0,0
ENSMUSG00000104922,Igkv13-74-1,0,0,0,0,0,0,0,0,0,0,0,0
ENSMUSG00000079262,Slco1a6,0,0,0,0,0,0,0,0,0,0,0,0
ENSMUSG00000107798,Gm44064,9,6,9,7,5,4,14,11,10,9,5,6
ENSMUSG00000092488,Gm18159,0,0,0,0,0,0,0,0,0,0,0,0
ENSMUSG00000092500,Gm20400,3,1,1,4,0,2,0,0,9,2,1,1
ENSMUSG00000076543,Igkv4-74,0,0,0,0,0,0,0,0,0,0,0,0
ENSMUSG00000118597,AC134836.1,0,0,0,0,0,0,0,0,0,0,0,0
ENSMUSG00000105989,Igkv13-73-1,0,0,0,0,0,0,0,0,0,0,0,0
ENSMUSG00000058499,Pip,0,0,0,0,0,0,0,0,0,0,0,0
ENSMUSG00000106387,Igkv4-73,0,0,0,0,0,0,0,0,0,0,1,0
ENSMUSG00000076545,Igkv4-72,0,0,0,0,0,0,0,0,0,0,0,0
ENSMUSG00000105968,Igkv13-71-1,0,0,0,0,0,0,0,0,0,0,0,0
ENSMUSG00000014104,Sval2,0,0,0,0,0,0,0,0,0,0,0,0
ENSMUSG00000073028,Igkv4-71,0,0,0,0,0,1,0,0,0,0,0,0
ENSMUSG00000029865,Sval1,0,0,1,0,0,0,1,0,0,0,0,0
ENSMUSG00000076547,Igkv4-70,0,0,0,0,0,0,0,0,0,0,0,0
ENSMUSG00000062833,Sval3,0,0,0,0,0,0,0,0,0,0,0,0
ENSMUSG00000023289,Sva,0,0,0,0,0,0,0,0,0,0,0,0
ENSMUSG00000076550,Igkv4-63,0,0,0,0,0,0,0,0,0,0,0,0
ENSMUSG00000107543,Gm34701,0,0,0,0,0,0,0,0,0,0,0,0
ENSMUSG00000105323,Igkv13-62-1,0,0,0,0,0,0,0,0,0,0,0,0
ENSMUSG00000047102,Tas2r139,0,0,0,0,0,0,0,0,0,0,0,0
ENSMUSG00000063975,Slco1a5,0,0,0,0,0,0,0,1,0,0,0,0
ENSMUSG00000094262,Igkv4-62,0,0,0,0,0,0,0,0,0,0,0,0
ENSMUSG00000106216,Igkv13-61-1,0,0,0,0,0,0,0,0,0,0,0,0
ENSMUSG00000051917,Tas2r144,0,0,0,0,0,0,0,0,0,0,0,0
ENSMUSG00002075778,#N/A,0,0,0,0,0,0,0,0,0,0,0,0
ENSMUSG00000076552,Igkv4-61,0,0,0,0,0,0,0,0,0,0,0,0
ENSMUSG00000041681,Iapp,0,0,0,0,0,0,0,1,0,0,0,0
ENSMUSG00000094006,Igkv4-59,0,0,0,0,0,0,0,0,0,0,0,0
ENSMUSG00000104679,Igkv4-60,0,0,0,0,0,0,0,0,0,0,0,0
ENSMUSG00000095633,Igkv4-58,0,0,0,0,0,0,0,0,0,0,0,0
ENSMUSG00000092746,Rn7s6,1,0,0,0,0,24,0,2,0,0,1,0
ENSMUSG00002075625,#N/A,0,0,0,0,0,0,0,0,0,0,0,0
ENSMUSG00000104551,Igkv13-57-2,0,0,0,0,0,0,0,0,0,0,0,0
ENSMUSG00000076555,Igkv4-57-1,0,0,0,0,0,0,0,0,0,0,0,0
ENSMUSG00000105369,Igkv13-57-1,0,0,0,0,0,0,0,0,0,0,0,0
ENSMUSG00000029864,Gstk1,41,71,64,69,82,30,91,90,66,65,55,53
ENSMUSG00000076556,Igkv4-57,0,0,0,0,0,0,0,0,0,0,0,0
ENSMUSG00000106546,Igkv13-56-1,0,0,0,0,0,0,0,0,0,0,0,0
ENSMUSG00000071506,Tmem139,0,0,0,0,0,0,0,0,0,0,0,0
ENSMUSG00000041671,Pyroxd1,432,426,318,306,338,328,252,344,368,361,326,301
ENSMUSG00000106016,Igkv4-56,0,0,0,0,0,0,0,0,0,0,0,0
ENSMUSG00000106213,Igkv13-55-1,0,0,0,0,0,0,0,0,0,0,0,0
ENSMUSG00000040669,Phc1,207,214,146,150,158,134,179,156,195,165,153,152
ENSMUSG00000096833,Igkv4-55,0,0,0,0,0,0,0,0,0,0,0,0
ENSMUSG00000105301,Igkv13-54-1,0,0,0,0,0,0,0,0,0,0,0,0
ENSMUSG00000030058,Copg1,4175,4559,3671,3585,3376,1689,3118,3599,3769,3374,3360,3201
ENSMUSG00000094319,Igkv4-54,0,0,0,0,0,0,0,0,0,0,0,0
ENSMUSG00000118448,Gm50492,0,0,0,0,0,0,0,0,0,0,0,0
ENSMUSG00000040657,1700063H04Rik,0,0,0,0,0,0,0,0,0,0,0,0
ENSMUSG00000107506,Gm19254,0,0,0,0,0,0,0,0,0,0,0,0
ENSMUSG00000095753,Igkv4-53,0,0,0,0,0,0,0,0,0,0,0,0
ENSMUSG00000079542,Gm42606,0,0,0,0,0,0,0,0,0,0,0,0
ENSMUSG00000097763,Gm26636,1,0,0,0,0,1,1,0,1,0,0,0
ENSMUSG00000094993,Igkv4-51,0,0,0,0,0,0,0,0,0,0,0,0
ENSMUSG00000106298,Gm42958,0,0,0,0,0,0,0,0,0,0,0,0
ENSMUSG00000076562,Igkv4-50,0,0,0,0,0,0,0,0,0,0,0,0
ENSMUSG00000105725,Igkv12-49,0,0,0,0,0,0,0,0,0,0,0,0
ENSMUSG00000029863,Casp2,1267,1417,1111,1176,1130,675,1128,1326,1276,1177,1152,1138
ENSMUSG00002075822,#N/A,2,6,5,1,0,1,0,6,1,0,1,1
ENSMUSG00000076563,Igkv5-48,0,0,0,0,0,0,0,0,0,0,0,0
ENSMUSG00000106256,Igkv12-47,0,0,0,0,0,0,0,0,0,0,0,0
ENSMUSG00000076564,Igkv12-46,0,0,0,0,0,0,0,0,0,0,0,0
ENSMUSG00000094094,Igkv5-45,0,0,0,0,0,0,0,0,0,0,0,0
ENSMUSG00000040649,Rimklb,0,0,0,1,3,5,0,1,0,0,0,0
ENSMUSG00000096422,Igkv12-44,0,0,0,0,0,0,0,0,0,0,0,0
ENSMUSG00000055093,Gm8430,1,3,2,8,4,49,4,17,3,1,9,2
ENSMUSG00000094433,Igkv5-43,0,0,0,0,0,0,0,0,0,0,0,0
ENSMUSG00000105915,Igkv12-42,0,0,0,0,0,0,0,0,0,0,0,0
ENSMUSG00000095007,Igkv12-41,0,0,0,0,0,0,0,0,1,0,0,0
ENSMUSG00000104533,Igkv5-40-1,0,0,0,0,0,0,0,0,0,0,0,0
ENSMUSG00000030060,Hmces,322,371,306,318,351,154,315,339,404,315,316,304
ENSMUSG00000105955,Igkv12-40,0,0,0,0,0,0,0,0,0,0,0,0
ENSMUSG00000068689,Rps19-ps9,10,7,8,8,3,1,4,8,18,11,6,6
ENSMUSG00000044927,H1f10,28,23,13,15,16,5,20,21,19,22,15,23
ENSMUSG00000076569,Igkv5-39,0,0,0,0,0,0,0,0,0,0,0,0
ENSMUSG00000105451,Gm43220,0,0,1,0,0,0,0,0,0,0,0,0
ENSMUSG00000084950,Gm5577,3,2,2,0,1,0,0,5,2,0,7,1
ENSMUSG00002076518,#N/A,0,0,0,0,0,0,0,0,0,0,0,1
ENSMUSG00000076570,Igkv12-38,0,0,0,0,0,0,0,0,0,0,0,0
ENSMUSG00000108049,Gm44168,0,2,1,0,0,0,2,0,0,0,1,1
ENSMUSG00000108227,4933412L11Rik,0,2,0,0,0,0,0,2,0,1,0,0
ENSMUSG00000076571,Igkv5-37,1,0,0,0,0,0,0,0,0,0,0,0
ENSMUSG00000076572,Igkv18-36,0,0,0,0,0,2,0,0,0,0,0,0
ENSMUSG00000076573,Igkv1-35,0,0,0,0,0,0,0,0,0,0,0,0
ENSMUSG00002076017,#N/A,0,0,0,0,0,0,0,0,0,0,0,0
ENSMUSG00000106226,Gm43586,0,0,0,0,0,0,0,0,0,0,0,0
ENSMUSG00000104769,Igkv8-34,0,0,0,0,0,0,0,0,0,0,0,0
ENSMUSG00000076575,Igkv7-33,0,0,0,0,0,0,0,0,0,0,0,0
ENSMUSG00000076576,Igkv6-32,1,0,0,0,0,0,0,0,0,0,0,0
ENSMUSG00000105781,Igkv8-31,0,0,0,0,0,0,0,0,0,0,0,0
ENSMUSG00000076577,Igkv8-30,0,0,0,0,0,0,0,0,0,0,0,0
ENSMUSG00000106192,Gm42818,0,0,0,0,0,0,0,0,0,0,0,0
ENSMUSG00000076578,Igkv6-29,0,0,0,0,0,0,0,0,0,0,0,0
ENSMUSG00000030116,Mfap5,0,0,0,0,0,0,0,0,0,0,0,0
ENSMUSG00000094356,Igkv8-28,0,0,0,0,0,0,0,0,0,0,0,0
ENSMUSG00002075740,#N/A,0,0,0,0,0,0,0,0,0,0,0,0
ENSMUSG00000030243,Recql,675,747,646,620,847,490,607,668,636,565,765,792
ENSMUSG00000076580,Igkv8-27,0,0,0,0,0,0,0,0,0,3,0,0
ENSMUSG00000040627,Aicda,1,0,0,0,1,0,1,0,2,0,0,1
ENSMUSG00000090192,Gm16556,0,0,0,0,1,0,0,0,0,0,0,0
ENSMUSG00000076581,Igkv8-26,0,0,0,0,0,0,0,0,0,0,0,0
ENSMUSG00000090044,Gm16557,0,0,0,0,0,0,0,0,0,0,0,0
ENSMUSG00000105727,Gm8828,0,0,0,0,0,0,0,0,0,0,0,0
ENSMUSG00000089931,Gm8459,1,0,0,1,0,0,1,0,1,0,0,0
ENSMUSG00000094930,Igkv6-25,0,0,0,0,0,0,0,0,0,0,0,0
ENSMUSG00000030245,Golt1b,2177,2216,1899,1839,1760,759,1775,1865,1929,1771,1619,1528
ENSMUSG00000076583,Igkv8-24,0,0,0,0,0,0,0,0,0,0,0,0
ENSMUSG00000105432,Gm43218,0,0,0,0,0,0,0,0,0,0,0,0
ENSMUSG00000095630,Igkv6-23,0,0,0,0,0,0,0,0,0,0,0,0
ENSMUSG00000106080,Gm8836,0,0,1,0,0,0,0,0,0,0,0,0
ENSMUSG00000079230,Gm11065,0,0,0,0,0,0,0,0,0,0,0,0
ENSMUSG00000105668,Igkv8-22,0,0,0,0,0,0,0,0,0,0,0,0
ENSMUSG00000071112,Spx,15,15,22,18,22,7,19,12,11,11,17,12
ENSMUSG00000076586,Igkv8-21,0,0,0,0,0,0,0,0,0,0,0,0
ENSMUSG00000105114,Amd-ps5,0,0,0,0,0,0,0,0,0,0,0,0
ENSMUSG00000076587,Igkv6-20,0,0,0,0,0,0,0,0,0,0,0,0
ENSMUSG00000030244,Gys2,1,4,0,0,3,4,0,0,1,0,2,0
ENSMUSG00000096594,Igkv8-19,0,0,0,0,0,0,0,0,0,0,0,0
ENSMUSG00000076589,Igkv8-18,0,0,0,0,0,0,0,0,0,0,0,0
ENSMUSG00000106031,Gm8848,0,0,0,0,0,0,0,0,0,0,0,0
ENSMUSG00000095794,Igkv6-17,0,0,0,0,0,0,0,0,0,0,0,0
ENSMUSG00000076591,Igkv8-16,0,0,0,0,0,0,0,0,0,0,0,0
ENSMUSG00000106428,Gm42667,0,0,0,0,0,0,0,0,0,0,0,0
ENSMUSG00000094797,Igkv6-15,0,0,0,0,0,0,0,0,0,0,0,0
ENSMUSG00000106624,Gm8853,0,1,0,0,1,0,0,0,0,0,0,0
ENSMUSG00000072477,Gm10360,0,0,0,0,0,0,0,0,0,0,0,0
ENSMUSG00000105687,Gm6157,1,3,4,1,1,0,1,0,4,1,1,1
ENSMUSG00000040613,Apobec1,34,50,44,50,67,44,41,51,51,48,47,34
ENSMUSG00000096844,Igkv6-14,0,0,0,0,0,0,0,0,0,0,0,0
ENSMUSG00000104643,Gm8862,0,0,0,0,0,0,0,0,0,0,0,0
ENSMUSG00000030117,Gdf3,0,0,0,0,0,0,0,0,0,0,0,0
ENSMUSG00000076594,Igkv6-13,0,0,0,0,0,0,0,0,0,0,0,0
ENSMUSG00000065721,Gm26168,0,0,0,0,0,0,0,0,0,0,0,0
ENSMUSG00000105305,Gm8872,0,0,0,0,0,0,0,0,0,0,0,0
ENSMUSG00000106315,Gm42720,0,0,0,0,0,0,0,0,0,0,0,0
ENSMUSG00000104692,Gm42773,0,0,0,0,0,0,0,0,0,0,0,0
ENSMUSG00000105862,Igkv3-12-1,0,0,0,0,0,0,0,0,0,0,0,0
ENSMUSG00000046323,Dppa3,0,0,0,0,0,0,0,0,0,0,0,0
ENSMUSG00000094117,Igkv3-12,0,0,0,0,0,0,0,0,0,0,0,0
ENSMUSG00000072789,Gm10420,1,5,4,1,1,0,0,0,0,1,0,2
ENSMUSG00000105499,Igkv3-11,0,0,0,0,0,0,0,0,0,0,0,0
ENSMUSG00000080932,Gm10224,4,6,0,4,2,1,2,2,5,6,4,2
ENSMUSG00000079477,Rab7,3550,4229,3476,3659,3060,3163,3446,3720,3706,3492,2718,2425
ENSMUSG00000076596,Igkv3-10,0,0,0,0,0,0,0,0,0,0,0,0
ENSMUSG00000108268,Gm44187,8,7,9,9,1,6,6,5,1,8,0,4
ENSMUSG00000095338,Igkv3-9,0,0,0,0,0,0,0,0,0,0,0,0
ENSMUSG00000104760,Igkv3-8,0,0,0,0,0,0,0,0,0,0,0,0
ENSMUSG00000076598,Igkv3-7,0,0,0,0,0,0,0,0,0,0,0,0
ENSMUSG00000030246,Ldhb,101,105,99,88,108,70,119,100,95,96,102,73
ENSMUSG00000106667,Igkv3-6,0,0,0,0,0,0,0,0,0,0,0,0
ENSMUSG00000095335,Igkv3-5,0,0,0,0,0,0,0,0,0,0,0,0
ENSMUSG00000029862,Clcn1,2,3,4,6,5,4,5,6,7,5,3,5
ENSMUSG00000096715,Igkv3-4,0,0,0,0,0,0,0,0,0,0,0,0
ENSMUSG00000030247,Kcnj8,5,3,4,5,7,5,3,2,12,9,3,5
ENSMUSG00000094478,Igkv3-3,0,0,0,0,0,0,0,0,0,0,0,0
ENSMUSG00000095351,Igkv3-2,0,0,0,0,0,0,0,0,0,2,0,0
ENSMUSG00000095682,Igkv3-1,0,0,0,0,0,0,0,0,0,0,0,0
ENSMUSG00000105646,Gm30211,1,0,0,0,0,0,0,0,0,0,0,0
ENSMUSG00000030062,Rpn1,7057,7026,5430,5673,6610,3457,5439,6192,6405,5483,6494,5883
ENSMUSG00000012396,Nanog,0,0,0,1,0,1,0,0,0,0,0,0
ENSMUSG00000099095,Mir6376,0,0,0,0,0,0,0,0,0,0,0,0
ENSMUSG00000108010,Gm38708,0,0,1,0,0,0,0,0,0,0,0,0
ENSMUSG00000015053,Gata2,5,5,4,3,8,1,3,5,3,6,1,0
ENSMUSG00000076604,Igkj1,0,0,0,0,0,0,0,0,0,0,0,0
ENSMUSG00000107776,Gm44388,0,0,0,0,0,0,0,0,0,0,0,0
ENSMUSG00000048206,Dnajb8,0,0,0,0,0,0,0,0,0,0,0,0
ENSMUSG00000047046,1700031F10Rik,0,0,0,0,0,0,0,1,0,0,0,0
ENSMUSG00000029861,Fam131b,18,13,11,18,5,8,13,12,19,7,6,4
ENSMUSG00000108033,Gm44284,3,2,5,2,3,4,3,4,4,2,0,0
ENSMUSG00002076678,#N/A,0,0,0,0,0,0,0,0,0,0,0,0
ENSMUSG00000003153,Slc2a3,3549,3802,2731,2642,2058,905,1976,2350,2516,2291,1667,1593
ENSMUSG00000107066,Gm4482,2,1,3,4,2,2,0,4,7,9,2,3
ENSMUSG00000107868,Gm5112,5,1,3,4,5,7,4,8,2,0,4,4
ENSMUSG00000097635,Gm26826,1,2,2,0,7,5,1,2,2,2,3,0
ENSMUSG00000076605,Igkj2,0,0,0,0,1,0,0,0,0,0,0,0
ENSMUSG00000076606,Igkj3,0,0,0,0,0,0,0,0,0,0,0,0
ENSMUSG00000003154,Foxj2,682,660,462,416,495,295,431,519,555,466,554,521
ENSMUSG00000106580,Mir7231,1,0,0,0,0,0,0,0,0,0,0,0
ENSMUSG00000076607,Igkj4,0,0,0,0,0,0,0,0,0,0,0,0
ENSMUSG00000040552,C3ar1,0,0,0,0,0,1,0,0,0,0,0,0
ENSMUSG00000033216,Eefsec,577,584,439,491,584,310,492,564,633,561,677,593
ENSMUSG00000107472,Gm44265,0,0,0,0,0,1,0,1,0,0,1,0
ENSMUSG00000030327,Necap1,454,505,381,434,434,187,417,409,421,391,373,384
ENSMUSG00002075885,#N/A,0,0,0,0,0,0,0,0,0,0,0,0
ENSMUSG00000076608,Igkj5,0,0,0,0,0,0,0,0,0,0,0,0
ENSMUSG00000107561,Gm44264,1,1,0,0,0,2,0,0,1,1,1,0
ENSMUSG00000049249,Gm5316,0,0,0,0,0,0,0,0,0,0,0,0
ENSMUSG00000029860,Zyx,4042,3923,2557,2499,2272,1193,2374,2647,2831,2530,2009,1892
ENSMUSG00000076609,Igkc,25,12,2,4,1,0,3,6,6,11,2,4
ENSMUSG00000049037,Clec4a1,0,0,0,1,2,1,0,1,1,0,1,2
ENSMUSG00000053604,Rpia,1760,1693,1362,1577,1621,858,1416,1431,1917,1586,1636,1643
ENSMUSG00000030079,Ruvbl1,1123,1185,940,908,1148,804,925,988,1200,1006,1205,981
ENSMUSG00000043832,Clec4a3,0,0,0,0,0,0,0,0,0,0,0,0
ENSMUSG00000059639,Clec4a4,0,0,0,0,0,0,0,0,0,0,0,0
ENSMUSG00000029859,Epha1,10,5,0,3,3,3,1,2,1,4,1,1
ENSMUSG00000031668,Eif2ak3,578,623,505,497,375,218,401,545,433,403,398,391
ENSMUSG00000065750,Gm23346,0,0,0,0,3,1,0,0,0,0,0,0
ENSMUSG00000105776,Gm43292,0,0,0,0,0,2,0,0,0,0,0,0
ENSMUSG00000101268,2010310C07Rik,0,1,2,1,2,0,1,1,0,1,0,0
ENSMUSG00000046652,Tas2r143,0,0,0,0,0,0,0,0,0,0,0,0
ENSMUSG00000030147,Clec4b1,0,3,0,0,1,0,0,0,0,0,0,0
ENSMUSG00000056203,Tas2r135,0,0,0,0,0,0,0,0,0,1,0,0
ENSMUSG00000051896,Tex37,0,0,0,0,0,0,0,0,0,0,0,0
ENSMUSG00000048284,Tas2r126,0,0,0,0,0,0,0,0,0,0,0,0
ENSMUSG00000108150,Gm44470,0,0,0,0,0,0,0,0,0,0,0,0
ENSMUSG00000055874,Foxi3,0,0,0,0,0,0,0,0,0,0,0,0
ENSMUSG00000068574,Olfr458,0,0,0,0,0,9,0,0,0,0,0,0
ENSMUSG00000077369,Gm23485,0,0,0,0,0,0,0,0,0,0,0,0
ENSMUSG00000107446,Gm43906,0,0,0,0,0,0,0,0,0,0,0,0
ENSMUSG00000068396,Rpl34-ps1,0,0,0,0,0,0,0,0,0,0,1,0
ENSMUSG00000091983,Olfr457,0,0,0,0,0,0,0,0,0,0,0,0
ENSMUSG00000030082,Sec61a1,9322,10317,8321,8335,8040,3494,7307,8463,8090,7422,6869,6435
ENSMUSG00000090631,Olfr456,0,0,0,0,0,0,0,0,0,0,0,0
ENSMUSG00000078177,Gm4877,0,0,1,0,1,0,1,0,0,2,0,0
ENSMUSG00000107659,Gm44170,9,8,2,5,6,1,6,2,10,6,6,2
ENSMUSG00000071494,Olfr455,0,0,0,0,0,0,0,0,0,0,0,0
ENSMUSG00000107698,Gm44430,3,2,1,5,6,7,8,2,3,3,3,5
ENSMUSG00000018656,Tcaf3,0,0,0,0,0,0,0,0,0,0,0,0
ENSMUSG00000033182,Kbtbd12,0,0,1,1,0,4,0,1,0,0,0,0
ENSMUSG00000054474,Thnsl2,10,20,7,9,12,4,14,11,18,9,9,12
ENSMUSG00000097730,Gm26588,0,2,1,1,2,2,0,0,0,0,1,0
ENSMUSG00000030148,Clec4a2,0,0,0,0,0,0,0,0,0,0,0,0
ENSMUSG00000108206,Gm44427,0,0,0,0,0,0,0,0,0,0,0,0
ENSMUSG00000108212,Gm44132,0,0,0,0,0,0,0,0,0,0,0,0
ENSMUSG00000029851,Tcaf2,0,0,0,0,0,0,0,1,1,0,0,0
ENSMUSG00000107471,Gm44147,0,0,0,0,0,0,0,0,0,0,0,0
ENSMUSG00000054422,Fabp1,0,0,0,0,0,0,0,0,0,0,0,0
ENSMUSG00000067767,Clec4b2,0,0,0,0,0,0,0,0,0,0,0,0
ENSMUSG00000089183,Gm22946,0,0,0,0,0,0,0,0,0,0,0,0
ENSMUSG00000083713,Gm5883,0,2,4,3,2,1,3,0,1,1,2,1
ENSMUSG00000036667,Tcaf1,0,0,0,0,2,3,0,0,0,0,0,0
ENSMUSG00000107986,Olfr454-ps1,0,0,0,0,0,0,0,0,0,0,0,0
ENSMUSG00000107416,Gm44030,0,0,0,0,0,0,0,0,0,0,0,0
ENSMUSG00000107650,Gm44032,0,0,0,0,0,0,0,0,0,0,0,0
ENSMUSG00000095831,Olfr453,0,0,0,0,0,0,0,0,0,0,0,0
ENSMUSG00000107818,Gm44034,0,0,0,0,0,0,0,0,0,0,0,0
ENSMUSG00000023349,Clec4n,0,0,0,0,0,0,0,0,0,0,0,0
ENSMUSG00000095236,Olfr38,0,0,0,0,0,0,0,0,0,0,0,0
ENSMUSG00000065034,Gm22363,0,0,0,0,0,0,0,0,0,0,0,0
ENSMUSG00000094192,Olfr452,0,0,0,0,0,1,0,0,0,0,0,0
ENSMUSG00000108058,Olfr451-ps1,0,0,0,0,0,0,0,0,0,0,0,0
ENSMUSG00000054431,Olfr450,0,0,0,0,0,0,0,0,0,0,0,0
ENSMUSG00002075492,#N/A,0,0,0,0,0,0,0,0,0,0,0,0
ENSMUSG00000030144,Clec4d,0,0,0,0,0,1,0,0,0,0,0,0
ENSMUSG00000049168,Olfr449,0,0,0,0,0,0,0,0,0,0,0,0
ENSMUSG00000055027,Smyd1,29,34,9,12,5,4,6,19,17,14,31,29
ENSMUSG00000043119,Olfr448,0,0,0,0,0,2,0,0,0,0,0,0
ENSMUSG00000045708,Olfr447,0,0,0,0,0,0,0,0,0,0,0,0
ENSMUSG00000098623,Mir8112,0,0,0,0,0,0,0,0,0,0,0,0
ENSMUSG00000073111,Olfr446,0,0,0,0,0,0,0,0,0,0,0,0
ENSMUSG00000108157,Olrf445-ps1,0,0,0,0,0,0,0,0,0,0,0,0
ENSMUSG00000073110,Olfr444,0,0,0,0,0,0,0,0,0,0,0,0
ENSMUSG00000053012,Krcc1,447,416,370,347,456,445,375,450,456,464,529,530
ENSMUSG00000091008,Gm17472,0,0,0,0,0,0,0,0,0,0,0,0
ENSMUSG00000107749,Gm44321,58,24,43,33,23,23,14,36,27,43,40,36
ENSMUSG00000091386,Olfr443-ps1,0,0,0,0,0,1,0,0,0,0,0,0
ENSMUSG00000073018,Gm1070,0,0,1,0,0,0,0,0,0,0,2,0
ENSMUSG00000076500,Gm20730,0,0,0,0,0,0,0,0,0,0,0,0
ENSMUSG00000108193,Olfr442-ps1,0,0,0,0,0,0,0,0,0,0,0,0
ENSMUSG00000094669,Olfr441,0,0,0,0,0,0,0,0,0,0,0,0
ENSMUSG00000107889,Olfr440-ps1,0,0,0,0,0,0,0,0,0,0,0,0
ENSMUSG00000108149,Olfr439-ps1,0,0,0,0,0,0,0,0,0,0,0,0
ENSMUSG00000094200,Olfr237,0,0,0,0,0,0,0,0,0,0,0,0
ENSMUSG00000053044,Cd8b1,1035,1153,474,500,337,190,433,424,613,572,1173,1109
ENSMUSG00000030142,Clec4e,1,0,1,3,1,3,0,0,0,0,1,1
ENSMUSG00000071481,Olfr437,0,0,0,0,0,0,0,0,0,0,0,0
ENSMUSG00000107855,Gm44110,0,0,0,0,0,0,0,0,0,0,0,0
ENSMUSG00000107959,Gm44111,0,0,0,0,0,0,0,0,0,0,0,0
ENSMUSG00000043605,Olfr13,0,0,0,0,0,1,0,0,0,0,0,0
ENSMUSG00000108289,Gm44174,5,6,2,2,1,1,1,4,5,0,18,15
ENSMUSG00000107469,Olfr436-ps1,0,0,0,0,0,0,0,0,0,0,0,0
ENSMUSG00000091260,Vmn2r19,0,0,0,0,0,0,0,0,0,0,0,0
ENSMUSG00000108132,Gm44175,6,3,0,0,1,6,0,0,1,2,3,5
ENSMUSG00000048693,Olfr435,0,0,0,0,0,0,0,0,0,0,0,0
ENSMUSG00000096158,Gm21827,0,0,0,0,0,0,0,0,0,0,0,0
ENSMUSG00000094145,Vmn2r20,0,0,0,0,0,3,0,0,0,0,0,0
ENSMUSG00000119100,#N/A,0,0,0,0,0,0,0,0,0,0,0,0
ENSMUSG00000059411,Olfr434,0,0,0,0,0,0,0,0,0,0,0,0
ENSMUSG00000033174,Mgll,845,1087,554,696,418,181,537,528,834,845,313,342
ENSMUSG00000093652,Vmn2r-ps31,0,0,0,0,0,0,0,0,0,0,0,0
ENSMUSG00000061210,Olfr47,0,0,0,0,0,0,0,0,0,0,0,0
ENSMUSG00000093820,Vmn2r21,0,0,0,0,0,0,0,0,0,0,0,0
ENSMUSG00000107624,Gm44005,10,12,10,7,3,7,9,6,10,12,3,9
ENSMUSG00000108190,Gm44731,1,0,1,0,4,0,2,3,1,6,1,3
ENSMUSG00000107835,Gm43999,7,4,7,6,9,0,3,4,4,9,3,6
ENSMUSG00000119588,#N/A,0,0,0,0,0,0,0,0,0,0,0,0
ENSMUSG00000107719,Gm43937,0,0,0,0,0,0,0,0,0,0,0,0
ENSMUSG00000118969,#N/A,0,0,0,0,0,0,0,0,0,0,0,0
ENSMUSG00000107966,Gm44001,3,1,0,2,1,0,2,3,1,1,1,2
ENSMUSG00000093724,Vmn2r-ps32,0,0,0,0,0,0,0,0,0,0,0,0
ENSMUSG00000095486,Vmn2r22,0,0,0,0,0,1,0,0,0,0,0,0
ENSMUSG00000053977,Cd8a,2387,2737,899,1009,629,351,791,806,1494,1355,2910,2673
ENSMUSG00000118820,#N/A,0,0,0,0,0,0,0,0,0,0,0,0
ENSMUSG00000091620,Vmn2r23,0,0,1,0,0,5,0,0,0,0,1,0
ENSMUSG00000088716,Gm22724,0,0,0,0,0,0,0,0,0,0,0,0
ENSMUSG00000033542,Arhgef5,214,238,114,137,125,103,140,150,197,183,185,155
ENSMUSG00000002222,Rmnd5a,1604,1629,1630,1512,1575,1021,1271,1703,1593,1496,1605,1508
ENSMUSG00000107861,Gm44253,0,0,0,2,0,0,0,0,0,0,0,0
ENSMUSG00000108211,Gm44130,3,4,1,2,1,2,2,1,3,2,2,4
ENSMUSG00000108213,Gm44172,0,0,0,0,0,0,0,0,0,0,0,0
ENSMUSG00000072780,Vmn2r24,1,0,0,0,1,0,2,0,0,0,1,0
ENSMUSG00000107460,Gm44186,0,0,0,0,1,2,0,0,0,0,1,0
ENSMUSG00000088472,Gm23079,0,0,0,0,0,0,0,0,0,0,0,0
ENSMUSG00000094672,Vmn2r25,0,0,0,0,0,2,1,1,0,0,0,0
ENSMUSG00000052656,Rnf103,258,261,264,204,242,159,209,272,288,244,232,221
ENSMUSG00000108278,Gm44194,0,0,0,0,0,0,0,0,0,0,0,0
ENSMUSG00000108240,Gm5317,0,0,0,0,0,0,0,0,1,0,0,0
ENSMUSG00000107406,1700040L08Rik,1,0,0,0,0,3,0,0,3,0,1,2
ENSMUSG00000029736,Nobox,0,0,0,0,0,0,0,0,0,0,0,0
ENSMUSG00000108198,Gm44823,0,0,0,0,0,0,0,0,0,0,0,0
ENSMUSG00000093385,A330044P14Rik,0,0,0,0,0,0,0,0,0,0,0,0
ENSMUSG00000088999,Gm22763,0,0,0,0,0,0,0,0,0,0,0,0
ENSMUSG00000030083,Abtb1,113,144,122,150,92,34,109,125,119,106,81,83
ENSMUSG00000096630,Vmn2r26,0,0,0,0,0,0,0,0,0,0,0,0
ENSMUSG00000089307,Gm24843,0,0,0,0,0,0,0,0,0,0,0,0
ENSMUSG00000095544,Vmn2r-ps33,0,0,0,0,0,0,0,0,0,0,0,0
ENSMUSG00000088241,Gm22916,0,0,0,0,0,0,0,0,0,0,0,0
ENSMUSG00000053119,Chmp3,1016,1296,956,1019,947,606,1032,1085,1076,1036,928,821
ENSMUSG00000107718,Vmn2r-ps34,0,0,0,0,0,2,0,0,0,0,0,0
ENSMUSG00000088443,Gm23554,0,0,0,0,0,0,0,0,0,0,0,0
ENSMUSG00000029735,Tpk1,122,100,83,102,61,43,96,90,86,74,87,51
ENSMUSG00000084325,Gm15550,0,0,0,1,0,1,0,0,0,0,1,0
ENSMUSG00000107709,9430018G01Rik,0,1,0,4,0,0,0,0,1,0,0,0
ENSMUSG00000107465,Gm5990,0,0,1,0,0,0,0,0,0,0,0,0
ENSMUSG00000107920,Gm7783,0,0,2,0,0,0,0,0,0,0,1,0
ENSMUSG00000077146,Gm22939,0,0,0,0,0,0,0,0,0,0,0,0
ENSMUSG00000107598,Gm35216,0,0,0,0,0,0,0,0,0,0,0,0
ENSMUSG00000072778,Vmn2r27,0,0,0,0,0,2,0,0,0,0,1,0
ENSMUSG00000107953,Gm44211,0,0,0,0,0,0,0,0,0,0,0,0
ENSMUSG00000107921,Gm6423,0,0,0,0,0,0,0,0,0,0,0,0
ENSMUSG00000107845,Gm44212,0,0,0,0,0,0,0,0,0,0,0,0
ENSMUSG00000107773,Gm43971,0,0,0,0,0,0,0,0,0,0,0,0
ENSMUSG00000107904,Gm44213,0,0,0,0,0,0,0,0,0,0,0,0
ENSMUSG00000107600,Gm6308,0,0,0,0,0,0,0,0,0,0,0,0
ENSMUSG00000119087,#N/A,0,0,0,0,0,0,0,0,0,0,0,0
ENSMUSG00000033152,Podxl2,6,7,7,3,2,0,1,3,5,3,0,0
ENSMUSG00000085828,Gm15612,3,2,0,5,1,0,1,3,5,3,0,2
ENSMUSG00000107432,Gm36189,0,1,0,0,0,0,0,0,1,0,0,0
ENSMUSG00000039419,Cntnap2,0,0,0,0,0,2,0,0,0,0,0,0
ENSMUSG00000107729,B230112I24Rik,0,0,0,0,0,0,0,0,0,0,0,0
ENSMUSG00000107858,Gm43879,0,0,0,0,0,0,0,0,0,0,0,0
ENSMUSG00000108070,Gm43872,0,0,0,0,0,0,0,0,0,0,0,0
ENSMUSG00000107643,Gm43885,0,0,0,0,0,0,0,0,0,0,0,0
ENSMUSG00000108146,Gm43889,0,0,0,0,0,0,0,0,0,0,0,0
ENSMUSG00000107779,Gm43874,0,0,0,0,0,0,0,0,0,0,0,0
ENSMUSG00000108008,Gm43869,0,0,0,0,0,0,0,0,0,0,0,0
ENSMUSG00000107414,6330419E04Rik,0,0,0,0,0,0,0,0,0,0,0,0
ENSMUSG00000107433,Gm43882,0,0,0,0,0,0,0,0,0,0,0,0
ENSMUSG00000108123,Gm43884,0,0,0,0,0,0,0,0,0,0,0,0
ENSMUSG00000107886,Gm43880,0,0,0,0,0,0,0,0,0,0,1,0
ENSMUSG00000108055,Gm43876,0,0,0,0,0,2,0,0,0,0,0,0
ENSMUSG00000107515,Gm43886,0,0,0,0,0,0,0,0,0,0,0,0
ENSMUSG00002076345,#N/A,0,0,0,0,0,0,0,0,0,0,0,0
ENSMUSG00000107913,Gm43871,0,0,0,0,0,0,0,0,0,0,0,0
ENSMUSG00000107606,Gm43873,0,0,0,0,0,0,0,0,0,0,0,0
ENSMUSG00000107571,Gm43877,0,0,0,0,0,1,0,0,0,0,0,0
ENSMUSG00000107782,Gm43888,0,0,0,0,0,0,0,0,0,0,0,0
ENSMUSG00000108189,Gm43887,0,0,0,0,1,0,0,0,0,0,0,0
ENSMUSG00000107712,Gm43870,0,0,0,0,0,0,0,0,0,0,0,0
ENSMUSG00000030249,Abcc9,0,0,0,0,1,2,0,0,0,0,0,0
ENSMUSG00000008845,Cd163,0,0,0,0,0,0,0,0,0,0,0,0
ENSMUSG00000107442,Gm43881,0,0,0,0,0,0,0,0,0,0,0,0
ENSMUSG00000089538,Gm25161,0,0,0,0,0,0,0,0,0,0,0,0
ENSMUSG00000107454,Gm43875,0,0,0,0,0,1,0,0,0,0,0,0
ENSMUSG00000079575,Rbpj-ps3,42,55,27,32,37,6,24,26,25,22,35,29
ENSMUSG00000107725,Gm18484,0,0,0,0,0,0,0,0,0,0,0,0
ENSMUSG00000079346,1700013D24Rik,0,0,0,0,0,0,0,0,0,0,0,0
ENSMUSG00000107532,Gm35931,1,0,0,0,0,0,1,0,0,0,0,0
ENSMUSG00000107737,1700027F06Rik,0,0,0,0,0,0,0,0,0,0,0,0
ENSMUSG00000108217,Gm43883,0,0,0,0,0,0,0,0,0,0,0,0
ENSMUSG00000107988,Gm44006,0,0,0,0,0,0,0,0,0,0,0,0
ENSMUSG00000107952,Gm6352,0,0,0,0,0,0,0,0,0,0,0,0
ENSMUSG00000108026,Gm44007,0,0,0,0,1,0,1,0,0,0,0,0
ENSMUSG00000107853,Gm18584,10,3,1,5,7,0,3,2,5,3,5,3
ENSMUSG00000104234,5330439B14Rik,0,0,0,0,0,0,0,0,0,0,0,0
ENSMUSG00000053470,Kdm3a,1300,1478,1332,1250,1164,894,1016,1275,1289,1244,1324,1186
ENSMUSG00000002870,Mcm2,6112,5974,4672,4981,5598,2423,4740,5365,6349,5410,6269,6210
ENSMUSG00000108772,Gm6063,0,1,0,0,0,0,0,2,2,2,0,1
ENSMUSG00000108496,Gm44768,0,0,0,0,0,0,0,0,2,0,0,0
ENSMUSG00000108813,Rpl19-ps9,21,7,4,7,2,22,6,6,16,13,10,13
ENSMUSG00000030282,Cmas,973,1005,898,935,986,592,922,1022,923,724,922,881
ENSMUSG00000052852,Reep1,23,25,15,17,23,12,20,21,16,19,27,21
ENSMUSG00000108802,Gm44769,1,0,2,1,0,2,1,0,0,1,1,0
ENSMUSG00000108594,Gm44770,3,0,1,0,0,2,1,0,0,1,0,0
ENSMUSG00000048473,Sult6b2,0,0,0,0,0,0,0,1,0,0,0,0
ENSMUSG00000072683,Gm7457,0,0,3,5,1,1,1,3,2,5,0,0
ENSMUSG00000052962,Mrpl35,868,1104,812,907,989,484,1006,968,1029,964,940,900
ENSMUSG00000108466,Gm44771,0,0,1,2,2,0,1,3,3,0,2,0
ENSMUSG00000030283,St8sia1,154,149,296,239,279,211,272,313,173,183,162,201
ENSMUSG00000107443,Gm7468,0,0,0,1,0,0,0,2,0,0,0,0
ENSMUSG00000108085,A930014E10Rik,0,0,0,0,0,0,0,0,0,0,0,0
ENSMUSG00000107839,4930434O05Rik,0,0,0,0,0,0,0,0,0,0,0,0
ENSMUSG00000029686,Cul1,2695,2993,2462,2492,2752,2006,2338,2604,2734,2586,2741,2487
ENSMUSG00000052241,A930035D04Rik,9,20,14,18,12,2,18,11,15,23,12,18
ENSMUSG00000005069,Pex5,615,677,518,523,472,145,452,441,498,460,407,457
ENSMUSG00000002871,Tpra1,266,314,245,271,301,89,327,295,257,222,217,239
ENSMUSG00000107676,Gm44178,0,0,2,0,0,0,0,0,0,1,0,0
ENSMUSG00000008153,Clstn3,8,22,14,8,6,6,9,11,11,2,2,8
ENSMUSG00000055403,4933427D06Rik,0,0,0,0,1,0,0,0,0,0,1,0
ENSMUSG00000118414,Gm50463,0,0,0,0,0,0,0,0,0,0,0,0
ENSMUSG00000107552,Gm44096,0,0,0,0,0,0,0,0,0,0,0,0
ENSMUSG00000038527,C1rl,0,1,0,0,0,0,0,0,0,0,0,0
ENSMUSG00000090254,Gm1965,0,0,0,0,0,1,0,0,0,0,0,0
ENSMUSG00000090013,Gm6507,0,0,0,0,0,0,0,0,0,0,0,0
ENSMUSG00000108221,Gm44203,0,0,0,0,0,0,0,0,0,0,0,0
ENSMUSG00000060416,Gm839,0,0,0,0,0,0,0,0,0,0,0,0
ENSMUSG00002076033,#N/A,0,0,0,0,0,0,0,0,0,0,0,0
ENSMUSG00000107732,Gm44204,0,0,0,0,0,0,0,0,0,0,0,0
ENSMUSG00000107622,4930512J16Rik,0,0,1,0,0,0,0,0,0,0,0,0
ENSMUSG00000055172,C1ra,3,2,0,4,1,3,1,0,0,2,6,3
ENSMUSG00000097816,Gm26811,0,0,2,0,0,2,1,1,1,1,0,2
ENSMUSG00000029661,Col1a2,1,3,0,0,0,4,0,0,0,1,0,0
ENSMUSG00000038521,C1s1,5,4,0,4,2,0,0,1,1,1,0,1
ENSMUSG00000089961,Gm16567,1,0,0,0,0,0,0,0,0,0,0,0
ENSMUSG00000107568,Gm18840,0,0,0,0,0,0,0,0,0,0,0,0
ENSMUSG00000098470,C1rb,1,0,0,0,0,0,0,0,0,0,0,0
ENSMUSG00000030084,Plxna1,1861,1823,1555,1528,1691,808,1189,1788,1606,1536,1634,1638
ENSMUSG00000107570,Gm44207,0,0,0,0,0,0,0,0,0,0,0,0
ENSMUSG00000029687,Ezh2,2656,2625,2477,2396,3355,2413,2766,2796,2611,2169,3325,2911
ENSMUSG00000107628,Gm44282,0,0,0,0,0,0,0,0,0,0,0,1
ENSMUSG00000108180,Gm44141,0,2,0,0,0,1,0,0,1,0,0,0
ENSMUSG00000079343,C1s2,6,2,5,3,6,4,7,3,0,4,3,0
ENSMUSG00000087897,Gm25283,0,0,0,0,1,1,0,0,1,2,0,0
ENSMUSG00000064945,Rny3,0,0,0,0,1,1,0,1,0,0,0,0
ENSMUSG00000097255,Rpl31-ps7,0,0,0,1,1,2,0,0,1,0,0,1
ENSMUSG00000065701,Rny1,0,0,0,0,0,0,0,0,0,0,1,0
ENSMUSG00000025823,Pdia4,2807,2947,2173,2007,2398,1607,1908,2397,2512,2043,2975,2488
ENSMUSG00000076060,Mir704,2,4,0,1,1,2,5,3,0,2,2,0
ENSMUSG00000030086,Chchd6,42,47,31,31,50,10,44,60,37,30,41,50
ENSMUSG00000094557,Rpl35a-ps7,1,2,1,1,2,3,0,0,1,1,0,2
ENSMUSG00000107680,Gm43903,0,0,0,0,0,0,0,0,0,0,0,0
ENSMUSG00000004270,Lpcat3,1191,1290,946,1000,869,457,981,1044,1048,984,922,893
ENSMUSG00000051499,Zfp786,15,20,12,9,2,7,5,13,8,7,14,9
ENSMUSG00000004268,Emg1,3616,4169,3274,3556,3767,1647,3518,3170,4033,3464,3458,3506
ENSMUSG00000062519,Zfp398,656,731,550,516,478,330,380,620,508,499,529,531
ENSMUSG00000107604,Gm44041,5,8,3,4,6,7,3,7,13,9,11,9
ENSMUSG00000025821,Zfp282,938,1010,788,809,874,356,788,984,953,863,862,818
ENSMUSG00000052337,Immt,3951,4141,3363,3417,3597,2488,3001,3722,3866,3547,3852,3316
ENSMUSG00000052763,Zfp212,278,275,220,233,231,98,222,283,282,219,225,241
ENSMUSG00000108681,Gm17825,2,0,0,0,1,0,0,0,1,2,0,0
ENSMUSG00000000811,Txnrd3,469,532,373,360,359,268,388,456,487,478,381,352
ENSMUSG00000100128,Vmn1r-ps25,0,0,0,0,0,0,0,0,0,0,0,0
ENSMUSG00000096051,Vmn1r40,0,0,0,0,0,0,0,0,0,0,0,0
ENSMUSG00000004264,Phb2,9655,10538,7724,8416,8783,4248,8459,8264,10532,9252,8401,8726
ENSMUSG00000094586,Vmn1r41,0,0,0,0,0,0,0,0,0,0,0,0
ENSMUSG00000092311,Vmn1r-ps26,0,0,0,0,0,0,0,0,0,0,0,0
ENSMUSG00000088835,Gm23547,7,9,9,7,9,2,7,7,12,10,8,11
ENSMUSG00000092237,Vmn1r-ps27,0,0,0,0,0,3,0,0,0,0,0,0
ENSMUSG00000087327,Gm15884,4,2,0,4,3,2,4,2,4,1,8,0
ENSMUSG00000099609,Gm29008,0,0,0,0,2,0,0,0,0,0,2,0
ENSMUSG00000065474,Mir141,0,0,0,0,0,0,0,0,0,0,0,0
ENSMUSG00000065462,Mir200c,0,0,0,0,0,0,0,0,0,0,0,0
ENSMUSG00000068232,Vmn1r42,0,0,0,0,0,0,0,0,0,0,0,0
ENSMUSG00000068231,Vmn1r43,0,0,0,0,0,0,0,0,0,0,0,0
ENSMUSG00000072653,Zfp783,618,619,512,506,543,241,414,455,593,539,573,573
ENSMUSG00000045466,Zfp956,196,264,191,198,145,53,177,213,219,163,164,157
ENSMUSG00000107824,Gm6443,2,14,3,14,11,1,16,16,7,7,8,3
ENSMUSG00000068234,Vmn1r44,0,0,0,0,0,0,0,0,0,0,0,0
ENSMUSG00000092228,Vmn1r-ps28,0,0,0,0,0,0,0,0,0,0,0,0
ENSMUSG00000071477,Zfp777,1473,1783,1232,1330,1174,681,1133,1447,1467,1365,1196,1112
ENSMUSG00000108101,Gm45738,16,22,14,23,10,12,11,16,14,18,8,4
ENSMUSG00002075679,#N/A,0,1,1,0,1,1,0,1,1,0,1,0
ENSMUSG00000063884,Ptcd3,2113,2383,1917,1862,2218,1792,1532,1976,2108,2038,2300,2026
ENSMUSG00000044248,Vmn1r45,0,0,0,0,0,0,0,0,0,0,0,0
ENSMUSG00000080465,Gm22486,2,4,3,8,5,3,2,3,3,2,5,5
ENSMUSG00000061653,Vmn1r46,0,0,0,0,0,2,0,0,0,0,0,0
ENSMUSG00000092303,Vmn1r-ps29,0,0,0,0,0,0,0,0,0,0,0,0
ENSMUSG00000057691,Zfp746,1636,1784,1467,1544,1506,675,1155,1552,1693,1514,1402,1456
ENSMUSG00000060724,Vmn1r47,0,0,0,0,0,0,0,0,0,0,0,0
ENSMUSG00000057592,Vmn1r48,0,0,0,0,0,0,0,0,0,0,0,0
ENSMUSG00000092450,Vmn1r-ps31,0,0,0,0,0,0,0,0,0,0,0,0
ENSMUSG00000092588,Gm20534,0,0,0,0,0,0,0,0,0,0,0,0
ENSMUSG00000097434,Gm16630,0,1,0,0,0,0,0,0,0,0,0,0
ENSMUSG00000092888,Gm22122,0,0,0,0,0,0,0,0,0,0,0,0
ENSMUSG00000107875,Gm44696,2,0,1,1,1,0,1,0,1,0,0,0
ENSMUSG00000108275,Gm7880,0,0,0,0,0,0,0,0,0,0,0,0
ENSMUSG00000030279,C2cd5,559,569,446,451,589,379,445,538,477,536,577,576
ENSMUSG00000095932,Vmn1r49,0,0,0,0,0,0,0,0,0,0,0,0
ENSMUSG00000094553,Vmn1r50,0,0,0,0,0,0,0,0,0,0,0,0
ENSMUSG00000108094,Gm31108,0,1,2,2,0,2,2,1,1,2,0,3
ENSMUSG00000107693,Gm44312,0,0,0,0,0,0,0,0,0,0,0,0
ENSMUSG00000107398,Gm44306,0,0,0,0,0,0,0,0,0,0,0,0
ENSMUSG00000062818,Vmn1r51,0,0,0,0,0,0,0,0,0,0,0,0
ENSMUSG00000092247,Gm20426,1,5,0,0,0,0,0,1,0,0,0,0
ENSMUSG00000061843,Vmn1r-ps32,0,0,0,0,0,0,0,0,0,0,0,0
ENSMUSG00000030275,Etnk1,3329,3248,2960,2636,2581,1720,2101,2866,2881,2722,2993,2816
ENSMUSG00000107802,1700126G02Rik,0,0,0,0,0,0,0,0,0,0,0,0
ENSMUSG00000060816,Vmn1r52,0,0,0,0,0,0,0,0,0,0,0,0
ENSMUSG00000062546,V1ra8,0,2,0,0,0,2,0,0,1,0,0,0
ENSMUSG00000057697,Vmn1r53,0,0,0,0,0,0,0,0,0,0,0,0
ENSMUSG00000092552,Gm4287,0,0,0,0,0,0,0,0,0,0,0,1
ENSMUSG00000072679,D6Ertd474e,0,0,0,0,0,0,0,0,0,0,0,0
ENSMUSG00000099754,Vmn1r-ps34,0,0,0,0,0,0,0,0,0,0,0,0
ENSMUSG00000049553,Polr1a,8618,8878,7020,7168,6016,3284,5387,7610,7923,7519,6527,6011
ENSMUSG00000077241,Gm23272,0,0,0,0,0,0,0,0,0,0,0,0
ENSMUSG00000084971,4930579D09Rik,0,0,0,0,0,0,0,0,0,0,0,0
ENSMUSG00000047203,Vmn1r54,0,0,0,0,0,0,0,0,0,0,0,0
ENSMUSG00000086887,1700060C16Rik,0,0,0,0,0,1,0,0,0,0,0,0
ENSMUSG00000108119,Gm43891,0,0,0,0,0,1,0,0,0,0,0,0
ENSMUSG00000108305,Gm19078,0,0,0,0,0,0,0,0,0,0,0,0
ENSMUSG00000097133,Gm26628,1,0,0,2,0,1,0,0,0,0,0,0
ENSMUSG00000108356,9130221F21Rik,0,0,0,0,0,0,0,0,0,0,0,0
ENSMUSG00000108344,Gm8952,0,0,0,0,0,0,0,0,1,0,0,0
ENSMUSG00000108355,Gm44604,0,0,0,0,0,0,0,0,0,0,0,0
ENSMUSG00000049694,BC048671,0,0,0,0,0,0,0,0,0,0,0,0
ENSMUSG00000056643,Chst13,0,0,0,0,0,0,0,0,0,0,1,0
ENSMUSG00000056091,St3gal5,54,75,49,57,49,17,50,71,65,48,50,36
ENSMUSG00000101823,Gm29438,0,1,4,1,2,1,0,1,1,0,1,1
ENSMUSG00000108709,4933431G14Rik,0,0,0,0,0,0,0,0,0,0,0,0
ENSMUSG00000108371,Gm38832,0,0,0,0,0,0,0,0,0,0,0,0
ENSMUSG00000037621,Atoh8,18,18,24,22,28,7,12,23,20,15,18,13
ENSMUSG00000034456,Uroc1,0,0,0,0,0,0,0,0,0,0,0,0
ENSMUSG00000004266,Ptpn6,6086,6244,3421,3676,3193,2200,3310,3932,5841,5286,5456,4682
ENSMUSG00000034430,Zxdc,724,825,583,671,606,235,541,603,757,652,571,610
ENSMUSG00000092482,Gm20531,4,6,1,5,0,7,1,2,11,7,5,7
ENSMUSG00000042810,Krba1,372,374,367,366,377,179,242,367,310,369,285,305
ENSMUSG00000108181,C030015A19Rik,17,29,33,19,24,30,14,27,21,19,26,43
ENSMUSG00000072772,Grcc10,30,69,25,39,53,12,41,37,31,25,44,42
ENSMUSG00002076877,#N/A,0,0,1,0,0,0,0,1,0,1,0,1
ENSMUSG00000107478,Gm45234,1,2,0,1,3,0,0,2,1,3,1,1
ENSMUSG00000089083,Rnu7,0,0,0,0,0,0,0,0,0,0,0,0
ENSMUSG00000004263,Atn1,125,91,66,67,100,150,115,112,99,80,117,105
ENSMUSG00000048794,Cfap100,0,0,0,0,0,0,0,0,0,0,0,0
ENSMUSG00000107605,Gm44117,0,0,0,0,0,0,0,0,0,0,0,0
ENSMUSG00000030087,Klf15,0,0,0,0,0,0,0,0,0,0,0,0
ENSMUSG00000107451,Gm44421,0,0,0,0,0,0,0,0,0,0,0,0
ENSMUSG00000108111,Gm45901,0,0,0,0,0,1,0,0,0,0,1,0
ENSMUSG00000068551,Zfp467,101,110,47,41,65,36,54,54,93,107,58,56
ENSMUSG00000041540,Sox5,54,71,63,56,45,33,36,31,45,31,44,44
ENSMUSG00000107796,Gm44068,0,0,1,0,0,0,0,0,0,1,0,0
ENSMUSG00000087302,Sox5os1,0,0,0,0,0,0,0,1,0,0,0,0
ENSMUSG00000087157,Sox5os2,0,0,0,0,0,0,0,0,0,0,0,0
ENSMUSG00000072677,Sox5it,0,2,0,1,1,0,0,2,2,0,0,2
ENSMUSG00000085785,Sox5os3,31,18,23,27,16,14,16,17,17,18,14,5
ENSMUSG00000086282,Sox5os4,0,0,0,0,0,0,0,0,0,0,0,0
ENSMUSG00000086731,Sox5os5,0,0,0,0,0,0,0,0,0,0,0,0
ENSMUSG00000087850,Gm22792,0,0,0,0,0,0,0,0,0,0,0,0
ENSMUSG00000004267,Eno2,130,143,71,79,71,30,62,65,108,99,95,91
ENSMUSG00000030125,Lrrc23,2,1,3,3,1,4,0,1,0,2,1,0
ENSMUSG00000038451,Spsb2,5,6,10,5,6,0,1,1,9,4,8,6
ENSMUSG00000023456,Tpi1,3037,3179,2538,2896,3158,1596,3653,4254,3455,3036,4028,3488
ENSMUSG00000030088,Aldh1l1,17,21,18,28,7,9,11,22,19,15,6,9
ENSMUSG00000108271,Gm44236,0,0,0,0,0,0,0,0,0,0,0,0
ENSMUSG00000089781,Gm15756,0,0,0,0,0,0,0,0,0,0,0,0
ENSMUSG00000030268,Bcat1,6782,7058,6135,6408,5842,3529,4953,6143,6141,5439,4927,4583
ENSMUSG00002076505,#N/A,0,0,0,1,0,0,0,0,1,0,0,0
ENSMUSG00000097419,Gm26666,0,0,0,0,0,0,0,0,0,0,0,0
ENSMUSG00000086643,Gm15687,0,0,0,0,0,0,0,0,0,0,0,0
ENSMUSG00000038429,Usp5,2637,2857,2172,2094,2411,805,1861,2348,2700,2296,2524,2245
ENSMUSG00000030089,Slc41a3,22,12,9,16,6,2,9,24,17,14,9,10
ENSMUSG00000023505,Cdca3,283,294,253,307,517,301,398,387,269,256,476,409
ENSMUSG00000023439,Gnb3,0,0,0,0,0,2,1,0,0,0,0,0
ENSMUSG00000052631,Sh2d6,0,0,0,0,0,0,0,0,0,0,1,0
ENSMUSG00000023191,P3h3,9,10,10,2,8,0,10,10,11,9,20,6
ENSMUSG00000034312,Iqsec1,453,452,337,273,326,209,256,372,321,351,375,378
ENSMUSG00002076797,#N/A,0,0,0,0,0,0,0,0,0,0,0,0
ENSMUSG00000107999,Gm44123,0,0,0,0,0,1,0,0,0,0,0,0
ENSMUSG00000107795,Gm44105,0,0,0,0,0,1,0,0,0,0,0,0
ENSMUSG00000058700,Rpl21-ps12,1,0,2,3,4,3,1,8,5,3,1,3
ENSMUSG00000088379,Gm25185,0,0,0,0,0,0,0,0,0,0,0,0
ENSMUSG00000099662,Ppp1r2-ps2,0,0,0,0,0,0,0,0,0,0,0,0
ENSMUSG00000038390,Gpr162,21,20,14,12,13,3,15,17,21,10,12,13
ENSMUSG00000030263,Lrmp,10712,10996,10607,10143,11813,5946,8191,9161,10580,9409,8852,8057
ENSMUSG00000107420,Gm43910,0,0,0,0,0,0,0,0,0,1,0,0
ENSMUSG00000023274,Cd4,6212,6667,5285,5615,5870,5221,6530,7660,6502,6221,5524,4867
ENSMUSG00000029797,Sspo,13,11,4,2,9,8,2,4,11,8,7,6
ENSMUSG00000030124,Lag3,4283,4602,2928,3216,2416,708,2483,2512,3040,2833,2546,2652
ENSMUSG00000030122,Ptms,2134,1932,1510,1660,1633,1204,2134,2263,1969,1841,1842,1737
ENSMUSG00000055818,A230083G16Rik,2,1,0,0,0,0,0,0,0,1,0,1
ENSMUSG00000107476,Zfp862-ps,614,675,587,567,698,263,408,603,562,485,402,394
ENSMUSG00000095526,Gm10243,0,0,0,0,0,0,0,0,0,0,0,0
ENSMUSG00000044211,Gm7887,16,25,22,15,30,22,13,16,16,10,17,17
ENSMUSG00000097716,1700026J14Rik,0,0,0,0,0,0,0,0,0,0,0,0
ENSMUSG00000015112,Slc25a13,717,772,516,504,563,343,482,537,670,634,616,598
ENSMUSG00000039347,Atp6v0e2,0,0,1,0,0,0,1,1,0,0,0,1
ENSMUSG00000073096,Lrrc61,141,149,92,121,181,85,94,112,140,148,157,163
ENSMUSG00000118619,AC154013.1,4,4,4,5,2,3,1,3,5,2,8,5
ENSMUSG00000056737,Capg,9463,10941,7121,7856,6603,1939,6441,6040,8016,6582,5049,4694
ENSMUSG00000030120,Mlf2,3843,4283,2942,3144,3459,1403,3381,3388,3943,3300,3578,3036
ENSMUSG00000107578,Gm32536,1,0,1,1,0,0,0,1,1,5,0,0
ENSMUSG00000009281,Rarres2,0,0,0,0,0,0,0,0,0,1,0,0
ENSMUSG00000029754,Dlx6,0,0,0,1,2,2,0,0,1,0,0,0
ENSMUSG00000052730,Gm5111,2,1,0,2,1,1,2,1,4,2,2,1
ENSMUSG00000107588,Gm45021,0,0,0,0,0,0,0,0,0,0,0,0
ENSMUSG00000043541,Casc1,18,13,18,24,18,21,17,34,12,27,11,6
ENSMUSG00000086863,Gm15543,4,2,4,3,3,3,2,0,2,1,2,1
ENSMUSG00000030091,Nup210,5836,6182,5208,5186,5479,2083,4544,5996,5378,4955,5992,5520
ENSMUSG00000029755,Dlx5,0,0,0,0,0,0,0,0,0,0,0,0
ENSMUSG00000107882,Gm44278,0,0,0,0,0,0,0,0,0,0,0,0
ENSMUSG00000052751,Repin1,698,663,488,459,510,202,477,525,596,583,564,549
ENSMUSG00000107789,Gm44965,0,0,0,0,0,0,0,0,0,0,0,0
ENSMUSG00000007216,Zfp775,76,101,92,79,62,21,76,80,96,82,69,58
ENSMUSG00000107640,Gm38804,0,0,0,0,0,0,0,0,0,0,0,0
ENSMUSG00000040370,Etfrf1,86,77,73,55,49,48,56,67,66,62,84,79
ENSMUSG00000056698,Elmod3,58,53,42,34,61,25,41,43,39,37,51,53
ENSMUSG00000053297,AI854703,92,84,74,59,59,19,49,63,98,81,82,109
ENSMUSG00000030127,Cops7a,2116,2356,1923,2010,2226,1049,1811,2059,2158,1853,2160,2021
ENSMUSG00002076020,#N/A,0,0,0,0,0,0,0,0,0,0,0,0
ENSMUSG00000064262,Gimap8,1672,1808,1231,1248,1126,860,880,1074,1359,1322,1536,1330
ENSMUSG00000108117,Gm44262,0,0,0,0,0,0,0,0,0,0,0,0
ENSMUSG00000034245,Hdac11,0,1,3,4,2,4,0,2,7,3,1,2
ENSMUSG00000085624,Gm14573,0,0,0,0,0,0,0,0,0,0,0,0
ENSMUSG00000108158,Gm44002,0,0,0,0,0,0,0,0,0,0,0,1
ENSMUSG00000051124,Gimap9,863,902,639,630,670,559,728,680,840,720,885,854
ENSMUSG00000107397,4930402H05Rik,0,0,0,0,0,0,0,0,0,0,0,0
ENSMUSG00000030265,Kras,3043,3035,2749,2788,2739,2901,2369,2889,2994,2874,2340,2147
ENSMUSG00000107756,Gm44164,100,85,54,54,14,33,16,69,67,74,36,36
ENSMUSG00000086013,Gm15706,28,40,39,49,23,23,43,38,30,41,21,38
ENSMUSG00000067344,Rps25-ps1,5,9,7,5,3,2,2,1,1,1,1,5
ENSMUSG00002075270,#N/A,0,0,0,0,0,0,0,0,0,0,0,0
ENSMUSG00000087277,2010013B24Rik,0,0,0,0,0,0,0,0,0,0,1,0
ENSMUSG00000108234,Gm44428,0,5,1,2,0,1,3,1,3,0,2,0
ENSMUSG00000083962,Gm15707,0,1,0,0,0,0,1,0,0,0,0,1
ENSMUSG00000030329,Pianp,0,2,2,1,1,0,3,1,4,4,2,2
ENSMUSG00000054435,Gimap4,2953,3418,2152,2463,1991,2066,2364,2683,2822,2714,2703,2425
ENSMUSG00000056666,Retsat,55,62,35,35,61,25,44,61,43,39,52,38
ENSMUSG00000054966,Lmntd1,0,0,0,0,0,1,0,0,0,0,1,0
ENSMUSG00000088362,Gm23498,0,0,0,0,0,0,0,0,0,0,0,0
ENSMUSG00000108368,Gm45053,40,37,31,31,16,5,20,24,15,26,10,11
ENSMUSG00000047867,Gimap6,2423,2570,1801,1917,1363,998,1888,2127,2312,2041,2020,1822
ENSMUSG00000087204,1700073E17Rik,0,0,0,0,0,0,0,2,0,0,0,0
ENSMUSG00000086722,Gm15499,0,0,0,0,0,1,0,0,0,0,0,0
ENSMUSG00000088781,Gm25373,0,0,0,0,0,0,0,0,0,0,0,0
ENSMUSG00000098715,Gm28053,6,7,5,0,4,5,7,5,13,5,9,7
ENSMUSG00000067338,Tuba3b,0,0,0,0,0,0,0,0,0,0,1,0
ENSMUSG00000056429,Tgoln1,6073,6405,5162,5072,3457,1989,3413,4314,4585,4385,3294,3001
ENSMUSG00000092386,Gm20536,2,1,2,1,0,0,1,1,1,0,0,3
ENSMUSG00000085658,Gm15704,0,0,0,0,0,0,0,0,0,0,2,0
ENSMUSG00000043931,Gimap7,333,341,269,323,285,214,373,393,352,351,479,433
ENSMUSG00000044867,Gimap1os,195,234,151,170,172,121,130,162,215,158,227,173
ENSMUSG00000030259,Rassf8,136,131,91,101,66,42,47,87,108,89,52,74
ENSMUSG00000090019,Gimap1,1380,1696,1190,1315,1531,625,1183,1222,1495,1390,1573,1558
ENSMUSG00000043505,Gimap5,2131,2461,1753,1836,1337,816,1429,1596,1909,1646,1405,1265
ENSMUSG00000108298,Gm44226,2,5,2,3,1,5,2,0,0,3,4,2
ENSMUSG00000107481,4833403J16Rik,195,221,176,195,158,185,166,164,160,173,141,132
ENSMUSG00000030256,Bhlhe41,34,43,73,79,40,33,29,48,41,34,19,26
ENSMUSG00000108126,Gm43909,0,0,1,2,1,2,0,2,0,0,0,2
ENSMUSG00000039264,Gimap3,2984,3283,2385,2452,2578,1493,2147,2293,2962,2826,3567,3280
ENSMUSG00000108130,Gm30781,0,0,0,0,0,0,0,0,0,0,0,0
ENSMUSG00000107574,Gm17834,1,1,0,0,1,0,0,0,0,0,0,0
ENSMUSG00000064080,Fbln2,0,0,0,1,0,0,1,1,0,0,2,0
ENSMUSG00000068794,Col28a1,0,0,0,0,0,1,0,0,0,0,0,0
ENSMUSG00000030255,Sspn,0,0,0,0,0,0,0,0,0,0,0,0
ENSMUSG00000108200,Gm43931,0,0,0,0,1,1,0,0,0,0,0,0
ENSMUSG00000085414,Sspnos,0,0,0,0,0,0,0,0,0,0,0,0
ENSMUSG00000108161,Gm32914,1,0,0,0,0,0,0,0,0,0,0,0
ENSMUSG00000030093,Wnt7a,0,0,0,0,0,0,0,0,0,0,0,0
ENSMUSG00000108804,Gm30437,0,0,0,0,0,0,0,0,0,0,0,0
ENSMUSG00000097693,4930471M09Rik,1,1,1,1,3,0,1,2,1,0,2,0
ENSMUSG00000098240,Gm4575,3,5,3,0,4,0,5,1,3,1,0,0
ENSMUSG00000100680,1810044D09Rik,8,25,11,16,10,2,13,12,17,13,7,10
ENSMUSG00000108810,Gm44629,0,0,1,0,0,0,0,0,0,0,0,0
ENSMUSG00000055799,Tcf7l1,14,4,6,7,5,3,7,5,6,4,9,15
ENSMUSG00000034203,Chchd4,2025,2481,1771,1951,1964,767,1893,1771,2168,1914,1898,1813
ENSMUSG00000072999,Gm15401,11,19,20,30,14,6,16,27,27,17,12,7
ENSMUSG00000102577,Gm37969,0,0,0,0,0,0,0,1,0,0,0,0
ENSMUSG00000102931,Gm38114,0,0,0,0,0,0,0,0,0,0,0,0
ENSMUSG00000102983,Gm38320,2,0,0,0,0,0,0,0,1,2,0,0
ENSMUSG00000079524,Gm15402,0,0,0,0,0,0,0,0,0,0,0,0
ENSMUSG00000104501,Gm37736,0,0,0,0,0,3,0,0,0,1,0,0
ENSMUSG00000030095,Tmem43,500,508,388,379,413,166,444,499,453,383,397,451
ENSMUSG00000055239,Kcmf1,1970,2132,1704,1716,1799,1202,1611,1845,2007,1811,1646,1469
ENSMUSG00000107610,D530018E20Rik,31,43,35,32,36,33,23,36,28,32,33,31
ENSMUSG00000097569,Gm26640,0,2,0,0,0,0,0,0,0,0,0,0
ENSMUSG00000079523,Tmsb10,4604,5074,4058,4777,4894,1795,5324,5887,4643,4381,4976,3989
ENSMUSG00000107661,Gm18402,0,0,0,0,0,0,0,0,0,0,0,0
ENSMUSG00000107546,Gm20560,0,0,0,0,0,0,0,0,0,0,0,0
ENSMUSG00000038346,Zfp384,1530,1658,1296,1322,1093,747,1139,1322,1322,1252,1147,1054
ENSMUSG00000108034,4930557K07Rik,0,1,0,0,1,0,0,0,0,0,1,0
ENSMUSG00000030094,Xpc,504,551,421,438,382,225,344,435,494,483,461,409
ENSMUSG00000029810,Tmem176b,76,73,103,131,61,31,147,153,88,81,32,36
ENSMUSG00000034192,Lsm3,506,547,473,523,721,813,638,628,590,497,679,588
ENSMUSG00000108584,Gm45216,1,0,1,1,0,0,0,0,0,1,0,1
ENSMUSG00000108335,Gm45215,0,0,0,0,0,0,0,0,0,0,0,0
ENSMUSG00000030330,Ing4,21,31,18,20,18,10,13,26,20,18,22,23
ENSMUSG00000108308,Gm45218,0,0,0,0,0,0,0,0,0,0,0,0
ENSMUSG00000108751,Gm45217,0,0,1,1,1,7,1,0,2,3,6,1
ENSMUSG00000108037,Gm44597,4,5,5,9,7,8,5,3,6,4,14,11
ENSMUSG00000023367,Tmem176a,72,96,89,128,98,27,156,148,82,89,29,35
ENSMUSG00000107597,Gm44764,0,0,0,0,0,0,0,0,0,0,0,0
ENSMUSG00000108084,Gm7932,5,4,1,0,0,1,1,5,0,2,4,2
ENSMUSG00000052861,Dnah6,0,0,0,0,0,0,0,0,0,0,2,1
ENSMUSG00000072770,Acrbp,27,21,26,16,30,8,15,19,16,9,30,27
ENSMUSG00000030096,Slc6a6,4446,4627,4055,4008,3545,2445,3126,4405,3738,3549,3732,3361
ENSMUSG00000065072,Gm24533,0,0,0,0,0,0,0,0,0,0,0,0
ENSMUSG00000029811,Aoc1,0,0,0,0,0,0,0,0,0,0,0,0
ENSMUSG00000107440,Gm40377,0,0,0,0,0,0,0,0,0,0,0,0
ENSMUSG00000108784,4930517G19Rik,0,0,0,0,0,0,0,0,0,0,0,0
ENSMUSG00000108526,Gm45828,5,7,2,2,1,6,2,7,7,1,4,3
ENSMUSG00000108574,Gm44981,0,0,0,0,0,0,0,0,0,0,0,0
ENSMUSG00000067714,Lpar5,234,263,216,219,213,71,179,214,193,186,192,201
ENSMUSG00000107761,2010008C14Rik,80,96,94,90,88,86,108,124,103,74,118,81
ENSMUSG00000029813,Doxl1,0,0,0,0,0,0,0,0,0,0,0,0
ENSMUSG00000089335,Gm24348,0,0,0,0,0,0,0,0,0,0,0,0
ENSMUSG00000068537,Gm10242,0,0,0,0,0,0,0,1,0,0,0,0
ENSMUSG00000107943,Gm18538,0,0,0,0,0,0,0,0,0,0,0,0
ENSMUSG00000107692,Gm19172,0,0,0,0,0,0,0,0,0,0,0,0
ENSMUSG00000068536,Doxl2,0,0,0,0,0,0,0,0,0,0,0,0
ENSMUSG00000108017,Gm18539,0,0,0,0,0,0,0,0,0,0,0,0
ENSMUSG00000107656,4930563H07Rik,0,0,0,0,0,0,0,0,0,0,0,0
ENSMUSG00000039215,Svs1,0,0,0,0,0,0,0,0,0,0,0,0
ENSMUSG00000107457,Gm19173,0,0,0,0,0,0,0,0,0,0,0,0
ENSMUSG00000052738,Suclg1,1232,1307,1048,1086,1190,704,1133,1113,1186,990,1293,1198
ENSMUSG00000107931,Gm44475,0,0,0,0,0,0,0,0,0,0,0,0
ENSMUSG00002076411,#N/A,0,0,0,0,0,0,0,0,0,0,0,0
ENSMUSG00000108032,Olfr210-ps1,0,0,0,0,0,0,0,0,0,0,0,0
ENSMUSG00000107408,1700065L07Rik,0,0,0,0,0,0,0,0,0,0,0,0
ENSMUSG00000056197,4931417E11Rik,0,0,0,0,0,0,0,0,0,0,0,0
ENSMUSG00000107639,Gm4374,0,0,0,0,0,0,1,1,0,0,1,2
ENSMUSG00000107441,Gm31747,0,0,0,0,0,1,0,0,0,0,0,0
ENSMUSG00000107646,Gm44225,0,0,0,0,0,0,0,0,0,0,0,0
ENSMUSG00000118786,#N/A,0,0,0,0,0,0,0,0,0,0,0,0
ENSMUSG00000064408,Gm23924,0,0,0,0,1,0,1,0,0,0,0,0
ENSMUSG00002075743,#N/A,0,0,0,0,0,0,0,0,0,0,0,0
ENSMUSG00000107467,Gm8992,0,0,0,0,0,0,0,0,0,0,0,0
ENSMUSG00000097957,Gm8993,0,0,0,0,0,0,0,0,0,0,0,0
ENSMUSG00000107951,Gm6210,34,29,29,30,44,17,49,20,52,32,46,46
ENSMUSG00000107918,Gm8999,0,0,0,0,0,0,0,0,0,0,0,0
ENSMUSG00000107830,4933439N06Rik,0,0,0,0,0,0,0,0,0,0,0,0
ENSMUSG00000080824,Gm9001,0,1,0,0,0,0,0,0,0,3,1,0
ENSMUSG00000107880,Gm44113,0,0,0,0,0,0,0,0,0,0,0,0
ENSMUSG00000107685,Gm5995,0,0,0,0,0,0,0,0,0,0,0,0
ENSMUSG00002075927,#N/A,0,0,0,0,0,0,0,0,0,0,0,0
ENSMUSG00000064490,Gm22283,0,0,0,0,0,0,0,0,0,0,0,0
ENSMUSG00000107770,Gm44126,1,2,1,0,1,0,0,2,0,0,0,1
ENSMUSG00000107612,Gm44163,1,0,0,0,0,0,1,2,3,0,1,2
ENSMUSG00000072476,Gm9008,0,1,2,0,0,3,0,3,1,0,2,0
ENSMUSG00000107651,Gm44166,0,0,0,0,0,0,0,0,0,0,0,0
ENSMUSG00000029816,Gpnmb,227,217,213,256,44,46,143,168,181,165,52,50
ENSMUSG00000030287,Itpr2,364,364,413,373,397,282,235,385,293,319,425,308
ENSMUSG00000030098,Grip2,2,2,3,0,1,1,0,0,1,0,2,0
ENSMUSG00000107758,Gm19253,0,0,0,0,0,0,0,0,0,0,0,0
ENSMUSG00000108310,Gm44712,0,2,5,0,0,0,2,1,1,0,1,0
ENSMUSG00000108078,Gm8744,0,2,0,1,0,0,2,0,1,0,0,0
ENSMUSG00000107847,Gm35822,0,0,0,0,0,0,0,0,0,0,0,0
ENSMUSG00000029815,Malsu1,356,351,286,321,367,189,312,318,352,326,278,327
ENSMUSG00000107801,Gm44086,0,0,0,0,0,0,0,1,1,1,0,2
ENSMUSG00000107990,Gm7890,1,1,3,9,0,1,1,0,5,0,1,1
ENSMUSG00000107743,Gm44087,0,0,0,0,0,0,0,0,0,0,0,0
ENSMUSG00000082120,Gm15720,6,4,1,2,7,11,0,3,2,5,5,5
ENSMUSG00000107948,AA545190,0,0,0,0,0,0,0,0,0,0,0,0
ENSMUSG00000029632,Ndufa4,677,1005,828,816,1077,486,931,781,836,716,899,784
ENSMUSG00000029814,Igf2bp3,1359,1473,1333,1387,1261,946,1241,1413,1472,1381,1015,904
ENSMUSG00000107727,Gm18010,0,0,0,0,0,0,0,0,0,0,0,0
ENSMUSG00000034083,Ccdc174,818,785,621,678,606,629,659,702,772,751,649,517
ENSMUSG00000040250,Ints13,1407,1405,1103,1157,1412,1154,997,1357,1416,1300,1466,1285
ENSMUSG00000029817,Tra2a,4268,4101,3764,3739,4222,3703,3635,3885,4431,3954,4083,4095
ENSMUSG00000107962,Gm43980,0,0,0,0,0,0,0,0,0,1,0,0
ENSMUSG00000107916,Gm18011,0,0,0,0,0,0,0,0,0,0,0,0
ENSMUSG00000034063,4930590J08Rik,10,15,9,18,6,7,13,18,13,11,6,8
ENSMUSG00000050786,Ccdc126,79,95,43,74,52,23,57,59,78,46,68,66
ENSMUSG00000108625,Gm44711,0,0,0,0,0,0,0,0,0,0,0,0
ENSMUSG00000047115,Fam221a,18,17,15,20,25,11,27,29,18,19,16,18
ENSMUSG00000063063,Ctnna2,0,0,0,0,0,0,0,0,0,0,0,0
ENSMUSG00000040242,Fgfr1op2,2334,2430,1888,1866,2056,1822,1861,2156,2266,2102,2184,1971
ENSMUSG00000060780,Lrrtm1,0,0,0,0,0,2,0,0,0,0,0,0
ENSMUSG00000108057,Gm44234,0,0,0,0,0,0,0,0,0,0,0,0
ENSMUSG00000108077,6330415B21Rik,0,0,0,0,0,0,0,0,0,0,0,0
ENSMUSG00000108005,Gm44435,0,0,0,0,0,2,0,0,0,0,0,0
ENSMUSG00000107512,Gm44433,0,0,0,0,0,1,0,0,0,0,0,0
ENSMUSG00000107917,Gm44235,0,0,0,0,0,0,0,0,0,0,0,0
ENSMUSG00000107947,Gm44438,0,0,0,0,0,0,0,0,0,0,0,0
ENSMUSG00000107707,Gm44286,0,0,0,0,0,0,0,0,0,0,0,0
ENSMUSG00000107483,Gm44288,0,0,0,0,0,0,0,0,0,0,0,0
ENSMUSG00000108102,Gm44437,0,0,0,0,0,0,0,0,0,0,0,0
ENSMUSG00000107473,Gm44255,0,0,0,0,0,0,0,0,0,0,0,0
ENSMUSG00000097964,Gm21045,0,0,0,0,0,0,0,0,0,0,0,0
ENSMUSG00000108045,Gm5576,1,1,0,2,2,1,0,2,3,1,0,0
ENSMUSG00000063870,Chd4,25095,25838,19673,19340,20480,13326,15575,21621,22211,21137,20265,18435
ENSMUSG00000040234,Tm7sf3,284,315,212,215,220,98,241,255,262,204,282,239
ENSMUSG00000098762,Mir7045,0,0,0,0,0,0,0,0,0,0,0,0
ENSMUSG00000034037,Fgd5,4,3,5,5,3,2,2,4,2,3,2,1
ENSMUSG00000088208,Gm23751,9,3,3,1,1,3,4,4,2,2,3,5
ENSMUSG00000107794,Gm44095,0,0,0,0,0,0,0,0,0,0,0,0
ENSMUSG00000087317,4930466I24Rik,0,0,0,0,0,0,0,0,0,0,0,0
ENSMUSG00000071356,Reg3b,0,0,0,0,0,0,0,0,0,0,0,0
ENSMUSG00000023403,Stk31,0,0,0,0,0,0,0,0,0,0,0,0
ENSMUSG00000090624,Gm17060,4,4,0,2,2,0,1,6,6,2,3,3
ENSMUSG00000108266,Gm5305,1,0,0,0,1,0,0,0,0,1,0,0
ENSMUSG00000038279,Nop2,10365,10894,8234,8811,8181,4497,7517,8819,9715,8600,9131,8117
ENSMUSG00000107982,Gm44219,2,6,2,3,7,0,12,9,8,8,3,8
ENSMUSG00000030291,Med21,612,724,603,599,623,658,731,609,590,585,606,606
ENSMUSG00000029819,Npy,6,6,6,3,4,1,2,4,1,6,0,5
ENSMUSG00000029629,Phf14,939,965,712,727,797,833,692,745,898,789,915,793
ENSMUSG00000084291,Gm6654,2,0,0,1,0,1,0,1,0,1,0,2
ENSMUSG00000107664,Gm18007,0,0,0,0,0,0,0,0,1,0,0,0
ENSMUSG00000085238,4930479D17Rik,2,3,5,5,1,7,3,1,4,7,3,2
ENSMUSG00000108071,Gm3455,0,0,0,0,0,2,0,0,0,0,0,0
ENSMUSG00000057223,Gm6578,1,0,1,0,2,0,0,0,0,1,0,0
ENSMUSG00000108209,Gm32222,0,0,0,0,0,0,0,0,0,0,0,0
ENSMUSG00000068341,Reg3d,0,0,0,0,0,1,0,0,0,0,0,0
ENSMUSG00000079516,Reg3a,0,0,0,0,0,0,0,0,0,0,0,0
ENSMUSG00000023140,Reg2,0,0,0,0,0,0,0,0,0,0,0,0
ENSMUSG00000005893,Nr2c2,1058,1211,1014,1001,984,626,696,1152,1019,994,988,921
ENSMUSG00000108199,Gm44249,4,9,3,3,2,5,3,2,2,3,3,5
ENSMUSG00000001630,Stk38l,194,218,195,183,171,94,163,169,190,173,199,187
ENSMUSG00000108108,Gm44270,1,2,0,2,0,0,0,5,3,3,1,2
ENSMUSG00000107788,Gm6266,17,12,1,4,8,0,16,7,5,3,6,5
ENSMUSG00000014551,Mrps25,510,574,458,419,604,411,513,527,462,481,658,644
ENSMUSG00000059654,Reg1,0,0,0,0,0,0,0,0,0,0,0,1
ENSMUSG00000030017,Reg3g,0,0,0,0,0,1,0,0,0,0,0,0
ENSMUSG00000097940,Gm21392,0,0,2,0,2,0,0,1,0,0,0,0
ENSMUSG00000108073,Gm6072,0,1,0,0,0,2,0,0,0,0,0,0
ENSMUSG00000118890,#N/A,0,0,0,0,0,0,0,0,0,0,0,0
ENSMUSG00000101720,Gm29005,0,0,0,0,0,0,0,0,0,0,0,0
ENSMUSG00000108072,Gm20362,0,0,0,0,0,0,1,0,2,1,0,0
ENSMUSG00000107772,Gm5311,0,0,1,0,0,0,1,0,0,0,0,0
ENSMUSG00000014550,Rbsn,978,1018,798,808,833,428,629,862,875,837,740,661
ENSMUSG00000107618,Gm6261,0,0,0,1,0,0,0,2,0,0,0,0
ENSMUSG00000032625,Thsd7a,0,1,0,1,0,8,0,0,0,0,0,0
ENSMUSG00000108027,Gm44271,0,0,0,0,0,0,0,0,0,0,1,0
ENSMUSG00000096887,Gm20594,0,1,0,0,0,1,0,1,0,0,0,0
ENSMUSG00000083794,Gm16123,0,0,0,0,0,0,0,0,0,0,0,0
ENSMUSG00000005892,Trh,0,0,0,0,0,0,0,0,0,0,0,0
ENSMUSG00000086739,Gm4409,0,0,0,0,0,0,0,0,0,0,0,0
ENSMUSG00000108140,Gm44803,0,0,0,0,0,0,0,0,0,0,0,0
ENSMUSG00000107422,Gm44129,0,0,0,0,0,0,0,0,0,0,0,0
ENSMUSG00002075762,#N/A,0,0,0,0,0,0,0,0,0,0,0,0
ENSMUSG00000108279,Gm44024,0,1,0,0,0,0,0,0,2,0,0,0
ENSMUSG00000083620,Gm15529,0,0,0,0,0,0,0,0,0,0,0,0
ENSMUSG00000108050,Gm44472,0,0,0,0,0,1,0,0,0,0,0,0
ENSMUSG00000098052,Gm5300,5,2,5,3,3,0,4,0,2,3,1,1
ENSMUSG00000038271,Iffo1,168,180,147,137,139,50,163,196,154,138,207,179
ENSMUSG00000052581,Lrrtm4,0,0,0,0,0,2,1,0,0,0,0,0
ENSMUSG00000107498,Gm44240,0,0,0,0,0,0,0,0,0,0,0,0
ENSMUSG00000107996,Gm44228,0,1,0,0,2,0,1,1,2,0,0,0
ENSMUSG00000107905,Gm44230,0,0,0,0,0,0,0,0,0,0,0,0
ENSMUSG00000108264,Gm20371,0,0,0,0,0,0,0,0,0,0,0,0
ENSMUSG00000107840,Gm44241,0,0,0,0,0,0,0,0,0,0,0,0
ENSMUSG00000108088,Gm44229,0,0,0,0,0,0,0,0,0,0,0,0
ENSMUSG00000107826,Gm44242,0,0,0,0,0,0,0,0,0,0,0,0
ENSMUSG00000108173,Gm44231,0,0,0,0,0,0,0,0,0,0,0,0
ENSMUSG00000108040,Gm43900,0,0,0,0,0,0,0,0,0,0,0,0
ENSMUSG00000029571,Tmem106b,449,431,341,336,320,297,294,375,470,408,468,374
ENSMUSG00000107691,Gm43901,0,0,0,0,0,0,0,0,0,0,0,0
ENSMUSG00000065212,Gm26264,0,0,0,0,0,0,0,0,0,0,0,0
ENSMUSG00000077643,Gm24985,0,0,0,0,0,0,0,0,0,0,0,0
ENSMUSG00000107419,Gm38839,0,0,0,0,0,0,0,0,0,0,0,0
ENSMUSG00000089445,Gm22530,0,0,0,0,0,0,0,0,0,0,0,0
ENSMUSG00000108202,Gm4874,0,0,0,0,0,0,0,0,0,0,0,0
ENSMUSG00000107817,Gm38840,0,0,0,0,0,0,0,0,0,0,0,0
ENSMUSG00000108194,1700097M23Rik,0,0,0,0,0,0,2,0,0,0,0,0
ENSMUSG00000106154,Mir7232,0,0,0,0,0,0,0,0,0,0,0,0
ENSMUSG00000106253,Mir468,0,0,0,0,0,0,0,0,0,0,0,0
ENSMUSG00000030020,Prickle2,0,0,0,0,0,1,0,0,0,0,0,0
ENSMUSG00000101404,1700009C05Rik,0,0,0,0,0,0,0,0,0,0,0,0
ENSMUSG00000098130,Gm17797,0,4,1,0,1,0,1,1,1,2,2,0
ENSMUSG00000057666,Gapdh,408,460,377,383,493,203,373,476,431,398,599,588
ENSMUSG00000079679,Vwde,0,0,0,0,2,3,0,0,0,0,0,0
ENSMUSG00000118525,AC121573.1,0,0,0,0,0,0,0,0,0,0,0,0
ENSMUSG00000101894,1700016P04Rik,0,0,0,0,0,0,0,0,0,0,0,0
ENSMUSG00000107500,Gm2796,0,0,0,0,0,0,0,0,0,0,0,0
ENSMUSG00000119288,#N/A,0,0,0,0,0,0,0,0,1,0,0,0
ENSMUSG00000029569,Tmem168,1572,1780,1409,1423,1192,843,1111,1362,1521,1566,1268,1255
ENSMUSG00000035125,Gcfc2,447,436,350,323,397,312,338,384,385,366,439,423
ENSMUSG00000042742,Bmt2,271,274,223,235,231,161,193,254,275,206,248,217
ENSMUSG00000030045,Mrpl19,1726,1899,1415,1428,1598,895,1455,1521,1754,1592,1554,1514
ENSMUSG00000048216,Gpr85,0,0,1,0,1,4,0,3,0,0,0,0
ENSMUSG00000107412,Gm20383,0,0,0,0,0,0,0,0,0,2,0,0
ENSMUSG00000108288,Gm44202,0,0,0,0,0,0,0,0,0,0,0,0
ENSMUSG00000052419,2610001J05Rik,251,380,280,291,276,123,340,258,281,253,231,223
ENSMUSG00000097616,1110019D14Rik,3,14,6,3,11,8,3,5,9,4,6,9
ENSMUSG00000040187,Arntl2,43,29,55,48,58,23,41,63,27,40,44,39
ENSMUSG00000107562,Gm44412,0,0,0,0,0,0,0,0,0,0,0,0
ENSMUSG00000030022,Adamts9,0,2,5,0,1,1,0,0,0,0,1,0
ENSMUSG00000107942,Gm44411,0,0,0,0,0,0,0,0,0,0,0,0
ENSMUSG00000035104,Eva1a,0,0,0,0,0,0,0,1,2,0,0,1
ENSMUSG00000108205,Gm19252,0,0,0,0,0,0,0,0,0,0,0,0
ENSMUSG00000088975,Gm23760,0,0,0,0,0,0,0,0,0,0,0,0
ENSMUSG00000107964,4930447C11Rik,0,0,0,0,0,0,0,0,0,0,0,0
ENSMUSG00000087136,Gm15864,0,0,0,0,0,0,0,0,0,0,0,0
ENSMUSG00000107403,Gm8820,0,0,0,0,0,0,0,0,0,0,0,0
ENSMUSG00000108224,Gm31861,0,0,0,0,0,1,0,0,0,1,0,2
ENSMUSG00000077334,Gm23013,0,0,0,0,0,0,0,0,0,0,0,0
ENSMUSG00000107809,Gm44209,0,0,0,0,2,7,0,0,0,0,0,0
ENSMUSG00000107657,Gm44446,0,0,0,0,0,0,0,0,0,0,0,0
ENSMUSG00000048636,A730049H05Rik,0,0,0,0,0,0,0,0,0,0,0,0
ENSMUSG00000079462,Gm15737,0,0,0,0,0,0,0,0,0,0,0,0
ENSMUSG00000042717,Ppp1r3a,0,0,0,0,0,0,0,0,0,0,0,0
ENSMUSG00000030292,Smco2,0,0,0,0,0,4,0,0,0,0,0,0
ENSMUSG00000030043,Tacr1,0,0,0,0,0,0,0,0,2,0,0,1
ENSMUSG00000097462,9530026P05Rik,0,0,0,1,0,0,0,0,0,0,0,0
ENSMUSG00000108286,Gm44224,0,0,0,0,0,0,0,0,1,0,0,0
ENSMUSG00000097996,Gm5313,7,13,7,8,2,8,4,6,7,8,3,2
ENSMUSG00000108256,Gm43923,0,0,0,0,0,0,0,0,0,0,0,0
ENSMUSG00000107655,Gm44220,0,0,0,0,0,1,0,0,0,0,0,0
ENSMUSG00000077180,Gm25094,0,0,0,0,0,0,0,0,0,0,0,0
ENSMUSG00000107848,Gm44181,0,0,0,0,0,0,0,0,0,0,0,0
ENSMUSG00000088630,Gm22312,0,0,0,0,0,0,0,0,0,0,0,0
ENSMUSG00000107739,Gm7812,0,0,0,0,0,0,0,0,1,0,0,0
ENSMUSG00000030042,Pole4,1106,1302,1039,1102,1349,610,1157,1045,1418,1107,1287,1193
ENSMUSG00000107453,Gm44145,0,0,0,0,0,0,0,0,0,0,0,0
ENSMUSG00000038252,Ncapd2,999,1124,1020,1120,1600,817,1336,1604,956,888,1465,1391
ENSMUSG00000089617,Scarna10,0,0,0,0,0,0,0,0,0,0,0,0
ENSMUSG00000099587,Gm28967,0,0,0,0,0,0,0,0,0,0,0,0
ENSMUSG00000000628,Hk2,5186,5244,4910,4812,3905,2308,4084,4743,4137,3887,4400,4010
ENSMUSG00000090293,Gm17034,0,0,0,0,0,0,0,0,0,0,0,0
ENSMUSG00000030335,Mrpl51,489,505,412,427,519,328,495,465,509,498,522,589
ENSMUSG00000109556,Gm38843,0,0,0,0,0,3,0,0,0,0,0,1
ENSMUSG00000093157,Mir3098,0,0,0,0,0,0,0,0,0,0,0,0
ENSMUSG00000038388,Mpp6,4281,4454,3281,3582,3281,2733,3109,3658,4133,4065,3452,3041
ENSMUSG00000107995,Gm44487,0,0,0,0,0,2,0,0,0,0,0,0
ENSMUSG00000108015,Gm32591,0,0,1,0,0,0,0,0,0,0,0,0
ENSMUSG00000100291,2310069B03Rik,0,0,0,0,0,0,0,0,0,0,0,0
ENSMUSG00000107401,Gm6312,0,0,0,0,0,0,0,0,0,0,0,0
ENSMUSG00000109076,Gm45145,0,0,0,0,0,1,0,0,0,0,1,0
ENSMUSG00000030337,Vamp1,202,206,171,150,135,110,100,189,146,157,204,164
ENSMUSG00000038213,Tapbpl,569,641,459,551,295,106,632,616,452,455,309,338
ENSMUSG00000030336,Cd27,2080,2604,1687,1765,1611,1109,1315,1450,1896,1774,2167,1932
ENSMUSG00000098856,Mir8113,0,0,0,0,0,0,0,0,0,0,0,0
ENSMUSG00000107965,Gm44259,0,0,0,0,0,0,0,0,0,0,0,0
ENSMUSG00000089556,Gm24175,0,0,0,0,0,0,0,0,0,0,0,0
ENSMUSG00000108129,4930417O13Rik,181,186,167,168,123,75,97,126,159,155,206,214
ENSMUSG00000067702,Tuba3a,0,0,0,0,0,0,1,0,0,0,0,0
ENSMUSG00000029821,Gsdme,10,20,16,9,8,6,7,6,9,9,6,7
ENSMUSG00000000627,Sema4f,238,249,202,216,171,57,189,168,201,164,210,227
ENSMUSG00000030339,Ltbr,6,12,4,5,1,1,5,3,5,9,5,8
ENSMUSG00000030041,M1ap,1,3,3,6,1,2,0,1,2,4,3,1
ENSMUSG00000107701,Gm19287,0,3,1,1,0,0,0,1,1,0,0,0
ENSMUSG00000107829,Gm43985,0,0,0,0,0,1,1,0,0,0,0,0
ENSMUSG00000107599,Gm43981,0,0,0,0,0,2,0,0,0,0,0,0
ENSMUSG00000068335,Dok1,541,642,415,450,384,106,429,452,498,420,351,339
ENSMUSG00000016487,Ppfibp1,2117,2225,1876,1657,1257,1098,1025,1476,1742,1567,1069,923
ENSMUSG00000040163,1700034J05Rik,1,0,0,0,0,0,0,0,0,0,0,0
ENSMUSG00000107969,Gm44085,0,0,0,0,0,0,0,0,0,0,0,0
ENSMUSG00000107814,Gm35876,1,2,4,2,0,0,0,2,3,1,0,4
ENSMUSG00000040121,Rep15,2,2,7,4,5,1,0,1,0,3,0,4
ENSMUSG00000040112,Mrps35,791,852,709,713,777,654,742,782,849,807,808,747
ENSMUSG00000029563,Foxp2,1,0,0,1,0,9,1,1,0,3,2,2
ENSMUSG00000072662,Mansc4,0,0,0,1,0,0,0,0,0,0,1,0
ENSMUSG00000040102,Klhl42,694,782,671,632,804,417,555,689,669,695,837,780
ENSMUSG00002075269,#N/A,0,0,0,0,0,0,0,0,0,0,0,0
ENSMUSG00000030340,Scnn1a,1,0,0,2,0,0,0,1,2,2,0,0
ENSMUSG00000107703,Gm44039,0,0,1,0,0,0,0,0,0,0,0,0
ENSMUSG00000080760,Gm7571,0,0,0,0,0,0,0,0,0,0,0,0
ENSMUSG00000085600,E330012B07Rik,0,0,0,0,0,1,0,0,0,0,0,0
ENSMUSG00000086021,Gm15767,0,0,0,0,0,0,0,0,0,0,0,0
ENSMUSG00000048776,Pthlh,0,0,0,1,0,1,0,0,0,0,0,0
ENSMUSG00000081023,Gm15766,1,1,0,0,0,2,1,0,3,0,2,2
ENSMUSG00000072660,Gm6288,0,7,1,4,2,6,3,1,2,5,3,1
ENSMUSG00000030341,Tnfrsf1a,462,491,378,367,388,169,372,433,406,378,315,241
ENSMUSG00000041390,Mdfic,7439,7363,6016,5980,5091,3684,4958,5705,7029,6622,5139,5013
ENSMUSG00000108046,Gm43924,15,17,19,14,17,21,8,19,11,20,13,12
ENSMUSG00000108048,Gm43990,1,1,1,1,1,1,2,0,0,0,1,1
ENSMUSG00000108201,Gm43991,0,0,0,0,0,0,0,0,0,0,0,0
ENSMUSG00000107885,Gm43993,0,0,0,0,0,0,0,0,0,0,0,0
ENSMUSG00000108089,Gm3148,1,6,2,10,3,4,6,2,4,4,5,1
ENSMUSG00000108295,Gm36406,0,0,0,0,0,0,0,0,0,0,0,0
ENSMUSG00000108025,Gm36503,0,0,0,0,0,0,0,0,0,0,0,0
ENSMUSG00000038167,Plekhg6,0,1,1,2,2,1,4,1,1,1,0,0
ENSMUSG00000107022,Gm36669,0,0,0,0,0,0,0,0,0,0,0,0
ENSMUSG00000030342,Cd9,2318,2990,2488,2558,2348,1281,2198,2338,2207,2019,1762,1533
ENSMUSG00000030301,Ccdc91,112,126,75,101,106,73,90,93,107,77,112,126
ENSMUSG00000101191,Gm28809,10,9,6,8,2,2,4,7,6,11,2,4
ENSMUSG00000107793,4933406L23Rik,0,0,0,0,0,0,0,0,0,0,0,0
ENSMUSG00000029553,Tfec,0,0,0,0,0,0,0,0,0,0,0,0
ENSMUSG00000101162,Gm26728,2,1,1,1,0,1,0,1,0,5,0,1
ENSMUSG00000081744,Gm5721,0,1,0,0,1,0,0,0,0,0,0,0
ENSMUSG00000085077,1700049E15Rik,0,0,0,0,0,1,0,0,0,0,0,0
ENSMUSG00000084772,Gm15473,23,29,12,18,26,7,19,19,14,15,20,14
ENSMUSG00000086019,Gm15762,0,0,0,0,0,0,0,0,0,0,0,0
ENSMUSG00000086777,Far2os2,0,0,0,0,0,0,0,0,0,0,0,0
ENSMUSG00000054556,Gm4876,15,10,10,8,5,1,2,9,13,17,7,7
ENSMUSG00000029822,Osbpl3,1191,1262,1291,1111,1449,768,1074,1225,1104,968,1056,998
ENSMUSG00000077357,Gm26289,0,0,0,0,0,0,0,0,0,0,0,0
ENSMUSG00000063694,Cycs,80,76,73,69,90,70,87,71,89,82,86,80
ENSMUSG00000045095,Magi1,1,2,1,5,1,9,2,4,1,1,2,1
ENSMUSG00000085776,5430402O13Rik,0,4,10,5,0,0,1,0,3,1,1,3
ENSMUSG00000099221,Mir6371,0,0,1,0,0,0,0,0,0,0,0,0
ENSMUSG00000088627,Gm23035,0,0,0,0,0,0,0,0,0,0,0,0
ENSMUSG00000089069,Gm22840,0,0,0,0,0,0,0,0,0,0,0,0
ENSMUSG00000107545,Gm44307,0,1,0,0,1,1,3,0,0,1,0,1
ENSMUSG00000107435,Gm19908,0,0,0,0,0,0,0,0,0,0,0,0
ENSMUSG00000107616,Gm7825,0,0,0,0,0,0,0,0,0,0,0,0
ENSMUSG00000107781,Gm44315,0,0,0,0,0,0,0,0,0,0,0,0
ENSMUSG00000029828,4921507P07Rik,8,12,3,5,4,3,5,6,5,6,5,7
ENSMUSG00000107447,Gm44054,0,0,0,0,0,0,0,0,0,0,0,0
ENSMUSG00000107418,Gm4782,0,0,0,0,0,0,0,0,0,0,0,0
ENSMUSG00000108135,Gm8035,0,0,0,0,0,0,0,0,0,0,0,0
ENSMUSG00000029552,Tes,5990,6945,4998,5166,6483,3516,4970,5315,5994,5331,6780,5953
ENSMUSG00000107821,Gm8038,0,0,0,0,0,0,0,0,0,0,0,0
ENSMUSG00000108016,Gm8039,0,0,0,0,0,0,0,0,0,0,0,0
ENSMUSG00000107740,Gm18765,0,0,0,0,0,0,0,0,0,0,0,0
ENSMUSG00000085171,D830026I12Rik,0,0,0,0,0,0,0,0,0,0,0,0
ENSMUSG00000029831,Npvf,0,0,0,0,0,0,0,0,0,0,0,0
ENSMUSG00000107672,Gm3017,0,0,0,0,0,0,0,0,0,0,0,0
ENSMUSG00000085264,Gm15581,0,0,0,0,0,0,1,0,0,0,0,0
ENSMUSG00000107667,C530044C16Rik,0,0,0,0,0,0,0,0,0,0,0,0
ENSMUSG00000107978,Gm44109,0,0,0,0,0,0,0,0,0,0,0,0
ENSMUSG00000107993,G930045G22Rik,0,0,0,0,0,0,0,0,0,0,0,0
ENSMUSG00000118645,#N/A,0,0,0,0,0,0,0,0,0,0,0,0
ENSMUSG00000107488,Gm31579,0,0,0,0,0,0,0,0,0,0,0,0
ENSMUSG00000000058,Cav2,8,5,12,8,5,6,8,8,7,6,5,7
ENSMUSG00000108153,Gm44402,0,0,0,0,0,0,0,0,0,0,0,0
ENSMUSG00000065505,Mir148a,0,0,0,0,0,0,0,0,0,0,0,0
ENSMUSG00000107619,Gm32479,7,2,4,5,1,2,3,6,0,2,3,0
ENSMUSG00000107660,Gm6559,0,0,0,0,0,0,0,0,1,0,0,0
ENSMUSG00000108236,0610033M10Rik,0,0,0,0,0,0,0,0,0,0,0,0
ENSMUSG00000030303,Far2,2,0,0,1,2,0,0,0,2,1,1,1
ENSMUSG00000029832,Nfe2l3,0,0,0,0,1,0,0,0,1,0,0,0
ENSMUSG00000045100,Slc25a26,331,379,340,308,298,100,334,321,349,314,259,264
ENSMUSG00000089948,Far2os1,0,0,0,0,0,0,0,0,0,0,0,0
ENSMUSG00000007655,Cav1,4,2,19,19,4,2,9,13,9,8,0,2
ENSMUSG00000100101,Gm29591,0,0,0,0,0,0,0,0,0,0,0,0
ENSMUSG00000119734,#N/A,1,0,0,0,0,0,0,0,0,0,0,0
ENSMUSG00000030029,Lrig1,1073,1296,1427,1498,1286,642,1009,1343,1320,1284,833,777
ENSMUSG00000098531,Mir7041,0,1,2,1,0,1,0,0,1,0,0,0
ENSMUSG00000107716,Gm43997,0,0,0,0,0,0,0,0,0,0,0,0
ENSMUSG00000097943,Gm7833,7,4,1,5,7,0,1,4,4,1,0,5
ENSMUSG00002075533,#N/A,0,0,0,0,0,0,0,0,0,0,0,0
ENSMUSG00002075637,#N/A,6,21,30,26,61,24,90,18,9,10,7,5
ENSMUSG00000107940,Gm44100,0,0,0,0,0,0,0,0,0,0,0,0
ENSMUSG00000108187,4930511E03Rik,0,0,0,0,0,0,0,0,0,1,0,0
ENSMUSG00000001930,Vwf,1,2,1,1,1,3,1,2,1,1,2,0
ENSMUSG00000119290,#N/A,0,0,0,0,0,0,0,0,0,0,0,0
ENSMUSG00000085413,Kbtbd8os,0,0,0,0,0,0,0,0,0,0,0,0
ENSMUSG00000009376,Met,9,6,3,4,1,3,3,3,1,5,1,4
ENSMUSG00000030031,Kbtbd8,394,405,342,378,464,366,259,387,368,375,558,497
ENSMUSG00000107934,Gm17822,0,0,0,0,0,0,0,0,0,0,0,0
ENSMUSG00000107900,Gm5723,0,0,0,0,0,0,0,0,0,0,0,0
ENSMUSG00000068180,AY512915,0,0,0,0,0,0,0,0,0,0,0,0
ENSMUSG00000068181,Gm10234,0,0,0,0,0,0,0,0,0,0,0,0
ENSMUSG00000015733,Capza2,4143,4777,3813,3768,3776,2350,3802,3928,4180,3918,3749,3626
ENSMUSG00000038115,Ano2,0,0,0,0,0,0,0,0,0,0,2,0
ENSMUSG00000061838,Suclg2,291,328,268,254,274,177,268,278,301,267,370,298
ENSMUSG00000107856,Gm7838,0,0,0,0,0,1,0,0,0,0,0,0
ENSMUSG00000089834,Gm16303,0,0,0,0,0,0,0,0,0,1,1,0
ENSMUSG00000088959,Gm24947,0,0,0,0,0,0,0,0,0,0,0,0
ENSMUSG00000107747,Gm5881,1,1,4,1,1,0,0,0,4,0,1,1
ENSMUSG00000049107,Ntf3,0,0,0,0,0,1,0,0,0,0,0,0
ENSMUSG00000004980,Hnrnpa2b1,20480,20299,17908,17509,23832,19737,19897,20210,21040,19607,28110,24662
ENSMUSG00000107623,Gm10415,0,0,0,0,0,0,0,0,0,0,0,0
ENSMUSG00000101659,Gm29009,0,0,0,0,0,0,0,0,0,0,0,0
ENSMUSG00000059187,Tafa1,0,0,0,0,0,0,0,0,0,0,0,0
ENSMUSG00000108163,Gm44431,0,1,0,1,0,0,0,0,1,0,1,0
ENSMUSG00000072878,1700123L14Rik,0,0,0,0,0,0,0,0,0,0,0,0
ENSMUSG00000065239,Gm22971,0,0,0,0,0,0,0,0,0,0,0,0
ENSMUSG00000045534,Kcna5,0,1,0,0,0,0,0,0,0,0,0,0
ENSMUSG00000077598,Gm26011,0,0,0,0,0,0,0,0,0,0,0,0
ENSMUSG00000110390,Gm45869,0,0,0,0,0,0,0,0,0,0,0,0
ENSMUSG00000102771,Gm33320,0,0,0,0,0,0,0,0,0,0,0,0
ENSMUSG00000046500,Tafa4,0,0,0,0,0,0,0,0,0,0,0,0
ENSMUSG00000047976,Kcna1,0,0,0,0,0,2,0,0,0,0,2,0
ENSMUSG00000038077,Kcna6,0,0,0,0,0,3,0,0,0,0,0,0
ENSMUSG00000097596,Gm26673,0,0,0,0,0,0,0,0,0,0,0,0
ENSMUSG00000118420,Gm29788,0,0,0,0,0,0,0,0,0,0,0,0
ENSMUSG00000035245,Eogt,439,519,349,320,366,315,289,401,396,349,431,394
ENSMUSG00000107502,Gm44065,0,0,0,0,0,0,0,0,0,1,0,0
ENSMUSG00000000399,Ndufa9,1283,1607,1193,1364,1392,607,1402,1360,1434,1184,1271,1192
ENSMUSG00000107368,1700018A23Rik,0,0,0,0,0,0,0,0,0,0,0,0
ENSMUSG00000029836,Cbx3,403,364,301,306,372,303,265,296,395,359,434,412
ENSMUSG00000030344,Akap3,0,0,0,0,0,0,0,0,0,0,0,0
ENSMUSG00000030059,Tmf1,1592,1665,1267,1226,1048,950,869,1213,1307,1230,1224,1071
ENSMUSG00000065728,Gm26175,2,1,2,2,0,0,1,0,4,1,1,0
ENSMUSG00000030304,Ergic2,2085,2232,1850,1803,1849,1698,1582,1821,2073,1948,1846,1682
ENSMUSG00000107402,4732416N19Rik,21,29,20,24,25,23,14,32,36,23,19,23
ENSMUSG00000084823,Gm17216,0,0,0,0,0,0,0,0,0,0,0,0
ENSMUSG00000030345,Dyrk4,4,0,0,1,1,0,1,1,0,2,0,0
ENSMUSG00000030346,Rad51ap1,348,393,385,405,497,331,485,489,332,287,377,382
ENSMUSG00000106878,Gm17808,0,0,0,0,0,0,0,0,0,0,0,0
ENSMUSG00000038301,Snx10,189,183,183,168,148,119,157,196,208,157,221,206
ENSMUSG00002076122,#N/A,0,0,0,0,0,0,0,0,0,0,0,0
ENSMUSG00000108145,Gm38811,0,0,0,0,0,0,0,0,0,0,0,0
ENSMUSG00000030347,D6Wsu163e,219,240,176,165,212,99,164,184,192,177,243,173
ENSMUSG00000030061,Uba3,2119,2215,1838,1841,1672,1366,1656,2001,2035,1859,1700,1589
ENSMUSG00000106898,Gm43125,0,0,1,0,0,0,0,0,1,0,0,0
ENSMUSG00000107389,Gm43124,0,1,0,0,1,0,0,0,2,2,1,0
ENSMUSG00000035199,Arl6ip5,880,1069,794,800,608,327,933,972,884,778,806,653
ENSMUSG00000000183,Fgf6,1,1,0,0,2,1,0,0,2,1,0,0
ENSMUSG00000044086,Lmod3,0,0,0,0,0,0,0,0,0,0,0,0
ENSMUSG00000030306,Tmtc1,0,1,3,3,1,0,0,0,2,2,0,0
ENSMUSG00000000182,Fgf23,0,1,2,0,0,0,0,0,2,1,0,2
ENSMUSG00000082199,Gm15763,0,0,0,0,0,0,0,0,0,0,1,0
ENSMUSG00000063171,Rps4l,22,32,22,30,28,9,11,15,24,14,15,13
ENSMUSG00000108148,Gm44020,0,0,0,0,0,0,0,0,0,0,0,0
ENSMUSG00000108035,Gm44021,0,0,0,0,0,0,0,0,0,0,0,0
ENSMUSG00000107706,Gm44022,0,0,0,0,0,2,0,0,0,0,1,0
ENSMUSG00000070995,Gm6313,0,0,0,0,0,0,0,0,0,0,0,0
ENSMUSG00002075669,#N/A,0,0,0,0,0,0,0,0,0,0,0,0
ENSMUSG00000038028,Tigar,1460,1654,1309,1308,1135,707,1122,1398,1360,1200,1142,1056
ENSMUSG00000097525,Platr31,0,0,0,0,0,0,0,0,0,1,0,0
ENSMUSG00000107379,Gm43126,1,0,4,0,5,2,3,0,4,3,0,3
ENSMUSG00000084909,4930528G23Rik,0,0,0,0,0,0,0,0,0,0,0,0
ENSMUSG00000081556,Gm15778,2,3,1,3,2,3,0,2,1,5,3,1
ENSMUSG00000107405,Gm44115,0,0,0,0,0,0,0,0,0,0,0,0
ENSMUSG00000059182,Skap2,128,119,119,117,106,86,137,105,120,81,118,125
ENSMUSG00000108244,Gm44077,0,0,0,0,0,0,0,0,0,0,0,0
ENSMUSG00000000184,Ccnd2,72257,77828,54647,56216,42255,23414,41900,52205,65255,60950,45393,41261
ENSMUSG00000097166,9330179D12Rik,5,3,4,8,3,1,3,4,5,3,6,3
ENSMUSG00000107378,Gm18995,0,0,0,0,1,0,1,0,0,0,0,0
ENSMUSG00000106755,Tpi-rs11,0,1,0,0,0,0,0,0,1,0,0,1
ENSMUSG00000062365,Gm4968,34,38,21,22,21,5,19,22,36,32,21,29
ENSMUSG00000107013,Gm43635,1,1,1,2,1,0,0,0,0,0,0,0
ENSMUSG00000081113,Gm7308,1,0,1,0,0,0,0,1,0,0,2,0
ENSMUSG00000107153,Gm38404,0,2,0,0,1,2,0,0,2,0,0,1
ENSMUSG00000107045,Gm43636,0,2,0,3,0,0,0,1,0,0,1,0
ENSMUSG00000106843,Gm42458,0,0,0,0,0,0,0,0,0,0,0,0
ENSMUSG00000107243,Gm43631,0,0,0,0,0,0,0,0,0,0,0,0
ENSMUSG00000106883,Gm34091,0,1,2,0,1,0,1,2,1,0,0,0
ENSMUSG00000040029,Ipo8,1618,1805,1351,1229,1480,899,1074,1435,1563,1429,1634,1513
ENSMUSG00000107909,2610017A05Rik,10,10,12,5,19,12,9,10,15,6,22,25
ENSMUSG00000037997,Parp11,351,375,329,339,369,232,315,383,350,361,352,355
ENSMUSG00000106962,Gm43633,2,9,6,4,0,5,1,1,1,4,2,5
ENSMUSG00000061414,Cracr2a,123,92,85,71,86,64,63,78,95,93,113,113
ENSMUSG00000107253,Gm43634,0,0,0,0,0,0,0,0,0,0,0,0
ENSMUSG00000030350,Prmt8,0,0,3,2,2,0,0,1,3,0,0,1
ENSMUSG00000106833,Gm42739,0,0,0,0,0,0,0,0,0,0,0,0
ENSMUSG00000107219,Gm42738,0,0,0,0,0,0,0,0,0,0,0,0
ENSMUSG00000106905,Gm42741,0,0,0,0,0,0,0,0,0,0,0,0
ENSMUSG00000107042,4921513H07Rik,0,0,0,0,0,0,0,0,0,0,0,0
ENSMUSG00000104804,Mir7233,0,0,0,0,0,0,0,0,0,0,0,0
ENSMUSG00000106862,Gm42811,0,0,0,0,0,0,0,0,0,0,0,0
ENSMUSG00002076474,#N/A,0,0,0,0,0,0,0,0,0,0,0,0
ENSMUSG00000107060,Gm38901,0,0,0,0,0,0,0,0,0,0,0,0
ENSMUSG00000030351,Tspan11,0,0,0,0,0,0,0,0,0,0,0,0
ENSMUSG00000085813,Gm15870,0,0,0,0,0,0,0,0,0,0,0,0
ENSMUSG00000030064,Frmd4b,221,256,205,246,76,44,172,245,157,163,138,96
ENSMUSG00000030309,Caprin2,85,51,64,48,66,65,52,60,66,47,56,50
ENSMUSG00000108254,Gm43908,0,0,0,0,0,0,0,1,0,0,0,0
ENSMUSG00000108185,Gm19653,0,0,0,0,0,0,0,0,0,0,0,0
ENSMUSG00000095288,Gm7618,0,1,0,1,1,0,0,0,0,0,0,0
ENSMUSG00000064724,Gm25852,0,0,0,0,0,0,0,0,0,0,0,0
ENSMUSG00000108258,Gm43913,5,4,4,3,4,2,1,6,8,2,2,1
ENSMUSG00002076989,#N/A,0,0,0,0,0,0,0,0,0,0,0,0
ENSMUSG00000108093,Gm44102,0,0,0,0,0,0,0,0,0,1,0,0
ENSMUSG00000118937,#N/A,0,0,0,0,0,0,0,0,0,0,0,0
ENSMUSG00000107895,1700094M24Rik,0,0,0,0,0,0,0,0,0,0,0,0
ENSMUSG00000089464,Gm23703,0,0,0,0,0,0,0,0,0,0,0,0
ENSMUSG00000108062,Gm44028,0,0,0,0,0,0,0,0,0,0,0,0
ENSMUSG00000029776,Hibadh,1065,1207,940,996,1150,590,1084,1056,1124,1014,1123,1085
ENSMUSG00000107647,Gm44445,0,0,0,0,0,0,0,0,0,0,0,0
ENSMUSG00000107813,Gm44434,10,10,2,7,4,12,6,8,3,19,10,10
ENSMUSG00000064792,Gm24355,0,0,0,0,0,0,0,0,0,0,0,0
ENSMUSG00000108170,Gm43966,1,0,0,0,2,1,2,1,2,0,0,0
ENSMUSG00000004535,Tax1bp1,4217,4728,3693,3814,3440,3197,3092,4084,3513,3368,3698,3180
ENSMUSG00000108036,Gm43967,0,0,0,0,0,0,0,0,0,0,0,0
ENSMUSG00000039985,Sinhcaf,134,150,164,169,152,70,133,113,134,108,105,125
ENSMUSG00000063568,Jazf1,136,121,73,80,96,58,87,101,80,73,81,75
ENSMUSG00000081872,Gm15572,0,0,0,0,0,0,0,0,0,0,0,0
ENSMUSG00002075761,#N/A,0,0,0,0,0,0,2,0,0,0,0,0
ENSMUSG00000030352,Tspan9,17,25,16,18,2,1,19,23,14,13,8,17
ENSMUSG00000080759,Gm15573,1,0,1,1,1,0,2,0,0,0,0,0
ENSMUSG00000085355,3010003L21Rik,127,170,141,143,108,56,119,132,160,113,95,85
ENSMUSG00002076755,#N/A,0,0,0,0,0,0,0,0,0,0,0,0
ENSMUSG00000108028,Gm8143,0,0,0,0,0,0,0,0,0,0,0,0
ENSMUSG00000108220,Gm44056,0,0,0,0,0,1,0,0,0,0,0,0
ENSMUSG00000080536,Gm25539,0,0,0,0,0,0,0,0,0,0,0,0
ENSMUSG00000107935,Gm4872,0,0,0,0,0,0,0,0,0,0,0,0
ENSMUSG00000107879,9330102E08Rik,2,2,2,1,1,0,0,1,0,1,0,5
ENSMUSG00000107810,Gm18609,0,0,0,0,1,0,0,0,0,0,0,0
ENSMUSG00000056771,Gm10010,2,0,3,1,0,0,0,0,0,2,2,0
ENSMUSG00000097979,Gm4691,11,11,15,10,7,0,10,5,11,13,2,9
ENSMUSG00000107873,Gm19065,0,0,0,1,0,0,0,0,0,0,0,0
ENSMUSG00000108280,Gm8703,0,0,0,0,0,0,0,0,0,0,0,0
ENSMUSG00000030313,Dennd5b,2,0,2,0,3,1,1,2,1,1,1,2
ENSMUSG00000082633,Gm15779,1,0,1,0,0,0,0,0,0,0,0,0
ENSMUSG00000081532,Gm15781,0,0,0,0,0,0,0,0,0,0,0,0
ENSMUSG00000107970,Gm49058,0,0,0,0,0,0,0,0,0,0,0,0
ENSMUSG00000065664,Gm22578,0,0,0,0,0,0,0,0,0,0,0,0
ENSMUSG00000082829,Gm15780,0,0,0,0,0,0,0,0,0,0,0,0
ENSMUSG00000065198,Gm23462,0,0,0,0,0,0,0,0,0,0,0,0
ENSMUSG00000067292,Gm10203,0,0,0,0,0,0,0,0,0,0,0,0
ENSMUSG00000053007,Creb5,0,5,8,10,7,6,3,5,2,1,1,2
ENSMUSG00000119449,#N/A,0,0,0,0,0,0,0,0,0,0,0,0
ENSMUSG00000108004,Gm44080,0,0,0,0,0,0,0,0,0,0,0,0
ENSMUSG00000030353,Tead4,1,1,1,0,5,0,0,2,1,2,1,1
ENSMUSG00000107984,Gm5306,1,5,0,1,6,3,3,5,5,2,3,2
ENSMUSG00000043496,Tril,0,0,0,0,0,2,0,0,0,0,0,0
ENSMUSG00000095262,Gm21893,0,0,0,0,0,0,0,0,0,0,0,0
ENSMUSG00000053173,Rpl18-ps2,2,4,0,2,4,1,3,1,7,6,4,3
ENSMUSG00000039958,Etfbkmt,32,56,46,36,38,25,46,38,40,29,31,33
ENSMUSG00000108175,Gm16499,0,0,0,0,0,0,0,0,0,0,0,0
ENSMUSG00000108255,Gm16499,0,0,0,0,0,0,0,0,0,0,0,0
ENSMUSG00000119179,#N/A,0,0,0,0,0,0,0,0,0,0,0,0
ENSMUSG00000001521,Tulp3,125,148,138,123,154,53,132,136,143,117,137,126
ENSMUSG00000108267,Gm44190,0,1,1,1,0,3,0,1,6,0,0,1
ENSMUSG00000097253,Gm26770,0,0,0,0,1,1,1,0,2,1,2,1
ENSMUSG00000068250,Amn1,128,144,117,137,133,129,82,126,119,106,155,135
ENSMUSG00000107526,1700003I16Rik,0,0,1,0,0,1,0,0,0,0,0,0
ENSMUSG00000107894,Gm10388,1,1,2,3,0,1,1,1,1,4,4,0
ENSMUSG00000048668,Rhno1,1116,1080,953,982,1318,759,1190,1152,1107,951,1294,1229
ENSMUSG00000107753,Gm44371,0,0,0,0,0,1,0,0,0,0,0,0
ENSMUSG00000034832,Tet3,3724,3552,3273,3172,2901,1481,2268,3362,2947,2953,3027,2859
ENSMUSG00000099045,Mir6374,0,2,0,2,1,0,1,0,0,0,2,0
ENSMUSG00000035158,Mitf,15,10,6,11,7,12,7,7,6,9,6,8
ENSMUSG00000108780,5430434F05Rik,9,4,11,7,6,4,6,7,3,7,9,10
ENSMUSG00000051844,B230319C09Rik,1,1,5,1,2,0,0,3,3,3,4,0
ENSMUSG00000083086,Gm15531,0,4,1,1,2,1,0,0,1,0,2,0
ENSMUSG00000107902,Gm32592,0,0,0,0,0,1,0,0,0,0,0,0
ENSMUSG00000052955,Cpvl,0,0,0,0,0,0,0,0,0,0,0,0
ENSMUSG00000090667,Gm765,0,0,0,0,0,0,0,0,0,0,0,0
ENSMUSG00000108060,4921529L05Rik,0,0,0,0,0,0,0,0,0,0,0,0
ENSMUSG00000107614,Gm44196,0,0,0,0,0,0,0,0,0,0,0,0
ENSMUSG00000107929,4930595L18Rik,0,0,0,0,1,0,0,0,0,0,0,0
ENSMUSG00000107938,Gm32308,0,0,0,0,0,0,0,0,0,0,0,0
ENSMUSG00000107514,Gm32381,0,0,0,0,0,0,0,0,0,0,0,0
ENSMUSG00000001517,Foxm1,761,764,750,764,1241,638,932,1132,677,647,1021,935
ENSMUSG00000032712,Resf1,871,939,732,717,716,814,731,944,678,830,882,747
ENSMUSG00000079304,Tex52,1,0,0,1,0,2,0,0,2,0,1,1
ENSMUSG00000084083,Gm15782,0,0,0,0,0,0,1,0,0,0,0,0
ENSMUSG00000081126,Gm15784,0,3,3,4,2,0,1,2,2,2,3,2
ENSMUSG00000108011,Gm44596,0,0,0,0,0,0,0,0,0,0,0,0
ENSMUSG00000081335,Gm15786,0,0,0,0,0,0,0,0,0,0,0,0
ENSMUSG00000108176,Gm43965,1,1,0,1,1,4,3,8,2,5,1,1
ENSMUSG00000083351,Gm15783,0,0,0,0,0,0,0,0,0,0,0,0
ENSMUSG00000014554,Dguok,157,170,149,171,189,114,123,144,156,163,195,171
ENSMUSG00000085739,Gm15862,1,0,0,0,0,0,0,0,0,0,0,0
ENSMUSG00000029534,St7,332,365,278,262,307,192,251,284,308,259,279,294
ENSMUSG00002075585,#N/A,0,0,0,0,0,0,0,0,0,0,0,0
ENSMUSG00002076529,#N/A,0,0,0,0,0,0,0,0,0,0,0,0
ENSMUSG00000059430,Actg2,0,0,0,1,1,3,1,2,2,1,1,1
ENSMUSG00002076302,#N/A,1,1,1,1,2,0,3,0,2,0,0,1
ENSMUSG00002075662,#N/A,0,0,0,0,0,0,1,0,0,0,0,0
ENSMUSG00002076318,#N/A,0,1,1,0,1,0,0,0,0,1,0,0
ENSMUSG00002076086,#N/A,0,0,2,0,0,1,0,0,1,0,0,1
ENSMUSG00000086409,Gm13898,0,0,0,0,0,0,0,0,0,0,0,0
ENSMUSG00000081077,Gm13899,0,0,0,0,0,0,0,0,0,0,0,0
ENSMUSG00000106822,Gm43533,2,2,2,2,0,2,0,2,4,4,4,5
ENSMUSG00000106801,Gm42852,0,0,0,0,0,0,0,0,0,0,0,0
ENSMUSG00000097700,Gm26738,0,0,0,0,0,0,1,0,0,0,0,0
ENSMUSG00002074961,#N/A,0,0,0,0,0,0,0,0,0,0,0,0
ENSMUSG00002076397,#N/A,0,1,0,1,0,0,0,0,0,0,0,0
ENSMUSG00000106858,Gm43844,5,7,13,8,0,0,7,7,5,14,6,2
ENSMUSG00000001520,Nrip2,0,0,0,0,0,0,0,0,0,0,0,0
ENSMUSG00000010797,Wnt2,0,0,0,0,3,0,0,0,2,0,0,0
ENSMUSG00000006906,Stambp,500,493,363,363,450,283,326,374,414,401,374,323
ENSMUSG00000108484,Gm18537,0,4,1,1,2,0,0,0,2,1,2,3
ENSMUSG00000108660,Gm21284,1,5,2,3,2,2,2,5,3,1,3,5
ENSMUSG00002076019,#N/A,0,0,0,0,0,0,0,0,0,0,0,0
ENSMUSG00000108609,Gm7424,7,4,11,5,10,2,6,5,5,8,5,4
ENSMUSG00000003452,Bicd1,22,18,24,29,24,34,22,33,15,11,23,16
ENSMUSG00000014542,Clec4f,0,0,0,0,0,0,0,0,0,0,0,0
ENSMUSG00000082072,Gm15785,3,0,0,1,3,0,1,0,2,2,0,3
ENSMUSG00000096299,Gm21814,1,0,0,1,0,0,0,0,1,1,0,0
ENSMUSG00000034783,Cd207,0,0,0,0,0,0,0,0,0,0,0,0
ENSMUSG00000107976,Gm44043,0,0,1,0,0,0,0,0,0,0,1,0
ENSMUSG00002075364,#N/A,0,0,0,0,0,0,0,0,0,0,0,0
ENSMUSG00000085794,Vax2os,0,0,0,0,0,3,0,0,0,0,0,0
ENSMUSG00002076206,#N/A,0,0,0,0,0,0,0,0,0,0,0,0
ENSMUSG00002076237,#N/A,0,0,0,0,0,0,0,0,0,0,0,0
ENSMUSG00000010796,Asz1,0,0,0,0,0,0,0,0,0,0,0,0
ENSMUSG00002075910,#N/A,0,0,0,0,0,0,0,0,0,0,0,0
ENSMUSG00000107177,Gm43845,0,0,0,0,0,0,0,0,0,0,0,0
ENSMUSG00000084203,Gm15593,7,10,6,10,3,0,5,9,8,4,9,5
ENSMUSG00000082289,Gm15596,0,0,0,1,0,0,0,0,1,0,0,0
ENSMUSG00000034777,Vax2,1,5,2,4,3,0,2,1,3,1,1,0
ENSMUSG00000087995,Gm25054,0,0,0,0,0,0,0,0,0,0,0,0
ENSMUSG00000001518,Itfg2,657,723,595,612,562,237,493,540,580,560,530,475
ENSMUSG00000030357,Fkbp4,5371,5809,4644,5011,7105,3263,4901,5112,5926,5180,7940,7037
ENSMUSG00000006269,Atp6v1b1,0,0,0,0,2,4,0,0,0,0,0,0
ENSMUSG00000059659,Gm10069,2,0,3,0,6,2,1,1,2,0,6,4
ENSMUSG00000099354,1700124L16Rik,8,9,8,8,5,0,7,8,4,2,5,6
ENSMUSG00000107505,Stambp-ps1,0,0,0,0,0,0,0,0,0,0,0,0
ENSMUSG00000107896,Gm8719,0,0,1,0,0,0,0,0,0,0,0,0
ENSMUSG00000014747,Ankrd53,0,2,0,0,0,0,0,0,1,0,0,0
ENSMUSG00000014748,Tex261,1600,1945,1392,1388,1538,473,1553,1586,1589,1381,1439,1340
ENSMUSG00000108525,Gm7443,0,0,0,0,0,0,0,1,0,0,0,0
ENSMUSG00000004633,Chn2,53,65,42,51,38,30,31,50,52,54,34,23
ENSMUSG00000087670,9530036M11Rik,0,0,1,1,0,0,0,0,0,0,0,0
ENSMUSG00000080205,Gm15526,2,0,0,1,1,0,1,0,1,0,0,0
ENSMUSG00000030359,Pzp,0,0,0,0,0,1,0,0,0,0,0,0
ENSMUSG00000086946,Gm15527,0,0,0,0,0,0,0,0,0,0,0,0
ENSMUSG00000107764,Gm5318,0,0,0,0,0,0,1,0,0,0,0,0
ENSMUSG00000057370,Gm8724,5,9,4,3,3,2,4,8,6,11,3,4
ENSMUSG00000073067,9130019P16Rik,0,0,0,0,1,0,0,0,0,0,0,0
ENSMUSG00000045725,Prr15,0,1,0,1,0,1,1,1,1,0,0,0
ENSMUSG00000034744,Nagk,66,62,53,62,48,26,55,49,57,40,69,66
ENSMUSG00000045896,Paip2b,986,1149,972,949,926,395,819,924,983,911,894,817
ENSMUSG00000077332,Gm23014,0,0,0,0,0,0,0,0,0,0,0,0
ENSMUSG00000108107,Gm5312,0,2,0,0,0,2,3,0,2,1,3,3
ENSMUSG00000047228,A2ml1,0,0,0,0,0,0,0,0,0,0,0,0
ENSMUSG00000107644,Gm6342,0,0,0,0,0,0,0,0,1,0,0,0
ENSMUSG00000107503,Gm44009,0,0,0,0,0,0,0,0,0,0,0,0
ENSMUSG00000086040,Wipf3,0,0,0,0,0,1,0,0,0,0,0,1
ENSMUSG00000108081,Gm44026,0,0,0,0,1,2,0,0,0,0,0,0
ENSMUSG00000019124,Scrn1,0,0,0,0,0,0,0,0,0,0,0,0
ENSMUSG00000030361,Klrb1a,0,0,0,1,2,0,1,1,1,0,0,0
ENSMUSG00000107800,Gm44478,0,0,0,0,0,0,0,0,0,0,0,0
ENSMUSG00000037827,Gm5884,2,2,0,0,0,0,1,0,0,0,0,0
ENSMUSG00000107831,Gm44420,0,0,0,0,0,0,0,0,0,0,0,0
ENSMUSG00000038074,Fkbp14,0,0,1,0,1,2,1,0,0,0,0,0
ENSMUSG00000041301,Cftr,0,0,2,0,1,1,1,0,0,0,0,0
ENSMUSG00000030363,Clec2j,0,0,0,0,0,0,0,0,0,0,0,0
ENSMUSG00000107425,Gm44216,0,0,0,0,0,0,0,0,0,0,0,0
ENSMUSG00000087389,Gm15592,0,0,0,0,0,0,0,0,0,0,0,0
ENSMUSG00000080767,Gm15595,0,0,0,0,0,0,0,0,0,0,0,0
ENSMUSG00000030364,Clec2h,0,0,0,0,0,0,0,0,0,0,0,0
ENSMUSG00000107495,Gm44215,0,0,0,0,0,0,0,0,0,0,0,0
ENSMUSG00000079299,Klrb1,0,0,0,0,0,0,0,0,0,0,0,0
ENSMUSG00000107866,Gm43907,0,0,0,0,0,0,0,0,0,0,0,0
ENSMUSG00000005225,Plekha8,132,129,87,94,159,103,86,121,119,99,181,152
ENSMUSG00000101651,Gm28402,0,0,0,0,0,0,0,0,0,0,0,0
ENSMUSG00000038065,Mturn,12,15,11,15,7,2,6,19,9,16,7,7
ENSMUSG00000108283,Gm44008,0,0,0,1,1,0,0,0,0,0,1,1
ENSMUSG00000058446,Znrf2,2922,3250,2152,2377,1654,1298,1866,2152,2583,2423,1984,1971
ENSMUSG00000030325,Klrb1c,1,5,5,1,0,0,1,1,5,5,3,2
ENSMUSG00000107841,Gm44185,2,1,1,4,1,1,2,3,2,2,2,3
ENSMUSG00000107872,Gm44511,0,0,0,0,0,0,0,0,0,0,0,0
ENSMUSG00000000416,Cttnbp2,0,0,0,0,0,0,0,0,0,0,0,0
ENSMUSG00000084947,Gm15594,0,0,0,0,0,3,0,0,0,0,0,0
ENSMUSG00000106944,Gm43843,0,0,0,0,5,9,0,0,0,0,1,0
ENSMUSG00002076734,#N/A,0,0,0,0,0,0,0,0,0,0,0,0
ENSMUSG00000119543,#N/A,0,0,0,0,0,0,0,0,0,0,0,0
ENSMUSG00000107299,Gm43228,0,0,0,0,0,0,0,0,0,0,0,0
ENSMUSG00000071568,Gm5874,0,0,0,0,0,0,0,0,0,0,0,1
ENSMUSG00000106874,Gm20186,14,28,29,17,8,5,14,13,17,11,19,9
ENSMUSG00000044155,Lsm8,787,925,755,766,903,657,882,840,892,748,890,866
ENSMUSG00000079298,Klrb1b,1,1,2,1,0,1,2,1,0,1,1,1
ENSMUSG00000107946,Gm44066,3,4,5,6,7,0,3,10,6,0,5,2
ENSMUSG00000038058,Nod1,14,12,31,39,40,21,36,32,31,27,4,6
ENSMUSG00000108095,Gm44067,86,56,81,78,53,50,91,84,82,58,78,50
ENSMUSG00000077501,Gm24230,0,0,0,0,0,0,0,0,0,0,0,0
ENSMUSG00000029517,Ankrd7,0,2,0,0,0,1,0,0,0,0,1,0
ENSMUSG00000106819,Gm43498,0,0,0,0,0,0,0,0,0,0,0,0
ENSMUSG00002074960,#N/A,0,0,0,0,0,0,0,0,0,0,0,0
ENSMUSG00000107349,Gm6655,0,0,0,0,0,0,0,0,0,1,0,0
ENSMUSG00000107217,4930524B17Rik,0,0,0,0,0,4,0,0,0,0,0,0
ENSMUSG00000090164,BC035044,68,78,45,45,78,58,39,65,59,55,88,79
ENSMUSG00000106885,Eif3s6-ps4,0,0,0,3,0,0,1,0,0,1,0,0
ENSMUSG00002075480,#N/A,0,0,0,0,0,0,0,0,0,0,0,0
ENSMUSG00000107633,Gm44078,0,0,0,0,0,0,0,0,0,0,0,0
ENSMUSG00000099149,Mir6370,0,0,0,0,0,0,0,0,0,0,0,0
ENSMUSG00000002797,Ggct,159,173,132,153,199,224,151,170,192,160,223,206
ENSMUSG00000107733,Gm8774,0,1,0,0,0,1,0,0,0,0,0,0
ENSMUSG00000065702,Gm22828,0,0,0,0,0,0,0,0,0,0,0,0
ENSMUSG00000107100,Gm18482,0,0,0,0,0,0,0,0,0,0,0,0
ENSMUSG00000106814,Gm43501,0,0,0,0,0,0,0,0,0,0,0,0
ENSMUSG00000107067,Gm42581,0,0,0,0,0,0,0,0,0,0,0,0
ENSMUSG00000106763,Gm19102,0,0,0,0,0,0,0,0,0,0,0,0
ENSMUSG00000087831,Gm23960,0,0,0,0,0,0,0,0,0,0,0,0
ENSMUSG00000088458,Gm26373,0,0,0,0,0,0,0,0,0,0,0,0
ENSMUSG00000060882,Kcnd2,0,0,0,0,0,0,0,0,0,0,0,0
ENSMUSG00000106826,Gm42583,0,0,0,0,0,0,0,0,0,0,0,0
ENSMUSG00000029777,Gars,6992,7787,6632,6766,6331,3555,5576,6090,6781,6079,6087,5789
ENSMUSG00000107097,Gm42584,0,0,0,0,0,0,0,0,0,0,0,0
ENSMUSG00000106855,5330437M03Rik,0,0,0,0,0,0,0,0,0,0,0,0
ENSMUSG00000030365,Clec2i,283,362,334,365,361,213,326,388,354,362,242,265
ENSMUSG00000107992,Gm44223,0,0,0,0,0,0,0,0,0,0,0,0
ENSMUSG00000119114,#N/A,0,0,0,0,0,0,0,0,0,0,0,0
ENSMUSG00000029669,Tspan12,0,0,0,0,0,0,0,0,0,0,0,0
ENSMUSG00000106709,Gm30270,0,0,0,0,0,0,0,0,0,0,0,0
ENSMUSG00000106871,Gm3289,0,0,0,0,0,2,0,0,0,0,1,0
ENSMUSG00000000248,Clec2g,0,0,0,0,0,0,0,0,2,0,0,1
ENSMUSG00000085786,Gm15987,4,5,6,10,8,5,5,7,4,6,2,8
ENSMUSG00000119708,#N/A,0,0,0,0,0,0,0,0,0,0,0,0
ENSMUSG00000079223,Gm8778,2,0,0,2,0,0,0,1,3,4,1,1
ENSMUSG00000087150,BC064078,5,5,6,4,7,8,5,8,4,7,2,2
ENSMUSG00000089728,Clec2f,2,1,2,3,3,0,3,3,1,1,1,0
ENSMUSG00000081935,Gm16186,0,0,0,0,0,0,0,0,0,0,0,1
ENSMUSG00000030154,Klrb1f,3,1,4,2,6,2,3,7,9,6,6,4
ENSMUSG00000107867,Gm43992,0,0,0,0,0,0,0,0,0,0,0,0
ENSMUSG00000107811,Gm44000,0,0,0,0,0,0,0,0,0,0,0,0
ENSMUSG00000003476,Crhr2,0,0,0,0,0,1,0,0,0,0,0,0
ENSMUSG00000030155,Clec2e,0,0,0,0,0,0,0,0,0,0,0,1
ENSMUSG00000108285,Gm34358,0,0,0,0,0,0,0,0,0,0,0,0
ENSMUSG00000003477,Inmt,0,0,0,0,0,0,0,0,0,0,0,0
ENSMUSG00000079295,Klrb1-ps1,0,0,0,0,0,0,0,0,0,0,0,0
ENSMUSG00000089590,Gm26160,0,0,0,0,0,0,0,0,0,0,0,0
ENSMUSG00000030157,Clec2d,436,521,468,472,727,402,571,527,455,473,672,581
ENSMUSG00002076418,#N/A,0,0,0,0,0,0,0,0,0,0,0,0
ENSMUSG00000097354,2310001H17Rik,242,312,307,316,363,259,264,314,269,266,283,286
ENSMUSG00000112144,Gm47861,2,2,7,2,2,10,8,1,5,4,3,4
ENSMUSG00000038022,Mindy4,1,2,2,0,0,1,2,1,0,2,3,6
ENSMUSG00000107766,Gm44073,0,0,0,0,0,0,0,0,0,0,0,0
ENSMUSG00002076023,#N/A,0,0,0,0,0,0,0,0,0,0,0,0
ENSMUSG00000030156,Cd69,2935,3299,2581,2736,1840,1186,2431,2691,2993,3056,2014,1955
ENSMUSG00000004655,Aqp1,0,0,0,0,0,0,0,0,0,0,0,0
ENSMUSG00000047720,Clec2m,0,0,0,0,0,0,0,0,0,0,0,0
ENSMUSG00000053063,Clec12a,15,26,10,13,8,4,7,13,6,11,12,8
ENSMUSG00000004654,Ghrhr,0,0,0,0,0,0,0,0,0,0,0,0
ENSMUSG00000108228,6430584L05Rik,0,0,0,0,0,0,0,0,0,0,1,0
ENSMUSG00000030016,Zfp638,2814,3093,2254,2474,2766,2437,1531,2446,2215,2765,2957,2701
ENSMUSG00000108750,Gm44750,0,0,2,1,0,0,0,0,0,0,1,0
ENSMUSG00000079501,Gm5138,1,7,0,3,2,0,1,1,2,1,2,3
ENSMUSG00000029670,Ing3,798,819,653,672,631,577,620,707,809,741,810,673
ENSMUSG00000107991,Gm43919,1,1,1,1,2,3,1,0,5,3,4,2
ENSMUSG00000107534,Gm43920,0,3,0,0,1,0,2,0,1,1,1,5
ENSMUSG00000030158,Clec12b,0,0,0,0,0,0,0,0,0,0,0,0
ENSMUSG00000030159,Clec1b,0,0,0,0,0,0,0,0,0,0,0,1
ENSMUSG00000062980,Cped1,0,0,1,0,1,2,0,2,0,1,1,1
ENSMUSG00000046080,Clec9a,0,0,0,0,0,0,0,0,0,0,0,0
ENSMUSG00000106736,Gm42573,0,1,1,3,0,1,2,3,1,2,0,2
ENSMUSG00000107792,Gm43914,0,0,0,0,0,0,0,0,0,0,0,0
ENSMUSG00000029671,Wnt16,0,0,0,0,0,0,1,1,1,1,0,0
ENSMUSG00000033082,Clec1a,0,0,0,0,0,1,0,0,0,0,0,0
ENSMUSG00000079293,Clec7a,14,11,22,10,17,14,7,8,7,11,8,1
ENSMUSG00000030162,Olr1,350,354,508,442,506,478,253,306,321,314,210,191
ENSMUSG00000029672,Fam3c,1121,1182,976,1017,770,674,815,972,963,815,912,814
ENSMUSG00000107282,Gm43630,0,0,0,0,0,0,0,0,0,0,0,0
ENSMUSG00000030160,Tmem52b,1,0,1,0,0,0,0,0,0,1,1,0
ENSMUSG00000108290,Gm44120,0,0,0,0,0,0,0,0,0,0,0,0
ENSMUSG00000098187,Gm8927,42,40,31,28,23,5,26,33,26,21,30,14
ENSMUSG00000106803,Gm8930,0,0,0,0,0,0,0,0,0,0,0,0
ENSMUSG00000097675,1700101I11Rik,14,12,21,28,14,7,14,12,19,14,3,7
ENSMUSG00000107303,Gm18861,0,0,0,0,0,0,0,0,0,0,0,0
ENSMUSG00002076118,#N/A,0,0,0,0,0,0,0,0,0,0,0,0
ENSMUSG00002076428,#N/A,0,0,0,0,0,0,0,0,0,0,0,0
ENSMUSG00000107059,Gm43629,0,0,0,0,0,0,0,0,0,0,0,0
ENSMUSG00000030161,Gabarapl1,1401,1379,1322,1348,1271,814,1374,1355,1297,1146,1052,999
ENSMUSG00000107997,Gm44243,22,19,13,14,12,16,16,9,8,16,9,8
ENSMUSG00000108257,Gm44251,0,0,0,0,0,0,0,0,0,0,0,0
ENSMUSG00000050241,Klre1,9,13,11,13,7,5,14,9,11,12,8,15
ENSMUSG00000030067,Foxp1,8609,8195,6852,6749,4430,4074,4803,6007,7617,7240,5446,4695
ENSMUSG00002076712,#N/A,0,0,0,0,0,0,0,0,0,0,0,0
ENSMUSG00000030068,Gm20696,13,11,18,14,5,6,20,16,12,24,3,6
ENSMUSG00000093559,Gm20705,10,3,19,5,4,1,6,11,7,6,6,5
ENSMUSG00002075741,#N/A,0,0,0,0,0,0,0,0,1,0,0,1
ENSMUSG00002075195,#N/A,0,0,0,0,0,0,0,0,0,0,0,0
ENSMUSG00000030165,Klrd1,413,425,375,385,181,146,202,241,393,346,365,357
ENSMUSG00000093661,Eif4e3,164,252,168,217,91,60,225,231,148,182,147,128
ENSMUSG00000107583,Gm44104,1,1,1,0,3,0,0,0,1,0,1,1
ENSMUSG00000072875,Gpr27,0,1,5,2,2,1,0,1,2,0,1,0
ENSMUSG00000068748,Ptprz1,0,1,2,2,2,1,0,1,1,0,2,1
ENSMUSG00000030069,Prok2,2,0,0,0,0,1,0,0,0,0,0,0
ENSMUSG00000097548,Gm26748,0,0,0,0,0,0,0,0,0,0,0,0
ENSMUSG00000108082,Gm5314,0,0,0,0,1,0,0,0,0,0,0,0
ENSMUSG00000030149,Klrk1,642,707,523,556,273,190,245,320,572,499,591,611
ENSMUSG00000107713,Gm6681,0,0,0,0,0,0,0,0,1,0,2,0
ENSMUSG00000084319,Tpt1-ps3,208,488,299,366,390,385,351,509,242,203,309,170
ENSMUSG00000107204,Gm43067,0,0,0,0,0,0,0,0,0,0,0,0
ENSMUSG00002076799,#N/A,0,0,0,0,0,0,0,0,0,0,0,0
ENSMUSG00000107528,Gm44442,0,0,0,0,0,0,0,0,0,0,0,0
ENSMUSG00000108151,Gm33201,0,0,0,0,0,0,0,0,0,0,0,0
ENSMUSG00000107558,2010109P13Rik,0,0,0,0,0,0,0,0,0,0,0,0
ENSMUSG00000029778,Adcyap1r1,0,0,0,0,0,0,0,0,0,0,0,0
ENSMUSG00000072872,Rybp,328,379,318,325,252,378,222,333,398,369,349,293
ENSMUSG00000033027,Klrc3,4,2,3,3,0,0,0,2,0,7,2,2
ENSMUSG00000108269,Gm18422,0,0,0,0,0,0,0,0,0,0,0,0
ENSMUSG00000107461,Gm44045,1,0,3,1,2,0,1,2,4,0,3,2
ENSMUSG00000107690,Gm44044,0,0,1,0,0,1,0,0,0,1,2,0
ENSMUSG00000087929,Gm23234,0,0,0,0,0,0,0,0,0,0,0,0
ENSMUSG00000107663,Gm44107,0,0,0,0,0,0,0,0,0,0,0,0
ENSMUSG00002076548,#N/A,0,0,0,0,0,0,0,0,0,0,0,0
ENSMUSG00000101553,1700049E22Rik,0,0,0,0,0,0,0,0,0,0,0,0
ENSMUSG00000029695,Aass,0,0,0,0,0,0,0,0,0,0,0,0
ENSMUSG00000037984,Neurod6,0,0,0,0,0,0,0,0,0,0,0,0
ENSMUSG00000108063,Gm3279,0,0,0,0,0,1,0,0,0,0,0,0
ENSMUSG00000117306,Gm8945,0,0,0,0,0,0,0,0,0,0,0,0
ENSMUSG00000106989,Gm5989,0,0,0,0,0,0,0,0,0,0,0,0
ENSMUSG00000117101,Gm8950,0,0,0,0,0,0,0,0,0,0,0,0
ENSMUSG00000107032,Gm5301,0,0,0,0,0,0,0,0,0,0,0,0
ENSMUSG00000029697,Fezf1,0,0,0,0,0,0,0,0,0,0,0,0
ENSMUSG00000106775,C130093G08Rik,0,0,0,0,0,0,0,0,0,0,0,0
ENSMUSG00000037973,Itprid1,0,0,0,0,0,0,0,0,0,0,0,0
ENSMUSG00000002930,Ppp1r17,0,0,0,0,0,0,0,0,0,0,0,0
ENSMUSG00000035378,Shq1,628,674,478,540,576,210,483,520,659,580,533,508
ENSMUSG00000079224,Gm6565,0,0,0,0,0,0,0,0,0,0,0,0
ENSMUSG00000108019,Gm44108,0,0,0,0,0,0,0,0,1,0,0,0
ENSMUSG00000108122,Gm44116,14,18,18,20,11,5,17,20,19,18,5,7
ENSMUSG00000030074,Gxylt2,0,0,0,0,0,9,0,1,0,1,1,0
ENSMUSG00000052736,Klrc2,18,24,21,16,3,6,10,10,10,17,14,10
ENSMUSG00000084157,Gm15576,1,0,0,0,0,0,0,0,0,1,0,0
ENSMUSG00000107989,Gm19692,0,0,0,0,0,0,0,0,0,0,0,0
ENSMUSG00000052144,Ppp4r2,1234,1091,927,923,948,734,715,944,1154,1034,1044,928
ENSMUSG00000108074,4930595O18Rik,0,0,0,0,0,0,0,0,0,0,0,0
ENSMUSG00000108056,Gm43941,0,0,0,0,0,0,0,0,0,0,0,0
ENSMUSG00000107887,Gm43950,0,0,0,0,0,0,0,0,0,0,0,0
ENSMUSG00000107427,Gm43948,0,0,0,0,0,0,0,0,0,0,0,0
ENSMUSG00000107954,Gm43942,0,0,0,0,0,0,0,0,0,0,0,0
ENSMUSG00000107806,Gm19726,0,0,1,0,0,0,0,0,0,0,0,0
ENSMUSG00000030167,Klrc1,246,253,226,182,111,72,118,124,181,159,200,203
ENSMUSG00000083848,Gm7309,0,0,0,0,0,0,0,0,0,0,0,0
ENSMUSG00000076212,Mir680-1,0,0,0,0,0,0,0,0,0,0,0,0
ENSMUSG00000107715,Gm44135,0,0,1,0,0,0,0,0,0,0,0,0
ENSMUSG00000067610,Klri1,1,1,0,0,3,0,1,2,1,0,0,3
ENSMUSG00000043932,Klri2,29,29,45,20,18,29,12,13,25,28,27,24
ENSMUSG00000035357,Pdzrn3,59,64,24,22,31,22,8,14,44,34,13,12
ENSMUSG00000097834,Gm26911,0,0,0,0,0,0,0,0,0,0,0,0
ENSMUSG00000108076,9530086O07Rik,0,0,0,0,1,4,0,0,0,0,1,0
ENSMUSG00000108067,Gm43953,0,0,0,0,0,0,0,0,0,0,3,0
ENSMUSG00000107448,Gm43947,0,0,0,0,0,0,0,0,0,0,0,1
ENSMUSG00000107720,Gm43946,0,0,0,0,0,0,0,0,0,0,0,0
ENSMUSG00000108274,Gm44169,0,3,0,0,1,1,3,2,5,4,1,3
ENSMUSG00000071158,Klrh1,0,1,0,0,0,0,0,0,0,0,0,0
ENSMUSG00000107696,Gm44171,4,9,9,8,4,3,2,6,6,4,0,3
ENSMUSG00000082069,Gm16242,0,0,0,0,0,0,0,0,0,0,0,0
ENSMUSG00000107738,Gm32453,0,0,0,0,0,0,0,0,0,0,0,0
ENSMUSG00000052236,Gm9871,0,0,0,0,0,0,0,0,0,0,0,0
ENSMUSG00000107579,Gm44176,0,0,0,0,0,0,0,0,0,0,0,0
ENSMUSG00000107421,Gm44177,0,0,0,0,0,0,0,0,0,0,0,0
ENSMUSG00000108177,Gm7924,0,1,0,1,0,0,0,0,0,2,0,1
ENSMUSG00000014543,Klra17,0,0,0,1,0,2,1,0,2,2,0,0
ENSMUSG00000108235,Gm44248,0,0,0,0,0,0,0,0,0,0,0,0
ENSMUSG00000092047,Gm17631,0,0,0,0,0,0,0,0,0,0,0,0
ENSMUSG00000119056,#N/A,0,0,0,0,0,0,0,0,0,0,0,0
ENSMUSG00000030075,Cntn3,0,0,0,0,0,2,0,0,0,0,0,0
ENSMUSG00000030173,Klra5,7,5,11,11,2,9,7,9,7,3,6,7
ENSMUSG00000108092,Gm44189,0,0,0,0,0,0,0,0,0,0,0,0
ENSMUSG00000107563,4930587E11Rik,0,0,0,0,0,0,0,0,0,0,0,0
ENSMUSG00000083120,Gm15854,0,0,0,0,0,0,0,0,0,0,0,0
ENSMUSG00002075615,#N/A,0,0,0,0,0,0,0,0,0,0,0,0
ENSMUSG00000107533,Gm44422,0,0,0,0,0,0,0,0,0,0,0,0
ENSMUSG00000098533,Mir6373,0,0,0,0,0,0,0,0,0,0,0,0
ENSMUSG00000089288,Gm26022,0,0,0,0,0,0,0,0,0,0,0,0
ENSMUSG00000108294,Gm44429,0,0,0,0,0,0,0,0,0,0,0,0
ENSMUSG00000107445,Gm44449,0,0,0,0,0,0,0,0,0,0,0,0
ENSMUSG00000108296,Gm44295,0,0,0,0,0,0,0,0,1,0,0,0
ENSMUSG00000061769,Klra6,11,9,9,7,1,1,3,1,2,4,2,0
ENSMUSG00000079852,Klra4,3,1,4,1,2,4,2,1,3,7,3,5
ENSMUSG00000119609,#N/A,0,0,0,0,0,0,0,0,0,0,0,0
ENSMUSG00000072717,Klra11-ps,1,0,0,1,0,0,0,0,0,0,0,0
ENSMUSG00000108099,Gm43988,0,0,0,0,0,0,0,0,0,0,0,0
ENSMUSG00000119502,#N/A,0,0,0,0,0,0,0,0,0,0,0,0
ENSMUSG00000089727,Klra8,0,0,1,0,1,2,1,0,3,0,4,0
ENSMUSG00000118694,#N/A,0,0,0,0,0,0,0,0,0,0,0,0
ENSMUSG00000072721,Klra14-ps,0,0,0,0,1,0,0,0,0,0,0,0
ENSMUSG00000119829,#N/A,0,0,0,0,0,0,0,0,0,0,0,0
ENSMUSG00000033024,Klra9,4,1,3,2,1,3,4,3,7,4,3,0
ENSMUSG00000067599,Klra7,13,24,26,21,8,4,13,9,22,23,10,17
ENSMUSG00000072718,Klra10,0,0,0,0,0,0,0,0,0,0,0,0
ENSMUSG00000030077,Chl1,38,42,26,21,21,11,29,27,44,53,35,22
ENSMUSG00000030178,Klra13-ps,5,4,9,2,1,3,2,5,3,9,8,2
ENSMUSG00000119108,#N/A,0,0,0,0,0,0,0,0,0,0,0,0
ENSMUSG00000107804,Gm44439,0,0,0,0,0,0,0,0,0,0,0,0
ENSMUSG00000107919,Gm7946,0,0,1,0,0,0,0,0,0,0,0,0
ENSMUSG00000107595,Gm44441,0,0,0,0,0,2,0,0,0,2,1,0
ENSMUSG00000088265,Gm24784,0,0,0,0,0,0,0,0,0,0,0,0
ENSMUSG00000107511,Gm44440,0,0,0,0,0,0,0,0,0,0,0,0
ENSMUSG00000107823,Gm44436,0,0,0,0,1,1,0,0,0,0,0,0
ENSMUSG00000089091,Gm25656,0,0,0,0,0,0,0,0,0,0,0,0
ENSMUSG00000108172,Gm21054,0,0,0,0,0,0,0,0,0,0,0,0
ENSMUSG00000107074,Gm18100,0,0,0,0,0,0,0,0,0,0,0,0
ENSMUSG00000067591,Klra3,39,38,22,26,17,21,28,14,31,27,43,31
ENSMUSG00000079853,Klra1,9,6,11,8,4,1,6,7,10,6,9,6
ENSMUSG00000084204,Gm6584,0,0,0,0,0,0,0,0,0,0,0,0
ENSMUSG00000082777,Gm15861,0,0,0,0,0,0,0,0,0,0,0,0
ENSMUSG00000107492,Gm6590,0,0,0,0,0,0,0,0,0,0,0,0
ENSMUSG00000098212,Gm38706,0,0,0,0,0,0,0,0,0,0,0,0
ENSMUSG00000098025,Gm27013,0,0,0,0,0,0,0,0,0,0,0,0
ENSMUSG00000107787,Gm44526,0,0,0,0,0,0,0,0,0,0,0,0
ENSMUSG00000098115,Gm8816,0,0,0,2,0,0,0,0,1,0,0,0
ENSMUSG00000107519,Gm26996,0,0,0,0,0,0,0,0,0,0,0,0
ENSMUSG00000098084,Gm26914,0,0,0,0,0,0,0,0,0,0,0,0
ENSMUSG00000098214,Gm27047,0,0,0,0,0,0,0,0,0,0,0,0
ENSMUSG00000107898,Gm27013,0,0,0,0,0,0,0,0,0,0,0,0
ENSMUSG00000108104,Gm20997,0,0,0,0,0,0,0,0,0,0,0,0
ENSMUSG00000098015,Gm44527,0,0,0,0,0,0,0,0,0,0,0,0
ENSMUSG00000108065,Gm18423,0,0,0,0,0,0,0,0,0,0,0,0
ENSMUSG00000098071,Gm44525,0,0,0,0,0,0,0,0,0,0,0,0
ENSMUSG00000107975,Gm44118,0,0,0,0,0,0,0,0,0,0,0,0
ENSMUSG00000107557,Gm21940,0,0,0,0,0,0,0,0,0,0,0,0
ENSMUSG00000098137,Gm33962,0,0,0,0,0,0,0,0,0,0,0,0
ENSMUSG00000107575,Gm44128,0,0,0,0,0,0,0,0,0,0,0,0
ENSMUSG00000107522,Gm44988,0,0,0,0,0,0,0,0,0,0,0,0
ENSMUSG00000107581,Gm44828,0,0,0,0,0,0,0,0,0,0,0,0
ENSMUSG00000107587,Gm44989,0,0,0,0,0,0,0,0,0,0,0,0
ENSMUSG00000107582,Gm44133,0,0,0,0,0,0,0,0,0,0,0,0
ENSMUSG00000108066,Gm44134,0,0,0,0,0,0,0,0,0,0,0,0
ENSMUSG00000108054,Gm44149,0,0,0,0,0,0,0,0,0,0,0,0
ENSMUSG00000107464,Gm44150,0,0,0,0,0,0,0,0,0,0,0,0
ENSMUSG00000090099,Gm8837,0,0,0,0,0,0,0,0,0,0,0,1
ENSMUSG00000061969,Gm5581,0,0,0,0,0,0,0,0,0,0,0,0
ENSMUSG00000030187,Klra2,0,1,0,0,0,1,0,0,0,0,0,1
ENSMUSG00000058873,Gm5582,0,0,0,0,0,0,0,0,0,0,0,0
ENSMUSG00000108284,Gm44182,0,0,0,0,0,0,0,0,0,0,0,0
ENSMUSG00000030092,Cntn6,0,0,0,0,0,0,0,0,0,0,0,0
ENSMUSG00000107836,Gm5315,0,0,0,0,0,0,0,0,0,0,1,0
ENSMUSG00000089587,Gm23339,0,0,0,0,0,0,0,0,0,0,0,0
ENSMUSG00002076854,#N/A,0,0,0,0,0,0,0,0,0,0,0,0
ENSMUSG00000108237,Gm19757,0,0,0,0,1,0,0,0,0,0,0,0
ENSMUSG00000108270,Gm4602,0,0,1,2,0,0,1,0,0,2,1,0
ENSMUSG00000085067,Gm15631,0,0,0,0,0,0,0,0,0,0,0,0
ENSMUSG00000030188,Magohb,668,692,603,554,665,551,616,634,707,644,694,689
ENSMUSG00000107658,Gm44958,9,0,4,1,0,0,0,0,0,1,1,0
ENSMUSG00000032899,Styk1,18,27,21,15,17,16,7,10,19,11,22,25
ENSMUSG00000030189,Ybx3,21217,23407,18358,18326,18138,15614,17470,18716,21579,18982,17329,15851
ENSMUSG00000065036,Gm22362,13,38,23,22,4,0,7,21,20,22,5,2
ENSMUSG00000107832,Gm18688,0,3,1,0,0,0,0,1,1,1,0,0
ENSMUSG00000095577,Gm6619,0,0,0,0,0,0,0,0,0,0,0,0
ENSMUSG00000094113,5430401F13Rik,0,0,0,0,0,0,0,0,0,0,0,0
ENSMUSG00002075775,#N/A,0,0,0,0,0,0,0,0,0,0,0,0
ENSMUSG00000089792,Gm16571,0,0,0,0,0,0,0,0,0,0,0,0
ENSMUSG00000062477,Hmgb1l,0,0,0,0,0,0,0,0,0,0,1,0
ENSMUSG00000107784,Gm43943,0,0,0,0,0,0,0,0,0,0,0,0
ENSMUSG00000054497,Tas2r130,0,0,0,0,0,0,0,0,0,0,0,0
ENSMUSG00000053389,Tas2r107,0,0,0,0,0,0,0,0,0,0,0,0
ENSMUSG00000057754,Tas2r106,0,0,0,0,0,0,0,0,0,0,0,0
ENSMUSG00000061977,Tas2r104,0,0,0,0,0,0,0,0,0,0,0,0
ENSMUSG00000051153,Tas2r105,0,0,0,0,0,0,0,0,0,0,0,0
ENSMUSG00000063478,Tas2r114,0,0,0,0,0,0,0,0,0,0,0,0
ENSMUSG00000107983,Gm43973,0,0,0,0,0,0,0,1,0,0,0,0
ENSMUSG00000107774,Gm43974,0,0,0,0,0,0,0,0,0,0,0,0
ENSMUSG00000108245,Prb3-ps,0,0,0,0,0,0,0,0,0,0,0,0
ENSMUSG00000108144,Gm43975,0,0,0,0,0,0,0,0,0,0,0,0
ENSMUSG00000079276,Gm4736,0,0,0,0,0,0,0,0,0,0,0,0
ENSMUSG00000107671,Gm43976,0,0,0,0,0,0,0,0,0,0,0,0
ENSMUSG00000107973,Gm43978,0,0,0,0,0,0,0,0,0,0,0,0
ENSMUSG00000067543,Prb1,0,0,0,0,0,0,0,0,0,0,0,0
ENSMUSG00000107777,Gm44687,0,0,0,0,0,0,0,0,0,0,0,0
ENSMUSG00000107834,Gm43979,0,0,0,0,0,0,0,0,0,0,0,0
ENSMUSG00000004347,Pde1c,0,1,1,0,0,3,1,0,0,0,1,2
ENSMUSG00000107874,Prpmp5,0,0,0,0,0,0,0,0,0,0,0,0
ENSMUSG00000107754,Gm44990,0,0,0,0,0,0,0,0,0,0,0,0
ENSMUSG00000107626,Gm44727,0,0,0,0,0,0,0,0,0,0,0,0
ENSMUSG00000030143,Gm8882,0,0,0,0,0,0,0,0,0,0,0,0
ENSMUSG00000107550,Gm44726,0,0,0,0,0,0,0,0,0,0,0,0
ENSMUSG00000107805,Gm44003,0,0,0,0,0,0,0,0,0,0,0,0
ENSMUSG00000108041,Gm5154,0,0,0,0,0,0,0,0,0,0,0,0
ENSMUSG00000108002,Gm45063,0,0,0,0,0,0,0,0,0,0,0,0
ENSMUSG00000107731,Gm44952,0,0,0,0,0,0,0,0,0,0,0,0
ENSMUSG00000107632,Gm44070,0,0,0,0,0,0,0,0,0,0,0,0
ENSMUSG00002075937,#N/A,0,0,0,0,0,0,0,0,0,0,0,0
ENSMUSG00002076183,#N/A,0,0,0,0,0,0,0,0,0,0,0,0
ENSMUSG00000119487,#N/A,0,0,0,0,0,0,0,0,0,0,0,0
ENSMUSG00000077682,Gm22493,0,0,0,0,0,0,0,0,0,0,0,0
ENSMUSG00000059934,Prh1,0,0,0,0,0,0,0,0,0,0,0,0
ENSMUSG00002075697,#N/A,0,0,0,0,0,0,0,0,0,0,0,0
ENSMUSG00000058295,Prp2,0,0,0,0,0,0,0,0,0,0,0,0
ENSMUSG00000091625,Lsm5,74,77,77,75,98,67,89,108,62,50,93,60
ENSMUSG00000067541,A630073D07Rik,0,0,0,0,0,0,0,0,0,0,0,0
ENSMUSG00000059382,Tas2r120,0,0,0,0,0,0,0,0,0,0,0,0
ENSMUSG00000071150,Tas2r121,0,0,0,0,0,0,0,0,0,0,0,0
ENSMUSG00000078280,Tas2r122,0,0,0,0,0,0,0,0,0,0,0,0
ENSMUSG00000071149,Tas2r115,0,0,0,0,0,0,0,0,0,0,0,0
ENSMUSG00000107669,Gm44137,0,0,0,0,0,0,0,0,0,0,0,0
ENSMUSG00000060412,Tas2r124,0,0,0,0,0,0,0,0,0,0,0,0
ENSMUSG00000107888,Gm44138,0,0,0,0,0,0,0,0,0,0,0,0
ENSMUSG00000056901,Tas2r102,0,0,0,0,0,0,0,0,0,0,0,0
ENSMUSG00000053217,Tas2r136,0,0,0,0,0,0,0,0,0,0,0,0
ENSMUSG00000107592,Tas2r145-ps3,0,0,0,0,0,0,0,0,0,0,0,0
ENSMUSG00000029787,Avl9,1152,1141,957,961,794,570,673,932,1001,970,865,843
ENSMUSG00000058349,Tas2r117,0,0,0,0,0,0,0,0,0,0,0,0
ENSMUSG00000108250,Tas2r111-ps2,0,0,0,0,0,0,0,0,0,0,0,0
ENSMUSG00000107683,Gm44139,0,0,0,0,0,0,0,0,0,0,0,0
ENSMUSG00000057381,Tas2r123,0,0,0,0,0,0,0,0,0,0,0,0
ENSMUSG00000030194,Tas2r116,0,0,0,0,1,0,0,0,0,0,0,0
ENSMUSG00000107980,Gm44142,0,0,0,0,0,0,0,0,0,0,0,0
ENSMUSG00000062952,Tas2r110,0,0,0,0,0,0,0,0,0,0,0,0
ENSMUSG00000056926,Tas2r113,0,0,0,0,0,0,0,0,0,0,0,0
ENSMUSG00000059486,Kbtbd2,861,1053,779,750,816,561,717,771,823,726,822,837
ENSMUSG00000107594,Tas2r142-ps5,0,0,0,0,0,0,0,0,0,0,0,0
ENSMUSG00000108080,Gm10209,4,5,7,3,8,8,12,3,5,7,1,7
ENSMUSG00000059410,Tas2r125,0,0,0,0,0,0,0,0,0,0,0,0
ENSMUSG00000108261,Tas2r146-ps1,0,0,0,0,0,0,0,0,0,0,0,0
ENSMUSG00000063762,Tas2r129,0,0,0,0,0,0,0,0,0,0,0,0
ENSMUSG00000057699,Tas2r131,0,0,0,0,0,0,0,0,0,0,0,0
ENSMUSG00000107466,Gm44425,0,0,0,0,0,0,0,0,0,0,0,0
ENSMUSG00000029781,Fkbp9,19,4,7,11,3,7,11,4,9,11,7,11
ENSMUSG00000062528,Tas2r109,0,0,0,0,0,0,0,0,0,0,0,0
ENSMUSG00000107544,Gm44426,0,0,0,0,0,0,0,0,0,0,0,0
ENSMUSG00000107808,Gm18689,0,0,0,0,0,0,0,0,0,0,0,0
ENSMUSG00000107746,Gm18690,0,0,0,0,0,0,0,0,0,0,0,0
ENSMUSG00000030196,Tas2r103,0,0,0,0,0,0,0,0,0,0,0,0
ENSMUSG00000071147,Tas2r140,0,0,0,0,0,0,0,0,0,0,0,0
ENSMUSG00000107602,Gm18691,0,0,0,0,0,0,0,0,0,0,0,0
ENSMUSG00000107694,Gm8921,0,0,0,0,0,0,0,0,0,0,0,0
ENSMUSG00000107642,Tas2r141-ps4,0,0,0,0,0,0,0,0,0,0,0,0
ENSMUSG00000072704,Smim10l1,495,482,376,361,321,384,328,417,478,420,378,383
ENSMUSG00000107838,Gm45769,12,15,16,12,15,9,8,11,11,8,11,9
ENSMUSG00000108115,Gm7039,0,0,0,0,0,0,0,0,0,0,0,0
ENSMUSG00002074979,#N/A,0,0,0,0,0,0,0,0,0,0,0,0
ENSMUSG00002075805,#N/A,0,0,0,0,0,0,0,0,0,0,0,0
ENSMUSG00000055594,5530400C23Rik,0,0,0,0,0,0,0,0,0,0,0,0
ENSMUSG00000107625,Gm34149,0,0,0,0,0,0,0,0,0,0,0,0
ENSMUSG00000107527,Gm44239,0,0,0,0,0,0,0,0,0,0,0,0
ENSMUSG00000095412,Gm5885,0,0,0,0,0,0,0,0,0,0,0,0
ENSMUSG00000108023,Gm44245,0,0,0,0,0,0,0,0,0,0,0,0
ENSMUSG00000107765,Gm34224,0,0,0,0,0,0,0,0,0,0,0,0
ENSMUSG00000107565,Gm34314,0,0,0,0,0,0,0,0,0,0,0,0
ENSMUSG00000107635,Gm44247,0,0,0,0,0,0,0,0,0,0,0,0
ENSMUSG00000108241,Gm44252,0,0,0,0,0,0,0,0,0,0,0,0
ENSMUSG00000107950,Gm6375,9,6,5,2,1,1,6,4,0,0,6,2
ENSMUSG00002075196,#N/A,0,0,0,0,0,0,0,0,0,0,0,0
ENSMUSG00000108106,Gm5886,0,0,0,0,0,0,0,0,0,0,0,0
ENSMUSG00000064293,Cntn4,0,0,0,0,1,1,0,0,0,0,0,0
ENSMUSG00000032758,Kap,0,0,0,0,0,0,0,0,0,0,0,0
ENSMUSG00000107890,Gm43968,0,0,0,0,0,0,0,0,0,0,0,0
ENSMUSG00000107771,Gm8956,0,0,0,0,0,0,1,2,1,0,0,1
ENSMUSG00000029780,Nt5c3,737,783,643,642,671,477,623,655,711,671,660,616
ENSMUSG00000108260,Gm3793,5,2,4,2,1,1,1,5,1,5,1,1
ENSMUSG00000071893,Vmn1r4,2,1,2,2,1,0,0,0,3,0,0,1
ENSMUSG00000108021,Gm44049,0,0,0,0,1,0,0,0,0,0,0,0
ENSMUSG00000090346,Vmn1r5,0,0,0,0,0,1,0,0,0,0,0,0
ENSMUSG00000115701,Vmn1r6,0,0,0,0,0,1,0,0,0,0,0,0
ENSMUSG00000093696,Vmn1r7,0,0,0,0,0,0,0,0,0,0,0,0
ENSMUSG00000005364,Il5ra,0,0,0,1,0,0,0,0,0,0,0,0
ENSMUSG00000061208,Vmn1r8,0,0,0,0,0,0,0,0,0,0,0,0
ENSMUSG00000030199,Etv6,2912,3032,3331,3363,2135,1382,2669,3598,2394,2256,2071,1757
ENSMUSG00000091541,Vmn1r9,0,0,0,0,0,0,0,0,0,0,0,0
ENSMUSG00000108214,Gm43982,12,9,6,5,5,9,7,17,4,5,6,7
ENSMUSG00000108238,Gm43984,12,3,8,12,7,6,5,11,16,5,15,8
ENSMUSG00000115181,Vmn1r10,0,0,0,0,0,0,0,0,0,0,0,0
ENSMUSG00000091438,Gm17088,1,0,0,0,0,0,0,0,0,0,0,0
ENSMUSG00000092134,Gm17089,2,1,0,2,0,1,0,1,0,0,1,0
ENSMUSG00000115236,Vmn1r11,0,0,0,0,0,2,0,0,0,0,0,0
ENSMUSG00000108263,1700051K13Rik,0,0,0,0,0,0,1,0,0,0,0,0
ENSMUSG00000107666,4933406J09Rik,0,0,1,0,0,0,0,1,0,0,0,0
ENSMUSG00000057981,Vmn1r12,0,0,0,0,0,1,0,0,0,0,0,0
ENSMUSG00000093728,Vmn1r-ps8,0,0,0,0,0,0,0,0,0,0,0,0
ENSMUSG00000064259,Vmn1r13,10,7,7,5,7,80,4,11,9,3,4,10
ENSMUSG00000114982,Vmn1r14,0,0,0,0,0,5,0,0,0,0,0,0
ENSMUSG00000030200,Bcl2l14,7,7,9,11,12,11,9,11,9,6,2,4
ENSMUSG00000115199,Vmn1r15,0,0,0,0,0,0,0,0,0,0,0,0
ENSMUSG00000107767,Gm44448,0,0,0,0,0,0,0,0,0,0,0,0
ENSMUSG00000093520,Vmn1r-ps9,0,0,0,0,0,0,0,0,0,0,0,0
ENSMUSG00000093621,Vmn1r-ps10,0,0,0,0,0,0,0,0,0,0,0,0
ENSMUSG00000115792,Vmn1r16,0,0,0,0,0,5,0,0,0,0,0,0
ENSMUSG00000115644,Vmn1r17,0,0,0,0,0,0,0,0,0,0,0,0
ENSMUSG00000091382,Vmn1r18,0,0,0,0,0,1,0,0,0,0,0,0
ENSMUSG00000115799,Vmn1r19,0,0,0,0,0,0,0,0,0,0,0,0
ENSMUSG00000115253,Vmn1r20,0,0,0,0,0,0,0,0,0,0,0,0
ENSMUSG00000093398,Vmn1r-ps11,0,0,0,0,0,0,0,0,0,0,0,0
ENSMUSG00000093535,4930533I22Rik,0,1,0,0,1,0,0,0,0,0,0,0
ENSMUSG00000108112,Gm45193,0,0,0,0,0,0,0,0,0,0,0,0
ENSMUSG00000030201,Lrp6,1962,1907,1769,1575,1661,1269,1112,1695,1726,1613,1615,1588
ENSMUSG00000013736,Trnt1,2336,2409,2014,1936,1844,1558,1655,2044,2207,2142,2039,1892
ENSMUSG00000107728,Gm38910,9,5,2,5,4,11,4,3,2,3,8,3
ENSMUSG00000037826,Ppm1k,107,101,108,87,106,112,103,109,84,65,90,94
ENSMUSG00002076654,#N/A,0,0,0,0,0,0,0,0,0,0,0,0
ENSMUSG00000032718,Mansc1,43,48,37,32,40,20,31,54,35,28,60,53
ENSMUSG00000108121,Gm43952,0,1,0,0,2,0,0,0,0,0,0,0
ENSMUSG00000042992,Borcs5,130,163,123,111,164,47,141,115,138,150,148,151
ENSMUSG00000108166,Gm44017,1,1,0,0,0,0,0,0,0,2,1,1
ENSMUSG00000029798,Herc6,40,53,47,47,50,62,54,62,71,47,69,69
ENSMUSG00000107627,Gm19244,0,0,0,0,0,0,0,0,1,0,0,0
ENSMUSG00000104204,Gm37397,15,9,12,1,2,6,14,5,4,7,9,12
ENSMUSG00000043162,Pyurf,120,130,108,100,134,85,95,110,137,117,91,123
ENSMUSG00000097656,Gm26712,0,0,0,0,0,0,0,0,0,0,0,0
ENSMUSG00000030203,Dusp16,566,638,514,510,451,231,362,486,412,414,381,356
ENSMUSG00000108196,Gm36328,0,0,0,0,0,0,0,0,0,0,0,0
ENSMUSG00000062190,Lancl2,263,318,274,276,293,245,306,368,273,273,323,296
ENSMUSG00000032652,Crebl2,45,72,40,49,63,39,45,69,56,41,69,68
ENSMUSG00000108233,Gm44084,0,0,0,0,0,2,0,0,0,0,0,0
ENSMUSG00000005362,Crbn,612,662,470,467,548,280,445,526,604,550,561,455
ENSMUSG00000119629,#N/A,0,0,0,0,0,0,0,0,0,0,0,0
ENSMUSG00000107981,Gm6064,0,0,0,0,0,1,0,0,0,0,0,0
ENSMUSG00000107714,Gm34933,0,0,0,0,0,0,0,0,0,0,0,0
ENSMUSG00000107697,Gm44399,0,0,0,0,0,0,0,0,0,0,0,0
ENSMUSG00002075968,#N/A,0,0,0,0,0,0,0,0,0,0,0,0
ENSMUSG00000107674,Gm44277,0,0,0,0,0,0,0,0,0,0,0,0
ENSMUSG00000034648,Lrrn1,0,0,0,0,0,0,0,0,0,0,0,0
ENSMUSG00000107496,4933431M02Rik,0,0,0,0,0,0,0,0,0,0,0,0
ENSMUSG00000037788,Vopp1,551,534,469,481,461,270,488,495,570,513,527,427
ENSMUSG00000107475,Gm19177,0,0,0,0,0,2,0,0,0,1,0,0
ENSMUSG00000108009,Gm44279,0,0,0,0,0,0,0,0,0,0,0,0
ENSMUSG00000115343,Vmn1r21,0,0,0,0,0,0,0,0,0,0,0,0
ENSMUSG00000107431,Gm44114,0,0,0,0,0,2,0,0,0,0,1,0
ENSMUSG00000034639,Setmar,56,34,48,33,37,28,53,47,45,47,31,49
ENSMUSG00000077717,Gm25726,0,0,0,0,0,0,0,0,0,0,0,0
ENSMUSG00000093530,Vmn1r-ps12,0,0,0,0,0,0,0,0,0,0,0,0
ENSMUSG00000115091,Vmn1r22,0,0,0,0,0,0,0,0,0,0,0,0
ENSMUSG00000093376,Vmn1r23,0,0,0,0,0,0,0,0,0,0,0,0
ENSMUSG00000093541,Gm20660,0,0,0,0,0,0,0,0,0,0,0,1
ENSMUSG00000115507,Vmn1r24,0,0,0,0,0,0,0,0,0,0,0,0
ENSMUSG00000115668,Vmn1r25,0,0,0,0,0,0,0,0,0,0,0,0
ENSMUSG00000107678,Vmn1r-ps13,0,0,0,0,0,0,0,0,0,0,0,0
ENSMUSG00000048697,Vmn1r26,0,0,0,0,0,0,0,0,0,0,0,0
ENSMUSG00000071419,Rps15-ps2,2,2,2,0,4,1,2,5,6,7,1,1
ENSMUSG00000093382,Vmn1r-ps14,0,0,0,0,0,0,0,0,0,0,0,0
ENSMUSG00000093666,Vmn1r-ps15,0,1,1,0,1,1,0,0,0,1,0,0
ENSMUSG00000093560,Gm6695,0,0,0,0,0,0,0,0,0,1,0,0
ENSMUSG00000030101,Sumf1,249,263,228,209,216,106,244,277,244,206,200,187
ENSMUSG00000107530,Vmn1r-ps16,0,0,0,0,1,0,0,0,0,0,0,0
ENSMUSG00000032641,Gpr19,75,91,83,59,89,46,88,77,84,81,68,66
ENSMUSG00000091845,Rpl36-ps12,31,28,28,44,52,9,54,48,71,35,33,36
ENSMUSG00000093743,Vmn1r-ps17,0,0,0,0,0,0,0,0,0,0,0,0
ENSMUSG00000093708,Gm20718,0,0,0,0,0,0,0,0,0,0,0,0
ENSMUSG00000107477,Gm44366,8,3,2,5,3,3,2,2,4,5,0,4
ENSMUSG00000107521,Gm43994,0,0,0,0,0,0,0,0,0,0,0,0
ENSMUSG00000093731,Vmn1r-ps18,0,0,0,0,0,0,0,0,0,0,0,0
ENSMUSG00000100876,2810454H06Rik,1,8,10,6,6,7,10,6,11,7,3,3
ENSMUSG00000071428,Vmn1r27,0,0,0,0,0,0,0,0,0,0,0,0
ENSMUSG00000093522,Vmn1r-ps19,0,0,0,0,0,0,0,0,0,0,0,0
ENSMUSG00000115705,Vmn1r28,0,0,0,0,0,1,0,0,0,0,0,0
ENSMUSG00000017978,Cadps2,0,0,0,0,0,2,0,0,0,0,0,0
ENSMUSG00000091734,Vmn1r29,0,0,1,0,1,2,0,0,0,0,0,0
ENSMUSG00000003031,Cdkn1b,156,155,176,179,187,164,196,260,179,150,240,200
ENSMUSG00000093547,Gm20674,0,0,0,0,0,0,0,0,2,0,0,0
ENSMUSG00000107730,Gm44238,0,0,0,0,0,0,1,0,0,1,0,1
ENSMUSG00000093702,Vmn1r-ps20,0,0,0,0,0,0,0,0,0,0,0,0
ENSMUSG00000095670,Vmn1r30,0,0,0,0,0,0,0,0,0,0,0,0
ENSMUSG00000098318,Lockd,47,79,74,106,80,68,111,101,62,63,65,26
ENSMUSG00002076373,#N/A,0,0,0,0,0,0,0,0,0,0,0,0
ENSMUSG00002076681,#N/A,0,0,0,0,0,0,0,0,0,0,0,0
ENSMUSG00000107518,Gm44016,0,0,0,0,0,0,0,0,0,0,0,0
ENSMUSG00000093461,Vmn1r-ps21,0,0,0,0,0,0,0,0,0,0,0,0
ENSMUSG00000107960,Gm35077,0,0,0,0,0,0,0,0,0,0,0,0
ENSMUSG00000051956,Rnf133,0,0,0,0,0,0,0,0,0,0,0,0
ENSMUSG00000090698,Apold1,3,9,5,5,0,6,6,3,4,3,1,5
ENSMUSG00000093747,Gm20673,0,0,1,0,0,0,0,0,2,0,1,1
ENSMUSG00000078179,Rnf148,0,0,0,0,0,0,0,0,0,0,0,0
ENSMUSG00000043865,Tas2r118,0,0,0,0,0,0,0,0,0,0,0,0
ENSMUSG00000115404,Vmn1r31,0,0,0,0,0,0,0,0,0,0,0,0
ENSMUSG00000093518,Vmn1r-ps22,0,0,0,0,0,0,0,0,0,0,0,0
ENSMUSG00000093588,Vmn1r-ps23,0,0,0,0,0,0,0,0,0,0,2,0
ENSMUSG00000093741,Gm20672,0,0,0,0,0,0,0,0,0,0,0,0
ENSMUSG00000029700,Slc13a1,0,0,0,0,0,0,0,0,0,0,0,0
ENSMUSG00000093580,Gm20706,0,0,0,0,0,0,0,0,0,0,0,0
ENSMUSG00002075286,#N/A,0,0,0,0,0,0,0,0,0,0,0,0
ENSMUSG00000046192,Iqub,0,0,0,0,0,1,0,0,0,0,2,0
ENSMUSG00000023089,Ndufa5,439,564,441,484,581,488,529,533,584,486,534,525
ENSMUSG00000033788,Dysf,1,5,3,4,1,4,5,1,7,3,2,0
ENSMUSG00000029685,Asb15,0,0,0,0,0,1,0,0,0,0,0,0
ENSMUSG00000107189,Gm42689,0,0,0,0,0,0,0,1,0,0,0,0
ENSMUSG00000107682,Gm33024,0,0,0,0,0,0,0,0,0,0,0,0
ENSMUSG00000029683,Lmod2,0,0,0,0,0,0,0,0,0,0,0,0
ENSMUSG00000029802,Abcg2,106,101,80,77,101,63,101,109,97,85,113,87
ENSMUSG00000108142,Gm7498,1,0,0,0,0,0,1,3,0,1,2,0
ENSMUSG00000030204,Ddx47,3027,3265,2623,2792,2834,2109,2623,2826,2888,2596,2746,2518
ENSMUSG00000108164,Gm43899,0,0,0,0,0,0,0,0,0,0,0,0
ENSMUSG00000087001,Gm15475,0,0,0,0,0,0,0,0,0,0,0,0
ENSMUSG00000107538,Gm44127,0,0,0,0,0,0,0,0,0,0,0,0
ENSMUSG00000107797,Gm10445,0,0,0,0,0,0,0,0,0,0,0,0
ENSMUSG00000046733,Gprc5a,13,18,20,13,18,10,21,24,13,5,11,14
ENSMUSG00000107926,4930504D19Rik,0,0,0,0,0,0,0,0,0,0,0,0
ENSMUSG00000030205,Gprc5d,0,0,0,0,0,0,0,0,0,0,0,0
ENSMUSG00000108191,Gm29803,0,0,0,0,0,0,0,0,0,0,0,0
ENSMUSG00000042770,Hebp1,1,0,2,1,0,1,1,3,2,0,1,0
ENSMUSG00000088372,Gm22881,0,0,0,0,0,0,0,0,0,0,0,0
ENSMUSG00000108248,Gm34391,0,0,0,0,0,0,0,0,0,0,0,0
ENSMUSG00000108239,Gm19434,0,0,0,0,0,0,0,0,0,0,0,0
ENSMUSG00000029684,Wasl,642,603,533,505,481,418,449,600,540,602,603,517
ENSMUSG00000106946,Gm42856,6,0,3,3,0,6,1,6,2,2,6,2
ENSMUSG00000063415,Cyp26b1,1,3,4,0,5,4,0,1,0,0,0,0
ENSMUSG00000029679,Hyal6,0,0,0,0,0,0,0,0,0,0,0,0
ENSMUSG00000029680,Hyal4,0,0,0,0,0,0,0,0,0,0,0,0
ENSMUSG00000029682,Spam1,0,0,0,0,0,0,0,0,0,0,0,0
ENSMUSG00000107223,Gm18327,0,0,0,0,0,0,0,0,0,0,0,0
ENSMUSG00000029678,Hyal5,0,0,0,0,0,0,0,0,0,0,0,0
ENSMUSG00000077196,Gm22267,0,0,0,0,0,0,0,0,0,0,0,0
ENSMUSG00000048022,Tmem229a,0,0,0,0,0,0,0,0,0,0,0,0
ENSMUSG00000107212,Gm5302,11,9,10,8,10,8,8,13,11,13,11,17
ENSMUSG00000087867,Gm24443,0,0,0,0,0,0,0,0,0,0,0,0
ENSMUSG00000089442,Gm22529,0,0,0,0,0,1,0,0,0,0,0,0
ENSMUSG00000029804,Herc3,279,312,267,253,201,142,261,276,282,272,253,232
ENSMUSG00000030207,Fam234b,274,303,210,215,288,83,231,291,258,193,275,291
ENSMUSG00000039904,Gpr37,0,0,1,0,0,2,0,0,1,0,0,0
ENSMUSG00000055430,Nap1l5,0,0,0,0,0,0,0,0,0,0,0,0
ENSMUSG00000033769,Exoc6b,339,317,262,250,185,161,219,298,227,226,263,227
ENSMUSG00000098142,Gm7507,24,27,8,16,10,2,28,20,19,25,10,11
ENSMUSG00000108012,Gm44012,0,0,0,0,0,0,0,0,0,0,0,0
ENSMUSG00000107629,Gm44011,0,0,0,0,0,0,0,0,0,0,0,0
ENSMUSG00002076773,#N/A,0,0,0,0,0,0,0,0,0,0,0,0
ENSMUSG00000081669,Npm3-ps1,6,9,3,9,5,2,4,4,6,5,5,3
ENSMUSG00000107409,Gm43954,0,0,0,0,0,0,0,0,0,0,0,0
ENSMUSG00000107536,Gm43955,0,0,0,0,0,0,0,0,0,0,0,0
ENSMUSG00000107925,Gm43957,0,0,0,0,0,0,0,0,0,0,0,0
ENSMUSG00000072952,Gm5878,0,0,0,0,0,0,0,0,0,0,0,0
ENSMUSG00000107769,Gm43959,0,0,0,0,0,0,0,0,0,0,0,0
ENSMUSG00000029676,Pot1a,318,359,302,260,355,231,254,262,366,315,410,384
ENSMUSG00000033735,Spr,483,549,442,486,525,161,524,491,489,481,521,480
ENSMUSG00000072950,Gm10444,0,0,0,0,0,0,0,0,0,0,0,0
ENSMUSG00000106799,Gm20756,0,0,0,0,0,1,0,0,0,0,1,0
ENSMUSG00000107922,Gm44285,0,0,0,0,0,1,1,0,0,0,0,0
ENSMUSG00000107127,Gm6719,0,0,0,0,0,0,0,0,0,0,0,0
ENSMUSG00000089262,Gm22893,0,0,0,0,0,1,0,0,0,0,0,0
ENSMUSG00000088387,Gm24691,0,0,0,0,0,0,0,0,0,0,0,0
ENSMUSG00000106742,Gm42474,0,0,0,0,0,0,0,0,0,0,0,0
ENSMUSG00000068303,Spr-ps1,0,0,0,0,1,2,0,0,0,0,0,0
ENSMUSG00000037709,Fam13a,2,1,1,1,4,6,2,1,2,0,5,0
ENSMUSG00000107439,Gm45060,0,0,0,0,0,0,0,0,0,0,0,0
ENSMUSG00000030206,Gsg1,0,0,0,0,0,0,0,0,0,0,0,0
ENSMUSG00000092323,BB365896,0,0,0,0,1,4,0,0,0,0,0,0
ENSMUSG00000108075,Gm45061,0,0,0,0,0,1,0,0,0,0,0,0
ENSMUSG00000033726,Emx1,0,0,0,0,0,0,0,0,0,0,0,0
ENSMUSG00000107449,Gm19165,0,0,0,0,0,0,0,0,0,0,0,0
ENSMUSG00000108276,Gm36640,0,0,0,0,0,0,0,0,0,0,0,0
ENSMUSG00000118703,#N/A,0,0,0,0,0,0,0,0,0,0,0,0
ENSMUSG00000107987,Gm43905,0,0,0,0,0,0,0,0,0,0,0,0
ENSMUSG00000047104,Pbp2,0,3,0,0,0,0,0,0,0,0,0,0
ENSMUSG00000108179,Gm44274,0,0,0,0,0,0,0,0,0,0,0,0
ENSMUSG00000049232,Tigd2,633,737,507,581,473,393,521,616,621,600,560,475
ENSMUSG00000107768,Gm44275,1,3,3,0,1,0,0,0,0,0,0,0
ENSMUSG00000082691,Dynlt1-ps1,2,2,3,6,3,3,1,5,3,3,6,2
ENSMUSG00000045441,Gprin3,2454,2553,1749,1682,1589,1473,1037,1940,1878,2247,2578,2341
ENSMUSG00001118660,#N/A,0,0,0,0,0,0,0,0,0,0,0,0
ENSMUSG00000108110,Gm18012,0,0,0,0,0,0,0,0,0,0,0,0
ENSMUSG00000073045,Gm5570,0,0,0,0,0,0,0,0,0,0,0,0
ENSMUSG00000119172,#N/A,0,0,0,0,0,0,0,0,0,0,0,0
ENSMUSG00000064515,n-R5s162,0,0,0,0,0,0,0,0,0,0,0,0
ENSMUSG00000046764,A530053G22Rik,0,0,0,0,0,2,0,0,0,0,0,0
ENSMUSG00000024211,Grm8,0,0,0,0,0,3,0,0,0,0,0,0
ENSMUSG00000107863,Gm44389,0,0,1,0,0,0,0,0,1,0,0,0
ENSMUSG00000107377,Gm42801,0,0,0,0,0,1,0,0,0,0,0,0
ENSMUSG00000108192,Gm44410,0,0,0,0,0,0,0,0,0,0,0,0
ENSMUSG00000088391,Gm26310,0,0,0,0,0,0,0,0,0,0,0,0
ENSMUSG00000076067,Mir592,0,0,0,0,0,0,0,0,0,0,0,0
ENSMUSG00000108003,Gm35386,0,0,0,0,0,0,0,0,0,0,0,0
ENSMUSG00000106990,Gm42547,68,76,95,74,136,128,94,113,68,53,160,139
ENSMUSG00000043340,6530409C15Rik,1,1,1,2,0,0,0,0,0,1,0,0
ENSMUSG00000033720,Sfxn5,6,6,5,7,7,8,4,12,7,3,11,11
ENSMUSG00000107320,Gm42549,48,39,47,42,44,32,15,48,32,29,46,50
ENSMUSG00000106959,Gm42548,13,7,9,9,11,16,5,4,4,7,13,12
ENSMUSG00000030208,Emp1,1082,1287,1146,1434,402,256,954,1189,912,969,413,386
ENSMUSG00000065187,Gm25136,0,0,0,0,0,0,0,0,0,0,0,0
ENSMUSG00000030102,Itpr1,2788,2745,2574,2185,2607,1578,1920,2471,2081,2006,2602,2321
ENSMUSG00000107396,4930425L21Rik,0,0,0,0,0,0,0,0,0,0,0,0
ENSMUSG00000051343,Rab11fip5,11,7,16,11,7,2,14,12,9,5,5,5
ENSMUSG00000025889,Snca,0,0,0,0,0,1,0,0,0,2,0,0
ENSMUSG00000076012,Mir705,0,0,0,0,0,0,0,0,0,0,0,0
ENSMUSG00000107755,Mageb16-ps2,0,0,0,0,0,0,0,0,0,0,0,0
ENSMUSG00000108168,Gm43864,0,0,0,0,0,0,19,0,0,0,0,0
ENSMUSG00000108262,Gm43867,0,0,0,0,0,0,0,0,0,0,0,0
ENSMUSG00000068302,Noto,0,0,0,0,0,3,0,2,0,0,0,0
ENSMUSG00002075102,#N/A,0,0,1,1,0,1,0,2,1,0,1,0
ENSMUSG00000108219,Gm44101,2,1,0,0,6,1,1,1,6,2,0,2
ENSMUSG00000105697,Mir7661,1,0,0,0,0,0,0,0,0,0,0,0
ENSMUSG00000107458,Gm44040,12,15,20,10,8,3,10,8,19,19,9,3
ENSMUSG00000043024,Gm16433,38,30,11,21,23,2,25,19,19,33,15,23
ENSMUSG00000087341,0610040F04Rik,6,12,5,3,3,4,8,3,4,6,8,10
ENSMUSG00000102192,Gm38167,1,0,0,0,0,0,0,0,0,0,0,0
ENSMUSG00000090576,Gm17055,8,12,12,14,12,2,6,10,8,15,10,10
ENSMUSG00000054641,Mmrn1,0,0,0,0,0,0,0,0,0,1,0,0
ENSMUSG00000108098,Gm18838,0,0,0,0,0,0,0,0,0,0,0,0
ENSMUSG00000108299,Gm43892,0,0,0,0,0,0,0,0,0,0,0,0
ENSMUSG00000108087,Gm43893,0,0,1,0,0,0,0,0,0,0,0,0
ENSMUSG00000039841,Zfp800,1918,1975,1383,1365,1354,1328,960,1570,1472,1662,1627,1479
ENSMUSG00000107652,Gm43894,0,0,0,0,0,0,0,0,0,0,0,0
ENSMUSG00000083107,Gm5303,0,0,0,0,1,0,1,0,0,0,1,0
ENSMUSG00000097924,A730020E08Rik,0,1,0,1,0,0,0,1,3,0,0,0
ENSMUSG00000030103,Bhlhe40,16545,18442,15921,16889,13530,7484,14832,16795,15145,14156,11353,9963
ENSMUSG00000029708,Gcc1,620,654,539,520,477,225,399,550,556,530,560,502
ENSMUSG00000033706,Smyd5,6034,6736,5094,5331,5837,2547,4804,5445,6230,5484,5538,5212
ENSMUSG00000030209,Grin2b,0,0,0,0,1,6,0,0,0,0,1,0
ENSMUSG00000020440,Arf5,2462,2782,1855,2093,1866,663,2066,2031,2577,2146,1775,1807
ENSMUSG00000086239,Gm14329,0,0,0,0,0,0,0,0,0,0,0,0
ENSMUSG00002076613,#N/A,0,0,0,0,0,0,0,0,0,0,0,0
ENSMUSG00000086614,Gm14330,0,0,0,0,0,0,0,0,0,0,0,0
ENSMUSG00000097496,Gm26653,0,0,0,0,0,0,0,0,0,0,0,0
ENSMUSG00000087878,Gm26105,0,0,0,0,0,0,0,0,0,0,0,0
ENSMUSG00000029707,Fscn3,0,0,2,3,1,0,0,2,0,0,0,1
ENSMUSG00000030008,Pradc1,321,327,291,283,330,112,320,278,381,317,277,305
ENSMUSG00000094973,Eif4a3l1,1,0,2,0,0,0,0,0,0,0,0,1
ENSMUSG00000083916,Gm15476,0,0,0,0,0,0,0,0,0,0,0,0
ENSMUSG00000030105,Arl8b,2599,2685,2235,2146,2045,1816,2133,2353,2500,2217,1826,1624
ENSMUSG00000045291,E330021D16Rik,0,0,0,0,1,0,0,0,0,0,0,0
ENSMUSG00002076779,#N/A,0,0,0,0,0,0,0,0,0,0,0,0
ENSMUSG00000091408,Gm6728,0,0,0,1,0,1,0,1,0,0,0,0
ENSMUSG00000107611,Gm44131,0,0,0,0,0,0,0,0,0,0,0,0
ENSMUSG00000071141,Rpl36a-ps3,1,0,0,0,0,0,0,0,0,0,0,0
ENSMUSG00000039578,Ccser1,3,8,9,9,9,6,8,8,3,1,3,4
ENSMUSG00000107757,Gm43898,0,0,0,0,0,0,0,0,0,0,0,0
ENSMUSG00000108246,Gm43896,0,0,0,0,0,0,0,0,0,0,0,0
ENSMUSG00000107590,Gm43897,0,0,0,0,0,0,0,0,0,0,0,0
ENSMUSG00000107908,Gm43895,0,0,0,0,0,0,0,0,0,0,0,0
ENSMUSG00000108160,Gm19237,0,0,0,0,0,0,0,0,0,0,0,0
ENSMUSG00000107957,Gm44088,0,0,0,0,0,0,0,0,0,0,0,0
ENSMUSG00000108174,Gm44092,0,0,0,0,0,0,0,0,0,0,0,0
ENSMUSG00000108007,Gm18540,0,0,0,0,0,0,0,0,0,0,0,0
ENSMUSG00000107854,Gm5001,0,0,0,0,0,2,0,0,0,0,0,0
ENSMUSG00000107708,Gm19131,0,0,0,0,0,0,0,0,0,0,0,0
ENSMUSG00000107484,Nasp-ps1,0,0,0,0,0,0,0,0,0,0,0,0
ENSMUSG00000088721,Gm22212,0,0,0,0,0,0,0,0,0,0,0,0
ENSMUSG00000108242,9330118I20Rik,0,0,0,0,0,1,0,0,0,0,0,1
ENSMUSG00000030104,Edem1,3222,3387,2915,2940,2407,1252,2461,2953,2651,2557,2489,2364
ENSMUSG00000107751,Gm6749,0,1,0,1,1,0,2,1,1,1,0,1
ENSMUSG00000107501,Gm29781,1,0,1,3,1,0,0,0,0,0,0,0
ENSMUSG00000107641,Gm32858,0,0,0,0,0,0,0,0,1,0,0,0
ENSMUSG00000107404,Gm44125,0,0,0,0,0,0,0,0,0,0,0,0
ENSMUSG00000107551,Gm4605,1,0,0,0,0,0,0,0,2,1,1,0
ENSMUSG00000108272,Gm44161,0,0,0,0,0,0,0,0,0,0,0,0
ENSMUSG00000107930,Gm44162,0,0,0,0,0,0,0,0,0,0,0,0
ENSMUSG00000108247,Gm19039,0,0,0,0,0,0,0,0,0,0,0,0
ENSMUSG00000092448,Gm20387,0,0,0,0,0,0,0,0,0,0,0,0
ENSMUSG00000071424,Grid2,0,0,0,0,1,2,0,0,0,0,0,0
ENSMUSG00000107525,Gm44071,0,0,0,0,0,0,0,0,0,0,0,0
ENSMUSG00000108068,Gm44075,0,0,0,0,0,0,0,0,0,0,0,0
ENSMUSG00000107864,Gm44072,0,0,0,0,0,0,0,0,0,0,0,0
ENSMUSG00000107700,Gm20144,0,0,0,0,0,0,0,0,0,0,0,0
ENSMUSG00000064775,Gm25205,0,0,0,0,0,0,0,0,0,0,0,0
ENSMUSG00000073043,Atoh1,0,0,0,0,0,0,0,0,0,0,0,0
ENSMUSG00000107424,Gm18839,0,0,0,0,0,0,0,0,0,0,0,0
ENSMUSG00000107783,Gm44038,0,0,0,0,0,0,0,0,0,0,0,0
ENSMUSG00000030213,Atf7ip,764,756,622,637,531,466,514,758,563,543,672,554
ENSMUSG00000086176,Gm15534,0,0,0,0,0,0,0,0,0,0,0,0
ENSMUSG00000030007,Cct7,11373,12648,9921,10590,11806,5153,9791,10107,11885,10297,10826,10531
ENSMUSG00000107702,Gm44140,0,0,0,0,0,0,1,0,1,0,1,0
ENSMUSG00000056755,Grm7,0,0,0,0,0,0,0,0,0,0,0,0
ENSMUSG00000092603,Gm20386,0,0,0,0,0,0,0,0,0,0,0,0
ENSMUSG00002075183,#N/A,0,0,0,0,0,0,0,0,0,0,0,0
ENSMUSG00002076285,#N/A,0,0,0,0,0,0,0,0,0,0,0,0
ENSMUSG00002076401,#N/A,0,0,0,0,0,0,0,0,0,0,0,0
ENSMUSG00002074936,#N/A,0,0,0,0,0,0,0,0,0,0,0,0
ENSMUSG00000107893,Gm44192,0,0,0,0,0,0,0,0,0,0,0,0
ENSMUSG00000100219,1700054K19Rik,0,0,0,0,0,0,0,0,0,0,0,0
ENSMUSG00002076864,#N/A,0,0,0,0,0,0,0,1,0,0,0,0
ENSMUSG00000030214,Plbd1,1,0,0,1,0,0,0,0,0,0,0,0
ENSMUSG00000057604,Lmcd1,0,0,0,0,0,0,0,0,0,0,0,0
ENSMUSG00000107760,Gm44401,0,0,0,0,0,0,0,2,0,0,0,0
ENSMUSG00000107850,Gm4714,0,0,0,0,0,0,0,0,0,0,0,0
ENSMUSG00000044574,5031434C07Rik,0,0,0,0,0,0,0,0,0,0,0,0
ENSMUSG00000107559,Gm44193,0,0,0,0,0,0,0,0,0,0,0,0
ENSMUSG00000047013,Fbxo41,2,1,0,4,2,1,1,4,6,3,7,5
ENSMUSG00000071341,Egr4,15,20,14,12,8,2,15,11,19,21,7,14
ENSMUSG00000107410,Gm44023,3,0,0,1,0,0,1,1,3,0,0,0
ENSMUSG00000034387,Ssu2,0,0,0,0,0,0,0,0,0,0,0,0
ENSMUSG00000107541,Gm44336,1,0,1,0,0,0,0,1,1,0,0,2
ENSMUSG00000062694,Cav3,0,0,0,0,0,0,0,0,0,0,0,0
ENSMUSG00000049112,Oxtr,0,1,0,1,0,0,0,0,1,0,0,0
ENSMUSG00002074965,#N/A,0,0,0,0,0,0,0,0,0,0,0,0
ENSMUSG00000083443,Gm15519,8,22,6,2,14,7,7,5,9,11,12,5
ENSMUSG00000119802,#N/A,0,0,0,0,0,0,0,0,0,0,0,0
ENSMUSG00000029633,Gm5578,9,7,6,5,6,1,7,7,6,7,7,7
ENSMUSG00000029706,Pax4,0,0,1,0,0,1,0,0,0,0,0,0
ENSMUSG00000107130,Gm43264,0,0,0,0,0,0,0,0,0,0,0,0
ENSMUSG00000029920,Smarcad1,1780,1800,1452,1457,1515,1352,1237,1452,1429,1454,1602,1378
ENSMUSG00000042638,Gucy2c,10,5,11,3,6,0,4,4,6,4,3,5
ENSMUSG00000063810,Alms1,215,199,199,145,230,179,116,223,166,179,181,184
ENSMUSG00000096010,H4f16,12,5,18,20,26,23,25,14,28,11,11,22
ENSMUSG00000107542,Gm43969,0,0,0,0,0,0,0,0,0,0,0,0
ENSMUSG00000107370,Gm43588,0,1,2,0,0,7,0,1,0,0,2,2
ENSMUSG00000107278,Gm42600,6,7,8,5,11,10,16,15,10,12,16,15
ENSMUSG00000029919,Hpgds,16,14,14,6,9,6,4,10,11,11,12,11
ENSMUSG00000060032,H2aj,824,1037,877,949,942,265,838,799,1033,841,791,824
ENSMUSG00000089694,Nat8f7,0,0,0,0,0,0,0,0,0,0,0,0
ENSMUSG00002076169,#N/A,9,5,3,9,3,6,5,1,10,7,4,3
ENSMUSG00000090939,Gm17147,1,2,3,0,1,0,2,1,0,1,0,0
ENSMUSG00000107968,Gm44419,5,1,4,0,1,1,2,2,7,5,2,4
ENSMUSG00000108230,Gm3549,0,0,0,0,0,0,0,0,0,0,0,1
ENSMUSG00000090256,Alms1-ps1,0,0,0,0,0,4,0,0,0,0,0,0
ENSMUSG00000107490,Gm44058,0,0,0,0,0,0,0,0,0,0,0,0
ENSMUSG00000108252,Gm44059,0,0,0,0,0,0,0,0,0,0,0,0
ENSMUSG00000051262,Nat8f3,0,0,0,0,0,0,0,0,0,0,0,0
ENSMUSG00002075608,#N/A,0,0,0,0,0,0,0,0,0,0,0,0
ENSMUSG00000107609,Gm20177,0,0,0,0,0,0,0,0,0,0,0,0
ENSMUSG00000108097,Gm44060,0,0,0,0,0,0,0,0,0,0,0,0
ENSMUSG00000090098,Alms1-ps2,1,0,0,0,0,0,0,1,0,0,0,1
ENSMUSG00000119306,#N/A,0,0,0,0,0,0,0,0,0,0,0,0
ENSMUSG00000107630,Gm44061,0,0,0,0,0,0,0,0,0,0,0,0
ENSMUSG00000108052,Gm8479,0,0,0,0,0,0,0,0,0,0,0,0
ENSMUSG00000079495,Nat8f6,0,0,0,0,0,0,0,0,0,0,0,0
ENSMUSG00000079494,Nat8f5,0,0,0,0,0,0,0,0,0,0,0,0
ENSMUSG00000030004,Nat8,0,0,0,0,0,0,0,0,0,0,0,0
ENSMUSG00000040078,Ptges3-ps,10,32,27,25,37,29,32,40,12,18,42,17
ENSMUSG00000033634,Nat8f2,0,0,0,0,0,0,0,0,0,0,0,0
ENSMUSG00000106784,Gm43309,0,0,1,0,0,0,0,0,0,0,0,0
ENSMUSG00000029917,Qrfprl,0,0,1,0,0,3,0,0,0,0,0,0
ENSMUSG00000107584,Gm18716,0,0,0,0,0,0,0,0,0,0,0,0
ENSMUSG00000107596,Gm18913,3,4,4,2,5,3,1,2,3,4,3,1
ENSMUSG00000068299,Nat8f4,65,67,53,54,73,19,47,59,68,46,71,51
ENSMUSG00000057103,Nat8f1,6,6,8,7,14,1,7,10,15,11,8,10
ENSMUSG00000030216,Wbp11,3943,4124,3196,3129,3379,2238,3343,3787,3614,3414,3735,3342
ENSMUSG00000047515,BC049715,28,46,30,27,32,16,24,27,24,35,42,34
ENSMUSG00000001424,Snd1,4894,5082,4377,4197,5245,2397,3637,4408,4724,4036,5025,4566
ENSMUSG00000044162,Tnip3,439,537,738,739,943,956,679,775,495,461,707,565
ENSMUSG00000104325,Gm37321,7,3,9,3,0,3,2,7,2,3,0,2
ENSMUSG00000103132,Gm37978,15,16,14,12,3,6,4,18,2,5,11,10
ENSMUSG00000043298,Smco3,1,4,2,2,0,1,0,1,0,1,2,4
ENSMUSG00000107899,Gm44069,0,0,0,0,0,0,0,0,0,0,0,0
ENSMUSG00000049939,Lrrc4,2,1,0,3,0,0,1,1,3,1,8,3
ENSMUSG00000103899,Gm37940,11,8,15,8,13,15,6,20,15,14,7,15
ENSMUSG00000049001,Ndnf,41,28,70,67,126,56,71,73,59,43,52,49
ENSMUSG00000092090,Gm3294,0,0,0,0,0,2,0,0,0,0,0,0
ENSMUSG00000065469,Mir129-1,0,0,0,0,0,0,0,0,0,0,0,0
ENSMUSG00000082115,Gm15490,0,0,0,0,0,0,0,0,0,0,0,0
ENSMUSG00000030217,Art4,0,2,4,0,1,1,1,1,0,0,1,1
ENSMUSG00000085689,Gm16838,0,0,0,0,1,0,1,0,2,1,2,0
ENSMUSG00000059201,Lep,0,0,0,0,0,5,0,0,0,0,0,0
ENSMUSG00000064436,Gm25589,0,0,0,0,0,0,0,0,0,0,0,0
ENSMUSG00000030218,Mgp,0,0,0,0,0,0,0,0,0,0,0,0
ENSMUSG00000030219,Erp27,10,15,9,6,11,6,11,9,5,15,6,6
ENSMUSG00000030254,Rad18,655,724,752,761,1022,974,767,1009,605,606,780,699
ENSMUSG00000030220,Arhgdib,4607,5484,4281,5065,4956,5111,5594,6163,4668,4240,4803,4218
ENSMUSG00000029913,Prdm5,126,151,123,123,178,136,123,138,124,110,161,162
ENSMUSG00002075239,#N/A,0,0,0,0,0,0,0,0,0,0,0,0
ENSMUSG00000092394,Gm20445,2,0,2,0,0,0,0,0,0,0,1,0
ENSMUSG00000064330,Pde6h,1,1,1,2,0,2,3,3,6,0,2,2
ENSMUSG00000036463,4930544G11Rik,0,0,0,0,0,0,0,0,0,0,0,0
ENSMUSG00000107734,Gm30055,0,0,0,1,0,0,0,0,0,0,0,0
ENSMUSG00000029701,Rbm28,3283,3344,2887,2803,3141,2497,2437,2979,3228,2852,3518,3030
ENSMUSG00000107649,Gm44404,0,0,0,0,0,0,0,0,0,0,0,0
ENSMUSG00000064391,Gm23625,0,0,0,0,0,0,0,0,0,0,0,0
ENSMUSG00002076184,#N/A,0,0,0,0,2,0,0,0,0,0,0,0
ENSMUSG00000108100,Gm5876,0,2,0,1,1,0,0,0,0,0,0,1
ENSMUSG00000079654,Prrt4,5,2,4,4,9,5,7,5,12,12,6,3
ENSMUSG00000107695,Gm44289,0,0,0,0,0,0,0,0,0,0,0,0
ENSMUSG00000107653,Gm31520,1,1,0,1,0,0,0,1,0,0,0,0
ENSMUSG00000107837,Gm44281,0,0,0,0,0,0,0,0,0,0,0,0
ENSMUSG00000107631,Gm44233,0,0,0,1,0,0,0,0,1,0,0,0
ENSMUSG00000107479,2610300M13Rik,2,2,2,2,0,2,2,1,3,0,1,0
ENSMUSG00000107775,Gm19764,0,0,0,0,1,0,0,0,0,0,0,0
ENSMUSG00000108086,Gm6786,0,0,2,1,0,1,1,0,2,1,0,2
ENSMUSG00000030222,Rerg,0,0,0,0,0,0,0,0,0,0,0,0
ENSMUSG00000107567,4930480K02Rik,0,0,0,0,0,0,0,0,0,0,0,0
ENSMUSG00000029910,Mad2l1,617,772,761,760,1225,1166,1069,1128,689,594,1047,945
ENSMUSG00000062905,Vmn1r32,0,0,0,0,0,0,0,0,0,0,0,0
ENSMUSG00000107710,Gm5307,0,0,0,0,0,0,0,0,0,0,0,0
ENSMUSG00000059375,Vmn1r33,0,0,0,0,0,0,0,0,0,0,0,0
ENSMUSG00000054226,Tprkb,521,649,490,493,544,297,447,444,654,539,573,520
ENSMUSG00000106965,Gm18290,0,0,1,0,0,0,0,0,0,0,0,0
ENSMUSG00000089634,Nat8b-ps,0,0,0,0,0,0,0,0,0,0,0,0
ENSMUSG00000091012,Vmn1r34,0,0,0,0,0,0,0,0,0,0,0,0
ENSMUSG00000107203,Gm7542,1,0,0,2,1,2,0,1,4,0,0,0
ENSMUSG00000030257,Srgap3,1922,1902,966,992,642,443,604,955,1191,1181,965,839
ENSMUSG00000108103,Gm44081,3,1,1,1,1,2,1,3,2,4,1,0
ENSMUSG00000060699,Vmn1r35,0,0,0,0,0,0,0,0,0,0,0,0
ENSMUSG00000094189,Gm6134,0,1,0,0,0,0,0,0,1,0,0,0
ENSMUSG00000107591,Gm6794,5,3,2,2,2,0,2,2,2,4,2,2
ENSMUSG00000108188,Gm43865,0,0,0,0,0,0,0,0,0,0,0,0
ENSMUSG00000108215,Gm8083,3,7,4,3,3,3,2,7,2,3,1,6
ENSMUSG00000065309,Gm23244,0,0,0,0,0,0,0,0,0,0,0,0
ENSMUSG00000107455,Gm43868,14,4,1,9,11,15,8,6,10,8,18,11
ENSMUSG00000115482,Vmn1r36,0,0,0,0,0,0,0,0,0,0,0,0
ENSMUSG00000115467,Vmn1r37,0,0,0,0,0,0,0,0,0,0,0,0
ENSMUSG00000107721,Gm44261,0,0,0,0,0,0,0,0,2,1,0,0
ENSMUSG00000108231,Gm4045,0,2,1,1,1,0,0,1,0,0,0,0
ENSMUSG00000093504,Vmn1r-ps24,0,0,0,0,0,0,0,0,0,0,0,0
ENSMUSG00000030002,Dusp11,4124,4367,3754,3581,3357,2501,3168,3903,3880,3770,3596,3344
ENSMUSG00000115170,Vmn1r38,0,0,0,0,0,0,0,0,0,0,0,0
ENSMUSG00000107230,Gm19265,2,0,5,0,2,1,0,0,2,1,0,0
ENSMUSG00000106791,4930553P18Rik,0,0,0,0,0,0,0,0,0,0,0,0
ENSMUSG00000030001,Figla,0,0,0,0,0,0,0,0,0,0,0,0
ENSMUSG00000093755,Vmn1r39,0,0,0,0,0,0,0,0,0,0,0,0
ENSMUSG00000107176,Gm9794,51,50,30,34,37,33,44,53,40,48,38,45
ENSMUSG00000030264,Thumpd3,1884,2117,1580,1579,1667,1361,1435,1647,1904,1674,1736,1621
ENSMUSG00000053442,4930597O21Rik,0,3,1,0,2,1,3,2,0,1,0,0
ENSMUSG00000077431,Gm22591,0,0,0,0,0,0,0,0,0,0,0,0
ENSMUSG00000086429,Gt(ROSA)26Sor,170,123,135,117,142,200,205,163,186,194,298,268
ENSMUSG00000003500,Impdh1,1809,2016,1482,1563,1885,539,1601,1686,2081,1795,2187,2025
ENSMUSG00000089289,Gm26021,0,0,0,0,0,0,0,0,0,0,0,0
ENSMUSG00000036402,Gng12,410,399,376,427,368,287,409,433,442,409,344,322
ENSMUSG00000043421,Hilpda,312,393,341,341,325,107,361,294,328,288,285,306
ENSMUSG00000107634,Gm36816,0,0,0,0,0,0,0,0,0,0,0,0
ENSMUSG00000084154,Gm15644,0,0,0,0,0,1,1,0,0,0,0,0
ENSMUSG00000107869,Gm29848,0,0,0,0,0,0,0,0,0,0,0,0
ENSMUSG00000064987,Gm25260,0,0,0,0,0,0,0,0,0,0,0,0
ENSMUSG00000079652,Fam71f2,14,14,16,21,9,6,13,13,16,10,6,3
ENSMUSG00000036390,Gadd45a,90,90,101,105,74,25,93,109,77,75,43,29
ENSMUSG00000087231,E230016M11Rik,2,0,3,2,3,3,3,2,0,2,4,3
ENSMUSG00000097603,A430010J10Rik,3,7,0,3,1,17,2,5,0,1,5,0
ENSMUSG00000107799,Gm38825,0,0,0,0,0,0,0,0,0,0,0,0
ENSMUSG00000047905,Gm8566,1,5,6,5,1,2,6,3,4,2,5,4
ENSMUSG00000108013,Gm44052,0,0,0,0,0,0,0,0,0,0,0,0
ENSMUSG00000030223,Ptpro,1,0,0,0,1,0,1,0,0,0,1,0
ENSMUSG00000107759,Gm44258,0,0,0,0,0,0,0,0,0,0,0,0
ENSMUSG00000034269,Setd5,4092,4201,3402,3154,3637,2800,2421,3602,3603,3562,3934,3578
ENSMUSG00000042873,Lhfpl4,1,2,0,0,2,4,6,1,1,0,1,0
ENSMUSG00000015766,Eps8,256,267,212,233,88,68,131,214,181,185,123,101
ENSMUSG00000107878,Gm44106,0,1,0,0,0,1,0,0,0,0,0,0
ENSMUSG00000030224,Strap,5623,6346,4971,5154,5113,3426,4722,5226,5755,5272,5003,4564
ENSMUSG00000036371,Serbp1,32364,32331,26057,27070,28965,32406,26746,31251,34606,30776,34725,30196
ENSMUSG00000030225,Dera,735,824,607,595,734,282,659,640,781,572,716,604
ENSMUSG00000030269,Mtmr14,236,247,217,212,281,84,323,327,217,171,175,171
ENSMUSG00002075928,#N/A,0,0,0,0,0,0,0,0,0,0,0,0
ENSMUSG00000090194,Gm16161,0,0,0,0,0,0,0,0,0,0,0,0
ENSMUSG00000044378,Slc15a5,0,0,0,0,0,0,0,0,0,0,0,0
ENSMUSG00000030000,Add2,0,0,0,0,0,0,0,0,0,0,0,0
ENSMUSG00000030270,Cpne9,1,1,3,0,0,6,0,0,0,4,0,1
ENSMUSG00000107812,Gm43935,0,0,0,1,0,0,0,3,0,2,0,0
ENSMUSG00000107927,Gm44090,0,0,0,0,0,0,0,0,0,0,0,0
ENSMUSG00000008540,Mgst1,0,0,0,0,0,2,0,0,1,0,0,0
ENSMUSG00000107842,Gm44089,0,0,0,0,0,0,0,0,0,0,0,0
ENSMUSG00000107857,Gm19596,0,0,0,0,0,0,0,0,0,0,0,0
ENSMUSG00000029999,Tgfa,0,3,3,2,1,0,1,2,0,1,1,0
ENSMUSG00000107745,Gm43917,0,0,0,0,0,0,0,0,0,0,0,0
ENSMUSG00000098175,Gm7545,3,4,2,2,2,0,0,3,4,1,1,2
ENSMUSG00000072940,Gm10443,0,1,0,0,1,0,0,0,1,0,0,0
ENSMUSG00000107819,Gm18862,0,0,0,0,0,0,0,0,0,0,0,0
ENSMUSG00000030226,Lmo3,1,0,2,0,0,4,0,2,1,0,0,2
ENSMUSG00000089957,A830011K09Rik,0,0,0,0,0,3,0,0,0,0,1,0
ENSMUSG00000057497,Fam136a,922,1108,842,960,1118,763,976,925,1076,982,1057,1004
ENSMUSG00000107675,Gm30332,0,0,0,0,0,0,0,0,0,0,0,0
ENSMUSG00000100166,B230110G15Rik,0,0,0,0,0,0,0,0,0,0,0,0
ENSMUSG00000107553,Gm44266,0,0,0,0,0,0,0,0,0,0,0,0
ENSMUSG00000046717,Igbp1b,0,0,0,0,0,0,0,0,0,0,0,0
ENSMUSG00000107686,Gm9038,0,0,0,0,0,0,0,0,0,0,0,0
ENSMUSG00000108178,Gm44267,0,0,0,0,0,0,0,0,0,0,0,0
ENSMUSG00000107569,Gm44268,0,0,0,0,0,0,0,0,0,0,0,0
ENSMUSG00000088903,Gm25434,0,0,0,0,0,0,0,0,0,0,0,0
ENSMUSG00000108128,4922502N22Rik,0,0,0,0,0,0,0,0,0,0,0,0
ENSMUSG00000057278,Snrpg,295,309,235,282,404,117,360,261,336,296,291,344
ENSMUSG00000107509,Gm44941,0,0,0,0,0,0,0,0,0,0,0,0
ENSMUSG00000092164,Rergl,0,0,0,0,0,1,0,0,0,0,0,0
ENSMUSG00000029998,Pcyox1,397,392,344,365,369,193,394,419,352,320,291,313
ENSMUSG00000001632,Brpf1,2674,2647,2225,2195,2131,1220,1757,2390,2402,2168,2097,1901
ENSMUSG00000085012,Gm15492,1,0,1,0,4,0,0,0,3,0,0,1
ENSMUSG00000030271,Ogg1,161,159,155,159,188,105,177,149,179,135,188,207
ENSMUSG00000030272,Camk1,2,7,0,2,3,2,5,4,5,3,2,3
ENSMUSG00000108162,Gm20589,0,0,0,1,0,1,0,0,0,0,0,0
ENSMUSG00000004285,Atp6v1f,586,752,462,555,580,208,566,523,673,481,569,532
ENSMUSG00000090685,Atp6v1fnb,0,1,0,0,0,0,0,0,0,1,0,0
ENSMUSG00000030230,Plcz1,0,0,0,0,0,0,0,0,0,0,0,0
ENSMUSG00000108251,Gm44112,0,0,0,0,0,0,0,0,0,0,0,0
ENSMUSG00000041791,Capza3,0,0,0,0,0,0,0,0,0,0,0,0
ENSMUSG00000107487,Gm44156,0,0,0,0,0,0,0,0,0,0,0,0
ENSMUSG00000107936,Gm44155,0,0,0,0,0,0,0,0,0,0,0,0
ENSMUSG00000108047,Gm44158,0,0,0,0,0,0,0,0,0,0,0,0
ENSMUSG00000107407,Gm44159,0,0,0,0,0,0,0,0,0,0,0,0
ENSMUSG00002076713,#N/A,0,0,0,0,0,0,0,0,0,0,0,0
ENSMUSG00000107572,Gm3961,0,0,0,0,0,0,0,0,0,0,0,0
ENSMUSG00000108229,1700102F20Rik,0,0,0,0,0,0,0,0,0,0,0,0
ENSMUSG00002074856,#N/A,0,0,0,0,0,0,0,0,0,0,0,0
ENSMUSG00000107891,Gm5051,0,0,1,0,0,0,1,0,0,0,0,0
ENSMUSG00000048930,Tada3,504,550,385,404,490,250,382,451,497,404,465,443
ENSMUSG00000079426,Arpc4,3223,3839,2718,2872,2494,1023,2706,2923,3235,2815,2270,2089
ENSMUSG00000030276,Ttll3,159,179,142,120,150,45,127,153,136,113,152,127
ENSMUSG00000059022,Kcp,0,0,0,1,0,0,0,0,0,1,0,0
ENSMUSG00002076771,#N/A,0,0,0,0,0,0,0,0,0,0,0,0
ENSMUSG00000097137,Gm26627,0,0,0,0,0,0,0,0,0,0,0,0
ENSMUSG00000029771,Irf5,449,517,411,429,405,165,394,404,384,386,248,219
ENSMUSG00000051169,Rpusd3,100,101,83,67,107,31,83,97,110,80,119,115
ENSMUSG00000107944,Gm44280,9,13,9,6,6,1,8,6,9,12,4,11
ENSMUSG00002076012,#N/A,1,0,0,0,0,0,0,0,0,0,0,0
ENSMUSG00000030231,Plekha5,630,640,503,513,517,309,469,607,567,516,589,531
ENSMUSG00002076174,#N/A,0,0,0,0,0,0,0,0,0,0,0,2
ENSMUSG00000107750,Gm44013,30,34,29,37,32,30,43,36,29,34,24,17
ENSMUSG00000030278,Cidec,0,0,0,0,0,1,0,0,0,0,0,0
ENSMUSG00000108018,Gm43928,0,0,0,0,0,0,0,0,0,0,0,0
ENSMUSG00000051256,Jagn1,1170,1454,1117,1248,1180,438,1225,1197,1220,1154,928,890
ENSMUSG00000012535,Tnpo3,4222,4625,3612,3724,3792,2344,3044,3852,4022,3820,3632,3495
ENSMUSG00000106904,Gm43029,30,33,36,35,28,40,14,27,30,36,31,28
ENSMUSG00000001763,Tspan33,6,10,4,4,3,1,1,9,3,4,6,5
ENSMUSG00000030232,Aebp2,9465,9657,8092,7852,7321,5489,6329,7517,8896,8324,7750,7598
ENSMUSG00000001761,Smo,416,412,305,290,424,196,307,379,390,326,551,587
ENSMUSG00000081564,Gm13717,10,16,15,14,16,16,23,18,19,18,24,27
ENSMUSG00000079264,Gm11077,0,0,0,0,0,0,0,0,0,0,0,0
ENSMUSG00000080921,Rpl38-ps2,1,3,2,2,1,1,5,0,1,1,0,0
ENSMUSG00000108039,Gm43925,0,0,0,0,0,0,0,0,0,0,0,0
ENSMUSG00000107638,Gm30524,0,0,0,0,0,0,0,0,0,0,0,0
ENSMUSG00000107613,Gm43927,0,0,0,0,0,0,0,0,0,0,0,0
ENSMUSG00000107462,Gm7384,1,0,1,1,0,0,0,1,0,1,2,0
ENSMUSG00000100707,Gm28523,0,0,0,0,0,0,0,0,0,0,1,0
ENSMUSG00000041741,Pde3a,0,0,0,0,2,1,0,1,0,0,1,0
ENSMUSG00000107456,Gm10400,0,0,0,0,0,3,0,0,0,0,1,0
ENSMUSG00000108169,Gm43958,0,0,0,0,0,0,0,0,0,0,0,0
ENSMUSG00000043088,Il17re,0,0,2,1,1,1,0,1,2,3,1,0
ENSMUSG00000030281,Il17rc,1,0,0,0,0,2,2,1,0,0,0,0
ENSMUSG00000030284,Creld1,318,313,194,210,241,102,234,229,253,201,194,235
ENSMUSG00000045009,Prrt3,1,2,0,1,0,1,0,1,1,0,0,0
ENSMUSG00000030286,Emc3,1671,1906,1407,1499,1400,759,1393,1615,1579,1362,1230,1148
ENSMUSG00002075666,#N/A,0,0,0,0,0,0,0,0,0,0,0,1
ENSMUSG00000057230,Aak1,1387,1422,1297,1165,1190,788,891,1401,1290,1191,1269,1084
ENSMUSG00000107576,Gm44093,1,4,2,2,1,3,1,0,1,0,2,1
ENSMUSG00000107688,Gm44091,2,2,1,1,1,3,1,2,0,1,2,1
ENSMUSG00000029993,Nfu1,376,414,306,286,325,182,338,347,414,318,425,383
ENSMUSG00000034023,Fancd2,238,250,329,263,452,259,259,328,212,227,420,369
ENSMUSG00000107786,Gm44232,0,0,0,0,0,0,0,0,0,0,0,0
ENSMUSG00000033963,Fancd2os,0,0,0,0,0,0,0,0,2,1,0,1
ENSMUSG00000033940,Brk1,2092,2513,1710,1929,1812,498,1971,1659,2323,2090,1882,1650
ENSMUSG00000107937,Gm44200,34,27,16,16,31,40,14,29,30,28,26,33
ENSMUSG00000107560,Gm44199,1,0,1,0,0,4,1,0,1,0,3,1
ENSMUSG00000029992,Gfpt1,2247,2270,1769,1701,1853,1376,1261,1848,1847,1706,2182,2018
ENSMUSG00000090891,D6Ertd527e,2,0,1,1,0,1,2,0,0,0,1,1
ENSMUSG00000029772,Ahcyl2,1850,2035,2080,2140,2077,1136,1625,2085,1912,1693,1796,1617
ENSMUSG00000107012,4930528J11Rik,0,0,0,0,0,4,1,0,1,0,0,0
ENSMUSG00000033420,Antxr1,11,9,8,6,4,6,4,9,4,6,3,3
ENSMUSG00000108195,Gm44415,0,0,0,0,0,0,0,0,0,0,0,0
ENSMUSG00000107436,Gm44416,0,1,0,0,0,0,0,0,0,0,0,0
ENSMUSG00000107865,Gm44417,0,0,0,0,1,0,0,0,0,0,0,0
ENSMUSG00000108006,Gm44418,0,0,0,0,0,0,0,0,0,0,0,0
ENSMUSG00002074885,#N/A,0,0,0,0,0,0,0,0,0,0,0,0
ENSMUSG00000107780,9530013L04Rik,0,0,0,0,0,0,0,0,0,0,0,0
ENSMUSG00000108143,Gm44414,0,0,0,0,0,0,1,0,0,0,0,0
ENSMUSG00000030050,Gkn1,0,0,0,0,0,0,0,0,0,0,0,0
ENSMUSG00000030049,Gkn2,0,0,0,0,0,0,0,0,0,0,0,0
ENSMUSG00000030048,Gkn3,1,0,0,0,0,0,0,0,0,0,0,0
ENSMUSG00000030046,Bmp10,0,0,0,0,0,0,0,0,0,0,0,0
ENSMUSG00000039629,Strip2,1,0,1,5,1,1,2,2,3,0,2,0
ENSMUSG00000082036,Gm13724,0,0,0,0,1,1,0,0,0,0,0,0
ENSMUSG00000065078,Gm24536,0,0,0,0,0,0,0,0,0,0,0,0
ENSMUSG00000083961,Gm13725,0,0,0,0,0,0,0,0,0,0,0,0
ENSMUSG00000045709,Smkr-ps,0,1,2,0,0,0,0,0,1,0,0,0
ENSMUSG00002075342,#N/A,0,0,0,0,0,0,0,0,0,0,0,0
ENSMUSG00000030047,Arhgap25,540,641,373,379,454,248,362,394,606,534,333,333
ENSMUSG00000108184,Gm44198,3,1,4,1,2,0,0,1,2,5,1,1
ENSMUSG00000049409,Prokr1,56,79,54,68,81,72,52,81,71,80,93,70
ENSMUSG00000108118,Gm34312,3,0,0,0,0,0,0,4,0,0,0,0
ENSMUSG00000030307,Slc6a11,0,0,2,0,2,6,0,1,2,1,0,1
ENSMUSG00000030310,Slc6a1,1,0,0,1,0,3,0,0,0,0,0,0
ENSMUSG00000053004,Hrh1,0,0,0,0,0,0,0,0,0,0,0,0
ENSMUSG00000058440,Nrf1,1628,1894,1403,1434,1650,881,1307,1517,1770,1499,1628,1523
ENSMUSG00002076693,#N/A,0,0,0,0,0,0,0,0,0,0,0,0
ENSMUSG00000076361,Mir182,0,0,0,0,0,0,0,0,0,0,0,0
ENSMUSG00000065586,Mir96,0,0,0,0,0,0,0,0,0,0,0,0
ENSMUSG00000065619,Mir183,0,0,0,0,0,0,0,0,0,0,0,0
ENSMUSG00000103108,Rncr4,2,0,0,0,0,0,0,0,0,0,0,0
ENSMUSG00000039159,Ube2h,156,186,145,166,158,78,147,196,153,153,187,147
ENSMUSG00000084861,1700095J07Rik,0,0,0,0,0,0,0,0,0,0,0,0
ENSMUSG00002076836,#N/A,0,0,0,0,0,0,0,0,0,0,0,0
ENSMUSG00000039130,Zc3hc1,712,816,618,714,661,235,696,677,738,698,576,599
ENSMUSG00002074950,#N/A,0,0,0,0,0,0,0,0,0,0,0,0
ENSMUSG00000030314,Atg7,592,670,556,603,562,200,594,593,598,559,555,491
ENSMUSG00000107411,Gm19040,12,7,15,6,8,10,10,11,7,5,12,3
ENSMUSG00000118568,AC122843.1,1,0,0,0,0,0,0,0,0,0,0,0
ENSMUSG00000107566,Gm44332,1,0,0,0,0,1,0,0,0,1,0,0
ENSMUSG00000107395,Gm44331,0,0,2,0,1,2,0,1,1,2,2,0
ENSMUSG00000029775,Klhdc10,653,650,541,498,568,303,491,648,583,507,515,470
ENSMUSG00000085470,1700012C14Rik,1,0,0,0,0,0,0,0,0,0,0,0
ENSMUSG00000030315,Vgll4,779,879,1103,1121,1264,459,1081,1326,929,823,903,932
ENSMUSG00000030316,Tamm41,362,346,308,345,403,283,398,431,368,315,383,326
ENSMUSG00002075515,#N/A,0,0,0,0,0,0,0,0,0,0,0,0
ENSMUSG00000107941,Gm44010,1,0,0,1,0,0,0,0,0,1,0,0
ENSMUSG00000097486,Gm17733,0,0,0,0,0,0,0,0,0,0,0,0
ENSMUSG00000009394,Syn2,0,2,0,2,0,3,0,0,1,0,0,0
ENSMUSG00000107489,Gm18325,0,0,0,0,0,0,0,0,0,0,0,0
ENSMUSG00000092004,Gm17482,0,0,0,0,0,0,0,0,0,0,0,0
ENSMUSG00000030317,Timp4,0,0,0,0,0,1,0,0,0,0,0,0
ENSMUSG00000000440,Pparg,280,354,180,185,140,109,157,196,201,173,197,168
ENSMUSG00000108141,Gm44079,0,0,0,0,0,0,0,0,0,0,0,0
ENSMUSG00000107704,Gm36355,1,0,1,1,0,0,0,0,0,0,1,0
ENSMUSG00000042389,Tsen2,342,460,303,324,342,153,259,288,357,358,356,366
ENSMUSG00000068011,Mkrn2os,1,0,1,0,2,1,0,0,1,0,2,2
ENSMUSG00000000439,Mkrn2,610,594,476,517,469,264,443,508,542,522,511,492
ENSMUSG00000107949,Gm44157,1,1,0,1,0,1,0,1,1,1,1,1
ENSMUSG00000029782,Tmem209,1872,2026,1611,1618,1635,1403,1476,1626,1805,1661,1673,1537
ENSMUSG00000029784,Ssmem1,0,0,1,2,1,2,1,0,0,0,0,0
ENSMUSG00000071553,Cpa2,4,16,15,7,5,3,11,14,6,11,4,9
ENSMUSG00000039070,Cpa4,0,0,0,0,0,5,0,0,0,0,1,0
ENSMUSG00000086854,Gm13781,0,0,0,0,0,0,0,0,0,0,0,0
ENSMUSG00000000441,Raf1,3229,3688,2929,2897,2658,1334,2517,2779,3107,2853,2641,2555
ENSMUSG00000029788,Cpa5,0,0,0,0,2,3,1,0,0,0,0,0
ENSMUSG00000081805,Gm14335,2,1,2,3,2,1,5,4,1,3,1,1
ENSMUSG00000107994,D830050J10Rik,14,15,9,15,7,3,10,11,15,11,8,9
ENSMUSG00000088358,Gm24008,0,0,0,0,0,0,0,0,0,0,0,0
ENSMUSG00000054446,Cpa1,0,0,0,0,0,0,0,0,0,0,0,0
ENSMUSG00000059900,Tmem40,7,12,8,8,6,5,9,10,2,8,10,4
ENSMUSG00002075398,#N/A,0,0,0,0,0,0,0,0,0,0,0,0
ENSMUSG00000108204,Gm44180,0,0,0,0,0,0,1,1,0,0,0,0
ENSMUSG00000030319,Cand2,184,231,170,201,231,142,192,236,256,182,241,217
ENSMUSG00000099163,Mir7660,0,0,0,0,0,0,0,0,0,0,0,1
ENSMUSG00000057841,Rpl32,6524,10468,7823,9009,8483,3040,9185,7266,8139,7074,5813,5403
ENSMUSG00000064563,Snora7a,0,0,0,0,0,0,0,0,0,0,0,0
ENSMUSG00000030321,Efcab12,0,1,0,8,2,1,2,1,0,3,1,4
ENSMUSG00000107429,Gm44206,12,13,12,6,8,6,11,8,11,2,9,11
ENSMUSG00000029790,Cep41,286,370,262,260,340,168,228,275,283,268,329,302
ENSMUSG00000086542,Gm13782,0,0,0,0,0,0,0,0,0,0,0,0
ENSMUSG00000083221,Gm14528,0,0,0,0,0,0,0,0,0,0,0,0
ENSMUSG00000030322,Mbd4,85,85,69,66,101,98,70,98,68,63,143,135
ENSMUSG00000051855,Mest,4,5,7,9,2,2,4,7,2,3,3,3
ENSMUSG00002074898,#N/A,0,0,0,0,0,0,0,0,0,0,0,0
ENSMUSG00000107825,Gm44296,0,0,0,0,0,0,0,0,0,0,0,0
ENSMUSG00002074986,#N/A,0,0,0,0,0,0,0,0,0,0,0,0
ENSMUSG00000065501,Mir335,0,0,0,0,0,0,0,0,0,0,0,0
ENSMUSG00000030323,Ift122,23,33,23,19,30,18,19,22,18,16,43,26
ENSMUSG00000025607,Copg2,548,641,443,435,576,295,392,475,575,472,582,548
ENSMUSG00000030324,Rho,1,0,1,0,0,0,0,0,0,3,0,0
ENSMUSG00000107548,Gm43866,0,0,0,0,0,0,0,0,0,0,0,0
ENSMUSG00000085321,4930412F09Rik,0,0,0,0,0,0,0,0,0,0,1,0
ENSMUSG00000039032,Tsga13,0,0,0,0,0,0,0,0,0,0,0,0
ENSMUSG00000073209,Klf14,0,0,0,0,0,1,0,0,0,0,0,0
ENSMUSG00000065610,Mir29a,0,0,0,1,0,1,0,0,0,2,0,0
ENSMUSG00000065604,Mir29b-1,0,0,0,0,0,0,0,0,0,0,0,0
ENSMUSG00000097998,Gm27019,5,0,2,1,0,0,2,3,1,1,1,0
ENSMUSG00000042279,H1f8,5,3,2,8,2,0,3,9,0,3,1,0
ENSMUSG00000044471,Lncpint,93,91,123,64,32,26,43,98,65,64,35,59
ENSMUSG00000087312,Gm13833,0,0,0,0,0,0,0,0,0,0,0,0
ENSMUSG00000104030,5330406M23Rik,11,2,9,8,2,2,4,9,9,3,3,7
ENSMUSG00000086922,Gm13835,27,34,23,23,38,31,37,26,30,42,33,31
ENSMUSG00000103220,Gm37728,2,4,2,3,2,1,2,4,4,2,0,1
ENSMUSG00000030123,Plxnd1,2177,2150,1796,1842,1689,718,1299,1844,1508,1471,1266,1181
ENSMUSG00000087380,2210408F21Rik,0,4,1,4,2,2,3,6,2,3,0,2
ENSMUSG00000106867,Gm43800,0,1,1,0,0,0,1,0,0,0,0,1
ENSMUSG00000030126,Tmcc1,655,738,591,534,670,480,524,595,638,594,583,549
ENSMUSG00000086931,Gm14532,0,0,0,0,0,0,0,0,0,0,0,0
ENSMUSG00000092625,Gm20404,0,0,0,0,0,0,0,0,0,0,0,0
ENSMUSG00000101878,Gm8203,6,2,4,4,7,5,5,6,5,3,3,2
ENSMUSG00000082474,Gm8213,11,11,8,5,4,0,9,6,16,16,3,15
ENSMUSG00000086212,Mkln1os,2,1,4,1,2,2,1,0,2,0,3,0
ENSMUSG00000108030,9530062K07Rik,2,2,3,2,2,2,2,2,0,0,0,0
ENSMUSG00000086855,Gm13844,0,0,0,0,0,0,0,0,0,2,0,0
ENSMUSG00000025609,Mkln1,1722,1725,1394,1462,1464,1071,1246,1461,1704,1561,1436,1382
ENSMUSG00000025608,Podxl,30,21,40,41,33,18,10,31,35,26,20,29
ENSMUSG00000086732,Gm6117,0,0,0,0,0,1,0,0,0,0,0,0
ENSMUSG00000086804,Gm43154,0,0,0,1,0,0,0,1,0,0,0,0
ENSMUSG00000084973,Gm13848,0,0,0,0,0,0,0,0,0,0,0,0
ENSMUSG00000107010,Gm43293,0,0,0,0,0,0,0,0,0,0,0,0
ENSMUSG00000087379,Gm13849,0,0,0,0,0,0,0,0,0,0,0,0
ENSMUSG00000029766,1700012A03Rik,0,0,0,0,0,0,0,0,0,0,0,0
ENSMUSG00000085616,Gm13850,0,0,0,0,0,0,0,0,0,0,0,0
ENSMUSG00000029765,Plxna4,0,1,2,4,1,6,3,1,0,2,1,0
ENSMUSG00000086720,Plxna4os3,0,0,0,0,0,0,0,0,0,0,0,0
ENSMUSG00000086675,Plxna4os2,0,0,0,0,0,0,0,0,0,0,0,0
ENSMUSG00000086763,Plxna4os1,0,0,0,0,0,0,0,0,0,0,0,0
ENSMUSG00000084386,Gm13852,0,0,0,0,0,0,0,0,0,0,0,0
ENSMUSG00000106873,BC049739,0,0,0,0,0,0,0,0,0,0,0,0
ENSMUSG00000024104,Washc2,1072,1102,810,810,845,573,726,827,893,840,924,834
ENSMUSG00000107577,Gm44103,0,0,0,0,2,1,0,0,0,0,0,1
ENSMUSG00000053768,Chchd3,1228,1414,1036,1083,1481,1098,1152,1158,1319,1184,1689,1434
ENSMUSG00000085847,Gm14540,0,0,0,0,0,0,0,0,0,0,0,1
ENSMUSG00000106676,Gm42895,11,4,8,9,2,3,4,14,14,9,6,5
ENSMUSG00000087777,Gm22321,0,0,0,0,0,0,0,0,0,0,0,0
ENSMUSG00000082217,Gm1401,0,0,0,2,0,1,1,0,2,0,0,0
ENSMUSG00000042213,Zfand4,13,17,11,8,19,9,7,18,17,12,14,8
ENSMUSG00000107497,Gm44957,0,1,0,1,0,2,0,0,0,0,0,0
ENSMUSG00000029763,Exoc4,442,573,449,423,785,429,448,485,490,450,727,678
ENSMUSG00000083728,Gm13854,0,0,0,0,0,0,0,0,0,0,0,1
ENSMUSG00000107358,Gm43168,0,0,0,0,2,3,0,0,2,1,0,0
ENSMUSG00000107103,Gm43164,0,0,0,0,0,0,0,0,0,0,0,0
ENSMUSG00000087441,Gm13853,0,0,0,0,0,0,0,0,0,0,0,0
ENSMUSG00000025702,44628,125,144,99,89,73,35,79,100,97,76,81,64
ENSMUSG00000077758,Gm23527,0,0,0,0,0,1,0,0,0,0,0,0
ENSMUSG00000107556,Gm44237,0,0,1,0,0,0,2,0,0,0,1,0
ENSMUSG00000056215,Lrguk,3,3,0,0,1,1,1,2,2,2,1,1
ENSMUSG00000087356,Gm13856,0,0,0,0,0,0,0,0,0,0,0,2
ENSMUSG00000018999,Slc35b4,1276,1335,1032,1016,1070,642,910,1038,1088,1005,1027,982
ENSMUSG00000087613,Gm13855,0,1,1,0,0,3,0,0,0,0,0,0
ENSMUSG00000086762,Gm14546,0,0,0,0,0,0,0,0,0,0,0,0
ENSMUSG00000025701,Alox5,0,0,3,0,3,0,1,2,5,1,4,3
ENSMUSG00000107914,Gm44076,0,0,0,0,0,1,0,1,0,0,0,0
ENSMUSG00000001642,Akr1b3,437,566,433,360,475,193,446,364,401,361,384,367
ENSMUSG00000053391,Olfr211,0,0,0,0,0,1,0,0,0,0,0,0
ENSMUSG00000053251,Olfr212,0,0,0,0,0,0,0,0,0,0,0,0
ENSMUSG00000081649,Olfr213,0,0,0,0,0,0,0,0,0,0,0,0
ENSMUSG00000107906,Eif4a3l2,1,1,1,1,3,0,0,0,1,0,0,0
ENSMUSG00000029762,Akr1b8,100,90,80,98,45,27,60,71,61,35,21,22
ENSMUSG00000081991,Gm13859,0,0,0,0,0,0,0,0,0,0,0,0
ENSMUSG00000081196,Gm13858,0,0,0,0,0,0,0,0,0,0,0,0
ENSMUSG00000051046,Olfr214,0,0,0,0,0,3,0,0,0,0,1,0
ENSMUSG00000050654,Olfr215,0,0,0,0,0,0,0,0,0,0,0,0
ENSMUSG00000108138,Gm18485,0,0,0,0,0,0,0,0,0,0,0,0
ENSMUSG00000059878,Zfp422,698,760,616,617,638,504,611,726,697,632,706,690
ENSMUSG00000107428,Gm44154,0,0,2,0,2,2,0,0,3,3,1,1
ENSMUSG00000061758,Akr1b10,107,96,72,66,104,38,120,121,55,64,95,84
ENSMUSG00000052131,Akr1b7,0,0,0,1,0,0,0,0,0,0,0,1
ENSMUSG00000084965,Gm13857,0,0,1,1,4,2,4,0,0,1,0,1
ENSMUSG00000042129,Rassf4,8,12,11,20,9,5,7,13,11,13,8,9
ENSMUSG00000038871,Bpgm,256,278,168,181,194,136,224,236,224,194,229,200
ENSMUSG00000098334,Mir7043,0,0,0,0,0,0,0,0,0,0,0,0
ENSMUSG00000085187,Gm13860,0,0,0,0,0,0,0,0,0,0,0,0
ENSMUSG00000048489,Depp1,0,0,0,0,0,0,0,0,1,0,0,0
ENSMUSG00000048108,Tmem72,0,0,0,0,0,3,0,0,0,0,0,0
ENSMUSG00000088374,Gm22882,0,0,0,0,0,0,0,0,0,0,0,0
ENSMUSG00000108225,Gm43926,0,0,0,0,0,0,0,0,0,0,0,0
ENSMUSG00000107415,Gm43929,0,0,0,0,0,0,0,0,0,0,0,0
ENSMUSG00000107903,Gm43930,0,0,0,0,0,0,0,0,0,0,0,0
ENSMUSG00000108038,D030044L04Rik,0,0,0,0,0,0,0,0,0,0,0,0
ENSMUSG00000061353,Cxcl12,0,0,0,1,0,1,0,0,0,0,0,0
ENSMUSG00000090549,Rpl28-ps4,0,0,0,0,0,0,0,0,0,0,0,0
ENSMUSG00000107434,Gm4640,0,0,0,0,0,0,0,0,0,0,0,1
ENSMUSG00000107852,Gm6227,1,0,0,1,1,0,0,1,0,1,0,0
ENSMUSG00000108020,6820426E19Rik,0,0,0,0,0,0,0,0,0,0,0,0
ENSMUSG00000054488,Gm9946,0,0,0,0,0,0,0,0,0,0,0,0
ENSMUSG00000107785,Gm45083,0,0,0,0,0,0,0,0,0,0,0,0
ENSMUSG00000099869,1700030F04Rik,0,0,0,0,0,0,0,0,0,0,0,0
ENSMUSG00000104222,Gm7292,0,0,0,1,0,0,0,1,0,0,0,0
ENSMUSG00000071237,Gemin6-ps,0,0,0,0,0,0,0,0,0,0,0,0
ENSMUSG00000059689,Zfp637,172,177,135,152,152,64,166,135,151,111,164,147
ENSMUSG00000042097,Zfp239,146,176,127,161,189,134,141,146,139,127,203,200
ENSMUSG00000099810,Gm29509,0,0,0,0,0,1,0,0,0,0,0,0
ENSMUSG00000042079,Hnrnpf,1332,1614,1369,1427,1506,556,1268,1440,1490,1185,1667,1374
ENSMUSG00000042087,4933440N22Rik,102,82,88,76,58,24,74,79,104,87,54,46
ENSMUSG00000107608,Gm43863,0,3,5,3,7,1,3,2,3,2,4,5
ENSMUSG00000029761,Cald1,0,0,2,0,1,0,0,0,0,0,0,1
ENSMUSG00000004988,Fxyd4,0,0,0,0,0,0,0,0,0,1,0,0
ENSMUSG00000085382,Gm13861,0,0,0,0,0,0,0,0,0,0,0,0
ENSMUSG00000060411,Npn2,0,0,0,0,0,0,0,0,0,0,0,0
ENSMUSG00002075781,#N/A,0,0,0,0,0,1,0,0,0,0,0,0
ENSMUSG00000086834,Gm14547,0,0,0,0,0,0,0,0,0,0,0,0
ENSMUSG00000082791,Gm4875,5,10,7,4,3,1,2,3,4,1,0,2
ENSMUSG00000030134,Rasgef1a,78,81,71,94,94,46,75,79,55,62,48,40
ENSMUSG00000098583,Mir7044,0,0,0,0,0,0,0,0,0,0,0,0
ENSMUSG00000042042,Csgalnact2,448,378,355,321,275,203,289,379,344,309,313,268
ENSMUSG00000077787,Gm23908,0,0,2,0,1,0,0,0,0,0,0,0
ENSMUSG00000038836,Agbl3,18,19,11,13,18,11,18,19,17,13,22,19
ENSMUSG00000082920,Gm13864,5,0,0,2,0,0,3,0,0,1,0,2
ENSMUSG00000082118,Gm13862,0,0,0,1,2,0,0,1,0,0,0,1
ENSMUSG00000082446,Gm13863,0,0,0,0,0,0,0,0,0,0,0,0
ENSMUSG00000106707,Gm43748,0,0,0,0,0,0,0,0,0,0,0,0
ENSMUSG00000057137,Tmem140,12,9,16,18,8,2,14,18,19,11,13,9
ENSMUSG00000030110,Ret,22,27,22,20,5,2,7,12,13,12,1,11
ENSMUSG00000046806,Cyren,136,110,108,95,163,56,113,98,124,108,196,154
ENSMUSG00000107637,1700069P05Rik,0,0,0,0,0,0,0,0,0,0,0,0
ENSMUSG00000107791,Gm30557,0,0,0,0,0,0,0,0,0,0,0,0
ENSMUSG00000107933,Gm30498,0,0,0,0,0,0,0,0,0,0,0,0
ENSMUSG00000030138,Bms1,5392,5425,4368,4483,4296,4118,3350,4385,5087,4656,5079,4373
ENSMUSG00000058486,Wdr91,334,406,260,249,280,136,262,309,284,276,324,279
ENSMUSG00000030145,Zfp248,55,54,51,29,64,48,31,42,48,64,75,83
ENSMUSG00002076900,#N/A,0,0,0,0,0,0,0,0,0,0,0,0
ENSMUSG00000072623,Zfp9,32,23,13,12,17,11,8,16,11,7,18,28
ENSMUSG00000118520,AC140192.1,0,0,0,0,0,0,0,0,0,0,0,0
ENSMUSG00000029848,Stra8,0,0,0,1,2,0,1,0,0,1,1,0
ENSMUSG00000029847,Slc23a4,4,8,4,12,4,5,5,4,6,6,12,8
ENSMUSG00000007827,Ankrd26,406,370,316,283,390,443,290,359,331,325,470,457
ENSMUSG00000038784,Cnot4,1084,1129,922,898,984,1214,822,1053,957,928,1168,1029
ENSMUSG00000038759,Nup205,3363,3566,3179,3033,4129,2071,2568,3409,3468,3091,3695,3594
ENSMUSG00000087808,Gm23435,0,1,1,0,0,0,0,2,0,1,0,0
ENSMUSG00000073155,1810058I24Rik,801,871,710,801,777,401,903,814,773,754,663,650
ENSMUSG00000029843,Slc13a4,0,0,0,0,0,5,0,0,0,0,0,0
ENSMUSG00000047420,Fam180a,0,0,0,0,0,0,0,0,0,0,0,0
ENSMUSG00000107341,1700065J11Rik,0,0,0,0,0,0,0,0,0,0,0,0
ENSMUSG00000029840,Mtpn,5995,6100,5224,5256,4510,3390,4393,5605,5929,5586,4806,4526
ENSMUSG00002075316,#N/A,0,0,0,0,0,0,0,0,0,0,0,0
ENSMUSG00000107110,Gm42931,0,0,0,0,0,0,0,0,0,0,0,0
ENSMUSG00000107145,Gm43442,1,0,1,3,1,0,4,2,0,0,0,0
ENSMUSG00000077246,Gm23273,0,0,0,0,0,0,0,0,0,0,0,0
ENSMUSG00000107089,Gm43443,0,0,0,0,0,0,0,0,0,0,1,0
ENSMUSG00000073154,9330158H04Rik,0,0,0,0,0,2,0,0,0,0,0,0
ENSMUSG00000045613,Chrm2,0,0,0,0,0,0,0,0,0,0,0,0
ENSMUSG00000070075,Mir490,0,0,0,0,0,0,0,0,0,0,0,0
ENSMUSG00000106817,Gm43441,0,0,0,0,0,0,1,0,0,0,0,0
ENSMUSG00000106872,Gm2189,0,0,1,0,0,0,0,0,0,0,0,0
ENSMUSG00002075886,#N/A,0,0,0,0,0,0,0,0,0,0,0,0
ENSMUSG00000029838,Ptn,0,1,0,0,1,2,0,0,0,0,0,0
ENSMUSG00000038665,Dgki,4,3,3,0,8,6,1,2,4,1,0,3
ENSMUSG00000029837,1700111E14Rik,0,0,0,0,0,0,0,0,0,0,0,0
ENSMUSG00000107310,Gm7452,0,0,0,0,0,0,0,0,0,0,0,0
ENSMUSG00000038648,Creb3l2,739,742,683,618,529,251,534,694,514,442,584,488
ENSMUSG00000038641,Akr1d1,0,0,0,0,0,1,0,0,0,0,0,0
ENSMUSG00000106889,Gm7463,0,0,0,0,0,0,0,0,0,0,1,0
ENSMUSG00000107035,Ybx1-ps2,14,8,5,10,14,4,5,3,13,15,6,15
ENSMUSG00000080242,Atp6v0c-ps2,0,0,1,1,1,1,1,1,0,0,0,2
ENSMUSG00000106853,Gm7492,0,0,0,0,0,0,0,0,0,0,0,1
ENSMUSG00000029833,Trim24,1011,1042,785,874,733,681,636,954,994,919,753,719
ENSMUSG00000029830,Svopl,0,0,0,0,0,0,0,0,0,0,0,0
ENSMUSG00000038600,Atp6v0a4,0,1,0,0,0,0,0,0,0,0,0,0
ENSMUSG00000029829,Tmem213,0,0,0,0,0,0,0,0,0,0,0,0
ENSMUSG00000087924,Gm23231,0,0,0,0,0,0,0,0,0,0,0,0
ENSMUSG00000063455,D630045J12Rik,241,248,207,185,303,218,158,228,218,174,264,244
ENSMUSG00000107026,Gm7504,11,11,3,6,11,0,5,10,12,23,6,13
ENSMUSG00000047749,Zc3hav1l,464,425,436,340,442,326,330,461,389,429,473,493
ENSMUSG00000029826,Zc3hav1,5145,5554,4957,4996,4327,3017,4237,5542,4808,4226,4368,4048
ENSMUSG00000106836,Gm43578,0,0,0,0,0,0,0,0,0,0,0,0
ENSMUSG00000057696,Rpl30-ps1,5,6,3,1,3,2,3,2,11,5,4,4
ENSMUSG00000056832,Ttc26,11,11,13,7,16,4,7,6,7,8,10,6
ENSMUSG00000089905,Gm16563,0,0,0,0,0,0,0,0,0,0,0,0
ENSMUSG00000038538,Ubn2,1730,1676,1615,1438,1449,1197,1100,1654,1442,1362,1810,1685
ENSMUSG00000098285,Mir7670,0,0,0,0,0,0,0,0,0,0,0,0
ENSMUSG00000019689,Fmc1,59,63,76,70,72,15,65,79,54,57,35,52
ENSMUSG00000081670,Gm15697,0,3,4,2,5,5,2,3,3,1,2,2
ENSMUSG00000029823,Luc7l2,6196,5525,5072,4778,4361,4480,3950,5129,5602,5529,5502,5438
ENSMUSG00000071537,Klrg2,28,28,26,31,19,3,19,34,15,11,18,23
ENSMUSG00000079598,Clec2l,4,7,9,2,2,0,9,7,4,2,6,3
ENSMUSG00000061436,Hipk2,2293,2114,1855,1709,1761,1577,1319,2180,1989,2031,1800,1632
ENSMUSG00000029925,Tbxas1,0,0,0,0,0,0,0,1,1,0,0,0
ENSMUSG00000106737,Gm42962,0,0,0,0,0,0,0,0,0,0,0,0
ENSMUSG00000077339,Gm23010,0,0,0,0,0,0,0,0,0,0,0,0
ENSMUSG00000100121,1700025N23Rik,0,0,0,0,0,0,0,0,0,0,0,0
ENSMUSG00000038507,Parp12,49,69,60,76,62,30,74,113,70,66,59,61
ENSMUSG00000073144,4930599N23Rik,2,0,2,1,0,0,2,2,2,1,1,1
ENSMUSG00000106976,Gm42963,0,0,0,0,0,0,0,0,0,0,0,0
ENSMUSG00000042599,Kdm7a,504,510,485,425,464,365,294,472,468,445,598,496
ENSMUSG00000115026,Gm49041,1,1,2,4,1,0,3,1,3,3,2,2
ENSMUSG00000107365,Gm43479,1,0,0,0,0,0,1,0,0,0,0,0
ENSMUSG00000089422,Gm26008,0,0,0,0,0,0,0,1,0,0,0,0
ENSMUSG00000029924,Slc37a3,231,338,256,231,227,139,208,282,252,236,307,287
ENSMUSG00000029923,Rab19,99,94,58,85,77,18,103,103,78,60,79,90
ENSMUSG00000029922,Mkrn1,945,937,730,799,851,403,745,679,940,819,753,792
ENSMUSG00000068601,Gm10244,5,5,5,2,1,0,3,3,3,4,2,3
ENSMUSG00000064900,Gm25402,0,0,0,0,0,0,0,0,0,0,0,0
ENSMUSG00000038456,Dennd2a,2,0,6,0,0,0,2,3,0,4,5,3
ENSMUSG00000085058,8030453O22Rik,1,0,0,0,0,0,0,0,0,0,0,1
ENSMUSG00000046947,Adck2,163,158,127,142,137,48,101,129,146,145,142,180
ENSMUSG00000086582,Gm16272,2,0,1,0,1,1,4,0,1,1,0,2
ENSMUSG00000107071,Gm42420,0,0,0,0,0,0,0,0,0,0,0,0
ENSMUSG00000002416,Ndufb2,172,181,152,156,227,150,187,162,185,157,217,210
ENSMUSG00000002413,Braf,962,982,771,709,823,712,574,816,808,852,1010,989
ENSMUSG00000091313,Fth-ps2,5,7,6,5,7,1,2,2,2,6,2,1
ENSMUSG00000029918,Mrps33,50,80,77,65,91,43,87,54,78,66,64,51
ENSMUSG00000106936,Gm7554,0,0,0,0,0,0,0,1,0,0,0,0
ENSMUSG00000106827,Gm7556,0,0,2,1,1,0,3,1,4,1,1,1
ENSMUSG00000057716,Tmem178b,0,0,2,0,2,1,0,0,1,0,0,0
ENSMUSG00000097406,Gm26833,0,0,0,0,0,0,0,0,0,0,0,0
ENSMUSG00000103331,Gm37995,0,0,0,0,0,0,0,0,0,0,0,0
ENSMUSG00000102623,Gm37673,0,0,0,0,0,0,0,0,0,0,0,0
ENSMUSG00000097563,Gm26638,0,0,0,0,0,0,0,0,0,0,0,0
ENSMUSG00000097484,Gm26807,0,0,0,0,0,0,0,0,0,0,0,0
ENSMUSG00000102287,Gm37003,0,0,0,0,0,0,0,0,0,0,0,0
ENSMUSG00000029916,Agk,331,313,228,274,277,122,218,274,290,265,234,219
ENSMUSG00000037172,E330009J07Rik,1884,1996,1588,1523,1425,589,1018,1432,1634,1471,1503,1328
ENSMUSG00000037159,Wee2,0,3,0,3,0,1,2,3,0,0,0,0
ENSMUSG00000029911,Ssbp1,584,680,535,561,662,554,623,609,624,558,691,654
ENSMUSG00000052850,Tas2r137,0,0,0,0,0,0,0,0,0,0,0,1
ENSMUSG00000037140,Tas2r108,0,0,1,0,0,0,0,0,0,0,0,0
ENSMUSG00000029909,Prss37,0,0,0,0,0,0,0,0,0,1,0,0
ENSMUSG00000107359,Gm43295,0,0,0,0,0,0,1,0,0,0,0,0
ENSMUSG00000068259,Olfr461,0,0,0,0,0,0,0,0,0,0,0,0
ENSMUSG00000045514,Olfr460,0,0,0,0,0,0,0,0,0,0,0,0
ENSMUSG00000029915,Clec5a,0,0,0,0,0,0,0,0,0,0,0,0
ENSMUSG00000058250,Tas2r138,0,0,0,0,0,1,0,0,0,0,0,0
ENSMUSG00000068587,Mgam,3,0,0,0,0,0,1,0,2,1,0,0
ENSMUSG00000102802,Mgam2-ps,0,0,0,0,1,1,0,0,0,0,0,0
ENSMUSG00000029885,Moxd2,0,0,0,1,1,1,0,0,0,1,1,0
ENSMUSG00000104084,Gm38276,0,0,0,0,0,0,0,0,0,0,0,0
ENSMUSG00000076461,Trbv1,343,421,349,385,357,88,329,338,366,314,249,280
ENSMUSG00000051936,Prss58,0,0,0,0,1,0,0,0,0,0,0,0
ENSMUSG00000029883,1700074P13Rik,0,0,0,0,0,0,0,0,0,0,0,0
ENSMUSG00000063252,Gm4744,0,0,0,0,0,0,0,1,0,1,0,0
ENSMUSG00000101629,Gm29588,0,0,0,0,0,0,0,0,0,0,0,0
ENSMUSG00000094808,1810009J06Rik,7,3,15,12,11,7,16,7,0,5,0,2
ENSMUSG00000096525,Gm2663,9,9,17,7,7,7,11,8,10,8,6,4
ENSMUSG00000104408,Gm38015,0,0,0,0,0,0,0,0,0,0,0,0
ENSMUSG00000104105,Gm37878,0,0,0,0,0,0,0,0,0,0,0,0
ENSMUSG00000103157,Gm38294,0,0,0,0,0,0,0,0,0,0,0,0
ENSMUSG00000029882,2210010C04Rik,1,3,2,3,0,1,6,3,3,2,0,0
ENSMUSG00000076462,Trbv2,275,328,276,293,256,122,254,329,301,269,269,224
ENSMUSG00000076463,Trbv3,481,590,430,439,499,223,472,489,535,516,330,390
ENSMUSG00000103586,5830405F06Rik,9,12,10,11,6,3,6,10,8,10,7,10
ENSMUSG00000107486,Trbv4,2,5,5,2,5,5,1,2,7,2,3,5
ENSMUSG00000076465,Trbv5,1,3,0,1,0,0,1,0,2,0,1,0
ENSMUSG00000103807,Trbv6,0,0,0,0,0,0,0,0,0,0,0,0
ENSMUSG00000102622,Trbv7,0,0,0,0,0,0,0,0,0,0,0,0
ENSMUSG00000103833,Gm49885,0,0,0,0,0,0,0,0,0,0,0,0
ENSMUSG00000102821,Trbv8,0,0,0,0,0,0,0,0,0,0,0,0
ENSMUSG00000104198,Trbv9,0,0,0,0,0,1,0,0,0,0,0,0
ENSMUSG00000091671,Trbv10,0,0,0,0,0,0,0,0,0,0,0,0
ENSMUSG00000102903,Trbv11,0,0,0,0,0,0,0,0,0,0,0,0
ENSMUSG00000095574,Trbv12-1,63,84,49,67,55,7,48,47,65,67,78,85
ENSMUSG00000051331,Cacna1c,49,55,60,31,38,31,46,42,21,29,40,36
ENSMUSG00000100867,Gm18981,0,1,0,0,0,0,0,0,0,0,0,0
ENSMUSG00002074876,#N/A,0,0,0,0,0,0,0,0,0,0,0,0
ENSMUSG00000041477,Dcp1b,229,278,221,231,228,171,224,249,281,247,260,212
ENSMUSG00000041460,Cacna2d4,12,7,16,16,12,9,14,20,16,13,24,9
ENSMUSG00000055003,Lrtm2,1,1,1,2,2,2,2,0,3,2,1,1
ENSMUSG00000030168,Adipor2,2299,2196,1980,2095,2178,963,1661,2050,2142,1924,1978,1859
ENSMUSG00000030170,Wnt5b,6,8,2,3,4,2,5,8,1,5,4,9
ENSMUSG00000030019,Fbxl14,2595,2795,2238,2317,2271,1287,2251,2457,2514,2250,2297,2038
ENSMUSG00000030172,Erc1,1242,1174,853,795,782,639,596,896,960,884,822,728
ENSMUSG00000108282,Gm44317,1,0,0,0,0,0,1,0,0,0,0,0
ENSMUSG00000080719,Gm15532,0,0,0,0,0,0,0,0,0,0,0,0
ENSMUSG00000097831,4930540M05Rik,1,1,0,4,0,0,1,4,2,1,2,0
ENSMUSG00000030166,Rad52,272,307,257,263,296,252,269,288,240,248,313,300
ENSMUSG00000045962,Wnk1,14908,14613,13390,13129,11881,10026,8406,14249,12976,13407,11679,10676
ENSMUSG00000089936,Gm16199,0,0,1,0,0,0,0,0,0,0,0,0
ENSMUSG00000076217,Mir706,0,0,0,0,0,0,0,0,0,0,0,0
ENSMUSG00000041377,Ninj2,16,23,22,19,28,11,21,19,43,13,18,15
ENSMUSG00000119208,#N/A,0,0,0,0,0,0,0,0,0,0,0,0
ENSMUSG00000041372,B4galnt3,18,8,14,28,20,10,12,18,16,20,13,6
ENSMUSG00000030177,Ccdc77,195,210,179,176,217,197,179,228,174,172,236,198
ENSMUSG00000030180,Kdm5a,2156,2461,1964,1831,1775,1254,1370,1850,2050,2005,2094,1826
ENSMUSG00000084454,Gm24592,0,0,0,0,0,0,0,0,0,0,0,0
ENSMUSG00000002897,Il17ra,1664,1752,1218,1270,992,489,960,1214,1326,1252,957,895
ENSMUSG00000094626,Tmem121b,2,1,0,3,1,0,2,1,1,4,0,0
ENSMUSG00000058979,Hdhd5,404,465,377,369,385,144,368,390,405,383,363,372
ENSMUSG00000093739,Gm20692,0,1,0,0,0,1,0,2,0,0,1,1
ENSMUSG00002075013,#N/A,0,0,0,0,0,0,0,0,0,0,0,0
ENSMUSG00000107744,1700072O05Rik,0,0,0,0,0,0,0,0,0,0,0,0
ENSMUSG00000107901,Gm44074,0,0,0,0,0,0,0,0,0,0,0,0
ENSMUSG00000107580,Gm44124,0,0,0,0,0,0,0,0,0,0,0,0
ENSMUSG00000071226,Cecr2,0,1,2,5,6,13,2,0,5,2,4,2
ENSMUSG00000004902,Slc25a18,0,0,0,0,0,0,0,0,0,0,0,0
ENSMUSG00000019210,Atp6v1e1,1314,1517,1057,1137,1150,696,1180,1150,1253,1031,1000,938
ENSMUSG00002075848,#N/A,0,3,0,0,1,0,0,0,1,0,0,0
ENSMUSG00000009112,Bcl2l13,1193,1305,1013,1099,1202,562,994,1106,1190,1058,1173,1046
ENSMUSG00000004446,Bid,1102,1274,917,1004,845,361,958,932,1012,933,783,858
ENSMUSG00000108125,Gm17812,0,0,0,0,0,0,0,0,0,0,0,0
ENSMUSG00000107971,Gm44260,57,44,59,33,24,12,19,52,45,55,44,44
ENSMUSG00000051586,Mical3,616,596,453,461,576,383,451,658,496,533,526,494
ENSMUSG00000108232,Gm43916,1,0,0,0,0,0,0,0,0,0,0,0
ENSMUSG00000108171,Gm43915,0,0,1,0,1,0,0,0,0,0,0,0
ENSMUSG00000097011,Gm4651,0,0,0,0,0,0,0,0,0,0,2,0
ENSMUSG00000108096,Minpp1-ps,0,0,0,0,0,0,0,0,1,0,0,0
ENSMUSG00000067825,Pex26,76,74,62,61,86,34,67,81,78,70,81,79
ENSMUSG00000107915,Gm44014,0,0,0,0,0,0,0,0,0,0,0,0
ENSMUSG00000030137,Tuba8,3,2,5,4,2,0,0,3,3,4,3,3
ENSMUSG00000086527,Gm15856,0,0,1,0,1,1,3,0,2,2,1,1
ENSMUSG00000030107,Usp18,20,35,57,90,40,20,88,83,33,48,67,61
ENSMUSG00000107736,Gm44148,0,1,0,0,0,4,0,0,1,3,1,1
ENSMUSG00000030108,Slc6a13,6,4,7,8,5,4,7,5,13,5,4,3
ENSMUSG00002076341,#N/A,0,0,0,0,0,0,0,0,0,0,0,0
ENSMUSG00000030109,Slc6a12,3,6,4,3,1,4,1,2,0,1,1,0
ENSMUSG00000040797,Iqsec3,0,0,0,0,0,3,0,1,0,0,0,0
ENSMUSG00000107923,Gm43922,0,0,0,0,0,0,0,0,0,0,0,0
ENSMUSG00000108223,Gm43933,0,0,0,0,0,0,0,0,0,0,0,0
ENSMUSG00000107752,Gm43934,0,0,0,0,0,0,0,0,0,0,0,0
ENSMUSG00000107438,Gm43945,0,0,0,0,0,0,0,0,0,0,0,0
ENSMUSG00000030111,A2m,0,0,0,0,0,0,0,0,0,0,0,0
ENSMUSG00000107998,Gm44018,0,0,0,0,0,0,0,0,0,0,0,0
ENSMUSG00000108022,Gm7298,0,0,0,0,0,0,0,0,0,0,0,0
ENSMUSG00000059908,Mug1,0,0,0,0,0,0,0,0,0,0,0,0
ENSMUSG00000107735,Gm44173,0,0,0,0,0,0,0,0,0,0,0,0
ENSMUSG00000108083,Mug4-ps,0,0,0,0,0,0,0,0,0,0,0,0
ENSMUSG00000000693,Loxl3,1,2,5,6,12,0,2,8,2,2,3,0
ENSMUSG00000099035,Mir7040,0,0,0,0,0,0,0,0,0,0,0,0
ENSMUSG00000068329,Htra2,292,298,288,271,353,116,329,302,315,255,349,381
ENSMUSG00000009145,Dqx1,77,61,93,84,81,30,75,67,55,74,59,77
ENSMUSG00000068327,Tlx2,0,0,0,0,0,0,1,0,0,4,0,0
ENSMUSG00000103189,Gm37092,0,0,0,0,1,0,0,0,0,0,1,0
ENSMUSG00000069678,Pcgf1,92,87,90,86,97,35,72,51,85,60,85,68
ENSMUSG00000034968,Lbx2,9,4,0,3,1,2,5,6,3,0,1,6
ENSMUSG00000118678,#N/A,0,0,0,0,0,0,0,0,0,0,0,0
ENSMUSG00000107499,Ccdc142,1,1,4,3,5,1,1,2,4,0,2,3
ENSMUSG00000079511,Gm42688,19,32,19,16,36,11,19,23,29,17,24,22
ENSMUSG00000087578,Ccdc142os,17,17,15,5,8,12,12,10,13,12,31,18
ENSMUSG00000030037,Mrpl53,4,6,1,0,2,0,3,0,3,3,1,3
ENSMUSG00000030036,Mogs,4280,4149,3270,3467,4819,1253,3269,3388,4531,3799,4597,4574
ENSMUSG00000030035,Wbp1,57,64,74,72,63,43,83,68,76,58,58,65
ENSMUSG00000030034,Ino80b,495,478,349,394,428,229,413,432,478,464,451,421
ENSMUSG00000108109,Gm44287,0,0,1,0,0,0,0,2,0,0,0,0
ENSMUSG00000034930,Rtkn,52,73,35,29,48,15,37,21,56,32,38,38
ENSMUSG00000030032,Wdr54,5,17,5,9,13,6,12,7,10,10,14,9
ENSMUSG00000030030,1700003E16Rik,0,0,0,0,0,0,0,0,0,0,0,0
ENSMUSG00000031865,Dctn1,1621,1637,1149,1126,1236,690,1042,1300,1352,1292,1433,1297
ENSMUSG00000085782,Gm15624,0,0,0,0,0,0,0,0,0,0,0,0
ENSMUSG00000068323,Slc4a5,2,2,1,1,10,0,2,4,3,1,3,0
ENSMUSG00000005667,Mthfd2,3354,3542,3708,3763,3419,2003,3103,3366,3088,2708,3184,2755
ENSMUSG00000108053,Gm43890,29,24,28,35,38,43,20,31,15,43,33,49
ENSMUSG00000043131,Mob1a,7826,8788,6825,6816,6639,3519,5359,6335,7708,7176,6342,6171
ENSMUSG00000045160,Bola3,465,501,351,427,433,521,424,471,516,431,579,470
ENSMUSG00000000942,Hoxa4,1,1,0,0,0,3,3,3,0,1,0,1
ENSMUSG00000038253,Hoxa5,0,0,1,2,1,0,0,0,1,2,0,1
ENSMUSG00000043219,Hoxa6,0,1,1,0,0,0,0,0,0,0,0,0
ENSMUSG00000038236,Hoxa7,0,0,0,0,1,1,0,1,0,0,1,0
ENSMUSG00000038227,Hoxa9,0,0,0,0,0,6,0,0,0,0,1,0
ENSMUSG00000065443,Mir196b,0,0,0,0,0,0,0,0,0,0,0,0
ENSMUSG00000000938,Hoxa10,0,0,0,1,0,1,0,0,0,0,0,1
ENSMUSG00000038210,Hoxa11,0,0,0,0,0,1,0,0,0,0,0,0
ENSMUSG00000086427,Hoxa11os,0,0,1,0,2,1,0,0,0,0,0,0
ENSMUSG00002075397,#N/A,0,0,0,0,0,0,0,0,0,0,0,0
ENSMUSG00002075448,#N/A,0,0,0,0,0,0,0,0,0,0,0,0
ENSMUSG00002075224,#N/A,0,0,0,0,0,0,0,0,0,0,0,0
ENSMUSG00002076021,#N/A,0,0,0,0,0,0,0,0,0,0,0,0
ENSMUSG00002076839,#N/A,0,0,0,0,0,0,0,0,0,0,0,0
ENSMUSG00002076652,#N/A,0,0,0,0,0,0,0,0,0,0,0,0
ENSMUSG00000102373,9530018H14Rik,0,0,0,0,0,0,0,0,0,0,0,0
ENSMUSG00002076831,#N/A,0,0,0,0,0,0,0,0,0,0,0,0
ENSMUSG00002076776,#N/A,0,0,0,0,0,0,0,0,0,0,0,0
ENSMUSG00000055408,Hottip,0,0,0,0,0,0,0,0,0,0,0,0
ENSMUSG00002076186,#N/A,0,0,0,0,0,0,0,0,0,0,0,0
ENSMUSG00002075330,#N/A,0,0,0,0,0,0,0,0,0,0,0,0
ENSMUSG00000107463,Gm44294,0,0,0,0,0,0,0,0,0,0,0,0
ENSMUSG00000056370,Sftpb,1,0,0,0,1,0,0,0,0,0,1,0
ENSMUSG00000056305,Usp39,2965,3362,2444,2618,2492,1337,2305,2523,2796,2486,2415,2196
ENSMUSG00000108435,Gm45051,11,14,10,11,12,5,9,18,12,12,16,16
ENSMUSG00000058706,0610030E20Rik,1128,1168,1006,1074,1066,724,772,1014,1001,1003,1136,1083
ENSMUSG00000055912,Tmem150a,138,130,65,63,68,21,61,63,94,94,126,105
ENSMUSG00000055850,Rnf181,411,446,395,398,445,182,440,459,349,344,450,398
ENSMUSG00000073002,Vamp5,19,30,19,11,21,9,17,17,15,19,21,27
ENSMUSG00000050732,Vamp8,377,443,249,281,302,148,371,354,381,318,334,329
ENSMUSG00000053460,Ggcx,115,131,92,84,110,56,89,84,102,90,116,117
ENSMUSG00000053907,Mat2a,15298,15746,12239,12419,15863,9757,11590,13043,14548,13812,14508,14349
ENSMUSG00000108591,Particl,16,24,17,22,18,6,15,16,17,20,21,6
ENSMUSG00000085412,Halr1,0,0,0,0,0,0,0,0,0,0,0,0
ENSMUSG00000081979,Rps8-ps3,0,1,0,0,0,0,1,0,0,1,1,0
ENSMUSG00000082781,Rps19-ps14,0,0,0,0,0,0,0,0,0,0,2,0
ENSMUSG00000029844,Hoxa1,1,0,0,2,0,0,1,1,0,0,1,0
ENSMUSG00000087658,Hotairm1,2,4,2,7,1,0,2,3,0,1,3,2
ENSMUSG00002076637,#N/A,0,0,0,0,0,0,0,0,0,0,0,0
ENSMUSG00002075344,#N/A,0,0,0,1,0,0,1,0,0,0,0,0
ENSMUSG00002074924,#N/A,0,0,0,0,0,0,0,0,0,0,0,0
ENSMUSG00002075580,#N/A,0,0,0,0,1,0,0,0,0,1,0,1
ENSMUSG00000014704,Hoxa2,0,0,0,0,0,0,0,0,0,0,0,0
ENSMUSG00000101298,Gm28308,0,0,0,0,0,0,0,0,0,0,0,0
ENSMUSG00000056445,Hoxaas2,0,0,0,0,0,2,0,0,0,0,1,1
ENSMUSG00000079560,Hoxa3,1,0,2,0,0,3,0,0,0,0,0,0
ENSMUSG00000087626,Gm15050,0,1,0,0,0,0,1,0,0,0,0,1
ENSMUSG00000085696,Hoxaas3,1,1,1,3,2,1,3,2,4,2,6,7
ENSMUSG00000056468,5730596B20Rik,0,0,0,0,0,0,0,0,0,0,0,0
ENSMUSG00000101451,Gm29430,0,0,0,0,0,0,0,0,0,0,0,0
ENSMUSG00000038203,Hoxa13,0,0,0,0,0,3,0,0,0,1,0,1
ENSMUSG00000086126,Evx1os,0,0,0,0,0,0,0,0,0,0,0,0
ENSMUSG00000005503,Evx1,0,0,0,0,0,0,0,0,0,1,0,0
ENSMUSG00000059159,Gm8129,0,0,0,0,0,0,0,1,0,0,0,0
ENSMUSG00000084282,Gm15054,0,0,0,0,0,0,0,0,0,0,0,0
ENSMUSG00000107679,4930404I20Rik,0,0,0,0,0,0,0,0,0,0,0,0
ENSMUSG00000108147,4930443G03Rik,0,0,0,0,0,0,0,0,0,0,0,0
ENSMUSG00000030228,Pik3c2g,0,0,0,0,0,0,0,0,0,0,0,0
ENSMUSG00000103951,Gm37269,0,0,0,0,0,0,0,0,0,0,0,0
ENSMUSG00000107870,Gm43940,0,0,0,0,0,0,0,0,0,0,0,0
ENSMUSG00002075653,#N/A,0,0,0,0,0,0,0,0,0,0,0,0
ENSMUSG00000106974,Vmn1r-ps5,0,0,0,0,0,0,0,0,0,0,0,0
ENSMUSG00000107380,Vmn1r-ps6,0,0,0,0,0,0,0,0,0,0,0,0
ENSMUSG00000106893,Vmn1r-ps7,0,0,0,0,0,0,0,0,0,0,0,0
ENSMUSG00000107185,Gm42642,0,0,0,0,0,0,0,0,0,0,0,0
ENSMUSG00000107233,Gm42959,0,0,0,0,0,0,0,0,0,0,0,0
ENSMUSG00000107601,Gm2651,0,0,0,0,0,0,0,0,0,0,0,0
ENSMUSG00000106955,Gm42960,0,0,0,0,0,0,0,0,0,0,0,0
ENSMUSG00000106945,Gm42961,0,0,0,0,0,0,0,0,0,0,0,0
ENSMUSG00000106779,Gm8579,0,0,0,0,0,0,0,0,0,0,0,0
ENSMUSG00000107184,Gm18222,0,0,0,0,0,0,0,0,0,0,0,0
ENSMUSG00000107017,Gm43196,0,0,0,2,1,2,0,0,0,0,0,0
ENSMUSG00000106734,Gm20559,19,18,27,32,16,11,22,37,15,22,17,26
ENSMUSG00000107222,Gm43198,0,0,0,0,0,0,0,0,0,0,0,0
ENSMUSG00000107215,Gm43197,1,1,1,5,3,0,0,1,1,2,2,3
ENSMUSG00000047735,Samd9l,155,189,160,185,158,130,155,248,125,180,153,137
ENSMUSG00000044156,Hepacam2,0,0,0,0,0,0,0,0,0,0,1,0
ENSMUSG00000001376,Vps50,800,900,681,672,718,575,514,694,725,708,676,661
ENSMUSG00000107094,Gm43294,3,6,2,3,0,0,1,0,3,2,0,1
ENSMUSG00000023964,Calcr,1,1,0,0,0,0,0,0,0,1,0,0
ENSMUSG00000076357,Mir653,0,0,0,0,0,0,0,0,0,0,0,0
ENSMUSG00000070107,Mir489,0,0,0,0,0,0,0,0,0,0,0,0
ENSMUSG00000108091,Gm44221,0,0,0,0,0,0,0,0,0,0,0,0
ENSMUSG00000029664,Tfpi2,1,1,0,0,1,0,1,0,1,0,0,0
ENSMUSG00000029663,Gngt1,0,0,0,0,0,1,0,0,0,0,0,0
ENSMUSG00000032766,Gng11,12,7,13,7,3,1,3,10,10,8,5,7
ENSMUSG00000107681,4930528H21Rik,0,0,0,0,0,0,0,0,0,0,0,0
ENSMUSG00000032757,Bet1,159,171,154,121,190,150,162,134,145,148,166,150
ENSMUSG00000108139,Gm44055,0,0,0,0,0,0,0,0,0,0,0,0
ENSMUSG00000107510,Gm44057,0,0,0,0,0,0,0,0,0,0,0,0
ENSMUSG00000098779,Gm8602,0,1,0,1,1,1,2,0,0,0,1,2
ENSMUSG00000107564,Gm44379,0,0,0,0,0,0,0,0,0,0,0,0
ENSMUSG00000108014,Gm44380,0,0,0,0,0,0,0,0,0,0,0,0
ENSMUSG00002075587,#N/A,0,0,0,0,0,0,0,0,0,0,0,0
ENSMUSG00000107450,Gm2522,0,0,0,0,0,0,0,0,0,0,0,0
ENSMUSG00000102946,Gm37883,0,0,0,0,0,0,0,0,0,0,0,0
ENSMUSG00000107603,Gm43921,0,0,0,0,0,0,0,0,0,0,0,0
ENSMUSG00000107828,Gm18289,0,0,0,0,0,0,0,0,0,0,0,0
ENSMUSG00000097513,Gm26696,0,0,0,0,1,0,0,0,1,0,0,0
ENSMUSG00000015189,Casd1,674,751,581,499,629,421,481,567,775,643,677,699
ENSMUSG00000107932,Gm44432,6,1,5,4,4,1,3,6,2,6,11,7
ENSMUSG00000004631,Sgce,3,1,1,0,1,2,0,6,1,0,0,2
ENSMUSG00000092035,Peg10,6,9,8,6,9,5,1,2,2,3,3,5
ENSMUSG00000107977,Gm44121,0,0,0,0,0,0,0,0,0,0,0,0
ENSMUSG00000093570,Gm20714,0,0,0,0,0,0,0,0,0,0,0,0
ENSMUSG00000097630,Gm26828,0,0,0,0,0,0,0,0,0,0,0,0
ENSMUSG00000083041,Gmfg-ps,2,5,3,2,2,3,7,2,0,3,2,0
ENSMUSG00000032827,Ppp1r9a,0,0,1,2,0,1,0,2,0,1,1,1
ENSMUSG00000097385,Gm26814,0,0,0,0,0,5,0,0,0,0,0,0
ENSMUSG00000097464,Gm26736,0,0,0,0,0,0,0,0,0,0,0,0
ENSMUSG00000097396,Gm26556,0,0,0,0,0,0,0,0,0,0,0,0
ENSMUSG00000002588,Pon1,0,0,0,0,0,1,0,0,0,0,0,0
ENSMUSG00000107881,Gm44250,8,8,8,10,3,10,6,5,11,7,4,6
ENSMUSG00000029759,Pon3,36,42,17,31,17,7,13,13,27,13,28,19
ENSMUSG00000032667,Pon2,482,573,507,462,460,380,528,510,526,424,448,390
ENSMUSG00000107668,Gm44424,0,0,0,0,0,0,0,0,0,0,0,0
ENSMUSG00000042607,Asb4,0,1,2,0,3,4,0,2,0,4,0,1
ENSMUSG00000019577,Pdk4,1,0,1,2,6,11,3,10,0,1,2,0
ENSMUSG00000029757,Dync1i1,0,0,0,0,0,0,0,0,0,0,0,0
ENSMUSG00000085416,1700019G24Rik,0,0,0,0,0,0,0,0,0,0,0,0
ENSMUSG00000093482,Gm20619,0,0,0,0,0,0,0,0,0,0,0,0
ENSMUSG00000097669,Gm8649,0,1,0,0,0,0,0,0,0,0,0,0
ENSMUSG00000097175,Gm27018,0,0,0,0,0,0,0,0,1,0,0,0
ENSMUSG00000097900,Gm8652,3,1,0,0,1,2,1,4,3,0,2,3
ENSMUSG00000093658,Gm20617,0,0,0,0,1,1,0,0,0,0,0,0
ENSMUSG00000093380,Gm20685,0,0,0,0,0,0,0,0,0,0,0,0
ENSMUSG00000042541,Sem1,1464,1797,1464,1580,1739,2128,1604,1747,1748,1416,1901,1417
ENSMUSG00000093675,Gm20618,0,0,0,0,0,0,0,0,0,0,0,0
ENSMUSG00000093581,Gm18006,0,0,0,0,0,0,0,0,0,1,0,0
ENSMUSG00000093651,Gm5873,1,0,2,1,0,0,0,1,0,0,0,0
ENSMUSG00000090063,Dlx6os1,0,0,1,0,0,2,0,0,0,0,0,0
ENSMUSG00002075275,#N/A,0,0,0,0,0,0,0,0,0,0,0,0
ENSMUSG00002075212,#N/A,0,0,0,0,0,0,0,0,0,0,0,0
ENSMUSG00000107967,Gm44094,0,0,0,0,0,0,0,0,0,0,0,0
ENSMUSG00000094868,Dlx6os2,0,0,0,0,0,0,0,0,0,0,0,0
ENSMUSG00002075665,#N/A,0,0,0,0,0,0,0,0,0,0,0,0
ENSMUSG00002076380,#N/A,0,0,0,0,0,0,0,0,0,0,0,0
ENSMUSG00000097356,Gm26774,0,0,0,0,0,0,0,0,0,0,0,0
ENSMUSG00000042505,Sdhaf3,63,60,68,58,51,21,75,46,65,55,81,72
ENSMUSG00000098421,Gm27190,0,0,0,0,0,0,0,0,0,0,0,0
ENSMUSG00000099178,Gm8669,0,0,0,0,0,0,0,0,0,0,0,0
ENSMUSG00000098501,Gm19272,0,0,0,0,0,0,0,0,0,0,0,0
ENSMUSG00000107517,Gm44046,0,0,1,0,0,0,0,0,0,0,0,0
ENSMUSG00000107493,Gm44048,0,0,0,0,0,0,0,0,0,0,0,0
ENSMUSG00000061762,Tac1,0,0,0,0,0,0,0,0,0,0,1,1
ENSMUSG00000099182,Gm8676,0,0,0,0,0,0,0,0,0,0,0,0
ENSMUSG00000029752,Asns,2815,3191,2518,2696,2503,1507,2071,2165,2564,2124,2641,2438
ENSMUSG00000107394,1700012J15Rik,0,0,0,0,0,0,0,0,0,0,0,0
ENSMUSG00000107844,Gm8686,0,0,0,0,0,0,0,0,0,0,0,0
ENSMUSG00000042460,C1galt1,859,883,786,788,728,541,588,869,833,751,757,703
ENSMUSG00000107549,Gm43961,9,9,9,5,8,0,0,4,9,6,6,6
ENSMUSG00000107763,Gm43962,0,0,0,0,0,0,0,0,0,0,0,0
ENSMUSG00002075238,#N/A,0,0,0,0,0,2,0,0,0,0,0,0
ENSMUSG00000096403,Gm9825,4,13,6,5,5,3,4,5,6,5,5,4
ENSMUSG00000042447,Mios,1180,1328,1035,1071,1018,768,806,1034,1102,1105,979,863
ENSMUSG00000012483,Rpa3,128,201,159,149,260,128,210,170,137,116,193,170
ENSMUSG00000089862,Umad1,58,59,37,45,45,33,69,55,51,45,63,43
ENSMUSG00000107705,Gm45062,0,0,0,0,0,0,0,0,0,0,0,0
ENSMUSG00000089890,Gm16055,0,0,0,0,0,0,0,0,0,0,0,0
ENSMUSG00000089735,Gm8428,0,0,0,1,2,0,0,1,0,1,1,0
ENSMUSG00000090151,Gm16043,0,0,0,0,0,0,0,0,0,0,0,0
ENSMUSG00002075015,#N/A,0,0,0,0,0,0,0,0,0,0,0,0
ENSMUSG00000087305,A430035B10Rik,2,4,0,2,2,1,1,4,1,2,2,2
ENSMUSG00000077250,Gm26075,0,0,0,0,0,0,0,0,0,0,0,0
ENSMUSG00000029638,Glcci1,26,10,10,20,17,10,13,19,30,15,8,21
ENSMUSG00000107724,Gm16042,0,0,0,0,0,0,0,0,0,3,1,1
ENSMUSG00000062995,Ica1,9,6,11,12,13,16,8,6,4,16,14,9
ENSMUSG00000046178,Nxph1,0,0,0,1,0,0,0,0,0,0,0,0
ENSMUSG00000107851,Gm35736,0,0,0,0,0,0,0,0,0,0,0,0
ENSMUSG00000107459,Gm5110,0,1,1,0,2,0,1,0,0,0,1,1
ENSMUSG00000107762,Gm18421,0,0,0,0,0,0,0,0,0,0,0,0
ENSMUSG00000108222,Gm2691,0,0,0,0,0,0,0,0,0,0,0,0
ENSMUSG00000108249,Gm43960,0,0,0,0,0,1,1,1,0,0,0,0
ENSMUSG00000118743,#N/A,0,0,0,0,0,0,0,0,0,0,0,0
ENSMUSG00002075268,#N/A,0,0,0,0,0,0,0,0,0,0,0,0
ENSMUSG00000071337,Tia1,660,613,580,538,585,648,494,524,618,604,825,826
ENSMUSG00000107539,Gm44790,0,0,0,0,0,0,0,0,0,0,0,0
ENSMUSG00000046679,C87436,300,309,236,253,291,149,244,230,284,244,261,293
ENSMUSG00000085589,A430078I02Rik,2,1,4,3,2,6,5,3,4,2,0,2
ENSMUSG00000101655,2310040G24Rik,5,4,11,6,6,4,6,7,4,6,13,8
ENSMUSG00000107876,Gm43936,0,0,0,0,0,0,0,0,0,0,0,0
ENSMUSG00000101210,Gm28720,0,1,1,0,1,1,0,0,0,0,0,0
ENSMUSG00000100174,Gm28719,0,0,0,1,1,0,1,0,0,0,0,0
ENSMUSG00000107689,Gm44386,0,0,0,0,0,0,0,0,0,0,0,0
ENSMUSG00000051695,Pcbp1,14590,15838,11656,12418,12984,4313,12403,12840,15193,13516,13776,12983
ENSMUSG00000097048,1600020E01Rik,259,286,244,244,310,153,278,226,260,236,230,287
ENSMUSG00002075168,#N/A,0,0,0,0,0,0,0,0,0,0,0,0
ENSMUSG00000108059,Gm44369,0,1,0,1,3,7,1,3,1,1,3,2
ENSMUSG00000033508,Asprv1,3,2,2,5,3,1,1,4,0,1,1,2
ENSMUSG00000001156,Mxd1,179,188,271,262,169,87,244,312,165,148,153,141
ENSMUSG00000108291,Gm44292,6,2,6,5,7,3,9,6,3,5,3,3
ENSMUSG00000001158,Snrnp27,847,959,708,729,840,645,877,855,878,798,1010,830
ENSMUSG00000108197,Gm44214,0,1,0,1,2,1,0,0,1,0,0,0
ENSMUSG00000001157,Gmcl1,406,451,357,318,435,248,355,334,383,340,457,405
ENSMUSG00000107961,Gm44036,1,2,0,4,0,0,2,1,1,0,1,0
ENSMUSG00000029994,Anxa4,281,339,261,250,161,142,270,355,222,173,173,184
ENSMUSG00000100164,2610306M01Rik,12,24,20,25,29,2,13,15,20,17,11,15
ENSMUSG00000108216,Gm44153,3,0,0,0,0,1,1,0,4,2,2,1
ENSMUSG00000108152,Gm44152,0,0,2,0,0,1,1,0,1,0,0,3
ENSMUSG00000068328,Aup1,4359,4354,3445,3551,3685,1804,3520,4044,4080,3703,3799,3599
ENSMUSG00000039742,Fam71f1,2,0,0,3,0,0,0,1,0,0,0,0
ENSMUSG00000090692,Gm17172,0,0,0,0,0,0,0,0,0,0,0,0
ENSMUSG00000029767,Calu,4333,4629,3562,3499,3551,2476,2924,3719,3577,3331,3444,3027
ENSMUSG00000058831,Opn1sw,0,0,0,0,1,1,0,1,0,0,0,0
ENSMUSG00002076777,#N/A,0,0,0,0,0,0,0,0,0,0,0,0
ENSMUSG00002075963,#N/A,0,0,0,0,0,0,0,0,0,0,0,0
ENSMUSG00000068699,Flnc,0,0,0,0,0,4,0,1,1,0,1,1
ENSMUSG00000029769,Ccdc136,6,5,2,4,5,0,5,7,4,7,5,0
ENSMUSG00000033933,Vhl,721,835,499,517,561,249,501,529,705,605,522,486
ENSMUSG00000097671,1700015O11Rik,1,0,0,0,0,0,0,0,1,2,0,0
ENSMUSG00000060477,Irak2,655,731,528,478,326,155,402,490,592,518,350,313
ENSMUSG00000107723,Gm43964,0,0,0,0,0,0,0,0,0,0,0,0
ENSMUSG00000107846,Gm43963,1,0,0,0,1,1,0,1,0,0,0,0
ENSMUSG00000108024,Gm43912,12,8,9,10,9,7,7,11,7,13,6,3
ENSMUSG00000056952,Tatdn2,3818,3956,2926,2979,2734,1303,2404,3100,3414,3201,2658,2661
ENSMUSG00000106581,Mir7042,0,0,3,0,2,0,0,0,1,1,1,1
ENSMUSG00000097994,Gm26982,180,184,165,144,96,27,116,147,149,155,124,93
ENSMUSG00000064177,Ghrl,13,3,6,5,2,2,9,11,0,2,0,1
ENSMUSG00000108154,Gm44033,13,14,17,7,8,3,3,13,11,12,3,8
ENSMUSG00000108137,Gm44053,25,12,16,9,10,11,10,15,17,12,17,7
ENSMUSG00000030298,Sec13,2898,3592,2564,2824,2851,1175,2734,2632,3271,2775,2776,2635
ENSMUSG00000030302,Atp2b2,0,1,0,0,0,0,0,0,0,1,0,1
ENSMUSG00000108297,Gm44167,0,0,0,0,0,0,0,0,0,0,0,0
ENSMUSG00000087053,Gm15082,0,0,0,0,0,1,0,0,0,0,1,0
ENSMUSG00000087083,Gm15083,0,0,0,0,0,0,0,0,0,0,0,0
ENSMUSG00000107540,Gm43911,0,0,0,0,0,0,0,0,0,0,0,0
ENSMUSG00000107474,Gm43932,0,0,0,0,0,0,0,0,0,0,0,0
ENSMUSG00000108186,Gm8132,1,0,0,1,0,0,1,1,0,0,0,0
ENSMUSG00000076548,Igkv4-69,0,0,0,0,0,0,0,0,0,0,0,0
ENSMUSG00000076549,Igkv4-68,0,0,1,0,0,0,0,0,0,0,0,0
ENSMUSG00000104697,Igkv12-67,0,0,0,0,0,0,0,0,0,0,0,0
ENSMUSG00000088675,Rprl1,0,0,0,0,0,0,0,0,0,0,0,0
ENSMUSG00000106222,Rprl1,0,0,0,0,0,0,0,0,0,0,0,0
ENSMUSG00000105110,Igkv12-66,0,0,0,0,0,0,0,0,0,0,0,0
ENSMUSG00000105883,Igkv4-65,0,0,0,0,0,0,0,0,0,0,0,0
ENSMUSG00000105747,Igkv13-64,0,0,0,0,0,0,0,0,0,0,0,0
ENSMUSG00000119843,#N/A,0,0,0,0,0,0,0,0,0,0,0,0
ENSMUSG00000056836,Gm6851,0,0,1,0,0,0,0,0,0,1,0,0
ENSMUSG00000083216,Hbb-bh3,0,0,0,0,0,0,0,0,0,0,0,0
ENSMUSG00000119750,#N/A,0,0,0,0,0,0,0,0,0,0,0,0
ENSMUSG00000101153,4933404I11Rik,0,0,0,0,0,0,0,0,0,0,0,0
ENSMUSG00000118924,#N/A,0,0,0,0,0,0,0,0,0,0,0,0
ENSMUSG00002076710,#N/A,0,0,0,0,0,0,0,0,0,0,0,0
ENSMUSG00000119705,#N/A,0,0,0,0,0,0,0,0,0,0,0,0
ENSMUSG00000078621,Hbb-bh2,0,0,0,0,0,0,0,0,0,0,0,0
ENSMUSG00000119817,#N/A,0,0,0,0,0,0,0,0,0,0,0,0
ENSMUSG00000100650,Gm28807,0,0,0,0,0,0,0,0,0,0,0,0
ENSMUSG00000118699,#N/A,0,0,0,0,0,0,0,0,0,0,0,0
ENSMUSG00000118476,Gm50466,0,0,0,0,0,0,0,0,0,0,0,0
ENSMUSG00000060188,Cxcl17,5,8,9,0,3,4,7,5,3,1,10,9
ENSMUSG00000118878,#N/A,0,0,0,0,0,0,0,0,0,0,0,0
ENSMUSG00000108518,Gm5587,3,1,0,0,2,0,0,0,0,0,0,0
ENSMUSG00000119126,#N/A,0,0,0,0,0,0,0,0,0,0,0,0
ENSMUSG00000108503,Gm20949,1,0,0,0,0,0,0,0,0,0,0,0
ENSMUSG00000046182,Gsg1l,0,0,0,0,0,0,0,0,0,0,0,0
ENSMUSG00000119351,#N/A,0,0,0,0,0,0,0,0,0,0,0,0
ENSMUSG00000108376,Gm44874,0,0,0,0,0,0,0,0,0,0,0,0
ENSMUSG00000102004,4933402C06Rik,0,0,0,0,0,1,0,0,0,0,0,0
ENSMUSG00000119496,#N/A,0,0,0,0,0,0,0,0,0,0,0,0
ENSMUSG00000119937,#N/A,0,0,0,0,0,0,0,0,0,0,0,0
ENSMUSG00000081732,Gm15495,2,1,4,4,2,0,4,3,3,4,3,5
ENSMUSG00000052217,Hbb-bh1,0,0,0,0,0,2,0,0,0,0,0,0
ENSMUSG00000118792,#N/A,0,0,0,0,0,0,0,0,0,0,0,0
ENSMUSG00000085700,Hbb-bh0,0,0,0,0,0,0,0,0,0,0,0,0
ENSMUSG00000119863,#N/A,0,0,0,0,0,0,0,0,0,0,0,0
ENSMUSG00000119827,#N/A,0,0,0,0,0,0,0,0,0,0,0,0
ENSMUSG00000119465,#N/A,0,0,0,0,0,0,0,0,0,0,0,0
ENSMUSG00000100600,A230077H06Rik,0,0,0,0,2,2,0,0,0,0,0,0
ENSMUSG00000118965,#N/A,0,0,0,0,0,0,0,0,0,0,0,0
ENSMUSG00000108672,Gm45008,0,0,0,0,0,0,0,0,0,0,0,0
ENSMUSG00000101643,Gm28307,0,0,0,0,0,0,0,0,0,0,0,0
ENSMUSG00000119444,#N/A,0,0,0,0,0,0,0,0,0,0,0,0
ENSMUSG00000118934,#N/A,0,0,0,0,0,0,0,0,0,0,0,0
ENSMUSG00000084473,Gm25784,0,0,0,0,0,0,0,0,0,0,0,0
ENSMUSG00000119625,#N/A,0,0,0,0,0,0,0,0,0,0,0,0
ENSMUSG00000052187,Hbb-y,0,0,0,0,0,0,0,0,0,0,0,0
ENSMUSG00000119311,#N/A,0,0,0,0,0,0,0,0,0,0,0,0
ENSMUSG00000119606,#N/A,0,0,0,0,0,0,0,0,0,0,0,0
ENSMUSG00000119080,#N/A,0,0,0,0,0,0,0,0,0,0,0,0
ENSMUSG00000118836,#N/A,0,0,0,0,0,0,0,0,0,0,0,0
ENSMUSG00000119121,#N/A,0,0,0,0,0,0,0,0,0,0,0,0
ENSMUSG00000119560,#N/A,0,0,0,0,0,0,0,0,0,0,0,0
ENSMUSG00000058200,Olfr66,0,0,0,0,0,0,0,0,0,0,0,0
ENSMUSG00000119097,#N/A,0,0,0,0,0,0,0,0,0,0,0,0
ENSMUSG00000083854,Dnajc19-ps,0,1,0,2,0,0,0,1,0,0,1,1
ENSMUSG00000119294,#N/A,0,0,0,0,0,0,0,0,0,0,0,0
ENSMUSG00000119160,#N/A,0,0,0,0,0,0,0,0,0,0,0,0
ENSMUSG00000063615,Olfr64,0,0,0,0,0,3,0,0,0,0,0,2
ENSMUSG00000119387,#N/A,0,0,0,0,0,0,0,0,0,0,0,0
ENSMUSG00000119285,#N/A,0,0,0,0,0,0,0,0,0,0,0,0
ENSMUSG00000118688,#N/A,0,0,0,0,0,0,0,0,0,0,0,0
ENSMUSG00000119506,#N/A,0,0,0,0,0,0,0,0,0,0,0,0
ENSMUSG00000119816,#N/A,0,0,0,0,0,0,0,0,0,0,0,0
ENSMUSG00000110259,Olfr65,0,0,0,0,0,0,0,0,0,0,0,0
ENSMUSG00000119751,#N/A,0,0,0,0,0,0,0,0,0,0,0,0
ENSMUSG00000039257,Vstm2b,0,0,0,0,0,0,0,0,0,0,0,0
ENSMUSG00000077645,Gm24983,0,0,0,0,0,0,0,0,0,0,0,0
ENSMUSG00000119878,#N/A,0,0,0,0,0,0,0,0,0,0,0,0
ENSMUSG00000042219,Olfr631,0,0,0,0,0,0,0,0,0,0,0,0
ENSMUSG00000099768,Gm29293,0,0,0,0,0,0,0,0,0,0,0,0
ENSMUSG00000119298,#N/A,0,0,0,0,0,0,0,0,0,0,0,0
ENSMUSG00000119786,#N/A,0,0,0,0,0,0,0,0,0,0,0,0
ENSMUSG00000119394,#N/A,0,0,0,0,0,0,0,0,0,0,0,0
ENSMUSG00000073938,Olfr632,0,0,0,0,0,0,0,0,0,0,0,0
ENSMUSG00000119295,#N/A,0,0,0,0,0,0,0,0,0,0,0,0
ENSMUSG00000109837,Gm45655,0,0,0,0,0,0,0,0,0,0,0,0
ENSMUSG00000119073,#N/A,0,0,0,0,0,0,0,0,0,0,0,0
ENSMUSG00000091692,4930433I11Rik,0,0,0,0,0,0,0,0,0,0,0,0
ENSMUSG00000119386,#N/A,0,0,0,0,0,0,0,0,0,0,0,0
ENSMUSG00000108397,Gm45171,0,0,0,0,0,0,0,0,0,0,0,0
ENSMUSG00000119753,#N/A,0,0,0,0,0,0,0,0,0,0,0,0
ENSMUSG00000108364,Gm38997,0,0,0,0,0,0,0,0,0,0,0,0
ENSMUSG00000118886,#N/A,0,0,0,0,0,0,0,0,0,0,0,0
ENSMUSG00000073937,Olfr633,0,0,0,0,0,0,0,0,0,0,0,0
ENSMUSG00000119800,#N/A,0,0,0,0,0,0,0,0,0,0,0,0
ENSMUSG00000119831,#N/A,0,0,0,0,0,0,0,0,0,0,0,0
ENSMUSG00000080751,Olfr634-ps1,0,0,0,0,0,0,0,0,0,0,0,0
ENSMUSG00000119665,#N/A,0,0,0,0,0,0,0,0,0,0,0,0
ENSMUSG00000048312,Gm4884,0,0,0,0,0,0,0,0,0,0,0,0
ENSMUSG00000100732,Topbp1-ps2,0,0,0,1,3,0,0,1,0,0,1,1
ENSMUSG00000075726,Gm23254,0,0,0,0,0,0,0,0,0,0,0,0
ENSMUSG00000108661,Gm45172,0,0,0,0,0,0,0,0,0,0,0,0
ENSMUSG00000119357,#N/A,0,0,0,0,0,0,0,0,0,0,0,0
ENSMUSG00000094520,Olfr635,0,0,0,0,0,1,0,0,0,0,0,0
ENSMUSG00000119105,#N/A,0,0,0,0,0,0,0,0,0,0,0,0
ENSMUSG00000119316,#N/A,0,0,0,0,0,0,0,0,0,0,0,0
ENSMUSG00000108490,1700110I07Rik,0,0,0,0,0,0,0,0,0,0,0,0
ENSMUSG00000082281,Gm4886,0,0,0,0,0,0,0,0,0,0,0,0
ENSMUSG00000102113,Gm28061,0,0,0,0,0,0,0,0,0,0,0,0
ENSMUSG00000119578,#N/A,0,0,0,0,0,0,0,0,0,0,0,0
ENSMUSG00000055621,Olfr636-ps1,0,0,0,0,0,0,0,0,0,0,0,0
ENSMUSG00000108619,Gm44839,0,0,0,0,0,0,0,0,0,0,0,0
ENSMUSG00000119777,#N/A,0,0,0,0,0,0,0,0,0,0,0,0
ENSMUSG00000084236,Olfr637-ps1,0,0,0,0,0,0,0,0,0,0,0,0
ENSMUSG00000101195,Gm9239,0,0,0,0,0,0,0,0,0,0,0,0
ENSMUSG00000119576,#N/A,0,0,0,0,0,0,0,0,0,0,0,0
ENSMUSG00000119778,#N/A,0,0,0,0,0,0,0,0,0,0,0,0
ENSMUSG00000101650,Gm6820,0,0,0,0,0,0,0,0,0,0,0,0
ENSMUSG00000119864,#N/A,0,0,0,0,0,0,0,0,0,0,0,0
ENSMUSG00000108754,Gm44748,0,0,0,0,0,0,0,0,0,0,0,0
ENSMUSG00000094063,Olfr638,0,0,0,0,0,0,0,0,0,0,0,0
ENSMUSG00000119528,#N/A,0,0,0,0,0,0,0,0,0,0,0,0
ENSMUSG00000119847,#N/A,0,0,0,0,0,0,0,0,0,0,0,0
ENSMUSG00000119336,#N/A,0,0,0,0,0,0,0,0,0,0,0,0
ENSMUSG00000118877,#N/A,0,0,0,0,0,0,0,0,0,0,0,0
ENSMUSG00000109824,Olfr643,0,0,0,0,0,0,0,0,0,0,0,0
ENSMUSG00000119397,#N/A,0,0,0,0,0,0,0,0,0,0,0,0
ENSMUSG00000072259,Gm5592,0,0,0,0,0,1,0,0,0,0,0,0
ENSMUSG00000119410,#N/A,0,0,0,0,0,0,0,0,0,0,0,0
ENSMUSG00000066263,Olfr639,0,0,0,0,0,0,0,0,0,0,0,0
ENSMUSG00000078737,Gm2128,0,0,0,0,0,0,0,0,0,0,0,0
ENSMUSG00000118902,#N/A,0,0,0,0,0,0,0,0,0,0,0,0
ENSMUSG00000100376,Gm28060,0,0,0,0,0,0,0,0,0,0,0,0
ENSMUSG00000099657,Gm28667,0,0,0,0,0,0,0,0,0,0,0,0
ENSMUSG00000119682,#N/A,0,0,0,0,0,0,0,0,0,0,0,0
ENSMUSG00000119475,#N/A,0,0,0,0,0,0,0,0,0,0,0,0
ENSMUSG00000099979,Gm5896,1,2,3,2,0,2,1,0,4,0,1,1
ENSMUSG00000066262,Olfr640,0,0,0,0,0,0,0,0,0,0,0,0
ENSMUSG00000108395,Gm34811,0,0,0,0,0,0,0,0,0,0,0,0
ENSMUSG00000119405,#N/A,0,0,0,0,0,0,0,0,0,0,0,0
ENSMUSG00000119296,#N/A,0,0,0,0,0,0,0,0,0,0,0,0
ENSMUSG00000101196,Gm6866,0,0,0,0,0,0,0,0,0,0,0,0
ENSMUSG00000118787,#N/A,0,0,0,0,0,0,0,0,0,0,0,0
ENSMUSG00000108779,Gm45691,0,0,0,0,0,0,0,0,0,0,0,0
ENSMUSG00000119331,#N/A,0,0,0,0,0,0,0,0,0,0,0,0
ENSMUSG00000073932,Olfr641,0,0,0,0,0,1,0,0,0,0,0,0
ENSMUSG00000119072,#N/A,0,0,0,0,0,0,0,0,0,0,0,0
ENSMUSG00000049062,Gm9244,0,0,0,0,0,0,0,0,0,0,0,0
ENSMUSG00000108340,Gm44520,0,0,0,0,0,0,0,0,0,0,0,0
ENSMUSG00000118873,#N/A,0,0,0,0,0,0,0,0,0,0,0,0
ENSMUSG00000099511,Topbp1-ps1,0,0,0,0,0,0,0,0,0,0,0,0
ENSMUSG00000118676,#N/A,0,0,0,0,0,0,0,0,0,0,0,0
ENSMUSG00000049797,Olfr642,0,0,0,0,0,0,0,0,0,0,0,0
ENSMUSG00000092031,Gm2108,0,0,0,0,0,0,0,0,0,0,0,0
ENSMUSG00000119860,#N/A,0,0,0,0,0,0,0,0,0,0,0,0
ENSMUSG00000101449,Gm17791,0,0,0,0,0,0,0,0,0,0,0,0
ENSMUSG00000119057,#N/A,0,0,0,0,0,0,0,0,0,0,0,0
ENSMUSG00000119530,#N/A,0,0,0,0,0,0,0,0,0,0,0,0
ENSMUSG00000082080,Gm9246,0,0,0,0,0,0,0,0,0,0,0,0
ENSMUSG00000118888,#N/A,0,0,0,0,0,0,0,0,0,0,0,0
ENSMUSG00000119477,#N/A,0,0,0,0,0,0,0,0,0,0,0,0
ENSMUSG00000119322,#N/A,0,0,0,0,0,0,0,0,0,0,0,0
ENSMUSG00000090219,4930516K23Rik,0,0,0,0,0,0,0,0,0,0,0,0
ENSMUSG00000119244,#N/A,0,0,0,0,0,0,0,0,0,0,0,0
ENSMUSG00000119271,#N/A,0,0,0,0,0,0,0,0,0,0,0,0
ENSMUSG00000056383,AI987944,186,202,141,145,157,197,99,158,160,175,190,146
ENSMUSG00000119897,#N/A,0,0,0,0,0,0,0,0,0,0,0,0
ENSMUSG00000110012,Olfr644,0,0,0,0,0,0,0,0,0,0,0,0
ENSMUSG00000118861,#N/A,0,0,0,0,0,0,0,0,0,0,0,0
ENSMUSG00000091864,Gm17102,0,0,0,0,0,0,1,0,0,0,0,0
ENSMUSG00000075968,Gm25089,0,0,0,0,0,0,0,0,0,0,0,0
ENSMUSG00000051340,Olfr645,0,0,0,0,0,1,0,0,0,0,0,0
ENSMUSG00000119927,#N/A,0,0,0,0,0,0,0,0,0,0,0,0
ENSMUSG00000119539,#N/A,0,0,0,0,0,0,0,0,0,0,0,0
ENSMUSG00000118976,#N/A,0,0,0,0,0,0,0,0,0,0,0,0
ENSMUSG00000118755,#N/A,0,0,0,0,0,0,0,0,0,0,0,0
ENSMUSG00000073931,Olfr646,0,0,0,0,0,1,0,0,0,0,0,0
ENSMUSG00000118732,#N/A,0,0,0,0,0,0,0,0,0,0,0,0
ENSMUSG00000055643,Ubqln5,0,0,0,0,0,0,0,0,0,0,0,0
ENSMUSG00000119088,#N/A,0,0,0,0,0,0,0,0,0,0,0,0
ENSMUSG00000119350,#N/A,0,0,0,0,0,0,0,0,0,0,0,0
ENSMUSG00000119724,#N/A,0,0,0,0,0,0,0,0,0,0,0,0
ENSMUSG00000051618,Ubqln3,0,0,0,0,0,0,0,0,0,0,0,0
ENSMUSG00000119020,#N/A,0,0,0,0,0,0,0,0,0,0,0,0
ENSMUSG00000066537,Vmn2r57,0,0,0,0,0,2,1,0,0,0,0,0
ENSMUSG00000118674,#N/A,0,0,0,0,0,0,0,0,0,0,0,0
ENSMUSG00000051437,Ubqlnl,0,0,0,0,0,0,0,0,0,0,0,0
ENSMUSG00000118788,#N/A,0,0,0,0,0,0,0,0,0,0,0,0
ENSMUSG00000092592,Gm20449,0,0,0,0,0,0,0,0,0,0,0,0
ENSMUSG00000108312,Gm44521,0,0,0,0,0,0,0,1,0,0,0,0
ENSMUSG00000119359,#N/A,0,0,0,0,0,0,0,0,0,0,0,0
ENSMUSG00000118810,#N/A,0,0,0,0,0,0,0,0,0,0,0,0
ENSMUSG00000119647,#N/A,0,0,0,0,0,0,0,0,0,0,0,0
ENSMUSG00000119375,#N/A,0,0,0,0,0,0,0,0,0,0,0,0
ENSMUSG00000118911,#N/A,0,0,0,0,0,0,0,0,0,0,0,0
ENSMUSG00000118832,#N/A,0,0,0,0,0,0,0,0,0,0,0,0
ENSMUSG00000074166,AW146154,77,67,50,44,68,63,43,53,62,49,71,66
ENSMUSG00000119225,#N/A,0,0,0,0,0,0,0,0,0,0,0,0
ENSMUSG00000119101,#N/A,0,0,0,0,0,0,0,0,0,0,0,0
ENSMUSG00000037541,Shank2,0,0,0,0,0,2,0,0,0,0,0,0
ENSMUSG00000119617,#N/A,0,0,0,0,0,0,0,0,0,0,0,0
ENSMUSG00000119929,#N/A,0,0,0,0,0,0,0,0,0,0,0,0
ENSMUSG00000083500,Gm15470,0,1,1,2,2,0,0,5,2,3,0,1
ENSMUSG00000119250,#N/A,0,0,0,0,0,0,0,0,0,0,0,0
ENSMUSG00000093221,Mir3105,0,0,0,0,0,0,0,0,0,0,0,0
ENSMUSG00000109500,Gm44999,0,0,0,0,0,0,0,0,0,0,0,0
ENSMUSG00000119740,#N/A,0,0,0,0,0,0,0,0,0,0,0,0
ENSMUSG00000119428,#N/A,0,0,0,0,0,0,0,0,0,0,0,0
ENSMUSG00000119463,#N/A,0,0,0,0,0,0,0,0,0,0,0,0
ENSMUSG00000085745,Gm14372,0,0,0,0,0,0,0,0,0,0,0,0
ENSMUSG00000119279,#N/A,0,0,0,0,0,0,0,0,0,0,0,0
ENSMUSG00000090744,Gm6871,0,0,2,1,1,0,0,1,0,0,0,0
ENSMUSG00000119505,#N/A,0,0,0,0,0,0,0,0,0,0,0,0
ENSMUSG00000090341,Gm17217,0,0,0,0,0,0,0,0,0,0,0,0
ENSMUSG00000044265,Olfm5,0,0,0,0,0,0,0,0,0,0,0,0
ENSMUSG00000119905,#N/A,0,0,0,0,0,0,0,0,0,0,0,0
ENSMUSG00000108482,Gm45078,0,0,0,0,0,0,0,0,0,0,0,0
ENSMUSG00000083513,Olfr647-ps1,0,0,0,0,0,0,0,0,0,0,0,0
ENSMUSG00000118716,#N/A,0,0,0,0,0,0,0,0,0,0,0,0
ENSMUSG00000118955,#N/A,0,0,0,0,0,0,0,0,0,0,0,0
ENSMUSG00000119710,#N/A,0,0,0,0,0,0,0,0,0,0,0,0
ENSMUSG00000118720,#N/A,0,0,0,0,0,0,0,0,0,0,0,0
ENSMUSG00000062444,Ap3b2,0,1,0,0,0,0,1,0,0,0,0,0
ENSMUSG00000119694,#N/A,0,0,0,0,0,0,0,0,0,0,0,0
ENSMUSG00000119148,#N/A,0,0,0,0,0,0,0,0,0,0,0,0
ENSMUSG00000042909,Olfr648,0,0,0,0,0,0,0,0,0,0,0,0
ENSMUSG00000109575,Gm44831,0,0,0,0,0,0,0,0,0,0,0,0
ENSMUSG00000118963,#N/A,0,0,0,0,0,0,0,0,0,0,0,0
ENSMUSG00000091474,2610021A01Rik,480,501,338,409,404,440,320,456,419,456,525,450
ENSMUSG00000118899,#N/A,0,0,0,0,0,0,0,0,0,0,0,0
ENSMUSG00000118926,#N/A,0,0,0,0,0,0,0,0,0,0,0,0
ENSMUSG00000119922,#N/A,0,0,0,0,0,0,0,0,0,0,0,0
ENSMUSG00000119201,#N/A,0,0,0,0,0,0,0,0,0,0,0,0
ENSMUSG00000044899,Olfr649,0,0,0,0,0,0,0,0,0,0,0,0
ENSMUSG00000119568,#N/A,0,0,0,0,0,0,0,0,0,0,0,0
ENSMUSG00000119696,#N/A,0,0,0,0,0,0,0,0,0,0,0,0
ENSMUSG00000081859,Olfr650-ps1,0,0,0,0,0,0,0,0,0,0,0,0
ENSMUSG00000119374,#N/A,0,0,0,0,0,0,0,0,0,0,0,0
ENSMUSG00000119327,#N/A,0,0,0,0,0,0,0,0,0,0,0,0
ENSMUSG00000119269,#N/A,0,0,0,0,0,0,0,0,0,0,0,0
ENSMUSG00000118975,#N/A,0,0,0,0,0,0,0,0,0,0,0,0
ENSMUSG00000118997,#N/A,0,0,0,0,0,0,0,0,0,0,0,0
ENSMUSG00000119239,#N/A,0,0,0,0,0,0,0,0,0,0,0,0
ENSMUSG00000096231,Gm22584,0,0,0,0,0,0,0,0,0,0,0,0
ENSMUSG00000061877,BC048679,0,0,0,0,0,0,0,0,0,0,0,0
ENSMUSG00000119603,#N/A,0,0,0,0,0,0,0,0,0,0,0,0
ENSMUSG00000118978,#N/A,0,0,0,0,0,0,0,0,0,0,0,0
ENSMUSG00000119819,#N/A,0,0,0,0,0,0,0,0,0,0,0,0
ENSMUSG00000074165,Zfp788,232,242,192,177,256,217,173,227,225,253,248,224
ENSMUSG00000118737,#N/A,0,0,0,0,0,0,0,0,0,0,0,0
ENSMUSG00000091401,Gm9252,0,0,0,0,0,1,0,1,1,0,0,0
ENSMUSG00000118856,#N/A,0,0,0,0,0,0,0,0,0,0,0,0
ENSMUSG00000119764,#N/A,0,0,0,0,0,0,0,0,0,0,0,0
ENSMUSG00000119570,#N/A,0,0,0,0,0,0,0,0,0,0,0,0
ENSMUSG00000119885,#N/A,0,0,0,0,0,0,0,0,0,0,0,0
ENSMUSG00000119373,#N/A,0,0,0,0,0,0,0,0,0,0,0,0
ENSMUSG00000118996,#N/A,0,0,0,0,0,0,0,0,0,0,0,0
ENSMUSG00000119497,#N/A,0,0,0,0,0,0,0,0,0,0,0,0
ENSMUSG00000119769,#N/A,0,0,0,0,0,0,0,0,0,0,0,0
ENSMUSG00000119371,#N/A,0,0,0,0,0,0,0,0,0,0,0,0
ENSMUSG00000119490,#N/A,0,0,0,0,0,0,0,0,0,0,0,0
ENSMUSG00000118983,#N/A,0,0,0,0,0,0,0,0,0,0,0,0
ENSMUSG00000119913,#N/A,0,0,0,0,0,0,0,0,0,0,0,0
ENSMUSG00000097277,2900076A07Rik,38,27,39,41,61,42,21,32,29,33,50,51
ENSMUSG00000074164,Vmn2r-ps54,0,0,0,0,0,1,0,0,0,0,0,0
ENSMUSG00000072244,Trim6,0,5,3,2,4,9,1,5,3,3,3,0
ENSMUSG00000118680,#N/A,0,0,0,0,0,0,0,0,0,0,0,0
ENSMUSG00000091004,Gm6872,0,1,2,1,0,0,0,0,0,1,1,0
ENSMUSG00000000131,Xpo6,6095,6697,5230,5328,5061,2778,4665,5576,5570,5479,4512,4303
ENSMUSG00000119130,#N/A,0,0,0,0,0,0,0,0,0,0,0,0
ENSMUSG00000092193,Cd9-ps,0,0,0,2,1,3,0,0,2,0,0,0
ENSMUSG00000109712,Gm8667,1,0,0,0,1,0,0,0,0,0,0,0
ENSMUSG00002076102,#N/A,0,0,0,0,0,0,0,0,0,0,0,0
ENSMUSG00000119823,#N/A,0,0,0,0,0,0,0,0,0,0,0,0
ENSMUSG00000092538,Vmn2r-ps55,0,0,0,0,0,0,0,0,0,0,0,0
ENSMUSG00000104618,Mir1839,0,0,0,0,0,0,0,0,0,0,0,0
ENSMUSG00000104453,Gm37829,0,1,2,0,2,5,2,1,2,2,1,2
ENSMUSG00000119047,#N/A,0,0,0,0,0,0,0,0,0,0,0,0
ENSMUSG00000092451,Vmn2r-ps56,0,0,0,0,0,0,0,0,0,0,0,0
ENSMUSG00000119689,#N/A,0,0,0,0,0,0,0,0,0,0,0,0
ENSMUSG00000119347,#N/A,0,0,0,0,0,0,0,0,0,0,0,0
ENSMUSG00000118981,#N/A,0,0,0,0,0,0,0,0,0,0,0,0
ENSMUSG00000119055,#N/A,0,0,0,0,0,0,0,0,0,0,0,0
ENSMUSG00000119504,#N/A,0,0,0,0,0,0,0,0,0,0,0,0
ENSMUSG00000118730,#N/A,0,0,0,0,0,0,0,0,0,0,0,0
ENSMUSG00000119553,#N/A,0,0,0,0,0,0,0,0,0,0,0,0
ENSMUSG00000118916,#N/A,0,0,0,0,0,0,0,0,0,0,0,0
ENSMUSG00000090559,Gm17137,0,0,0,0,1,1,0,0,0,0,0,0
ENSMUSG00000038663,Fsd2,9,13,3,13,14,16,7,21,16,14,11,8
ENSMUSG00000057945,Gm17136,0,0,0,0,0,0,0,0,0,0,0,0
ENSMUSG00000119234,#N/A,0,0,0,0,0,0,0,0,0,0,0,0
ENSMUSG00000118879,#N/A,0,0,0,0,0,0,0,0,0,0,0,0
ENSMUSG00000108676,1700123J17Rik,2,3,5,7,6,8,3,3,2,5,6,7
ENSMUSG00000119095,#N/A,0,0,0,0,0,0,0,0,0,0,0,0
ENSMUSG00000108309,Gm44703,0,0,0,0,0,0,1,0,0,1,0,0
ENSMUSG00000118761,#N/A,0,0,0,0,0,0,0,0,0,0,0,0
ENSMUSG00000090383,Vmn2r58,0,0,0,0,0,0,0,0,0,0,0,0
ENSMUSG00000095349,Gm26097,0,0,0,0,0,0,0,0,0,0,0,0
ENSMUSG00000119091,#N/A,0,0,0,0,0,0,0,0,0,0,0,0
ENSMUSG00000092328,Vmn2r-ps57,0,0,0,0,0,0,0,0,0,0,0,0
ENSMUSG00000119173,#N/A,0,0,0,0,0,0,0,0,0,0,0,0
ENSMUSG00000119841,#N/A,0,0,0,0,0,0,0,0,0,0,0,0
ENSMUSG00000119157,#N/A,0,0,0,0,0,0,0,0,0,0,0,0
ENSMUSG00000119197,#N/A,0,0,0,0,0,0,0,0,0,0,0,0
ENSMUSG00000118984,#N/A,0,0,0,0,0,0,0,0,0,0,0,0
ENSMUSG00000119219,#N/A,0,0,0,0,0,0,0,0,0,0,0,0
ENSMUSG00000119170,#N/A,0,0,0,0,0,0,0,0,0,0,0,0
ENSMUSG00000042978,Sbk1,218,201,145,138,211,72,166,168,207,185,214,213
ENSMUSG00000119254,#N/A,0,0,0,0,0,0,0,0,0,0,0,0
ENSMUSG00000066180,Gm10155,0,0,2,4,0,1,2,0,2,0,1,0
ENSMUSG00000119367,#N/A,0,0,0,0,0,0,0,0,0,0,0,0
ENSMUSG00000092032,Vmn2r59,1,0,0,0,1,1,0,0,0,0,1,0
ENSMUSG00000118696,#N/A,0,0,0,0,0,0,0,0,0,0,0,0
ENSMUSG00000108417,Gm30928,0,0,0,1,0,0,0,1,0,0,0,0
ENSMUSG00000074272,Ceacam1,208,208,223,184,222,272,177,234,159,109,124,96
ENSMUSG00000119352,#N/A,0,0,0,0,0,0,0,0,0,0,0,0
ENSMUSG00000092281,Hmgb1-ps7,0,2,1,1,0,2,3,0,0,1,1,3
ENSMUSG00000119637,#N/A,0,0,0,0,0,0,0,0,0,0,0,0
ENSMUSG00000031078,Cttn,50,40,45,35,28,22,24,27,20,29,20,11
ENSMUSG00000083623,Gm7224,1,0,0,0,1,1,0,0,0,2,1,0
ENSMUSG00000119143,#N/A,0,0,0,0,0,0,0,0,0,0,0,0
ENSMUSG00000119186,#N/A,0,0,0,0,0,0,0,0,0,0,0,0
ENSMUSG00000048574,Ccnb1-ps,2,1,0,2,3,1,3,0,0,1,1,1
ENSMUSG00000119722,#N/A,0,0,0,0,0,0,0,0,0,0,0,0
ENSMUSG00000119700,#N/A,0,0,0,0,0,0,0,0,0,0,0,0
ENSMUSG00000119282,#N/A,0,0,0,0,0,0,0,0,0,0,0,0
ENSMUSG00000056144,Trim34a,47,53,43,56,47,38,61,75,41,47,58,56
ENSMUSG00000085228,Gm14376,0,0,0,0,0,0,0,0,0,0,0,0
ENSMUSG00000119415,#N/A,0,0,0,0,0,0,0,0,0,0,0,0
ENSMUSG00000119326,#N/A,0,0,0,0,0,0,0,0,0,0,0,0
ENSMUSG00000111737,Gm47248,0,0,1,0,0,2,0,0,0,0,0,0
ENSMUSG00000118760,#N/A,0,0,0,0,0,0,0,0,0,0,0,0
ENSMUSG00000119119,#N/A,0,0,0,0,0,0,0,0,0,0,0,0
ENSMUSG00000118941,#N/A,0,0,0,0,0,0,0,0,0,0,0,0
ENSMUSG00000077772,Gm22373,0,0,0,0,0,0,0,0,0,0,0,0
ENSMUSG00000090619,Vmn2r60,0,0,0,0,1,2,0,0,0,0,0,0
ENSMUSG00000045795,Whamm,405,381,322,328,297,191,273,324,340,295,296,304
ENSMUSG00000092257,Gm2308,18,17,17,11,9,0,21,20,15,13,5,5
ENSMUSG00000108562,Gm44519,0,0,0,0,0,0,0,0,0,0,0,0
ENSMUSG00000109428,Gm45698,2,3,3,5,3,3,4,6,2,5,3,0
ENSMUSG00000000948,Gm38393,0,0,0,0,0,1,2,0,3,0,0,0
ENSMUSG00000060441,Trim5,41,40,35,20,21,23,21,34,32,28,44,53
ENSMUSG00000077191,Snord64,0,0,0,0,0,0,0,0,0,0,0,0
ENSMUSG00000088658,Gm24846,0,0,0,0,0,0,0,0,0,0,0,0
ENSMUSG00000089375,Snord107,0,0,0,0,0,0,0,0,0,0,0,0
ENSMUSG00000090967,Vmn2r61,0,0,0,0,0,0,0,0,0,0,0,0
ENSMUSG00000092370,Vmn2r-ps58,0,0,0,0,0,0,0,0,0,0,0,0
ENSMUSG00000092411,Gm5594,0,0,0,0,0,0,0,0,0,0,0,0
ENSMUSG00000092382,Vmn2r-ps59,0,0,0,0,0,0,0,0,0,0,0,0
ENSMUSG00000070621,Vmn2r-ps60,0,0,0,0,0,0,0,0,0,0,0,0
ENSMUSG00000066258,Trim12a,213,236,199,220,139,108,196,202,190,178,175,153
ENSMUSG00000030742,Lat,13738,14852,10441,10946,11091,5466,10757,10885,14122,12013,10402,9679
ENSMUSG00000030463,4933421I07Rik,0,0,0,0,0,0,0,0,0,0,0,0
ENSMUSG00000092301,Gm6887,1,2,0,2,0,0,0,1,0,0,0,1
ENSMUSG00000099017,Mir7058,0,0,0,0,0,0,0,0,0,0,0,0
ENSMUSG00000087175,Gm15133,1,0,2,0,0,0,0,4,0,0,1,0
ENSMUSG00000054385,Ceacam2,1,2,0,1,1,1,1,0,0,0,0,0
ENSMUSG00000092416,Zfp141,307,353,330,262,273,239,223,304,318,328,329,327
ENSMUSG00000108579,Gm29918,0,0,0,0,0,0,0,0,0,0,0,0
ENSMUSG00000092505,Gm19246,0,0,0,0,0,1,0,4,1,1,0,0
ENSMUSG00000090215,Trim34b,2,0,0,1,1,0,0,2,2,1,0,0
ENSMUSG00000108553,Gm38569,0,0,0,0,0,0,0,0,0,0,0,0
ENSMUSG00000108491,Gm44523,0,0,0,0,0,0,0,0,0,0,0,0
ENSMUSG00000108304,Gm4607,1,1,0,0,0,0,0,1,0,1,0,0
ENSMUSG00000102252,Snrpn,2,3,3,1,1,2,5,2,0,2,1,1
ENSMUSG00000108446,Gm44997,0,0,0,0,0,1,0,0,0,0,0,0
ENSMUSG00000102627,Snurf,0,0,0,0,0,0,0,0,0,0,0,0
ENSMUSG00000108937,Gm18908,0,0,0,0,0,0,0,0,0,0,0,0
ENSMUSG00000074261,Erich4,0,0,0,0,0,0,1,0,1,0,0,0
ENSMUSG00000047370,Gm7367,8,3,7,5,4,0,5,11,8,7,3,3
ENSMUSG00000094462,Gm21028,0,0,0,0,0,0,0,0,0,0,0,0
ENSMUSG00000109451,Gm18129,0,0,0,0,0,0,0,0,0,0,0,0
ENSMUSG00000109220,Gm30196,0,0,0,0,0,0,0,0,0,0,0,0
ENSMUSG00000092335,Zfp977,0,0,0,0,0,3,1,0,0,0,0,0
ENSMUSG00002075211,#N/A,0,0,0,0,0,0,0,0,0,0,0,0
ENSMUSG00000109447,Gm3198,0,0,0,0,0,0,0,0,0,0,0,0
ENSMUSG00000109222,Gm10297,0,0,0,0,0,0,0,0,0,0,0,0
ENSMUSG00000109533,Gm7394,0,0,0,0,0,0,0,0,0,0,0,0
ENSMUSG00000109121,Gm44644,0,0,0,0,0,0,0,0,0,0,0,0
ENSMUSG00000074158,Zfp976,34,34,23,16,24,24,16,13,5,19,46,32
ENSMUSG00000108867,Gm44643,0,0,0,0,1,2,0,0,0,1,0,0
ENSMUSG00000069727,Zfp975,14,12,16,19,12,9,10,12,21,18,16,24
ENSMUSG00000068151,A230006K03Rik,0,0,0,0,0,0,0,0,0,0,0,0
ENSMUSG00000108917,Gm38451,0,1,0,0,0,1,1,0,1,1,0,0
ENSMUSG00000109006,B230209E15Rik,0,0,0,0,0,0,0,0,0,0,0,0
ENSMUSG00000059585,Ube2nl,1,1,0,0,0,0,0,0,0,0,2,0
ENSMUSG00000091594,Gm17067,0,0,0,0,0,0,0,0,0,0,0,0
ENSMUSG00000057143,Trim12c,196,242,238,241,182,130,264,285,227,231,219,210
ENSMUSG00000057229,Dmac2,605,699,558,597,480,264,547,603,608,584,478,477
ENSMUSG00002076037,#N/A,0,0,0,0,0,0,0,0,0,0,0,0
ENSMUSG00000092554,Gm18128,0,0,0,0,0,0,0,0,0,0,0,0
ENSMUSG00000092238,Gm6004,0,0,0,0,0,0,0,0,0,0,0,0
ENSMUSG00002074911,#N/A,0,0,0,0,0,0,0,0,0,0,0,0
ENSMUSG00002075976,#N/A,0,0,0,0,0,0,0,0,0,0,0,0
ENSMUSG00000092847,Mir344d-1,0,0,0,0,0,0,0,0,0,0,0,0
ENSMUSG00000119641,#N/A,0,0,0,0,0,0,0,0,0,0,0,0
ENSMUSG00000059479,B3gnt8,2,1,2,1,2,0,2,0,2,0,0,0
ENSMUSG00000091926,Vmn2r62,0,0,0,0,0,0,0,0,0,0,0,0
ENSMUSG00000092225,Gm2381,0,0,0,0,0,0,0,0,0,0,0,0
ENSMUSG00000092191,Gm7211,0,0,0,0,0,0,0,0,0,0,0,0
ENSMUSG00000025813,Homer2,3,1,5,2,3,7,3,2,3,2,5,1
ENSMUSG00000052749,Trim30b,0,0,0,0,0,0,0,2,0,0,0,0
ENSMUSG00000109394,A230057D06Rik,2,1,0,0,0,1,0,0,1,1,0,4
ENSMUSG00002076324,#N/A,0,0,0,0,0,0,0,0,0,0,0,0
ENSMUSG00000109194,Gm44570,1,0,0,0,0,0,0,0,0,0,0,0
ENSMUSG00000078616,Trim30c,1,0,2,2,0,2,2,1,2,0,2,0
ENSMUSG00002076632,#N/A,0,0,0,0,0,0,0,0,0,0,0,0
ENSMUSG00000109519,Gm18806,0,0,0,0,0,0,0,0,0,0,0,0
ENSMUSG00002075860,#N/A,0,0,0,0,0,0,0,0,0,0,0,0
ENSMUSG00000110114,Gm45471,1,0,0,0,0,0,0,0,0,0,0,0
ENSMUSG00000119499,#N/A,0,0,0,0,0,0,0,0,0,0,0,0
ENSMUSG00002076260,#N/A,0,0,0,0,0,0,0,0,0,0,0,0
ENSMUSG00000077869,Mir344e,0,0,0,0,0,0,0,0,0,0,0,0
ENSMUSG00000060376,Bckdha,250,272,216,257,155,38,203,258,288,217,153,195
ENSMUSG00000119021,#N/A,0,0,0,0,0,0,0,0,0,0,0,0
ENSMUSG00000119456,#N/A,0,0,0,0,0,0,0,0,0,0,0,0
ENSMUSG00002075559,#N/A,0,0,0,0,0,0,0,0,0,0,0,0
ENSMUSG00000090751,Vmn2r63,0,0,0,0,1,0,0,0,0,0,0,0
ENSMUSG00000092921,Mir344b,0,0,0,0,0,0,0,0,0,0,0,0
ENSMUSG00000080892,Gm9266,1,0,0,0,0,0,0,0,0,0,0,0
ENSMUSG00000077107,Mir344c,0,0,0,0,0,0,0,0,0,0,0,0
ENSMUSG00000065568,Mir344,0,0,0,0,0,0,0,0,0,0,0,0
ENSMUSG00000038646,Ramac,51,56,54,57,45,32,58,50,68,52,47,48
ENSMUSG00000037519,Ppfia1,2616,2565,2121,2049,1932,1455,1526,2301,2384,2253,2002,1892
ENSMUSG00000109465,Gm19032,0,0,0,0,0,0,0,0,0,0,0,0
ENSMUSG00000044609,Gm9294,3,7,4,4,4,2,1,4,3,4,2,4
ENSMUSG00000030921,Trim30a,742,835,834,895,552,463,732,927,686,711,734,629
ENSMUSG00002076157,#N/A,0,0,0,0,0,0,0,0,0,0,0,0
ENSMUSG00000073778,Faddos,0,0,1,0,1,1,0,0,0,0,0,0
ENSMUSG00000119845,#N/A,0,0,0,0,0,0,0,0,0,0,0,0
ENSMUSG00000109321,A330076H08Rik,0,0,0,0,0,1,0,0,0,0,0,0
ENSMUSG00000031077,Fadd,276,325,226,269,296,158,274,307,319,250,298,260
ENSMUSG00000109178,Gm3257,0,0,0,0,1,0,0,0,0,0,0,0
ENSMUSG00000093187,Mir344-2,0,0,0,0,0,0,0,0,0,0,0,0
ENSMUSG00000092850,Mir344g,0,0,0,0,0,0,0,0,0,0,0,0
ENSMUSG00000077194,Gm23431,0,0,0,0,0,0,0,0,0,0,0,0
ENSMUSG00000093108,Mir344f,0,0,0,0,0,0,0,0,0,0,0,0
ENSMUSG00002076274,#N/A,0,0,0,0,0,0,0,0,0,0,0,0
ENSMUSG00000119672,#N/A,0,0,0,0,0,0,0,0,0,0,0,0
ENSMUSG00000091528,Vmn2r126,0,0,0,0,0,0,0,0,0,0,0,0
ENSMUSG00000030741,Spns1,561,639,520,503,541,147,470,460,512,508,444,478
ENSMUSG00000108666,Gm44538,0,0,0,0,0,0,0,0,0,0,0,0
ENSMUSG00000107181,Gm17768,0,0,0,0,0,0,0,0,0,0,0,0
ENSMUSG00000108492,Rpl18a-ps4,0,0,0,0,0,0,0,0,0,0,0,0
ENSMUSG00000025102,3110040N11Rik,192,233,156,187,255,113,188,188,220,176,269,246
ENSMUSG00000061286,Exosc5,1074,1148,880,1007,1010,365,982,902,1092,922,1009,1038
ENSMUSG00000071952,Gm10351,0,0,0,0,0,0,0,0,0,0,0,0
ENSMUSG00000045813,Gm9801,0,0,0,0,0,1,0,0,0,0,0,0
ENSMUSG00000109485,Gm45016,0,1,0,1,0,1,0,0,1,3,1,0
ENSMUSG00000109427,Gm45845,6,1,1,0,1,1,0,2,1,0,1,2
ENSMUSG00000108986,Gm32061,0,0,0,0,1,2,0,0,0,0,0,0
ENSMUSG00000033585,Ndn,0,0,0,0,0,0,1,2,0,1,0,0
ENSMUSG00000056972,Magel2,0,0,0,0,0,0,0,0,0,0,0,0
ENSMUSG00000064194,Zfp936,0,1,0,0,0,0,0,0,0,0,0,0
ENSMUSG00000030722,Nfatc2ip,286,325,330,282,380,174,335,354,255,253,296,310
ENSMUSG00002075127,#N/A,0,0,0,0,0,0,0,0,0,0,0,0
ENSMUSG00000057596,Trim30d,216,220,169,172,130,72,173,189,150,150,175,159
ENSMUSG00000070527,Mkrn3,0,1,0,0,0,0,0,0,0,1,0,2
ENSMUSG00000108420,Gm45141,2,0,0,1,1,1,0,0,0,0,0,1
ENSMUSG00000082154,Gm16464,6,6,6,9,4,3,0,2,6,3,1,3
ENSMUSG00000070526,Peg12,2,1,0,1,2,0,0,0,3,0,1,0
ENSMUSG00000083248,Gm6574,0,0,0,0,0,0,0,0,0,0,0,0
ENSMUSG00000072460,Atp5l-ps1,0,0,0,0,0,0,0,0,0,0,0,0
ENSMUSG00000061702,Tmem91,12,14,11,8,19,7,12,14,11,11,8,13
ENSMUSG00000108928,Vmn2r-ps61,0,0,0,0,0,0,0,0,0,0,0,0
ENSMUSG00000074887,EU599041,0,0,0,0,0,0,0,0,0,0,0,0
ENSMUSG00000073929,Trim30e-ps1,0,0,0,0,0,0,0,0,0,0,1,0
ENSMUSG00000077683,Gm22494,0,0,0,0,0,0,0,0,0,0,0,0
ENSMUSG00000109204,Gm9445,0,0,0,0,0,0,0,0,0,0,0,0
ENSMUSG00000025103,Btbd1,1128,1023,792,818,875,905,759,925,1137,982,1036,1039
ENSMUSG00000109344,A26c2,0,0,0,0,0,0,0,0,0,0,0,0
ENSMUSG00000073928,Olfr651,0,0,0,0,0,0,0,0,0,0,0,0
ENSMUSG00000109289,Gm32111,0,0,0,0,0,0,0,0,0,0,0,0
ENSMUSG00000066378,Gm10160,0,0,0,0,1,0,0,0,0,0,0,0
ENSMUSG00000063439,B9d2,215,246,185,213,233,97,207,197,280,203,210,215
ENSMUSG00000073927,Olfr652,0,0,0,0,0,0,0,0,0,0,0,0
ENSMUSG00000073926,Olfr653,0,0,0,0,0,1,0,0,0,0,0,0
ENSMUSG00000012640,Zfp715,852,949,743,657,705,532,424,613,732,739,651,673
ENSMUSG00000108300,Gm44539,0,0,0,0,0,0,0,0,0,0,0,0
ENSMUSG00000073925,Olfr654,0,0,0,0,1,1,0,0,0,0,0,0
ENSMUSG00000030525,Chrna7,0,0,0,0,0,0,0,0,0,0,0,0
ENSMUSG00000002603,Tgfb1,15687,16228,11284,12316,11339,5275,12007,13611,13953,12851,10220,9626
ENSMUSG00000109057,Gm44741,0,0,0,0,0,1,0,0,0,0,0,0
ENSMUSG00000097682,4930554H23Rik,0,0,0,0,0,0,0,0,0,0,0,0
ENSMUSG00000051182,Olfr655,0,0,0,0,0,0,0,0,0,0,0,0
ENSMUSG00000030724,Cd19,8,3,0,0,1,1,3,2,1,4,0,1
ENSMUSG00000073924,Olfr656,0,0,0,0,0,0,0,0,0,0,0,0
ENSMUSG00000073923,Olfr657,0,0,0,0,0,0,0,0,0,0,0,0
ENSMUSG00000070421,Olfr658,1,2,0,0,0,0,0,1,0,0,2,0
ENSMUSG00000082084,Usp17le-ps,0,0,0,0,0,0,0,0,0,0,0,0
ENSMUSG00000038623,Tm6sf1,488,568,380,397,195,101,276,423,356,353,228,253
ENSMUSG00000002608,Ccdc97,1226,1210,900,876,918,464,804,971,1013,1026,1075,1003
ENSMUSG00000109110,Gm45014,0,0,1,0,0,0,1,0,0,0,0,0
ENSMUSG00000109243,Gm45867,4,7,7,4,5,4,3,5,4,7,7,6
ENSMUSG00000073922,Olfr659,0,0,0,0,0,0,0,0,0,0,0,0
ENSMUSG00000081694,Olfr660-ps1,0,0,0,0,0,0,0,0,0,0,0,0
ENSMUSG00000033510,Otud7a,2,1,0,1,8,5,1,3,2,2,0,0
ENSMUSG00000073920,Olfr661,0,0,0,0,0,0,0,0,0,0,0,0
ENSMUSG00000081788,Gm5898,6,10,10,13,1,12,4,6,5,6,8,5
ENSMUSG00000109821,Gm6593,0,1,0,1,0,0,0,0,0,1,0,0
ENSMUSG00002074869,#N/A,0,0,0,0,0,0,0,0,0,0,0,0
ENSMUSG00000109832,Olfr662-ps1,0,0,0,0,0,0,0,0,0,0,0,0
ENSMUSG00000093751,Gm3307,0,1,0,0,0,0,1,1,0,0,0,0
ENSMUSG00000108421,Gm44718,0,0,0,0,0,0,0,0,0,0,0,0
ENSMUSG00000109806,Olfr663,0,0,0,0,0,0,0,0,0,0,0,0
ENSMUSG00000108700,Gm7482,1,0,0,0,0,2,1,0,0,0,0,0
ENSMUSG00000108629,Gm44720,0,0,0,0,0,0,0,0,0,0,0,0
ENSMUSG00000051885,Olfr664,0,0,0,0,0,0,0,0,0,0,0,0
ENSMUSG00000043073,Usp17le,0,0,0,0,0,0,0,0,0,0,0,0
ENSMUSG00000052040,Klf13,4140,4146,3793,3899,2948,1018,3322,3822,3774,3684,2262,2225
ENSMUSG00000086229,Gm4887,3,3,3,7,4,2,0,2,6,3,3,3
ENSMUSG00000098708,Gm27252,0,0,0,0,0,0,0,0,0,0,0,1
ENSMUSG00000062369,Usp17lb,0,0,0,0,0,0,0,0,0,0,0,0
ENSMUSG00000095061,E030018B13Rik,0,0,0,0,0,0,0,0,0,0,0,0
ENSMUSG00000108418,Gm44627,0,0,0,0,0,3,0,0,0,0,0,0
ENSMUSG00000108313,Gm45052,0,1,0,0,0,0,0,0,0,0,0,0
ENSMUSG00000039013,Siglecf,892,933,695,762,498,294,545,546,831,784,278,281
ENSMUSG00000025104,Hdgfl3,805,750,820,762,739,652,738,946,848,786,973,841
ENSMUSG00000054568,Usp17la,0,0,0,0,0,5,0,0,0,0,0,0
ENSMUSG00000070606,Gm10298,0,0,0,0,0,0,0,0,0,0,0,0
ENSMUSG00000109090,Gm45088,0,1,0,0,0,2,0,0,2,3,0,1
ENSMUSG00000108393,Gm32633,10,15,10,9,10,8,5,4,10,9,6,9
ENSMUSG00002076387,#N/A,0,0,0,0,0,0,0,0,0,0,0,0
ENSMUSG00000109641,Gm45556,0,0,0,0,0,0,0,0,0,0,0,0
ENSMUSG00000108775,Gm44540,0,0,0,0,0,0,0,0,0,0,0,0
ENSMUSG00000108469,Gm45054,0,0,0,0,0,1,0,0,0,0,0,0
ENSMUSG00000108620,Gm20670,0,0,0,0,0,0,0,0,0,0,0,0
ENSMUSG00000073917,Olfr665,0,0,0,0,0,0,0,0,0,0,0,0
ENSMUSG00000025105,Bnc1,0,0,0,0,0,2,0,0,0,0,1,0
ENSMUSG00000052779,4833418N17Rik,0,0,0,0,0,0,0,0,0,0,0,0
ENSMUSG00000109145,Gm20744,0,0,0,0,0,0,0,0,0,0,0,0
ENSMUSG00000063582,Olfr666,0,0,0,0,0,0,0,0,0,0,0,0
ENSMUSG00000108987,Gm45056,0,0,0,0,0,0,0,0,0,0,0,0
ENSMUSG00000108868,Gm32850,0,0,0,0,0,0,0,0,0,0,0,0
ENSMUSG00000108845,Gm45090,0,0,0,0,0,0,0,0,0,0,0,0
ENSMUSG00000109734,Gm45272,0,0,0,0,0,0,0,0,0,0,0,0
ENSMUSG00000109140,Gm45089,0,0,0,0,0,0,0,0,0,0,0,0
ENSMUSG00000110330,Gm45275,0,0,0,0,0,0,0,0,0,0,0,0
ENSMUSG00000056782,Olfr667,0,0,0,0,0,0,0,0,0,0,0,0
ENSMUSG00000030727,Rabep2,610,662,527,494,463,226,475,586,647,527,553,499
ENSMUSG00000057770,Olfr668,0,0,0,0,0,0,0,0,0,0,0,0
ENSMUSG00000030468,Siglecg,64,74,61,86,98,39,78,71,92,103,84,80
ENSMUSG00000073916,Olfr669,0,0,0,0,0,0,0,0,0,0,0,0
ENSMUSG00000110284,Gm45273,0,0,0,0,0,0,0,0,0,0,0,0
ENSMUSG00000094685,Gm5900,11,2,6,6,4,3,2,6,2,3,3,5
ENSMUSG00000093639,Lim2,0,0,0,0,0,0,0,0,0,0,0,0
ENSMUSG00000044705,Olfr670,0,0,0,0,0,0,0,0,0,0,0,0
ENSMUSG00000118553,AC149091.1,0,0,0,0,0,0,0,0,0,0,0,0
ENSMUSG00000094531,Olfr671,0,0,0,0,0,1,0,0,0,0,0,0
ENSMUSG00000051172,Olfr672,0,0,0,0,0,0,0,0,0,0,0,0
ENSMUSG00000118560,Lim2,0,0,0,0,0,0,0,0,0,0,0,0
ENSMUSG00000110041,Olfr673-ps1,0,0,0,0,0,0,0,0,0,0,0,0
ENSMUSG00000109671,Olfr674-ps1,0,0,0,0,0,0,0,0,0,0,0,0
ENSMUSG00000096773,Olfr675,0,0,0,0,0,0,0,0,0,0,0,0
ENSMUSG00000040725,Hnrnpul1,8825,8836,6850,6828,6802,5027,5769,7874,8350,7874,7761,7021
ENSMUSG00000073915,Olfr676,0,0,0,0,0,0,0,0,0,0,0,0
ENSMUSG00000073914,Olfr677,0,0,0,0,0,0,0,0,0,0,0,0
ENSMUSG00000109676,Gm8913,0,0,0,0,0,0,0,0,0,0,0,0
ENSMUSG00000030730,Atp2a1,5,3,5,3,0,1,5,2,1,3,1,1
ENSMUSG00000004612,Nkg7,10622,12900,9032,9702,9182,2775,7901,6370,10198,8801,6854,6604
ENSMUSG00000073913,Olfr678,0,0,0,0,0,0,0,0,0,0,0,0
ENSMUSG00000109972,Gm17989,0,0,0,0,0,0,0,0,0,0,0,0
ENSMUSG00000110293,Gm45557,0,0,0,0,0,0,0,0,0,0,0,0
ENSMUSG00000096029,Olfr679,0,0,0,0,0,0,0,0,0,0,0,1
ENSMUSG00000030638,Sh3gl3,74,79,64,55,59,35,73,71,92,62,64,64
ENSMUSG00000041885,Olfr680-ps1,0,0,0,0,0,0,0,0,0,0,0,0
ENSMUSG00000110117,Gm17990,0,0,0,0,0,0,0,0,0,0,0,0
ENSMUSG00000038973,Cldnd2,121,137,146,145,85,44,67,87,108,95,74,83
ENSMUSG00000109742,Gm45558,0,0,0,0,0,0,0,0,0,0,0,0
ENSMUSG00000095248,Olfr681,0,0,0,0,0,0,0,0,0,0,0,0
ENSMUSG00000059768,Olfr682-ps1,0,0,0,0,0,0,0,0,0,0,0,0
ENSMUSG00000044120,Olfr683,0,0,0,0,0,0,0,0,0,0,0,0
ENSMUSG00000109918,Gm45374,0,0,0,0,0,0,0,0,0,0,0,0
ENSMUSG00000047225,Olfr684,0,0,0,0,0,0,0,0,0,0,0,0
ENSMUSG00000070469,Adamtsl3,4,3,1,3,2,8,4,3,1,1,7,1
ENSMUSG00000047794,Olfr685,0,0,0,0,0,0,0,0,0,0,0,0
ENSMUSG00000109479,Gm44919,0,0,0,0,0,0,0,0,0,0,0,0
ENSMUSG00000004610,Etfb,271,323,249,256,246,92,287,232,266,255,203,197
ENSMUSG00000048425,Olfr686,0,0,0,0,0,0,0,0,0,0,0,0
ENSMUSG00000073908,Olfr687,0,0,0,0,0,0,0,0,0,0,0,0
ENSMUSG00000073909,Olfr688,0,0,0,0,0,0,0,0,0,0,0,0
ENSMUSG00000038570,Saxo2,3,4,4,7,0,4,6,4,4,2,2,4
ENSMUSG00000073907,Olfr689,0,0,0,0,0,1,0,0,0,0,1,0
ENSMUSG00000107482,Etfbl,0,0,0,0,0,0,0,0,0,0,0,0
ENSMUSG00000108618,Gm44816,17,22,26,22,11,11,5,18,18,21,32,19
ENSMUSG00000110265,Gm45331,0,0,0,0,0,0,0,0,0,0,0,0
ENSMUSG00000099210,Mir7051,1,2,2,0,1,0,0,4,0,4,1,2
ENSMUSG00000050266,Olfr690,0,0,0,0,0,0,0,0,0,0,0,0
ENSMUSG00000043948,Olfr691,0,0,0,0,0,0,0,0,0,0,0,0
ENSMUSG00000002602,Axl,4910,5158,3326,3450,3194,1307,2774,3518,4402,4292,2640,2590
ENSMUSG00000031075,Ano1,39,36,40,55,17,6,20,22,7,9,5,8
ENSMUSG00000073906,Olfr692,0,0,0,0,0,0,0,0,0,0,0,0
ENSMUSG00000108767,Gm29763,0,0,0,0,0,0,0,0,0,0,0,0
ENSMUSG00000108851,Gm44930,0,0,0,0,0,3,0,0,0,0,0,0
ENSMUSG00000070604,Vsig10l,146,186,127,127,100,72,93,137,160,177,119,109
ENSMUSG00000103394,Gm10152,0,0,0,0,0,0,0,0,0,0,0,0
ENSMUSG00000109009,Gm44929,0,0,0,0,0,0,0,0,0,0,0,0
ENSMUSG00000109442,Gm34964,0,0,0,0,0,0,0,0,0,0,0,0
ENSMUSG00000108874,Gm9711,0,0,2,0,0,0,0,0,0,0,0,0
ENSMUSG00000013367,Iglon5,24,29,17,14,10,10,6,17,20,12,9,16
ENSMUSG00000031074,Fgf3,0,0,0,0,0,0,0,0,0,0,0,0
ENSMUSG00000040703,Cyp2s1,64,49,27,43,22,14,18,28,39,34,24,14
ENSMUSG00000050917,Fgf4,0,0,0,0,0,0,0,0,0,0,1,0
ENSMUSG00000108691,Gm45226,0,0,0,0,0,0,0,0,0,0,0,0
ENSMUSG00000096999,Gm26793,0,0,0,0,0,0,0,0,0,0,0,0
ENSMUSG00000097017,Gm26707,0,0,4,2,1,1,0,2,2,0,0,1
ENSMUSG00000090467,Gm4613,0,0,0,0,0,0,0,0,0,0,1,2
ENSMUSG00002075384,#N/A,0,0,0,0,0,0,0,0,0,0,0,0
ENSMUSG00000108415,Gm30146,0,0,0,0,0,0,0,0,0,0,0,0
ENSMUSG00000092999,Gm23921,0,0,0,0,0,0,0,0,0,0,0,0
ENSMUSG00000108809,Gm45228,0,0,0,0,0,0,0,0,0,0,0,0
ENSMUSG00000091233,Gm6434,0,1,0,0,0,0,0,0,0,0,0,0
ENSMUSG00000038563,Efl1,1189,1157,939,936,947,673,747,1008,1039,1041,1129,1013
ENSMUSG00000031073,Fgf15,0,0,0,1,0,0,0,0,0,0,0,0
ENSMUSG00000108855,Gm44917,0,0,1,0,0,0,0,0,0,0,0,0
ENSMUSG00000108977,Gm39119,0,0,0,0,0,0,0,0,0,0,0,0
ENSMUSG00000115783,Bc1,379,1136,1204,1587,1117,265,1124,1666,629,562,1061,579
ENSMUSG00000108991,Gm45807,3,2,2,0,2,2,5,7,2,1,3,6
ENSMUSG00000108984,Gm44916,15,9,5,13,7,9,11,12,6,6,12,13
ENSMUSG00000086690,4933406J10Rik,0,0,0,0,0,0,0,0,0,0,0,0
ENSMUSG00002076035,#N/A,0,0,0,0,0,0,0,0,0,0,0,0
ENSMUSG00000030636,1700010L04Rik,0,0,0,0,0,0,0,0,0,0,0,0
ENSMUSG00000109383,Gm36584,0,2,0,1,1,0,1,2,0,0,0,0
ENSMUSG00000057706,Mex3b,98,103,81,95,108,58,78,110,86,95,92,76
ENSMUSG00000109106,4933430H16Rik,0,0,0,0,0,0,0,0,0,0,0,0
ENSMUSG00000109541,Gm6112,0,0,0,2,1,0,1,0,1,0,0,0
ENSMUSG00000077149,Gm22934,0,0,0,0,0,0,0,0,0,0,0,0
ENSMUSG00000030483,Cyp2b10,0,0,0,0,0,0,0,0,0,0,0,0
ENSMUSG00000108552,Gm45227,0,0,0,0,0,0,0,0,0,0,0,0
ENSMUSG00000013353,4931406B18Rik,0,0,0,1,5,14,1,2,1,0,0,1
ENSMUSG00000053528,A530021J07Rik,0,0,1,0,0,0,0,0,0,1,0,0
ENSMUSG00000108589,Gm45225,0,0,0,0,0,0,0,0,0,0,0,0
ENSMUSG00000108861,5930435M05Rik,0,0,0,0,0,3,0,0,0,0,0,0
ENSMUSG00000108438,Gm9278,0,1,0,0,0,0,0,0,0,1,0,0
ENSMUSG00000109335,Gm44845,0,0,0,0,0,0,0,0,0,0,0,0
ENSMUSG00000109506,Gm44724,0,0,0,0,0,11,0,0,0,0,0,0
ENSMUSG00000108695,Gm2511,0,0,0,0,0,0,0,0,0,0,0,0
ENSMUSG00000031072,LTO1,180,231,200,217,219,104,193,176,212,175,180,187
ENSMUSG00000108606,Cyp2b27-ps,0,0,0,0,0,0,0,0,0,0,0,0
ENSMUSG00000109013,Gm44723,0,0,0,0,0,0,0,0,0,0,0,0
ENSMUSG00000108831,Gm7957,0,0,0,0,0,0,0,0,0,0,0,0
ENSMUSG00000108413,BC026762,0,0,0,0,0,0,0,0,0,0,0,0
ENSMUSG00000109042,Gm44991,0,0,0,0,0,0,0,0,0,0,0,0
ENSMUSG00000094841,Gm10610,0,0,0,0,0,0,0,0,0,0,0,0
ENSMUSG00000040583,Cyp2b13,0,0,0,0,0,0,0,0,0,0,0,0
ENSMUSG00000101800,Rnf170-ps,0,0,0,0,0,0,0,1,0,1,0,0
ENSMUSG00000108342,Gm29920,0,0,0,0,0,0,0,0,0,0,0,0
ENSMUSG00000070348,Ccnd1,138,123,78,86,52,23,51,60,67,49,36,45
ENSMUSG00000108544,Cyp2b26-ps,0,0,0,0,0,0,0,0,0,0,0,0
ENSMUSG00000108967,Gm45181,0,0,0,0,0,0,0,0,0,0,0,0
ENSMUSG00000040660,Cyp2b9,0,0,0,0,0,0,0,0,0,0,0,0
ENSMUSG00000092464,Gm8902,0,6,1,1,0,1,1,0,0,0,0,0
ENSMUSG00000092514,Vmn1r-ps86,0,0,0,0,0,0,0,0,0,0,0,0
ENSMUSG00000030733,Sh2b1,1221,1165,821,846,1031,337,729,851,1036,872,1220,1122
ENSMUSG00000046130,Vmn1r184,0,0,0,0,0,0,0,0,0,0,0,0
ENSMUSG00000108698,Gm44964,0,0,0,0,0,0,0,0,0,0,0,0
ENSMUSG00000004609,Cd33,55,56,32,46,17,13,27,36,23,42,3,7
ENSMUSG00000108431,Gm42375,0,0,0,0,0,0,0,0,0,0,0,0
ENSMUSG00000108411,Gm44818,0,0,0,0,0,0,0,0,0,0,0,0
ENSMUSG00000056592,Zfp658,68,62,43,26,26,29,33,36,37,46,42,37
ENSMUSG00000074254,Cyp2a4,0,0,0,0,0,0,0,0,0,0,0,0
ENSMUSG00000030469,Zfp719,274,346,249,250,316,222,190,228,235,301,323,375
ENSMUSG00000100468,Tmem167-ps1,0,0,0,0,0,0,0,0,0,0,0,0
ENSMUSG00000082586,Sult2a-ps1,0,0,0,0,0,0,0,0,0,0,0,0
ENSMUSG00000055102,Zfp819,1,0,0,1,0,0,0,0,0,0,0,0
ENSMUSG00000070811,Sult2a2,0,0,0,0,0,0,0,0,0,0,0,0
ENSMUSG00000099901,Zbed4-ps2,0,0,0,0,0,0,0,0,0,0,0,0
ENSMUSG00000030472,Ceacam18,0,0,0,0,0,0,0,0,0,0,0,0
ENSMUSG00000038540,Tmc3,5,0,1,2,1,0,2,0,1,0,0,0
ENSMUSG00000040614,Nlrp9c,0,0,0,0,0,4,0,0,0,0,2,0
ENSMUSG00000087088,Gm16638,0,4,3,12,4,7,2,3,6,3,3,4
ENSMUSG00000078798,Sult2a1,0,0,0,0,0,0,0,0,0,0,0,0
ENSMUSG00000100660,Kat6b-ps2,0,0,0,0,0,0,0,0,0,0,0,0
ENSMUSG00000073838,Tufm,214,263,176,194,227,88,173,194,236,215,251,244
ENSMUSG00000081982,Sult2a-ps2,0,0,0,0,0,0,0,0,0,0,0,0
ENSMUSG00000100566,Tmem167-ps2,0,0,0,0,0,0,0,0,0,0,0,0
ENSMUSG00000030474,Siglece,1,0,1,1,6,1,5,1,2,1,2,3
ENSMUSG00000108783,Gm36546,0,0,0,0,4,1,0,1,0,0,0,0
ENSMUSG00000074377,Sult2a4,0,0,0,0,0,0,0,0,0,0,0,0
ENSMUSG00000038888,Ctu1,394,466,345,362,364,110,357,306,382,363,327,317
ENSMUSG00000099596,Zbed4-ps3,0,0,0,0,0,0,0,0,0,0,0,0
ENSMUSG00000099744,Tmem167-ps3,0,0,0,0,0,0,0,0,0,0,0,0
ENSMUSG00000046027,Stard5,134,150,107,131,129,50,127,116,111,86,113,135
ENSMUSG00000044737,Klk14,0,0,0,0,0,0,1,1,0,0,0,0
ENSMUSG00000108825,Gm45838,9,13,9,12,12,5,6,8,15,11,11,11
ENSMUSG00000108734,Gm44817,0,0,0,0,0,0,0,0,0,0,0,0
ENSMUSG00000074375,Sult2a3,0,0,0,0,0,0,0,0,0,0,0,0
ENSMUSG00000040601,Nlrp4a,0,0,0,0,0,0,0,0,0,0,0,0
ENSMUSG00000084102,Sult2a-ps3,0,0,0,0,0,0,0,0,0,0,0,0
ENSMUSG00002075792,#N/A,0,0,0,0,0,0,0,0,0,0,0,0
ENSMUSG00000080705,Sult2a-ps4,0,0,0,0,0,0,0,0,0,0,0,0
ENSMUSG00000100378,Rpap3-ps1,0,0,0,0,0,0,0,0,0,0,0,0
ENSMUSG00000097178,2310002F09Rik,5,3,1,1,7,0,3,5,7,4,0,6
ENSMUSG00000070810,Sult2a6,0,0,0,0,0,0,0,0,0,0,0,0
ENSMUSG00000098354,Rpap3-ps2,0,0,0,0,0,0,0,0,0,0,0,0
ENSMUSG00000098506,Phf20-ps,0,0,0,0,1,0,0,0,0,0,0,1
ENSMUSG00000054046,Klk13,0,0,0,0,0,0,0,0,0,0,0,1
ENSMUSG00000099216,Obox8,0,0,0,0,0,0,0,0,0,0,0,0
ENSMUSG00000108588,Gm44814,0,0,0,0,0,0,0,0,0,0,0,0
ENSMUSG00000098782,Mrps36-ps3,0,0,0,0,0,0,0,0,0,0,0,0
ENSMUSG00000107673,Crs-ps,0,0,0,0,0,0,0,0,0,0,0,0
ENSMUSG00000044465,Fam160a2,238,292,275,242,305,164,247,339,245,227,275,250
ENSMUSG00000044430,Klk12,0,0,0,0,0,0,0,0,0,0,0,0
ENSMUSG00000078611,Gm5901,0,0,0,0,0,0,0,0,0,0,0,0
ENSMUSG00000001741,Il16,407,550,516,578,464,219,567,625,613,547,556,525
ENSMUSG00000110366,Gm45885,0,0,0,1,0,2,0,0,0,0,0,0
ENSMUSG00000085080,2310044K18Rik,0,0,0,1,0,0,1,0,0,0,0,0
ENSMUSG00000109290,Phgdh-ps1,0,0,1,0,0,0,0,0,0,1,1,0
ENSMUSG00000063902,Gm7964,145,221,157,131,140,43,125,133,148,124,149,124
ENSMUSG00000030897,Cnga4,0,0,0,0,0,0,0,0,0,0,0,0
ENSMUSG00000109609,Gm4972,9,13,7,15,8,8,2,8,2,2,3,10
ENSMUSG00000067616,Klk11,0,0,0,0,0,0,0,0,0,0,0,0
ENSMUSG00000011154,Cfap161,0,0,0,0,0,2,0,0,0,0,0,0
ENSMUSG00000054102,Nlrp9a,0,0,0,0,1,3,0,0,0,0,0,0
ENSMUSG00000109248,Gm44993,0,0,0,0,0,0,0,0,0,0,0,0
ENSMUSG00000109450,Gm39043,0,0,0,0,0,0,0,0,0,0,0,0
ENSMUSG00000109163,3110009M11Rik,0,0,0,0,0,0,0,0,0,0,0,0
ENSMUSG00000109552,Gm44531,0,0,0,0,0,0,0,0,0,0,0,0
ENSMUSG00000032637,Atxn2l,7535,7267,5845,5747,5663,3431,4816,6495,6397,5689,6467,6144
ENSMUSG00000109452,Gm44530,0,0,0,0,0,1,0,0,0,0,0,0
ENSMUSG00000030693,Klk10,0,5,1,1,0,0,1,3,0,0,0,1
ENSMUSG00000030378,Sult2a8,0,0,0,0,0,0,0,0,0,0,0,0
ENSMUSG00000070462,Tlnrd1,770,835,692,769,775,219,727,804,801,753,608,638
ENSMUSG00000047884,Klk9,1,3,4,0,0,0,0,0,0,0,0,0
ENSMUSG00000091924,Vmn1r185,0,0,0,1,0,0,0,0,0,0,0,0
ENSMUSG00000038503,Mesd,1047,1218,957,976,885,666,944,1030,1000,924,942,827
ENSMUSG00000094156,Sult2a7,0,0,0,0,0,0,0,0,0,0,0,0
ENSMUSG00000118648,#N/A,0,0,0,0,0,0,0,0,0,0,0,0
ENSMUSG00000098290,Obox4-ps1,0,0,0,0,0,0,0,0,0,0,0,0
ENSMUSG00000108878,Gm49493,18,27,20,21,13,9,11,20,14,25,10,13
ENSMUSG00000098741,Obox4-ps2,0,0,0,0,0,0,0,0,0,0,0,0
ENSMUSG00000030738,Eif3c,14411,15658,13294,14180,13575,9623,11295,13767,14394,13051,13022,11563
ENSMUSG00000030898,Cckbr,6,5,0,2,4,4,1,5,1,2,0,1
ENSMUSG00000064023,Klk8,665,887,383,450,363,152,566,527,592,479,369,339
ENSMUSG00000084453,Gm24596,0,3,0,0,0,1,0,0,0,0,2,1
ENSMUSG00000040650,Cyp2b23,0,0,0,0,0,0,0,0,0,0,0,0
ENSMUSG00000065341,Gm25579,0,0,0,0,0,0,0,0,0,0,0,0
ENSMUSG00000108692,Gm45034,0,0,0,0,0,0,0,0,0,0,1,0
ENSMUSG00000030523,Trpm1,7,2,2,2,5,7,3,2,11,7,11,4
ENSMUSG00000037060,Cavin3,338,317,176,213,152,64,127,117,166,149,117,124
ENSMUSG00000109735,Gm45667,1,0,1,0,0,0,1,0,1,0,0,0
ENSMUSG00000030713,Klk7,1,2,5,1,2,0,1,0,2,0,3,2
ENSMUSG00000108645,Gm44722,0,0,0,0,0,0,0,0,0,0,0,0
ENSMUSG00000037049,Smpd1,199,172,102,125,115,46,124,135,153,115,129,127
ENSMUSG00000065585,Mir211,0,0,0,0,1,0,0,0,0,0,0,0
ENSMUSG00000108770,Gm44719,0,0,0,0,0,0,0,0,0,0,0,0
ENSMUSG00000098910,Mir6416,0,0,0,0,0,0,0,0,0,0,0,0
ENSMUSG00000066704,Cyp2b19,0,0,0,0,0,0,0,0,0,0,0,0
ENSMUSG00000108422,Gm44765,0,0,0,0,0,0,0,0,0,0,0,0
ENSMUSG00000048677,Tpcn2,120,177,132,143,107,52,145,144,149,162,115,107
ENSMUSG00000108472,Gm45212,1,1,2,1,0,3,4,2,0,1,0,3
ENSMUSG00000041596,Nlrp5-ps,0,0,0,0,0,0,0,0,0,0,0,0
ENSMUSG00000099242,Obox4-ps3,0,0,0,0,0,0,0,0,0,0,0,0
ENSMUSG00000049685,Cyp2g1,0,0,0,0,0,0,0,0,0,0,0,0
ENSMUSG00000109305,Smim38,0,3,0,0,0,0,0,0,0,0,0,0
ENSMUSG00000100586,Vmn1r90,0,0,0,0,0,0,0,0,0,0,0,0
ENSMUSG00000099055,Zfp-ps,0,0,0,0,0,1,0,0,0,0,0,0
ENSMUSG00000098520,Ranbp2-ps1,0,0,0,0,0,1,0,0,0,0,0,0
ENSMUSG00000031070,Mrgprf,0,0,0,0,0,0,0,0,0,0,0,0
ENSMUSG00000093773,Obox3-ps7,0,0,0,0,0,0,0,0,0,0,0,0
ENSMUSG00000050063,Klk6,0,0,0,0,0,0,0,0,0,0,0,0
ENSMUSG00000051207,Mrgprd,0,0,0,0,0,0,0,0,0,0,0,0
ENSMUSG00000074155,Klk5,0,0,0,0,0,0,0,0,0,0,0,0
ENSMUSG00000108781,Gm44707,0,0,0,0,1,1,0,0,0,0,0,0
ENSMUSG00000108527,Gm45173,0,0,0,0,0,0,0,0,0,0,0,0
ENSMUSG00000005547,Cyp2a5,0,0,0,0,0,0,0,0,0,0,0,0
ENSMUSG00000055942,Obox7,0,0,0,0,0,0,0,0,0,0,2,0
ENSMUSG00000006948,Klk4,0,0,0,0,0,2,0,0,0,0,0,0
ENSMUSG00000093665,Obox3-ps1,0,0,0,0,0,0,0,0,0,0,0,0
ENSMUSG00000105566,Obox4-ps4,0,0,0,0,0,0,0,0,0,0,0,0
ENSMUSG00000108444,Klk2-ps,0,0,0,0,0,0,0,0,0,0,0,0
ENSMUSG00000098330,Gtpbp4-ps1,0,0,0,0,0,0,0,0,0,0,0,0
ENSMUSG00000098508,Ranbp2-ps2,0,0,0,0,0,0,0,0,0,0,0,0
ENSMUSG00000108487,Cyp2a21-ps,0,0,0,0,0,0,0,0,0,0,0,0
ENSMUSG00000030522,Mtmr10,162,143,123,124,125,92,113,123,125,133,135,126
ENSMUSG00000093549,Obox4-ps36,0,0,0,0,0,0,0,0,0,0,0,0
ENSMUSG00000108731,Api5-ps,0,0,0,0,0,4,0,0,0,0,0,0
ENSMUSG00000093664,Obox4-ps37,0,0,0,0,0,0,0,0,0,0,0,0
ENSMUSG00000064977,Gm26056,0,0,0,0,0,0,0,0,0,0,0,0
ENSMUSG00000092187,Gm20457,23,17,9,8,11,2,13,11,21,14,15,9
ENSMUSG00000093584,Obox3-ps2,0,0,0,0,0,1,0,0,0,0,0,0
ENSMUSG00000106552,Obox4-ps5,0,0,0,0,0,0,0,0,0,0,0,0
ENSMUSG00000055193,Klk15,0,0,0,0,0,0,0,0,0,0,0,1
ENSMUSG00000098309,Gtpbp4-ps2,0,0,0,0,0,0,0,0,0,0,0,0
ENSMUSG00000098564,Ranbp2-ps3,0,0,0,0,0,0,0,0,0,0,0,0
ENSMUSG00000108432,Gm44756,0,0,0,0,0,0,0,0,0,0,0,0
ENSMUSG00000093736,Obox4-ps38,0,0,0,0,0,0,0,0,0,0,0,0
ENSMUSG00000099198,Obox4-ps39,0,0,0,0,0,0,0,0,0,0,0,0
ENSMUSG00000098469,Ranbp2-ps4,0,0,0,0,0,0,0,0,0,0,0,0
ENSMUSG00000091867,Cyp2a22,0,0,0,0,0,0,0,0,0,0,1,0
ENSMUSG00000052353,Cemip,0,0,2,1,0,0,1,1,0,0,0,0
ENSMUSG00000094555,Obox4-ps6,0,0,0,0,0,0,0,0,0,0,0,0
ENSMUSG00000119510,#N/A,0,0,0,0,0,0,0,0,0,0,0,0
ENSMUSG00000093509,Obox3-ps3,0,0,0,0,0,0,0,0,0,0,0,0
ENSMUSG00000060161,Klk1b7-ps,0,0,0,0,0,0,0,0,0,0,0,0
ENSMUSG00000105505,Obox4-ps7,0,0,0,0,0,0,0,0,0,0,0,0
ENSMUSG00000108323,Gm44945,0,0,0,0,0,0,0,0,0,0,0,0
ENSMUSG00000099056,Gtpbp4-ps3,0,0,0,0,0,0,0,0,0,0,0,0
ENSMUSG00000099087,Ranbp2-ps5,0,0,0,0,0,0,0,0,0,0,0,0
ENSMUSG00000093567,Obox4-ps8,0,0,1,0,0,0,0,0,0,0,0,0
ENSMUSG00000093707,Obox4-ps9,0,0,0,0,0,0,0,0,0,0,0,0
ENSMUSG00000060407,Cyp2a12,0,0,0,0,0,0,0,0,0,0,0,0
ENSMUSG00000093770,Obox3-ps4,0,0,0,0,0,1,0,0,0,0,0,0
ENSMUSG00000033458,Fan1,142,162,124,99,141,64,88,142,135,133,140,162
ENSMUSG00000063089,Klk1b8,0,0,0,0,0,0,0,0,0,0,0,0
ENSMUSG00000105094,Obox4-ps10,0,0,0,0,0,0,0,0,0,0,0,0
ENSMUSG00000108637,Gm4290,0,0,0,0,0,0,0,0,0,0,0,0
ENSMUSG00000038459,Abhd17c,2872,2971,2447,2360,1956,1042,2257,2368,2682,2405,1959,1939
ENSMUSG00000098382,Gtpbp4-ps4,0,0,0,0,0,0,0,0,0,0,0,0
ENSMUSG00000118450,Gm50480,0,0,0,0,0,0,0,0,0,0,0,0
ENSMUSG00000099298,Ranbp2-ps6,0,1,0,0,0,0,0,0,0,0,0,0
ENSMUSG00000108651,Klk1b2-ps,0,0,0,0,0,1,0,0,0,0,0,0
ENSMUSG00000108682,Gm29754,0,0,0,0,0,0,0,0,0,0,0,0
ENSMUSG00000094416,Obox4-ps11,0,0,0,0,0,0,0,0,0,0,0,0
ENSMUSG00000095952,Obox4-ps12,0,0,0,0,0,0,0,0,0,0,0,0
ENSMUSG00000097016,Gm26708,0,1,1,1,2,1,4,3,1,6,0,0
ENSMUSG00000092743,Gm22177,0,0,0,0,0,0,0,0,0,0,0,0
ENSMUSG00000109381,Gm44826,0,0,0,0,0,0,0,0,0,0,0,0
ENSMUSG00000095974,Obox4-ps13,0,0,0,0,0,0,0,0,0,0,0,0
ENSMUSG00000109091,Gm44827,0,0,0,0,0,0,0,0,0,0,0,0
ENSMUSG00000093623,Obox4-ps14,0,0,0,0,0,0,0,0,0,0,0,0
ENSMUSG00000096414,Obox4-ps15,0,0,0,0,0,0,0,0,0,0,0,0
ENSMUSG00000094412,Obox4-ps16,0,0,0,0,0,0,0,0,0,0,0,0
ENSMUSG00000063133,Klk1b1,0,0,0,0,0,0,0,0,0,0,0,0
ENSMUSG00000093961,Obox4-ps17,0,0,0,0,0,0,0,0,0,0,0,0
ENSMUSG00000108746,Gm45198,0,0,0,0,0,0,0,0,0,0,0,0
ENSMUSG00000030521,Mphosph10,3190,3487,2635,2943,3007,3318,2725,3146,3177,3051,3345,2791
ENSMUSG00000094967,Obox4-ps18,0,0,0,0,0,0,0,0,0,0,0,0
ENSMUSG00000093940,Obox4-ps19,0,0,0,0,0,0,0,0,0,0,0,0
ENSMUSG00000096797,Obox4-ps20,0,0,0,0,0,0,0,0,0,0,0,0
ENSMUSG00000095922,Obox4-ps21,0,0,0,0,0,0,0,0,0,0,0,0
ENSMUSG00000094243,Obox4-ps22,0,0,0,0,0,0,0,0,0,0,0,0
ENSMUSG00000052974,Cyp2f2,0,0,0,0,0,0,0,0,0,0,0,0
ENSMUSG00000096439,Obox4-ps23,0,0,0,0,0,0,0,0,0,0,0,0
ENSMUSG00000059042,Klk1b9,3,1,0,0,1,1,1,3,1,2,1,1
ENSMUSG00000098404,Mrip-ps,1,1,0,0,0,0,0,0,1,6,0,0
ENSMUSG00000086868,Gm15883,0,0,0,0,0,1,0,0,0,0,1,0
ENSMUSG00000033429,Mcee,36,35,33,30,54,24,39,55,40,30,28,38
ENSMUSG00000108730,Gm45135,0,0,0,0,0,0,0,0,0,0,0,0
ENSMUSG00000108306,Gm44640,1,5,7,3,9,3,8,4,0,6,2,7
ENSMUSG00000093727,Obox3-ps5,0,0,0,0,0,0,0,0,0,0,0,0
ENSMUSG00000106582,Obox4-ps24,0,0,0,0,0,0,0,0,0,0,0,0
ENSMUSG00000108602,Klk1b10-ps,0,0,0,0,0,1,0,0,0,0,0,0
ENSMUSG00000098561,Gtpbp4-ps5,0,0,0,0,0,0,0,0,0,0,0,0
ENSMUSG00000106616,Obox4-ps25,0,0,0,0,0,0,0,0,0,0,0,0
ENSMUSG00000093554,Obox4-ps26,0,0,0,0,0,0,0,0,0,0,0,0
ENSMUSG00000098744,Ranbp2-ps7,0,0,0,0,0,0,0,0,0,0,0,0
ENSMUSG00000044485,Klk1b11,0,0,0,1,0,0,0,0,0,0,0,0
ENSMUSG00000108794,Gm45195,0,0,0,0,0,0,0,0,0,0,0,0
ENSMUSG00000078787,Cyp2t4,0,0,0,0,0,0,0,0,0,0,0,0
ENSMUSG00000108539,Klk1b12-ps,0,0,0,0,0,0,0,0,0,0,0,0
ENSMUSG00000053719,Klk1b26,0,0,0,0,0,0,0,0,0,0,0,0
ENSMUSG00000108759,Klk1b18-ps,0,0,0,0,0,0,0,0,0,0,0,0
ENSMUSG00000108339,Klk1b28-ps,0,0,0,0,0,0,0,0,0,0,0,0
ENSMUSG00000108328,Gm45196,0,0,0,0,0,0,0,0,0,0,0,0
ENSMUSG00000108440,Klk1b19-ps,0,0,0,0,0,0,0,0,0,0,0,0
ENSMUSG00000058709,Egln2,782,843,613,656,616,229,589,661,831,737,749,698
ENSMUSG00000063177,Klk1b27,1,0,0,0,0,0,0,0,0,0,0,0
ENSMUSG00000108538,Gm45197,0,0,0,0,0,0,0,0,0,0,0,0
ENSMUSG00000108400,Klk1b14-ps,0,0,0,0,0,0,0,0,0,0,0,0
ENSMUSG00000030519,Apba2,0,0,0,0,0,1,0,0,0,0,0,0
ENSMUSG00000108498,Gm45026,0,0,0,0,0,0,0,0,0,0,0,0
ENSMUSG00000108384,Gm45082,0,0,0,0,0,0,0,0,0,0,0,0
ENSMUSG00000108721,Gm44721,0,0,0,0,0,0,0,0,0,0,0,0
ENSMUSG00000108406,Klk1b15-ps,0,0,0,0,0,0,0,0,0,0,0,0
ENSMUSG00000108517,Gm45125,0,0,0,0,0,0,0,0,0,0,0,0
ENSMUSG00000066516,Klk1b21,0,0,0,0,0,0,0,1,0,0,0,0
ENSMUSG00000108301,Gm45127,0,0,0,0,0,0,0,0,0,0,0,0
ENSMUSG00000060177,Klk1b22,0,0,0,0,0,0,0,0,0,0,0,0
ENSMUSG00000108796,Gm45126,0,0,0,0,0,0,0,0,0,0,0,0
ENSMUSG00000108403,Gm45122,0,0,0,0,0,0,0,0,0,0,0,0
ENSMUSG00000108797,Klk1b23-ps,0,0,0,0,0,0,0,0,0,0,0,0
ENSMUSG00000074369,Obox2,0,0,0,0,0,1,0,0,0,0,0,0
ENSMUSG00000030518,Fam189a1,0,0,0,0,0,0,0,0,0,0,0,0
ENSMUSG00000053291,Rab4b,11,14,10,24,17,12,14,25,14,13,17,19
ENSMUSG00000070520,Nsmce3,754,865,635,664,621,342,643,662,752,610,611,602
ENSMUSG00002075157,#N/A,0,0,0,0,0,0,0,0,0,0,0,0
ENSMUSG00000038968,Klk1b16,0,0,0,0,0,1,0,0,0,0,0,0
ENSMUSG00000108745,Gm17908,0,0,0,0,0,0,0,0,0,0,0,0
ENSMUSG00000108774,Gm45136,0,0,0,0,0,0,0,0,0,0,0,0
ENSMUSG00000108445,Gm17918,0,0,0,0,0,1,0,0,0,0,0,0
ENSMUSG00000095538,Gm21983,0,0,0,0,0,0,0,0,0,0,0,0
ENSMUSG00000093348,Mir3101,0,0,0,0,0,0,0,0,0,0,0,0
ENSMUSG00000108587,1810049I09Rik,0,0,0,0,0,0,0,0,0,0,0,0
ENSMUSG00000063713,Klk1b24,0,0,0,0,0,0,0,0,0,0,0,0
ENSMUSG00000108727,Gm44779,0,0,0,0,0,0,0,0,0,0,0,0
ENSMUSG00000089661,Mia,0,0,1,1,2,2,1,1,2,2,2,1
ENSMUSG00000066515,Klk1b3,0,0,0,0,0,0,0,0,0,0,0,0
ENSMUSG00000108459,Gm44605,0,0,0,0,0,0,0,0,0,0,0,0
ENSMUSG00000066513,Klk1b4,0,0,0,0,0,0,0,0,0,0,0,0
ENSMUSG00000108679,Gm45134,0,0,0,0,0,0,0,0,0,0,0,0
ENSMUSG00000066512,Klk1b5,0,0,0,0,0,0,0,0,0,0,0,0
ENSMUSG00000062073,Gm10109,1,2,0,2,0,1,0,0,1,0,2,1
ENSMUSG00000054310,Obox1,0,0,0,0,0,0,0,0,0,0,0,0
ENSMUSG00000098278,Ranbp2-ps8,0,0,0,0,0,0,0,0,0,0,0,0
ENSMUSG00000095274,Obox4-ps27,0,0,0,0,0,0,0,0,0,0,0,0
ENSMUSG00000093913,Obox4-ps28,0,0,0,0,0,0,0,0,0,0,0,0
ENSMUSG00000093397,Obox4-ps29,0,0,0,0,0,0,0,0,0,0,0,0
ENSMUSG00000063903,Klk1,0,0,0,0,0,0,0,0,0,0,0,0
ENSMUSG00000061479,Snrpa,2038,2025,1718,1847,2138,920,2066,2096,2112,1736,2137,2009
ENSMUSG00000078786,BC024978,456,443,350,396,351,300,313,387,368,348,403,359
ENSMUSG00000080533,Mir1191,0,0,0,0,0,0,0,0,0,0,0,0
ENSMUSG00000038782,1700028J19Rik,25,11,19,9,19,8,4,6,9,18,8,17
ENSMUSG00000030720,Cln3,391,486,303,305,361,144,310,288,425,380,409,411
ENSMUSG00000003752,Itpkc,763,692,584,579,471,154,435,486,618,606,308,328
ENSMUSG00000108622,Gm36864,0,0,0,0,0,0,0,0,0,0,0,0
ENSMUSG00002075429,#N/A,0,0,0,0,0,0,0,0,0,0,0,0
ENSMUSG00000098540,Mir7059,0,1,2,0,2,0,0,1,1,4,1,0
ENSMUSG00000042759,Apobr,187,143,170,146,121,88,116,127,168,136,98,102
ENSMUSG00000015709,Arnt2,33,42,49,45,10,10,21,31,46,29,16,17
ENSMUSG00000066772,Obox3,0,0,0,0,0,0,0,0,0,0,0,0
ENSMUSG00000044701,Il27,2,0,0,1,0,0,0,3,1,0,2,0
ENSMUSG00000119308,#N/A,0,0,0,0,0,0,0,0,0,0,0,0
ENSMUSG00000093421,Obox3-ps6,0,0,0,0,0,1,0,0,0,0,0,0
ENSMUSG00000093719,Obox4-ps30,0,0,0,0,0,0,0,0,0,0,0,0
ENSMUSG00000109341,Gm30873,0,0,0,0,0,0,0,0,0,0,0,0
ENSMUSG00000098861,Ranbp2-ps9,0,0,0,0,0,0,0,0,0,0,0,0
ENSMUSG00000108864,Gm44933,0,0,0,0,1,0,0,0,0,0,0,0
ENSMUSG00000098386,Ranbp2-ps10,0,0,0,0,0,0,0,0,0,0,0,0
ENSMUSG00000109347,Gm45175,0,0,0,0,0,0,0,0,0,0,0,0
ENSMUSG00000093513,Obox4-ps31,0,0,0,0,0,0,0,0,0,0,0,0
ENSMUSG00000119159,#N/A,0,0,0,0,0,0,0,0,0,0,0,0
ENSMUSG00000105898,Obox4-ps32,0,0,0,0,0,0,0,0,0,0,0,0
ENSMUSG00000106346,Gtpbp4-ps6,0,0,0,0,0,0,0,0,0,0,0,0
ENSMUSG00000097789,Gm2115,0,1,0,0,0,0,0,0,0,0,1,0
ENSMUSG00000093420,Obox4-ps33,0,0,0,0,0,0,0,0,0,0,0,0
ENSMUSG00000109422,Gm45174,0,0,0,0,0,0,0,0,0,0,0,0
ENSMUSG00000119732,#N/A,0,0,0,0,0,0,0,0,0,0,1,0
ENSMUSG00000030717,Nupr1,28,22,39,41,34,24,31,33,23,16,20,12
ENSMUSG00000109513,Gm44928,0,0,0,0,0,0,0,0,0,0,0,0
ENSMUSG00000093683,Obox4-ps34,0,0,0,0,0,0,0,0,0,0,0,0
ENSMUSG00000105314,Ranbp2-ps11,0,0,0,0,0,0,0,0,0,0,0,0
ENSMUSG00000066175,2510046G10Rik,12,14,17,18,14,7,15,10,12,10,16,11
ENSMUSG00000074366,Obox5,0,0,0,0,0,0,0,0,0,0,0,0
ENSMUSG00000104759,Ranbp2-ps12,0,0,0,0,0,0,0,0,0,0,0,0
ENSMUSG00000105410,Gtpbp4-ps7,0,0,0,0,0,0,0,0,0,0,0,0
ENSMUSG00000092576,Obox4-ps35,0,0,0,0,0,0,0,0,0,0,0,0
ENSMUSG00000003762,Coq8b,303,309,209,187,220,71,228,198,242,255,182,202
ENSMUSG00000084974,Gm15567,0,0,1,0,0,0,0,0,0,0,0,0
ENSMUSG00000041583,Obox6,0,0,0,1,0,0,0,0,0,0,0,0
ENSMUSG00000108378,Gm44641,0,0,1,0,0,1,0,0,0,0,0,0
ENSMUSG00000030630,Fah,76,86,89,102,77,37,130,139,63,58,50,47
ENSMUSG00000030516,Tjp1,10,4,5,3,4,8,7,3,7,2,4,2
ENSMUSG00000108338,Gm44794,0,0,0,0,0,0,0,0,0,0,0,0
ENSMUSG00000108541,Gm44795,0,0,0,0,0,0,0,0,0,0,0,0
ENSMUSG00000108533,Gm44792,0,0,0,0,0,0,0,0,0,0,0,0
ENSMUSG00000063160,Numbl,55,32,44,34,23,11,34,41,35,29,18,19
ENSMUSG00000030714,Sgf29,552,618,509,517,569,339,575,596,574,496,563,620
ENSMUSG00000086232,Gm7546,0,0,0,0,0,0,0,0,0,0,0,0
ENSMUSG00000083622,Gm15570,0,0,0,1,0,0,2,1,0,0,0,1
ENSMUSG00000086662,BC046251,0,0,0,0,0,0,0,0,0,0,0,0
ENSMUSG00000041578,Crx,0,0,0,0,0,0,0,0,0,0,0,0
ENSMUSG00000030711,Sult1a1,0,0,4,1,0,2,3,1,0,0,0,1
ENSMUSG00000082922,Gm6939,0,3,4,1,2,1,0,0,1,0,0,1
ENSMUSG00000030515,Tarsl2,272,349,245,242,226,134,258,271,281,243,268,281
ENSMUSG00000074365,Crxos,0,0,0,0,0,0,0,0,0,0,0,0
ENSMUSG00000106050,Ass-ps1,0,0,0,0,0,0,0,0,0,0,0,0
ENSMUSG00000059772,Slx1b,68,107,62,48,92,58,83,87,82,77,109,114
ENSMUSG00000041571,Selenow,1839,2061,1531,1689,1404,740,2076,2041,1811,1592,1687,1643
ENSMUSG00000047721,Bola2,687,783,707,723,846,559,765,704,855,677,829,753
ENSMUSG00000041560,Nop53,6145,6855,5110,6005,4470,1907,4912,5495,6259,5757,4565,4031
ENSMUSG00000080478,Snord23,3,4,1,6,1,0,1,1,0,5,1,0
ENSMUSG00000093249,Gm24576,0,0,0,0,0,0,0,0,0,0,0,0
ENSMUSG00000074364,Ehd2,534,592,243,272,103,70,190,244,285,248,174,157
ENSMUSG00000078681,Tm2d3,751,927,689,733,775,453,684,670,824,790,665,688
ENSMUSG00000068480,Gm7551,0,5,0,1,0,0,1,2,0,0,0,2
ENSMUSG00000100094,1810008I18Rik,0,0,0,0,0,0,0,0,0,0,0,0
ENSMUSG00000093405,Gm20684,0,0,0,0,0,0,0,0,0,0,0,0
ENSMUSG00000070808,Bicra,360,289,284,278,295,207,290,386,273,236,331,305
ENSMUSG00000109984,Gm38948,0,0,0,0,0,2,0,0,0,0,0,0
ENSMUSG00000030629,Zfand6,915,971,876,851,836,489,1016,935,886,800,860,832
ENSMUSG00000085236,2610206C17Rik,2,4,1,2,2,0,6,3,2,2,2,1
ENSMUSG00000092429,Gm18958,0,0,0,0,0,0,0,0,0,0,0,0
ENSMUSG00000092217,Vmn2r-ps62,0,0,0,0,0,0,0,0,0,0,0,0
ENSMUSG00000068629,Gm6155,1,2,1,2,1,0,1,1,0,2,0,0
ENSMUSG00000045411,2410002F23Rik,2240,2287,1980,1964,2036,862,1699,1846,2020,2043,2218,2259
ENSMUSG00000070460,Olfr291,0,0,0,0,0,1,0,0,0,0,2,0
ENSMUSG00000092425,Gm8018,0,0,0,0,0,0,0,0,0,0,0,0
ENSMUSG00000101166,Gm28496,10,7,7,4,7,3,3,11,9,16,4,3
ENSMUSG00000070459,Olfr290,0,0,0,0,0,0,0,0,0,0,0,0
ENSMUSG00000080352,Gm26247,0,0,0,0,0,0,0,0,0,0,0,0
ENSMUSG00000118729,#N/A,7,2,4,3,14,6,2,7,4,7,12,11
ENSMUSG00000116179,Olfr290,0,0,0,0,0,0,0,0,0,0,0,0
ENSMUSG00000119643,#N/A,0,0,0,0,0,0,0,0,0,0,0,0
ENSMUSG00000092214,Gm18560,0,0,0,0,0,0,0,0,0,0,0,0
ENSMUSG00000080683,Gm23991,0,0,0,0,0,0,0,0,0,0,0,0
ENSMUSG00000066372,Vmn2r65,0,0,0,0,0,0,0,0,0,0,0,0
ENSMUSG00000012777,Acp4,0,0,0,0,0,0,0,0,0,0,0,0
ENSMUSG00000087376,Gm15517,0,0,0,0,0,0,0,0,0,0,0,0
ENSMUSG00000108705,Gm18905,0,0,0,0,0,0,0,0,0,0,0,0
ENSMUSG00000108343,Gm18307,0,0,0,0,0,0,0,0,0,0,0,0
ENSMUSG00000108512,Gm7238,0,0,0,0,0,0,0,0,1,0,0,1
ENSMUSG00000078796,Zfp541,0,0,1,0,0,1,0,0,2,0,0,0
ENSMUSG00000094950,Vmn2r66,0,0,0,0,0,0,0,0,0,0,0,0
ENSMUSG00000030707,Coro1a,6436,8048,4875,5917,5181,1209,6621,6842,7101,6440,6018,6087
ENSMUSG00000092530,Vmn2r-ps64,0,0,0,0,0,0,0,0,0,0,0,0
ENSMUSG00000092422,Vmn2r-ps65,0,0,0,0,0,0,0,0,0,0,0,0
ENSMUSG00000092621,Vmn2r-ps66,0,0,0,0,0,0,0,0,0,0,0,0
ENSMUSG00000108357,Snrp1c-ps1,0,0,0,0,0,0,0,0,0,0,0,0
ENSMUSG00000092211,Vmn2r-ps67,0,0,0,0,0,1,0,0,0,0,0,0
ENSMUSG00000108382,4930448A20Rik,0,0,0,0,0,0,0,0,0,0,0,0
ENSMUSG00000004473,Clec11a,13,19,12,5,10,7,11,9,11,13,10,7
ENSMUSG00000092199,Gm18358,0,0,0,0,0,0,0,0,0,0,0,0
ENSMUSG00000108554,Gm44824,0,0,0,0,0,0,0,0,0,0,0,0
ENSMUSG00000108649,Gm44855,0,0,0,0,0,0,0,0,0,0,0,0
ENSMUSG00000030513,Pcsk6,5,0,4,3,3,4,1,2,1,0,0,0
ENSMUSG00000108793,Gm45213,0,0,0,0,0,0,0,0,0,0,0,0
ENSMUSG00000095664,Vmn2r67,0,0,0,0,0,1,0,0,0,0,0,0
ENSMUSG00000092259,Vmn2r-ps68,0,0,0,0,0,0,0,0,0,0,0,0
ENSMUSG00000096861,Vmn2r68,0,0,0,0,0,0,0,0,0,0,0,0
ENSMUSG00000092562,Gm20414,0,0,0,0,0,0,0,0,0,0,0,0
ENSMUSG00000092313,Gm20415,0,0,0,0,0,0,0,0,0,0,0,0
ENSMUSG00000090773,Vmn2r-ps69,0,0,0,0,0,0,0,0,0,0,0,0
ENSMUSG00000006024,Napa,2690,3141,2311,2419,2383,1018,2287,2331,2683,2367,2296,2163
ENSMUSG00000091006,Vmn2r69,0,0,0,0,0,0,0,0,0,0,1,0
ENSMUSG00000092256,Gm18359,0,0,0,0,0,0,0,0,0,0,0,0
ENSMUSG00000108857,Gm44578,0,0,0,0,0,0,0,0,0,0,0,0
ENSMUSG00000030512,Snrpa1,1799,1980,1775,1790,1848,1655,1895,1940,1950,1725,1865,1702
ENSMUSG00000092431,Vmn2r-ps70,0,0,0,0,0,0,0,0,0,0,0,0
ENSMUSG00000092467,Gm18360,0,0,0,0,0,0,0,0,0,0,0,0
ENSMUSG00000108777,Gm45081,0,0,0,0,0,0,0,0,0,0,0,0
ENSMUSG00000063065,Mapk3,226,234,116,143,150,82,232,231,178,153,184,190
ENSMUSG00000090806,Vmn2r70,0,0,0,0,0,0,0,0,0,0,0,0
ENSMUSG00000006021,Kptn,207,232,171,172,172,43,150,205,210,175,166,165
ENSMUSG00000091205,Vmn2r71,0,0,0,0,0,0,0,0,0,0,0,0
ENSMUSG00000092533,Vmn2r-ps72,0,0,0,0,0,0,0,0,0,0,0,0
ENSMUSG00000092567,Vmn2r-ps73,0,0,0,0,0,0,0,0,0,0,0,0
ENSMUSG00000030703,Gdpd3,3,3,4,2,11,6,4,4,5,3,7,6
ENSMUSG00000055323,Gm9967,4,3,1,4,0,5,0,5,1,1,5,0
ENSMUSG00000037032,Apbb1,34,31,19,29,19,3,26,24,19,20,12,17
ENSMUSG00000051877,Vmn2r72,0,0,0,0,1,2,0,0,0,0,0,0
ENSMUSG00000092426,Gm18779,0,0,0,0,0,0,0,0,0,0,1,0
ENSMUSG00000092410,Gm18354,0,0,0,0,0,0,0,0,0,0,0,0
ENSMUSG00000092179,Vmn2r-ps75,0,0,0,0,0,0,0,0,0,0,0,0
ENSMUSG00000075701,Selenos,1631,1827,1317,1343,1122,754,1276,1334,1491,1268,997,968
ENSMUSG00000092307,Vmn2r-ps76,0,0,0,0,0,0,0,0,0,0,0,0
ENSMUSG00000092287,Vmn2r-ps77,0,0,0,0,0,0,0,0,0,0,0,0
ENSMUSG00000032640,Chsy1,2780,3136,2073,1997,1732,1023,1782,2215,2493,2194,2238,2131
ENSMUSG00000097634,Gm26827,5,0,1,0,4,0,1,2,0,1,0,2
ENSMUSG00000030376,Slc8a2,14,7,10,5,9,6,2,12,7,11,7,4
ENSMUSG00000065800,Gm23042,1,0,0,0,0,0,0,0,0,0,0,0
ENSMUSG00000108699,Gm18988,0,0,0,0,0,0,0,0,0,0,0,0
ENSMUSG00000108686,Gm45080,0,0,0,0,0,0,0,0,0,0,0,0
ENSMUSG00000030895,Hpx,3,1,1,3,0,0,1,0,0,1,1,0
ENSMUSG00000070458,Vmn2r73,0,0,0,0,0,1,0,0,0,0,0,0
ENSMUSG00000092440,Vmn2r-ps78,0,0,0,0,0,0,0,0,0,0,0,0
ENSMUSG00000038738,Shank1,37,33,27,21,13,23,15,20,18,27,10,16
ENSMUSG00000108719,Gm44757,0,0,0,0,0,0,0,0,0,0,0,0
ENSMUSG00000090774,Vmn2r74,0,0,0,0,0,5,0,0,0,0,0,0
ENSMUSG00000092263,Vmn2r-ps79,0,0,0,0,0,0,0,0,0,0,0,0
ENSMUSG00000042675,Ypel3,18,21,41,35,31,17,28,31,29,18,33,21
ENSMUSG00000092529,Vmn2r-ps80,0,0,0,0,0,0,0,0,0,0,0,0
ENSMUSG00000092608,Vmn2r-ps81,0,0,0,0,0,0,0,0,0,0,0,0
ENSMUSG00000008028,1700008O03Rik,4,0,1,4,0,0,3,1,0,0,2,2
ENSMUSG00000092330,Vmn2r-ps82,0,0,0,0,0,0,0,0,0,0,0,0
ENSMUSG00000108509,Gm44780,0,0,0,0,0,0,0,0,0,0,0,0
ENSMUSG00000092357,Vmn2r-ps83,0,0,0,0,0,2,0,0,0,0,0,0
ENSMUSG00000092532,Vmn2r-ps84,0,0,0,0,0,0,0,0,0,0,0,0
ENSMUSG00000090436,Vmn2r75,0,0,0,0,0,0,0,0,0,0,0,0
ENSMUSG00000092587,Vmn2r-ps85,0,0,0,0,0,0,0,0,0,0,0,0
ENSMUSG00000092419,Vmn2r-ps86,0,0,0,0,0,0,0,0,0,0,0,0
ENSMUSG00000030699,Tbx6,1,1,4,2,1,2,1,0,0,0,1,0
ENSMUSG00000040488,Ltbp4,17,23,13,17,23,8,17,20,20,24,24,29
ENSMUSG00000091239,Vmn2r76,0,0,0,0,2,9,1,0,0,2,0,0
ENSMUSG00000057540,Olfr310,0,0,0,0,0,0,0,0,0,0,0,0
ENSMUSG00000092197,Gm20480,0,0,0,0,0,0,0,0,0,0,0,0
ENSMUSG00002074870,#N/A,0,0,0,0,0,0,0,0,0,0,0,0
ENSMUSG00000054054,Olfr309,0,0,0,0,0,0,0,0,0,0,0,0
ENSMUSG00000054498,Olfr308,0,0,0,0,0,1,0,1,0,0,0,0
ENSMUSG00000015133,Lrrk1,864,914,624,608,645,318,356,513,653,539,658,626
ENSMUSG00000055610,Olfr307,0,0,0,0,0,0,0,0,0,0,0,0
ENSMUSG00000030731,Syt3,0,0,0,1,0,1,0,0,0,0,0,1
ENSMUSG00000092388,Olfr306-ps1,0,0,0,0,0,0,0,0,0,0,0,0
ENSMUSG00000030697,Ppp4c,3678,4112,2954,3114,3249,1139,3152,2898,3754,3225,3118,3035
ENSMUSG00000108372,Gm45124,0,0,0,0,0,0,0,0,0,0,0,0
ENSMUSG00000109119,Gm44752,0,0,0,0,0,0,0,0,0,0,0,0
ENSMUSG00000078677,Gm10974,0,0,0,0,0,0,0,0,0,0,0,0
ENSMUSG00000055571,Olfr305,0,0,0,0,0,0,0,0,0,0,0,0
ENSMUSG00002076205,#N/A,0,0,0,0,0,0,0,1,0,0,0,0
ENSMUSG00000098353,Mir7057,0,0,1,0,0,0,0,0,0,0,0,0
ENSMUSG00000062426,Olfr304,0,0,0,0,0,0,0,0,0,0,0,0
ENSMUSG00000047085,Lrrc4b,0,0,0,0,1,1,0,0,0,0,1,0
ENSMUSG00000039608,Olfr303,0,0,0,0,0,1,0,0,0,0,0,0
ENSMUSG00000110039,Gm45541,0,0,0,0,0,0,0,0,0,0,0,0
ENSMUSG00000061549,Olfr301,0,0,0,0,0,0,0,0,0,0,0,0
ENSMUSG00000092401,Olfr300-ps1,0,0,0,0,0,0,0,0,0,0,0,0
ENSMUSG00000020168,Olfr299,0,0,0,0,0,0,0,0,0,0,0,0
ENSMUSG00000062878,Olfr298,0,0,0,0,0,0,0,0,0,0,0,0
ENSMUSG00000057067,Olfr297,0,0,0,0,0,0,0,0,0,0,0,0
ENSMUSG00000092293,Gm17919,0,0,0,0,0,0,0,0,0,0,0,0
ENSMUSG00000036989,Trim3,268,222,195,183,170,78,144,154,181,153,141,137
ENSMUSG00000092372,Olfr296-ps1,0,0,0,0,0,0,0,0,0,0,0,0
ENSMUSG00000110077,Gm45632,6,4,4,9,5,5,4,5,5,6,5,7
ENSMUSG00000059319,Olfr295,0,0,1,0,0,0,0,0,0,0,0,1
ENSMUSG00000038704,Aspdh,0,0,0,0,0,0,0,0,0,0,0,0
ENSMUSG00000062042,Olfr294,0,0,0,0,0,0,0,0,0,0,0,0
ENSMUSG00000089832,Shkbp1,493,497,360,364,363,118,344,330,492,443,406,470
ENSMUSG00000092367,Gm20479,0,0,0,0,0,0,0,0,0,0,0,0
ENSMUSG00000063394,Olfr293,0,0,0,0,0,0,0,0,0,0,0,0
ENSMUSG00000060688,Olfr292,0,0,0,0,0,0,0,0,0,0,0,0
ENSMUSG00000015134,Aldh1a3,59,60,36,27,15,8,21,20,22,16,9,7
ENSMUSG00000109114,Gm44753,1,0,0,0,1,1,0,0,0,0,0,0
ENSMUSG00000109330,Gm44754,0,0,0,0,0,0,0,0,0,0,0,0
ENSMUSG00000109039,Gm33570,0,0,0,0,0,0,0,0,0,0,0,0
ENSMUSG00000109249,Gm44610,0,0,0,0,0,1,0,0,0,0,0,0
ENSMUSG00000030509,Asb7,341,400,349,322,275,170,291,305,320,309,245,274
ENSMUSG00000001773,Folh1,0,0,0,0,0,0,0,0,0,0,1,0
ENSMUSG00000090949,Vmn2r77,0,0,0,0,0,1,0,0,0,0,0,0
ENSMUSG00000092195,Vmn2r-ps87,0,0,0,0,0,0,0,0,0,0,0,0
ENSMUSG00000092376,Gm19203,0,0,0,0,0,0,0,0,0,0,0,0
ENSMUSG00000030695,Aldoa,21000,23728,20476,23983,15532,5814,25558,27987,19652,17282,12208,12321
ENSMUSG00000091962,Vmn2r78,0,0,0,0,0,0,0,0,0,0,0,0
ENSMUSG00000030881,Arfip2,1118,1146,936,950,1017,545,822,924,1102,962,1050,1020
ENSMUSG00000038695,Josd2,535,649,406,429,571,170,419,448,517,485,549,604
ENSMUSG00000098661,Mir7052,4,0,0,0,0,1,0,1,1,0,1,0
ENSMUSG00000108322,5430431A17Rik,2,0,0,0,0,3,0,0,0,0,0,0
ENSMUSG00000090362,Vmn2r79,0,0,0,0,0,1,0,0,0,0,0,0
ENSMUSG00000109334,Gm44925,0,0,0,0,0,0,0,0,0,0,0,0
ENSMUSG00000108816,Gm6230,0,0,0,0,0,0,0,0,0,0,0,0
ENSMUSG00000058966,Fam57b,9,8,6,23,18,8,27,9,11,13,5,3
ENSMUSG00000114515,Aldoa,1,6,5,1,6,0,5,5,2,0,1,4
ENSMUSG00000108423,Gm44856,0,0,0,0,0,0,0,0,0,0,0,0
ENSMUSG00000089847,Timm10b,175,250,158,178,194,110,194,170,189,167,211,170
ENSMUSG00000045989,4930451I11Rik,0,0,0,0,0,0,0,0,0,0,0,0
ENSMUSG00000108583,Gm44854,0,0,0,0,0,0,0,0,0,0,0,0
ENSMUSG00000008140,Emc10,1749,1753,1382,1449,1449,652,1536,1564,1754,1353,1397,1404
ENSMUSG00000053091,Lins1,410,512,384,429,379,270,322,389,464,385,335,335
ENSMUSG00000109133,Gm45098,2,0,0,0,0,0,0,0,0,0,0,0
ENSMUSG00000108846,Gm10623,0,0,0,0,0,0,1,0,0,0,0,0
ENSMUSG00000110234,Gm45799,0,0,0,0,1,0,3,0,1,2,0,2
ENSMUSG00000064897,Gm22504,0,1,0,0,0,0,0,0,0,0,0,0
ENSMUSG00000052301,Doc2a,10,1,2,2,3,1,5,1,8,2,2,2
ENSMUSG00000051113,Fam71e1,18,12,14,15,11,5,18,18,7,8,10,11
ENSMUSG00000030510,Cers3,1,6,3,1,2,4,4,6,3,2,2,6
ENSMUSG00000108607,Gm44646,1,2,1,3,3,0,2,3,3,3,1,2
ENSMUSG00000030882,Dnhd1,13,6,14,7,14,8,4,8,13,7,6,9
ENSMUSG00000081911,Mrps36-ps2,0,0,0,0,0,1,1,1,0,0,0,0
ENSMUSG00000030888,Rrp8,2598,2939,2066,2248,2090,1105,2062,2146,2540,2381,2185,2126
ENSMUSG00000038670,Mybpc2,0,0,0,0,0,2,0,0,0,0,0,0
ENSMUSG00000011751,Sptbn4,2,3,4,1,3,2,2,2,6,7,8,4
ENSMUSG00000058145,Adamts17,20,7,15,5,10,9,0,9,9,11,18,13
ENSMUSG00000109079,Gm44755,0,0,0,0,0,0,0,0,0,0,0,0
ENSMUSG00000108416,Gm44924,0,0,0,0,0,0,0,0,0,0,0,0
ENSMUSG00000108873,Gm44609,0,0,1,0,1,1,0,2,0,2,0,0
ENSMUSG00000108833,Gm17909,1,1,2,3,2,0,2,1,5,0,2,7
ENSMUSG00000109273,Gm45101,0,0,0,0,0,0,0,0,0,0,0,0
ENSMUSG00000097527,1700112J16Rik,0,0,0,0,0,0,0,0,0,2,0,0
ENSMUSG00000030689,Ino80e,3464,3367,2662,2574,2996,1658,2845,3062,3076,2877,3259,2970
ENSMUSG00000040466,Blvrb,85,77,71,85,78,35,84,82,92,63,30,36
ENSMUSG00000082016,Pgam1-ps2,0,0,0,0,0,0,0,0,0,0,0,0
ENSMUSG00000008193,Spib,6,4,3,0,4,0,7,4,4,4,2,3
ENSMUSG00000055200,Sertad3,32,29,22,26,15,15,35,30,27,32,30,20
ENSMUSG00000042606,Hirip3,1592,1658,1494,1516,1960,1833,1544,1730,1624,1449,2295,2077
ENSMUSG00000008384,Sertad1,539,473,404,398,449,122,427,402,487,380,357,357
ENSMUSG00000052833,Sae1,2447,2685,2272,2178,2726,1311,2504,2501,2512,2331,2551,2376
ENSMUSG00000043831,Lysmd4,144,173,111,101,122,54,110,116,126,157,128,110
ENSMUSG00000030562,Nox4,0,0,0,0,0,1,0,0,0,0,0,0
ENSMUSG00000059273,Zc3h4,3448,3370,2884,2842,2847,1364,2306,3107,3029,2948,3102,2961
ENSMUSG00000053198,Prx,15,10,7,12,5,4,15,12,9,7,12,6
ENSMUSG00000087371,Gm15541,0,0,0,0,0,0,0,1,0,0,0,0
ENSMUSG00000110181,Gm45508,0,0,0,0,0,0,0,0,0,0,0,0
ENSMUSG00000109781,Gm45509,0,0,0,0,0,0,0,0,0,0,0,0
ENSMUSG00000109647,Gm45510,0,0,0,0,0,0,0,0,0,0,0,0
ENSMUSG00000019158,Tmem160,242,315,239,264,297,49,282,242,302,251,288,316
ENSMUSG00000040424,Hipk4,1,1,1,1,1,0,1,2,1,0,1,1
ENSMUSG00000030890,Ilk,1005,1131,793,862,767,402,968,951,964,863,872,735
ENSMUSG00000059981,Taok2,1621,1617,1241,1268,1409,692,1052,1389,1348,1288,1501,1398
ENSMUSG00000004651,Tyr,0,0,0,0,0,0,0,0,0,0,0,0
ENSMUSG00000043866,Taf10,2186,2315,1662,1902,1969,677,1737,1643,2346,2070,1738,1911
ENSMUSG00000001988,Npas1,0,0,0,0,0,0,0,0,0,0,0,0
ENSMUSG00000119216,#N/A,0,0,0,1,0,0,0,0,0,0,0,0
ENSMUSG00000038644,Pold1,1672,1773,1658,1628,2038,638,1704,1945,1726,1556,2104,2092
ENSMUSG00000049583,Grm5,0,0,0,0,0,1,0,0,0,0,0,0
ENSMUSG00000108983,Gm44926,0,0,0,0,0,0,0,0,0,0,0,0
ENSMUSG00000108893,Gm44927,0,0,0,0,0,0,0,0,0,0,0,0
ENSMUSG00000099330,Mir7053,2,0,0,1,0,1,0,0,0,1,1,1
ENSMUSG00000109461,Gm44848,0,0,0,0,0,2,0,0,0,0,0,0
ENSMUSG00000109236,Gm44833,0,0,0,0,0,0,0,0,0,0,0,0
ENSMUSG00000108890,Gm44847,0,0,0,0,0,0,0,0,0,0,0,0
ENSMUSG00000058230,Arhgap35,1052,1053,875,850,952,603,619,929,1003,999,993,966
ENSMUSG00000087947,Gm24249,0,0,0,0,0,0,0,0,0,0,0,0
ENSMUSG00000099423,Gm17826,5,10,2,5,2,1,3,7,10,5,7,6
ENSMUSG00000108993,Gm44846,0,0,0,0,0,0,0,0,0,0,0,0
ENSMUSG00000101135,Gm17981,2,14,1,4,4,1,1,5,5,1,3,1
ENSMUSG00000100583,Gm29443,0,0,0,0,1,0,0,0,0,0,0,0
ENSMUSG00000108316,Gm44589,0,0,1,0,0,0,0,0,0,0,1,0
ENSMUSG00000101008,Gm29442,0,0,0,0,0,0,0,0,0,0,0,0
ENSMUSG00000064745,Gm24708,0,0,0,0,0,0,0,0,0,0,0,0
ENSMUSG00000108610,Gm29725,0,0,0,0,0,0,0,1,1,0,0,1
ENSMUSG00000060538,Tmem219,250,282,163,250,178,67,213,235,240,224,205,191
ENSMUSG00000003363,Pld3,1685,1994,1118,1355,1003,333,1123,1281,1453,1319,1013,957
ENSMUSG00000108307,Ceacam-ps1,0,0,0,0,0,0,0,0,0,0,0,0
ENSMUSG00000093768,Gm20650,0,0,0,0,0,0,0,0,1,0,0,0
ENSMUSG00000064734,Gm23445,0,0,0,1,0,0,0,0,0,1,0,0
ENSMUSG00000078795,Ceacam15,1,1,0,1,1,0,2,2,2,0,0,0
ENSMUSG00000108370,Gm8209,1,1,1,1,5,0,2,0,4,2,0,1
ENSMUSG00000108366,Gm5586,5,7,3,7,5,0,2,1,2,3,1,2
ENSMUSG00000030685,Kctd13,616,664,469,489,630,528,471,547,605,517,709,671
ENSMUSG00000108543,Gm44735,12,14,17,4,11,11,6,3,14,11,11,11
ENSMUSG00000007209,Ceacam9,0,0,0,0,0,1,0,0,0,0,0,0
ENSMUSG00000095334,Gm21984,2,1,5,3,1,2,0,3,2,0,5,2
ENSMUSG00000030560,Ctsc,1502,1602,1197,1259,1215,874,1162,1315,1403,1279,1475,1343
ENSMUSG00000046378,Asphd1,0,0,0,0,0,1,0,1,0,1,0,1
ENSMUSG00000109244,Gm44751,4,3,14,9,4,2,4,5,1,5,2,7
ENSMUSG00000077693,Gm25345,0,0,0,0,0,0,0,0,0,0,0,0
ENSMUSG00000030894,Tpp1,705,783,526,471,455,319,525,641,614,580,526,523
ENSMUSG00000030557,Mef2a,1620,1587,1268,1253,1151,1111,1011,1405,1423,1438,1341,1281
ENSMUSG00000109539,Gm44667,29,21,20,22,9,21,5,16,16,34,15,17
ENSMUSG00000109363,Gm44668,0,0,1,0,0,2,0,0,1,0,0,3
ENSMUSG00000008036,Ap2s1,1040,1211,859,952,1029,324,1059,1058,1012,909,970,989
ENSMUSG00000109329,Gm33926,0,0,0,0,0,0,0,0,0,0,0,0
ENSMUSG00000030559,Rab38,0,0,0,0,0,2,0,0,0,0,0,0
ENSMUSG00000080748,Gm15661,0,1,1,0,0,0,0,0,0,1,0,0
ENSMUSG00000069972,Rps13-ps2,11,44,41,42,37,11,40,24,15,11,18,7
ENSMUSG00000098174,Gm8183,0,0,0,0,0,0,0,0,1,1,1,0
ENSMUSG00000109135,Gm6240,1,0,0,0,1,0,0,0,0,0,0,0
ENSMUSG00000109278,Gm45144,0,0,0,0,0,0,0,0,0,0,0,0
ENSMUSG00000036862,Dchs1,1,2,0,0,2,1,1,0,0,2,2,1
ENSMUSG00000001918,Slc1a5,16168,18530,14646,15040,13328,4228,12420,13018,14510,13546,12770,12281
ENSMUSG00000086414,Gm15645,0,0,1,0,0,0,0,0,0,0,0,0
ENSMUSG00000048920,Fkrp,1459,1706,1108,1241,1347,478,1079,1299,1485,1384,1171,1192
ENSMUSG00000030879,Mrpl17,1365,1605,1256,1327,1398,702,1397,1375,1460,1208,1381,1213
ENSMUSG00000109685,Gm45912,0,0,0,0,0,1,0,0,0,0,0,0
ENSMUSG00000086513,9130208D14Rik,0,2,0,2,0,0,1,2,0,1,0,0
ENSMUSG00000110141,Gm45684,0,0,0,0,0,0,0,0,0,0,0,0
ENSMUSG00000049643,2310022A10Rik,872,905,674,636,711,266,664,666,741,688,769,696
ENSMUSG00000078606,Gm4070,17,11,15,20,14,2,14,19,5,14,17,12
ENSMUSG00000093378,Gm20663,0,0,0,0,0,0,0,0,0,0,0,0
ENSMUSG00000099241,Gm18852,1,2,2,5,0,1,0,1,0,0,1,0
ENSMUSG00000099276,Gm27228,0,0,0,0,0,0,0,0,0,0,0,0
ENSMUSG00000095649,Gm8979,0,0,1,1,0,0,0,0,1,2,0,0
ENSMUSG00000098426,Gm27149,0,0,0,0,0,0,0,0,0,0,0,0
ENSMUSG00000098987,Gm8982,0,0,0,0,0,0,0,0,0,0,0,0
ENSMUSG00000045868,Gvin1,12,17,5,9,6,4,6,13,5,8,10,8
ENSMUSG00000098934,Gm18853,0,0,1,0,0,0,2,0,0,0,0,0
ENSMUSG00000098945,Gm27150,0,0,0,0,0,0,0,0,0,0,0,0
ENSMUSG00000095457,Gm8989,0,0,0,0,0,0,0,0,0,1,0,0
ENSMUSG00000053541,Gm4759,45,75,48,27,38,65,12,35,35,104,105,74
ENSMUSG00000077777,Gm22372,0,0,0,0,0,0,0,0,0,0,0,0
ENSMUSG00000063286,Gm8995,991,1283,793,943,744,722,544,1028,649,935,956,871
ENSMUSG00000073902,Gm1966,88,86,88,90,44,53,52,114,85,85,106,86
ENSMUSG00000051680,Olfr693,0,0,0,0,0,0,0,0,0,0,0,0
ENSMUSG00000064223,Olfr694,0,0,0,0,0,0,0,0,0,0,0,0
ENSMUSG00000109011,Gm44857,0,0,0,0,0,0,0,0,0,0,0,0
ENSMUSG00000108948,Olfr695,0,0,0,0,0,0,0,0,0,0,0,0
ENSMUSG00000109365,Olfr696-ps1,0,0,0,0,0,0,0,0,0,0,0,0
ENSMUSG00000039428,Tmem135,586,677,531,454,522,318,489,521,612,569,578,562
ENSMUSG00000109576,Gm44704,1,0,1,0,0,2,1,0,0,0,0,1
ENSMUSG00002075321,#N/A,0,0,0,0,0,0,0,0,0,0,0,0
ENSMUSG00002075979,#N/A,0,0,0,0,0,0,0,0,0,0,0,0
ENSMUSG00000051591,Olfr697,0,0,0,0,0,0,0,0,0,0,0,0
ENSMUSG00000109327,Gm44995,0,0,0,0,0,0,0,1,0,0,1,0
ENSMUSG00000109199,Gm44996,0,0,0,0,0,0,0,0,0,0,0,0
ENSMUSG00000030556,Lrrc28,100,96,104,96,119,65,110,111,108,98,75,81
ENSMUSG00000087926,Gm23233,0,0,0,0,0,0,0,0,0,0,0,0
ENSMUSG00000049791,Fzd4,4,0,3,1,3,0,1,2,0,1,2,0
ENSMUSG00000109342,Gm32983,0,0,0,0,0,0,0,0,0,0,0,0
ENSMUSG00000059087,Olfr698,0,0,0,0,0,0,0,0,0,0,0,0
ENSMUSG00000109558,Gm45100,0,0,0,0,0,0,0,0,0,0,0,0
ENSMUSG00000109311,AI314278,0,0,0,0,0,0,0,0,0,0,0,0
ENSMUSG00000096714,Olfr699,0,0,0,0,0,2,0,0,0,0,1,0
ENSMUSG00000039405,Prss23,0,0,0,1,0,0,0,0,0,0,0,0
ENSMUSG00000094493,Olfr700,0,0,0,0,0,0,0,0,0,0,0,0
ENSMUSG00000109861,4930458B22Rik,0,0,0,0,0,0,0,0,0,0,0,0
ENSMUSG00000030623,Prss23os,0,0,0,0,0,0,0,0,0,0,0,0
ENSMUSG00000108875,Gm45064,0,0,0,0,1,0,0,0,0,0,0,0
ENSMUSG00000098019,Gm2546,61,34,40,27,15,7,31,48,47,49,30,47
ENSMUSG00000092071,A230065N10Rik,0,0,0,0,0,0,0,0,0,0,0,0
ENSMUSG00000060601,Nr1h2,2111,2400,1724,1840,1711,580,1701,1957,2129,1910,1862,1686
ENSMUSG00000030683,Sez6l2,39,62,44,42,37,5,40,36,35,38,32,48
ENSMUSG00000036744,Olfr701,0,0,0,1,0,0,0,0,0,0,0,0
ENSMUSG00000056863,Olfr702,0,0,0,0,0,0,0,0,0,0,0,0
ENSMUSG00000097075,Cdiptos,2,4,3,4,4,1,5,1,2,4,2,2
ENSMUSG00000073901,Olfr703,0,0,0,0,0,0,0,0,0,0,0,0
ENSMUSG00000073900,Olfr704,0,0,0,0,0,0,0,0,0,0,0,0
ENSMUSG00000002204,Napsa,50,57,51,59,44,15,28,36,26,40,25,27
ENSMUSG00000109491,Gm15396,0,0,0,0,0,0,0,0,0,0,0,0
ENSMUSG00000030621,Me3,0,0,0,0,0,0,0,0,0,0,1,0
ENSMUSG00000089938,Gm15744,0,0,1,0,0,0,0,0,0,0,1,0
ENSMUSG00000109150,Gm45793,0,0,0,0,0,1,0,0,0,0,0,0
ENSMUSG00000109058,Olfr705,0,0,0,0,0,0,0,0,0,0,0,0
ENSMUSG00000109354,Olfr706,0,0,0,0,0,0,0,0,0,0,0,0
ENSMUSG00000069390,Olfr707,0,0,0,0,0,0,0,0,0,0,0,0
ENSMUSG00000073899,Olfr1532-ps1,0,0,0,0,0,0,0,0,0,0,0,0
ENSMUSG00000062553,Olfr709-ps1,1,0,0,0,0,5,0,0,0,0,0,0
ENSMUSG00000045581,Olfr710,0,0,0,0,0,0,0,0,0,0,0,0
ENSMUSG00000062785,Kcnc3,110,97,66,51,94,57,41,47,55,53,119,120
ENSMUSG00000039391,Ccdc81,0,0,0,0,0,2,0,0,1,0,0,0
ENSMUSG00000108933,Gm44582,0,0,0,0,0,0,0,0,0,0,0,0
ENSMUSG00000108832,Gm44832,0,0,0,0,0,0,0,0,0,0,0,0
ENSMUSG00000030374,Strn4,2641,2725,2153,2164,2219,944,1990,2285,2613,2265,2094,2138
ENSMUSG00000030682,Cdipt,2719,3066,2083,2204,1988,790,2256,2248,2460,2186,1998,2020
ENSMUSG00000036647,Olfr6,0,0,0,0,0,3,0,0,0,0,0,0
ENSMUSG00000030555,Ttc23,18,9,19,14,24,8,14,11,17,7,19,16
ENSMUSG00000109115,Gm44669,0,0,0,0,0,0,0,0,0,0,0,0
ENSMUSG00000045013,Olfr711,0,0,0,0,0,0,1,0,0,0,0,0
ENSMUSG00000109246,Olfr712-ps1,0,0,0,0,0,0,0,0,0,0,0,0
ENSMUSG00000062797,Hikeshi,398,376,427,423,574,283,437,416,454,365,430,427
ENSMUSG00000030681,Mvp,1127,1259,951,1001,736,331,981,1128,1029,1020,846,711
ENSMUSG00000070417,Olfr2,0,2,2,2,1,50,9,2,1,2,0,3
ENSMUSG00000073898,Olfr713,0,0,0,0,0,0,0,0,0,0,0,0
ENSMUSG00000092534,Pagr1b,0,0,0,0,0,0,0,0,0,0,0,0
ENSMUSG00000108862,Gm17991,0,0,0,0,0,0,0,0,0,0,0,0
ENSMUSG00000049674,Olfr714,0,0,0,0,0,0,0,0,0,0,0,0
ENSMUSG00000109391,Gm45023,0,0,0,0,0,0,0,0,0,0,0,0
ENSMUSG00000030680,Pagr1a,0,0,0,0,0,0,0,0,0,0,0,0
ENSMUSG00000073897,Olfr17,0,0,0,0,0,1,0,0,0,0,0,0
ENSMUSG00000062987,Olfr715b,0,0,0,0,0,0,0,0,0,0,0,0
ENSMUSG00000110209,Gm45868,0,0,0,0,0,1,0,0,0,0,0,0
ENSMUSG00000107068,Gm42742,0,0,2,2,1,4,0,0,1,0,2,0
ENSMUSG00000030554,Synm,0,0,0,0,0,0,0,0,0,0,0,0
ENSMUSG00000060503,Olfr715,0,0,0,0,1,2,0,0,0,0,0,0
ENSMUSG00000108871,Gm45102,0,0,0,0,0,0,0,0,0,0,0,0
ENSMUSG00002076390,#N/A,0,0,0,0,0,0,0,0,0,0,0,0
ENSMUSG00000097981,Gm7583,3,7,1,5,2,1,4,1,1,3,1,1
ENSMUSG00000045114,Prrt2,1,0,3,1,2,0,1,0,0,1,0,0
ENSMUSG00000097697,4833412C05Rik,0,0,0,0,0,0,0,0,0,0,0,0
ENSMUSG00000109464,Gm34350,0,0,0,0,0,0,0,0,0,0,0,0
ENSMUSG00000109193,Gm39027,0,0,0,0,0,0,0,0,0,0,0,0
ENSMUSG00000073896,Olfr716,0,0,0,0,0,0,0,0,0,0,0,0
ENSMUSG00000109152,Gm44666,0,0,1,0,0,2,0,0,0,0,1,0
ENSMUSG00000016626,Nlrp14,0,0,0,0,0,0,0,0,0,0,0,0
ENSMUSG00000030678,Maz,3998,3862,3099,3222,4691,1590,3586,4033,4312,3641,5083,4975
ENSMUSG00000086261,Gm3765,0,0,0,0,0,0,0,0,0,0,0,0
ENSMUSG00000073894,Rbmxl2,0,0,0,0,0,0,0,0,0,0,0,0
ENSMUSG00000041187,Prkd2,758,837,439,470,323,164,397,464,526,456,582,501
ENSMUSG00000057215,Platr28,0,0,0,0,0,3,0,0,0,0,0,0
ENSMUSG00002075862,#N/A,0,0,0,0,0,0,0,0,0,0,0,0
ENSMUSG00000109078,Gm19033,0,0,0,0,0,0,1,0,0,0,0,0
ENSMUSG00000097842,9330104G04Rik,0,1,1,0,0,2,0,0,0,0,0,0
ENSMUSG00000078794,Dact3,4,2,4,10,8,2,2,6,5,4,3,3
ENSMUSG00000108671,2700080J24Rik,0,0,0,0,0,0,0,0,0,0,0,0
ENSMUSG00000030677,Kif22,473,468,421,444,863,413,643,708,496,398,718,685
ENSMUSG00000108617,Gm31749,4,5,2,4,7,8,5,6,4,5,12,10
ENSMUSG00002076342,#N/A,0,0,0,0,0,0,0,0,0,0,0,0
ENSMUSG00002075111,#N/A,0,0,0,0,0,0,0,0,0,0,0,0
ENSMUSG00000005533,Igf1r,1224,1342,1474,1500,1205,684,1085,1617,1317,1331,779,763
ENSMUSG00000004056,Akt2,1637,1698,1260,1326,1353,754,1143,1492,1450,1345,1469,1335
ENSMUSG00000062542,Syt9,0,0,0,0,0,0,0,0,0,0,0,0
ENSMUSG00000063594,Gng8,0,0,0,0,0,0,0,0,2,0,2,0
ENSMUSG00000049350,Zg16,0,0,0,1,0,0,1,0,1,0,0,0
ENSMUSG00000118518,AC074312.1,0,2,0,0,1,0,0,0,0,0,0,0
ENSMUSG00000108327,Gm44939,0,0,0,0,0,0,0,0,0,0,0,0
ENSMUSG00000108592,Gm38973,5,2,0,0,4,0,2,1,1,1,0,1
ENSMUSG00000118675,#N/A,0,0,0,0,0,0,0,0,0,0,0,0
ENSMUSG00000051041,Olfml1,0,0,0,0,0,0,0,0,0,0,0,0
ENSMUSG00000109374,Gm44773,0,0,0,0,0,0,0,0,0,0,0,0
ENSMUSG00000030553,Pgpep1l,0,1,6,4,4,0,1,7,6,0,1,2
ENSMUSG00000043017,Ptgir,150,134,114,86,112,38,108,88,120,118,137,106
ENSMUSG00000045165,AI467606,359,398,235,271,330,150,316,355,310,290,473,362
ENSMUSG00000007944,Ttc9b,0,0,0,0,0,0,0,0,0,0,0,0
ENSMUSG00000086628,Gm16157,16,13,30,26,25,7,19,31,14,10,22,11
ENSMUSG00000030674,Qprt,211,185,138,158,118,64,149,176,172,164,136,129
ENSMUSG00000051457,Spn,17010,17737,12706,13828,13154,8315,9911,13121,15904,14886,11418,10350
ENSMUSG00000019370,Calm3,2550,2720,2190,2168,3015,1865,2562,2809,2517,2172,3055,2608
ENSMUSG00000108362,Gm18561,18,25,25,23,23,6,20,11,21,20,14,9
ENSMUSG00000108717,Gm44940,0,0,0,0,0,0,1,1,1,2,0,0
ENSMUSG00000092905,Gm25735,0,0,0,0,0,0,0,0,0,0,0,0
ENSMUSG00000070802,Pnmal2,2,0,0,1,0,0,0,0,0,1,1,0
ENSMUSG00000030619,Eed,3717,4062,3438,3726,4263,2988,3550,3683,4087,3627,3637,3458
ENSMUSG00000064689,Gm25815,0,0,0,0,0,0,0,0,0,0,0,0
ENSMUSG00000109038,Gm45120,2,8,4,6,2,3,5,6,6,5,3,1
ENSMUSG00000041141,Pnmal1,0,0,0,0,0,0,0,0,0,0,0,0
ENSMUSG00000108348,Gm42372,105,99,66,60,56,83,46,69,50,82,95,60
ENSMUSG00000041117,Ccdc8,0,0,0,0,0,0,1,1,0,0,0,0
ENSMUSG00000040390,Map3k10,254,247,176,177,225,38,201,172,233,195,219,216
ENSMUSG00000108520,Gm44684,1,1,1,3,0,0,1,0,0,0,3,1
ENSMUSG00000074071,Fam169b,435,443,487,555,430,291,464,553,433,386,385,355
ENSMUSG00000109453,4930405G09Rik,0,0,0,0,0,0,0,0,0,1,0,0
ENSMUSG00000109096,Gm44888,21,25,49,40,19,17,23,32,31,34,21,16
ENSMUSG00000097585,E230029C05Rik,28,31,34,34,25,31,22,27,28,31,39,30
ENSMUSG00000109245,Gm44860,9,7,13,19,15,22,2,8,8,4,10,21
ENSMUSG00000086410,Gm16158,0,0,0,0,0,0,0,0,0,0,0,0
ENSMUSG00000108897,Gm44861,10,6,6,9,12,5,3,8,10,5,11,10
ENSMUSG00000062235,Gm5341,0,0,0,0,1,0,1,0,0,0,0,1
ENSMUSG00000057093,Zfp607b,62,68,62,56,90,55,64,60,71,58,78,90
ENSMUSG00000109458,Gm44889,0,0,2,2,0,0,0,0,0,1,0,0
ENSMUSG00000097162,2310010J17Rik,92,107,116,134,114,82,136,127,109,116,97,92
ENSMUSG00000108924,4933436H12Rik,0,0,0,0,0,0,0,0,0,0,0,0
ENSMUSG00000108828,Gm34549,0,0,0,0,0,3,0,0,0,0,0,0
ENSMUSG00000109298,Gm44886,0,0,0,0,1,1,0,0,0,0,0,0
ENSMUSG00000109375,Gm44887,0,0,0,0,0,0,0,0,0,0,0,0
ENSMUSG00000094854,Gm5334,0,0,0,0,0,0,0,0,0,0,0,0
ENSMUSG00000108876,Gm44692,0,0,0,0,0,0,0,0,0,0,0,0
ENSMUSG00000037640,Zfp60,170,166,151,153,240,203,139,189,182,181,278,242
ENSMUSG00000109143,Gm10046,0,0,0,0,0,0,0,0,0,0,0,0
ENSMUSG00000030604,Zfp626,172,221,207,180,260,155,159,181,190,195,236,277
ENSMUSG00000042502,Cd2bp2,2307,2506,1925,1941,2092,993,1975,2132,2303,2033,2300,2031
ENSMUSG00000078779,Zfp59,113,97,87,107,97,64,69,125,115,98,114,113
ENSMUSG00000042659,Arrdc4,265,272,151,140,41,34,98,128,144,116,47,50
ENSMUSG00000020420,Zfp607a,130,133,107,129,164,129,91,159,130,147,129,180
ENSMUSG00000109407,Gm34664,0,0,0,0,0,0,0,0,0,0,0,0
ENSMUSG00000108314,Prkcz2,0,0,0,0,0,1,0,0,1,0,0,0
ENSMUSG00000065940,Gm23795,0,0,0,0,0,0,0,0,0,0,0,0
ENSMUSG00000118641,#N/A,0,0,0,0,0,0,0,0,0,0,0,0
ENSMUSG00000109524,Gm44691,0,0,0,0,0,0,0,0,0,0,0,0
ENSMUSG00000098017,Gm5342,2,6,4,5,1,0,3,3,3,2,1,2
ENSMUSG00000003099,Ppp5c,3309,3551,2626,2698,3304,1582,2685,2858,3442,2923,3779,3559
ENSMUSG00000109400,Gm44533,0,0,0,0,0,0,0,0,0,0,0,0
ENSMUSG00000036528,Ppfibp2,65,73,89,62,69,46,40,50,67,43,35,37
ENSMUSG00000110028,Gm34838,0,0,0,0,0,0,0,0,0,0,0,0
ENSMUSG00000109153,Gm38584,0,0,0,0,0,0,0,0,0,0,0,0
ENSMUSG00000049740,5330417H12Rik,0,0,0,0,0,0,0,0,0,0,0,0
ENSMUSG00000070709,Zfp974,13,17,4,10,19,10,11,22,17,12,24,15
ENSMUSG00000108885,4930402F11Rik,0,0,0,0,0,0,0,0,0,0,0,0
ENSMUSG00000097455,Gm26891,0,0,0,0,1,0,0,0,0,3,0,0
ENSMUSG00000118803,#N/A,0,0,0,0,0,0,0,0,0,0,0,0
ENSMUSG00000109412,Gm44535,0,0,0,0,0,0,0,0,0,0,0,0
ENSMUSG00000074243,Gm10651,5,1,0,3,2,2,1,2,0,0,0,1
ENSMUSG00000098246,Gm7627,3,14,8,11,7,0,16,15,2,6,8,1
ENSMUSG00000042492,Tbc1d10b,1511,1559,1246,1265,1465,675,1215,1490,1469,1344,1356,1252
ENSMUSG00000109373,Gm44690,0,0,0,0,0,0,0,0,0,0,0,0
ENSMUSG00000108821,4933423L19Rik,0,0,0,0,0,0,0,0,0,0,0,0
ENSMUSG00000077166,Gm24120,0,0,0,0,0,0,0,0,0,0,0,0
ENSMUSG00000109097,Gm29683,0,0,0,0,0,0,0,0,0,0,0,0
ENSMUSG00000063047,Zfp780b,196,216,184,174,219,170,149,192,174,202,230,198
ENSMUSG00000109280,Gm35325,0,0,0,0,0,0,0,0,0,0,0,0
ENSMUSG00000099387,Gm29327,0,0,0,0,0,0,0,0,0,0,0,0
ENSMUSG00000109361,Gm44946,0,0,0,0,0,0,0,0,0,0,0,0
ENSMUSG00000109364,Gm44948,0,0,0,0,0,0,0,0,0,0,0,0
ENSMUSG00000096916,Zfp850,373,452,340,383,402,348,275,409,350,385,449,399
ENSMUSG00000048065,Cyb5r2,4,0,0,0,0,2,0,0,0,0,0,0
ENSMUSG00000030551,Nr2f2,0,0,1,0,1,8,0,2,0,0,1,0
ENSMUSG00000109402,Gm45040,0,0,0,0,0,0,0,0,0,0,0,0
ENSMUSG00000030672,Mylpf,56,50,47,46,58,37,63,65,55,44,62,52
ENSMUSG00000048236,Ovch2,0,0,0,0,0,0,0,0,0,0,0,0
ENSMUSG00000004328,Hif3a,35,36,17,6,28,16,15,23,34,26,31,29
ENSMUSG00000100005,B130024G19Rik,0,0,0,0,0,6,0,0,0,0,1,0
ENSMUSG00000108807,4833404L02Rik,0,0,0,0,0,0,0,0,0,0,0,0
ENSMUSG00000101559,Gm28258,0,0,0,0,0,0,0,0,0,0,0,0
ENSMUSG00000066242,Olfr467,0,0,0,0,0,0,0,0,0,0,0,0
ENSMUSG00000108869,Gm44532,0,0,0,0,0,0,0,0,0,0,0,0
ENSMUSG00000109192,Olfr468-ps1,0,0,0,0,0,0,0,0,0,0,0,0
ENSMUSG00000097991,Gm7656,4,2,4,3,5,0,3,2,3,0,0,1
ENSMUSG00000108899,Gm44811,0,0,0,0,0,0,0,0,0,0,0,0
ENSMUSG00000109028,Gm35842,0,0,0,0,0,0,0,0,0,0,0,0
ENSMUSG00000108836,Gm44813,0,0,0,0,0,0,0,0,0,0,0,0
ENSMUSG00000095910,Olfr469,0,0,0,0,0,0,0,0,0,0,0,0
ENSMUSG00000109021,Gm44812,0,0,0,0,0,0,0,0,0,0,0,0
ENSMUSG00000108863,Gm5002,0,0,0,0,0,0,0,0,0,0,0,0
ENSMUSG00000109018,Gm44809,0,0,0,0,0,0,0,0,0,0,0,0
ENSMUSG00000030603,Psmc4,3891,4206,3227,3311,3700,1893,3647,3457,3934,3401,3701,3334
ENSMUSG00000109294,Gm44808,0,0,0,0,0,0,0,0,0,0,0,0
ENSMUSG00002075494,#N/A,0,0,0,0,0,0,0,0,0,0,0,0
ENSMUSG00000109542,Olfr470,0,0,0,0,0,0,0,0,0,0,0,0
ENSMUSG00000109262,Gm44744,0,0,0,0,0,0,0,0,0,0,0,0
ENSMUSG00000109788,Olfr471,0,0,0,0,0,0,0,0,0,0,0,0
ENSMUSG00000066760,Psg16,1,1,1,1,1,0,2,1,0,0,1,0
ENSMUSG00000066245,Gm10156,0,1,1,0,0,0,1,1,0,1,0,0
ENSMUSG00000108561,Gm45219,0,0,0,0,0,0,0,0,0,0,0,0
ENSMUSG00000108694,Gm7287,4,1,2,0,0,0,2,1,4,0,2,1
ENSMUSG00000109532,Gm42397,0,0,0,0,0,2,0,0,0,0,0,0
ENSMUSG00000109454,Gm34783,0,0,0,0,0,0,0,0,1,0,0,0
ENSMUSG00000073893,Olfr472,0,0,0,0,1,1,0,0,0,1,0,0
ENSMUSG00000109003,Gm36011,0,0,0,0,0,0,0,0,0,0,0,0
ENSMUSG00000053228,Ceacam3,2,3,1,1,3,5,3,7,1,5,6,0
ENSMUSG00000108462,Gm45032,0,0,0,0,0,0,0,0,0,0,0,0
ENSMUSG00000109161,Gm39033,0,0,0,0,0,0,0,0,0,0,0,0
ENSMUSG00000095212,Olfr473,0,0,0,0,0,0,0,0,0,0,0,0
ENSMUSG00000100664,6030442E23Rik,0,0,0,0,0,0,0,0,0,0,0,0
ENSMUSG00000108892,Gm9449,0,0,0,0,0,0,0,0,0,0,0,0
ENSMUSG00000094197,Olfr474,0,0,0,0,0,0,0,0,0,0,0,0
ENSMUSG00000023159,Psg29,0,0,1,0,0,0,0,0,0,0,0,0
ENSMUSG00000095301,Olfr476,0,0,0,0,0,0,0,0,0,0,0,0
ENSMUSG00000096151,Olfr477,0,0,0,0,0,0,0,0,0,0,0,0
ENSMUSG00000108844,Gm6702,0,2,0,0,0,0,1,0,0,0,1,2
ENSMUSG00000099853,Gm29328,0,0,0,0,1,1,0,0,0,0,0,0
ENSMUSG00000108782,Gm32772,0,0,0,0,0,1,0,0,0,0,0,0
ENSMUSG00000109548,Gm45066,0,0,0,0,0,0,0,0,0,0,0,0
ENSMUSG00000066697,Gm10172,2,1,3,0,12,19,2,1,2,0,3,1
ENSMUSG00000047730,Fcgbp,0,0,0,1,0,0,0,0,0,0,0,0
ENSMUSG00000108441,Gm32846,0,0,1,0,0,0,0,0,0,0,0,0
ENSMUSG00000094426,Olfr478,1,0,1,0,0,0,0,0,0,0,0,0
ENSMUSG00000099558,Gm29295,0,0,0,0,0,0,0,0,0,0,0,0
ENSMUSG00002075725,#N/A,0,0,0,0,0,0,0,0,0,0,0,0
ENSMUSG00000064793,Gm24356,0,0,0,0,0,0,0,0,0,0,0,0
ENSMUSG00000108978,Gm44689,0,0,0,0,0,0,0,0,0,0,0,0
ENSMUSG00002076502,#N/A,0,0,0,0,0,0,0,0,0,0,0,0
ENSMUSG00000108792,Gm5418,0,0,0,0,0,0,0,2,0,0,0,0
ENSMUSG00000108972,Gm7675,0,0,0,0,0,0,0,0,0,0,0,0
ENSMUSG00000109388,Gm44688,0,0,0,0,0,0,0,0,0,0,0,0
ENSMUSG00000108654,Gm9519,0,0,0,0,0,0,0,0,0,0,0,0
ENSMUSG00000043855,Olfr479,0,0,0,0,0,0,0,0,0,0,0,0
ENSMUSG00000108982,Gm17988,0,0,0,0,0,0,0,0,0,0,0,0
ENSMUSG00000000486,44805,2427,2751,1933,2254,2365,1397,2366,2689,2447,2230,2583,2245
ENSMUSG00000108669,4930441H08Rik,0,0,0,0,0,0,0,0,0,0,0,0
ENSMUSG00000063120,Olfr480,0,0,0,0,0,0,0,0,0,0,0,0
ENSMUSG00000108480,Gm36633,0,0,0,0,0,0,0,0,0,0,0,0
ENSMUSG00000108558,Psg-ps1,0,0,0,0,0,0,0,0,0,0,0,0
ENSMUSG00000108800,1700011C11Rik,0,0,0,0,0,0,0,0,0,0,0,0
ENSMUSG00000108638,Gm45150,0,0,0,0,0,0,0,0,0,0,0,0
ENSMUSG00000054236,Olfr481,0,0,0,0,0,1,0,0,0,0,0,0
ENSMUSG00000045598,Zfp553,1354,1353,1053,1147,1099,568,881,1061,1307,1200,1171,1150
ENSMUSG00000109670,Gm45375,0,0,0,0,0,0,0,0,0,0,0,0
ENSMUSG00000054716,Zfp771,396,488,377,392,504,125,449,430,489,390,385,436
ENSMUSG00000078776,9530053A07Rik,0,0,0,1,1,7,2,1,0,0,0,0
ENSMUSG00000008789,Ceacam5,0,0,0,0,0,0,0,0,0,0,0,0
ENSMUSG00000042462,Dctpp1,553,637,610,641,911,288,664,654,665,526,807,767
ENSMUSG00000109015,Gm31024,13,31,23,28,28,21,20,18,23,12,26,25
ENSMUSG00000063830,Gm6065,1,0,5,2,0,4,5,3,1,2,2,1
ENSMUSG00000049091,Sephs2,2203,2336,1858,2001,1760,729,1914,2130,2088,1830,1577,1600
ENSMUSG00000108685,Gm45149,0,0,0,0,0,0,0,0,0,0,0,0
ENSMUSG00000108806,Gm44729,6,3,2,5,2,5,4,1,8,3,2,11
ENSMUSG00000059031,Olfr482,0,0,0,0,0,0,0,0,0,0,0,0
ENSMUSG00000090460,Gm17511,1,1,0,1,1,0,0,0,0,0,0,0
ENSMUSG00000109484,Gm44870,0,0,0,0,0,0,0,0,0,0,0,0
ENSMUSG00000023185,Ceacam14,0,0,0,0,0,0,0,0,0,0,0,0
ENSMUSG00000108760,Gm31897,4,0,2,3,3,0,0,1,2,6,5,1
ENSMUSG00000078118,Olfr483,0,0,0,0,0,0,0,0,0,0,0,0
ENSMUSG00002075659,#N/A,0,0,0,0,0,0,0,0,0,0,0,0
ENSMUSG00000030739,Myh14,0,0,0,0,0,0,0,0,1,0,0,0
ENSMUSG00000032776,Mctp2,161,184,132,145,48,62,90,132,97,84,92,87
ENSMUSG00000078793,Gm5155,0,0,0,0,0,0,0,0,0,0,0,0
ENSMUSG00000110171,Olfr484,0,0,0,0,0,1,0,0,0,0,0,0
ENSMUSG00000046865,Fbl,636,571,588,562,474,281,536,447,630,526,552,458
ENSMUSG00000108995,Olfr485,0,0,0,0,1,6,0,0,0,0,0,0
ENSMUSG00000108427,Gm36696,0,0,0,0,0,0,0,0,0,0,0,0
ENSMUSG00000096068,Olfr486,0,0,0,0,0,0,0,0,0,0,0,0
ENSMUSG00000108493,Gm45715,1,0,0,0,0,0,0,0,0,0,0,0
ENSMUSG00000108916,Gm18944,0,0,0,0,0,0,0,0,0,0,0,0
ENSMUSG00000103673,Gm37620,0,0,0,0,0,0,0,0,0,0,0,0
ENSMUSG00000030368,Ceacam11,0,0,0,0,0,0,0,0,0,0,0,0
ENSMUSG00000100138,Gm28745,0,0,0,0,0,0,0,0,0,0,0,0
ENSMUSG00000109352,Gm18256,0,0,0,0,0,0,0,0,0,0,0,0
ENSMUSG00000095929,Olfr487,0,0,0,0,0,1,0,0,0,0,0,0
ENSMUSG00000081895,Rpl17-ps10,2,3,2,0,0,1,6,2,1,1,1,5
ENSMUSG00000070574,2310016G11Rik,0,0,0,0,1,1,0,0,0,0,0,0
ENSMUSG00000100670,Gm28744,0,0,0,0,0,0,0,0,0,0,0,0
ENSMUSG00000097530,Kansl2-ps,12,4,7,5,4,0,3,1,9,4,4,5
ENSMUSG00000098195,Gm7693,2,0,1,0,0,0,1,1,2,0,0,2
ENSMUSG00000096465,Olfr488,0,0,0,0,0,0,0,0,0,0,0,0
ENSMUSG00000109174,Gm6007,0,0,0,0,0,0,0,0,0,0,0,0
ENSMUSG00000098035,Gm5335,55,23,21,10,10,21,21,24,61,53,12,37
ENSMUSG00000109639,Olfr489-ps1,0,0,0,0,0,0,0,0,0,0,0,0
ENSMUSG00000108329,Gm44725,0,0,0,0,0,0,0,0,0,0,0,0
ENSMUSG00000108383,Gm6567,0,0,0,0,0,0,0,0,0,0,0,0
ENSMUSG00000057195,Ceacam13,0,0,0,0,0,0,0,0,0,0,0,0
ENSMUSG00000108345,4933435G04Rik,0,0,0,0,0,0,0,0,0,0,0,0
ENSMUSG00000109884,Olfr490,0,0,0,0,0,0,0,0,0,0,0,0
ENSMUSG00002076230,#N/A,0,0,0,0,0,0,0,0,0,0,0,0
ENSMUSG00000109004,Gm44594,0,0,0,0,0,0,0,0,0,0,0,0
ENSMUSG00000101843,Gm28746,0,0,0,0,0,0,0,0,0,0,0,0
ENSMUSG00000108331,Gm5322,0,0,0,0,0,1,0,0,1,1,0,0
ENSMUSG00000108778,Gm20083,0,0,0,0,0,0,0,0,0,0,0,0
ENSMUSG00000108513,Gm30075,0,0,0,0,0,0,0,0,0,0,0,0
ENSMUSG00000066500,Izumo2,0,0,0,0,0,0,0,1,0,0,0,0
ENSMUSG00000094612,Olfr491,0,0,1,0,0,0,0,0,0,0,0,0
ENSMUSG00000108530,4930429H19Rik,0,0,0,0,0,0,0,0,0,0,0,0
ENSMUSG00000109497,Olfr492,0,0,0,0,0,0,0,1,0,0,0,0
ENSMUSG00000093980,Olfr493,0,0,0,0,0,0,0,0,0,0,0,0
ENSMUSG00000097756,A730056A06Rik,0,0,0,1,0,1,0,0,0,0,0,0
ENSMUSG00000109631,Olfr494,0,0,0,0,0,0,0,0,0,0,0,0
ENSMUSG00000109934,Gm45392,0,0,0,0,0,0,0,0,0,0,0,0
ENSMUSG00000110253,Olfr495,0,0,0,0,0,0,0,0,0,0,0,0
ENSMUSG00000109426,Olfr496-ps1,0,0,0,0,0,0,0,0,0,0,0,0
ENSMUSG00000030366,Ceacam12,0,0,0,0,0,0,0,0,0,0,0,0
ENSMUSG00000095239,Olfr497,0,0,0,0,0,0,0,0,0,0,0,0
ENSMUSG00000109081,Gm44611,0,0,0,0,0,0,0,0,0,0,0,0
ENSMUSG00000108545,Gm44613,0,0,0,0,0,0,0,0,0,0,0,0
ENSMUSG00000096679,Olfr498,0,0,0,0,0,0,0,0,0,0,0,0
ENSMUSG00000109213,Olfr499-ps1,0,0,0,0,0,0,0,0,0,0,0,0
ENSMUSG00000108939,Olfr500-ps1,0,0,0,0,0,0,0,0,0,0,0,0
ENSMUSG00000110204,Olfr501-ps1,0,0,0,0,0,2,0,0,0,0,1,0
ENSMUSG00000066756,Igfl3,0,0,0,0,0,1,0,0,0,0,0,0
ENSMUSG00000108798,Gm9521,2,4,2,4,1,1,3,5,3,2,1,0
ENSMUSG00000058014,Olfr502,0,0,0,0,0,0,0,0,0,0,0,0
ENSMUSG00000109250,Gm5053,0,0,0,0,1,1,0,0,0,0,0,0
ENSMUSG00000060759,Olfr503,0,0,0,0,0,0,0,0,0,0,0,0
ENSMUSG00000054005,Mill1,0,0,0,0,0,0,0,0,0,0,0,0
ENSMUSG00000060105,Olfr504,0,0,0,0,0,0,0,0,0,0,0,0
ENSMUSG00000108374,Gm33626,0,0,0,0,0,0,0,0,0,0,0,0
ENSMUSG00000070509,Rgma,1,0,0,1,0,2,0,1,0,0,0,2
ENSMUSG00000109306,Gm18410,0,0,0,0,0,0,0,0,0,0,0,0
ENSMUSG00000108837,Gm44865,0,0,0,0,0,0,0,0,0,0,0,0
ENSMUSG00000108678,Gm44758,0,0,0,0,0,0,0,0,0,0,0,0
ENSMUSG00000108601,Gm44645,0,0,0,0,0,0,0,0,0,0,0,0
ENSMUSG00000108998,Olfr505-ps1,0,0,0,0,0,0,0,0,0,0,0,0
ENSMUSG00000109471,Gm19127,0,0,0,0,0,0,0,0,0,0,0,1
ENSMUSG00000002409,Dyrk1b,100,83,89,103,78,39,51,84,76,66,96,114
ENSMUSG00000108968,Gm45011,0,0,0,0,0,0,0,0,0,0,0,0
ENSMUSG00000109502,Gm18672,0,0,0,0,0,0,0,0,0,0,0,0
ENSMUSG00000046058,Eid2,257,280,214,207,153,86,248,219,325,260,182,197
ENSMUSG00000003505,Psg18,0,0,0,0,0,0,0,0,0,0,0,0
ENSMUSG00000070705,Eid2b,84,131,82,90,68,27,103,89,107,107,64,73
ENSMUSG00000109235,Gm5997,0,0,0,0,0,0,0,0,0,1,0,0
ENSMUSG00000109209,Gm45104,0,0,0,0,0,0,0,0,0,0,0,0
ENSMUSG00002075217,#N/A,0,0,0,0,0,0,0,0,0,0,0,0
ENSMUSG00000058244,Olfr506,0,0,0,0,0,0,0,0,0,0,0,0
ENSMUSG00000061000,Olfr507,0,0,0,0,0,0,0,0,0,0,0,0
ENSMUSG00000046750,Selenov,0,0,0,0,0,0,0,0,0,0,0,0
ENSMUSG00000063764,Olfr508,0,0,0,0,0,0,0,0,0,0,0,0
ENSMUSG00000048012,Zfp473,42,39,24,31,59,32,38,46,18,22,44,35
ENSMUSG00000030373,Psg28,0,0,0,0,0,0,0,0,0,0,0,0
ENSMUSG00000109264,Gm44871,0,0,0,0,0,0,0,0,0,0,0,0
ENSMUSG00000108906,Gm8314,0,0,0,0,0,0,0,0,0,0,0,0
ENSMUSG00000049280,Olfr509,0,0,0,0,0,0,0,0,0,0,0,0
ENSMUSG00000070799,Psg26,0,0,0,0,0,0,0,0,0,0,0,0
ENSMUSG00000109504,Gm45156,0,0,0,0,0,0,0,0,0,0,0,0
ENSMUSG00000109355,Gm4880,0,1,0,0,0,0,1,1,1,1,0,0
ENSMUSG00000096209,Olfr510,0,0,0,0,0,0,0,0,0,0,0,0
ENSMUSG00000109070,Olfr511-ps1,0,0,0,0,0,0,0,0,0,0,0,0
ENSMUSG00000070798,Psg25,0,0,0,0,0,0,0,0,0,0,0,0
ENSMUSG00000119780,#N/A,0,0,0,0,0,0,0,0,0,0,0,0
ENSMUSG00000003436,Dll3,3,1,2,2,3,1,2,4,0,1,5,2
ENSMUSG00000056946,Olfr512,0,0,0,0,0,0,0,0,0,0,0,0
ENSMUSG00000070797,Psg27,0,0,0,0,1,0,0,0,0,0,0,0
ENSMUSG00000051200,Olfr513,0,0,0,0,0,0,0,0,0,0,0,0
ENSMUSG00000109207,Gm45232,0,0,0,0,0,0,0,0,0,0,0,0
ENSMUSG00000109525,Gm19091,0,0,0,0,0,0,0,0,0,0,0,0
ENSMUSG00000066241,Olfr514,0,0,0,0,0,0,0,0,0,0,0,0
ENSMUSG00000109406,Olfr515-ps1,0,0,0,0,0,0,0,0,0,0,0,0
ENSMUSG00000109159,Gm44657,0,0,0,0,0,0,0,0,0,0,0,0
ENSMUSG00000074359,Psg23,0,0,0,0,0,0,0,0,0,0,0,0
ENSMUSG00000108992,Gm19092,0,0,0,0,0,0,0,0,0,0,0,0
ENSMUSG00000109053,Gm44656,0,0,0,0,0,0,0,0,0,0,0,0
ENSMUSG00000062434,Olfr516,0,0,0,0,0,0,0,0,0,0,0,0
ENSMUSG00000109553,Gm17992,0,0,0,0,0,0,0,0,0,0,0,0
ENSMUSG00000003438,Timm50,2582,2913,2184,2373,2768,907,2358,2365,2750,2348,2342,2361
ENSMUSG00000066240,Olfr517,0,0,0,0,0,0,0,0,0,0,0,0
ENSMUSG00000070796,Psg21,0,0,0,0,0,0,0,0,0,0,0,0
ENSMUSG00000109180,Gm44654,0,0,0,0,0,0,0,0,0,0,0,0
ENSMUSG00000063305,Psg20,0,0,0,0,0,0,0,0,0,0,0,0
ENSMUSG00000109571,Gm44655,0,0,0,0,0,0,0,0,0,0,0,0
ENSMUSG00000046431,Olfr518,0,0,0,0,0,0,0,0,0,0,0,0
ENSMUSG00000108882,Gm44563,0,0,0,0,0,0,0,0,0,0,0,0
ENSMUSG00000066239,Olfr519,0,0,0,0,0,0,0,0,0,0,0,0
ENSMUSG00000049709,Nlrp10,8,7,8,3,3,3,3,9,6,6,1,2
ENSMUSG00000044903,Psg22,0,0,0,0,0,3,0,0,0,0,0,0
ENSMUSG00000109292,Gm44564,0,0,0,0,0,0,0,0,0,0,0,0
ENSMUSG00000108835,Gm44566,0,0,0,0,0,0,0,0,0,0,0,0
ENSMUSG00000109023,Gm44565,0,0,0,0,0,0,0,0,0,0,0,0
ENSMUSG00000031029,Eif3f,11224,11526,8511,9228,7635,2655,9700,8981,10805,9501,6341,7032
ENSMUSG00000119516,#N/A,0,0,0,0,0,0,0,0,0,0,0,0
ENSMUSG00000109234,Gm44561,0,0,0,0,0,0,0,0,0,0,0,0
ENSMUSG00000109116,Sycp1-ps1,0,0,0,0,0,0,0,0,0,0,0,0
ENSMUSG00000002205,Vrk3,218,240,159,164,176,67,218,231,225,186,217,223
ENSMUSG00000109227,Gm29791,0,0,0,0,0,0,0,0,0,0,0,0
ENSMUSG00000004542,Psg19,0,0,0,0,1,0,1,0,0,0,0,0
ENSMUSG00000109490,Gm19126,0,0,0,0,0,0,0,0,0,0,0,0
ENSMUSG00000004540,Psg17,2,1,0,1,2,1,2,0,3,3,0,0
ENSMUSG00000108471,Gm18855,0,0,0,0,0,0,0,0,0,0,0,0
ENSMUSG00000038539,Atf5,775,642,687,721,537,237,763,837,646,503,463,464
ENSMUSG00000078671,Chd2,1008,949,863,885,588,498,660,932,802,762,630,525
ENSMUSG00000108741,Gm44553,4,5,5,2,3,5,2,5,0,3,2,3
ENSMUSG00000108319,Gm44552,1,0,2,1,0,0,0,0,0,0,3,3
ENSMUSG00000108812,C130083A15Rik,1,1,4,0,1,4,3,2,0,2,3,4
ENSMUSG00000108563,Gm44686,0,0,0,2,0,1,3,1,0,0,0,2
ENSMUSG00000109511,Nup62,4506,4874,3506,3943,3607,1918,3670,4000,4425,3986,3541,3198
ENSMUSG00000031028,Tub,32,36,31,47,20,16,26,41,29,35,30,21
ENSMUSG00000101970,1810026B05Rik,559,514,462,380,381,269,489,473,499,487,481,470
ENSMUSG00000108724,Gm44734,0,0,0,0,0,0,0,0,0,0,0,0
ENSMUSG00000108497,Gm44738,0,0,0,0,0,0,0,0,0,0,0,0
ENSMUSG00000108311,Gm44737,0,1,1,0,0,1,0,0,0,1,0,1
ENSMUSG00000065729,Gm26176,0,0,0,1,0,0,0,0,0,0,0,0
ENSMUSG00002076959,#N/A,0,0,0,0,0,0,0,0,0,0,0,0
ENSMUSG00000108550,Gm44736,0,0,0,0,0,0,0,0,0,0,0,0
ENSMUSG00000108473,Gm44739,0,0,0,0,0,0,0,0,0,0,0,0
ENSMUSG00000108337,Gm4971,0,0,0,0,0,0,0,0,0,0,0,0
ENSMUSG00000040987,Mill2,0,0,0,0,0,0,1,0,0,0,0,0
ENSMUSG00000108485,Gm18805,0,0,0,0,0,0,0,0,0,0,0,0
ENSMUSG00000108687,Gm45007,0,0,0,0,0,0,0,0,0,0,0,0
ENSMUSG00000091890,A830073O21Rik,0,0,0,0,0,2,0,0,0,1,4,0
ENSMUSG00000048330,Ric3,7,5,6,8,9,10,2,4,11,6,7,2
ENSMUSG00000118906,#N/A,0,0,0,0,0,0,0,0,0,0,0,0
ENSMUSG00000030413,Pglyrp1,374,485,209,273,235,120,263,239,352,281,207,235
ENSMUSG00000074141,Il4i1,364,410,308,368,268,116,233,244,273,267,141,151
ENSMUSG00000078670,Fam174b,139,149,101,103,128,43,118,113,110,114,113,86
ENSMUSG00000108412,Gm45005,0,0,0,0,0,0,0,0,0,0,0,0
ENSMUSG00000036111,Lmo1,9,10,9,4,7,2,8,8,4,9,1,5
ENSMUSG00000109107,Gm44781,0,0,0,0,0,0,0,0,0,0,0,0
ENSMUSG00000109001,Gm45024,0,0,0,0,0,0,0,0,0,0,0,0
ENSMUSG00000074067,Gm10619,0,0,0,0,0,0,0,0,0,0,0,0
ENSMUSG00000108548,Gm45006,0,0,0,0,0,0,0,0,0,0,0,0
ENSMUSG00000108448,Gm21269,1,0,0,0,0,2,0,0,0,0,0,0
ENSMUSG00000105381,Mir7234,0,0,0,0,0,0,0,0,0,0,0,0
ENSMUSG00000025789,St8sia2,0,0,0,0,0,0,0,0,0,0,0,0
ENSMUSG00000108375,Gm45003,0,0,0,0,0,0,0,0,0,0,0,0
ENSMUSG00000102384,Gm38143,0,0,0,0,0,0,0,0,0,0,0,0
ENSMUSG00000108725,Gm45004,0,0,0,0,0,0,0,0,0,0,0,0
ENSMUSG00002075038,#N/A,0,0,0,0,0,0,0,0,0,0,0,0
ENSMUSG00000003435,Supt5,5169,5504,4207,4350,4416,2609,3845,4601,4993,4502,4745,4290
ENSMUSG00000074358,Ccdc61,252,237,192,173,232,74,187,181,209,224,234,206
ENSMUSG00000030830,Itgal,24081,25103,17472,17193,16221,7971,13757,17194,20740,19691,16262,15564
ENSMUSG00000109168,Gm44709,0,0,0,0,1,0,1,0,3,0,1,2
ENSMUSG00000030411,Nova2,11,12,7,4,7,6,5,7,13,17,7,8
ENSMUSG00000037563,Rps16,72,95,64,87,65,42,81,82,65,49,47,58
ENSMUSG00000077711,AF357399,19,31,15,22,18,4,8,17,24,20,12,13
ENSMUSG00000051965,Nanos2,0,0,0,0,0,0,0,0,0,0,0,0
ENSMUSG00000108428,Gm45058,0,0,0,0,0,0,0,0,0,0,0,0
ENSMUSG00000047371,Zfp768,39,58,39,41,33,13,25,41,31,35,30,27
ENSMUSG00000074355,Gm10676,41,47,32,18,32,8,37,43,27,30,26,33
ENSMUSG00000048481,Mypop,61,58,44,42,61,29,30,44,51,51,59,68
ENSMUSG00000038520,Tbc1d17,313,331,285,247,347,112,272,300,329,288,294,295
ENSMUSG00000054381,Zfp747,213,212,202,203,194,135,191,209,213,188,218,208
ENSMUSG00000086533,Mypopos,34,35,34,28,39,35,21,28,27,36,59,56
ENSMUSG00000044030,Irf2bp1,952,891,643,682,1056,277,708,733,1049,899,1014,1051
ENSMUSG00000040891,Foxa3,1,0,1,0,0,5,0,0,0,0,0,0
ENSMUSG00000030823,9130019O22Rik,175,175,124,131,150,68,121,134,128,153,128,84
ENSMUSG00000078580,E430018J23Rik,219,179,203,212,169,86,147,162,178,155,112,124
ENSMUSG00000074184,Smt3h2-ps2,0,0,0,0,0,0,0,1,1,0,2,0
ENSMUSG00000025790,Slco3a1,2044,2429,2246,2492,1594,854,2213,2611,1592,1689,1096,1023
ENSMUSG00000045757,Zfp764,269,245,191,229,261,122,225,229,266,243,263,257
ENSMUSG00000031027,Stk33,0,1,0,1,0,0,0,1,0,0,0,0
ENSMUSG00000085161,Gm7580,0,0,0,0,0,0,0,0,0,0,0,0
ENSMUSG00000108663,Gm33080,0,0,0,0,0,0,0,0,0,0,0,0
ENSMUSG00000108570,Gm7726,0,0,0,0,0,0,0,0,0,0,0,0
ENSMUSG00000081370,Gm9105,13,8,5,5,7,1,3,8,9,5,1,8
ENSMUSG00000108468,Gm30459,0,0,0,0,0,0,0,0,0,0,0,0
ENSMUSG00000085407,1700095J03Rik,0,2,3,1,1,0,0,0,0,1,1,0
ENSMUSG00000108652,0610006L08Rik,0,0,0,0,0,0,0,0,0,0,0,0
ENSMUSG00000108642,Gm44903,0,0,0,0,0,0,0,0,0,0,0,0
ENSMUSG00000108716,Gm44902,0,0,0,0,0,0,0,0,0,0,0,0
ENSMUSG00002076151,#N/A,0,0,0,0,0,0,0,0,0,0,0,0
ENSMUSG00000045251,Zfp688,137,163,122,133,140,53,113,134,117,123,100,134
ENSMUSG00000108483,Gm45184,0,0,0,0,0,0,0,0,0,0,0,0
ENSMUSG00000108803,4930533N22Rik,0,0,0,0,0,2,0,0,0,1,0,0
ENSMUSG00000011096,Akt1s1,1048,1069,766,804,774,236,805,895,1038,908,862,790
ENSMUSG00000076051,Mir707,0,0,0,0,0,0,0,0,0,0,0,0
ENSMUSG00000048921,Zfp689,195,148,153,137,112,52,128,166,151,144,134,136
ENSMUSG00000086502,B130055M24Rik,261,237,196,189,263,173,125,185,235,196,322,259
ENSMUSG00000108465,Gm45110,55,69,76,58,93,126,37,68,49,57,111,79
ENSMUSG00000023118,Sympk,4649,4950,3845,3905,4288,1563,3181,4078,4282,3953,4187,4116
ENSMUSG00000030822,Prr14,1184,1191,866,930,919,582,962,998,1051,1000,1056,870
ENSMUSG00000040866,Rsph6a,2,1,2,2,0,1,0,2,0,2,0,0
ENSMUSG00000053025,Sv2b,0,0,0,1,0,3,2,0,0,0,0,0
ENSMUSG00000030410,Dmwd,203,188,115,98,117,55,86,98,109,103,184,172
ENSMUSG00002076991,#N/A,0,0,0,0,0,0,0,0,0,0,0,0
ENSMUSG00000031026,Trim66,698,732,395,426,321,227,290,346,440,400,340,302
ENSMUSG00000097247,1500012K07Rik,0,0,0,0,0,1,1,0,0,0,0,0
ENSMUSG00000069196,Gm10161,0,0,0,0,1,0,0,0,0,0,0,0
ENSMUSG00000108590,Gm44962,0,0,0,0,0,0,0,0,0,0,0,0
ENSMUSG00000046364,Rpl27a,1313,1107,975,978,774,387,886,886,1007,893,711,721
ENSMUSG00000065016,Snora3,0,0,0,0,0,0,0,0,0,0,0,0
ENSMUSG00002074947,#N/A,6,8,5,3,4,0,2,7,15,3,8,12
ENSMUSG00000077575,Gm24888,6,13,18,11,6,0,9,7,11,9,8,8
ENSMUSG00000042423,Fbrs,2832,2850,2089,2075,1690,898,1799,2300,2104,2003,1974,1861
ENSMUSG00000098267,Mir7060,0,1,0,0,1,0,0,1,0,0,2,1
ENSMUSG00002075536,#N/A,0,0,0,0,0,0,0,0,0,0,0,0
ENSMUSG00000101225,1700008J07Rik,29,26,35,14,25,40,31,22,31,38,30,39
ENSMUSG00000108287,Gm44473,0,0,0,0,0,0,0,0,0,0,0,0
ENSMUSG00000091292,Gm3104,0,0,0,0,0,0,0,0,0,0,0,0
ENSMUSG00000107972,Gm18198,0,0,0,0,0,0,0,0,0,0,0,0
ENSMUSG00000108259,Gm6727,0,0,0,0,0,0,0,0,0,0,0,0
ENSMUSG00000055452,Gm7353,5,9,7,8,4,1,9,5,10,6,5,3
ENSMUSG00000107523,Gm44451,0,0,0,0,0,0,0,0,0,0,0,0
ENSMUSG00000037552,Plekhg2,346,358,210,212,268,162,208,252,324,294,262,229
ENSMUSG00000108044,Gm44459,0,0,0,0,0,0,0,0,0,0,0,0
ENSMUSG00000107956,Speer9-ps1,0,0,0,0,0,0,0,0,0,0,0,0
ENSMUSG00000118413,Gm29708,0,0,0,0,0,0,0,0,0,0,0,0
ENSMUSG00000044786,Zfp36,260,293,265,265,244,135,278,302,277,262,286,268
ENSMUSG00000109455,Gm44710,4,2,2,1,1,1,0,1,1,0,1,2
ENSMUSG00000003444,Med29,186,223,145,173,155,131,191,170,213,179,161,158
ENSMUSG00000054753,AU018091,0,0,0,0,0,1,0,0,0,0,1,0
ENSMUSG00000107470,Gm3375,1,1,1,2,2,0,2,1,1,2,1,2
ENSMUSG00000077815,Mir290a,0,0,0,0,0,0,0,0,0,0,0,0
ENSMUSG00000106340,Mir290b,0,0,0,0,0,0,0,0,0,0,0,0
ENSMUSG00000078817,Nlrp12,0,0,1,0,0,0,0,0,0,0,0,0
ENSMUSG00000078008,Mir291a,0,0,0,0,0,0,0,0,0,0,0,0
ENSMUSG00000078041,Mir292,0,0,0,0,0,0,0,0,0,0,0,0
ENSMUSG00000104747,Mir292b,0,0,0,0,0,0,0,0,0,0,0,0
ENSMUSG00000078032,Mir291b,0,0,0,0,0,0,0,0,0,0,0,0
ENSMUSG00000078035,Mir293,0,0,0,0,0,0,0,0,0,0,0,0
ENSMUSG00000077903,Mir294,0,0,0,0,0,0,0,0,0,0,0,0
ENSMUSG00000077886,Mir295,0,0,0,0,0,0,0,0,0,0,0,0
ENSMUSG00000107413,Gm20553,0,0,0,0,0,0,0,0,0,0,0,0
ENSMUSG00000108105,Gm5340,0,0,0,1,0,0,0,1,0,0,0,0
ENSMUSG00000003437,Paf1,1627,1635,1262,1246,1313,1326,1250,1584,1481,1361,1528,1320
ENSMUSG00000068566,Myadm,29,37,46,35,27,12,47,45,28,22,16,20
ENSMUSG00000066406,Akap13,5058,5339,5263,5255,4277,2788,3548,5622,4297,4167,3941,3762
ENSMUSG00000109336,Samd4b,1377,1408,971,945,1002,560,881,1106,1121,975,1047,1035
ENSMUSG00000108542,Gm44834,1,1,1,2,1,1,0,0,1,2,0,1
ENSMUSG00000108560,Gm44695,1,0,2,0,0,0,4,1,0,2,1,1
ENSMUSG00000108557,Gm44835,0,0,1,0,0,2,1,0,3,0,0,1
ENSMUSG00002075782,#N/A,0,0,0,0,0,0,0,0,0,0,0,0
ENSMUSG00000108633,Gm44694,25,18,27,16,31,11,27,26,15,13,17,16
ENSMUSG00002076060,#N/A,0,0,0,0,0,0,0,0,1,0,1,0
ENSMUSG00000097415,AU020206,2948,3221,2762,2704,2566,1393,2250,2489,2514,2467,2417,2255
ENSMUSG00000097116,Gm26729,0,0,0,0,0,0,0,0,2,2,0,0
ENSMUSG00000031024,St5,51,50,35,31,41,15,24,36,42,37,37,58
ENSMUSG00000030409,Dmpk,17,11,6,8,3,11,4,5,6,3,14,5
ENSMUSG00000109499,Gm44864,0,0,0,0,0,0,0,0,0,0,0,0
ENSMUSG00000055652,Klhl25,363,411,251,279,244,94,281,288,311,280,239,253
ENSMUSG00000108495,Gm45139,0,0,0,0,0,0,0,0,0,0,0,0
ENSMUSG00000108467,Gm45211,0,0,0,0,0,0,0,0,0,0,0,0
ENSMUSG00000092659,Mir3100,0,0,0,0,0,0,0,0,0,0,0,0
ENSMUSG00000060791,Gmfg,464,569,417,501,432,318,507,581,594,591,493,435
ENSMUSG00000040841,Six5,90,103,73,55,97,30,61,62,70,80,125,143
ENSMUSG00000078816,Prkcg,1,0,0,3,0,1,1,2,0,1,1,0
ENSMUSG00000031023,Akip1,242,246,200,202,232,149,224,198,234,200,252,239
ENSMUSG00000085601,Gm4969,20,13,15,14,15,17,12,13,18,20,28,32
ENSMUSG00000069806,Cacng7,0,0,1,2,0,3,0,1,3,1,0,0
ENSMUSG00000030600,Lrfn1,120,132,53,55,67,25,64,87,84,100,78,93
ENSMUSG00000050428,Fbxo46,797,752,549,587,544,228,499,645,711,663,590,534
ENSMUSG00000107620,Gm44256,0,0,0,0,0,0,0,0,0,0,0,0
ENSMUSG00000107815,Gm44257,0,0,0,0,0,0,0,0,0,0,0,0
ENSMUSG00000109201,Gm6518,0,0,0,1,0,0,0,0,0,0,0,0
ENSMUSG00000099417,1700028B04Rik,1,0,1,1,0,0,0,0,1,1,0,2
ENSMUSG00000031022,BC051019,0,0,0,0,2,1,3,0,0,0,1,0
ENSMUSG00000035951,Ascl3,0,0,0,0,0,0,2,0,0,0,2,0
ENSMUSG00000059128,Ifnl2,0,0,2,0,0,0,0,0,0,0,0,0
ENSMUSG00000118574,AC136456.1,0,0,0,0,0,0,0,0,0,0,0,0
ENSMUSG00000053395,Cacng8,11,11,8,10,5,0,16,15,11,8,6,12
ENSMUSG00000107862,Gm44151,0,0,0,0,0,0,0,0,0,0,0,0
ENSMUSG00000094210,Gm23450,0,0,0,0,0,0,0,0,0,0,0,0
ENSMUSG00000030407,Qpctl,185,204,186,134,182,59,173,172,185,162,143,132
ENSMUSG00000107585,3300002P13Rik,0,0,0,0,1,0,0,0,0,0,0,0
ENSMUSG00000060747,Ifnl3,0,0,0,0,0,0,0,0,0,0,0,0
ENSMUSG00000108925,Gm19880,0,0,0,0,0,0,1,1,1,0,0,1
ENSMUSG00000084174,Sycn,0,0,0,0,0,0,0,0,0,0,0,0
ENSMUSG00000040824,Snrpd2,685,950,725,802,983,437,875,845,766,639,909,695
ENSMUSG00000002963,Pnkp,731,763,573,632,582,181,551,546,661,594,622,558
ENSMUSG00000078815,Cacng6,0,1,1,0,0,0,0,0,0,0,0,0
ENSMUSG00000107985,Gm35037,32,30,39,57,20,5,30,40,19,27,10,15
ENSMUSG00000031021,Tmem9b,388,483,340,403,281,128,414,405,344,345,290,268
ENSMUSG00000047586,Nccrp1,0,0,0,1,3,4,2,1,0,1,0,0
ENSMUSG00000109147,4930431P19Rik,11,12,7,6,10,5,5,7,3,3,6,3
ENSMUSG00000053877,Srcap,608,481,470,392,425,399,245,610,542,497,471,533
ENSMUSG00000053338,Tarm1,0,2,1,1,1,1,1,1,1,0,1,0
ENSMUSG00000034825,Nrip3,15,9,15,11,9,7,12,11,13,10,7,10
ENSMUSG00000107480,Gm44165,0,0,2,0,1,0,0,1,0,0,0,0
ENSMUSG00000119024,#N/A,0,0,0,0,0,0,0,0,0,0,0,0
ENSMUSG00000030602,Pak4,375,359,268,294,315,108,231,313,324,285,336,287
ENSMUSG00000118635,AC240460.1,0,0,0,0,0,0,0,0,0,0,0,0
ENSMUSG00000025754,Agbl1,0,0,0,0,0,1,0,0,0,0,0,0
ENSMUSG00000098558,Mir7049,0,0,0,0,0,0,0,0,0,0,0,0
ENSMUSG00000108758,Gm44921,0,0,0,0,0,0,0,0,0,0,0,0
ENSMUSG00000030406,Gipr,29,19,13,13,10,4,15,6,18,5,10,9
ENSMUSG00002075769,#N/A,0,0,0,0,0,0,0,0,0,0,0,0
ENSMUSG00000108644,Gm44920,0,0,0,0,0,0,0,0,0,0,0,0
ENSMUSG00000098009,Gm5597,0,0,0,0,0,0,0,1,0,0,0,0
ENSMUSG00000107023,Gm42715,43,28,46,35,19,33,33,34,35,25,38,35
ENSMUSG00000108514,2310001K20Rik,0,0,0,0,0,0,0,0,0,0,0,0
ENSMUSG00000108771,Gm45210,0,0,0,0,0,0,0,0,0,0,0,0
ENSMUSG00000065259,Snora30,2,2,1,0,4,1,3,2,3,5,2,6
ENSMUSG00000101845,Gm28198,1,1,0,0,1,0,0,0,0,0,1,0
ENSMUSG00000108611,Gm44879,0,0,0,0,0,0,0,0,0,0,0,0
ENSMUSG00000108324,Gm44608,0,0,0,0,0,0,0,0,0,0,0,0
ENSMUSG00000064940,Gm23239,0,0,0,0,0,0,0,0,0,0,0,0
ENSMUSG00000106715,Tmem265,0,0,0,0,0,0,0,0,0,0,0,0
ENSMUSG00002076215,#N/A,0,0,0,0,0,0,0,0,0,0,0,0
ENSMUSG00000039361,Picalm,13354,13609,12270,11956,11886,9838,9761,12301,12642,12203,10120,9568
ENSMUSG00000054594,Oscar,13,15,16,8,10,3,2,6,8,7,12,6
ENSMUSG00000109429,Gm45223,83,44,61,61,23,39,30,59,68,61,35,72
ENSMUSG00000109498,Gm45222,93,93,134,105,51,82,60,102,87,87,57,84
ENSMUSG00000109005,Gm45221,459,505,473,485,90,106,162,392,379,464,112,130
ENSMUSG00000109279,Gm45220,77,68,65,64,40,50,30,41,60,45,47,81
ENSMUSG00000038502,Ptov1,35,58,36,44,37,10,56,56,35,48,42,46
ENSMUSG00000035674,Ndufa3,367,438,396,445,528,157,485,446,430,386,434,404
ENSMUSG00000030815,Phkg2,570,560,537,545,473,285,594,658,500,473,543,455
ENSMUSG00000037469,Acp7,0,0,0,0,0,0,0,0,0,0,0,0
ENSMUSG00000007279,Scube2,0,0,0,0,0,1,0,0,0,0,0,0
ENSMUSG00000108905,Gm44618,0,0,0,0,0,0,0,0,0,0,0,0
ENSMUSG00000108865,Gm44617,0,0,0,0,0,0,0,0,0,0,0,0
ENSMUSG00000057176,Ccdc189,2,2,1,0,3,0,4,2,2,1,4,8
ENSMUSG00000030617,Ccdc83,1,1,2,0,0,0,0,2,0,0,0,0
ENSMUSG00000006335,Tfpt,409,436,324,357,327,148,342,363,373,336,376,302
ENSMUSG00002076555,#N/A,0,0,0,0,0,0,0,0,0,0,0,0
ENSMUSG00000037463,Fbxo27,8,11,1,4,7,2,10,6,7,9,7,10
ENSMUSG00000030598,Fbxo17,206,265,193,182,157,54,170,137,276,274,129,118
ENSMUSG00000045948,Mrps12,556,595,512,455,606,250,531,456,579,494,643,615
ENSMUSG00000035901,Dennd5a,3421,4045,3641,3958,2621,1519,2367,3373,3784,3715,1855,1766
ENSMUSG00000030816,Rnf40,3210,3419,2623,2655,2394,1136,2191,2863,2854,2689,2568,2227
ENSMUSG00000059146,Ntrk3,611,617,534,429,889,653,577,621,672,582,822,722
ENSMUSG00000108677,Gm44759,2,0,0,0,1,0,3,0,0,1,0,4
ENSMUSG00000099579,1700120K04Rik,0,0,0,0,0,0,1,0,0,1,0,0
ENSMUSG00000108630,Gm44607,0,0,0,0,0,0,0,0,0,0,0,0
ENSMUSG00000108788,4921513I08Rik,0,0,0,0,0,0,0,0,0,0,0,0
ENSMUSG00000070699,Sars2,609,708,624,597,635,257,534,575,667,608,597,551
ENSMUSG00000108390,Gm39038,0,1,1,0,0,1,1,0,0,0,1,1
ENSMUSG00000052629,Gm9885,13,18,17,13,27,6,27,18,33,10,21,21
ENSMUSG00000040811,Eml2,456,498,350,358,329,114,351,362,338,315,295,353
ENSMUSG00000096257,Ccer2,0,0,0,2,1,0,0,2,0,0,0,0
ENSMUSG00000065543,Mir330,0,0,0,0,0,0,0,0,0,0,0,0
ENSMUSG00000044317,Gpr4,2,2,1,2,5,2,2,1,3,3,0,1
ENSMUSG00000030612,Mrpl46,772,836,655,702,684,482,776,730,815,761,709,639
ENSMUSG00000108536,Gm45059,15,19,25,11,21,11,10,17,18,13,12,19
ENSMUSG00000052214,Opa3,1208,1302,964,1057,1157,458,1162,1247,1197,1100,1096,1043
ENSMUSG00000064580,Gm25134,0,3,1,4,1,7,2,3,1,0,9,2
ENSMUSG00000045639,Zfp629,226,216,155,152,210,91,122,184,182,171,201,176
ENSMUSG00000030595,Nfkbib,2687,3114,2302,2603,2250,1164,2440,2678,2696,2521,1821,1782
ENSMUSG00000108766,Gm44760,0,0,0,0,0,0,0,0,0,0,0,0
ENSMUSG00000030611,Mrps11,546,606,519,503,614,203,605,573,625,519,530,509
ENSMUSG00000108603,5330411O13Rik,0,0,0,0,0,0,0,0,0,0,0,0
ENSMUSG00000030403,Vasp,7781,8284,5573,6238,5179,1160,5067,5417,7737,6982,5208,4981
ENSMUSG00000089636,1700058P15Rik,0,0,2,0,0,0,0,1,0,0,0,0
ENSMUSG00000030814,Bcl7c,730,693,539,539,551,196,602,591,760,580,567,664
ENSMUSG00000108801,Gm39090,0,0,0,0,0,0,0,0,0,0,0,0
ENSMUSG00000076454,Mir762,9,2,2,7,2,2,7,4,17,13,8,4
ENSMUSG00000030610,Det1,382,434,306,313,484,196,338,345,416,399,434,425
ENSMUSG00000108791,1700011D18Rik,1,1,3,10,2,0,0,2,5,1,4,0
ENSMUSG00000030402,Ppm1n,3,2,0,0,1,0,3,0,1,1,2,1
ENSMUSG00000108385,Gm44730,0,0,0,0,0,0,0,0,0,0,0,0
ENSMUSG00000065609,Mir7-2,0,0,0,0,0,0,0,0,0,0,0,0
ENSMUSG00000042340,Ctf1,1,4,0,0,3,0,2,1,2,2,2,3
ENSMUSG00000008373,Prpf31,4079,4529,3340,3458,3544,1961,3081,3593,4154,3584,4042,3492
ENSMUSG00000060034,Ctf2,0,0,0,0,0,0,0,0,0,0,0,0
ENSMUSG00000047554,Tmem41b,144,178,128,110,134,67,113,135,146,138,119,113
ENSMUSG00000085039,Gm15927,8,5,1,1,4,1,1,7,8,4,2,8
ENSMUSG00002075706,#N/A,0,0,0,0,0,0,0,0,0,0,0,0
ENSMUSG00000101585,1600010M07Rik,0,0,0,0,0,1,0,0,0,0,0,0
ENSMUSG00000065389,Gm23100,0,0,0,0,0,0,0,0,0,0,0,0
ENSMUSG00000030401,Rtn2,22,26,6,7,16,8,16,12,25,13,12,15
ENSMUSG00000097266,Gm26802,0,0,0,0,0,0,0,0,0,0,0,0
ENSMUSG00000030609,Aen,3047,3188,2533,2587,2491,1227,2197,2544,2900,2562,2722,2566
ENSMUSG00000002968,Med25,1670,1711,1264,1260,1433,567,1275,1343,1509,1372,1485,1436
ENSMUSG00000066232,Ipo7,11764,12678,10426,10404,11004,9619,8082,10645,10372,10702,11135,10388
ENSMUSG00000109198,D7Bwg0826e,48,33,39,42,25,20,39,42,51,28,24,14
ENSMUSG00000064600,Gm25636,3,0,1,1,0,1,0,0,1,1,2,1
ENSMUSG00000064451,Snora23,9,6,2,7,5,3,3,6,9,3,5,7
ENSMUSG00000003545,Fosb,58,57,85,81,70,21,39,60,57,63,37,21
ENSMUSG00000073867,AA474408,7,5,10,7,11,3,12,8,4,4,12,7
ENSMUSG00000108854,D830036C21Rik,0,1,1,1,1,1,0,0,0,0,1,0
ENSMUSG00000109366,Gm44698,0,0,0,1,1,0,0,0,1,0,1,1
ENSMUSG00000035632,Cnot3,3179,3020,2422,2395,2550,2333,2383,3045,2768,2520,2945,2528
ENSMUSG00000093290,Mir3572,0,0,0,0,0,0,0,0,0,0,0,0
ENSMUSG00000078813,Leng1,232,247,196,201,215,178,186,236,239,148,251,214
ENSMUSG00000039236,Isg20,289,359,326,396,308,254,402,433,357,344,315,340
ENSMUSG00000108670,Gm44815,0,0,0,0,0,0,0,0,0,0,0,0
ENSMUSG00000097441,Gm26633,0,0,0,0,0,0,0,0,0,0,0,0
ENSMUSG00000030811,Fbxl19,115,94,74,69,169,44,74,99,110,102,176,195
ENSMUSG00000043964,Orai3,386,441,275,331,303,103,280,331,356,325,276,296
ENSMUSG00000030607,Acan,1,3,5,3,3,2,3,2,5,2,2,2
ENSMUSG00000003549,Ercc1,1122,1255,1007,1061,984,332,994,989,1053,907,853,854
ENSMUSG00000047649,Cd3eap,2667,2939,2055,2263,1948,1047,2411,2415,2643,2554,2402,2030
ENSMUSG00000030606,Hapln3,0,0,0,0,0,0,0,0,0,0,0,0
ENSMUSG00000040734,Ppp1r13l,109,99,65,56,58,28,66,83,73,65,102,79
ENSMUSG00000019734,Tmc4,45,40,31,53,43,33,48,43,31,19,62,62
ENSMUSG00000086032,Gm15929,1,2,3,4,0,0,2,0,3,1,2,0
ENSMUSG00000061079,Zfp143,808,820,709,680,729,620,540,715,745,720,685,581
ENSMUSG00000109904,Gm45819,0,0,0,0,1,0,0,0,0,0,0,0
ENSMUSG00000042308,Setd1a,1686,1718,1428,1340,1282,918,1086,1654,1400,1367,1364,1199
ENSMUSG00000015149,Sirt2,1277,1503,955,1067,1109,624,901,1155,1094,1125,1122,938
ENSMUSG00000031016,Wee1,1149,1206,1006,956,1026,559,882,998,1271,1140,1101,1096
ENSMUSG00000108815,Gm49388,0,0,0,0,0,0,0,0,0,0,0,0
ENSMUSG00000108402,9430064I24Rik,2,1,2,2,2,0,1,1,1,1,0,0
ENSMUSG00000031015,Swap70,557,558,500,464,508,354,430,540,527,461,456,459
ENSMUSG00000109799,Gm45515,1,3,0,0,0,0,1,0,0,0,2,0
ENSMUSG00000110102,Gm9132,2,1,1,1,3,0,3,0,2,0,0,2
ENSMUSG00000051735,Rinl,2833,3047,2031,2068,1919,817,1810,1921,2586,2366,2332,2275
ENSMUSG00000035596,Mboat7,894,952,692,686,604,264,682,828,756,638,679,630
ENSMUSG00000011658,Fuz,167,145,115,123,182,82,131,146,147,130,178,186
ENSMUSG00000030605,Mfge8,235,259,248,254,297,108,241,264,197,203,134,146
ENSMUSG00000108387,Gm31510,0,0,0,0,0,0,0,0,0,0,0,0
ENSMUSG00000042289,Hsd3b7,7,11,10,8,17,15,4,11,10,7,19,13
ENSMUSG00000039202,Abhd2,4379,4927,3838,3839,3449,1794,3033,4249,4009,3806,2625,2415
ENSMUSG00000108521,Gm44639,3,7,4,4,5,2,5,8,6,9,6,4
ENSMUSG00000108460,Gm39041,5,0,6,2,4,9,2,8,5,12,8,7
ENSMUSG00002076442,#N/A,0,0,0,0,0,0,0,0,0,0,0,0
ENSMUSG00000030806,Stx1b,23,29,12,20,17,9,4,17,15,12,11,8
ENSMUSG00000108808,Gm45204,0,0,0,0,0,0,0,0,1,0,0,0
ENSMUSG00000035585,Tsen34,128,123,99,107,112,34,125,136,132,100,123,114
ENSMUSG00000030805,Stx4a,728,812,576,637,617,357,646,680,757,667,737,725
ENSMUSG00000006333,Rps9,14603,16131,12361,14077,14002,6306,14326,14806,16260,14074,13665,12364
ENSMUSG00000049728,Zfp668,538,567,440,451,497,194,376,497,478,460,474,448
ENSMUSG00000049739,Zfp646,3250,3134,2657,2491,2575,1254,1851,2797,2919,2651,2681,2544
ENSMUSG00000015165,Hnrnpl,8011,8368,5965,5860,7637,3748,5328,6146,7459,6921,8746,7958
ENSMUSG00000109420,Gm44702,0,3,0,0,1,0,1,0,1,0,0,0
ENSMUSG00000030400,Ercc2,1954,2026,1757,1711,1453,475,1390,1679,1804,1660,1274,1441
ENSMUSG00000044139,Prss53,0,1,0,2,0,0,1,1,0,3,5,2
ENSMUSG00000097231,Gm26852,0,1,1,1,0,0,1,0,0,2,2,1
ENSMUSG00000076315,Mir343,2,4,4,1,3,1,3,3,4,1,7,5
ENSMUSG00000030804,Gm21974,0,0,0,0,0,0,0,0,0,0,0,0
ENSMUSG00000053898,Ech1,780,892,534,611,449,175,611,637,592,501,552,510
ENSMUSG00000038371,Sbf2,253,267,185,194,264,194,152,253,267,230,195,240
ENSMUSG00000096145,Vkorc1,31,32,28,24,35,19,44,33,16,14,33,28
ENSMUSG00000108479,2200002A13Rik,2,0,0,0,0,0,0,0,0,0,0,0
ENSMUSG00000091117,Gm9064,0,0,0,0,0,0,0,0,0,0,0,0
ENSMUSG00000090855,Gm17219,0,0,0,0,0,0,0,0,0,0,0,0
ENSMUSG00000060777,Gm10087,0,2,0,0,1,0,1,1,1,0,2,0
ENSMUSG00000099803,Gm28863,0,0,0,0,0,0,0,0,0,0,0,0
ENSMUSG00000058818,Pirb,0,1,0,2,0,0,0,0,4,1,1,0
ENSMUSG00000039194,Rlbp1,0,2,1,2,1,0,0,0,0,0,1,0
ENSMUSG00000030790,Adm,7,8,7,12,8,4,6,3,6,4,2,4
ENSMUSG00000109700,Gm21123,0,0,0,0,0,0,0,0,0,0,0,0
ENSMUSG00000109749,Gm18907,0,0,0,0,0,0,0,0,0,0,0,0
ENSMUSG00000110062,B430319F04Rik,0,1,0,0,0,1,0,0,0,0,2,1
ENSMUSG00000081665,Gm15922,0,0,0,0,0,0,0,0,0,0,0,0
ENSMUSG00000030616,Sytl2,507,582,477,489,349,288,366,564,441,402,371,334
ENSMUSG00000074418,Gm15930,0,0,0,0,0,0,0,0,0,0,0,0
ENSMUSG00000080917,Gm15925,0,0,0,0,0,0,0,0,0,0,0,0
ENSMUSG00000044362,Ccdc89,0,2,0,0,0,1,2,1,0,2,1,1
ENSMUSG00000053964,Lgals4,101,111,88,71,54,29,64,74,70,63,66,63
ENSMUSG00000108930,Gm10648,3,0,1,0,0,0,2,1,0,0,0,1
ENSMUSG00000051451,Crebzf,2490,2498,1791,1980,2357,1056,1588,1896,2551,2432,2587,2602
ENSMUSG00000040714,Klc3,44,42,27,31,39,16,45,39,41,21,52,50
ENSMUSG00000053522,Lgals7,78,110,89,96,62,27,87,88,85,69,39,41
ENSMUSG00000030615,Tmem126a,328,330,243,287,262,122,284,275,303,283,317,329
ENSMUSG00000109216,Gm44907,1,1,0,2,2,5,2,4,0,0,0,1
ENSMUSG00000030614,Tmem126b,135,145,134,156,168,151,144,163,153,109,181,169
ENSMUSG00000060279,Ap2a1,1988,2186,1622,1611,1597,487,1400,1583,1780,1636,1664,1506
ENSMUSG00000030399,Ckm,4,5,4,5,1,3,4,2,2,2,1,0
ENSMUSG00000030802,Bckdk,599,778,566,515,754,286,625,644,659,585,793,671
ENSMUSG00000040705,A930016O22Rik,9,3,3,7,4,0,4,0,1,5,1,5
ENSMUSG00000054083,Capn12,1,0,0,1,0,3,0,0,1,0,0,0
ENSMUSG00000109307,Gm44700,1,1,5,0,2,0,0,1,3,0,0,0
ENSMUSG00000005686,Ampd3,20,20,5,11,9,3,10,22,11,10,13,10
ENSMUSG00000030801,Kat8,529,567,474,433,526,242,444,463,524,438,579,509
ENSMUSG00000030800,Prss8,0,0,0,1,0,0,0,0,0,0,2,0
ENSMUSG00000059891,Tsks,0,0,0,0,0,1,0,0,0,0,0,0
ENSMUSG00000030397,Mark4,957,886,662,672,658,283,601,703,745,656,671,595
ENSMUSG00000065388,Gm23099,0,0,0,0,0,0,0,0,0,0,0,0
ENSMUSG00000011263,Exoc3l2,2,2,0,1,0,2,1,1,0,5,1,3
ENSMUSG00000109301,Gm45167,0,0,0,0,1,0,0,0,0,0,0,0
ENSMUSG00000057667,Bloc1s3,117,163,123,130,97,28,123,116,132,123,111,107
ENSMUSG00000030788,Rnf141,245,228,185,173,233,158,192,231,189,194,188,218
ENSMUSG00002076727,#N/A,0,0,0,0,0,0,0,0,0,0,0,0
ENSMUSG00000030787,Lyve1,0,0,0,0,0,0,0,0,0,0,0,0
ENSMUSG00000070371,Prss36,41,56,38,36,73,23,48,60,63,48,71,61
ENSMUSG00000039187,Fanci,145,155,166,169,256,157,168,200,132,139,230,244
ENSMUSG00000082400,Gm16017,0,0,0,0,0,0,0,0,0,0,0,0
ENSMUSG00000002043,Trappc6a,463,603,517,643,444,95,709,563,501,393,270,289
ENSMUSG00000060621,Nkpd1,26,40,20,30,45,11,18,18,32,51,50,60
ENSMUSG00000051403,Ppp1r37,1028,1025,876,821,706,285,680,864,903,920,691,765
ENSMUSG00000007783,Cpt1c,11,14,14,12,7,5,7,11,9,4,4,4
ENSMUSG00000054808,Actn4,11858,12430,9254,9312,9864,5593,8419,10080,11612,10363,9614,8859
ENSMUSG00000044709,Gemin7,493,621,459,466,485,142,578,492,548,495,469,482
ENSMUSG00000109111,6530437J22Rik,0,1,0,1,0,0,0,0,1,0,0,1
ENSMUSG00000109314,Gm44699,16,7,16,8,7,8,8,16,16,13,9,17
ENSMUSG00000011267,Zfp296,481,561,327,406,318,144,334,341,458,372,366,328
ENSMUSG00000005611,Mrvi1,14,7,8,6,4,6,2,19,8,2,5,3
ENSMUSG00000087160,Gm16336,0,0,0,0,0,0,0,0,0,0,0,0
ENSMUSG00000053565,Eif3k,4684,5581,4066,4501,4439,2057,4525,4306,4960,4279,3992,3919
ENSMUSG00000030795,Fus,8074,7678,6645,6548,7548,7438,6685,7230,8174,7356,8481,8057
ENSMUSG00000074419,Gm15448,0,0,0,0,0,0,0,0,0,0,0,0
ENSMUSG00000030793,Pycard,399,475,367,409,414,205,418,372,475,416,385,376
ENSMUSG00000108353,Gm45205,5,2,4,1,7,1,6,2,4,3,1,2
ENSMUSG00000087530,Gm15533,0,0,0,0,0,0,0,0,0,0,0,0
ENSMUSG00000089942,Pira2,0,0,0,0,0,0,0,0,0,0,0,0
ENSMUSG00000005609,Ctr9,1932,1921,1539,1547,1440,1148,1226,1633,1718,1533,1488,1325
ENSMUSG00000074420,Gm10693,0,0,0,0,0,0,0,0,0,0,0,0
ENSMUSG00000042828,Trim72,1,0,0,0,0,0,0,0,0,0,1,0
ENSMUSG00000074417,Gm14548,0,0,0,1,0,0,0,0,0,0,0,0
ENSMUSG00000108437,Gm19366,0,0,1,0,0,0,0,0,2,0,0,0
ENSMUSG00000108696,Gm5738,0,0,0,0,1,0,0,0,0,0,0,0
ENSMUSG00000108381,Gm9299,0,0,0,0,0,0,0,0,0,0,0,0
ENSMUSG00000064677,Gm22809,0,0,0,0,0,0,0,0,0,0,0,0
ENSMUSG00000030427,Lilra6,2,0,0,0,0,0,0,0,0,0,0,0
ENSMUSG00000108593,Gm44581,0,0,0,0,0,0,0,0,0,0,0,0
ENSMUSG00000108765,Gm44580,0,0,0,0,0,0,0,0,0,0,0,0
ENSMUSG00000108712,Gm3189,0,0,0,0,0,0,0,0,0,0,0,0
ENSMUSG00000108505,1700095K22Rik,0,0,0,0,0,0,0,0,0,0,0,0
ENSMUSG00000083344,Gm7363,8,9,3,12,5,6,7,9,11,6,10,6
ENSMUSG00000082093,Gm15928,0,0,0,0,0,0,0,0,0,0,0,0
ENSMUSG00000039176,Polg,2052,2228,1858,1737,1841,737,1495,1923,1980,1790,1699,1764
ENSMUSG00000108599,Gm10616,1,1,1,2,1,0,0,2,1,0,3,0
ENSMUSG00000097023,Mir9-3hg,0,0,0,0,0,0,0,0,0,0,0,0
ENSMUSG00000093238,Mir9-3,0,0,0,0,0,0,0,0,0,0,0,0
ENSMUSG00000102995,A330074H02Rik,0,1,0,0,0,0,0,0,0,0,0,0
ENSMUSG00000103663,2900037B21Rik,0,0,0,0,0,0,0,0,0,0,0,0
ENSMUSG00000103831,Gm37608,0,0,0,0,0,0,0,0,0,0,0,0
ENSMUSG00000108616,Gm35040,1,0,0,0,1,9,0,0,0,0,0,0
ENSMUSG00000108373,Gm45168,0,0,0,0,0,0,0,0,0,0,0,0
ENSMUSG00000108776,Gm45169,0,0,0,0,0,0,0,0,0,0,0,0
ENSMUSG00000037337,Map4k1,2751,2938,2195,2128,2382,1169,1878,2035,2607,2302,2195,2057
ENSMUSG00000052572,Dlg2,445,438,287,291,198,147,144,203,241,239,161,172
ENSMUSG00000030549,Rhcg,0,1,0,0,0,0,1,0,0,0,1,0
ENSMUSG00000108318,Gm45170,0,0,0,0,0,0,0,0,0,0,0,0
ENSMUSG00000109074,Gm45162,0,0,0,0,0,0,0,0,0,0,0,1
ENSMUSG00000109242,A930002H02Rik,0,1,1,0,1,3,0,0,1,0,3,1
ENSMUSG00000109431,Gm45161,0,0,0,0,0,0,0,0,0,0,0,0
ENSMUSG00000109125,Gm45159,0,0,0,0,0,0,0,0,0,0,0,0
ENSMUSG00000109562,Gm45178,0,0,2,0,0,3,0,0,0,0,0,1
ENSMUSG00000108956,Gm45179,0,0,0,0,0,0,0,0,0,0,1,0
ENSMUSG00002075258,#N/A,0,0,0,0,0,0,0,0,0,0,0,0
ENSMUSG00002075035,#N/A,0,0,0,0,0,0,0,0,0,0,0,0
ENSMUSG00000109239,Gm45176,0,0,0,0,0,0,0,0,0,0,0,0
ENSMUSG00000108819,Gm45177,0,0,0,0,0,0,0,0,0,0,0,0
ENSMUSG00000109387,Gm45182,0,0,0,0,0,0,0,0,0,0,0,0
ENSMUSG00000089271,Gm24552,0,0,0,0,0,0,0,0,0,0,0,0
ENSMUSG00000109353,Gm45183,0,0,0,0,0,0,0,0,0,0,0,0
ENSMUSG00000108920,Gm44678,0,0,0,0,0,0,0,0,0,0,0,0
ENSMUSG00002074863,#N/A,0,0,0,0,0,0,0,0,0,0,0,0
ENSMUSG00000109320,Gm44679,0,0,0,0,0,0,0,0,0,0,0,0
ENSMUSG00000109370,Gm44675,0,0,0,0,0,0,0,0,0,0,0,0
ENSMUSG00000109217,Gm44676,0,0,0,0,0,0,1,0,0,0,1,0
ENSMUSG00000109505,Gm44677,0,0,0,0,0,0,0,0,0,0,0,0
ENSMUSG00000109044,Gm44680,0,0,0,0,0,0,0,0,0,0,0,0
ENSMUSG00000109256,Gm44681,0,0,0,0,0,0,0,0,0,0,0,0
ENSMUSG00000064403,Gm23928,0,0,0,0,0,0,0,0,0,0,0,0
ENSMUSG00000109037,C030038I04Rik,0,0,0,0,0,0,0,0,0,0,0,0
ENSMUSG00000109481,Gm45130,0,0,0,0,0,0,0,0,0,0,0,0
ENSMUSG00000108953,Gm45129,0,0,0,0,0,0,0,0,0,0,0,0
ENSMUSG00000109191,Gm45131,0,0,0,0,0,0,0,0,0,0,0,0
ENSMUSG00000061028,Clasrp,1151,1035,903,889,989,569,793,967,1055,906,1131,1041
ENSMUSG00000108826,4931412I15Rik,0,0,0,0,0,0,0,0,0,0,0,0
ENSMUSG00000109382,4930567K12Rik,0,0,0,0,0,0,0,0,0,0,0,0
ENSMUSG00000109574,B230206I08Rik,0,2,2,3,1,2,3,0,2,2,0,0
ENSMUSG00000109031,Gm45201,3,5,3,5,2,3,1,3,4,3,1,3
ENSMUSG00000005610,Eif4g2,40630,44126,34421,34733,35922,22634,27923,35935,38302,36255,35543,32414
ENSMUSG00000088948,Gm23262,6,2,2,9,1,9,2,6,0,2,4,1
ENSMUSG00000110424,1700012D14Rik,22,27,29,20,23,29,30,33,16,31,32,31
ENSMUSG00000110326,Gm45378,0,0,0,0,1,0,0,0,0,3,1,5
ENSMUSG00000109324,Prmt1,4843,5752,4447,4677,5600,2489,4870,4823,5625,4833,5395,4915
ENSMUSG00000118555,AC150312.1,7,2,5,1,1,6,1,3,0,1,4,4
ENSMUSG00000109808,5430402P08Rik,0,0,0,0,0,0,0,0,0,0,0,0
ENSMUSG00000109867,Gm5338,0,0,0,0,0,0,1,0,0,0,0,0
ENSMUSG00000087138,Gm15545,11,14,21,13,19,21,16,16,19,16,24,29
ENSMUSG00000055541,Lair1,39,38,22,28,11,7,17,16,28,19,20,11
ENSMUSG00000086155,9430041J12Rik,0,0,0,0,0,0,0,0,0,0,0,0
ENSMUSG00000075719,Gm23741,0,0,0,0,0,0,0,0,0,0,0,0
ENSMUSG00000003190,Bcl2l12,196,221,163,153,200,113,176,165,179,172,246,213
ENSMUSG00000038296,Galnt18,0,0,0,0,0,1,0,0,0,0,0,0
ENSMUSG00000030613,Ccdc90b,83,82,54,58,65,46,63,61,77,55,56,55
ENSMUSG00002074927,#N/A,0,0,0,0,0,0,0,0,0,0,0,0
ENSMUSG00000110065,Gm45588,0,1,0,0,0,1,0,0,1,0,2,1
ENSMUSG00000065751,Gm23345,0,0,0,0,0,0,0,0,0,0,0,0
ENSMUSG00000046591,Ticrr,865,847,972,950,1018,705,891,1289,813,699,853,824
ENSMUSG00000002983,Relb,3262,3745,2950,3216,2558,722,2669,2862,3367,3180,2040,2078
ENSMUSG00000003184,Irf3,1490,1557,1196,1191,1324,545,1107,1200,1525,1299,1434,1268
ENSMUSG00000002981,Clptm1,4108,4551,3209,3409,3643,1703,3048,3546,3992,3428,3259,3238
ENSMUSG00000002992,Apoc2,0,0,0,0,0,0,0,0,0,0,0,0
ENSMUSG00000109350,Gm44805,0,0,0,0,0,0,0,0,0,0,0,0
ENSMUSG00000074336,Apoc4,0,0,0,0,0,0,1,0,0,0,0,0
ENSMUSG00000038406,Scaf1,3912,4008,3062,3068,3276,1491,2648,3517,3448,3275,3585,3168
ENSMUSG00000098839,Mir7054,0,0,0,0,1,0,0,0,0,3,0,0
ENSMUSG00000041343,Ankrd42,4,2,1,4,1,1,2,3,3,4,2,1
ENSMUSG00000103887,Gm37008,6,1,2,0,2,2,1,1,2,3,0,3
ENSMUSG00000098066,Gm26944,15,22,6,12,36,49,8,8,14,14,33,33
ENSMUSG00000040564,Apoc1,0,0,0,0,0,0,1,0,0,0,0,0
ENSMUSG00000102555,6430511E19Rik,56,46,41,51,86,81,18,34,44,75,95,91
ENSMUSG00000038387,Rras,51,33,27,37,31,25,49,52,52,45,28,18
ENSMUSG00000050382,Kif7,137,141,97,101,113,68,83,114,110,96,127,160
ENSMUSG00000039133,9330171B17Rik,0,0,0,0,0,0,0,1,0,0,0,0
ENSMUSG00000046574,Prr12,1662,1444,1253,1174,1259,714,1138,1671,1449,1354,1569,1528
ENSMUSG00000041328,Pcf11,2386,2384,2102,2020,1922,1924,1624,2212,1957,1941,2160,1860
ENSMUSG00000109395,Gm45199,0,0,0,0,0,0,0,0,0,0,0,0
ENSMUSG00000098041,Gm26981,0,0,0,0,0,0,0,0,0,0,0,0
ENSMUSG00000074024,4632427E13Rik,143,105,115,95,144,144,78,108,130,145,153,154
ENSMUSG00000002985,Apoe,385,344,368,310,290,137,374,370,291,267,292,256
ENSMUSG00000059263,Usp47,2412,2558,1938,1945,1824,1600,1466,1995,2163,1978,1925,1700
ENSMUSG00000030786,Itgam,7,3,6,6,4,9,4,4,6,4,8,3
ENSMUSG00000030643,Rab30,4,0,0,0,1,0,2,3,1,1,1,1
ENSMUSG00000030772,Dkk3,2,0,1,0,0,0,1,0,0,1,0,0
ENSMUSG00000109257,Gm45200,0,0,0,0,0,0,0,0,0,0,0,0
ENSMUSG00000108596,Gm49368,0,0,0,0,0,2,0,0,0,0,0,0
ENSMUSG00000108578,Gm45700,0,0,0,0,0,0,0,0,0,0,0,0
ENSMUSG00000007837,Prrg2,42,69,49,50,41,13,38,39,50,47,50,65
ENSMUSG00000030592,Ryr1,47,45,59,48,51,32,37,43,50,54,25,29
ENSMUSG00000030546,Plin1,0,0,0,0,1,1,0,0,1,0,0,0
ENSMUSG00000109017,Gm38979,0,0,1,3,2,3,1,2,3,0,0,1
ENSMUSG00002075339,#N/A,3,0,0,0,1,0,0,0,0,1,1,0
ENSMUSG00000097079,Gm26604,0,0,0,1,1,3,0,0,0,0,0,0
ENSMUSG00000089219,Mir1963,0,0,0,0,0,0,0,0,0,0,0,0
ENSMUSG00000030545,Pex11a,116,105,61,80,87,53,60,70,85,80,81,69
ENSMUSG00000108425,Gm44706,0,0,0,0,0,0,0,0,0,0,0,0
ENSMUSG00000030641,Ddias,321,375,338,331,494,446,391,471,292,278,454,440
ENSMUSG00000002984,Tomm40,5412,6097,4674,5021,5179,1547,4788,4876,5860,5062,4562,4483
ENSMUSG00000092381,Gm20512,6,5,1,4,6,1,10,5,10,4,2,5
ENSMUSG00000039099,Wdr93,0,1,0,0,0,0,0,0,0,0,0,0
ENSMUSG00000108506,Gm44705,2,0,0,1,1,0,0,1,0,1,0,2
ENSMUSG00000030544,Mesp1,1,2,0,1,0,0,0,0,0,0,0,0
ENSMUSG00000030543,Mesp2,1,1,2,1,0,0,0,0,3,0,3,0
ENSMUSG00000061119,Prcp,262,299,172,192,215,134,189,221,220,235,193,226
ENSMUSG00000109268,9530078K11Rik,1,3,1,1,1,0,1,1,2,0,1,0
ENSMUSG00000062300,Nectin2,4,9,3,6,14,4,9,14,6,14,19,6
ENSMUSG00000030789,Itgax,28,37,13,8,7,8,6,5,19,15,21,20
ENSMUSG00000030428,Ttyh1,4,2,1,0,0,3,2,0,1,0,1,0
ENSMUSG00000108729,Gm17831,0,0,0,0,0,0,0,0,0,0,0,0
ENSMUSG00000109175,Gm44947,0,0,0,0,0,3,0,0,0,0,0,0
ENSMUSG00000085886,D030047H15Rik,3,4,0,3,2,1,1,0,0,1,7,1
ENSMUSG00000109315,Gm45037,0,0,0,0,0,0,0,0,0,0,0,0
ENSMUSG00000109195,Gm45038,0,0,0,0,0,0,0,0,0,0,0,0
ENSMUSG00000109077,Gm8285,0,0,0,0,0,0,0,0,0,0,0,0
ENSMUSG00000109226,Gm45039,0,0,0,0,0,0,0,0,0,0,0,0
ENSMUSG00000109440,Bc1-ps1,0,0,0,0,0,0,0,0,0,0,0,0
ENSMUSG00000118493,AC107736.1,0,0,0,0,0,0,0,0,0,0,0,0
ENSMUSG00000108532,Gm32647,0,0,0,0,0,1,0,0,0,0,0,0
ENSMUSG00000096033,Gm5899,0,0,0,0,0,0,0,0,0,0,0,0
ENSMUSG00000108315,Gm44601,0,0,0,0,0,0,0,0,0,0,0,0
ENSMUSG00000108516,Gm44602,0,0,0,0,0,0,0,0,0,0,0,0
ENSMUSG00000108433,Gm19761,0,0,0,0,0,0,0,0,0,0,0,0
ENSMUSG00002075722,#N/A,0,0,0,0,0,0,0,0,0,0,0,0
ENSMUSG00000119638,#N/A,0,0,0,0,0,0,0,0,0,0,0,0
ENSMUSG00000108786,Gm8309,0,0,0,0,0,0,0,0,0,0,0,0
ENSMUSG00000108429,Gm44603,0,0,0,0,0,0,0,0,0,0,0,0
ENSMUSG00000108628,Gm5037,0,0,1,0,1,0,0,0,0,0,0,0
ENSMUSG00000003421,Nosip,679,727,564,653,609,399,685,663,691,592,570,597
ENSMUSG00000002980,Bcam,85,110,49,75,78,34,88,109,65,79,65,61
ENSMUSG00000109136,Gm45114,0,0,0,0,0,0,0,0,0,0,0,1
ENSMUSG00000097226,Gm26600,0,0,0,0,0,3,0,1,0,0,0,0
ENSMUSG00000039062,Anpep,0,1,0,0,0,1,0,3,0,0,1,1
ENSMUSG00000108476,Gm44974,0,0,2,0,0,0,0,0,0,0,0,0
ENSMUSG00000063801,Ap3s2,1186,1182,1031,1098,1074,487,947,1075,1229,1146,942,982
ENSMUSG00000097685,Gm26646,0,0,0,0,1,0,0,0,0,0,1,0
ENSMUSG00000097699,5430400D12Rik,15,15,6,8,5,3,14,8,4,11,4,6
ENSMUSG00000108350,Gm44950,0,0,2,0,0,0,0,0,0,0,0,0
ENSMUSG00000019539,Rcn3,118,137,85,84,29,21,50,80,83,97,51,32
ENSMUSG00000109947,Gm45669,0,0,2,0,0,0,0,0,0,0,0,0
ENSMUSG00000039043,Arpin,2,3,1,0,0,0,0,0,0,0,1,0
ENSMUSG00002076150,#N/A,0,0,0,0,0,0,0,0,0,0,0,0
ENSMUSG00000040525,Cblc,0,0,0,0,0,0,0,0,0,0,0,0
ENSMUSG00000003420,Fcgrt,7,6,6,4,3,1,0,1,1,1,1,0
ENSMUSG00000065495,Mir150,0,0,0,0,0,0,0,0,0,0,0,0
ENSMUSG00000038244,Mical2,26,33,18,17,13,14,19,23,16,10,15,12
ENSMUSG00000110279,Gm45552,31,28,18,19,17,17,17,7,29,36,27,23
ENSMUSG00000070369,Itgad,2,1,1,1,1,0,1,0,0,0,0,1
ENSMUSG00000035545,Leng8,2244,2375,2253,2068,2222,1452,1731,2208,2046,1995,2744,2550
ENSMUSG00000053175,Bcl3,1170,1216,1063,1087,1066,529,1251,1322,1035,986,898,897
ENSMUSG00000108531,Gm39091,0,0,0,0,0,0,0,0,0,0,0,0
ENSMUSG00000087206,Gm16175,0,0,0,0,0,0,0,0,0,0,0,0
ENSMUSG00000108354,4931431B13Rik,0,0,0,0,0,0,0,0,0,0,0,0
ENSMUSG00000043432,Leng9,45,29,34,45,41,15,34,29,43,48,34,35
ENSMUSG00000087593,Gm16174,0,8,3,4,4,0,1,4,5,0,4,1
ENSMUSG00000109424,Gm44658,0,0,0,0,0,0,0,0,0,1,1,0
ENSMUSG00000092216,Gm19345,0,0,0,0,1,0,1,0,0,0,1,1
ENSMUSG00000030785,Cox6a2,1,4,3,4,4,0,6,14,1,2,2,1
ENSMUSG00000108604,Gm44850,0,0,0,0,0,0,0,0,0,0,0,0
ENSMUSG00000063838,Cdc42ep5,0,0,0,0,0,0,0,0,0,1,0,0
ENSMUSG00000062944,9130023H24Rik,113,138,100,87,103,51,92,88,138,107,97,122
ENSMUSG00000003429,Rps11,10723,11576,8166,9275,9694,6861,11020,10884,11839,9823,10386,8888
ENSMUSG00000082782,Gm5319,0,3,3,0,1,0,1,1,3,2,0,0
ENSMUSG00000108641,Gm44807,0,0,0,0,0,0,0,0,0,0,0,0
ENSMUSG00000064767,Snord35b,0,0,0,0,0,0,0,0,0,0,0,0
ENSMUSG00000083309,Gm15926,0,0,0,0,0,0,0,0,0,0,0,0
ENSMUSG00000014686,Ceacam16,10,13,21,11,14,4,8,9,12,9,12,5
ENSMUSG00000109214,Gm44659,0,0,3,1,0,0,1,0,0,1,3,1
ENSMUSG00000070873,Lilra5,0,0,0,0,0,0,0,0,0,0,0,0
ENSMUSG00000082042,Gm15923,0,0,0,0,0,0,0,0,0,0,0,0
ENSMUSG00000048897,Zfp710,269,294,196,189,228,116,201,290,280,270,290,277
ENSMUSG00000042178,Armc5,884,846,698,696,614,207,656,714,802,650,594,597
ENSMUSG00000081723,Gm15931,0,0,0,0,0,0,0,0,0,0,0,0
ENSMUSG00000108743,Gm44881,0,0,0,0,0,0,0,0,0,0,0,0
ENSMUSG00000108365,Gm44951,2,1,0,1,1,1,0,1,0,0,1,0
ENSMUSG00000108714,Gm21057,1,1,1,0,1,1,2,2,0,0,2,0
ENSMUSG00000049848,Ceacam19,0,0,0,0,0,0,0,0,0,0,0,0
ENSMUSG00000108655,Gm44949,3,2,0,1,2,3,1,3,1,0,9,2
ENSMUSG00000108942,Gm44660,0,0,0,0,0,0,0,0,0,0,0,0
ENSMUSG00000062524,Ncr1,6,3,0,3,5,7,0,5,5,9,9,5
ENSMUSG00000108667,Gm45013,0,0,0,0,0,0,0,0,0,0,0,0
ENSMUSG00000030770,Parva,0,0,0,0,0,1,0,0,0,0,0,0
ENSMUSG00000085049,Parvaos,0,0,0,0,0,0,0,0,0,0,0,0
ENSMUSG00000040511,Pvr,449,419,389,327,353,221,402,437,362,371,403,311
ENSMUSG00000085945,2310014F06Rik,0,0,0,0,0,3,0,0,0,0,0,0
ENSMUSG00000093002,Gm24154,0,0,0,0,0,0,0,0,0,0,0,0
ENSMUSG00000089886,Gm16184,0,0,0,0,0,1,0,0,0,0,0,0
ENSMUSG00000090075,Gm16251,0,0,0,0,0,0,0,0,0,0,0,0
ENSMUSG00000109611,Gm45473,0,2,0,0,1,1,2,0,0,0,0,0
ENSMUSG00000078810,Gp6,0,0,0,0,0,0,0,0,0,0,0,0
ENSMUSG00002075133,#N/A,0,0,0,0,0,0,0,0,0,0,0,0
ENSMUSG00002076192,#N/A,0,0,0,0,0,0,0,0,0,0,0,0
ENSMUSG00000108761,Atp6v0c-ps1,1,2,0,1,0,0,1,2,0,0,0,2
ENSMUSG00000040498,Igsf23,53,60,70,69,61,39,85,95,61,87,58,37
ENSMUSG00000030541,Idh2,183,218,192,196,274,149,218,228,214,196,342,339
ENSMUSG00000109281,Gm44651,1,0,0,0,0,0,0,0,0,0,0,0
ENSMUSG00000070778,Rpl7a-ps8,0,1,0,2,3,0,0,1,0,3,2,0
ENSMUSG00000108494,Gm45203,0,1,2,0,3,1,3,2,2,4,0,2
ENSMUSG00000108757,Gm45202,0,0,0,0,0,0,0,0,0,0,0,0
ENSMUSG00000008435,Rdh13,679,737,507,489,528,220,450,522,558,575,538,499
ENSMUSG00002076796,#N/A,0,0,0,0,0,0,0,0,0,0,0,0
ENSMUSG00000091177,Gm15494,0,0,0,0,0,0,1,1,0,0,1,0
ENSMUSG00000070777,Ceacam20,0,0,0,0,0,0,0,0,0,1,0,0
ENSMUSG00000048078,Tenm4,3,2,2,5,0,2,0,4,1,2,0,3
ENSMUSG00000060508,Nlrp9b,0,0,0,0,1,0,0,0,0,0,0,0
ENSMUSG00000119136,#N/A,0,0,0,0,0,0,0,0,0,0,0,0
ENSMUSG00000109103,Gm18877,0,0,0,0,0,1,0,0,0,0,0,0
ENSMUSG00000030539,Sema4b,3452,3461,2131,2224,2048,942,1970,2424,2486,2416,1920,1777
ENSMUSG00000108528,Gm8319,1,0,3,0,0,1,1,0,0,0,2,3
ENSMUSG00000095201,Vmn1r91,0,0,0,0,0,0,0,0,0,0,0,0
ENSMUSG00000076143,Mir708,0,0,0,0,0,0,0,0,0,0,0,0
ENSMUSG00000099030,Mir6394,0,0,0,0,0,0,0,0,0,0,0,0
ENSMUSG00000096152,Vmn1r240,0,0,0,0,0,0,0,0,0,0,0,0
ENSMUSG00000108389,Gm45206,28,29,26,17,11,18,11,23,17,13,18,14
ENSMUSG00000085751,Gm15412,0,0,0,0,0,4,0,0,0,0,0,0
ENSMUSG00000082780,Rps11-ps5,0,0,0,0,0,1,0,0,0,0,0,0
ENSMUSG00000096164,Vmn1r93,0,0,0,0,0,0,0,0,0,0,0,0
ENSMUSG00000085792,Gm15414,0,0,0,0,0,0,0,0,0,0,0,0
ENSMUSG00000053049,Gm15413,0,0,0,0,0,0,0,0,0,0,0,1
ENSMUSG00000094011,Vmn1r94,0,0,0,0,0,0,0,0,0,0,0,0
ENSMUSG00000085443,Gm15416,0,0,0,0,0,0,0,0,0,0,0,0
ENSMUSG00000109240,Gm44598,0,0,0,0,0,0,0,0,0,0,0,0
ENSMUSG00000108635,Gm44633,0,1,0,0,2,1,0,0,0,1,1,0
ENSMUSG00002076783,#N/A,0,0,0,0,0,0,0,0,0,0,0,0
ENSMUSG00000094735,Vmn1r95,0,0,0,0,0,0,0,0,0,0,0,0
ENSMUSG00000094298,Vmn1r241,0,0,0,0,0,0,0,0,0,0,0,0
ENSMUSG00000085560,C230038L03Rik,19,16,11,18,13,1,8,15,15,13,8,7
ENSMUSG00000087980,Gm22226,0,0,0,0,0,0,0,0,0,0,2,0
ENSMUSG00000094757,Vmn1r242,0,0,0,0,0,0,0,0,0,0,0,0
ENSMUSG00000109360,Gm18049,0,0,0,0,0,0,0,0,0,0,0,0
ENSMUSG00000109166,Gm5890,0,0,0,0,0,0,0,0,0,0,0,0
ENSMUSG00000109019,Gm18455,0,0,0,0,0,0,0,0,0,0,0,0
ENSMUSG00000108843,Gm4501,0,0,0,0,0,0,0,0,0,0,0,0
ENSMUSG00000095745,Vmn1r243,0,0,0,0,0,0,0,0,0,0,0,0
ENSMUSG00000094160,Vmn1r-ps79,0,0,0,0,0,0,0,0,0,0,0,0
ENSMUSG00000095806,Vmn1r244,0,0,0,0,0,0,0,0,0,0,0,0
ENSMUSG00000096386,Vmn1r100,0,0,0,0,0,0,0,0,0,0,0,0
ENSMUSG00000074129,Rpl13a,1622,1834,1611,1614,1978,1408,1681,1737,1557,1455,1734,1677
ENSMUSG00000094545,Vmn1r101,0,0,0,0,0,0,0,0,0,0,0,0
ENSMUSG00000094762,Gm10670,0,0,0,0,0,0,0,0,0,0,0,0
ENSMUSG00000089989,Gm45713,0,0,0,0,0,0,0,0,0,0,0,0
ENSMUSG00000065818,Snord35a,21,44,30,28,21,6,23,18,22,36,23,37
ENSMUSG00000096663,Vmn1r103,0,0,0,0,0,0,0,0,0,0,0,0
ENSMUSG00000065878,Snord34,89,73,58,63,55,33,61,70,81,73,45,54
ENSMUSG00002076766,#N/A,0,0,0,0,0,0,0,0,0,0,0,0
ENSMUSG00000105913,Mir5121,0,0,0,0,0,0,0,0,0,0,0,0
ENSMUSG00000096903,Vmn1r104,0,0,0,0,0,0,0,0,0,0,0,0
ENSMUSG00000065219,Snord32a,45,53,42,42,44,36,42,46,40,35,38,44
ENSMUSG00000096761,Vmn1r245,0,0,0,0,0,0,0,0,0,0,0,0
ENSMUSG00000095837,Vmn1r246,0,0,0,0,0,0,0,0,0,0,0,0
ENSMUSG00000109060,Gm4513,0,0,0,0,0,0,0,0,0,0,0,0
ENSMUSG00000109469,Gm8486,0,0,0,0,0,0,0,0,0,0,0,0
ENSMUSG00000095275,Vmn1r107,0,0,0,0,0,0,0,0,0,0,0,0
ENSMUSG00000092487,Vmn1r-ps71,0,0,0,0,0,0,0,0,0,0,0,0
ENSMUSG00000095768,Vmn1r111,0,0,0,0,0,0,0,0,0,0,0,0
ENSMUSG00000109138,Gm18052,0,0,0,0,0,0,0,0,0,0,0,0
ENSMUSG00000018995,Nars2,412,400,327,330,373,206,277,324,408,344,392,391
ENSMUSG00000095190,Gm10668,0,0,0,0,0,0,0,0,0,0,0,0
ENSMUSG00000108834,Gm18458,0,0,0,0,0,0,0,0,0,0,0,0
ENSMUSG00000094284,Vmn1r112,0,0,0,0,0,0,0,0,0,0,0,0
ENSMUSG00000030538,Cib1,565,660,452,482,484,209,516,455,545,464,472,418
ENSMUSG00000050973,Gdpgp1,389,374,317,302,233,125,240,314,379,368,248,241
ENSMUSG00000082954,Gm15504,0,0,0,0,0,0,0,0,0,0,0,0
ENSMUSG00000006154,Eps8l1,18,10,20,25,18,5,22,23,14,5,49,34
ENSMUSG00000004508,Gab2,62,92,83,94,29,35,58,89,58,49,31,40
ENSMUSG00000091638,Vmn1r113,0,0,0,0,0,0,0,0,0,0,0,0
ENSMUSG00000094085,Vmn1r114,0,0,0,0,0,0,0,0,0,0,0,0
ENSMUSG00000091435,Vmn1r115,0,0,0,0,0,0,0,0,0,0,0,0
ENSMUSG00000095973,Vmn1r116,0,0,0,0,0,0,0,0,0,0,0,0
ENSMUSG00000096737,Vmn1r117,0,0,0,0,0,0,0,0,0,0,0,0
ENSMUSG00000035713,Usp35,14,4,5,15,16,7,8,13,6,11,6,10
ENSMUSG00000094589,Vmn1r118,0,0,0,0,0,0,0,0,0,0,0,0
ENSMUSG00000099623,Gm4526,0,0,0,0,0,0,0,0,0,0,0,0
ENSMUSG00000045467,Ttll13,0,4,0,3,1,1,0,2,3,1,0,3
ENSMUSG00000044952,Kctd21,8,10,9,6,9,3,7,9,8,8,11,9
ENSMUSG00000109272,Gm4528,0,0,0,0,0,0,0,0,0,0,0,0
ENSMUSG00000094010,Vmn1r119,0,0,0,0,0,0,0,0,0,0,0,0
ENSMUSG00000094501,Vmn1r-ps73,0,0,0,0,0,0,0,0,0,0,0,0
ENSMUSG00000093986,Vmn1r120,0,0,0,0,0,0,0,0,0,0,0,0
ENSMUSG00000092616,Vmn1r-ps74,0,0,0,0,0,0,0,0,0,0,0,0
ENSMUSG00000094680,Vmn1r121,0,0,0,0,0,0,0,0,0,0,0,0
ENSMUSG00000047084,Ngrn,279,290,235,308,314,159,267,229,269,244,254,296
ENSMUSG00000110206,Flt3l,103,119,76,82,43,49,63,96,98,83,111,93
ENSMUSG00000094001,Vmn1r122,0,0,0,0,0,0,0,0,0,0,0,0
ENSMUSG00000094385,Vmn1r123,0,0,0,0,0,0,0,0,0,0,0,0
ENSMUSG00000109269,Gm18054,0,0,0,0,0,0,0,0,0,0,0,0
ENSMUSG00000101436,Gm5157,0,0,0,0,0,0,0,0,0,0,0,0
ENSMUSG00000109000,Gm18460,0,0,0,0,0,0,0,0,0,0,0,0
ENSMUSG00000109253,Gm4536,0,0,0,0,0,0,0,0,0,0,0,0
ENSMUSG00000094221,Vmn1r124,0,0,0,0,0,0,0,0,0,0,0,0
ENSMUSG00000035704,Alg8,1438,1613,1257,1233,1497,700,1143,1163,1378,1249,1311,1256
ENSMUSG00000095309,Vmn1r125,0,0,0,0,0,0,0,0,0,0,0,0
ENSMUSG00000096813,Vmn1r126,0,0,0,0,0,0,0,0,0,0,0,0
ENSMUSG00000030782,Tgfb1i1,24,25,31,30,26,22,23,18,25,21,33,34
ENSMUSG00000093890,Vmn1r127,0,0,0,0,0,0,0,0,0,0,0,0
ENSMUSG00000095758,Vmn1r128,0,0,0,0,0,0,0,0,0,0,0,0
ENSMUSG00000030647,Ndufc2,964,1218,1019,1066,1240,538,1283,1247,1123,982,1160,1042
ENSMUSG00000083974,Gm16053,0,0,0,2,0,0,0,2,0,3,0,0
ENSMUSG00000094879,Vmn1r129,0,0,0,0,0,0,0,0,0,0,0,0
ENSMUSG00000095185,Vmn1r-ps75,0,0,0,0,0,0,0,0,0,0,0,0
ENSMUSG00000019254,Ppp1r12c,1665,1801,1467,1545,1449,610,1302,1550,1637,1497,1561,1557
ENSMUSG00000109259,Gm18055,0,0,0,0,0,0,0,0,0,0,0,0
ENSMUSG00000035686,Thrsp,0,0,0,0,0,1,0,0,0,0,0,0
ENSMUSG00000109516,Gm6882,0,0,0,0,0,0,0,0,0,0,0,0
ENSMUSG00000109380,Gm18461,0,0,0,0,0,0,0,0,0,0,0,0
ENSMUSG00000108907,Gm4541,0,0,0,0,0,0,0,0,0,0,0,0
ENSMUSG00000094208,Vmn1r130,0,0,0,0,0,0,0,0,0,0,0,0
ENSMUSG00000096741,Vmn1r-ps76,0,0,0,0,0,0,0,0,0,0,0,0
ENSMUSG00000093941,Vmn1r131,0,0,0,0,0,0,0,0,0,0,0,0
ENSMUSG00000108879,Gm18056,0,0,0,0,0,0,0,0,0,0,0,0
ENSMUSG00000101076,Gm4545,0,0,0,0,0,0,0,0,0,0,0,0
ENSMUSG00000051727,Kctd14,58,45,18,20,20,8,14,19,30,27,34,26
ENSMUSG00000109300,Gm18462,0,0,0,0,0,0,0,0,0,0,0,0
ENSMUSG00000074322,Vmn1r132,0,0,0,0,0,0,0,0,0,0,0,0
ENSMUSG00000101280,Gm8600,0,0,0,0,0,0,0,0,0,0,0,0
ENSMUSG00000109557,Gm18463,0,0,0,0,0,0,0,0,0,0,0,0
ENSMUSG00000109276,Gm4548,0,0,0,0,0,0,0,0,0,0,0,0
ENSMUSG00000096513,Vmn1r247,0,0,0,0,0,0,0,0,0,0,0,0
ENSMUSG00000096760,Vmn1r248,0,0,0,0,0,0,0,0,0,0,0,0
ENSMUSG00000109569,Gm44554,0,0,0,0,0,0,0,0,0,0,0,0
ENSMUSG00000095064,Vmn1r135,0,0,0,0,0,0,0,0,0,0,0,0
ENSMUSG00000095191,Vmn1r249,0,0,0,0,0,0,0,0,0,0,0,0
ENSMUSG00000092506,Vmn1r-ps77,0,0,0,0,0,0,0,0,0,0,0,0
ENSMUSG00000109092,Gm18057,0,0,0,0,0,0,0,0,0,0,0,0
ENSMUSG00000095976,Gm5891,0,0,0,0,0,0,0,0,0,0,0,0
ENSMUSG00000108853,Gm18464,0,0,0,0,0,0,0,0,0,0,0,0
ENSMUSG00000109405,Gm16443,0,0,0,0,0,0,0,0,0,0,0,0
ENSMUSG00000095962,Vmn1r137,0,0,0,0,0,0,0,0,0,0,0,0
ENSMUSG00000095287,Vmn1r-ps78,0,0,0,0,0,0,0,0,0,0,0,0
ENSMUSG00000095163,Vmn1r138,0,0,0,0,0,0,0,0,0,0,0,0
ENSMUSG00000109263,Gm18058,0,0,0,0,0,0,0,0,0,0,0,0
ENSMUSG00000096283,Gm6176,0,0,0,0,0,0,0,0,0,0,0,0
ENSMUSG00000109041,Gm18465,0,0,0,0,0,0,0,0,0,0,0,0
ENSMUSG00000074311,Vmn1r139,0,0,0,0,0,0,0,0,0,0,0,0
ENSMUSG00000096304,Gm16451,0,0,0,0,0,0,0,0,0,0,0,0
ENSMUSG00000096348,Vmn1r250,0,0,0,0,0,0,0,0,0,0,0,0
ENSMUSG00000095273,Vmn1r142,0,0,0,0,0,0,0,0,0,0,0,0
ENSMUSG00000030534,Vps33b,706,768,622,589,561,357,570,644,658,593,589,523
ENSMUSG00000096071,Vmn1r143,0,0,0,0,0,0,0,0,0,0,0,0
ENSMUSG00000094981,Vmn1r251,0,0,0,0,0,0,0,0,0,0,0,0
ENSMUSG00000025133,Ints4,1362,1490,1036,999,1376,902,977,1156,1243,1066,1394,1358
ENSMUSG00000094149,Vmn1r252,0,0,0,0,0,0,0,0,0,0,0,0
ENSMUSG00000109411,Gm18059,0,0,0,0,0,0,0,0,0,0,0,0
ENSMUSG00000030781,Slc5a2,1,0,0,0,0,0,0,0,1,0,0,0
ENSMUSG00000007833,Aldh16a1,325,377,304,362,407,112,341,344,354,302,355,362
ENSMUSG00000101948,Gm4557,0,0,0,0,0,0,0,0,0,0,0,0
ENSMUSG00000065360,Gm24412,0,1,0,0,0,0,0,0,0,0,0,0
ENSMUSG00000109444,Gm18466,0,0,0,0,0,0,0,0,0,0,0,0
ENSMUSG00000108944,Gm4558,0,0,0,0,0,0,0,0,0,0,0,0
ENSMUSG00000093871,Vmn1r253,0,0,0,0,0,0,0,0,0,0,0,0
ENSMUSG00000095816,Vmn1r-ps70,0,0,0,0,0,0,0,0,0,0,0,0
ENSMUSG00000093917,Vmn1r254,0,0,0,0,0,0,0,0,0,0,0,0
ENSMUSG00000095543,Vmn1r148,0,0,0,0,0,0,0,0,0,0,0,0
ENSMUSG00000094542,Vmn1r149,0,0,0,0,0,0,0,0,0,0,0,0
ENSMUSG00000096871,Gm10665,0,0,0,0,0,0,0,0,0,0,0,0
ENSMUSG00000093853,Vmn1r151,0,0,0,0,0,0,0,0,0,0,0,0
ENSMUSG00000095383,Vmn1r152,0,0,0,0,0,0,0,0,0,0,0,0
ENSMUSG00000094748,Vmn1r255,0,0,0,0,0,0,0,0,0,0,0,0
ENSMUSG00000095984,Vmn1r256,0,0,0,0,0,0,0,0,0,0,0,0
ENSMUSG00000109043,Gm18060,0,0,0,0,0,0,0,0,0,0,0,0
ENSMUSG00000109396,Gm4565,0,0,0,0,0,0,0,0,0,0,0,0
ENSMUSG00000109567,Gm18467,0,0,0,0,0,0,0,0,0,0,0,0
ENSMUSG00000109247,Gm8685,0,0,0,0,0,0,0,0,0,0,0,0
ENSMUSG00000094905,Vmn1r155,0,0,0,0,0,0,0,0,0,0,0,0
ENSMUSG00000092547,Vmn1r-ps80,0,0,0,0,0,0,0,0,0,0,0,0
ENSMUSG00000038930,Rccd1,278,247,219,214,270,205,190,243,242,254,328,313
ENSMUSG00000095081,Vmn1r257,0,0,0,0,0,0,0,0,0,0,0,0
ENSMUSG00000109169,Gm18061,0,0,0,0,0,0,0,0,0,0,0,0
ENSMUSG00000095363,Gm4567,0,0,0,0,0,0,0,0,0,0,0,0
ENSMUSG00000109546,Gm18468,0,0,0,0,0,0,0,0,0,0,0,0
ENSMUSG00000095619,Vmn1r157,0,0,0,0,0,0,0,0,0,0,0,0
ENSMUSG00000094700,Vmn1r158,0,0,0,0,0,0,0,0,0,0,0,0
ENSMUSG00000100654,Gm4207,0,0,0,0,0,0,0,0,0,0,0,0
ENSMUSG00000095931,Vmn1r159,0,0,0,0,0,0,0,0,0,0,0,0
ENSMUSG00000108922,Gm44825,0,0,0,0,0,0,0,0,0,0,0,0
ENSMUSG00000094931,Vmn1r160,0,0,0,0,0,0,0,0,0,0,0,0
ENSMUSG00000109514,Gm19900,0,0,0,0,0,0,0,0,0,0,0,0
ENSMUSG00000102023,Gm8708,0,0,0,0,0,0,0,0,0,0,0,0
ENSMUSG00000109072,Gm18469,0,0,0,0,0,0,0,0,0,0,0,0
ENSMUSG00000030780,BC017158,540,637,534,525,529,232,463,585,613,555,541,525
ENSMUSG00000109345,Gm4574,0,0,0,0,0,0,0,0,0,0,0,0
ENSMUSG00000035642,Aamdc,53,47,48,51,60,33,50,57,53,40,63,57
ENSMUSG00000092297,Vmn1r258,0,0,0,0,0,0,0,0,0,0,0,0
ENSMUSG00000093215,Mir3103,0,0,0,0,0,0,0,0,0,0,0,0
ENSMUSG00000108608,Gm6916,1,0,0,0,1,0,0,0,1,0,0,0
ENSMUSG00000094532,Vmn1r259,0,0,0,0,0,0,0,0,0,0,0,0
ENSMUSG00000108636,Gm44650,0,0,0,0,0,0,0,0,0,0,0,0
ENSMUSG00000094934,Vmn1r163,0,0,0,0,0,0,0,0,0,0,0,0
ENSMUSG00000096601,Vmn1r260,0,0,0,0,0,0,0,0,0,0,0,0
ENSMUSG00000094684,Gm16456,0,0,0,0,0,0,0,0,0,0,0,0
ENSMUSG00000109098,Gm18062,0,0,0,0,0,0,0,0,0,0,0,0
ENSMUSG00000095683,Gm10662,0,0,0,0,0,0,0,0,0,0,0,0
ENSMUSG00000109085,Gm18470,0,0,0,0,0,0,0,0,0,0,0,0
ENSMUSG00000109535,Gm8728,0,0,0,0,0,0,0,0,0,0,0,0
ENSMUSG00000030844,Rgs10,441,490,337,373,510,325,410,459,543,470,633,456
ENSMUSG00000095358,Vmn1r165,0,0,0,0,0,0,0,0,0,0,0,0
ENSMUSG00000084964,Gm15503,10,8,9,8,7,4,7,9,8,11,8,6
ENSMUSG00000092462,Vmn1r-ps83,0,0,0,0,0,0,0,0,0,0,0,0
ENSMUSG00000096073,Vmn1r166,0,0,0,0,0,0,0,0,0,0,0,0
ENSMUSG00000003423,Pih1d1,427,492,459,509,620,237,525,521,514,356,464,449
ENSMUSG00000109024,Gm18063,0,0,0,0,0,0,0,0,0,0,0,0
ENSMUSG00000094682,Gm6902,0,0,0,0,0,0,0,0,0,0,0,0
ENSMUSG00000109425,Gm18471,0,0,0,0,0,0,0,0,0,0,0,0
ENSMUSG00000035623,Rsf1,2001,1987,1484,1629,1516,1568,1115,1607,1576,1731,1746,1557
ENSMUSG00000108405,Ywhaq-ps1,0,0,0,0,0,0,0,0,0,0,0,0
ENSMUSG00000108442,Rpl15-ps5,1,1,1,2,0,0,1,0,0,0,1,1
ENSMUSG00000086433,Rsf1os1,0,0,0,0,0,0,0,0,0,0,0,0
ENSMUSG00000045693,Nlrp4e,0,0,0,0,0,1,0,0,0,0,0,0
ENSMUSG00000109325,Krt8-ps,0,0,0,0,0,0,0,0,0,0,0,0
ENSMUSG00000030589,Rasgrp4,104,116,84,85,41,18,106,111,105,91,65,71
ENSMUSG00000086993,Rsf1os2,1,2,2,1,7,7,2,2,2,7,9,5
ENSMUSG00000108547,Gm45186,0,0,0,0,0,0,0,0,0,0,0,0
ENSMUSG00000090009,Gm16282,0,0,0,0,0,0,0,0,0,0,0,0
ENSMUSG00000055320,Tead1,69,72,92,61,108,83,49,77,56,50,65,49
ENSMUSG00000025439,Clns1a,2454,2745,2230,2420,2493,1533,2415,2348,2809,2460,2365,2316
ENSMUSG00000070570,Slc17a7,10,26,10,8,14,2,10,7,10,12,15,12
ENSMUSG00000106470,Mir7055,0,0,0,0,0,0,0,0,0,0,0,0
ENSMUSG00002076860,#N/A,0,0,0,0,0,0,0,0,1,0,0,1
ENSMUSG00000095276,Gfy,0,0,0,0,1,3,0,0,0,0,0,0
ENSMUSG00000098132,Rassf10,0,0,0,0,0,0,0,0,0,0,0,0
ENSMUSG00000110109,Gm5599,9,5,6,7,7,3,4,3,5,3,8,1
ENSMUSG00000042797,Aqp11,1,1,2,2,13,0,0,5,2,1,1,0
ENSMUSG00000038300,Pth2,0,0,0,0,0,0,0,0,0,0,0,0
ENSMUSG00000110207,Gm33586,0,0,0,0,0,0,0,0,0,0,0,0
ENSMUSG00000110009,4930543E12Rik,0,0,0,0,0,0,0,0,0,0,0,0
ENSMUSG00002075356,#N/A,0,0,0,0,0,0,0,0,0,0,0,0
ENSMUSG00000030590,Fam98c,336,336,261,262,223,68,245,253,301,284,311,266
ENSMUSG00000099098,1110035H17Rik,2,3,3,6,6,4,3,8,2,3,1,2
ENSMUSG00000038292,Ccdc155,3,1,1,1,0,3,2,3,0,3,6,0
ENSMUSG00000037239,Spred3,50,46,42,38,19,17,25,37,45,35,37,34
ENSMUSG00000030792,Dkkl1,176,196,152,207,81,37,150,211,133,137,70,55
ENSMUSG00000031493,Ggn,4,5,0,0,4,1,2,1,3,5,6,5
ENSMUSG00000030774,Pak1,65,56,43,53,37,29,49,62,39,48,34,32
ENSMUSG00000108424,Gm44590,0,0,0,0,0,0,0,0,0,0,0,0
ENSMUSG00000035582,Gdpd4,0,0,0,0,0,0,0,0,0,0,0,0
ENSMUSG00000030846,Tial1,2862,2968,2473,2352,2741,1791,2500,2577,2703,2481,2849,2717
ENSMUSG00000030591,Psmd8,3590,4344,3099,3378,2973,1731,3532,3730,3490,3152,2949,2699
ENSMUSG00000108668,Gm32816,3,2,3,4,1,2,1,1,2,0,1,0
ENSMUSG00002075535,#N/A,0,0,0,0,0,0,1,0,0,0,0,0
ENSMUSG00000108626,Gm40457,0,0,0,0,0,0,0,0,0,0,0,0
ENSMUSG00000030847,Bag3,861,861,625,597,551,371,565,720,655,532,528,495
ENSMUSG00000108614,2610306O10Rik,7,3,3,9,7,11,4,11,5,7,4,5
ENSMUSG00000108795,Gm45121,0,0,0,0,0,0,0,0,0,0,0,0
ENSMUSG00000096557,Gm7258,0,0,0,0,0,0,0,0,0,0,0,0
ENSMUSG00000038943,Prc1,943,1106,1138,1126,1678,1401,1475,1687,943,822,1234,1175
ENSMUSG00000064179,Tnnt1,154,166,122,113,123,104,123,98,147,111,110,106
ENSMUSG00000030796,Tead2,0,0,0,0,0,3,0,0,1,0,0,0
ENSMUSG00000035458,Tnni3,28,27,19,13,22,10,15,13,34,25,17,20
ENSMUSG00000042105,Inpp5f,1118,1116,865,899,806,597,710,909,967,881,826,844
ENSMUSG00000107062,Gm43580,0,0,0,0,0,0,0,0,0,0,0,0
ENSMUSG00000055809,Dnaaf3,18,18,18,24,13,8,15,14,13,20,16,13
ENSMUSG00000081339,Gm16044,2,7,1,2,3,1,3,1,1,0,6,2
ENSMUSG00000085725,Gm15873,1,1,4,1,0,0,0,1,3,0,3,2
ENSMUSG00000004961,Syt5,26,15,15,21,5,4,12,18,3,7,3,2
ENSMUSG00000048170,Mcmbp,2665,2902,2434,2389,2682,1328,2314,2558,2745,2508,2516,2473
ENSMUSG00000108388,Gm44673,5,6,8,6,0,2,5,6,0,5,7,4
ENSMUSG00000015721,Nlrp5,0,0,0,0,0,0,0,0,0,0,0,0
ENSMUSG00000108648,Gm44674,0,0,0,0,0,0,0,0,0,0,0,0
ENSMUSG00002075186,#N/A,0,0,0,0,0,0,0,0,0,0,0,0
ENSMUSG00000030533,Unc45a,1263,1350,1010,941,1056,383,945,1062,1168,1035,1094,1050
ENSMUSG00000108720,Gm44672,1,0,0,0,0,0,0,1,3,4,0,0
ENSMUSG00000030798,Cd37,1473,1786,1116,1254,1187,478,1299,1356,1440,1258,1206,1056
ENSMUSG00002074893,#N/A,0,0,0,0,0,0,0,0,0,0,0,0
ENSMUSG00000108946,Gm18598,0,0,0,0,0,0,0,0,0,0,0,0
ENSMUSG00000109477,Gm18306,0,0,0,0,0,0,0,0,0,0,0,0
ENSMUSG00000092496,Vmn1r-ps84,0,0,0,0,0,0,0,0,0,0,0,0
ENSMUSG00000090715,Vmn1r167,0,0,0,0,0,0,0,0,0,0,0,0
ENSMUSG00000108936,Gm8745,0,0,0,0,0,0,0,0,0,0,0,0
ENSMUSG00000109182,Gm18195,0,0,0,0,0,0,0,0,0,0,0,0
ENSMUSG00000094152,Slc6a16,0,0,0,0,0,0,0,0,0,0,0,0
ENSMUSG00000035429,Ptprh,0,0,0,0,0,0,0,0,0,0,0,0
ENSMUSG00000055116,Arntl,524,532,407,360,365,287,313,380,512,422,275,288
ENSMUSG00000088281,Gm23585,0,0,0,0,0,0,0,0,0,0,0,0
ENSMUSG00002076519,#N/A,0,0,0,0,0,0,0,0,0,0,0,0
ENSMUSG00000074291,Vmn1r168,0,0,0,0,0,0,0,0,0,0,0,0
ENSMUSG00000108392,Gm9463,1,1,1,0,0,0,1,0,0,1,2,0
ENSMUSG00000108582,Gm18973,0,0,0,0,0,0,0,0,0,0,0,0
ENSMUSG00000108320,Gm44877,0,0,0,0,0,0,0,0,0,0,0,0
ENSMUSG00000109959,Gm45355,0,0,0,0,0,0,0,0,1,0,0,0
ENSMUSG00000094602,Vmn1r169,0,0,0,0,0,0,0,0,0,0,0,0
ENSMUSG00000094187,Vmn1r170,0,0,0,0,0,0,0,0,0,0,0,0
ENSMUSG00000045282,Tmem86b,93,74,84,78,88,42,70,86,83,52,97,79
ENSMUSG00000055319,Sec23ip,3192,3376,2465,2588,2520,1905,2078,2474,2640,2647,2550,2233
ENSMUSG00002076334,#N/A,0,0,0,0,0,0,0,0,0,0,0,0
ENSMUSG00000108600,Gm32884,0,0,0,0,0,0,0,0,0,0,0,0
ENSMUSG00000030532,Hddc3,19,23,9,9,31,9,12,23,22,21,27,20
ENSMUSG00002075006,#N/A,0,0,0,0,0,0,0,0,0,0,0,0
ENSMUSG00000108540,Gm4768,0,0,0,0,0,0,0,0,0,0,0,0
ENSMUSG00000049676,Catsperg1,1,3,0,0,0,0,1,0,0,2,1,1
ENSMUSG00000108785,Gm4259,0,0,1,0,0,0,0,0,0,0,0,0
ENSMUSG00000062483,Vmn1r171,0,0,0,0,0,1,0,0,0,0,0,0
ENSMUSG00000061115,Gm17113,1,0,0,0,0,0,0,0,0,0,0,1
ENSMUSG00000035523,Vmn1r172,0,0,0,0,0,5,0,0,0,0,1,0
ENSMUSG00000070568,Slc6a21,0,0,0,0,0,0,0,0,0,0,0,0
ENSMUSG00000046410,Kcnk6,118,122,80,121,110,62,79,85,92,95,102,119
ENSMUSG00000038187,Btbd10,437,435,349,358,376,249,404,407,405,347,371,341
ENSMUSG00000115021,Vmn1r173,0,0,0,0,0,0,0,0,0,0,0,0
ENSMUSG00000082183,Gm15994,0,0,0,0,0,0,1,0,0,0,0,0
ENSMUSG00000059077,Pth,0,0,0,0,0,0,0,0,0,0,0,0
ENSMUSG00000070366,Plpp4,0,0,0,0,0,0,0,0,0,0,0,0
ENSMUSG00000110262,Gm45614,0,0,0,0,0,0,0,0,0,0,0,0
ENSMUSG00000108713,Gm33027,0,0,0,0,0,0,0,0,0,0,0,0
ENSMUSG00000090411,Vmn1r174,0,0,0,0,0,2,0,0,0,0,0,0
ENSMUSG00000109779,Gm18780,0,0,0,0,0,0,0,0,0,0,0,0
ENSMUSG00000092629,Vmn1r-ps85,0,0,0,0,0,0,0,0,0,0,0,0
ENSMUSG00000109318,Gm17780,0,0,0,0,0,0,0,0,0,0,0,0
ENSMUSG00000109310,Gm44576,0,0,0,0,0,0,0,0,0,0,0,0
ENSMUSG00000095632,Vmn1r175,0,0,0,0,0,0,0,0,0,0,0,0
ENSMUSG00000052296,Ppp6r1,5245,5819,3997,3978,4400,1894,3470,4432,4964,4437,4414,4281
ENSMUSG00000108571,Gm6855,24,14,11,14,17,3,8,15,17,13,11,21
ENSMUSG00000108477,Gm44878,12,5,4,6,3,1,9,3,12,7,2,2
ENSMUSG00000096859,Vmn1r176,0,0,0,0,0,0,0,0,0,0,0,0
ENSMUSG00000057513,Vmn1r177,0,0,0,0,0,0,0,0,0,0,0,0
ENSMUSG00000109210,Gm18206,0,0,0,0,0,0,0,0,0,0,0,0
ENSMUSG00000062598,Vmn1r178,0,0,0,0,0,0,0,0,0,0,0,0
ENSMUSG00000046924,Vmn1r179,0,0,0,0,0,0,0,0,0,0,0,0
ENSMUSG00000066724,Gm10175,0,4,1,6,3,7,4,5,1,0,4,1
ENSMUSG00000092473,Vmn1r180,0,0,0,0,0,0,0,0,0,0,0,0
ENSMUSG00000109065,Gm5324,0,0,0,0,0,0,0,0,0,0,0,0
ENSMUSG00000063802,Hspbp1,1695,1960,1541,1662,1774,399,1671,1471,1940,1619,1584,1616
ENSMUSG00000097425,Vmn1r181,0,0,0,0,0,0,0,0,0,0,0,0
ENSMUSG00000092456,V1rd19,0,0,0,0,0,0,0,0,0,0,0,0
ENSMUSG00000042055,Wdr11,496,504,428,405,457,302,352,477,465,490,519,466
ENSMUSG00000108580,Gm39094,0,0,0,0,0,0,0,0,0,0,0,0
ENSMUSG00000108481,Gm33248,0,0,0,0,0,0,0,0,0,0,0,0
ENSMUSG00000030588,Yif1b,687,811,557,649,587,162,760,761,658,624,549,575
ENSMUSG00000118318,Vmn1r183,0,0,0,0,1,1,0,0,0,0,1,0
ENSMUSG00000108576,Gm44778,0,0,0,0,0,0,0,0,0,0,0,0
ENSMUSG00000108613,Gm36694,0,0,0,0,0,0,0,0,0,0,2,1
ENSMUSG00000108504,Gm4265,0,0,0,0,0,0,0,0,0,0,0,0
ENSMUSG00000095331,Ptma-ps1,0,0,1,0,0,0,1,1,2,0,0,1
ENSMUSG00000065763,Gm23847,0,0,0,0,0,0,0,0,0,0,0,0
ENSMUSG00000108960,Gm44943,0,0,0,0,0,0,0,0,0,0,0,0
ENSMUSG00000038886,Man2a2,918,947,690,669,879,430,735,896,843,897,1285,1223
ENSMUSG00000030587,2200002D01Rik,7,11,10,23,5,3,14,9,16,11,9,9
ENSMUSG00000057101,Zfp180,653,781,580,586,690,333,435,595,685,666,642,578
ENSMUSG00000052675,Zfp112,23,26,14,15,19,5,17,21,12,29,12,10
ENSMUSG00000108703,Gm44793,0,0,0,0,0,0,0,0,0,0,0,0
ENSMUSG00000038260,Trpm4,186,227,157,187,156,51,145,170,184,177,166,170
ENSMUSG00000047603,Zfp235,100,73,83,63,94,39,67,63,83,80,99,106
ENSMUSG00000046721,Rpl14-ps1,1660,809,694,785,798,1837,814,1150,1456,1472,1425,1411
ENSMUSG00000074227,Spint2,947,1092,760,795,766,366,899,857,925,767,881,812
ENSMUSG00000068962,Zfp114,4,0,4,0,4,3,2,2,3,2,5,2
ENSMUSG00000038239,Hrc,4,6,6,4,0,2,2,7,4,4,1,2
ENSMUSG00000037166,Ppp1r14a,3,2,0,1,0,2,3,0,0,1,0,0
ENSMUSG00000030759,Far1,5677,5820,4726,4628,4133,3781,3649,4926,4531,5290,4684,4332
ENSMUSG00000087598,Zfp111,19,17,13,17,20,27,9,19,20,14,18,19
ENSMUSG00000108361,Gm44796,0,0,0,0,0,0,0,0,0,0,0,0
ENSMUSG00000084984,Far1os,0,0,0,0,0,0,0,0,0,0,0,0
ENSMUSG00000074283,Zfp109,147,136,100,98,138,89,77,141,128,122,121,116
ENSMUSG00000109968,Gm45612,0,0,0,0,0,0,0,0,0,0,0,0
ENSMUSG00002075897,#N/A,0,0,0,0,0,0,0,0,0,0,0,0
ENSMUSG00000073862,Gm5600,0,0,0,0,0,0,0,0,0,0,0,0
ENSMUSG00000101755,Gm29507,0,0,0,0,0,0,0,0,0,0,0,0
ENSMUSG00000035390,Brsk1,6,9,7,14,6,1,5,9,11,7,6,4
ENSMUSG00000030486,Zfp108,2,2,0,0,2,2,1,4,1,1,1,1
ENSMUSG00000038156,Spon1,0,0,0,0,0,6,0,0,0,0,0,0
ENSMUSG00000055305,Zfp93,51,43,31,28,42,8,21,26,31,40,41,24
ENSMUSG00000118477,Gm18126,0,0,0,0,0,0,0,0,0,0,0,0
ENSMUSG00000046456,Tmem150b,2,1,0,1,0,0,0,0,0,0,0,2
ENSMUSG00000118444,Gm50477,0,0,0,0,0,0,0,0,0,0,0,0
ENSMUSG00000088575,Gm24537,0,0,0,0,0,0,0,0,0,0,0,0
ENSMUSG00000055723,Rras2,1140,1242,1182,1224,1413,797,1361,1356,1392,1278,1027,1010
ENSMUSG00000053158,Fes,270,284,437,376,212,93,313,397,236,209,131,105
ENSMUSG00000110248,Gm45615,0,0,0,0,0,0,0,0,0,0,0,0
ENSMUSG00000110407,Gm45454,0,0,0,0,0,0,0,0,0,0,0,0
ENSMUSG00000050605,Zfp61,228,205,122,153,150,109,121,159,162,191,208,181
ENSMUSG00000030754,Copb1,3515,3916,2831,2732,2903,2115,2408,2786,3218,2912,2865,2714
ENSMUSG00000074282,Zfp94,103,115,85,93,91,64,76,94,139,75,139,114
ENSMUSG00000108567,Gm44513,0,0,0,0,0,0,0,0,0,0,0,0
ENSMUSG00000082802,Gm15465,0,0,0,0,0,0,0,0,0,0,0,0
ENSMUSG00000118562,AC159140.1,0,0,0,0,0,0,0,0,0,0,0,0
ENSMUSG00000055826,Tescl,0,0,0,0,1,0,0,0,0,0,0,0
ENSMUSG00000030751,Psma1,2706,3087,2499,2570,3124,1740,3043,2995,2874,2423,2986,2633
ENSMUSG00002075347,#N/A,0,0,0,0,0,0,0,0,0,0,0,0
ENSMUSG00000030584,Dpf1,16,9,11,10,8,13,9,14,19,11,26,23
ENSMUSG00000087475,4933406I18Rik,9,15,29,21,20,3,22,20,24,16,9,3
ENSMUSG00000030484,Lypd5,0,0,0,0,0,0,0,0,0,0,0,0
ENSMUSG00000109351,Gm44632,0,0,0,0,0,1,0,2,0,1,0,0
ENSMUSG00000030530,Furin,21106,23252,18010,20897,9669,3663,12329,17923,14930,14695,7622,7343
ENSMUSG00000030671,Pde3b,1601,1584,1804,1707,1870,1436,1508,1976,1551,1467,1898,1823
ENSMUSG00000108436,Gm44851,4,10,7,8,6,6,4,2,10,5,1,3
ENSMUSG00000059851,Kmt5c,236,265,196,191,241,124,252,245,220,198,306,264
ENSMUSG00000081664,Gm15544,2,3,0,1,1,0,1,3,1,0,2,0
ENSMUSG00000003863,Ppfia3,4,8,3,6,4,9,3,4,2,1,8,2
ENSMUSG00000091510,Mtag2,0,0,0,0,2,1,0,0,0,2,1,0
ENSMUSG00000054342,Kcnn4,8224,9199,6864,7132,6667,2635,6459,6410,8340,7230,5708,5529
ENSMUSG00000030670,Cyp2r1,10,9,13,10,9,5,7,13,13,6,11,12
ENSMUSG00000003872,Lin7b,5,5,4,10,5,3,13,1,10,6,2,6
ENSMUSG00000110070,Gm45619,1,0,2,0,0,0,0,0,0,0,0,0
ENSMUSG00000051811,Cox6b2,50,53,45,57,34,6,37,48,39,36,37,29
ENSMUSG00000092518,Fam71e2,0,0,0,0,0,0,0,0,0,0,0,0
ENSMUSG00000004371,Il11,9,7,7,7,5,2,8,4,5,3,6,4
ENSMUSG00000013091,Tmem190,0,0,0,0,1,0,0,0,0,0,1,0
ENSMUSG00000002210,Smg9,704,683,645,623,578,289,604,651,695,547,577,585
ENSMUSG00000030528,Blm,543,539,721,639,912,820,706,883,556,514,786,766
ENSMUSG00000030431,Tmem238,528,542,339,331,415,145,391,365,580,516,439,524
ENSMUSG00000091989,Ndufab1-ps,0,2,0,0,0,0,0,0,4,0,1,1
ENSMUSG00000062028,Irgc1,0,0,0,0,0,0,0,0,0,0,0,0
ENSMUSG00000030669,Calca,2,5,5,1,1,2,2,2,1,1,1,0
ENSMUSG00000108360,Gm36159,0,0,0,0,0,0,0,0,0,0,0,0
ENSMUSG00000108349,Gm18599,0,0,0,0,0,0,0,0,0,0,1,0
ENSMUSG00000086583,Gm15500,28,31,21,23,17,20,31,25,29,20,34,24
ENSMUSG00000030432,Rpl28,548,484,367,433,410,313,501,479,559,470,390,465
ENSMUSG00000030583,Sipa1l3,822,744,597,539,676,419,457,666,658,576,735,711
ENSMUSG00000074224,4932431P20Rik,0,0,0,0,0,0,0,0,0,0,0,0
ENSMUSG00000030666,Calcb,0,3,3,0,3,2,8,4,2,0,0,4
ENSMUSG00000046958,4930432E11Rik,0,0,0,0,0,2,3,0,0,0,0,0
ENSMUSG00000100400,Gm29326,0,0,0,0,0,0,0,0,0,0,0,0
ENSMUSG00000060860,Ube2s,405,522,444,425,611,156,500,469,474,350,501,440
ENSMUSG00000100111,A330087D11Rik,0,0,0,0,0,0,0,0,0,0,0,0
ENSMUSG00002075405,#N/A,0,0,0,0,0,2,0,0,0,0,1,0
ENSMUSG00000030527,Crtc3,1255,1247,1071,1058,834,400,927,1198,1076,1047,877,789
ENSMUSG00000108643,Gm44931,2,1,5,6,1,6,2,10,7,3,0,5
ENSMUSG00000084821,Gm15880,0,0,0,0,0,0,0,0,0,0,0,0
ENSMUSG00000046223,Plaur,16,15,29,32,42,9,29,30,14,21,25,26
ENSMUSG00000053550,Shisa7,2,7,5,0,4,8,0,3,3,3,2,13
ENSMUSG00000052605,Isoc2b,27,52,47,46,44,9,52,52,36,34,23,30
ENSMUSG00000054793,Cadm4,3,1,0,0,0,1,0,0,0,2,4,2
ENSMUSG00000086784,Isoc2a,205,255,188,172,230,64,175,176,209,192,247,276
ENSMUSG00000110221,Gm36210,0,0,0,0,0,0,0,0,0,0,1,0
ENSMUSG00000109441,Gm44983,0,0,0,0,0,0,0,0,0,0,0,0
ENSMUSG00000108840,Gm5320,0,0,0,0,0,0,1,0,0,3,0,0
ENSMUSG00000064264,Zfp428,95,93,75,85,123,35,87,80,95,54,105,109
ENSMUSG00000117477,Gm50092,0,0,0,0,0,0,0,0,0,0,0,0
ENSMUSG00000118544,AC161166.1,0,0,0,0,0,1,2,0,0,0,2,0
ENSMUSG00000074406,Zfp628,791,799,618,642,526,214,551,673,678,619,485,482
ENSMUSG00000041037,Irgq,270,299,177,172,229,127,182,183,222,209,206,215
ENSMUSG00000011632,Pinlyp,0,0,0,0,0,0,0,0,0,0,1,1
ENSMUSG00000035285,Nat14,28,30,27,17,22,7,21,20,22,27,28,28
ENSMUSG00000048782,Insc,0,0,0,0,0,2,0,0,0,0,0,0
ENSMUSG00000063511,Snrnp70,10022,9979,8831,8745,9338,5566,7045,8997,9923,8954,11315,10041
ENSMUSG00000118946,#N/A,0,0,0,0,0,0,0,0,0,0,0,0
ENSMUSG00000108683,Gm45017,0,0,0,0,0,0,0,0,0,0,0,0
ENSMUSG00002076924,#N/A,0,0,0,0,0,0,0,0,0,0,0,0
ENSMUSG00000046411,Rps4l-ps,0,0,0,0,0,0,0,0,0,0,0,0
ENSMUSG00002075411,#N/A,0,0,0,0,0,0,0,0,0,0,0,0
ENSMUSG00000038201,Kcna7,6,5,4,5,2,0,4,5,6,3,2,2
ENSMUSG00000108419,Gm45020,0,0,0,0,0,0,0,0,0,0,0,0
ENSMUSG00000035279,Ssc5d,9,7,10,12,9,5,14,15,3,7,7,7
ENSMUSG00000074121,Ntf5,3,7,2,7,6,9,4,3,4,4,4,3
ENSMUSG00000108379,A730082K24Rik,0,0,0,0,0,0,0,0,0,0,0,0
ENSMUSG00000108722,Gm34225,0,0,0,0,0,0,0,0,0,0,0,0
ENSMUSG00000118462,AC151602.1,0,0,0,0,0,0,1,0,1,0,0,0
ENSMUSG00000030433,Sbk2,0,0,0,0,0,0,0,0,0,0,1,0
ENSMUSG00000100916,Lhb,0,0,0,0,0,0,0,0,0,0,0,0
ENSMUSG00000108401,Rpl19-ps10,0,0,0,0,0,0,0,2,0,0,0,0
ENSMUSG00002076419,#N/A,0,0,0,0,0,0,0,0,0,0,0,0
ENSMUSG00000085272,Sbk3,0,0,0,0,0,5,0,0,0,0,0,0
ENSMUSG00000030536,Iqgap1,9356,10000,7859,8000,6582,4177,5791,8562,7915,7741,6038,5631
ENSMUSG00000051550,Zfp579,103,126,62,101,115,64,80,96,113,82,132,129
ENSMUSG00000108321,Gm44649,1,0,0,0,0,0,0,1,0,4,0,0
ENSMUSG00000049123,Catsperg2,0,0,0,0,0,2,0,0,0,0,0,0
ENSMUSG00000119378,#N/A,0,0,0,0,0,0,0,0,0,0,0,0
ENSMUSG00000109205,Gm44954,0,1,0,0,1,0,3,0,0,0,0,1
ENSMUSG00000051768,Xrcc1,729,666,510,519,744,333,595,639,640,586,866,813
ENSMUSG00000038797,Zscan2,34,34,32,36,30,17,28,30,47,27,32,46
ENSMUSG00000066721,Zfp575,2,0,0,1,2,1,3,1,0,3,3,1
ENSMUSG00000046185,Zfp84,661,716,594,521,621,454,479,613,624,646,627,592
ENSMUSG00000089139,Mir1964,3,1,1,1,1,0,0,3,1,1,3,0
ENSMUSG00000064254,Ethe1,37,42,32,22,28,16,37,31,40,19,42,44
ENSMUSG00000047473,Zfp30,1,1,1,3,3,2,10,1,4,4,8,9
ENSMUSG00000109565,Gm6579,2,8,1,4,1,1,1,1,6,7,9,3
ENSMUSG00000061374,Fiz1,1397,1487,1138,1235,1300,478,1110,1222,1388,1288,1242,1174
ENSMUSG00000074277,Phldb3,69,90,41,38,55,29,55,88,63,52,80,52
ENSMUSG00000011427,Zfp790,308,311,290,229,287,189,209,261,275,322,303,277
ENSMUSG00000097215,Gm26550,0,0,0,0,0,0,0,0,0,0,0,0
ENSMUSG00000051184,Zfp524,74,105,78,69,89,48,98,70,112,97,100,115
ENSMUSG00000109129,Gm44973,0,0,0,0,0,0,0,0,0,0,0,0
ENSMUSG00000057454,Lypd3,0,0,0,0,0,0,0,0,0,0,0,0
ENSMUSG00000108470,Gm4598,0,0,0,0,0,0,0,0,0,0,0,0
ENSMUSG00000108787,2200007N16Rik,0,0,0,0,0,0,0,0,0,0,0,0
ENSMUSG00000050855,Zfp940,258,251,182,208,215,145,159,196,223,202,228,215
ENSMUSG00000097809,Gm26554,0,0,0,0,0,0,0,0,0,0,1,0
ENSMUSG00000090331,Gm17199,6,18,10,11,10,3,24,20,1,4,13,1
ENSMUSG00000074405,Zfp865,1664,1600,1218,1267,1196,628,913,1244,1408,1349,1424,1276
ENSMUSG00000003868,Ruvbl2,3556,3857,2981,3183,3706,1706,3118,3141,3779,3336,3873,3597
ENSMUSG00000058402,Zfp420,106,89,111,80,92,85,73,109,83,100,129,130
ENSMUSG00000062773,Tex101,0,0,0,0,0,0,0,0,0,0,0,0
ENSMUSG00000108768,Gm44971,0,0,0,0,0,0,0,0,0,0,0,0
ENSMUSG00000108430,Gm36776,0,0,0,0,0,0,0,0,0,0,0,0
ENSMUSG00000025722,Wdr73,815,882,679,727,742,373,625,734,801,758,689,661
ENSMUSG00000062040,Zfp27,251,247,189,169,183,126,125,161,193,228,220,180
ENSMUSG00000098873,Mir7668,3,2,1,1,3,2,7,0,0,1,4,0
ENSMUSG00000099689,Zfp383,16,40,18,18,17,7,17,22,11,11,31,31
ENSMUSG00000109105,Gm44873,1,0,0,0,0,0,0,0,0,0,0,0
ENSMUSG00000045587,Lypd10,0,0,0,0,0,0,0,0,0,0,0,0
ENSMUSG00000025723,Nmb,46,55,58,62,28,8,57,39,32,33,24,22
ENSMUSG00000058717,Lypd11,0,0,0,0,0,0,0,0,0,0,0,0
ENSMUSG00000108404,Gm44972,0,0,0,0,0,0,0,0,0,0,0,0
ENSMUSG00000035228,Ccdc106,16,16,11,10,20,3,10,9,18,17,22,18
ENSMUSG00000116184,4632433K11Rik,0,0,0,0,0,0,0,0,0,0,0,0
ENSMUSG00000059975,Zfp74,168,183,158,155,164,151,158,189,204,160,240,178
ENSMUSG00000043290,Zfp784,45,33,27,29,30,7,25,30,39,30,20,30
ENSMUSG00000086604,Gm15510,3,11,6,6,9,6,8,11,4,4,8,14
ENSMUSG00000003865,Gys1,226,222,148,165,200,87,126,137,173,140,300,252
ENSMUSG00000055633,Zfp580,59,64,56,57,34,26,46,50,53,49,45,52
ENSMUSG00000109549,Gm38941,0,0,1,0,0,0,0,0,0,0,0,0
ENSMUSG00000109274,Gm45133,20,20,22,22,40,11,14,17,27,16,23,22
ENSMUSG00000030761,Myo7a,98,78,64,52,113,62,51,76,54,60,97,127
ENSMUSG00000052212,Cd177,0,0,0,0,0,0,0,0,0,0,0,0
ENSMUSG00000063623,C230062I16Rik,14,14,8,9,15,15,12,15,19,13,16,19
ENSMUSG00000083669,Mif-ps,6,5,0,3,1,1,2,7,2,4,2,4
ENSMUSG00000054169,Ceacam10,0,0,0,0,0,0,0,0,0,0,0,0
ENSMUSG00000050708,Ftl1,821,569,503,518,498,96,678,636,923,720,555,631
ENSMUSG00002076377,#N/A,0,0,0,0,0,0,0,0,0,0,0,0
ENSMUSG00000110350,Gm10252,0,1,1,1,1,0,0,1,1,0,0,1
ENSMUSG00000025724,Sec11a,1695,1942,1548,1608,1497,993,1599,1591,1606,1407,1292,1208
ENSMUSG00000081372,Gm16171,0,0,0,0,0,0,0,0,0,1,0,0
ENSMUSG00000109390,Gm45718,51,52,48,52,19,21,20,59,67,49,20,21
ENSMUSG00000109367,Gm18782,0,0,0,0,0,0,0,0,0,0,1,0
ENSMUSG00000109008,Gm44899,4,0,3,3,5,4,2,5,3,2,3,6
ENSMUSG00000074221,Zfp568,804,822,651,643,778,471,445,727,730,676,796,737
ENSMUSG00000011350,Gm5893,0,0,0,0,0,0,0,0,0,0,0,0
ENSMUSG00000053985,Zfp14,22,19,14,14,25,10,26,25,20,28,24,26
ENSMUSG00000108302,Gm18207,0,0,0,0,0,0,0,0,0,0,0,0
ENSMUSG00000091955,Gm9844,3,6,6,6,5,6,7,13,5,11,6,4
ENSMUSG00000005621,Zfp592,2575,2557,1927,1855,1862,1064,1645,2116,2122,2079,2137,1911
ENSMUSG00000109302,Gm44967,0,1,0,0,0,2,0,1,1,0,0,0
ENSMUSG00000062732,Lypd4,0,0,0,0,0,0,0,0,0,0,0,0
ENSMUSG00000003873,Bax,1208,1355,1159,1108,1438,528,1312,1195,1289,1076,1504,1355
ENSMUSG00000109926,Gm45808,0,0,0,0,0,0,0,0,0,0,0,0
ENSMUSG00000038763,Alpk3,2,4,3,5,0,2,2,1,6,6,0,3
ENSMUSG00000085194,Platr32,0,0,0,0,0,0,0,0,0,1,0,0
ENSMUSG00000011349,Dmrtc2,0,0,0,0,0,0,0,0,0,0,0,0
ENSMUSG00000011382,Dhdh,102,101,93,83,78,122,70,74,102,87,109,91
ENSMUSG00000098022,Zfp82,7,12,13,14,17,13,14,8,10,2,20,23
ENSMUSG00000035547,Capn5,45,44,51,55,25,19,27,39,22,25,23,18
ENSMUSG00000030435,U2af2,5672,6478,4789,4935,5363,2912,4275,4717,6022,5033,5950,5385
ENSMUSG00000058447,Gm26920,0,0,0,0,0,0,0,0,0,0,0,0
ENSMUSG00000074006,Omp,3,5,2,1,4,0,3,1,1,4,3,0
ENSMUSG00000097749,Gm16938,0,0,1,3,1,0,1,0,1,0,2,0
ENSMUSG00000078768,Zfp566,212,205,165,171,169,149,138,185,179,169,265,191
ENSMUSG00000109218,Gm44872,0,0,0,0,0,1,1,0,0,1,0,1
ENSMUSG00000074004,B3gnt6,0,3,2,3,1,0,1,2,0,1,0,2
ENSMUSG00000049421,Zfp260,281,311,248,283,338,334,259,302,249,272,377,378
ENSMUSG00002076246,#N/A,0,0,0,0,0,0,0,0,0,0,0,0
ENSMUSG00000025726,Slc28a1,1,0,0,0,0,0,0,1,1,0,0,0
ENSMUSG00000083820,Ndufs6b,0,2,0,0,0,0,0,1,0,0,0,0
ENSMUSG00000109323,Gm44968,0,0,0,0,0,0,0,0,0,0,0,0
ENSMUSG00000074220,Zfp382,222,214,166,190,198,130,128,196,182,180,171,169
ENSMUSG00000108926,Gm10988,1,0,1,0,0,2,0,0,2,0,0,0
ENSMUSG00000037029,Zfp146,1418,1407,1203,1185,1409,1175,1001,1296,1340,1269,1428,1321
ENSMUSG00000066647,Gm5113,33,41,37,36,64,27,36,31,37,28,50,62
ENSMUSG00000074218,Cox7a1,9,20,9,13,4,5,7,9,5,6,6,2
ENSMUSG00000051910,Sox6,0,0,0,1,0,4,2,2,0,0,0,0
ENSMUSG00000040952,Rps19,7320,8512,5877,6547,5935,2149,6947,6925,7674,7013,6017,5954
ENSMUSG00000030760,Acer3,397,434,398,372,419,303,352,398,417,372,367,334
ENSMUSG00000108489,Gm45025,0,0,0,0,0,0,0,0,0,0,0,0
ENSMUSG00000003379,Cd79a,4,1,1,5,1,3,1,4,2,2,4,2
ENSMUSG00000030664,Sox6os,0,0,0,0,0,0,0,0,0,0,0,0
ENSMUSG00000035203,Epn1,2065,2103,1436,1524,1513,675,1525,1769,1745,1632,1794,1578
ENSMUSG00000025584,Pde8a,556,620,468,486,484,372,427,582,539,495,396,374
ENSMUSG00000049580,Tsku,4,4,2,9,8,2,5,1,2,2,5,3
ENSMUSG00000108449,Gm44507,0,2,0,0,0,0,0,0,2,1,0,0
ENSMUSG00000108346,Gm44980,0,0,0,0,0,0,0,0,0,0,0,0
ENSMUSG00000083774,Gm7180,4,6,6,4,3,5,10,14,8,3,10,3
ENSMUSG00000035191,Rfpl4,0,0,0,0,0,0,0,0,0,0,0,0
ENSMUSG00000083649,Rasl2-9,0,0,2,2,1,1,0,1,0,1,1,1
ENSMUSG00000109495,Gm47692,1,1,5,2,1,2,2,3,2,1,3,2
ENSMUSG00002075996,#N/A,0,0,0,0,0,0,0,0,0,0,0,0
ENSMUSG00000118215,Vmn1r55,0,1,0,0,0,0,0,0,0,0,0,0
ENSMUSG00000030663,1110004F10Rik,1243,1268,1056,1057,1230,792,1092,1106,1357,1136,1330,1209
ENSMUSG00000091874,Vmn1r56,0,0,0,0,0,0,0,0,0,0,0,0
ENSMUSG00000061787,Rps17,222,295,191,225,203,46,199,180,209,202,169,187
ENSMUSG00000087621,1700003G18Rik,1,0,0,1,1,5,2,0,0,1,0,0
ENSMUSG00000091652,Vmn1r57,0,0,0,0,0,0,0,0,0,0,0,0
ENSMUSG00000091900,Gm4353,0,1,0,2,1,0,2,0,1,1,3,1
ENSMUSG00000109211,Gm45146,0,0,0,0,0,0,0,0,0,0,0,0
ENSMUSG00000119441,#N/A,0,0,0,0,0,0,0,0,0,0,0,0
ENSMUSG00000074003,Gucy2d,0,0,0,0,0,0,0,0,0,0,0,0
ENSMUSG00000108764,Gm2926,1,1,1,0,1,0,0,0,0,0,0,0
ENSMUSG00000108508,Gm44978,9,2,8,4,5,3,6,2,6,4,1,9
ENSMUSG00000090958,Lrrc32,446,525,414,499,362,157,459,528,508,546,380,368
ENSMUSG00000065803,Gm23040,0,0,0,0,0,0,0,0,0,0,0,0
ENSMUSG00000001794,Capns1,3149,3221,2176,2381,2147,1304,2567,2765,2623,2515,2150,2040
ENSMUSG00000055446,A630091E08Rik,7,5,12,8,17,10,11,12,6,3,9,6
ENSMUSG00000097817,Gm26810,1,0,4,0,0,1,2,0,3,1,0,2
ENSMUSG00000109142,Gm44600,0,0,0,0,0,0,0,0,0,0,0,0
ENSMUSG00000035177,Nlrp2,0,0,0,0,0,0,0,0,0,0,0,0
ENSMUSG00000006095,Tbcb,428,571,378,409,469,218,471,460,486,418,462,451
ENSMUSG00000109155,Gm18757,0,0,0,0,0,0,0,0,0,0,0,0
ENSMUSG00000048398,Gm5065,0,0,0,0,0,2,0,0,0,0,0,0
ENSMUSG00000108904,Gm45147,0,0,0,0,0,2,1,0,2,0,0,0
ENSMUSG00000078808,Vmn1r58,0,0,0,0,0,0,0,0,0,0,0,0
ENSMUSG00000109577,Gm44543,0,0,0,0,0,0,0,0,0,0,0,0
ENSMUSG00000117744,Vmn1r59,0,0,0,0,0,0,0,0,0,0,0,0
ENSMUSG00000025586,Cpeb1,39,56,53,28,58,33,36,29,48,30,39,45
ENSMUSG00000019738,Polr2i,297,323,249,243,380,171,281,276,287,251,328,356
ENSMUSG00000081747,Rpl7a-ps9,1,0,1,0,0,0,0,0,1,0,0,0
ENSMUSG00000109401,Cpeb1os1,0,0,0,0,0,0,0,0,0,0,0,0
ENSMUSG00000066820,Vmn2r28,0,0,0,0,0,0,0,0,0,0,0,0
ENSMUSG00000100512,Ovol3,0,0,0,0,1,0,0,0,0,0,0,0
ENSMUSG00000118298,Vmn1r60,0,0,0,0,0,0,0,0,0,0,0,0
ENSMUSG00000092336,Vmn1r-ps40,0,0,0,0,0,0,0,0,0,0,0,0
ENSMUSG00000117863,Vmn1r61,0,0,0,0,0,1,0,0,0,0,0,0
ENSMUSG00000092579,Vmn1r62,0,0,0,0,0,0,0,0,0,0,0,0
ENSMUSG00000109540,Gm44821,0,0,0,0,0,0,0,0,0,0,0,0
ENSMUSG00000058631,Vmn1r63,0,0,0,0,0,0,0,0,0,0,0,0
ENSMUSG00000109012,Gm44820,0,0,0,0,0,0,0,0,0,0,0,0
ENSMUSG00000118388,Vmn1r64,0,0,0,0,0,0,0,0,0,0,0,0
ENSMUSG00000092393,Gm20399,0,0,0,0,0,0,0,0,0,0,0,0
ENSMUSG00000092580,Vmn1r-ps45,0,0,0,0,0,0,0,0,0,0,0,0
ENSMUSG00000092271,Vmn1r-ps46,0,0,0,0,0,0,0,0,0,0,0,0
ENSMUSG00000066850,Vmn1r65,0,0,1,0,0,0,0,0,0,0,0,0
ENSMUSG00000064231,Gm5321,0,1,0,1,1,0,1,0,2,0,0,1
ENSMUSG00000109197,4933402C05Rik,0,0,0,0,0,0,0,0,0,0,0,0
ENSMUSG00000109283,Gm44733,0,0,0,0,0,0,0,0,0,0,0,0
ENSMUSG00000023467,Tulp2,0,0,1,0,0,0,0,0,0,1,0,0
ENSMUSG00000034690,Nlrp4c,0,0,0,0,0,1,0,0,0,0,0,0
ENSMUSG00000035401,Emsy,1228,1303,1153,1077,1261,1249,1049,1308,1083,1071,1328,1143
ENSMUSG00000109101,Gm45132,0,0,0,0,0,0,0,0,0,0,0,0
ENSMUSG00000046792,Zfp787,348,358,282,312,300,125,250,269,361,318,318,329
ENSMUSG00000108923,4933431C10Rik,0,0,0,0,0,0,0,0,0,0,0,0
ENSMUSG00000108894,Gm45841,0,0,0,0,0,0,0,0,0,0,0,0
ENSMUSG00000109108,Gm36371,15,23,17,21,15,22,15,20,18,19,23,15
ENSMUSG00000086477,Gm15506,6,6,3,8,10,7,4,3,3,3,9,9
ENSMUSG00000037020,Wdr62,156,174,166,175,207,127,206,300,140,106,207,163
ENSMUSG00000081565,Rps12-ps5,13,6,10,3,6,9,13,5,6,2,11,2
ENSMUSG00000013928,Thap8,3,0,0,1,2,0,0,4,0,0,0,0
ENSMUSG00000030753,Thap12,3241,3452,2666,2822,2837,1860,2472,2799,3341,3010,2891,2812
ENSMUSG00000109149,Gm19656,0,0,1,0,0,0,0,0,0,0,0,0
ENSMUSG00000108988,Gm44934,0,0,0,0,0,0,0,0,0,0,0,0
ENSMUSG00000044876,Zfp444,402,451,368,362,402,130,382,391,370,402,453,466
ENSMUSG00000109165,Gm45148,8,12,6,12,11,5,2,6,9,14,10,15
ENSMUSG00000013921,Clip3,54,51,24,28,34,27,38,38,33,32,54,52
ENSMUSG00000034660,Galp,0,0,0,0,0,0,0,0,0,0,0,0
ENSMUSG00000015957,Wnt11,38,50,65,51,45,13,34,30,36,33,13,14
ENSMUSG00000058028,Zscan5b,0,0,0,0,0,0,0,0,0,0,0,0
ENSMUSG00000091496,Gm8398,0,0,0,0,0,0,0,0,0,0,0,0
ENSMUSG00000053367,Epp13,0,0,0,0,1,0,0,0,0,0,1,0
ENSMUSG00000108949,Gm45069,0,1,0,1,0,1,0,2,1,0,3,2
ENSMUSG00000030824,Nucb1,4996,5340,3819,4166,3495,2395,4218,4954,4828,4315,3837,3398
ENSMUSG00000110387,Gm45478,0,0,0,0,0,0,0,0,0,0,0,0
ENSMUSG00000040435,Ppp1r15a,675,643,578,682,390,191,496,593,516,453,388,394
ENSMUSG00000042831,Alkbh6,248,298,232,249,274,99,270,241,274,266,304,258
ENSMUSG00002076496,#N/A,0,0,0,0,0,0,0,0,0,0,0,0
ENSMUSG00000035354,Uvrag,608,572,440,403,506,246,449,469,543,465,486,478
ENSMUSG00000109282,Gm45188,0,0,0,0,0,1,0,0,0,0,0,0
ENSMUSG00000054893,Zfp667,34,21,29,18,30,15,26,24,37,28,46,26
ENSMUSG00000109130,Gm45187,0,0,0,0,0,0,0,0,1,1,0,0
ENSMUSG00000089501,Gm23479,0,0,0,0,0,0,0,0,0,0,0,0
ENSMUSG00000109492,Gm33882,0,0,0,0,1,0,0,0,0,0,0,0
ENSMUSG00000109073,Gm44975,0,0,0,2,1,3,0,0,0,0,0,1
ENSMUSG00000109468,Gm45185,0,0,0,0,0,0,0,1,1,0,0,0
ENSMUSG00000030443,Zfp583,38,28,24,41,31,49,29,39,32,23,41,53
ENSMUSG00000109080,Gm38944,0,0,0,0,0,0,0,0,0,0,0,0
ENSMUSG00000109398,Gm3854,15,8,10,18,19,8,15,14,16,9,20,17
ENSMUSG00000030747,Dgat2,166,162,136,130,148,41,71,103,161,124,148,167
ENSMUSG00000109052,Gm45012,0,0,0,0,0,0,0,0,0,0,0,0
ENSMUSG00000052396,Mogat2,0,0,0,0,0,0,0,0,0,0,0,0
ENSMUSG00000109472,Gm18943,3,2,0,1,2,2,2,0,2,0,0,0
ENSMUSG00000097015,Gm26705,0,0,2,0,0,8,1,0,1,0,0,0
ENSMUSG00000019737,Syne4,18,19,10,21,16,14,17,16,26,22,20,20
ENSMUSG00000055150,Zfp78,10,10,2,7,19,12,5,11,9,12,5,10
ENSMUSG00000074211,Sdhaf1,542,646,433,569,516,301,572,499,655,570,524,498
ENSMUSG00000074210,E130208F15Rik,14,16,22,18,17,16,20,36,28,17,16,17
ENSMUSG00000118440,Gm50483,0,0,0,0,0,0,0,0,0,0,0,0
ENSMUSG00000109049,4930479H17Rik,0,0,0,0,0,0,0,0,1,0,0,0
ENSMUSG00000036957,Lrfn3,12,6,0,1,2,3,8,3,4,8,12,6
ENSMUSG00000064982,Gm25259,0,0,0,0,0,0,0,0,0,0,0,0
ENSMUSG00000030579,Tyrobp,11,13,9,10,10,3,9,10,8,13,20,24
ENSMUSG00000064109,Hcst,194,279,196,212,193,65,216,174,254,241,159,181
ENSMUSG00000055407,Map6,211,177,217,214,156,79,184,264,176,199,142,142
ENSMUSG00000062861,Zfp28,75,84,65,49,60,54,61,74,72,74,82,74
ENSMUSG00000040428,Plekha4,7,6,9,8,9,7,4,2,8,5,5,4
ENSMUSG00000109460,Gm45591,0,1,5,3,3,4,1,4,3,1,2,1
ENSMUSG00000110144,Gm45564,0,0,0,0,0,0,0,0,0,0,0,0
ENSMUSG00000093536,Smim17,0,0,0,0,0,3,1,2,0,1,0,1
ENSMUSG00000089780,Gm16306,0,0,0,0,0,0,0,0,0,1,0,0
ENSMUSG00000090179,Gm16307,0,0,0,0,0,0,0,0,0,0,0,0
ENSMUSG00000045929,Gm20715,0,0,0,0,0,0,0,1,0,0,0,1
ENSMUSG00000090824,Olfr1344,0,0,0,0,0,0,0,0,0,0,0,0
ENSMUSG00000110323,Olfr1345-ps1,0,0,0,0,0,0,0,0,0,0,0,0
ENSMUSG00000036931,Nfkbid,3196,3565,2827,3328,2879,852,2387,2626,3223,3290,2665,2521
ENSMUSG00000109467,Gm30646,2,0,0,0,0,1,0,0,0,0,0,0
ENSMUSG00000048620,Olfr1336,0,0,0,0,0,0,0,0,0,0,0,0
ENSMUSG00000030825,Hsd17b14,0,1,1,0,0,0,1,0,2,0,0,0
ENSMUSG00000054938,Olfr1346,0,0,0,0,0,0,0,0,0,0,0,0
ENSMUSG00000096228,Olfr5,0,0,0,0,0,1,0,0,0,0,0,0
ENSMUSG00000070436,Serpinh1,1,0,1,0,1,1,0,0,0,0,0,0
ENSMUSG00000006651,Aplp1,185,206,115,159,73,33,152,153,132,111,38,53
ENSMUSG00000109644,0610005C13Rik,1,2,0,0,0,0,0,0,0,1,0,0
ENSMUSG00000034583,Olfr1347,0,0,0,0,0,0,0,0,0,0,0,0
ENSMUSG00000036915,Kirrel2,0,0,1,0,0,2,0,0,0,0,2,0
ENSMUSG00000093877,Olfr1348,0,0,0,0,0,0,0,0,0,0,0,0
ENSMUSG00002074997,#N/A,0,0,0,0,0,0,0,0,0,0,0,0
ENSMUSG00000035314,Gdpd5,590,632,304,350,315,132,286,341,482,412,278,286
ENSMUSG00000035298,Klhl35,21,26,7,11,26,8,15,10,27,25,19,23
ENSMUSG00000048067,Olfr1349,0,0,0,0,1,2,0,0,0,0,0,0
ENSMUSG00000109466,Gm7587,0,0,0,0,0,0,0,0,1,0,0,0
ENSMUSG00000056696,Olfr1350,0,0,0,0,0,0,0,0,0,0,0,0
ENSMUSG00000108113,Zim2,0,0,0,0,0,0,0,0,0,0,0,0
ENSMUSG00000030826,Bcat2,476,546,421,396,468,143,431,450,432,377,512,464
ENSMUSG00000109632,Gm31479,0,0,3,0,1,0,0,0,0,0,1,3
ENSMUSG00000030827,Fgf21,0,0,0,0,0,0,0,0,0,0,0,0
ENSMUSG00000008461,Fut1,0,1,0,1,0,0,0,0,0,0,0,1
ENSMUSG00000002266,Zim1,0,0,0,0,0,0,1,0,0,0,0,0
ENSMUSG00000030744,Rps3,38938,48468,34314,38663,36706,16199,38009,37711,42689,37950,33817,31762
ENSMUSG00000064158,Izumo1,1,2,1,0,0,0,0,0,2,0,1,0
ENSMUSG00000064966,Snord15b,0,0,0,0,0,0,0,0,0,0,0,0
ENSMUSG00000065822,Snord15a,4,3,9,7,6,0,6,3,6,3,3,3
ENSMUSG00002076757,#N/A,0,0,0,0,0,0,0,0,0,0,0,0
ENSMUSG00000044562,Rasip1,5,5,6,12,7,0,3,7,6,16,4,10
ENSMUSG00000109998,Gm45437,0,0,0,0,0,1,0,0,0,0,0,0
ENSMUSG00000110357,A030001D20Rik,0,0,0,0,1,1,2,0,0,0,0,1
ENSMUSG00000042918,Mamstr,0,0,0,0,0,1,0,0,0,0,0,0
ENSMUSG00000055978,Fut2,0,0,0,0,0,1,0,0,0,0,0,0
ENSMUSG00000040364,Sec1,1,0,0,2,3,0,0,0,0,1,1,0
ENSMUSG00000006649,Nphs1,0,0,0,0,0,0,0,0,0,0,0,1
ENSMUSG00000002265,Peg3,0,0,0,0,0,1,0,0,0,0,0,0
ENSMUSG00000087009,Nphs1os,0,0,0,0,0,0,0,0,0,0,0,0
ENSMUSG00000109509,Rps12-ps4,31,84,47,72,55,631,95,121,34,21,91,21
ENSMUSG00000051527,Usp29,0,0,0,0,1,7,0,1,0,0,1,0
ENSMUSG00000070564,Ntn5,0,0,0,0,0,0,0,0,0,0,0,0
ENSMUSG00002075352,#N/A,0,0,0,0,0,0,0,0,0,0,0,0
ENSMUSG00000109131,Gm44862,0,0,0,0,0,0,0,0,0,0,0,0
ENSMUSG00000109416,Gm44863,0,0,0,0,0,0,0,0,0,0,0,0
ENSMUSG00000092815,Mir3099,0,0,0,0,0,0,0,0,0,0,0,0
ENSMUSG00000109430,Gm44585,0,0,0,0,0,0,0,0,0,0,0,0
ENSMUSG00000109456,Gm44584,0,0,0,0,0,2,0,0,0,0,0,0
ENSMUSG00000092875,Gm22649,0,0,0,0,0,7,0,0,0,0,0,0
ENSMUSG00000109082,Gm44586,0,0,0,0,0,0,0,0,0,0,0,0
ENSMUSG00000109094,Gm44587,0,0,0,0,0,0,0,0,0,0,0,0
ENSMUSG00000108043,Zim3,0,0,0,0,0,0,0,0,0,0,0,0
ENSMUSG00000109176,Zfp264,0,0,0,0,0,1,0,0,0,0,0,0
ENSMUSG00000003273,Car11,20,15,12,21,12,5,14,19,25,19,15,19
ENSMUSG00000045659,Plekha7,58,39,36,33,53,32,20,42,51,41,56,52
ENSMUSG00000036892,Prodh2,0,0,0,0,0,1,0,0,0,0,0,0
ENSMUSG00000062132,Arhgap33os,0,0,0,0,0,0,0,0,0,0,0,0
ENSMUSG00000108650,Gm44867,0,0,0,5,3,0,3,0,0,0,0,0
ENSMUSG00000059824,Dbp,63,71,38,44,64,28,46,60,80,73,96,97
ENSMUSG00000090862,Rps13,326,371,297,289,226,150,297,239,285,274,233,233
ENSMUSG00000064741,Snord14a,0,0,0,0,0,0,0,0,0,0,0,0
ENSMUSG00000057342,Sphk2,923,831,619,660,698,277,609,646,825,696,816,817
ENSMUSG00000108738,Gm44777,55,53,50,40,169,146,47,58,62,60,210,174
ENSMUSG00000034538,Zfp418,28,32,23,18,41,32,33,28,24,37,63,42
ENSMUSG00000066838,Zfp772,32,35,32,32,42,25,46,38,33,35,50,49
ENSMUSG00000018909,Arrb1,237,230,155,158,178,67,136,204,238,234,206,235
ENSMUSG00000065571,Mir326,0,0,0,0,0,0,0,0,0,0,0,0
ENSMUSG00000108850,Gm44914,0,0,0,0,0,0,0,0,0,0,0,0
ENSMUSG00000096606,Tpbgl,0,2,0,1,0,1,3,2,3,2,3,2
ENSMUSG00000097974,Gm10605,4,0,1,2,2,9,4,2,2,4,2,1
ENSMUSG00000065698,Gm25409,0,0,0,0,0,0,0,0,0,0,0,0
ENSMUSG00000110105,Gm45844,1,2,2,1,2,4,1,0,1,1,0,3
ENSMUSG00000095730,Vmn2r29,0,0,0,0,0,0,0,0,0,0,0,0
ENSMUSG00000098900,Gm18190,8,0,2,1,5,4,1,2,1,2,10,7
ENSMUSG00000059070,Rpl18,5198,6293,4598,5049,4596,1759,4782,5317,5648,5197,4964,4415
ENSMUSG00000054161,Fam83e,27,25,38,22,26,19,19,34,21,20,29,19
ENSMUSG00000070563,Spaca4,0,0,1,0,0,0,1,0,0,0,0,1
ENSMUSG00000030849,Fgfr2,1,1,0,0,0,7,1,0,0,0,0,0
ENSMUSG00000036882,Arhgap33,28,36,42,36,26,15,35,40,30,26,29,26
ENSMUSG00000003271,Sult2b1,190,230,238,248,295,146,281,248,245,207,186,162
ENSMUSG00000082988,Gm5903,10,5,6,9,5,1,5,8,7,10,4,7
ENSMUSG00000109602,Gm31597,29,38,19,26,42,42,38,33,24,18,62,55
ENSMUSG00000000605,Clcn4,1785,1953,1380,1345,1523,760,1288,1356,1707,1663,1381,1319
ENSMUSG00000030660,Pik3c2a,395,437,346,382,368,298,215,369,297,362,402,358
ENSMUSG00000030737,Slco2b1,0,0,0,0,0,2,0,0,1,0,0,0
ENSMUSG00000110243,Gm45631,1,0,0,0,0,0,0,1,0,0,0,1
ENSMUSG00000036864,Proser3,37,42,36,33,53,46,25,49,40,37,78,77
ENSMUSG00000093599,Mir5620,0,0,0,0,2,0,0,0,0,0,1,0
ENSMUSG00000109102,1700019A23Rik,0,0,0,0,0,0,0,0,0,0,0,0
ENSMUSG00000085095,Gm15635,0,0,0,0,0,0,0,0,0,0,0,0
ENSMUSG00000109559,Gm34280,0,0,0,0,0,0,0,0,0,0,0,0
ENSMUSG00000108965,Gm44551,0,0,0,0,0,0,0,0,0,0,0,0
ENSMUSG00000073998,Olfr520,0,0,0,0,0,0,0,1,0,0,0,0
ENSMUSG00000036854,Hspb6,14,23,18,27,26,36,35,38,28,12,39,29
ENSMUSG00000109275,Gm19182,0,0,0,0,0,0,0,0,0,0,0,0
ENSMUSG00000106236,Gm38670,0,0,0,0,0,0,0,0,0,0,0,0
ENSMUSG00000070847,Vmn2r30,0,0,0,0,0,0,0,0,0,0,0,0
ENSMUSG00000108500,Gm45033,0,0,2,0,0,3,0,1,0,3,0,0
ENSMUSG00000109766,Gm45415,0,0,0,0,0,0,0,0,0,0,0,0
ENSMUSG00000108359,C430039J01Rik,1,1,0,1,1,2,1,0,0,0,2,1
ENSMUSG00000108461,AV356131,3,0,2,0,0,0,0,0,0,1,0,0
ENSMUSG00000110139,Gm45783,0,0,0,0,0,0,0,0,0,0,0,0
ENSMUSG00000073997,Olfr521,0,0,0,0,0,0,0,0,0,0,0,0
ENSMUSG00000108566,Gm45031,0,0,0,0,0,0,0,0,0,0,0,0
ENSMUSG00000053360,F730035P03Rik,0,0,0,0,0,0,0,0,0,0,0,0
ENSMUSG00000109654,Gm3912,0,0,0,0,0,0,0,0,0,0,0,0
ENSMUSG00000096373,Vmn2r31,0,0,0,0,0,2,0,0,0,0,0,0
ENSMUSG00000035239,Neu3,134,141,105,145,152,80,120,158,176,136,151,151
ENSMUSG00000090849,Vmn2r-ps36,0,0,0,0,0,0,0,0,0,0,0,0
ENSMUSG00000096743,Vmn2r32,0,0,0,0,0,2,0,0,0,0,0,0
ENSMUSG00000092314,Gm3563,0,0,0,0,0,0,0,0,0,0,0,0
ENSMUSG00000109885,Gm6842,0,0,0,0,0,0,0,0,0,0,0,0
ENSMUSG00000096691,Vmn2r33,0,0,0,0,0,0,0,0,0,0,0,0
ENSMUSG00000092387,Gm7648,0,0,0,0,0,0,0,0,0,0,0,0
ENSMUSG00000092227,Gm7651,0,0,0,0,0,0,0,0,0,0,0,0
ENSMUSG00000036845,Lin37,294,344,229,290,234,109,335,295,334,253,290,249
ENSMUSG00000092439,Vmn2r-ps37,0,0,0,0,0,0,0,0,0,0,0,0
ENSMUSG00000040940,Arhgef1,7563,7796,5141,5223,4112,1478,4474,5312,6399,5790,5741,5694
ENSMUSG00000070841,Vmn2r34,0,0,0,0,0,0,0,0,0,0,0,0
ENSMUSG00000092173,Vmn2r-ps38,0,0,0,0,0,0,0,0,0,0,0,0
ENSMUSG00000062044,Lmtk3,47,49,48,33,50,23,34,34,43,34,41,37
ENSMUSG00000096399,Vmn2r35,0,0,0,0,0,0,0,0,0,0,0,0
ENSMUSG00000092433,Vmn2r-ps40,0,0,0,0,0,0,0,0,0,0,0,0
ENSMUSG00000036835,Psenen,29,33,15,27,43,7,32,31,30,27,19,25
ENSMUSG00000108367,Gm4881,0,4,0,0,0,1,0,0,0,2,0,0
ENSMUSG00000108675,Gm44970,0,0,0,0,0,0,0,0,0,0,0,0
ENSMUSG00000091651,Vmn2r36,0,0,0,0,0,0,0,0,0,0,0,0
ENSMUSG00000092221,Gm7230,0,0,0,0,0,0,0,0,0,0,0,0
ENSMUSG00000030659,Nucb2,103,98,68,59,57,58,52,71,66,63,44,46
ENSMUSG00000108736,Gm45151,1,2,0,0,0,1,1,1,1,0,1,2
ENSMUSG00000090968,Gm3978,0,0,0,0,0,0,0,0,0,0,0,0
ENSMUSG00000092619,Gm20438,0,0,0,0,0,0,0,0,0,0,0,0
ENSMUSG00000108456,4732496C06Rik,3,1,3,0,4,1,2,1,2,6,1,4
ENSMUSG00000092294,Gm18200,0,0,0,0,0,0,0,0,0,0,0,0
ENSMUSG00002076628,#N/A,0,0,0,0,0,0,0,0,0,0,0,0
ENSMUSG00000035227,Spcs2,1647,1748,1580,1572,1808,1508,1762,1744,1606,1476,1848,1733
ENSMUSG00002075642,#N/A,0,0,0,0,0,0,0,0,0,0,0,0
ENSMUSG00000108740,Gm6008,0,0,0,0,0,0,0,0,0,0,0,0
ENSMUSG00000107383,Gm4366,30,26,16,30,20,13,29,28,44,34,20,20
ENSMUSG00000094736,Gm4073,0,0,0,0,0,0,0,0,0,0,0,0
ENSMUSG00000119801,#N/A,0,0,0,0,0,0,0,0,0,0,0,0
ENSMUSG00000090482,Gm3675,0,0,0,0,0,0,0,0,0,0,0,0
ENSMUSG00000108303,Gm39075,0,0,0,0,0,0,0,0,0,0,0,0
ENSMUSG00000003380,Rabac1,687,958,712,871,554,101,901,755,678,617,404,451
ENSMUSG00000098802,Mir7046,0,0,0,0,0,0,0,0,0,0,0,0
ENSMUSG00000092574,2810047C21Rik1,0,0,0,0,0,0,0,0,0,0,0,0
ENSMUSG00000096668,Gm3665,0,0,0,0,0,0,0,0,0,0,0,0
ENSMUSG00000030657,Xylt1,228,237,228,223,174,97,142,250,178,230,132,116
ENSMUSG00000090892,Vmn2r41,0,0,0,0,0,0,0,0,0,0,0,0
ENSMUSG00000108693,Gm45153,0,0,0,0,0,0,0,0,1,3,0,1
ENSMUSG00002074866,#N/A,0,0,0,0,0,0,0,0,0,0,0,0
ENSMUSG00000035211,Xrra1,0,2,1,2,0,5,0,2,3,0,0,0
ENSMUSG00000109002,Gm38405,0,0,0,0,0,0,1,0,0,0,0,0
ENSMUSG00000108985,A930030B08Rik,0,0,0,0,0,0,0,0,0,0,0,0
ENSMUSG00000070844,Vmn2r42,0,0,0,0,0,0,0,0,0,0,0,0
ENSMUSG00000058761,Rnf169,751,802,727,657,733,374,577,718,673,633,746,712
ENSMUSG00000108823,Gm18959,1,3,0,2,2,1,0,0,1,1,0,3
ENSMUSG00000109384,Gm17931,0,0,0,0,0,0,0,0,0,0,0,0
ENSMUSG00000053720,Vmn2r43,0,0,0,0,0,0,0,0,0,0,0,0
ENSMUSG00000092624,Gm3654,0,0,0,0,0,0,0,0,0,0,0,0
ENSMUSG00000092452,Vmn2r-ps45,0,0,0,0,0,0,0,0,0,0,0,0
ENSMUSG00000092447,Gm7696,0,0,0,0,0,1,1,0,0,0,0,0
ENSMUSG00000094098,Vmn2r44,0,0,0,0,1,2,0,0,0,0,0,0
ENSMUSG00000092441,Vmn2r-ps46,0,0,0,0,0,0,0,0,0,0,0,0
ENSMUSG00000090662,Vmn2r45,0,0,0,0,0,0,0,0,0,0,0,0
ENSMUSG00000092614,Vmn2r-ps47,0,0,0,0,0,0,0,0,0,0,0,0
ENSMUSG00000008683,Rps15a,6199,8237,6041,6782,6582,3054,6707,6190,7393,6620,5885,5591
ENSMUSG00000092204,Vmn2r-ps49,0,0,0,0,0,0,0,0,0,0,0,0
ENSMUSG00000092175,Gm3584,0,0,0,0,0,0,0,0,0,0,0,0
ENSMUSG00000090727,Gm3956,0,0,0,0,0,0,0,0,0,0,0,0
ENSMUSG00000092264,Gm3585,0,0,0,0,0,0,0,0,0,0,0,0
ENSMUSG00000030732,Chrdl2,0,0,0,0,1,1,0,0,0,0,0,0
ENSMUSG00000091163,Gm3962,0,0,0,0,0,0,0,0,0,0,0,0
ENSMUSG00000092523,Gm18191,0,0,0,0,0,0,0,0,0,0,0,0
ENSMUSG00000096707,Vmn2r-ps44,0,0,0,0,0,0,0,0,0,0,0,0
ENSMUSG00000110977,Gm48598,0,0,0,0,0,0,0,0,0,0,0,0
ENSMUSG00000030850,Ate1,705,768,539,536,660,457,525,571,696,567,726,664
ENSMUSG00000092490,Gm20482,0,0,0,0,0,0,0,0,0,0,0,0
ENSMUSG00000108940,Gm45719,8,3,9,5,8,9,13,5,8,5,8,12
ENSMUSG00000109016,Gm44647,2,1,0,0,0,0,0,1,0,1,1,0
ENSMUSG00000092573,Vmn2r-ps43,0,0,0,0,0,0,0,0,0,0,0,0
ENSMUSG00000099422,Gm4275,0,0,0,3,0,0,2,1,0,0,0,0
ENSMUSG00002076006,#N/A,0,0,0,0,0,0,0,0,0,0,0,0
ENSMUSG00000090864,Vmn2r40,0,0,0,0,0,0,0,0,0,0,0,0
ENSMUSG00000109978,Gm45530,0,0,0,0,0,0,0,0,0,0,0,0
ENSMUSG00000092611,Vmn2r-ps42,0,0,0,0,0,0,0,0,0,0,0,0
ENSMUSG00000096658,Vmn2r39,0,0,0,0,0,0,0,0,0,0,0,0
ENSMUSG00000092312,Zfp419,0,0,0,0,0,0,0,0,0,0,0,0
ENSMUSG00000095773,Vmn2r38,0,0,0,0,0,0,0,0,0,0,0,0
ENSMUSG00000092575,Gm5583,0,0,0,0,0,0,0,0,0,0,0,0
ENSMUSG00000092620,Gm18201,0,0,0,0,0,0,0,0,0,0,0,0
ENSMUSG00000030654,Arl6ip1,3178,3732,3189,3343,4607,2175,3830,3639,3269,2924,3955,3813
ENSMUSG00000040331,Nsmce4a,1376,1415,1270,1348,1579,1108,1545,1667,1468,1413,1568,1530
ENSMUSG00000092548,Vmn2r-ps41,0,0,0,0,0,0,0,0,0,0,0,0
ENSMUSG00000066828,Vmn2r37,0,0,0,0,0,0,0,0,0,0,0,0
ENSMUSG00000092561,Gm4011,0,0,0,0,0,0,0,0,0,0,0,0
ENSMUSG00000092308,Gm3623,0,0,0,0,0,0,0,0,0,0,0,0
ENSMUSG00000040907,Atp1a3,14,12,7,10,11,3,15,8,13,6,17,7
ENSMUSG00000096413,Gm3616,0,0,0,0,0,0,0,0,0,0,0,0
ENSMUSG00000092551,Gm20287,0,0,0,0,0,0,0,0,0,0,0,0
ENSMUSG00000092520,Gm3611,0,0,0,0,0,0,0,0,0,0,0,0
ENSMUSG00000099258,Mir7047,0,0,0,0,0,0,0,0,0,0,0,0
ENSMUSG00000090352,Gm3972,0,0,0,0,0,0,0,0,0,0,0,0
ENSMUSG00000092584,Gm18199,0,0,0,0,0,0,0,0,0,0,0,0
ENSMUSG00000003269,Cyth2,682,647,553,544,494,245,585,636,569,541,515,492
ENSMUSG00000096294,Gm10302,0,0,0,0,0,0,0,0,0,0,0,0
ENSMUSG00000030726,Pold3,1435,1475,1188,1366,1489,1242,1323,1720,1401,1263,1514,1383
ENSMUSG00000110197,Gm45444,0,1,1,1,0,0,2,0,1,0,1,2
ENSMUSG00000030725,Lipt2,181,208,148,175,135,80,158,181,236,199,133,139
ENSMUSG00000109186,Gm34821,0,0,0,0,0,0,0,0,0,0,0,0
ENSMUSG00000058743,Kcnj14,24,29,21,17,9,12,9,19,20,18,6,12
ENSMUSG00000092178,Gm45351,0,0,0,0,0,0,0,0,0,0,0,0
ENSMUSG00000094280,Vmn2r-ps51,0,0,0,0,0,0,0,0,0,0,0,0
ENSMUSG00000093681,Vmn2r-ps52,0,0,0,0,0,0,0,0,0,0,0,0
ENSMUSG00000110003,Gm45403,0,0,0,0,0,2,0,0,2,0,1,0
ENSMUSG00000095914,Vmn2r48,0,0,0,0,0,0,0,0,0,0,0,0
ENSMUSG00000035165,Kcne3,0,0,0,0,0,0,0,0,0,0,0,0
ENSMUSG00000053801,Grwd1,3892,4407,3270,3501,3184,991,3152,3267,3972,3654,2929,2750
ENSMUSG00000110108,Gm3702,0,0,0,0,0,0,0,0,0,0,0,0
ENSMUSG00000109435,Gm7067,0,0,0,0,0,1,0,0,0,0,0,0
ENSMUSG00000110020,Gm45441,0,0,1,1,0,1,0,1,0,0,1,0
ENSMUSG00000096180,Vmn2r49,0,0,0,0,0,0,0,0,0,0,0,0
ENSMUSG00000094606,Vmn2r50,0,0,0,0,0,0,0,0,0,0,0,0
ENSMUSG00000109796,Gm6850,0,0,0,0,0,0,0,0,0,0,0,0
ENSMUSG00000058685,Vmn2r51,0,0,0,0,0,0,0,0,0,0,0,0
ENSMUSG00000003378,Grik5,371,358,258,250,287,123,219,264,380,349,316,343
ENSMUSG00000091930,Vmn2r52,0,0,0,0,0,0,0,0,0,1,0,0
ENSMUSG00000093766,Gm20679,0,0,0,0,0,0,0,0,0,0,0,0
ENSMUSG00000045252,Zfp574,935,941,729,700,847,344,603,740,773,723,831,794
ENSMUSG00000002771,Grin2d,52,38,37,30,41,25,31,45,39,33,37,41
ENSMUSG00000043066,Vmn1r66,0,0,0,0,0,0,0,0,0,0,0,0
ENSMUSG00000093781,Vmn1r-ps47,0,0,0,0,0,0,0,0,0,0,0,0
ENSMUSG00000093487,Vmn1r-ps48,0,0,0,0,0,0,0,0,0,0,0,0
ENSMUSG00000109949,Gm45402,0,0,0,0,0,0,0,0,0,0,0,0
ENSMUSG00000110255,Gm45400,0,0,0,0,0,0,0,0,0,0,0,0
ENSMUSG00000110098,Gm45401,0,0,0,0,0,2,0,0,0,0,0,0
ENSMUSG00000030729,Pgm2l1,615,628,581,568,684,628,470,589,678,630,816,712
ENSMUSG00000089987,Gpx2-ps1,7,2,2,1,0,0,0,2,2,0,0,1
ENSMUSG00000034122,Nlrp4d,0,0,0,0,0,0,0,0,0,0,0,0
ENSMUSG00000107520,Gm3726,0,0,0,0,0,0,0,0,0,0,0,0
ENSMUSG00000046716,Vmn1r67,0,0,0,0,0,0,0,0,0,0,0,0
ENSMUSG00000118408,Gm30645,0,0,0,0,0,0,0,0,0,0,0,0
ENSMUSG00000030393,Zik1,72,83,75,55,104,66,55,85,85,72,84,88
ENSMUSG00000110232,Gm18193,0,0,0,0,0,0,0,0,0,0,0,0
ENSMUSG00000002778,Kdelr1,1290,1308,933,1042,1048,446,1176,1240,1208,1115,1066,958
ENSMUSG00000047031,Vmn1r68,0,0,0,0,2,3,0,0,0,0,1,0
ENSMUSG00002075324,#N/A,0,0,0,0,0,0,0,0,0,0,0,0
ENSMUSG00000093595,Vmn1r-ps49,0,0,0,0,0,0,0,0,0,0,0,0
ENSMUSG00000030655,Smg1,6307,6308,5594,5108,5062,3260,2698,5333,5508,5664,5366,5375
ENSMUSG00000040231,Syngr4,5,8,4,3,4,1,6,8,4,4,1,5
ENSMUSG00000051048,P4ha3,0,0,0,1,1,0,0,0,0,0,1,2
ENSMUSG00000065874,Gm25683,0,0,0,0,0,0,0,0,0,0,0,0
ENSMUSG00000109045,Gm45084,6,5,11,3,8,7,6,9,10,8,9,12
ENSMUSG00000055159,4930583K01Rik,0,0,1,3,0,1,0,0,0,0,0,0
ENSMUSG00000108980,Gm45155,6,4,6,3,8,4,2,4,7,9,3,5
ENSMUSG00000087922,Gm23229,0,0,1,0,0,0,0,0,0,0,0,0
ENSMUSG00000108856,Gm35309,0,0,0,0,0,0,0,0,0,0,0,0
ENSMUSG00000118412,Gm32766,0,0,0,0,0,0,0,0,0,0,0,0
ENSMUSG00000091662,Vmn1r69,0,0,0,0,0,0,0,0,0,0,0,0
ENSMUSG00000111440,Vmn1r-ps50,0,0,0,0,0,0,0,0,0,0,0,0
ENSMUSG00000045340,Vmn1r70,0,0,0,0,0,0,0,0,0,0,0,0
ENSMUSG00000093534,Vmn1r-ps51,0,0,0,0,0,0,0,0,0,0,0,0
ENSMUSG00000093826,Gm6900,0,2,0,2,0,0,2,0,0,0,0,1
ENSMUSG00000093689,Vmn1r-ps52,0,0,0,0,0,0,0,0,0,0,0,0
ENSMUSG00000030718,Ppme1,1341,1434,1012,1085,1240,692,960,1107,1281,1062,1240,1169
ENSMUSG00000002781,Tmem143,33,59,50,60,85,26,57,67,65,62,95,92
ENSMUSG00000034087,Nlrp4b,0,0,0,0,0,0,0,0,0,0,0,0
ENSMUSG00000110034,Gm45379,0,0,0,0,0,0,0,0,0,0,0,0
ENSMUSG00000040212,Emp3,1050,1201,1075,1201,1045,343,1429,1404,902,827,712,678
ENSMUSG00000110208,Gm45442,0,1,1,2,2,0,1,4,3,3,2,0
ENSMUSG00000059206,Vmn1r71,0,0,0,0,1,1,0,0,0,0,1,0
ENSMUSG00000109800,Gm5130,0,0,0,1,0,0,0,1,0,0,0,0
ENSMUSG00000058420,Syt17,1,0,1,1,0,0,0,0,1,0,0,0
ENSMUSG00000109747,Gm45438,0,0,0,0,0,0,0,0,0,0,0,0
ENSMUSG00000078765,U2af1l4,5,11,8,7,9,2,13,10,12,13,9,11
ENSMUSG00000109167,Gm44652,0,0,1,0,0,0,1,0,0,2,0,1
ENSMUSG00000110097,Zscan4a,0,0,0,0,0,0,0,0,0,0,0,0
ENSMUSG00000109924,Gm18781,0,0,0,0,0,0,0,0,0,0,0,0
ENSMUSG00000095115,Itpripl2,1267,1225,740,712,527,210,498,792,782,822,510,467
ENSMUSG00000110402,Gm7203,0,0,0,0,0,1,0,0,0,0,0,0
ENSMUSG00000110395,Gm4903,0,0,0,0,0,0,0,0,0,0,0,0
ENSMUSG00000109683,Gm7836,0,0,0,0,0,0,0,0,0,0,0,0
ENSMUSG00000109900,Gm18638,0,0,0,0,0,0,0,0,0,0,0,0
ENSMUSG00000095339,Zscan4b,0,0,0,0,0,0,0,0,0,0,0,0
ENSMUSG00000109971,Gm45279,0,0,0,0,0,0,0,0,0,0,0,0
ENSMUSG00000119795,#N/A,0,0,0,0,0,0,0,0,0,0,0,0
ENSMUSG00000110111,Gm7786,0,0,0,0,0,0,0,0,0,0,0,0
ENSMUSG00000109378,Gm49396,16,18,26,27,41,7,23,29,21,29,40,40
ENSMUSG00000110186,Gm7789,0,0,0,0,0,0,0,0,0,0,0,0
ENSMUSG00000110346,Gm18122,0,0,0,0,0,0,0,0,0,0,0,0
ENSMUSG00000040189,Ccdc114,6,7,8,2,9,17,6,7,4,3,14,9
ENSMUSG00000054272,Zscan4c,0,0,0,0,0,0,0,0,0,0,0,0
ENSMUSG00000109673,Gm9712,0,1,0,0,0,0,0,0,0,0,0,0
ENSMUSG00000110072,Gm45327,0,0,0,0,0,0,0,0,0,0,0,0
ENSMUSG00000109952,Gm45395,0,0,0,0,0,0,0,0,0,0,0,0
ENSMUSG00000036826,Igflr1,0,0,0,0,0,0,0,0,0,0,0,0
ENSMUSG00000110103,Zscan4-ps1,0,0,0,0,0,0,0,0,0,0,0,0
ENSMUSG00000110196,Gm33601,0,0,0,0,0,0,0,0,0,0,0,0
ENSMUSG00000109730,Gm7151,0,0,0,0,0,0,0,0,0,0,0,0
ENSMUSG00000110348,Gm4157,0,0,0,0,0,0,0,0,0,0,0,0
ENSMUSG00000109889,Gm3774,0,0,0,0,0,0,0,0,0,0,0,0
ENSMUSG00000110066,Gm38430,0,0,0,0,0,0,0,0,0,0,0,0
ENSMUSG00000030652,Coq7,289,350,268,294,318,212,349,367,350,260,293,256
ENSMUSG00000090714,Zscan4d,0,0,0,0,0,0,0,0,0,0,0,0
ENSMUSG00000109595,Gm18204,0,0,0,0,0,0,0,0,0,0,0,0
ENSMUSG00000110379,Gm6909,0,0,0,0,0,0,0,0,0,0,0,0
ENSMUSG00000110421,Gm9689,0,0,0,0,0,0,0,0,0,0,0,0
ENSMUSG00000110112,Gm39481,0,0,0,0,0,0,0,0,0,0,0,0
ENSMUSG00000109798,Gm5996,0,0,0,0,0,0,0,1,0,0,0,0
ENSMUSG00000110192,Gm9652,0,0,0,0,0,0,0,0,0,0,0,0
ENSMUSG00000109976,Gm19683,0,0,0,0,0,0,0,0,0,0,0,0
ENSMUSG00002074860,#N/A,0,0,0,0,0,0,0,0,0,0,0,0
ENSMUSG00000030834,Abcc6,0,0,0,0,0,0,0,0,0,0,0,0
ENSMUSG00000030852,Tacc2,1124,1235,812,765,489,352,532,710,773,844,581,579
ENSMUSG00000109702,Gm45674,0,0,0,0,0,0,0,0,0,0,0,0
ENSMUSG00000095936,Zscan4e,0,0,0,0,0,0,0,0,0,0,0,0
ENSMUSG00000110420,Gm45870,0,0,0,0,0,0,0,0,0,0,0,0
ENSMUSG00002076061,#N/A,0,0,0,0,0,0,0,0,0,0,0,0
ENSMUSG00000109979,Gm45596,0,0,0,0,0,0,0,0,0,0,0,0
ENSMUSG00000109225,4930513N20Rik,0,0,0,0,0,0,0,0,0,0,0,0
ENSMUSG00000109104,Gm6108,0,0,0,0,0,0,0,0,0,0,0,0
ENSMUSG00000110215,Gm45598,0,0,0,0,0,0,0,0,0,0,0,0
ENSMUSG00000110005,Gm18123,0,0,0,0,0,0,0,0,0,0,0,0
ENSMUSG00000050189,Etos1,0,0,0,0,0,0,0,0,0,0,0,0
ENSMUSG00000070828,Zscan4f,0,0,0,0,0,0,0,0,0,0,0,0
ENSMUSG00000109720,Gm18639,0,0,0,0,0,0,0,0,0,0,0,0
ENSMUSG00000042246,Tmc7,0,2,1,1,0,0,2,1,4,1,0,0
ENSMUSG00000109920,Gm9604,0,0,0,0,0,0,0,0,0,0,0,0
ENSMUSG00000109786,Gm7839,0,0,0,0,0,0,0,0,0,0,0,0
ENSMUSG00000110083,Gm45382,0,0,0,0,0,0,0,0,0,0,0,0
ENSMUSG00000110095,Gm7207,0,0,0,0,0,0,0,0,0,0,0,0
ENSMUSG00000109950,Gm45550,0,0,0,0,0,0,0,0,0,0,0,0
ENSMUSG00000109916,Gm45551,0,0,0,0,0,0,0,0,0,0,0,0
ENSMUSG00000109284,B230311B06Rik,0,0,0,0,0,0,0,0,0,0,0,0
ENSMUSG00000110076,Gm45549,0,0,0,0,0,0,0,0,0,0,0,0
ENSMUSG00000109763,Gm18124,0,0,0,0,0,0,0,0,0,0,0,0
ENSMUSG00000110190,Zscan4-ps2,0,0,0,0,0,0,0,0,0,0,0,0
ENSMUSG00000109985,Gm18640,0,0,0,0,0,0,0,0,0,0,0,0
ENSMUSG00000110307,Gm3816,0,0,0,0,0,0,0,0,0,0,0,0
ENSMUSG00000110149,Gm7848,0,0,0,0,0,0,1,0,0,0,0,0
ENSMUSG00000110024,Gm7210,0,0,0,0,0,0,0,0,0,0,0,0
ENSMUSG00000109694,Gm45500,0,0,0,0,0,0,0,0,0,0,0,0
ENSMUSG00000109969,Zscan4-ps3,0,0,0,0,0,0,0,0,0,0,0,0
ENSMUSG00000109626,Gm18641,0,0,0,0,0,0,0,0,0,0,0,0
ENSMUSG00000092489,Vmn1r-ps53,0,0,0,0,0,0,0,0,0,0,0,0
ENSMUSG00000040298,Btbd16,0,0,0,1,0,3,0,0,0,0,0,0
ENSMUSG00000110267,Gm45283,0,0,0,0,0,0,0,0,0,0,0,0
ENSMUSG00000086108,Gm5602,1,1,0,1,0,0,0,0,0,0,0,0
ENSMUSG00000095430,Vmn1r72,0,0,0,0,0,0,0,0,0,0,0,0
ENSMUSG00000109883,Gm18850,0,0,0,0,0,0,0,0,0,0,0,0
ENSMUSG00000110385,Gm19093,0,0,0,0,0,0,0,0,0,0,0,0
ENSMUSG00000051687,Vmn1r73,0,0,0,0,0,2,0,0,0,0,0,0
ENSMUSG00000110398,Gm45616,0,0,0,0,0,0,0,0,0,0,0,0
ENSMUSG00000110182,Gm45617,0,0,0,0,0,0,0,0,0,0,0,0
ENSMUSG00000047655,Vmn1r74,0,0,0,0,0,2,0,0,0,0,0,0
ENSMUSG00000110173,Gm6929,0,3,4,7,3,3,4,2,2,2,4,0
ENSMUSG00000092326,Vmn1r-ps55,0,0,0,0,0,0,0,0,0,0,0,0
ENSMUSG00000109762,Gm34779,0,0,0,0,0,0,0,0,0,0,0,0
ENSMUSG00000030835,Nomo1,9662,9973,7668,7634,8491,3656,6389,7689,8888,8404,8039,7701
ENSMUSG00000043308,Vmn1r75,0,1,0,0,0,0,0,0,0,0,0,0
ENSMUSG00000110054,Gm18851,0,0,0,0,0,0,0,0,0,0,0,0
ENSMUSG00000092285,Vmn1r-ps56,0,0,0,0,0,0,0,0,0,0,0,0
ENSMUSG00000109811,Tpt1-ps4,5,4,2,3,0,0,2,2,9,4,1,3
ENSMUSG00000109882,Gm18706,0,0,0,0,0,0,0,0,0,0,0,0
ENSMUSG00000047248,C2cd3,1110,1217,995,884,1197,761,729,1031,1068,919,1281,1145
ENSMUSG00000115267,Vmn1r76,0,0,0,0,0,1,0,0,0,0,0,0
ENSMUSG00000110271,Gm45387,0,0,0,0,0,0,0,0,0,0,0,0
ENSMUSG00000092466,Vmn1r-ps57,0,0,0,0,0,0,0,0,0,0,0,0
ENSMUSG00000119511,#N/A,0,0,0,0,0,0,0,0,0,0,0,0
ENSMUSG00000109046,Gm44571,1,0,0,0,0,0,0,0,0,0,2,1
ENSMUSG00000110049,Gm3836,0,0,0,0,0,0,0,0,0,0,0,0
ENSMUSG00000092208,Vmn1r-ps58,0,0,0,0,0,1,0,0,0,0,0,0
ENSMUSG00000096146,Kcnj11,0,0,1,0,1,4,0,0,1,1,0,0
ENSMUSG00000109860,Gm17737,0,0,0,0,0,0,0,0,0,0,0,0
ENSMUSG00000099137,Gm10603,8,9,5,3,8,6,3,7,5,7,5,3
ENSMUSG00000110184,Gm45429,0,0,0,0,0,0,0,0,0,0,0,0
ENSMUSG00000102241,Gm37716,6,18,14,7,12,14,17,21,13,7,9,16
ENSMUSG00000092398,Vmn1r-ps59,0,0,0,0,0,0,0,0,0,0,0,0
ENSMUSG00000109752,Gm18597,0,0,0,0,0,0,0,0,0,0,0,0
ENSMUSG00000110292,Gm17850,0,0,0,0,0,0,0,0,0,0,0,0
ENSMUSG00000092318,Vmn1r-ps60,0,0,0,0,0,0,0,0,0,0,0,0
ENSMUSG00000109758,Gm18854,0,0,0,0,0,0,0,0,0,0,0,0
ENSMUSG00000095864,Vmn1r77,0,0,0,0,0,0,0,0,0,0,0,0
ENSMUSG00000066807,Gm10179,0,0,0,0,0,0,0,0,0,0,0,0
ENSMUSG00000092535,Vmn1r-ps61,0,0,0,0,0,0,0,0,0,0,0,0
ENSMUSG00000109686,Gm45562,0,0,0,0,0,0,0,0,0,0,0,0
ENSMUSG00000006307,Kmt2b,4441,4392,3773,3662,3328,1551,2561,3963,3690,3502,3581,3441
ENSMUSG00000092350,Vmn1r-ps62,0,0,0,0,0,0,0,0,0,0,0,0
ENSMUSG00000109914,Gm45498,0,0,0,0,0,0,0,0,0,0,0,0
ENSMUSG00000092248,Vmn1r-ps63,0,0,0,0,0,0,0,0,0,0,0,0
ENSMUSG00000098553,Mir3569,0,0,0,0,0,0,1,1,0,0,0,0
ENSMUSG00000032942,Ucp3,5,6,6,12,7,8,3,3,2,4,5,3
ENSMUSG00000006310,Zbtb32,6681,6835,6257,6884,5570,2743,5058,5591,5375,4554,5172,4825
ENSMUSG00000040268,Plekha1,233,260,182,195,190,201,171,236,270,239,301,266
ENSMUSG00000061602,Vmn1r78,0,0,0,0,0,0,0,1,0,0,0,0
ENSMUSG00000110203,Gm45365,0,0,0,0,0,0,0,0,0,0,0,0
ENSMUSG00000104914,Mir7061,3,1,0,0,0,0,0,0,1,0,0,1
ENSMUSG00000006313,Upk1a,80,62,81,85,78,37,60,71,57,43,46,52
ENSMUSG00000096735,Vmn1r79,0,0,0,0,1,0,0,0,0,0,1,0
ENSMUSG00000110082,Gm19201,0,0,0,0,0,0,0,0,0,0,0,0
ENSMUSG00000036751,Cox6b1,1902,2212,1637,1897,2072,882,2153,1934,2046,1788,1886,1753
ENSMUSG00000115744,Vmn1r80,0,0,0,1,2,7,0,0,0,0,1,0
ENSMUSG00000092351,Vmn1r-ps64,0,0,0,0,0,0,0,0,0,0,0,0
ENSMUSG00000109630,Gm45364,0,0,0,0,0,0,0,0,0,0,0,0
ENSMUSG00000006311,Etv2,2,5,3,2,4,6,6,7,4,5,8,8
ENSMUSG00000092476,Vmn1r-ps65,0,0,0,0,0,0,0,0,0,0,0,0
ENSMUSG00000110121,Gm45367,0,0,0,0,0,1,0,0,0,0,0,0
ENSMUSG00000110042,Gm4224,0,0,0,0,0,0,0,0,0,0,0,0
ENSMUSG00000006205,Htra1,1,0,0,0,0,0,0,0,0,0,0,0
ENSMUSG00000115027,Vmn1r81,0,0,0,0,0,2,0,0,0,0,0,0
ENSMUSG00000058132,Vmn1r82,0,0,0,0,0,0,0,0,0,0,0,0
ENSMUSG00000066804,Vmn1r83,0,0,0,0,0,0,0,0,0,0,0,0
ENSMUSG00002074963,#N/A,0,0,0,0,0,0,0,0,0,0,0,0
ENSMUSG00000033685,Ucp2,13483,13882,8494,8743,9280,4817,9282,9222,11566,9764,8949,8236
ENSMUSG00000066803,Vmn1r84,0,0,0,0,0,0,0,0,0,0,0,0
ENSMUSG00000040136,Abcc8,1,0,0,0,0,2,0,0,0,0,0,1
ENSMUSG00000092331,Vmn1r-ps66,0,0,0,0,0,0,0,0,0,0,0,0
ENSMUSG00000092610,Vmn1r-ps67,0,0,0,0,0,0,0,0,0,0,0,0
ENSMUSG00000092359,Vmn1r-ps68,0,0,0,0,0,0,0,0,0,0,0,0
ENSMUSG00000110146,Gm45487,0,0,0,0,0,0,0,0,0,0,0,0
ENSMUSG00000110240,Gm45486,0,0,0,0,0,0,0,0,0,0,0,0
ENSMUSG00000036733,Rbm42,2,5,4,2,0,0,1,8,0,2,4,2
ENSMUSG00000034071,Zfp551,41,43,33,30,42,18,37,31,33,42,28,23
ENSMUSG00000092583,Vmn2r-ps53,0,0,0,0,0,0,0,0,0,0,0,0
ENSMUSG00000094365,Gm21982,1,1,2,0,4,0,1,0,1,0,3,0
ENSMUSG00000030708,Dnajb13,15,24,13,12,20,9,22,13,12,17,18,8
ENSMUSG00000109560,Gm8463,0,1,1,0,0,0,2,1,2,1,0,0
ENSMUSG00000044881,Coa4,230,248,142,168,198,120,187,161,233,171,175,171
ENSMUSG00000109123,Gm39059,0,2,0,1,0,0,1,0,0,1,0,0
ENSMUSG00000030386,Zfp606,105,99,77,70,93,99,78,94,92,74,93,128
ENSMUSG00000030650,Tmc5,0,0,0,0,0,0,0,0,0,0,0,0
ENSMUSG00000030385,2900092C05Rik,0,0,0,0,0,1,0,0,0,0,0,0
ENSMUSG00000081550,Gm15877,3,2,2,6,2,0,2,3,9,9,4,6
ENSMUSG00000110022,Gm45475,0,0,0,0,0,0,0,0,0,0,0,0
ENSMUSG00000033917,Gde1,1213,1585,1098,1114,1138,538,1200,1202,1288,1065,931,935
ENSMUSG00000096002,Vmn2r53,0,0,0,0,1,14,1,0,0,0,1,0
ENSMUSG00000082872,Gm15773,2,2,2,1,0,0,5,3,3,3,0,3
ENSMUSG00000109357,Gm45236,0,1,0,1,0,0,0,0,0,0,0,0
ENSMUSG00000030706,Mrpl48,274,355,333,306,304,132,302,296,318,273,298,277
ENSMUSG00000108990,Gm44648,0,0,0,0,0,0,0,0,0,0,0,0
ENSMUSG00000081359,Cox20b,0,1,0,0,0,0,0,0,0,0,0,0
ENSMUSG00000078762,Haus5,23,17,22,22,34,14,40,50,25,24,41,46
ENSMUSG00000096593,Vmn2r54,0,0,0,0,0,0,0,0,0,0,0,0
ENSMUSG00000117238,AC139131.1,0,0,0,0,0,0,0,0,0,0,0,0
ENSMUSG00000049761,Pmis2,0,0,0,0,0,0,0,0,0,0,0,0
ENSMUSG00000047517,Dmbt1,0,0,0,0,1,1,0,0,0,0,0,0
ENSMUSG00000013083,2200002J24Rik,0,0,0,0,0,0,1,0,0,0,0,0
ENSMUSG00000066620,Gm4883,0,0,2,0,0,0,1,1,0,2,0,0
ENSMUSG00000013668,4933402N03Rik,0,0,0,0,0,4,0,0,0,0,1,0
ENSMUSG00000100759,1700029B22Rik,0,0,0,0,0,0,0,0,0,0,0,0
ENSMUSG00000033904,Ccp110,432,438,345,339,527,437,292,487,436,368,545,519
ENSMUSG00000091045,Vmn2r55,0,0,0,0,0,0,0,0,0,0,0,0
ENSMUSG00000030704,Rab6a,2056,2087,1700,1665,1715,1789,1554,1912,1948,1697,1921,1645
ENSMUSG00000090762,Vmn2r56,0,0,0,0,0,0,0,0,0,0,0,0
ENSMUSG00000098135,Gm6946,16,13,10,18,10,2,16,18,17,14,7,13
ENSMUSG00000110031,Gm18205,0,0,0,0,0,0,0,0,0,0,0,0
ENSMUSG00000082210,Gm14382,0,0,0,0,1,0,0,0,0,0,0,0
ENSMUSG00000006204,Cdcp3,0,0,0,0,0,0,0,0,0,0,0,0
ENSMUSG00000070822,Zscan18,57,61,44,45,36,13,23,44,52,42,46,49
ENSMUSG00000109594,1700047O18Rik,0,0,0,0,0,0,0,0,0,0,0,0
ENSMUSG00000118585,AC110885.1,0,0,0,0,0,0,0,0,0,0,0,0
ENSMUSG00000110124,Gm4247,5,1,6,4,5,1,1,4,4,7,2,3
ENSMUSG00000109724,Gm18194,19,6,11,9,4,7,5,7,10,3,3,7
ENSMUSG00000109925,Gm45315,0,0,0,0,0,0,0,0,0,0,0,0
ENSMUSG00000040205,Cuzd1,0,2,1,0,0,1,0,0,0,0,0,0
ENSMUSG00000057894,Zfp329,382,419,367,314,475,345,244,418,377,401,474,492
ENSMUSG00000005553,Atp4a,2,2,2,4,2,0,2,4,4,4,0,4
ENSMUSG00000110119,Gm45593,0,0,0,0,0,0,1,0,0,0,2,0
ENSMUSG00000030858,Fam24b,2,2,1,2,1,1,1,2,0,3,0,0
ENSMUSG00000058638,Zfp110,765,845,552,569,679,352,501,650,658,655,652,593
ENSMUSG00000030859,Fam24a,0,0,0,0,0,0,0,0,0,0,0,0
ENSMUSG00000110320,Gm31152,0,0,0,0,1,0,0,0,0,0,0,0
ENSMUSG00000060397,Zfp128,24,34,25,18,32,15,16,20,29,26,37,33
ENSMUSG00000054715,Zscan22,349,362,237,254,365,236,236,293,298,245,363,333
ENSMUSG00000040177,2310057M21Rik,948,1006,809,847,738,384,768,770,850,740,686,631
ENSMUSG00000006315,Tmem147,864,1037,718,794,992,281,929,794,982,798,978,983
ENSMUSG00000097320,Tmem147os,19,27,20,25,26,12,23,27,29,27,38,29
ENSMUSG00000012848,Rps5,28457,37002,24947,28483,26351,9906,29976,27658,29982,26912,23422,21538
ENSMUSG00000063179,Pstk,157,201,153,153,168,101,164,172,191,187,194,199
ENSMUSG00000108883,Gm44623,1,0,0,0,0,0,0,0,0,1,0,2
ENSMUSG00000033967,Rnf225,54,62,70,65,38,20,45,51,45,49,33,29
ENSMUSG00000065006,Gm26325,0,0,0,0,0,0,0,0,0,0,0,0
ENSMUSG00000097115,1810019N24Rik,1,0,1,0,1,0,2,2,2,1,0,0
ENSMUSG00000102084,Gm29638,0,0,0,0,0,0,0,0,0,0,0,0
ENSMUSG00000061099,Gapdhs,1,2,0,0,0,1,0,0,1,0,0,0
ENSMUSG00000004500,Zfp324,250,250,175,167,227,113,151,207,240,175,293,258
ENSMUSG00000109224,Tmem147os,0,0,0,0,0,0,0,0,0,0,0,0
ENSMUSG00000098146,Gm26935,7,9,2,6,3,3,1,13,6,10,10,12
ENSMUSG00000040167,Ikzf5,352,398,327,317,287,238,249,307,310,337,341,355
ENSMUSG00000109570,Gm44624,0,0,2,0,1,1,0,0,0,0,0,1
ENSMUSG00000108910,Gm44625,3,2,2,2,1,8,0,1,1,4,3,5
ENSMUSG00000046056,Sbsn,20,15,11,7,13,12,7,4,7,10,8,8
ENSMUSG00000030861,Acadsb,125,148,109,99,97,90,109,129,111,129,142,115
ENSMUSG00000109399,Gm44982,0,0,0,0,1,0,0,1,0,1,1,4
ENSMUSG00000108964,Gm18600,0,0,0,0,0,0,0,0,0,0,0,0
ENSMUSG00000108989,Gm44984,0,0,0,0,0,0,0,0,0,0,0,0
ENSMUSG00000109087,Gm45105,0,0,0,0,0,0,0,0,0,0,0,0
ENSMUSG00000040148,Hmx3,0,2,1,1,0,0,0,2,3,0,0,1
ENSMUSG00000050100,Hmx2,0,6,0,0,4,3,2,0,0,5,1,4
ENSMUSG00000008496,Pou2f2,14045,14208,11562,11786,10734,7653,12161,12279,12531,12282,9443,8372
ENSMUSG00000098441,Mir6537,0,1,0,0,0,0,0,0,0,0,0,0
ENSMUSG00000074274,D930028M14Rik,5,3,7,7,2,2,1,5,7,3,0,5
ENSMUSG00000054499,Dedd2,586,639,436,469,522,165,504,532,621,574,626,593
ENSMUSG00000098325,Mir7048,0,1,0,0,0,0,0,0,0,1,0,0
ENSMUSG00000108523,4933430L12Rik,2,0,0,1,1,0,0,1,0,1,0,0
ENSMUSG00000046541,Zfp526,436,377,278,324,337,180,261,375,391,359,398,389
ENSMUSG00000066979,Bub3,2983,3481,2811,2881,3325,1830,3202,3315,3120,2764,3015,2789
ENSMUSG00000062758,Gm16477,0,1,0,0,0,0,0,0,0,0,0,1
ENSMUSG00000109066,Gm4585,0,0,0,0,0,0,0,0,0,0,0,0
ENSMUSG00000108839,Gm44547,0,0,0,0,0,0,0,0,0,0,0,0
ENSMUSG00000109014,Gm44546,0,0,0,0,0,0,0,0,0,0,0,0
ENSMUSG00000109340,Gm44548,0,0,0,0,0,0,0,0,0,0,0,0
ENSMUSG00000040125,Gpr26,0,0,0,0,0,2,0,0,0,0,0,0
ENSMUSG00000030838,Ush1c,0,0,0,0,1,0,0,0,0,0,1,0
ENSMUSG00000030862,Cpxm2,0,0,0,0,0,1,1,0,0,0,0,0
ENSMUSG00002075358,#N/A,0,0,0,0,0,0,0,0,0,0,0,0
ENSMUSG00000110060,Gm9860,0,0,0,0,0,1,0,0,0,0,0,0
ENSMUSG00000086814,Gm15677,0,0,0,0,0,0,0,0,0,0,0,0
ENSMUSG00000030982,Vps35l,596,647,470,519,426,225,500,545,522,474,455,448
ENSMUSG00000057177,Gsk3a,3328,3050,2423,2430,2900,1978,2628,2943,3069,2752,3155,2917
ENSMUSG00000030930,Chst15,589,775,577,533,292,167,386,547,587,635,299,233
ENSMUSG00000109555,Gm44891,5,13,13,4,6,16,8,10,3,17,6,13
ENSMUSG00000090330,9130221H12Rik,186,160,106,130,149,77,139,138,170,131,169,166
ENSMUSG00000109270,Gm10584,6,5,4,5,4,0,4,6,8,9,3,3
ENSMUSG00000109550,Gm44892,0,0,0,0,0,0,0,0,0,0,0,0
ENSMUSG00000109137,Gm34908,1,0,1,0,0,0,0,1,0,1,0,0
ENSMUSG00000108870,Gm44893,0,0,0,0,0,0,0,0,0,0,1,0
ENSMUSG00000108979,1700016B15Rik,0,0,1,0,0,0,0,0,0,0,0,0
ENSMUSG00000109303,Gm44549,0,0,2,1,0,1,1,1,0,1,0,0
ENSMUSG00000108849,Gm35147,0,0,0,0,0,0,0,0,0,0,0,0
ENSMUSG00000109379,Gm44550,6,3,2,2,4,5,4,7,6,6,3,5
ENSMUSG00000108858,Gm4587,1,0,0,0,0,1,0,0,0,0,0,0
ENSMUSG00000077667,Gm26147,0,0,0,0,0,0,0,0,1,0,0,0
ENSMUSG00000040857,Erf,1709,1625,1178,1198,1415,526,971,1300,1737,1524,1444,1303
ENSMUSG00000030701,Plekhb1,0,1,0,0,0,0,0,0,0,0,0,0
ENSMUSG00000030934,Oat,810,939,812,814,993,477,878,872,685,615,776,666
ENSMUSG00000108866,Gm35082,0,0,0,0,0,1,0,0,0,0,1,0
ENSMUSG00000048528,Nkx1-2,18,26,39,45,37,27,19,27,22,32,11,19
ENSMUSG00000087657,Gm16764,0,0,0,1,0,0,0,0,0,0,0,0
ENSMUSG00000009487,Otog,0,0,0,0,0,1,0,0,0,0,0,0
ENSMUSG00000109962,1700025L06Rik,0,0,0,0,1,3,0,0,0,0,0,0
ENSMUSG00000030946,Lhpp,83,122,68,118,102,38,98,108,91,90,92,98
ENSMUSG00000009471,Myod1,0,0,0,0,0,0,0,0,0,0,0,0
ENSMUSG00000087348,Gm15582,0,0,0,0,0,0,0,0,2,0,0,1
ENSMUSG00000058975,Kcnc1,1,1,1,0,1,2,0,0,1,0,1,1
ENSMUSG00000030980,Knop1,3803,4087,3243,3380,3408,2148,3224,3382,3608,3423,3416,3118
ENSMUSG00000030839,Sergef,148,155,105,92,114,70,100,123,159,142,157,121
ENSMUSG00000119711,#N/A,0,0,0,0,0,0,0,0,0,0,0,0
ENSMUSG00000110316,Gm45311,7,5,4,3,5,9,3,3,4,6,5,10
ENSMUSG00000087492,Gm15700,0,0,0,0,0,0,0,0,0,0,0,0
ENSMUSG00000073856,Iqck,12,12,4,8,8,9,11,12,8,14,5,6
ENSMUSG00000109517,Gm44763,0,0,0,0,0,0,0,0,0,0,0,0
ENSMUSG00000110272,Gm45310,0,0,0,0,0,0,0,0,0,0,0,0
ENSMUSG00000008734,Gprc5b,7,7,3,1,5,2,3,5,5,3,2,2
ENSMUSG00000066197,Gpr139,0,0,0,0,0,0,0,0,0,0,0,0
ENSMUSG00000108921,Gm4083,0,0,0,0,0,0,0,0,0,0,0,0
ENSMUSG00000077653,Gm23321,0,0,0,0,0,0,0,0,0,0,0,0
ENSMUSG00000030956,Fam53b,2789,2978,1999,2079,1886,697,1643,2069,2523,2440,1806,1776
ENSMUSG00000029461,Fam168a,679,734,535,513,583,351,428,612,770,699,692,645
ENSMUSG00000060962,Dmkn,0,0,1,1,1,0,0,0,2,0,0,0
ENSMUSG00000109035,Gm45209,0,0,0,0,0,0,0,0,0,0,0,0
ENSMUSG00000097388,Gm3200,29,18,16,16,12,10,15,26,39,27,20,16
ENSMUSG00000109109,Gm44953,2,0,1,1,0,2,2,4,1,1,2,0
ENSMUSG00000030960,Eef1akmt2,403,455,379,408,444,382,398,423,448,381,506,428
ENSMUSG00000110159,Gm45501,19,10,14,19,23,14,34,16,12,13,27,23
ENSMUSG00000040046,Tph1,0,0,0,0,0,1,0,0,0,0,0,0
ENSMUSG00000110010,Gm45629,3,8,5,1,3,8,7,6,2,1,3,11
ENSMUSG00000030954,Gp2,0,0,0,0,0,0,0,0,0,0,0,0
ENSMUSG00000030965,Abraxas2,869,1004,773,776,808,547,629,727,856,836,772,674
ENSMUSG00000097595,1500002F19Rik,0,2,1,0,0,1,0,0,0,1,1,0
ENSMUSG00000109842,Gm45502,0,0,0,0,0,0,0,0,0,0,0,0
ENSMUSG00000008318,Relt,288,338,223,250,233,104,234,257,300,249,326,319
ENSMUSG00000006763,Saal1,125,162,122,120,172,62,128,155,141,133,168,161
ENSMUSG00000074199,Krtdap,0,0,0,0,0,0,0,0,0,0,0,0
ENSMUSG00000040026,Saa3,0,0,0,0,0,1,0,0,1,0,0,0
ENSMUSG00000040017,Saa4,0,0,0,0,0,0,0,0,0,0,0,0
ENSMUSG00000109624,Saa-ps,0,0,0,0,0,0,0,0,0,0,0,0
ENSMUSG00000030967,Zranb1,1177,1267,989,999,1082,899,968,1082,1149,1053,1110,963
ENSMUSG00000005442,Cic,2779,2529,2007,2002,2027,909,1553,2349,2294,2037,2092,2032
ENSMUSG00000085663,Gm15718,0,0,0,0,0,0,0,0,0,0,0,0
ENSMUSG00000074115,Saa1,0,0,0,0,0,0,0,0,0,0,0,0
ENSMUSG00000030963,Umod,0,0,0,0,0,0,0,0,0,0,0,0
ENSMUSG00000051314,Ffar2,34,44,39,42,18,3,34,30,22,23,13,4
ENSMUSG00000109254,Gm44588,0,0,0,0,0,0,0,0,0,0,0,0
ENSMUSG00000019429,Ffar3,0,1,0,0,0,0,0,0,0,0,0,0
ENSMUSG00000057465,Saa2,0,0,0,0,0,0,0,0,0,0,0,0
ENSMUSG00000044453,Ffar1,1,0,0,1,0,0,0,0,0,0,0,0
ENSMUSG00000030968,Pdilt,0,0,0,0,0,3,0,0,0,0,0,0
ENSMUSG00000103258,Gm37518,0,0,0,0,0,4,1,0,0,0,0,0
ENSMUSG00000098014,Gm26967,0,0,0,0,0,1,1,0,0,0,0,0
ENSMUSG00000005447,Pafah1b3,97,123,88,121,80,21,135,147,107,76,72,78
ENSMUSG00000058741,Prr19,0,0,1,0,0,1,0,2,0,1,0,0
ENSMUSG00000032875,Arhgef17,116,90,34,48,67,29,53,48,80,68,33,30
ENSMUSG00000093296,Mir3102,0,0,0,0,0,0,0,0,0,0,0,0
ENSMUSG00000048779,P2ry6,2,0,1,2,0,0,0,3,2,0,0,0
ENSMUSG00000109132,Gm44545,0,0,0,0,1,0,0,0,0,0,0,1
ENSMUSG00000032860,P2ry2,195,180,163,137,111,54,122,173,204,161,130,78
ENSMUSG00000108895,Gm45070,0,0,0,0,0,0,0,0,0,0,0,0
ENSMUSG00000109171,Gm5735,0,0,0,0,0,0,0,0,0,1,0,0
ENSMUSG00000043843,Tmem145,0,0,3,0,0,0,0,0,1,0,0,0
ENSMUSG00000045039,Megf8,15,13,17,10,15,10,7,12,18,14,19,12
ENSMUSG00000063651,Cnfn,0,0,0,0,0,0,0,0,1,0,0,0
ENSMUSG00000053714,4732471J01Rik,16,14,3,9,8,3,6,12,6,9,19,16
ENSMUSG00000030970,Ctbp2,159,153,97,96,131,62,97,87,101,116,112,111
ENSMUSG00000110282,B930086L07Rik,0,0,6,0,1,5,1,0,1,1,0,1
ENSMUSG00000109816,4930483O08Rik,0,0,0,0,0,0,0,0,0,0,0,0
ENSMUSG00000109619,Gm45672,0,0,0,0,0,0,0,0,0,0,0,0
ENSMUSG00000030976,Tex36,0,0,0,0,0,0,0,0,0,0,0,0
ENSMUSG00000110026,Gm35625,0,0,0,0,0,0,0,0,0,0,0,0
ENSMUSG00000109917,Gm45671,0,0,0,0,0,0,0,0,0,0,0,0
ENSMUSG00000101546,Gm28747,0,0,0,0,0,0,0,0,0,0,0,0
ENSMUSG00000030691,Fchsd2,632,657,484,409,496,461,410,531,554,592,607,541
ENSMUSG00000003123,Lipe,241,199,185,223,241,123,197,248,215,178,195,171
ENSMUSG00000083121,Gm6341,3,4,1,3,2,1,3,3,2,0,5,3
ENSMUSG00000030972,Acsm5,0,0,0,0,0,1,0,0,0,0,0,0
ENSMUSG00000111425,Gm47324,1,0,1,1,1,0,2,0,0,0,0,0
ENSMUSG00000039990,Edrf1,1132,1153,987,1030,905,527,711,965,1029,910,870,830
ENSMUSG00000030981,Mmp21,0,0,0,0,0,0,0,0,0,0,0,0
ENSMUSG00000030577,Cd22,4,3,0,2,2,1,11,1,7,4,4,3
ENSMUSG00000101029,Gm29439,0,1,0,0,0,0,0,0,0,1,1,0
ENSMUSG00000100029,D7Ertd128e,0,0,0,0,0,0,0,0,0,0,0,3
ENSMUSG00000030945,Acsm2,0,0,0,0,0,0,0,0,0,0,0,0
ENSMUSG00000047767,Atg16l2,519,529,449,476,495,216,414,480,504,443,514,459
ENSMUSG00000109478,Gm39078,0,0,0,0,0,0,0,0,0,0,0,0
ENSMUSG00000030979,Uros,179,180,163,145,175,97,136,147,221,140,169,175
ENSMUSG00000030983,Bccip,2202,2412,1749,1780,2037,1565,1769,1766,2317,1908,2261,2042
ENSMUSG00000014418,Hps5,440,454,384,376,385,246,285,355,389,361,388,448
ENSMUSG00000110087,Gm45309,4,4,2,3,2,4,2,0,3,4,2,3
ENSMUSG00000033533,Acsm1,0,0,0,0,0,0,0,0,0,0,0,0
ENSMUSG00000109093,Gm19950,0,0,0,0,0,0,0,0,0,0,0,0
ENSMUSG00000108884,Gm45792,0,0,0,0,0,0,0,0,0,0,0,0
ENSMUSG00000006599,Gtf2h1,1858,2052,1571,1585,1463,1271,1399,1618,1715,1710,1736,1599
ENSMUSG00000047026,Acsm4,0,0,0,0,0,2,0,0,0,0,0,0
ENSMUSG00000087298,Gm9392,4,6,4,4,1,2,1,2,14,9,2,3
ENSMUSG00000109663,Gm45308,0,0,0,0,0,0,0,0,0,0,0,0
ENSMUSG00000030942,Thumpd1,4495,5073,3859,4078,3827,2782,3450,4063,4496,4074,4189,3409
ENSMUSG00000036634,Mag,0,0,0,0,0,5,0,0,0,0,0,0
ENSMUSG00000109233,Gm44866,0,0,0,0,0,2,0,0,0,0,0,0
ENSMUSG00000108546,Gm44662,0,0,0,0,0,0,0,0,0,0,0,0
ENSMUSG00000100153,Ppp1ccb,1,10,2,3,9,18,10,11,4,4,2,4
ENSMUSG00000109404,Gm19963,0,0,0,0,0,0,0,0,0,2,1,0
ENSMUSG00000108915,Gm44966,0,0,0,0,0,0,0,0,0,0,0,0
ENSMUSG00000030986,Dhx32,756,936,720,682,659,312,565,689,731,712,585,523
ENSMUSG00000056978,Hamp2,1,1,1,0,0,0,0,1,0,0,0,0
ENSMUSG00000108352,Usf2-ps1,0,0,0,0,0,0,0,0,0,0,0,0
ENSMUSG00000081431,Gm15483,1,0,2,0,1,1,0,0,1,0,0,0
ENSMUSG00000109635,Gm45670,0,0,0,0,0,0,1,0,0,0,0,0
ENSMUSG00000050440,Hamp,1,0,1,1,1,2,0,1,1,1,1,1
ENSMUSG00000030688,Stard10,255,265,150,171,147,30,151,161,182,171,142,142
ENSMUSG00000092364,Gm20476,1,0,0,0,0,0,2,0,0,0,0,0
ENSMUSG00000110099,Gm45344,0,0,0,0,1,0,0,0,0,1,0,0
ENSMUSG00000110239,Gm45620,3,1,1,0,1,0,0,1,0,0,2,0
ENSMUSG00000053111,Fank1,0,0,0,0,0,0,0,0,0,0,0,0
ENSMUSG00000054555,Adam12,2,0,0,0,0,0,0,1,0,0,0,0
ENSMUSG00002076598,#N/A,0,0,0,0,0,0,0,0,0,0,0,0
ENSMUSG00000108478,Gm19514,0,0,0,0,0,1,0,0,0,0,0,0
ENSMUSG00000050066,A130023I24Rik,0,0,0,0,0,0,0,0,0,0,0,0
ENSMUSG00000058239,Usf2,1409,1225,971,1059,1155,508,1139,1163,1392,1201,1200,1164
ENSMUSG00000090357,Gm17077,4,3,1,1,3,0,3,0,1,5,0,1
ENSMUSG00000097750,Gm4673,33,26,36,33,31,14,19,29,34,43,40,39
ENSMUSG00000030994,D7Ertd443e,0,0,0,0,0,2,0,0,0,0,0,0
ENSMUSG00000108702,Gm9333,4,11,9,18,9,8,12,17,17,10,9,7
ENSMUSG00000063229,Ldha,24120,28549,22935,25383,22505,8372,26072,27429,25348,22591,21072,19514
ENSMUSG00000030935,Acsm3,0,0,0,0,0,0,0,2,0,0,0,0
ENSMUSG00000030851,Ldhc,0,0,0,0,0,0,0,0,0,0,0,1
ENSMUSG00000001247,Lsr,159,250,122,145,135,45,168,207,174,170,93,94
ENSMUSG00000030929,Eri2,198,239,171,145,195,166,173,228,199,168,220,213
ENSMUSG00000046826,Fam187b,1,0,1,3,0,0,3,3,1,3,2,0
ENSMUSG00000058325,Dock1,0,0,0,2,0,1,1,1,0,0,1,0
ENSMUSG00000073805,Insyn2a,0,0,0,0,0,2,0,0,0,0,0,0
ENSMUSG00000110167,Gm45532,0,0,0,0,0,3,0,0,0,0,0,0
ENSMUSG00000014402,Tsg101,571,654,496,518,647,417,565,556,561,500,663,487
ENSMUSG00000109608,Gm45597,0,0,0,0,0,0,0,0,0,0,0,0
ENSMUSG00000077150,Gm24581,0,0,0,0,0,0,0,0,0,0,0,0
ENSMUSG00000110213,Gm45628,0,0,0,0,0,0,0,0,0,0,0,0
ENSMUSG00000100717,1700120G07Rik,0,0,0,0,0,0,0,0,0,0,0,0
ENSMUSG00000073804,Nps,0,0,0,0,0,0,0,0,0,0,0,0
ENSMUSG00000109891,Gm45339,0,0,0,0,0,0,0,0,0,0,0,0
ENSMUSG00000073803,4930544L04Rik,0,0,0,0,0,0,0,0,0,0,0,0
ENSMUSG00000048377,Foxi2,0,0,0,0,0,0,0,0,0,0,0,0
ENSMUSG00000109598,Gm36356,0,0,0,0,0,0,0,0,0,0,0,0
ENSMUSG00000050866,Clrn3,0,0,0,0,0,0,0,0,0,0,0,0
ENSMUSG00000030924,Rexo5,168,229,249,264,217,134,218,257,172,197,220,246
ENSMUSG00000043262,Uevld,29,45,41,48,52,32,55,49,41,27,53,47
ENSMUSG00000109231,Gm45737,8,9,8,4,8,4,10,13,10,2,15,9
ENSMUSG00000110416,Gm19248,0,0,0,0,1,0,0,0,0,0,0,0
ENSMUSG00000110001,C86187,0,0,0,0,0,3,1,0,0,0,0,0
ENSMUSG00000109637,Gm31941,0,0,0,0,0,0,0,0,0,0,0,0
ENSMUSG00000048787,Dcun1d3,427,427,420,432,300,217,459,504,394,361,450,387
ENSMUSG00000056509,Gm9999,0,0,0,0,0,0,0,0,0,0,0,0
ENSMUSG00000049516,Spty2d1,1895,2018,1834,1798,1670,1188,1314,1873,1775,1668,1585,1545
ENSMUSG00000109118,Gm32031,7,4,8,9,9,3,5,6,9,13,4,7
ENSMUSG00000109634,Gm45474,0,0,0,0,0,0,0,0,0,0,0,0
ENSMUSG00000010307,Tmem86a,29,17,20,28,21,8,22,21,19,19,31,41
ENSMUSG00000111473,LOC102637012,3,6,0,3,1,0,2,2,5,3,1,0
ENSMUSG00000030922,Lyrm1,112,124,89,107,75,82,107,123,117,75,106,81
ENSMUSG00000030854,Ptpn5,2918,2959,2516,2551,2060,1203,1757,2076,1855,1625,2087,1777
ENSMUSG00000098960,Mir7056,1,0,2,0,0,0,0,1,0,0,0,0
ENSMUSG00000109501,Gm14377,31,28,27,36,36,16,24,15,18,20,19,14
ENSMUSG00000109200,Gm44969,0,0,0,1,1,0,0,0,1,0,1,0
ENSMUSG00000052303,Mrgpra6,0,0,0,0,0,0,0,0,0,0,0,0
ENSMUSG00000009687,Fxyd5,15842,17375,12291,14191,9950,9784,14901,16871,13647,12414,10314,8583
ENSMUSG00000032812,Arap1,1257,1244,931,935,919,401,689,982,982,868,968,944
ENSMUSG00000074111,Mrgpra9,0,0,0,0,0,0,0,0,0,0,0,0
ENSMUSG00000052273,Dnah3,5,8,7,9,3,0,7,7,8,4,5,2
ENSMUSG00000099560,Mrgprx3-ps,0,0,0,0,0,0,0,0,0,0,0,0
ENSMUSG00000098783,Mir7050,0,0,0,0,0,0,0,0,0,0,0,0
ENSMUSG00000050650,Mrgpra1,0,0,0,0,0,0,0,0,0,0,0,0
ENSMUSG00000109164,Gm45085,0,0,0,0,0,0,0,0,0,0,0,0
ENSMUSG00000100470,Gm29479,0,0,0,0,0,0,0,0,0,0,0,0
ENSMUSG00000088172,Gm25217,0,0,0,0,0,0,0,0,0,0,0,0
ENSMUSG00000119701,#N/A,0,0,0,0,0,0,0,0,0,0,0,0
ENSMUSG00000109445,4930560O18Rik,0,0,0,0,0,0,0,0,1,0,0,0
ENSMUSG00000093973,Mrgpra2a,0,0,0,0,0,0,0,0,0,0,0,0
ENSMUSG00000109656,Gm45548,0,0,0,0,0,0,0,0,0,0,0,0
ENSMUSG00000096719,Mrgpra2b,0,0,0,0,0,0,0,0,0,0,0,0
ENSMUSG00000101780,Gm7255,0,0,0,0,0,0,0,0,0,0,0,0
ENSMUSG00000101944,Mrgprc4-ps,0,0,0,0,0,0,0,0,0,0,0,0
ENSMUSG00000101664,Mrgpra14,0,0,0,0,0,0,0,0,0,0,0,0
ENSMUSG00000099659,Gm9322,0,0,0,0,0,0,0,0,0,0,0,0
ENSMUSG00000030653,Gm45837,0,1,2,0,0,0,0,1,0,0,0,0
ENSMUSG00000078698,Mrgpra3,0,0,0,0,0,0,0,0,0,0,0,0
ENSMUSG00000036578,Fxyd7,63,72,51,83,18,1,29,37,57,66,13,5
ENSMUSG00000100665,Mrgprc1-ps,0,0,0,0,0,0,0,0,0,0,0,0
ENSMUSG00000101087,Gm2707,0,0,0,0,0,2,0,0,0,0,0,0
ENSMUSG00000101817,Gm28288,0,0,0,0,0,0,0,0,0,0,0,0
ENSMUSG00000099603,Mrgprc3-ps,0,0,0,0,0,0,0,0,0,0,0,0
ENSMUSG00000030917,Tmem159,113,136,88,104,57,26,134,113,112,104,83,81
ENSMUSG00000101739,Gm5733,0,0,0,0,0,0,0,0,0,0,0,0
ENSMUSG00002076926,#N/A,0,0,0,0,0,0,0,0,0,0,0,0
ENSMUSG00000100920,Gm18348,0,0,0,0,0,0,0,0,0,0,0,0
ENSMUSG00000102109,Gm29563,0,0,0,0,0,0,0,0,0,0,0,0
ENSMUSG00000102068,Mrgprc7-ps,0,0,0,0,0,0,0,0,0,0,0,0
ENSMUSG00000102128,Gm18349,0,0,0,0,0,0,0,0,0,0,0,0
ENSMUSG00000101622,Mrgpra18-ps,0,0,0,0,0,0,0,0,0,0,0,0
ENSMUSG00000101101,Gm18350,0,0,0,0,0,0,0,0,0,0,0,0
ENSMUSG00000101759,Gm5734,0,0,0,0,0,0,0,0,0,0,0,0
ENSMUSG00000101906,Mrgprc2-ps,0,0,0,0,0,1,0,0,0,0,0,0
ENSMUSG00000067173,Mrgpra4,0,0,0,0,0,0,0,0,0,0,0,0
ENSMUSG00000070552,Mrgprx1,0,0,0,0,0,0,0,0,0,0,0,0
ENSMUSG00000101063,Mrgprb7-ps,0,0,0,0,0,0,0,0,0,0,0,0
ENSMUSG00000102003,Gm28666,0,0,0,0,0,0,0,0,0,0,0,0
ENSMUSG00000101900,Mrgprb12-ps,0,0,0,0,0,0,0,0,0,0,0,0
ENSMUSG00000102100,Gm18351,0,0,0,0,0,0,0,0,0,0,0,0
ENSMUSG00000101352,Gm28665,0,0,0,0,0,0,0,0,0,0,0,0
ENSMUSG00000070551,Mrgprb5,0,0,0,0,0,0,0,0,0,0,0,0
ENSMUSG00000101543,Gm18352,0,0,0,0,0,0,0,0,0,0,0,0
ENSMUSG00000070550,Mrgprb4,0,0,0,0,0,0,0,0,0,0,0,0
ENSMUSG00000097955,Gm26950,0,0,0,0,0,0,0,1,0,0,0,0
ENSMUSG00000099952,Gm18356,0,0,0,0,0,0,0,0,0,0,0,0
ENSMUSG00000099620,Mrgprb13,0,0,0,0,0,0,0,0,0,0,0,0
ENSMUSG00000100687,Gm18357,0,0,0,0,0,0,0,0,0,0,0,0
ENSMUSG00000050870,Mrgprb8,0,0,0,0,0,0,0,0,0,0,0,0
ENSMUSG00000070547,Mrgprb1,0,0,0,0,0,0,0,0,0,0,1,0
ENSMUSG00000074109,Mrgprx2,0,0,0,0,0,0,0,0,0,0,0,0
ENSMUSG00000050425,Mrgprb2,0,0,0,0,0,0,0,0,0,0,0,0
ENSMUSG00000101362,Mrgprb9-ps,0,0,0,0,0,0,0,0,0,0,0,0
ENSMUSG00000100250,Gm18353,0,0,0,0,0,0,0,0,0,0,0,0
ENSMUSG00000070546,Mrgprb3,0,0,0,0,1,0,0,0,0,0,1,2
ENSMUSG00000099889,Mrgprb11-ps,0,0,0,0,0,0,0,0,1,0,0,0
ENSMUSG00000109170,Gm45086,0,0,0,0,1,0,0,0,0,0,0,0
ENSMUSG00000030911,Zp2,0,0,0,0,0,0,0,0,0,0,0,0
ENSMUSG00000109414,4930505K13Rik,0,0,0,0,0,0,0,0,0,0,0,0
ENSMUSG00000030471,Zdhhc13,1364,1693,1310,1361,1232,820,1113,1261,1390,1353,1130,1076
ENSMUSG00000030909,Anks4b,0,0,0,0,0,0,0,0,0,0,0,0
ENSMUSG00000109317,Gm45041,8,8,5,3,7,2,2,10,7,6,7,6
ENSMUSG00000030470,Csrp3,1,0,0,0,0,0,0,0,0,0,0,0
ENSMUSG00000030905,Crym,0,0,0,0,0,0,0,0,0,1,1,0
ENSMUSG00000046179,E2f8,471,443,479,507,663,634,641,792,395,361,503,445
ENSMUSG00000085995,Gm2788,1,0,1,2,4,1,3,2,0,2,0,4
ENSMUSG00000110093,Gm45282,0,0,0,0,0,0,0,0,0,0,0,0
ENSMUSG00000062017,Abca14,0,0,1,0,1,0,0,0,0,0,0,0
ENSMUSG00000041836,Ptpre,355,340,248,262,139,80,140,168,207,180,146,106
ENSMUSG00000088141,Mir1962,0,0,0,0,0,0,0,0,0,0,0,0
ENSMUSG00000097471,5830432E09Rik,37,46,38,30,26,9,17,24,29,28,12,19
ENSMUSG00000031004,Mki67,6502,6857,6030,6222,11122,13252,4589,9209,4438,6250,9892,8545
ENSMUSG00000109910,Gm45240,0,0,0,0,0,0,0,0,0,0,0,0
ENSMUSG00000109831,Gm36431,0,0,0,0,0,0,0,0,0,0,0,0
ENSMUSG00000110078,Gm45241,0,0,0,0,0,0,0,0,0,0,0,0
ENSMUSG00000109898,6330420H09Rik,0,0,0,0,2,1,0,0,0,0,0,0
ENSMUSG00000110004,Gm45440,0,0,0,0,1,0,0,0,0,0,0,0
ENSMUSG00000110113,Gm45439,0,0,0,0,0,0,0,0,0,0,0,0
ENSMUSG00000098031,Gm9341,3,13,5,6,9,0,9,13,1,2,4,5
ENSMUSG00000110396,Gm36737,0,0,0,0,0,0,0,0,0,0,0,0
ENSMUSG00000110027,C030029H02Rik,33,18,15,21,25,10,10,18,19,24,24,20
ENSMUSG00000109792,Gm45426,9,8,6,2,2,7,1,9,5,6,4,5
ENSMUSG00000054746,Abca15,0,0,0,0,0,0,0,0,0,0,0,0
ENSMUSG00000109633,C230079O03Rik,0,0,0,0,0,1,0,0,0,0,0,0
ENSMUSG00000109981,Gm36849,0,0,0,0,0,0,0,0,0,0,0,0
ENSMUSG00002075912,#N/A,0,0,0,0,0,0,0,0,0,0,0,0
ENSMUSG00000109894,Gm5904,5,10,10,7,8,12,11,10,8,5,6,3
ENSMUSG00000110101,Gm6249,0,0,0,0,0,2,0,0,0,0,1,0
ENSMUSG00000110126,Gm9347,3,1,1,1,1,0,2,1,1,0,0,1
ENSMUSG00000036570,Fxyd1,4,7,2,12,8,1,8,8,7,8,3,3
ENSMUSG00000054612,Mgmt,53,78,27,48,50,11,56,87,32,43,42,38
ENSMUSG00000109721,Gm45280,0,0,2,1,2,1,1,3,1,0,0,0
ENSMUSG00000110174,Gm45499,0,1,0,0,0,0,0,0,0,0,0,0
ENSMUSG00000051900,Abca16,0,0,0,0,0,0,0,0,0,0,0,0
ENSMUSG00000109326,Gm9165,0,0,0,0,0,0,0,0,2,0,0,0
ENSMUSG00000036560,Lgi4,5,0,9,1,0,5,5,7,2,1,2,1
ENSMUSG00000109578,Gm16475,0,0,0,0,0,0,0,0,0,0,0,0
ENSMUSG00000109113,Gm32916,0,0,0,0,0,0,0,0,0,0,0,0
ENSMUSG00000044141,E130201H02Rik,5,0,2,0,4,3,2,1,3,4,1,3
ENSMUSG00000108911,Gm45113,1,6,3,4,4,1,6,4,2,0,6,1
ENSMUSG00000109304,Gm45112,1,1,2,0,3,1,9,2,3,7,2,1
ENSMUSG00000052512,Nav2,10,11,10,13,9,10,16,13,12,15,8,9
ENSMUSG00000109507,Gm18559,1,0,0,0,0,0,0,0,0,0,0,0
ENSMUSG00000109068,Gm45207,0,0,0,0,0,0,0,0,0,0,0,0
ENSMUSG00000109203,Gm32849,0,0,0,0,0,0,0,0,0,0,0,0
ENSMUSG00000108950,9130015G15Rik,0,0,0,0,0,0,0,0,0,0,0,0
ENSMUSG00000103834,Gm37613,1,0,0,0,0,0,0,0,0,0,0,0
ENSMUSG00000109051,Gm44913,0,0,0,0,0,0,1,0,0,0,0,0
ENSMUSG00000102148,Gm38059,0,0,0,0,0,0,0,0,0,0,0,0
ENSMUSG00000057092,Fxyd3,1,1,0,0,0,0,0,0,0,0,0,0
ENSMUSG00000030507,Dbx1,0,0,0,0,0,0,1,0,0,1,0,0
ENSMUSG00000030884,Uqcrc2,3331,4052,2916,3072,3349,1977,3115,3060,3545,3255,3299,2981
ENSMUSG00000039745,Htatip2,329,390,286,295,254,131,318,299,353,281,226,246
ENSMUSG00000030887,Pdzd9,1,0,1,0,1,4,2,0,0,1,0,1
ENSMUSG00000108935,4930588G17Rik,0,0,0,0,0,0,0,0,0,0,0,0
ENSMUSG00000097343,9030407P20Rik,8,9,6,10,2,5,8,1,3,6,5,11
ENSMUSG00000046096,Mosmo,556,485,457,453,485,350,410,452,497,468,520,447
ENSMUSG00000108830,Gm44661,0,0,0,0,0,1,0,0,0,0,0,0
ENSMUSG00000030505,Prmt3,2047,2396,1967,1901,2134,1072,1614,1847,2118,1949,1941,1845
ENSMUSG00000109154,Gm44822,32,29,29,28,11,10,12,23,25,23,12,13
ENSMUSG00000001249,Hpn,84,66,84,80,44,31,49,64,84,70,25,34
ENSMUSG00000019194,Scn1b,1158,1281,1195,1261,900,333,928,896,1081,884,368,412
ENSMUSG00000010476,Ebf3,1,0,0,0,1,6,0,0,0,0,0,0
ENSMUSG00000109847,Gm45278,0,0,0,0,0,0,0,0,0,0,0,0
ENSMUSG00000109722,Gm10578,0,0,0,0,0,0,0,0,0,0,0,0
ENSMUSG00000109677,Gm45514,0,0,0,0,0,0,0,0,0,0,0,0
ENSMUSG00000109843,Gm17841,0,0,0,0,0,0,0,0,0,0,0,0
ENSMUSG00000110195,Pde2a,0,0,0,1,0,0,0,0,1,1,0,0
ENSMUSG00000040139,9430038I01Rik,275,350,260,296,200,76,275,316,333,298,173,178
ENSMUSG00000065446,Mir139,0,0,0,0,0,0,0,0,1,0,0,0
ENSMUSG00000110301,Gm35363,0,0,0,0,0,0,0,0,0,0,0,0
ENSMUSG00000092517,Art2a,1,0,0,0,4,0,0,1,1,0,0,1
ENSMUSG00000067121,Gm7027,4,19,6,7,4,6,6,3,2,4,6,1
ENSMUSG00000030651,Art2b,93,82,75,78,147,95,53,65,89,84,129,139
ENSMUSG00000039728,Slc6a5,0,0,0,0,0,0,1,0,0,0,0,0
ENSMUSG00000030889,Vwa3a,0,1,0,1,1,1,0,1,0,0,0,2
ENSMUSG00000109392,Gm5737,0,0,0,0,0,0,0,0,0,0,0,0
ENSMUSG00000031068,Glrx3,1017,1184,883,895,829,548,836,862,1113,995,835,954
ENSMUSG00000109973,Gm45397,0,0,0,0,0,0,0,0,0,0,0,0
ENSMUSG00000110145,Gm45683,0,0,0,0,0,0,0,0,0,0,0,0
ENSMUSG00000110090,Gm45682,0,0,0,0,0,0,0,0,0,0,0,0
ENSMUSG00000109834,Gm5650,1,2,0,0,0,0,0,1,0,2,0,0
ENSMUSG00000119131,#N/A,0,0,0,0,0,0,0,0,0,0,0,0
ENSMUSG00000091002,Tcerg1l,0,0,0,0,0,2,0,0,0,0,0,0
ENSMUSG00000110354,Gm45686,0,0,0,0,0,0,0,0,0,0,0,0
ENSMUSG00000110037,4930543N07Rik,0,0,0,0,0,0,0,0,0,0,0,0
ENSMUSG00000055409,Nell1,0,0,0,0,0,3,0,0,1,0,0,0
ENSMUSG00000109802,Gm30808,0,0,0,0,1,0,0,0,0,0,0,0
ENSMUSG00000110241,Gm45506,0,0,0,0,0,0,0,0,0,0,0,0
ENSMUSG00000085265,Nell1os,0,0,0,0,0,0,0,0,0,0,0,0
ENSMUSG00000084234,4933405O20Rik,0,0,0,0,0,1,0,0,0,0,0,0
ENSMUSG00000109409,Gm9343,0,0,0,0,0,0,0,0,0,0,0,0
ENSMUSG00000041775,Mapk1ip1,61,75,57,56,92,54,63,63,58,55,96,76
ENSMUSG00000108958,Gm21032,0,0,0,0,0,0,0,0,0,0,0,0
ENSMUSG00000109494,Gm21033,0,0,0,0,0,0,0,0,0,0,0,0
ENSMUSG00000109476,Gm21034,0,0,0,0,0,0,0,0,0,0,0,0
ENSMUSG00000109172,Gm21035,0,0,0,0,0,0,0,0,0,0,0,0
ENSMUSG00000109173,Gm21036,0,0,0,0,0,0,0,0,0,0,0,0
ENSMUSG00000109202,Gm21037,0,0,0,0,0,0,0,0,0,0,0,0
ENSMUSG00000108963,Gm16478,0,0,0,0,0,0,0,0,0,0,0,0
ENSMUSG00000109443,Gm45002,0,0,0,0,0,0,0,0,0,0,0,0
ENSMUSG00000109059,Gm9354,5,2,0,0,4,0,5,2,4,1,2,0
ENSMUSG00000041769,Ppp2r2d,984,1091,900,863,975,731,854,1011,912,909,870,806
ENSMUSG00000001829,Clpb,647,686,498,465,806,404,624,610,642,583,764,686
ENSMUSG00000110360,Gm45380,5,12,3,7,5,1,4,7,6,7,3,7
ENSMUSG00000007946,Phox2a,84,70,35,40,19,11,41,30,58,56,51,38
ENSMUSG00000001248,Gramd1a,3560,4023,3949,4155,3332,1644,3115,3492,3351,3060,2674,2419
ENSMUSG00000035064,Eef2k,399,401,312,246,339,162,265,309,415,354,489,462
ENSMUSG00000097149,G630030J09Rik,7,2,4,11,4,1,7,7,5,5,2,6
ENSMUSG00000085118,Gm15774,0,0,0,0,0,0,0,0,1,0,0,0
ENSMUSG00000109337,Gm45047,2,0,1,2,0,0,2,1,4,1,0,0
ENSMUSG00000100985,Gm10640,1,0,0,0,0,0,1,2,0,1,2,1
ENSMUSG00000099536,Gm9569,0,0,0,0,0,0,0,0,0,0,0,0
ENSMUSG00000055489,Ano5,0,0,0,0,1,1,0,0,0,0,0,0
ENSMUSG00000104113,Gm37292,1,0,2,3,3,1,1,2,0,1,3,1
ENSMUSG00000099357,Scgb1b1-ps,0,0,0,0,0,0,0,0,0,0,0,0
ENSMUSG00000101554,Scgb2b1,0,0,0,0,0,0,0,0,0,0,0,0
ENSMUSG00000036521,Scgb2b2,0,0,0,0,0,0,0,0,0,0,0,0
ENSMUSG00000062556,Scgb1b2,0,0,0,0,0,0,0,0,0,0,0,0
ENSMUSG00000078754,Scgb2b3,0,0,0,0,0,0,0,0,0,0,0,0
ENSMUSG00000030500,Slc17a6,272,299,246,227,214,179,190,157,261,195,182,194
ENSMUSG00000109437,Gm45072,0,0,0,0,0,0,0,0,0,0,0,0
ENSMUSG00000109331,Gm42402,0,0,0,0,0,0,0,0,0,1,0,0
ENSMUSG00000095257,Scgb1b3,0,0,0,0,0,0,0,0,0,0,0,0
ENSMUSG00000078636,Gm7336,0,0,0,0,0,0,0,1,0,0,0,0
ENSMUSG00000102124,Gm29296,0,0,1,0,0,0,0,0,0,0,0,0
ENSMUSG00000108842,Gm45001,0,0,0,0,0,0,0,0,0,0,0,0
ENSMUSG00000101325,Scgb2b4-ps,0,0,0,0,0,0,0,0,0,0,0,0
ENSMUSG00000108957,Gm45235,0,0,0,0,0,0,0,0,0,0,0,0
ENSMUSG00000092118,Fancf,432,488,365,411,395,146,368,408,444,391,313,286
ENSMUSG00000100358,Scgb1b4-ps,0,0,0,0,0,0,0,0,0,0,0,0
ENSMUSG00000101658,Scgb1b28-ps,0,0,0,0,0,0,0,0,0,0,0,0
ENSMUSG00000099795,Gm29492,0,0,0,0,0,0,0,0,0,0,0,0
ENSMUSG00000100754,Scgb2b5-ps,0,0,0,0,0,0,0,0,0,0,0,0
ENSMUSG00000101065,Scgb1b5-ps,0,0,0,0,0,0,0,0,0,0,0,0
ENSMUSG00000099598,Scgb2b28-ps,0,0,0,0,0,0,0,0,0,0,0,0
ENSMUSG00000100734,Rpl23a-ps8,0,0,0,0,0,0,0,0,0,0,0,0
ENSMUSG00000102002,Scgb2b6,0,0,0,0,0,0,0,0,0,0,0,0
ENSMUSG00000100639,Scgb1b6-ps,0,0,0,0,0,0,0,0,0,0,0,0
ENSMUSG00000101545,Gm4373,5,16,10,13,16,5,22,22,11,6,14,5
ENSMUSG00000102041,Rpl23a-ps9,0,0,0,0,0,0,0,0,0,0,0,0
ENSMUSG00000094053,Scgb2b7,0,0,0,0,0,0,0,0,0,0,0,0
ENSMUSG00000078759,Scgb1b7,0,0,0,0,0,0,0,0,0,0,0,0
ENSMUSG00000101371,Gm9114,4,4,1,2,1,0,1,6,0,1,2,1
ENSMUSG00000100517,Gm29627,0,0,0,0,0,0,0,0,0,0,0,0
ENSMUSG00000099961,Scgb2b8-ps,0,0,0,0,0,0,0,0,0,0,0,0
ENSMUSG00000099612,Scgb1b8-ps,0,0,0,0,0,0,0,0,0,0,0,0
ENSMUSG00000099344,Gm6669,0,0,0,0,0,0,0,0,0,0,0,0
ENSMUSG00000101807,Gm9120,5,32,22,30,16,3,33,35,4,3,20,3
ENSMUSG00000101765,Gm21673,0,0,0,0,0,0,0,0,0,0,0,0
ENSMUSG00000101270,Scgb2b9-ps,0,0,0,0,0,0,0,0,0,0,0,0
ENSMUSG00000030498,Gas2,162,155,131,126,145,84,154,144,114,109,144,128
ENSMUSG00000101248,Scgb1b9-ps,0,0,0,0,0,0,0,0,0,0,0,0
ENSMUSG00000100926,Gm5329,0,0,0,0,0,0,0,0,0,0,0,0
ENSMUSG00000101039,Scgb2b29-ps,0,0,0,0,0,0,0,0,0,0,0,0
ENSMUSG00000101777,Gm9127,0,0,0,0,0,0,0,0,0,0,0,0
ENSMUSG00000101025,Gm29262,0,0,0,0,0,0,0,0,0,0,0,0
ENSMUSG00000099396,Gm29263,0,0,0,0,0,0,0,0,0,0,0,0
ENSMUSG00000074093,Svip,41,59,40,35,38,14,40,41,40,27,35,33
ENSMUSG00000099826,Scgb2b10,0,0,0,0,0,0,0,0,0,0,0,0
ENSMUSG00000099581,Scgb1b10,0,0,0,0,0,0,0,0,0,0,0,0
ENSMUSG00000101327,Rpl23a-ps10,0,0,0,0,0,0,0,0,0,0,0,0
ENSMUSG00000099673,Scgb2b30,0,0,0,0,0,0,0,0,0,0,0,0
ENSMUSG00000094445,1700015G11Rik,0,0,0,0,0,0,0,0,0,0,0,0
ENSMUSG00000098013,Gm9135,0,1,1,0,0,0,0,0,0,0,0,0
ENSMUSG00000109526,Gm9357,0,0,0,0,0,0,0,0,0,0,0,0
ENSMUSG00000101824,Gm28256,0,0,0,0,0,0,0,0,0,0,0,0
ENSMUSG00002076660,#N/A,0,0,0,0,0,0,0,0,0,0,0,0
ENSMUSG00000101504,Gm28257,0,0,0,0,0,0,0,0,0,0,0,0
ENSMUSG00000109026,Gm44683,0,0,0,0,0,0,0,0,0,0,0,0
ENSMUSG00000109099,Gm20074,0,0,0,0,0,0,0,0,0,0,0,0
ENSMUSG00000099729,Scgb2b11,0,0,0,0,0,0,0,0,0,0,0,0
ENSMUSG00000032737,Inppl1,1639,1778,1305,1252,1525,642,1184,1540,1819,1698,1661,1497
ENSMUSG00000074092,Gm6181,0,0,0,0,0,0,0,0,0,0,0,0
ENSMUSG00000070203,Gm22444,0,0,0,0,0,0,0,0,0,0,0,0
ENSMUSG00000101638,Scgb1b11,0,0,0,0,0,0,0,0,0,0,0,0
ENSMUSG00000099176,Mir6238,0,0,0,0,0,0,0,0,0,0,0,0
ENSMUSG00000109312,Gm44682,0,0,0,0,0,0,0,0,0,0,1,0
ENSMUSG00002074923,#N/A,0,0,0,0,0,0,0,0,0,0,0,0
ENSMUSG00000097982,Scgb2b12,0,0,0,0,0,0,0,0,0,0,0,0
ENSMUSG00002076370,#N/A,0,0,0,1,0,0,0,0,0,0,1,0
ENSMUSG00000099647,Gm5776,0,0,0,0,0,0,0,0,2,0,0,0
ENSMUSG00000101520,Scgb1b12,0,0,0,0,0,0,0,0,0,0,0,0
ENSMUSG00000073985,Gm10602,59,57,26,38,33,24,28,32,51,65,49,45
ENSMUSG00000099394,Gm9142,0,0,0,0,0,0,1,0,0,0,1,0
ENSMUSG00000109050,Gm6290,0,0,0,0,0,0,0,0,0,0,1,0
ENSMUSG00000100657,Gm28862,0,0,0,0,0,0,0,0,0,0,0,0
ENSMUSG00000100513,Rpl23a-ps11,0,0,0,0,0,0,0,0,0,0,0,0
ENSMUSG00000078757,Scgb1b29,0,0,0,0,0,0,0,0,0,0,0,0
ENSMUSG00000098185,Gm9146,0,0,0,0,0,0,0,0,0,0,0,0
ENSMUSG00000100751,Gm5116,0,0,0,0,0,0,0,0,0,0,0,0
ENSMUSG00000063297,Luzp2,0,0,0,0,0,1,0,0,0,0,0,1
ENSMUSG00000108474,Gm44895,0,0,0,0,0,0,0,0,0,0,0,0
ENSMUSG00000108665,Gm44897,0,0,0,0,0,0,0,0,0,0,0,0
ENSMUSG00000100386,Scgb2b13-ps,0,0,0,0,0,0,0,0,0,0,0,0
ENSMUSG00000108581,Gm44896,0,0,0,0,0,1,0,0,0,0,1,0
ENSMUSG00000108756,Gm44894,0,0,0,0,0,0,0,0,0,0,0,0
ENSMUSG00000108519,4833421K07Rik,0,0,0,0,0,0,0,0,0,0,0,0
ENSMUSG00000100949,Scgb1b13-ps,0,0,0,0,0,0,0,0,0,0,0,0
ENSMUSG00000032725,Folr2,0,0,0,0,0,0,0,0,0,0,0,0
ENSMUSG00000094827,Gm5327,0,0,0,0,0,0,0,0,0,0,0,0
ENSMUSG00000108326,Gm17838,0,1,0,0,0,0,0,0,0,0,0,0
ENSMUSG00000110295,Gm45319,0,0,0,0,0,0,0,0,0,0,0,0
ENSMUSG00000077163,Gm24116,0,0,0,0,0,0,0,0,0,0,1,0
ENSMUSG00000098205,Gm9149,0,0,0,0,0,0,0,0,0,0,0,0
ENSMUSG00000108325,Gm44898,0,0,0,0,0,0,0,0,0,0,0,0
ENSMUSG00000101312,Gm21135,0,0,0,0,0,0,0,0,0,0,0,0
ENSMUSG00000108744,Gm9367,0,1,0,0,1,0,0,0,0,1,0,0
ENSMUSG00000108363,Gm44615,0,0,0,0,0,0,0,0,0,0,0,0
ENSMUSG00000099932,Scgb2b14-ps,0,0,0,0,0,0,0,0,0,0,0,0
ENSMUSG00000088640,Gm26482,0,0,0,0,0,0,0,0,0,0,0,0
ENSMUSG00000099905,Scgb1b14-ps,0,0,0,0,0,0,0,0,0,0,0,0
ENSMUSG00002076985,#N/A,0,0,0,0,0,0,0,0,0,0,0,0
ENSMUSG00000100613,Gm5058,0,0,0,0,0,0,0,0,0,0,0,0
ENSMUSG00000100577,Gm29429,0,0,0,0,0,0,0,0,0,0,0,0
ENSMUSG00000100903,Scgb2b31-ps,0,0,0,0,0,0,0,0,0,0,0,0
ENSMUSG00000097952,Gm4398,0,0,0,0,0,0,0,0,0,0,0,0
ENSMUSG00000099549,Gm29432,0,0,0,0,0,0,0,0,0,0,0,0
ENSMUSG00000099821,Gm28408,0,0,0,0,0,0,0,0,0,0,0,0
ENSMUSG00000097972,Scgb2b15,0,0,0,0,0,0,0,0,0,0,0,0
ENSMUSG00000101232,Scgb1b15,0,0,0,0,0,0,0,0,0,0,0,0
ENSMUSG00000100443,Scgb2b16-ps,0,0,0,0,0,0,0,0,0,0,0,0
ENSMUSG00000101185,Scgb1b16-ps,0,0,0,0,0,0,0,0,0,0,0,0
ENSMUSG00002076642,#N/A,0,0,0,0,0,0,0,0,0,0,0,0
ENSMUSG00000100324,Gm9156,0,0,0,0,0,0,0,0,0,0,0,0
ENSMUSG00000100471,Gm28409,0,0,0,0,0,0,0,0,0,0,0,0
ENSMUSG00000101296,Scgb2b32-ps,0,0,0,0,0,0,0,0,0,0,0,0
ENSMUSG00000101486,Gm4405,0,0,0,0,0,0,0,0,0,0,0,0
ENSMUSG00000101375,Gm28383,0,0,0,0,0,0,0,0,0,0,0,0
ENSMUSG00000101974,Gm28384,0,0,0,0,0,0,0,0,0,0,0,0
ENSMUSG00000098094,Scgb2b17,0,0,0,0,0,0,0,0,0,0,0,0
ENSMUSG00000099898,Scgb1b17,0,0,0,0,0,0,0,0,0,0,0,0
ENSMUSG00000101927,Gm28992,0,0,0,0,0,0,0,0,0,0,0,0
ENSMUSG00000101137,Rpl23a-ps7,0,0,0,0,0,0,0,0,0,0,0,0
ENSMUSG00000051504,Siglech,0,0,0,0,0,0,0,0,0,0,0,0
ENSMUSG00000101487,Scgb2b33,0,0,0,0,0,0,0,0,0,0,0,0
ENSMUSG00000098044,Gm9162,1,1,0,1,0,1,0,1,3,0,1,0
ENSMUSG00000100904,Gm28559,0,0,0,0,0,0,0,0,0,0,0,0
ENSMUSG00000101427,Gm6003,0,0,0,0,0,0,0,0,0,0,0,0
ENSMUSG00000100058,Scgb2b18,0,0,0,0,0,0,0,0,0,0,0,0
ENSMUSG00000101401,Scgb1b18,0,0,0,0,0,0,0,0,0,0,0,0
ENSMUSG00000030880,Polr3e,2515,2682,2063,2131,1916,1154,1894,2106,2395,2284,2079,1950
ENSMUSG00000096467,Scgb2b19,0,0,0,0,0,0,0,0,0,0,0,0
ENSMUSG00000095232,Scgb1b19,0,0,0,0,0,0,0,0,0,0,0,0
ENSMUSG00000096102,Gm9167,20,14,9,14,6,3,17,15,24,14,8,11
ENSMUSG00000094305,Scgb2b20,0,0,0,0,0,0,0,0,0,0,0,0
ENSMUSG00000094978,Scgb1b20,0,0,0,0,0,0,0,0,0,0,0,0
ENSMUSG00000098080,Gm5732,16,20,9,13,12,4,12,13,20,16,9,10
ENSMUSG00000101027,Gm28794,0,0,0,0,0,0,0,0,0,0,0,0
ENSMUSG00000099578,Gm5731,0,0,0,0,0,0,0,0,0,0,0,0
ENSMUSG00000030878,Cdr2,1146,1221,1004,983,980,644,990,1172,1017,857,912,828
ENSMUSG00000101975,Scgb1b34-ps,0,0,0,0,0,0,0,0,0,0,0,0
ENSMUSG00000099900,Scgb2b21,0,0,0,0,0,0,0,0,0,0,0,0
ENSMUSG00000095487,Scgb1b21,0,0,0,0,0,0,0,0,0,0,0,0
ENSMUSG00000083568,Gm12770,0,0,0,0,0,0,0,0,0,0,0,0
ENSMUSG00000081155,Gm12771,0,0,0,0,0,0,0,0,0,0,0,0
ENSMUSG00000083381,Scgb2b22-ps,0,0,0,0,0,0,0,0,0,0,0,0
ENSMUSG00000025477,Inpp5a,217,230,176,199,147,74,188,213,166,179,102,104
ENSMUSG00000079892,Scgb1b22-ps,0,0,0,0,0,0,0,0,0,0,0,0
ENSMUSG00000083896,Scgb2b23-ps,0,0,0,0,0,0,0,0,0,0,0,0
ENSMUSG00000079893,Scgb1b23-ps,0,0,0,0,0,0,0,0,0,0,0,0
ENSMUSG00000030877,Mfsd13b,0,0,0,0,0,0,1,0,0,1,1,0
ENSMUSG00000085312,Gm12763,0,0,0,0,0,0,0,0,0,0,0,0
ENSMUSG00000058050,Gm9234,0,0,0,1,0,0,0,0,2,0,0,0
ENSMUSG00000088935,Gm25924,0,0,0,0,0,0,0,0,0,0,0,0
ENSMUSG00000094079,Rpl23a-ps12,0,0,0,0,0,0,0,0,0,0,0,0
ENSMUSG00000041309,Nkx6-2,0,0,0,0,0,4,0,0,0,0,0,0
ENSMUSG00000053358,Gm9905,8,8,8,10,10,1,5,10,11,12,9,11
ENSMUSG00000046438,Scgb2b24,0,0,0,0,0,0,0,0,0,0,0,0
ENSMUSG00000001827,Folr1,0,0,0,0,0,0,0,0,0,0,0,0
ENSMUSG00000078753,Scgb1b24,0,0,0,0,0,0,0,0,0,0,0,0
ENSMUSG00000081714,Gm12782,0,0,0,0,0,0,0,0,0,0,0,0
ENSMUSG00000101183,Gm28614,0,0,0,0,0,0,0,0,0,0,0,0
ENSMUSG00002075641,#N/A,0,0,0,0,0,0,0,0,0,0,0,0
ENSMUSG00000081510,Gm12768,0,0,0,0,0,0,0,0,0,0,0,0
ENSMUSG00000084296,Scgb2b25-ps,0,0,0,0,0,0,0,0,0,0,0,0
ENSMUSG00000100743,Scgb1b25-ps,0,0,0,0,0,0,0,0,0,0,0,0
ENSMUSG00000081317,Gm12757,0,1,2,0,0,0,2,0,0,1,0,0
ENSMUSG00000030876,Mettl9,1071,1181,890,939,999,531,944,899,1083,952,932,880
ENSMUSG00000101203,Gm28615,0,0,0,0,0,0,0,0,0,0,0,0
ENSMUSG00000083085,Gm12765,0,0,0,0,0,0,0,0,0,0,0,0
ENSMUSG00000109206,Gm45137,19,33,16,27,9,5,5,14,25,28,7,11
ENSMUSG00000066586,Scgb2b26,0,0,0,0,0,0,0,0,0,0,0,0
ENSMUSG00000083942,Scgb1b26-ps,0,0,0,0,0,0,0,0,0,0,0,0
ENSMUSG00000099280,Gm27991,0,0,0,0,0,0,0,0,0,0,0,0
ENSMUSG00000101159,Gm28184,0,0,0,0,0,0,0,0,0,0,0,0
ENSMUSG00000108954,Gm44901,13,24,26,21,6,10,21,26,14,19,7,16
ENSMUSG00000081962,Gm12773,0,0,0,0,0,0,0,0,0,0,0,0
ENSMUSG00000109036,2210406H18Rik,0,0,0,0,0,2,0,0,0,0,0,0
ENSMUSG00000081768,Gm12755,0,0,0,0,0,0,0,0,0,0,0,1
ENSMUSG00000066584,Scgb2b27,0,0,0,0,0,0,0,0,0,0,0,0
ENSMUSG00000035004,Igsf6,0,0,0,0,0,0,0,0,0,0,0,0
ENSMUSG00000066583,Scgb1b27,0,0,0,0,0,0,0,0,0,0,0,0
ENSMUSG00000083434,Gm12760,1,2,1,2,1,0,1,0,1,2,1,2
ENSMUSG00000080947,Gm12779,0,0,0,0,0,0,0,0,0,0,0,0
ENSMUSG00000078752,Scgb1b30,0,0,0,0,0,0,0,0,0,0,0,0
ENSMUSG00000030649,Anapc15,537,640,585,597,524,246,570,609,553,532,452,369
ENSMUSG00000036459,Wtip,26,31,18,17,16,6,16,21,28,28,14,14
ENSMUSG00002075134,#N/A,0,0,0,0,0,0,0,0,0,0,0,0
ENSMUSG00000078630,Tomt,1,1,4,1,3,3,6,2,2,1,1,5
ENSMUSG00000030842,Lamtor1,693,772,507,534,581,269,514,525,663,575,546,543
ENSMUSG00000049571,Cfap46,0,0,0,0,0,2,0,0,0,0,1,1
ENSMUSG00000033790,Tubgcp5,604,695,520,514,540,319,436,541,529,535,522,488
ENSMUSG00000034990,Otoa,4,1,1,1,1,2,4,0,4,3,3,2
ENSMUSG00000108502,Gm9240,0,0,0,0,0,0,0,0,0,0,0,0
ENSMUSG00000108627,Gm45079,0,0,0,0,0,0,0,0,0,0,0,0
ENSMUSG00000108697,4930486N12Rik,0,0,0,0,0,0,0,0,0,0,0,0
ENSMUSG00000108351,Gm36736,0,0,0,0,0,0,0,0,0,0,0,0
ENSMUSG00000046321,Hs3st2,0,0,0,0,0,0,0,0,0,0,0,0
ENSMUSG00000108811,4933432K03Rik,0,0,0,0,1,1,0,0,0,0,1,0
ENSMUSG00000108409,1700025J12Rik,0,0,0,0,0,0,0,0,0,0,0,0
ENSMUSG00000052997,Uba2,4183,4487,3669,3565,4045,2381,3491,4016,4093,3696,4145,3784
ENSMUSG00000081491,Gm12778,0,0,0,0,1,0,2,1,0,1,0,1
ENSMUSG00000081161,Gm12783,0,0,0,0,1,0,0,0,0,0,0,0
ENSMUSG00000063317,Usp31,4015,4124,3461,3237,2865,1721,2044,3151,3490,3476,3067,2914
ENSMUSG00000053081,1700069B07Rik,6,4,3,2,3,0,3,5,6,4,1,6
ENSMUSG00000064307,Lrrc51,20,11,11,13,10,12,18,25,18,10,14,19
ENSMUSG00000002635,Pdcd2l,359,484,345,430,433,152,412,363,414,371,390,344
ENSMUSG00000000216,Scnn1g,1,2,2,3,0,2,1,0,0,4,3,0
ENSMUSG00000108410,Gm44740,0,0,0,0,0,2,0,0,1,0,0,0
ENSMUSG00000030873,Scnn1b,0,0,0,0,0,1,0,0,0,0,0,0
ENSMUSG00000034951,Cog7,325,292,215,266,259,125,216,292,255,229,285,257
ENSMUSG00000108511,Gm44987,0,0,0,0,0,0,0,0,0,1,0,0
ENSMUSG00000066306,Numa1,3144,2986,2713,2510,3022,1755,2182,3314,2750,2701,3081,2978
ENSMUSG00000110150,Gm8523,1,0,0,0,0,0,1,1,1,0,0,0
ENSMUSG00000109872,Gm45312,0,0,1,0,0,0,0,2,0,0,0,0
ENSMUSG00000110287,Gm45313,0,0,0,0,0,0,0,0,1,0,0,0
ENSMUSG00000036427,Gpi1,7349,8416,6307,7018,5360,2708,7469,8069,6819,6533,5633,5266
ENSMUSG00000086526,Gm12762,1,2,1,0,0,0,0,1,0,0,0,0
ENSMUSG00000085105,Gm12758,4,3,3,1,7,5,6,4,1,2,11,4
ENSMUSG00000070427,Il18bp,108,101,100,106,86,60,85,108,97,74,95,92
ENSMUSG00000030872,Gga2,465,515,314,300,331,140,290,352,497,423,457,483
ENSMUSG00000030871,Ears2,321,367,283,323,307,152,256,285,314,311,280,245
ENSMUSG00000070426,Rnf121,652,736,617,626,688,271,541,587,690,629,618,562
ENSMUSG00000066571,4931406P16Rik,1178,1298,1057,1039,864,517,804,1118,1054,1013,858,778
ENSMUSG00000030870,Ubfd1,1479,1542,1428,1477,1608,650,1275,1372,1533,1352,1559,1489
ENSMUSG00000108737,BC060293,5,2,5,3,2,3,2,2,7,1,3,4
ENSMUSG00000078380,Gm6096,0,0,0,0,1,0,0,1,0,1,0,0
ENSMUSG00000099481,Xndc1,219,231,179,187,200,139,172,176,211,169,231,205
ENSMUSG00000030869,Ndufab1,302,312,273,261,400,262,274,288,325,318,410,373
ENSMUSG00000108573,Gm44986,2,1,1,0,5,0,2,1,0,2,0,0
ENSMUSG00000066568,Lsm14a,3610,3723,3071,3120,3310,2502,2995,3221,3479,3172,3288,3138
ENSMUSG00000108447,Gm44567,11,15,14,5,10,10,7,15,18,9,9,13
ENSMUSG00000082684,Gm12774,0,0,0,0,0,0,0,0,0,0,0,0
ENSMUSG00000086184,Gm12764,13,15,9,9,10,0,11,20,21,5,20,12
ENSMUSG00000108732,2310043P16Rik,92,84,81,59,81,43,57,65,96,64,57,72
ENSMUSG00000085124,Gm12766,0,0,0,0,0,0,0,0,0,0,0,0
ENSMUSG00000081863,Gm12780,0,0,0,0,0,0,0,0,0,0,0,0
ENSMUSG00000086631,Gm12784,0,0,0,0,0,0,0,0,0,0,0,0
ENSMUSG00000108723,Gm44837,1,1,0,1,0,0,1,1,1,0,0,0
ENSMUSG00000030499,Kctd15,100,111,70,65,53,23,68,79,72,52,47,49
ENSMUSG00000085923,Gm12781,0,0,0,0,0,0,0,0,0,0,0,0
ENSMUSG00000087127,Gm12756,0,0,0,0,0,0,0,0,0,0,0,0
ENSMUSG00000070425,Xntrpc,2,4,3,3,5,7,0,1,2,2,3,1
ENSMUSG00000060402,Chst8,0,0,0,0,0,1,0,0,0,0,0,0
ENSMUSG00000100254,Trpc2,0,0,0,0,0,0,0,0,0,0,0,0
ENSMUSG00000044702,Palb2,269,325,336,296,409,346,341,422,266,252,396,358
ENSMUSG00000063931,Pepd,1025,1140,786,815,956,326,752,740,1050,942,956,955
ENSMUSG00000077469,Gm25922,0,0,0,0,0,0,0,0,0,0,0,0
ENSMUSG00000089631,Gm16326,0,0,0,0,0,0,0,0,0,0,0,0
ENSMUSG00000056216,Cebpg,909,975,1059,1010,952,620,824,886,928,873,990,961
ENSMUSG00000108486,Gm44836,1,3,6,7,4,9,7,4,2,6,4,5
ENSMUSG00000108753,Gm45094,5,9,4,7,7,4,4,13,11,11,11,7
ENSMUSG00000108333,Gm45095,0,1,0,0,0,0,0,0,0,0,0,0
ENSMUSG00000108739,Gm45096,0,0,0,0,0,0,0,0,0,0,0,0
ENSMUSG00002076307,#N/A,0,0,1,0,0,0,0,0,0,0,0,0
ENSMUSG00000108657,Gm35611,0,0,0,0,0,0,0,1,0,0,0,0
ENSMUSG00002075600,#N/A,0,0,0,0,0,0,0,0,0,0,0,0
ENSMUSG00000070424,Art5,0,0,0,0,0,0,0,0,2,1,0,1
ENSMUSG00000108624,Gm45091,0,0,0,0,0,0,0,0,0,0,0,0
ENSMUSG00000034957,Cebpa,14,15,9,13,12,5,11,7,14,11,7,5
ENSMUSG00000108575,Gm35665,0,0,0,0,0,0,0,0,0,0,0,0
ENSMUSG00000030868,Dctn5,1046,1119,906,908,991,608,944,994,1029,903,980,996
ENSMUSG00000086942,Gm15489,0,3,2,4,3,5,1,3,0,0,4,0
ENSMUSG00000030996,Art1,0,0,0,0,0,0,0,0,1,0,0,0
ENSMUSG00000030867,Plk1,729,803,876,919,1873,812,1182,1337,767,718,1508,1180
ENSMUSG00000066279,Chrna10,0,0,0,1,1,0,0,1,0,0,0,0
ENSMUSG00000108688,Gm44985,0,0,0,1,0,0,1,0,0,0,2,1
ENSMUSG00000030447,Cyfip1,581,585,507,522,467,247,418,576,461,416,379,400
ENSMUSG00000030495,Slc7a10,0,0,1,0,0,1,0,0,0,0,0,0
ENSMUSG00000092526,Gm17907,0,0,0,0,0,0,0,0,0,0,1,0
ENSMUSG00000108701,Gm44616,25,13,21,19,16,7,9,24,11,21,7,12
ENSMUSG00000001802,Lrp3,0,0,0,0,0,1,0,0,3,0,0,1
ENSMUSG00000088307,Gm24505,0,0,0,0,0,0,0,0,0,0,0,0
ENSMUSG00000118454,Wdr88,0,0,0,0,0,0,0,0,0,1,0,0
ENSMUSG00000030866,Ern2,0,0,0,0,0,0,0,0,0,0,0,0
ENSMUSG00000030865,Chp2,1,1,0,2,0,0,0,0,3,1,0,0
ENSMUSG00000108708,Gm29977,0,0,0,0,0,0,0,0,0,0,0,0
ENSMUSG00000064532,Gm23614,0,0,0,0,0,0,0,0,0,0,0,0
ENSMUSG00000030452,Nipa2,1315,1443,1244,1223,1097,711,1054,1187,1319,1267,1008,1062
ENSMUSG00000087178,A230056P14Rik,8,15,2,8,5,11,4,10,5,6,8,9
ENSMUSG00000108358,Gm44509,0,2,2,2,1,0,1,2,4,0,1,0
ENSMUSG00000047037,Nipa1,4,3,5,9,2,7,8,14,7,7,1,3
ENSMUSG00000085927,Gm15888,0,0,0,0,0,0,0,0,0,0,0,0
ENSMUSG00000108640,Gm44508,0,0,0,0,0,0,0,0,0,0,0,0
ENSMUSG00000108443,Gm44510,0,0,0,1,1,1,0,0,0,0,0,0
ENSMUSG00000078087,Rps12l1,0,0,0,0,0,0,0,0,0,0,0,0
ENSMUSG00000108659,Gm34121,11,10,10,5,10,7,8,3,8,3,8,17
ENSMUSG00000063808,Gpatch1,512,568,423,461,388,301,401,500,443,459,373,383
ENSMUSG00000108704,Gm44636,0,0,0,0,0,0,0,0,1,0,0,0
ENSMUSG00000052889,Prkcb,713,674,573,495,507,292,412,435,539,474,607,530
ENSMUSG00000108752,Gm45191,2,4,7,5,2,1,2,6,4,4,2,6
ENSMUSG00000108522,Gm44664,2,0,1,1,0,2,0,0,1,0,0,1
ENSMUSG00000108317,Gm44663,4,6,6,7,1,0,6,3,3,5,1,2
ENSMUSG00000084230,Gm14388,0,1,1,0,3,1,1,1,0,0,3,2
ENSMUSG00002075351,#N/A,0,0,0,0,0,0,0,0,0,0,0,0
ENSMUSG00000108455,Gm44745,2,2,2,0,1,8,3,3,0,2,5,1
ENSMUSG00000087520,Gm14389,0,0,0,0,0,0,0,0,0,0,0,0
ENSMUSG00000108341,Gm44746,1,1,1,1,1,5,1,1,5,1,2,2
ENSMUSG00000030494,Rhpn2,3,1,1,1,1,4,4,0,2,2,1,1
ENSMUSG00000066189,Cacng3,0,0,0,0,0,0,0,0,0,0,0,0
ENSMUSG00000108718,Gm44749,0,0,0,0,0,0,0,0,0,0,0,0
ENSMUSG00000108529,Gm29759,0,0,0,0,0,0,0,0,0,0,0,0
ENSMUSG00000030493,Faap24,507,475,383,417,534,281,443,527,510,401,510,476
ENSMUSG00000023072,Cep89,204,225,194,177,316,220,195,263,198,195,294,302
ENSMUSG00000100776,Gm18254,0,0,0,0,0,2,0,0,0,0,0,0
ENSMUSG00000030779,Rbbp6,5135,5224,4740,4476,4338,5198,3883,5573,4403,4217,4585,3921
ENSMUSG00000108452,4930413G21Rik,3,3,0,5,2,4,3,1,4,3,3,0
ENSMUSG00000108551,Gm20274,20,18,29,22,16,3,12,15,11,24,19,16
ENSMUSG00000063550,Nup98,5577,6091,5054,4939,4912,3014,3774,5121,5045,4676,4733,4424
ENSMUSG00000108396,Gm6905,0,0,1,1,0,0,0,0,0,1,0,0
ENSMUSG00000110230,Gm45846,0,0,0,0,0,0,0,0,0,0,0,0
ENSMUSG00000109814,Gm45847,0,0,0,0,0,0,0,0,0,0,0,0
ENSMUSG00000052707,Tnrc6a,5892,6391,5614,5346,5681,3849,4683,5539,5421,5265,5417,4872
ENSMUSG00000025461,Cd163l1,3,6,6,15,0,4,0,7,3,3,3,3
ENSMUSG00000030492,Slc7a9,0,0,0,0,0,0,0,0,0,0,0,0
ENSMUSG00000030769,Slc5a11,1,1,2,1,1,3,4,2,2,2,1,2
ENSMUSG00000054672,5830411N06Rik,31,51,20,12,34,4,8,19,33,43,45,27
ENSMUSG00000109875,Gm45456,1,1,1,4,2,0,1,0,1,4,1,0
ENSMUSG00000061489,Olfr525,1,0,2,2,0,1,1,3,2,0,0,0
ENSMUSG00000062782,Olfr527,5,1,2,1,1,0,1,0,0,2,2,0
ENSMUSG00000110059,Olfr528-ps1,0,0,0,0,0,0,0,0,0,0,0,0
ENSMUSG00000060112,Olfr60,0,6,0,8,0,2,1,5,6,1,2,6
ENSMUSG00000110257,Olfr529-ps1,0,0,0,0,0,1,0,0,0,0,0,0
ENSMUSG00000060974,Olfr530,0,0,0,1,0,0,1,1,1,0,0,0
ENSMUSG00000109690,Gm6376,0,0,0,0,0,0,0,1,1,0,0,0
ENSMUSG00000062712,Olfr531,0,0,0,0,0,4,0,0,0,0,0,0
ENSMUSG00000063823,Olfr532,0,0,0,0,0,1,0,0,0,0,0,0
ENSMUSG00000056883,Olfr533,0,0,0,1,0,0,0,0,0,0,0,0
ENSMUSG00000110169,Olfr534-ps1,0,0,0,0,0,0,0,0,0,0,0,0
ENSMUSG00000030990,Pgap2,353,388,284,282,364,149,298,288,360,308,338,336
ENSMUSG00000111339,AC139579.1,0,0,0,0,0,0,0,0,0,0,0,0
ENSMUSG00000063230,Olfr535,0,0,0,0,0,0,0,0,0,0,0,0
ENSMUSG00000073982,Rhog,2288,2480,1808,1966,1970,713,2139,2224,2201,2055,1707,1569
ENSMUSG00000030491,Tdrd12,2,3,0,0,1,0,0,2,0,4,1,0
ENSMUSG00000100068,Gm18558,0,0,2,0,0,0,0,0,0,0,0,1
ENSMUSG00000052508,Olfr536,2,4,2,3,0,0,0,1,1,2,0,1
ENSMUSG00000110092,Olfr537-ps1,0,0,0,1,0,0,0,0,0,0,1,0
ENSMUSG00000034875,Nudt19,1071,1250,859,842,1097,607,889,807,1204,951,1119,1151
ENSMUSG00000095901,Olfr538,0,0,0,0,0,0,0,0,0,0,0,0
ENSMUSG00000097509,B230322F03Rik,3,10,13,4,6,4,3,8,7,10,4,4
ENSMUSG00000056043,Rgs9bp,1,5,0,4,3,1,0,0,2,2,1,1
ENSMUSG00000093942,Olfr46,0,0,0,0,0,0,0,0,0,0,0,0
ENSMUSG00000096069,Olfr61,0,0,0,0,0,0,0,0,0,0,0,0
ENSMUSG00000094819,Olfr53,0,0,0,0,0,0,0,0,1,0,0,0
ENSMUSG00000059136,Olfr539,0,0,0,0,0,0,0,0,0,0,0,0
ENSMUSG00000109892,Olfr540-ps1,0,0,0,0,0,0,0,0,0,0,0,0
ENSMUSG00000030987,Stim1,860,887,685,707,714,336,757,816,678,670,634,588
ENSMUSG00000066122,Olfr45,0,0,0,0,0,0,0,0,0,0,0,0
ENSMUSG00000110175,Gm18255,0,0,1,0,0,0,0,0,0,0,0,0
ENSMUSG00000057997,Olfr541,0,0,0,0,0,0,0,0,0,0,0,0
ENSMUSG00000110199,Olfr542-ps1,0,0,0,0,0,0,0,0,0,0,0,0
ENSMUSG00000030451,Herc2,3126,2965,2607,2390,2138,1406,1552,2512,2563,2663,2516,2436
ENSMUSG00000030978,Rrm1,3328,3528,3212,3050,4745,3024,3558,4319,3196,2717,4391,3962
ENSMUSG00000109940,Gm45399,6,4,11,8,2,7,2,10,8,7,6,5
ENSMUSG00000108347,Gm19187,0,0,0,0,0,0,0,0,0,0,0,0
ENSMUSG00000044814,Olfr543,0,0,0,1,0,0,0,0,0,0,0,0
ENSMUSG00000025479,Cyp2e1,0,0,0,0,0,0,0,0,0,0,0,0
ENSMUSG00000025480,Syce1,1,0,16,12,2,5,6,3,8,11,34,27
ENSMUSG00000107816,Gm29799,0,0,0,0,0,0,0,0,0,0,0,0
ENSMUSG00000060314,Zfp941,32,41,25,30,22,14,19,28,23,24,19,25
ENSMUSG00000110136,Gm45785,0,0,1,0,0,0,0,3,0,0,0,0
ENSMUSG00000043925,Olfr544,0,0,0,0,0,0,0,0,0,0,0,0
ENSMUSG00000044824,Olfr545,0,0,0,0,0,0,0,0,0,0,0,0
ENSMUSG00000109822,Gm8556,0,0,0,0,0,0,0,0,0,0,0,0
ENSMUSG00000109906,Olfr546-ps1,0,0,0,0,0,0,0,0,0,0,0,0
ENSMUSG00000073979,Olfr547,0,0,0,0,0,0,0,0,0,0,0,0
ENSMUSG00000030450,Oca2,0,0,0,0,0,0,0,0,0,0,0,0
ENSMUSG00000108773,Gm44506,0,0,0,0,0,0,0,0,0,0,0,0
ENSMUSG00000073978,Olfr548-ps1,0,0,0,0,0,0,0,0,0,0,0,0
ENSMUSG00000073977,Olfr549,0,0,0,0,0,2,3,0,0,0,0,0
ENSMUSG00000025481,Urah,0,0,0,0,0,0,0,0,0,0,0,0
ENSMUSG00000055026,Gabrg3,0,0,0,0,1,4,0,0,0,0,0,0
ENSMUSG00000099590,C330022C24Rik,2,0,0,0,0,0,0,0,0,0,0,0
ENSMUSG00000108488,Gm44979,0,0,0,0,0,0,0,0,0,0,0,0
ENSMUSG00000108647,Gm17984,0,0,0,0,0,0,0,0,0,0,0,0
ENSMUSG00000038801,Scgb1c1,0,0,0,0,0,0,0,0,0,0,0,0
ENSMUSG00000108586,Gm44976,0,0,0,0,0,0,0,0,0,0,0,0
ENSMUSG00000108450,Gm44977,0,0,0,0,0,0,0,0,0,0,0,0
ENSMUSG00000108556,Gm17987,0,0,0,0,0,0,0,0,0,0,0,0
ENSMUSG00000108377,Gm18642,0,0,0,0,0,0,1,0,0,0,1,0
ENSMUSG00000055048,Gm9962,0,0,0,0,0,2,0,0,0,0,1,0
ENSMUSG00000025482,Odf3,0,0,0,0,0,0,0,0,0,0,0,0
ENSMUSG00000030966,Trim21,467,505,386,405,355,176,378,469,419,398,354,354
ENSMUSG00000109756,Gm5339,0,0,0,0,0,0,0,0,0,0,0,0
ENSMUSG00000073975,Olfr550,0,0,0,0,0,6,0,1,0,0,0,0
ENSMUSG00000073974,Olfr551,0,0,0,0,0,0,0,0,0,0,0,0
ENSMUSG00000073973,Olfr552,0,0,0,0,0,3,0,0,0,0,0,0
ENSMUSG00000073972,Olfr553,0,0,0,0,1,0,0,0,0,0,0,0
ENSMUSG00000025484,Bet1l,595,606,476,541,468,155,510,449,597,525,385,399
ENSMUSG00000073971,Olfr554,0,0,0,0,0,0,0,0,0,0,0,0
ENSMUSG00000055078,Gabra5,0,0,0,0,0,1,0,0,0,0,0,0
ENSMUSG00000110251,Gm2996,0,0,0,0,0,0,0,0,0,0,0,0
ENSMUSG00000073970,Olfr555,0,0,0,0,0,0,0,0,0,0,0,0
ENSMUSG00000073969,Olfr556,0,0,0,0,0,0,0,0,0,0,0,0
ENSMUSG00000110352,Gm45687,0,0,0,0,0,0,0,0,0,0,0,0
ENSMUSG00000073968,Trim68,64,87,70,63,61,48,64,90,79,74,70,73
ENSMUSG00000109618,Gm45527,6,8,7,5,3,4,5,10,8,5,4,12
ENSMUSG00000073967,Olfr557,0,0,0,0,0,1,0,0,0,0,0,0
ENSMUSG00000070423,Olfr558,0,0,0,0,0,0,0,0,0,0,0,0
ENSMUSG00000110376,Gm45688,0,0,0,0,0,0,0,0,0,0,0,0
ENSMUSG00000025485,Ric8a,1802,2061,1625,1816,1275,495,1432,1492,1600,1456,1293,1197
ENSMUSG00000066273,Olfr33,0,0,0,0,0,0,0,0,0,0,0,0
ENSMUSG00000066272,Olfr559,0,0,0,0,0,0,0,0,0,0,0,0
ENSMUSG00000088888,Gm24210,0,0,0,0,0,0,0,0,0,0,0,0
ENSMUSG00000043366,Olfr78,0,0,0,0,0,0,0,0,0,0,0,0
ENSMUSG00000110008,Olfr560,0,0,0,0,0,0,0,0,0,0,0,0
ENSMUSG00000073966,Olfr561,0,0,0,0,0,0,0,0,0,0,0,0
ENSMUSG00000033676,Gabrb3,0,0,0,0,0,4,0,0,0,0,0,0
ENSMUSG00000110122,Olfr562-ps1,0,0,0,0,0,0,0,0,0,0,0,0
ENSMUSG00000110074,Olfr563-ps1,0,0,0,0,0,0,0,0,0,0,0,0
ENSMUSG00000099203,Mir6389,0,0,0,0,0,0,0,0,0,0,0,0
ENSMUSG00000048469,Olfr564,0,0,0,0,0,0,0,0,0,0,0,0
ENSMUSG00000109439,Gm44853,0,0,0,0,0,0,0,0,0,0,0,0
ENSMUSG00000109596,Olfr565-ps1,0,0,0,0,0,0,0,0,0,0,0,0
ENSMUSG00000108597,Gm44708,0,0,0,0,0,1,0,0,0,0,0,0
ENSMUSG00000109086,Gm5596,4,0,1,0,1,1,0,0,1,2,2,0
ENSMUSG00000109475,Gm34272,0,0,0,0,0,0,0,0,0,0,0,0
ENSMUSG00000060888,Olfr566,0,0,0,0,0,0,0,0,0,0,0,0
ENSMUSG00000109339,Gm18127,0,0,0,0,0,0,0,0,0,0,0,0
ENSMUSG00000110152,Gm45689,0,0,0,0,0,0,0,0,0,0,0,0
ENSMUSG00000077784,Gm23911,0,0,0,0,0,0,0,0,0,0,0,0
ENSMUSG00000109878,Olfr567-ps1,0,0,0,0,0,0,0,0,0,0,0,0
ENSMUSG00000119548,#N/A,0,0,0,0,0,0,0,0,0,0,0,0
ENSMUSG00000109348,Gm44852,0,0,0,1,0,0,0,0,0,0,0,0
ENSMUSG00000073965,Olfr568,0,0,0,0,0,0,0,0,0,0,0,0
ENSMUSG00000108877,Gm45157,0,0,0,0,0,0,0,0,0,0,0,0
ENSMUSG00000062142,Olfr569,0,0,0,0,0,0,0,0,0,0,0,0
ENSMUSG00000073964,Olfr570,0,0,0,0,0,0,0,0,0,0,0,0
ENSMUSG00000034867,Ankrd27,1756,1938,1497,1580,1476,697,1342,1627,1675,1533,1444,1365
ENSMUSG00000043310,Olfr571,0,1,0,0,3,1,1,0,0,0,1,1
ENSMUSG00000073963,Olfr572,0,0,0,0,0,0,0,0,0,0,0,0
ENSMUSG00000052785,Olfr573-ps1,0,0,0,0,0,0,0,0,0,0,0,0
ENSMUSG00000025486,Sirt3,93,91,75,74,80,15,78,63,58,58,76,70
ENSMUSG00000025324,Atp10a,6039,6400,5623,5741,4760,2657,3936,5651,5496,5125,4268,4019
ENSMUSG00000045824,Olfr574,0,0,0,0,0,1,1,0,0,0,0,0
ENSMUSG00000109393,Gm44936,0,1,4,0,0,1,2,1,0,0,1,2
ENSMUSG00000109434,Gm44937,1,0,3,2,0,1,0,2,2,2,2,2
ENSMUSG00000086926,Gm6226,1,0,0,1,0,0,1,0,2,0,0,0
ENSMUSG00000109261,Gm44938,0,0,0,0,0,0,0,0,0,3,1,0
ENSMUSG00000066269,Olfr575,0,0,0,0,0,0,0,0,0,0,0,0
ENSMUSG00000109252,Gm18453,1,0,0,0,0,0,0,0,0,0,0,0
ENSMUSG00000108909,Gm9373,1,0,0,0,0,0,0,0,0,0,0,0
ENSMUSG00000109221,Gm9375,1,0,0,0,0,0,0,0,0,0,0,0
ENSMUSG00000073962,Olfr576,0,0,0,0,0,0,0,0,0,0,0,0
ENSMUSG00000108838,Gm45189,0,0,0,0,0,0,0,0,0,0,0,0
ENSMUSG00000108902,Gm9377,0,0,0,1,0,0,0,0,0,0,0,0
ENSMUSG00000109308,Gm44743,0,0,0,0,0,0,0,0,0,0,0,0
ENSMUSG00000109332,Gm44742,1,0,0,2,0,0,2,1,1,1,1,0
ENSMUSG00000043354,Olfr577,0,0,0,0,0,0,0,0,0,0,0,0
ENSMUSG00000109536,9330162G02Rik,119,86,76,87,70,48,60,64,93,78,61,71
ENSMUSG00000045792,Olfr578,0,0,0,1,0,0,0,0,0,0,0,0
ENSMUSG00000110033,AC161520.1,0,0,0,0,0,0,0,0,0,0,0,0
ENSMUSG00000110143,Olfr580-ps1,0,0,0,0,0,0,0,0,0,0,0,0
ENSMUSG00000109845,Olfr581-ps1,0,0,0,0,0,0,0,0,0,0,0,0
ENSMUSG00000030417,Pdcd5,256,313,208,238,305,167,254,255,294,256,284,261
ENSMUSG00000073961,Olfr582,0,0,0,0,0,0,0,0,0,0,0,0
ENSMUSG00000073960,Olfr583,0,0,0,0,0,0,0,0,0,0,0,0
ENSMUSG00000073959,Olfr584,0,0,0,0,0,0,0,0,0,0,0,0
ENSMUSG00000078080,Olfr585,0,0,0,0,0,0,0,0,0,0,0,0
ENSMUSG00000066268,Olfr586,0,0,0,0,0,0,0,0,0,0,0,0
ENSMUSG00000080891,Olfr587-ps1,0,0,0,0,0,0,0,0,0,0,0,0
ENSMUSG00000082714,Gm15120,0,0,0,0,0,0,0,0,0,0,0,0
ENSMUSG00000084262,Olfr588-ps1,0,0,0,0,0,0,0,1,0,0,0,0
ENSMUSG00000083254,Gm15116,0,0,0,0,0,0,0,0,0,0,0,0
ENSMUSG00000051362,Olfr589,0,0,0,0,0,0,0,0,0,0,0,0
ENSMUSG00000084356,Olfr590-ps1,0,0,0,0,0,0,0,0,0,0,0,0
ENSMUSG00000057461,Olfr591,0,0,0,0,1,3,0,0,0,0,0,0
ENSMUSG00000073956,Olfr592,0,0,0,0,0,1,0,0,0,0,0,0
ENSMUSG00000073955,Olfr593,0,0,0,0,0,0,0,0,0,0,0,0
ENSMUSG00000073954,Olfr594,0,0,0,0,0,2,0,0,0,0,0,0
ENSMUSG00000083383,Olfr595-ps1,0,0,0,0,0,0,0,0,0,0,0,0
ENSMUSG00000043671,Dpy19l3,270,244,205,160,152,106,164,159,219,184,217,165
ENSMUSG00000057321,Usp17ld,0,0,0,0,0,1,0,0,0,0,0,0
ENSMUSG00002076718,#N/A,0,0,0,0,0,0,0,0,0,0,0,0
ENSMUSG00002076523,#N/A,0,0,0,0,0,0,0,0,0,0,0,0
ENSMUSG00002074985,#N/A,0,0,0,0,0,0,0,0,1,0,0,0
ENSMUSG00000073953,Olfr596,0,0,0,0,0,0,0,0,0,0,0,0
ENSMUSG00000073952,Olfr597,0,0,0,0,0,1,0,0,0,0,2,0
ENSMUSG00000073951,Olfr598,0,0,0,0,0,0,0,0,0,0,0,0
ENSMUSG00000030766,Arhgap17,3126,3249,2801,2732,1867,1317,1964,2535,2578,2244,1520,1331
ENSMUSG00000073950,Olfr599,0,0,0,0,0,0,0,0,0,0,0,0
ENSMUSG00000045540,Olfr600,0,0,0,0,0,0,0,0,0,0,0,0
ENSMUSG00000044452,Zfp507,1673,1752,1399,1394,1406,869,958,1420,1511,1530,1421,1321
ENSMUSG00000044997,E130304I02Rik,1,1,2,0,0,0,1,1,0,2,0,0
ENSMUSG00000109951,Olfr601,0,0,0,0,0,0,0,0,0,0,0,0
ENSMUSG00000100387,Gm28514,0,0,0,0,0,0,0,0,1,0,0,0
ENSMUSG00000082739,Olfr602-ps1,0,0,0,0,0,0,0,0,0,0,0,0
ENSMUSG00000108711,Gm38991,0,0,0,0,0,0,0,0,0,0,0,0
ENSMUSG00000059874,Olfr603,0,0,0,0,0,0,0,0,0,0,0,0
ENSMUSG00000066543,Rpl17-ps9,0,0,2,0,1,0,1,0,4,5,2,1
ENSMUSG00000098016,Gm9211,13,6,3,6,5,0,13,11,13,1,1,1
ENSMUSG00002075020,#N/A,0,0,0,0,0,0,0,0,0,0,0,0
ENSMUSG00000058976,Usp17lc,0,0,0,0,0,0,0,0,0,0,2,0
ENSMUSG00002076566,#N/A,0,0,0,0,0,0,0,0,0,0,0,0
ENSMUSG00002076059,#N/A,0,0,0,0,0,0,0,0,0,0,0,0
ENSMUSG00000101965,Gm29129,0,0,0,0,0,0,0,0,0,0,0,0
ENSMUSG00000104330,Gm38285,0,0,0,0,0,0,0,0,0,0,0,0
ENSMUSG00000109659,Olfr605,0,0,0,0,0,0,0,0,0,0,0,0
ENSMUSG00000073949,Olfr606,0,0,0,0,0,0,0,0,0,0,0,0
ENSMUSG00000021217,Tshz3,2,4,1,1,1,4,2,1,1,1,2,1
ENSMUSG00000103882,Gm37452,0,1,0,0,0,1,1,0,1,0,0,0
ENSMUSG00000030763,Lcmt1,590,640,524,493,471,260,486,476,524,411,407,351
ENSMUSG00000102516,Gm38340,3,1,5,2,2,4,0,0,3,1,0,6
ENSMUSG00000081945,Olfr607,0,0,0,0,0,1,0,0,0,0,0,0
ENSMUSG00000104420,E230020A03Rik,1,1,1,1,0,3,1,2,2,0,1,2
ENSMUSG00000104454,Gm37827,2,0,0,2,0,0,1,1,2,1,1,2
ENSMUSG00000073948,Olfr608,0,0,0,0,0,0,0,0,0,0,0,0
ENSMUSG00002076435,#N/A,0,0,0,0,0,0,0,0,0,0,0,0
ENSMUSG00002076774,#N/A,0,0,0,0,0,0,0,0,0,0,0,0
ENSMUSG00000025487,Psmd13,2253,2463,1902,2098,2121,960,1997,1999,2232,2027,2041,1974
ENSMUSG00000101342,Gm28078,0,0,0,0,0,0,0,0,0,0,0,0
ENSMUSG00000100616,Gm28076,0,0,0,0,0,0,0,0,0,0,0,0
ENSMUSG00000100905,Gm28075,0,0,0,0,0,0,0,0,0,0,0,0
ENSMUSG00000046396,Olfr609,0,0,0,0,0,0,0,0,0,0,0,0
ENSMUSG00000099715,Gm28077,0,0,0,0,0,0,0,0,0,0,0,0
ENSMUSG00000083396,Gm15542,14,12,6,7,6,14,7,8,11,11,8,7
ENSMUSG00000025488,Cox8b,0,0,0,0,0,0,0,0,0,0,0,0
ENSMUSG00000030762,Aqp8,1,1,0,1,1,1,2,0,0,0,0,0
ENSMUSG00000109628,BC024386,0,1,1,0,0,3,0,1,0,0,0,0
ENSMUSG00000045584,Olfr610,0,0,0,0,0,0,0,0,0,0,0,0
ENSMUSG00000096584,Olfr611,0,0,0,0,0,0,0,0,0,0,0,0
ENSMUSG00000094119,Olfr612,0,0,0,0,0,0,0,0,0,0,0,0
ENSMUSG00000078624,Olfr613,0,0,0,0,0,0,0,0,0,0,0,0
ENSMUSG00000030757,Zkscan2,0,0,0,0,0,2,0,1,0,0,0,1
ENSMUSG00000073947,Olfr615,0,0,0,0,0,0,0,0,0,0,0,0
ENSMUSG00000025326,Ube3a,4525,4085,3529,3377,3602,3890,2639,3836,3580,3808,4702,4176
ENSMUSG00000084484,Gm23788,0,0,0,0,0,0,0,0,0,0,0,0
ENSMUSG00000098160,Gm26974,0,0,0,0,0,0,0,0,0,0,0,0
ENSMUSG00000098129,Gm27040,0,0,0,0,1,4,0,0,0,0,0,0
ENSMUSG00000047544,Olfr616,0,0,0,0,0,0,0,0,0,0,0,0
ENSMUSG00000078591,Hs3st4,0,0,0,0,0,0,0,0,0,0,0,0
ENSMUSG00000109362,Gm44562,0,0,0,0,0,0,0,0,0,0,0,0
ENSMUSG00000077176,Gm25759,0,0,0,0,0,0,0,0,0,0,0,0
ENSMUSG00000108943,Gm44559,0,0,0,0,0,0,0,0,0,0,0,0
ENSMUSG00000085899,Gm15338,0,0,0,0,0,0,0,0,0,0,0,0
ENSMUSG00000108880,Gm44560,0,0,0,0,0,0,0,0,0,0,0,0
ENSMUSG00000108886,Gm44830,3,1,3,3,1,0,3,2,1,1,2,1
ENSMUSG00000085892,Gm15339,0,0,0,0,0,0,0,0,0,0,0,0
ENSMUSG00000087781,Gm23168,0,0,0,0,0,0,0,0,0,0,0,0
ENSMUSG00000073946,Olfr617,0,0,0,0,0,1,0,0,0,0,0,0
ENSMUSG00002075901,#N/A,0,0,0,0,0,0,0,0,0,0,0,0
ENSMUSG00000086254,3100003L05Rik,0,0,0,0,0,0,0,0,0,0,0,0
ENSMUSG00000108623,Gm45092,0,0,0,0,0,0,0,0,0,0,0,0
ENSMUSG00000108407,Gm45093,0,0,0,0,0,0,0,0,0,0,0,0
ENSMUSG00000038745,Nlrp6,34,25,12,21,11,9,23,19,29,28,26,28
ENSMUSG00000073945,Olfr618,0,0,0,0,0,0,0,0,0,0,0,0
ENSMUSG00000108799,Glud-ps,44,18,20,13,11,8,6,15,36,18,16,13
ENSMUSG00000073844,Gm21957,0,1,0,0,0,0,0,0,0,0,0,0
ENSMUSG00000073944,Olfr619,0,0,0,0,0,0,0,0,0,0,0,0
ENSMUSG00000043456,Zfp536,0,2,1,0,2,5,1,2,0,2,2,1
ENSMUSG00000045928,4933440M02Rik,0,0,0,0,1,0,0,0,0,0,0,0
ENSMUSG00000045132,Olfr620,0,0,0,0,0,0,0,0,0,0,0,0
ENSMUSG00000081315,Olfr621-ps1,0,0,0,0,0,0,0,0,0,0,0,0
ENSMUSG00000104236,4930533L02Rik,0,0,0,0,0,0,0,0,0,0,0,0
ENSMUSG00000108507,6720469O03Rik,0,0,0,0,0,0,0,0,0,0,0,0
ENSMUSG00000108790,Gm44806,0,0,0,0,0,0,0,0,0,0,0,0
ENSMUSG00000090457,4930571K23Rik,0,0,0,0,0,0,0,0,0,0,0,0
ENSMUSG00000108330,Gm44882,0,0,0,0,0,0,0,0,0,0,0,0
ENSMUSG00000050085,Olfr622,0,0,0,0,0,2,0,0,0,0,0,0
ENSMUSG00000108572,Gm44883,0,0,0,0,0,0,0,0,0,0,0,0
ENSMUSG00000108814,Gm30717,0,0,0,0,0,0,0,0,0,0,0,0
ENSMUSG00000093540,4930505M18Rik,0,0,0,0,0,0,0,0,0,0,0,0
ENSMUSG00000099687,Olfr623,0,0,0,0,0,1,0,0,0,0,0,0
ENSMUSG00000064591,Gm22302,0,0,0,0,0,0,0,0,0,0,0,0
ENSMUSG00000045780,Olfr624,0,0,0,0,0,0,0,0,0,0,1,0
ENSMUSG00000073943,Olfr625-ps1,0,0,0,0,0,0,0,0,0,0,0,0
ENSMUSG00000081038,Olfr626-ps1,0,0,0,0,0,0,0,0,0,0,0,0
ENSMUSG00000082077,Olfr260-ps1,0,0,0,0,0,0,0,0,0,0,0,0
ENSMUSG00000100826,Snhg14,2,0,2,0,0,0,2,1,1,2,3,2
ENSMUSG00000109157,Gm44829,23,21,20,26,10,11,20,27,10,23,13,11
ENSMUSG00000094822,Olfr243,0,0,0,0,0,3,0,0,0,0,0,0
ENSMUSG00000030752,Kdm8,252,333,281,212,309,110,280,258,246,257,314,269
ENSMUSG00000109122,A230103L15Rik,0,0,0,0,0,0,0,0,0,0,0,0
ENSMUSG00000077615,Gm25499,0,0,0,0,0,0,0,0,0,0,0,0
ENSMUSG00000064377,Gm24966,0,0,0,0,0,0,0,0,0,0,0,0
ENSMUSG00000077681,Gm22496,0,0,0,0,0,0,0,0,0,0,0,0
ENSMUSG00000119412,#N/A,0,0,0,0,0,0,0,0,0,0,0,0
ENSMUSG00000096516,Olfr628,0,0,0,0,0,0,0,0,0,0,0,0
ENSMUSG00000118711,#N/A,0,0,0,0,0,0,0,0,0,0,0,0
ENSMUSG00000118846,#N/A,0,0,0,0,0,0,0,0,0,0,0,0
ENSMUSG00000119550,#N/A,0,0,0,0,0,0,0,0,0,0,0,0
ENSMUSG00000118828,#N/A,0,0,0,0,0,0,0,0,0,0,0,0
ENSMUSG00000119773,#N/A,0,0,0,0,0,0,0,0,0,0,0,0
ENSMUSG00000119048,#N/A,0,0,0,0,0,0,0,0,0,0,0,0
ENSMUSG00000047545,Olfr629,0,0,0,0,0,2,0,0,0,0,0,0
ENSMUSG00000118834,#N/A,0,0,0,0,0,0,0,0,0,0,0,0
ENSMUSG00000119746,#N/A,0,0,0,0,0,0,0,0,0,0,0,0
ENSMUSG00000119446,#N/A,0,0,0,0,0,0,0,0,0,0,0,0
ENSMUSG00000119687,#N/A,0,0,0,0,0,0,0,0,0,0,0,0
ENSMUSG00000119238,#N/A,0,0,0,0,0,0,0,0,0,0,0,0
ENSMUSG00000050281,Olfr630,0,0,0,0,0,0,0,0,0,0,0,0
ENSMUSG00000119739,#N/A,0,0,0,0,0,0,0,0,0,0,0,0
ENSMUSG00000118933,#N/A,0,0,0,0,0,0,0,0,0,0,0,0
ENSMUSG00000119258,#N/A,0,0,0,0,0,0,0,0,0,0,0,0
ENSMUSG00000058662,Olfr69,0,0,0,0,0,0,0,0,0,0,0,0
ENSMUSG00000119224,#N/A,0,0,0,0,0,0,0,0,0,0,0,0
ENSMUSG00000119726,#N/A,0,0,0,0,0,0,0,0,0,0,0,0
ENSMUSG00000061626,Olfr68,0,0,0,0,0,0,0,0,0,0,0,0
ENSMUSG00000030750,Nsmce1,224,301,279,325,375,133,363,379,288,261,257,223
ENSMUSG00000047535,Olfr67,0,0,0,0,0,0,0,0,0,0,0,0
ENSMUSG00000108615,Gm4973,1,0,0,0,1,0,0,1,0,0,0,1
ENSMUSG00000062031,Pgghg,225,191,180,171,207,72,146,168,190,160,191,175
ENSMUSG00000073940,Hbb-bt,0,0,0,0,2,0,1,1,0,0,0,0
ENSMUSG00000025489,Ifitm5,2,5,2,2,1,1,3,3,2,2,4,0
ENSMUSG00000110104,Gm45717,0,0,0,0,0,0,0,0,0,0,0,0
ENSMUSG00000060591,Ifitm2,857,978,740,878,669,603,1025,1068,848,799,442,349
ENSMUSG00000052305,Hbb-bs,0,0,0,0,0,0,0,0,0,0,0,0
ENSMUSG00000083967,Gm15115,0,0,0,0,0,0,0,0,0,0,0,0
ENSMUSG00000025491,Ifitm1,256,344,342,352,263,123,282,242,198,199,167,115
ENSMUSG00000110355,Gm7514,0,0,0,0,0,0,0,0,0,2,0,0
ENSMUSG00000025492,Ifitm3,234,365,355,388,275,201,391,349,245,235,154,152
ENSMUSG00000030421,Uri1,2066,2303,1867,1839,1909,1598,1692,1985,2297,2036,2104,1877
ENSMUSG00000059108,Ifitm6,1,1,1,3,1,0,1,2,0,1,1,0
ENSMUSG00000108726,Gm30684,0,0,0,0,0,0,0,0,0,0,0,0
ENSMUSG00000091441,Gm17387,0,0,0,0,0,0,0,0,0,0,0,0
ENSMUSG00000109703,Gm45299,0,0,0,0,2,0,0,0,0,0,0,0
ENSMUSG00000030748,Il4ra,4674,5311,3920,4247,3672,1378,3918,4400,4582,4291,3931,3522
ENSMUSG00000055629,B4galnt4,741,740,503,555,577,303,439,523,729,621,781,705
ENSMUSG00000108524,Gm44876,0,0,0,0,1,0,0,0,1,0,0,0
ENSMUSG00000030745,Il21r,5034,5467,5268,5398,6754,3456,5017,5436,5212,4982,4233,4226
ENSMUSG00000054065,Pkp3,551,746,441,506,339,129,393,380,528,531,412,364
ENSMUSG00000101708,Gm28453,0,0,0,0,0,0,0,0,0,0,0,0
ENSMUSG00000099781,Gm28583,0,0,0,0,0,0,0,0,0,0,0,0
ENSMUSG00000094920,Gm6605,0,0,0,0,0,0,0,0,0,0,0,0
ENSMUSG00000025494,Sigirr,2058,2360,1739,1930,1584,381,1750,1637,1770,1447,1415,1409
ENSMUSG00000099846,Gm6819,0,0,0,0,0,0,0,0,0,0,0,0
ENSMUSG00000100169,Gm29087,0,0,0,0,0,0,0,0,0,0,0,0
ENSMUSG00000060565,Gm5591,0,0,0,0,0,0,0,0,0,0,0,0
ENSMUSG00000099765,Gm4454,0,0,0,0,0,0,0,0,0,0,0,0
ENSMUSG00000101847,Gm20749,0,0,0,0,0,0,0,0,0,0,0,0
ENSMUSG00000100810,Gm29086,0,0,0,0,0,0,0,0,0,0,0,0
ENSMUSG00002076921,#N/A,0,0,0,0,0,0,0,0,0,0,0,0
ENSMUSG00000100841,Gm21115,0,0,0,0,0,0,0,0,0,0,0,0
ENSMUSG00000094233,Gm21276,0,0,0,0,0,0,0,0,0,0,0,0
ENSMUSG00000100788,Gm21122,0,0,0,0,0,0,0,0,0,0,0,0
ENSMUSG00000099772,Gm29085,0,0,0,0,0,0,0,0,0,0,0,0
ENSMUSG00000101855,1700010N08Rik,0,0,0,0,0,0,0,0,0,0,0,0
ENSMUSG00000119867,#N/A,0,0,0,0,0,0,0,0,0,0,0,0
ENSMUSG00000101470,Gm21129,0,0,0,0,0,0,0,0,0,0,0,0
ENSMUSG00000099981,Gm21136,0,0,0,0,0,0,0,0,0,0,0,0
ENSMUSG00000096277,Gm21142,0,0,0,0,0,0,0,0,0,0,0,0
ENSMUSG00000101023,Gm21152,0,0,0,0,0,0,0,0,0,0,0,0
ENSMUSG00002076420,#N/A,0,0,0,0,0,0,0,0,0,0,0,0
ENSMUSG00000101035,Gm28451,0,0,0,0,0,0,0,0,0,0,0,0
ENSMUSG00000101703,Gm1982,0,0,0,0,0,0,0,0,0,0,0,0
ENSMUSG00000101454,Gm1988,0,0,0,0,0,0,0,0,0,0,0,0
ENSMUSG00000102017,Gm6124,0,0,0,0,0,0,0,0,0,0,0,0
ENSMUSG00000097653,Gm16387,0,0,0,0,0,0,0,0,0,0,0,0
ENSMUSG00000099951,Gm9226,0,0,0,0,0,0,0,0,0,0,0,0
ENSMUSG00002076176,#N/A,0,0,0,0,0,0,0,0,0,0,0,0
ENSMUSG00000100112,Gm29258,0,0,0,0,0,0,0,0,0,0,0,0
ENSMUSG00000100721,Gm9271,0,0,0,0,0,0,0,0,0,0,0,0
ENSMUSG00000053742,Gm5114,0,0,0,0,0,0,0,0,0,0,0,0
ENSMUSG00002075626,#N/A,0,0,0,0,0,0,0,0,0,0,0,0
ENSMUSG00000054662,Ano9,0,0,0,0,0,1,0,0,0,0,0,1
ENSMUSG00000046372,Gm5590,0,1,0,0,0,6,0,0,1,1,0,0
ENSMUSG00000030424,Zfp939,4,4,4,0,3,9,2,2,3,0,2,3
ENSMUSG00002076275,#N/A,0,0,0,0,0,0,0,0,0,0,0,0
ENSMUSG00000100490,Gm28455,0,0,0,0,0,0,1,0,0,0,0,0
ENSMUSG00000068959,Zfp619,114,110,67,78,65,32,53,95,124,107,55,57
ENSMUSG00000104150,Gm44573,0,0,0,0,0,0,1,0,0,0,0,0
ENSMUSG00000108621,Gm37494,256,287,201,199,281,253,148,223,226,238,281,260
ENSMUSG00000099934,Gm17983,0,0,0,0,0,0,0,0,0,0,0,0
ENSMUSG00000074903,Gm2058,0,0,0,0,1,1,0,0,1,1,0,0
ENSMUSG00000070236,Gm26327,0,0,0,0,0,0,0,0,0,0,0,0
ENSMUSG00000100912,Gm2021,0,0,0,1,0,0,0,0,0,0,0,0
ENSMUSG00000101901,Gm9230,0,0,0,0,0,0,0,0,0,0,0,0
ENSMUSG00000110135,Gm45839,0,0,0,0,0,0,0,0,0,0,0,0
ENSMUSG00000102085,4930435C17Rik,0,0,0,0,0,0,0,0,0,0,0,0
ENSMUSG00000100431,4930558N11Rik,0,0,0,0,0,1,0,0,0,0,0,0
ENSMUSG00000102227,Gm37302,0,0,0,0,0,0,0,0,0,0,0,0
ENSMUSG00000109083,Gm44992,0,0,0,0,0,0,0,0,0,0,0,0
ENSMUSG00000102464,Gm38199,0,0,0,0,0,0,0,0,0,0,0,0
ENSMUSG00000032777,Gtf3c1,3328,3422,2769,2803,3138,1432,2026,3189,2935,2759,2961,2833
ENSMUSG00000025495,Ptdss2,439,383,325,332,350,151,344,363,362,341,290,286
ENSMUSG00000038650,Rnh1,1872,2235,1634,1802,1370,406,1582,1606,1581,1336,1183,1262
ENSMUSG00000110275,Gm5905,22,14,13,11,19,5,17,15,26,32,19,23
ENSMUSG00000077547,Gm22019,0,0,0,0,0,0,0,0,0,0,0,0
ENSMUSG00000032743,D430042O09Rik,189,237,180,196,153,77,161,198,177,170,151,141
ENSMUSG00000025499,Hras,1750,1894,1371,1476,1618,664,1700,1677,1757,1539,1576,1448
ENSMUSG00000038637,Lrrc56,7,19,17,12,16,7,9,19,8,11,13,17
ENSMUSG00000025500,Lmntd2,5,14,9,7,9,2,7,9,6,8,14,15
ENSMUSG00000038618,Rassf7,60,55,36,25,43,40,38,46,66,63,82,65
ENSMUSG00000065551,Mir210,0,0,0,0,0,0,0,0,0,0,0,0
ENSMUSG00000038611,Phrf1,4722,4805,3715,3740,3600,2223,2951,4189,4170,3989,3934,3664
ENSMUSG00000025498,Irf7,27,67,77,124,48,31,129,154,67,52,84,85
ENSMUSG00000025497,Cdhr5,0,0,0,0,0,0,0,0,0,0,0,0
ENSMUSG00000038580,Sct,0,0,0,0,0,0,0,0,0,0,0,0
ENSMUSG00000025496,Drd4,4,7,7,8,7,5,2,3,11,8,8,10
ENSMUSG00000058886,Deaf1,732,728,574,596,638,336,552,695,684,596,697,694
ENSMUSG00000025505,Tmem80,163,172,129,145,148,63,111,131,132,137,127,149
ENSMUSG00000025504,Eps8l2,0,0,0,0,0,0,0,0,0,0,0,0
ENSMUSG00000086844,B230206H07Rik,0,0,0,0,0,0,0,0,0,0,0,0
ENSMUSG00000077716,Gm25725,0,0,0,0,0,0,0,0,0,0,0,0
ENSMUSG00000025503,Taldo1,1220,1358,937,1092,1281,497,1187,1082,1333,1083,1311,1388
ENSMUSG00000091083,Gm4535,3,0,0,0,2,0,3,1,1,0,0,0
ENSMUSG00000051007,Gatd1,250,289,220,183,245,62,217,232,281,193,215,230
ENSMUSG00000060240,Cend1,1,3,5,1,0,0,3,3,0,1,0,0
ENSMUSG00000037974,Muc5ac,1,5,2,6,5,2,0,5,4,4,0,0
ENSMUSG00000066108,Muc5b,1,0,0,0,0,1,0,0,1,0,0,0
ENSMUSG00000025139,Tollip,1475,1650,1269,1272,938,428,1045,1256,1290,1159,944,856
ENSMUSG00000092536,Gm20501,0,0,0,0,1,3,0,0,0,0,0,0
ENSMUSG00000053046,Brsk2,0,0,0,1,1,4,0,0,0,0,0,0
ENSMUSG00000092652,Mir3104,0,0,0,0,0,0,0,0,0,0,0,0
ENSMUSG00000025147,Mob2,500,591,436,501,434,167,420,528,492,430,357,327
ENSMUSG00000109638,Gm45630,4,4,19,5,4,3,1,10,4,18,2,4
ENSMUSG00000077409,Gm25416,0,0,0,0,0,0,0,0,0,0,0,0
ENSMUSG00000037887,Dusp8,8,8,4,4,4,0,8,4,4,0,2,2
ENSMUSG00000109958,Gm32786,0,0,0,0,0,1,0,0,0,0,0,0
ENSMUSG00000109592,Gm45417,0,0,0,0,0,0,0,0,0,0,0,0
ENSMUSG00000109859,Gm45618,0,0,0,0,0,0,0,0,0,0,0,0
ENSMUSG00000110091,Gm39115,0,0,0,0,0,0,0,0,0,0,0,0
ENSMUSG00000110061,Gm45337,0,0,0,0,0,0,0,0,0,0,0,0
ENSMUSG00000088784,Gm25370,0,0,0,0,0,0,0,0,0,0,0,0
ENSMUSG00000109655,Gm29735,0,0,0,0,0,0,0,0,0,0,0,0
ENSMUSG00000090471,Gm4553,0,0,0,0,0,0,0,0,0,0,0,0
ENSMUSG00000054759,Krtap5-2,0,0,0,0,0,0,0,0,0,0,0,0
ENSMUSG00000066101,Gm10153,0,0,0,0,0,0,0,0,0,0,0,0
ENSMUSG00000046248,Krtap5-3,0,0,0,0,0,0,0,0,0,0,0,0
ENSMUSG00000073786,Gm7579,0,0,0,0,0,0,0,0,0,0,0,0
ENSMUSG00000109581,Gm19094,0,0,0,0,0,0,0,0,0,0,0,0
ENSMUSG00000073785,Krtap5-5,0,0,0,0,0,0,0,0,0,0,0,0
ENSMUSG00000110324,Gm40460,0,0,0,0,0,0,0,0,0,0,0,0
ENSMUSG00000110254,Gm47762,0,0,0,0,0,0,0,0,0,0,0,0
ENSMUSG00000090455,Gm2431,0,0,0,0,0,0,0,0,0,0,0,0
ENSMUSG00000056885,Gm4559,0,0,0,0,0,0,0,0,0,0,0,0
ENSMUSG00000089731,Gm10013,0,0,0,0,0,0,0,0,0,0,0,0
ENSMUSG00000109936,Gm45889,0,1,0,0,0,0,1,1,2,0,1,0
ENSMUSG00000066100,Krtap5-1,0,0,0,0,0,0,0,0,0,0,0,0
ENSMUSG00000045236,Krtap5-4,0,0,0,0,0,0,0,0,0,0,0,0
ENSMUSG00000083812,Gm5054,0,0,0,0,0,0,0,2,0,0,0,0
ENSMUSG00000045777,Ifitm10,4,5,4,0,1,0,0,0,5,2,0,0
ENSMUSG00000110040,Gm49369,0,0,0,0,0,0,0,0,0,0,0,0
ENSMUSG00000007891,Ctsd,1318,1611,979,1068,814,267,996,1034,1051,857,850,749
ENSMUSG00000077668,Gm26143,0,0,0,0,0,0,0,0,0,0,0,0
ENSMUSG00000031098,Syt8,0,0,0,0,0,0,0,0,0,0,0,0
ENSMUSG00000031097,Tnni2,0,0,0,0,0,0,0,0,0,0,0,0
ENSMUSG00000018819,Lsp1,3251,3440,2650,3075,2768,1813,3165,3621,3086,2823,2507,2091
ENSMUSG00000043795,Prr33,0,0,0,0,1,0,0,0,0,0,0,0
ENSMUSG00000061723,Tnnt3,8,7,8,10,4,4,6,15,10,6,8,2
ENSMUSG00000037772,Mrpl23,117,132,104,115,85,18,78,90,115,119,81,111
ENSMUSG00000087090,Nctc1,0,0,0,0,0,0,0,0,0,0,0,0
ENSMUSG00000000031,H19,1,2,3,3,1,0,1,4,0,1,0,0
ENSMUSG00002076121,#N/A,0,0,0,0,0,0,0,0,0,0,0,0
ENSMUSG00000076275,Mir675,0,0,0,0,0,0,0,0,0,0,0,0
ENSMUSG00002075214,#N/A,0,0,0,0,0,0,0,0,0,0,0,0
ENSMUSG00000110125,Gm33148,0,0,0,0,0,0,0,0,0,0,0,0
ENSMUSG00000048583,Igf2,21,39,19,22,4,15,5,10,6,7,6,4
ENSMUSG00000115302,Gm49394,0,0,0,0,0,0,0,0,0,0,0,0
ENSMUSG00000070140,Mir483,0,0,0,0,0,0,0,0,0,0,0,0
ENSMUSG00000086266,Igf2os,2,1,0,2,0,3,0,2,6,3,2,1
ENSMUSG00000000215,Ins2,0,0,0,0,0,0,0,0,0,0,0,0
ENSMUSG00000078192,Gm7290,3,3,0,3,2,0,2,1,3,0,0,2
ENSMUSG00000073781,Gm6471,0,0,1,0,0,0,0,0,0,0,0,0
ENSMUSG00000108952,Gm39117,1,0,0,0,0,0,0,0,0,1,0,0
ENSMUSG00000000214,Th,0,0,0,0,0,0,0,0,0,0,0,0
ENSMUSG00000009248,Ascl2,1,0,1,0,0,0,2,2,0,1,1,1
ENSMUSG00000052281,Tspan32os,29,34,38,22,39,20,25,20,40,35,30,40
ENSMUSG00000000244,Tspan32,951,1000,607,634,606,302,617,676,931,791,773,793
ENSMUSG00000059277,R74862,19,26,11,10,15,17,12,28,23,12,9,12
ENSMUSG00000037706,Cd81,2727,3063,2254,2394,2488,1211,2515,2461,2813,2435,1549,1505
ENSMUSG00000009246,Trpm5,0,0,0,0,0,0,0,0,0,0,0,0
ENSMUSG00000045752,Tssc4,577,563,460,512,520,233,502,479,626,515,527,513
ENSMUSG00000009545,Kcnq1,0,0,0,0,0,0,0,0,0,0,0,0
ENSMUSG00000102980,Gm38321,0,0,0,0,0,0,0,0,0,0,0,0
ENSMUSG00000102333,Gm37235,0,0,0,0,0,0,0,0,0,0,0,0
ENSMUSG00000101062,Gm28821,0,0,0,0,0,0,0,0,0,0,0,0
ENSMUSG00000101609,Kcnq1ot1,1156,1151,1313,1026,1061,2487,971,1246,1195,1257,1547,1612
ENSMUSG00002074922,#N/A,0,0,0,0,0,0,0,0,0,0,0,0
ENSMUSG00002076721,#N/A,0,0,0,0,0,0,0,0,0,0,0,0
ENSMUSG00002076158,#N/A,0,0,0,0,0,0,0,0,0,0,0,0
ENSMUSG00002075855,#N/A,0,0,0,0,0,0,0,0,0,0,0,0
ENSMUSG00000104012,Gm37364,0,0,2,1,2,4,2,1,1,0,0,2
ENSMUSG00000101360,4933417O13Rik,0,0,0,0,0,0,0,0,0,0,0,0
ENSMUSG00000103791,Gm38095,0,0,0,0,0,0,0,0,0,0,0,0
ENSMUSG00000104485,Gm38065,0,0,0,0,0,0,0,0,0,0,0,0
ENSMUSG00002075423,#N/A,0,0,0,0,0,0,0,0,0,0,0,0
ENSMUSG00000037664,Cdkn1c,15,19,17,20,7,10,18,18,22,12,8,17
ENSMUSG00000108934,Gm44732,0,0,0,0,0,0,0,0,0,0,1,0
ENSMUSG00000000154,Slc22a18,1,2,0,1,1,1,1,2,3,0,0,0
ENSMUSG00000010760,Phlda2,2,2,1,1,1,0,0,0,0,1,0,1
ENSMUSG00000059119,Nap1l4,4069,4507,3302,3530,3664,2071,3199,3560,4214,3821,3748,3536
ENSMUSG00000065118,Gm23297,3,0,2,1,1,0,3,1,1,3,3,4
ENSMUSG00000010755,Cars,1575,1686,1624,1721,1257,720,1042,1238,1288,1140,998,949
ENSMUSG00000098593,Mir7064,0,0,0,0,0,0,0,1,0,0,0,0
ENSMUSG00000082561,Gm15580,0,0,0,0,0,0,0,1,0,0,0,0
ENSMUSG00000086828,Gm15579,0,0,0,2,0,3,1,0,0,0,1,0
ENSMUSG00000045362,Tnfrsf26,54,65,69,70,25,16,94,103,57,47,33,38
ENSMUSG00000109251,E230032D23Rik,2,1,2,2,1,1,6,1,2,2,2,1
ENSMUSG00000010751,Tnfrsf22,336,342,221,252,212,132,168,257,342,275,272,215
ENSMUSG00000037613,Tnfrsf23,15,27,29,38,8,13,31,32,12,15,9,7
ENSMUSG00000037606,Osbpl5,179,178,148,154,101,32,83,103,117,116,126,135
ENSMUSG00000050276,Mrgprg,0,0,0,0,0,0,0,0,0,0,0,0
ENSMUSG00000109421,Gm44998,0,0,0,0,0,2,0,0,0,0,0,0
ENSMUSG00000048965,Mrgpre,16,18,10,7,7,3,4,14,14,12,15,9
ENSMUSG00002075544,#N/A,0,0,0,0,0,1,0,0,0,0,0,0
ENSMUSG00000031090,Nadsyn1,55,56,44,37,42,39,46,72,40,40,47,57
ENSMUSG00000058454,Dhcr7,396,311,248,252,232,101,279,320,287,285,345,309
ENSMUSG00000031085,Acte1,0,0,0,0,0,0,0,0,0,0,0,1
ENSMUSG00000099321,Mir6404,0,0,0,0,0,0,0,0,0,0,0,0
ENSMUSG00000019082,Slc25a22,1912,2080,1670,1710,1850,607,1639,1807,1920,1772,2073,1955
ENSMUSG00000025507,Pidd1,604,567,512,546,644,339,502,606,552,454,728,656
ENSMUSG00000025508,Rplp2,7492,8435,6486,6992,6846,1028,7676,5724,8806,7049,5406,5649
ENSMUSG00000064666,Snora52,0,0,0,0,0,0,0,0,0,0,0,0
ENSMUSG00000025509,Pnpla2,913,925,760,843,643,323,898,1034,757,735,684,621
ENSMUSG00000048200,Cracr2b,0,0,2,0,0,1,1,1,1,1,1,0
ENSMUSG00000073787,Gm10575,2,0,1,0,3,0,0,4,1,1,2,3
ENSMUSG00000025510,Cd151,191,178,160,163,173,71,149,188,160,159,137,164
ENSMUSG00000038489,Polr2l,70,76,69,66,75,31,108,74,68,89,70,71
ENSMUSG00000025511,Tspan4,290,324,266,248,276,41,221,231,292,270,370,337
ENSMUSG00000025512,Chid1,461,549,449,469,454,183,363,441,502,431,469,445
ENSMUSG00000110400,Gm45416,2,2,2,0,0,1,0,3,1,0,5,4
ENSMUSG00000002957,Ap2a2,1727,1900,1409,1415,1631,836,1310,1568,1691,1482,1766,1635
ENSMUSG00000097170,Gm16982,0,0,0,0,1,0,0,0,1,0,0,0
ENSMUSG00000098759,Mir7063,2,1,1,1,0,2,1,0,1,1,0,3
ENSMUSG00000118661,#N/A,1,0,0,0,0,1,0,0,0,0,0,0
ENSMUSG00000108994,Gm31663,0,0,0,0,0,0,0,0,0,0,1,0
ENSMUSG00000097644,Gm26862,0,0,0,0,0,0,0,0,0,0,0,0
ENSMUSG00000054061,Gm9934,0,0,0,0,0,0,0,0,0,0,0,0
ENSMUSG00000088877,Gm25860,0,0,0,0,0,0,0,0,0,0,0,0
ENSMUSG00000109196,Gm44715,0,0,0,0,0,0,0,0,0,0,0,0
ENSMUSG00000087412,Gm15501,4,28,18,22,28,135,26,67,2,5,33,7
ENSMUSG00000051515,Fam181b,0,0,0,0,0,0,0,0,0,0,0,0
ENSMUSG00000108334,Gm30771,0,0,0,0,0,2,0,0,0,0,0,0
ENSMUSG00000002068,Ccne1,864,897,684,769,916,586,906,991,832,676,874,704
ENSMUSG00000089230,Gm22203,0,0,0,0,0,0,0,0,0,0,0,0
ENSMUSG00000108332,D530033B14Rik,0,0,0,0,0,0,0,0,0,0,0,0
ENSMUSG00000054676,1600014C10Rik,168,176,125,149,162,71,134,154,169,131,176,195
ENSMUSG00000074170,Plekhf1,63,62,28,44,37,9,26,40,35,30,31,31
ENSMUSG00000030423,Pop4,744,902,721,786,789,570,831,810,788,672,748,674
ENSMUSG00000108749,Gm44767,0,0,0,0,0,0,0,0,0,0,0,0
ENSMUSG00000101410,Gm28581,0,0,0,0,0,0,0,0,0,0,0,0
ENSMUSG00000101548,Gm9220,0,0,0,0,0,0,0,0,0,0,0,0
ENSMUSG00000100374,Gm4451,0,0,0,0,0,0,0,0,0,0,0,0
ENSMUSG00000119433,#N/A,0,0,0,1,1,0,0,0,0,0,0,0
ENSMUSG00000102073,Gm6818,0,0,0,0,0,0,0,0,0,0,0,0
ENSMUSG00000070815,Vmn1r87,0,0,1,0,0,0,0,0,0,0,0,0
ENSMUSG00000109830,Gm7965,0,1,0,0,1,1,0,0,0,0,0,0
ENSMUSG00000117853,Vmn1r88,0,0,0,0,1,0,0,0,0,0,0,0
ENSMUSG00000048261,Gm4879,0,0,0,0,0,0,0,0,0,0,0,0
ENSMUSG00000110365,Gm38947,0,0,0,0,0,0,0,0,0,0,0,0
ENSMUSG00000109911,Gm45525,0,0,0,0,0,0,0,0,0,0,0,0
ENSMUSG00000095629,Vmn1r89,0,0,0,0,2,1,0,0,0,0,0,0
ENSMUSG00000092427,Vmn1r-ps69,0,0,0,0,0,0,0,0,0,0,0,0
ENSMUSG00000033847,Pla2g4c,13,12,11,10,21,26,23,19,7,14,22,27
ENSMUSG00000074547,Rps8-ps4,3,2,0,1,4,0,1,2,1,1,1,0
ENSMUSG00002074998,#N/A,0,0,0,0,0,0,0,0,0,0,1,0
ENSMUSG00000108293,Pla2g4c-ps,0,0,1,0,0,0,1,1,0,0,1,1
ENSMUSG00000109929,Gm45268,0,0,0,0,0,0,0,0,0,0,0,0
ENSMUSG00002076915,#N/A,0,0,0,0,0,0,0,0,0,0,0,0
ENSMUSG00000005649,Cabp5,0,1,0,0,0,0,0,0,0,0,0,0
ENSMUSG00000107945,Rpl7a-ps14,1,4,0,0,0,0,1,2,0,2,1,1
ENSMUSG00000074378,Bsph1,0,0,0,0,0,0,0,0,0,0,0,0
ENSMUSG00000107687,Gm44254,0,0,0,0,0,0,0,0,0,1,0,0
ENSMUSG00000098644,Bsph2-ps,0,0,0,0,0,0,0,0,0,0,0,0
ENSMUSG00000083626,Gm4459,0,0,1,0,0,0,1,0,0,0,0,0
ENSMUSG00000056777,Rpl21-ps13,0,0,0,1,2,0,0,0,2,1,2,1
ENSMUSG00000109905,Gm7380,1,1,1,0,0,0,1,0,1,0,1,2
ENSMUSG00000098619,Mir6401,0,0,0,0,0,0,0,0,0,0,0,0
ENSMUSG00000025475,Adgra1,0,0,0,0,0,3,0,0,0,0,1,0
ENSMUSG00000109710,Gm4974,0,2,2,2,0,0,1,1,1,4,1,2
ENSMUSG00000047751,Utf1,524,556,412,463,533,232,442,417,482,444,367,419
ENSMUSG00000086742,Gm16201,72,84,59,46,31,3,46,52,34,39,28,36
ENSMUSG00000085354,Gm2044,0,0,0,0,0,0,0,1,0,0,0,0
ENSMUSG00000105165,Mir7686,0,0,0,0,0,0,0,0,0,0,0,0
ENSMUSG00000065502,Mir202,0,0,0,0,0,0,0,0,0,0,0,0
ENSMUSG00000073795,Spef1l,10,5,4,4,6,6,3,0,7,5,3,3
ENSMUSG00000025473,Adam8,3564,4052,2326,2667,1021,426,1640,2065,1748,1744,1095,1090
ENSMUSG00000099092,Mir7062,1,1,2,1,0,0,0,0,0,3,1,0
ENSMUSG00000025474,Tubgcp2,853,924,726,700,762,424,750,834,717,668,742,817
ENSMUSG00000025470,Zfp511,572,656,525,535,570,333,556,558,555,543,525,526
ENSMUSG00000025469,Msx3,2,2,0,0,1,3,0,0,1,0,5,2
ENSMUSG00000025468,Caly,1,3,0,1,1,0,2,0,0,2,0,0
ENSMUSG00000025467,Prap1,0,0,0,0,0,0,0,0,0,0,0,0
ENSMUSG00000025466,Fuom,43,35,33,39,25,16,39,33,32,25,25,33
ENSMUSG00000025465,Echs1,643,847,621,639,621,198,645,556,655,582,499,509
ENSMUSG00000025464,Paox,100,112,97,81,84,35,103,111,94,93,112,78
ENSMUSG00000039018,Mtg1,413,483,405,393,466,165,363,370,459,392,391,501
ENSMUSG00000045733,Sprn,4,5,1,1,0,0,8,4,8,2,0,2
ENSMUSG00000051180,Olfr522,0,0,0,0,0,0,0,0,0,0,0,0
ENSMUSG00000051051,Olfr523,0,0,1,0,0,0,0,0,0,1,0,0
ENSMUSG00000050366,Olfr524,10,13,16,15,3,2,9,14,1,4,2,1
ENSMUSG00000066129,Kndc1,16,16,34,33,34,14,34,18,8,16,8,11
ENSMUSG00000078566,Bnip3,89,98,65,77,34,32,71,74,57,49,46,52
ENSMUSG00000109881,Gm45507,0,0,0,0,0,0,2,0,0,0,0,0
ENSMUSG00000110237,Gm18258,0,2,1,0,0,0,0,0,0,0,0,0
ENSMUSG00000098199,Gm9358,26,10,10,7,6,3,11,12,18,19,6,18
ENSMUSG00000110319,Gm45668,0,0,0,0,0,0,0,0,0,0,0,0
ENSMUSG00000109855,Gm45613,0,0,0,0,0,0,0,0,0,0,0,0
ENSMUSG00000025478,Dpysl4,0,0,0,0,0,2,0,0,0,0,0,0
ENSMUSG00000015981,Stk32c,300,310,232,231,147,61,194,211,247,204,88,97
ENSMUSG00002076353,#N/A,0,0,0,0,0,0,0,0,0,0,0,0
ENSMUSG00000110303,Gm45328,0,2,0,0,1,0,0,0,0,0,1,1
ENSMUSG00000015980,Lrrc27,6,4,4,10,3,1,10,5,7,4,10,7
ENSMUSG00000060260,Pwwp2b,160,152,134,101,184,78,102,156,173,155,97,105
ENSMUSG00000110115,Gm32486,1,1,0,0,0,1,0,0,0,0,1,1
ENSMUSG00000056856,Jakmip3,0,0,0,0,0,3,0,0,1,0,1,0
ENSMUSG00000025515,Muc2,14,5,8,4,6,4,6,11,7,3,2,3
ENSMUSG00000033961,Zfp446,249,282,233,208,241,128,243,253,262,222,238,234
ENSMUSG00000030382,Slc27a5,1,0,0,1,0,3,0,0,0,0,1,0
ENSMUSG00000005566,Trim28,11533,12393,9511,9477,11434,4595,9975,10056,11475,10232,10925,10779
ENSMUSG00000049600,Zbtb45,759,771,545,592,704,290,675,659,713,622,700,700
ENSMUSG00000033916,Chmp2a,1839,1907,1452,1774,1542,1266,1743,1820,1899,1823,1627,1550
ENSMUSG00000005575,Ube2m,3004,3170,2074,2316,2588,1344,2429,2578,2847,2396,3118,2534
ENSMUSG00000030380,Mzf1,19,14,12,14,11,8,14,17,8,10,10,13
ENSMUSG00000070817,Vmn1r85,0,0,0,0,0,0,0,0,0,0,0,0
ENSMUSG00000110268,Gm45436,0,0,0,0,0,0,0,0,0,0,0,0
ENSMUSG00000109707,Gm4270,0,0,0,0,0,0,0,0,1,0,0,0
ENSMUSG00000070816,Vmn1r86,0,0,1,0,0,2,0,1,0,0,3,0
ENSMUSG00000070814,Zswim9,68,84,58,52,79,69,43,71,62,65,81,90
ENSMUSG00000078800,Bsph2,0,0,0,0,0,0,0,0,0,0,0,0
ENSMUSG00000056394,Lig1,1053,1107,876,932,1442,857,1203,1336,1005,876,1400,1247
ENSMUSG00000078799,Sult2a5,0,0,0,0,0,0,0,0,0,0,0,0
ENSMUSG00000101532,Zbed4-ps1,0,0,0,0,0,0,0,0,0,0,0,0
ENSMUSG00000099400,Kat6b-ps1,0,0,0,0,0,0,0,0,0,0,0,0
ENSMUSG00000070837,Aurkc,0,0,0,0,0,0,0,0,0,0,0,0
ENSMUSG00000118617,AC152418.1,0,0,0,0,0,0,0,0,0,0,0,0
ENSMUSG00000109177,Pafah1b1-ps2,0,1,0,0,0,1,0,0,2,0,0,0
ENSMUSG00000109488,Gm6828,2,2,0,2,1,0,1,2,0,2,0,0
ENSMUSG00000108938,Gm44583,0,0,1,0,0,0,0,0,1,0,0,0
ENSMUSG00000062116,Zfp954,204,259,186,158,184,97,161,174,209,179,198,187
ENSMUSG00000108959,Gm44697,0,0,0,0,0,1,0,0,0,0,0,0
ENSMUSG00000063535,Zfp773,17,21,13,15,17,9,11,15,16,22,20,18
ENSMUSG00000110339,Vmn2r-ps35,0,0,0,0,0,0,0,0,0,0,0,0
ENSMUSG00000041420,Meis3,360,434,186,191,201,66,174,148,320,286,272,231
ENSMUSG00000006019,Dhx34,1167,1298,926,888,763,240,670,757,1116,1015,590,681
ENSMUSG00000110413,Gm45409,0,0,0,0,0,0,0,0,0,0,0,0
ENSMUSG00000074361,C5ar2,9,17,9,16,10,13,18,14,13,13,11,4
ENSMUSG00000080413,Gm26473,0,0,0,0,0,0,0,0,0,0,0,0
ENSMUSG00000049130,C5ar1,7,2,4,3,2,2,4,3,1,3,3,1
ENSMUSG00000091811,Inafm1,202,187,173,194,183,62,202,135,222,191,156,135
ENSMUSG00000041375,Ccdc9,1494,1415,1181,1187,1135,589,1065,1151,1383,1199,1274,1156
ENSMUSG00000002083,Bbc3,218,229,218,215,149,41,216,214,196,200,135,163
ENSMUSG00002075974,#N/A,0,0,0,0,0,0,0,0,0,0,0,0
ENSMUSG00000112045,Gm5649,0,0,0,0,0,0,0,0,0,0,0,0
ENSMUSG00000099185,Mir7662,0,0,0,0,0,0,0,0,0,0,0,0
ENSMUSG00000112072,Gm47244,0,0,0,0,0,0,0,0,0,0,0,0
ENSMUSG00000112797,Gm30034,3,2,3,4,0,1,2,1,5,3,1,5
ENSMUSG00000111882,Gm48864,0,0,0,0,0,0,0,0,0,0,0,0
ENSMUSG00000098179,Gm8709,6,6,6,8,3,0,4,2,4,6,1,2
ENSMUSG00000111950,Gm48893,0,0,0,0,0,0,0,0,0,0,0,0
ENSMUSG00000020081,Tacr2,0,0,0,0,0,1,1,0,0,0,0,1
ENSMUSG00000112389,Gm48891,0,0,0,0,0,0,0,0,0,0,0,0
ENSMUSG00000087651,1500009L16Rik,91,105,102,93,61,54,85,113,70,75,69,54
ENSMUSG00000112675,Gm48892,0,0,0,0,0,0,0,0,0,0,0,0
ENSMUSG00000112077,Gm47245,0,0,0,0,0,0,0,0,0,0,0,0
ENSMUSG00000112133,Gm47247,0,0,0,0,0,0,0,0,0,0,0,0
ENSMUSG00000111699,C230099D08Rik,0,0,0,0,0,0,0,0,0,0,0,0
ENSMUSG00000111049,Gm34184,0,0,0,0,0,0,0,0,0,0,0,0
ENSMUSG00000104317,Gm37908,0,0,0,0,0,0,0,0,0,0,0,0
ENSMUSG00000111524,Gm34113,0,0,0,0,0,0,0,0,0,0,0,0
ENSMUSG00000111062,Gm47253,0,0,0,0,0,0,0,0,0,0,0,0
ENSMUSG00000111875,Gm5425,1,0,0,0,2,0,2,0,1,2,1,0
ENSMUSG00000039031,Arhgap18,241,240,194,192,211,152,177,223,187,181,238,179
ENSMUSG00000020032,Nuak1,11,12,10,8,5,1,2,14,11,10,10,10
ENSMUSG00000111583,Gm47962,0,0,0,0,0,0,0,0,0,0,0,0
ENSMUSG00000112751,Gm48084,0,0,0,0,0,1,0,0,0,0,1,1
ENSMUSG00000112804,Gm30534,0,0,0,0,0,0,0,0,0,0,0,0
ENSMUSG00000020033,4930463O16Rik,0,0,0,0,0,0,0,0,0,0,0,0
ENSMUSG00000111487,1700092E16Rik,0,0,0,0,0,0,0,0,0,0,0,0
ENSMUSG00000111478,Gm18251,0,0,0,0,0,0,0,1,0,0,0,0
ENSMUSG00000111514,E230014E18Rik,0,0,0,0,1,2,0,0,0,0,0,0
ENSMUSG00000046841,Ckap4,867,882,635,630,673,310,604,672,760,650,500,454
ENSMUSG00000097076,Platr7,0,2,1,0,1,1,0,0,1,1,3,2
ENSMUSG00000034024,Cct2,15238,17328,13575,14285,15460,12208,13303,14949,16284,14089,15272,14164
ENSMUSG00000020034,Tcp11l2,144,167,133,161,62,38,109,108,95,92,53,51
ENSMUSG00000089096,Gm25657,0,0,0,0,0,0,0,0,0,0,0,0
ENSMUSG00000097309,Gm17249,12,12,9,9,20,17,8,5,16,4,14,12
ENSMUSG00000020170,Frs2,909,1003,785,802,847,718,585,921,816,914,888,798
ENSMUSG00000112753,4930423D24Rik,0,0,0,0,0,1,1,0,0,0,0,0
ENSMUSG00002074987,#N/A,0,0,0,0,0,0,0,0,0,0,0,0
ENSMUSG00000020171,Yeats4,1518,1706,1361,1492,1425,938,1431,1542,1640,1419,1487,1320
ENSMUSG00000112462,Gm48772,0,0,0,1,0,1,1,0,0,0,1,0
ENSMUSG00000034453,Polr3b,2118,2245,1732,1798,1670,1154,1140,1775,1808,1760,1607,1613
ENSMUSG00000020177,9530003J23Rik,0,0,0,0,0,0,0,0,0,0,0,0
ENSMUSG00000078430,Gm10936,0,0,0,0,0,0,0,0,0,0,0,0
ENSMUSG00000069516,Lyz2,0,0,0,1,0,0,0,0,0,0,0,0
ENSMUSG00000069515,Lyz1,0,0,0,0,0,0,0,0,0,0,0,0
ENSMUSG00000019899,Lama2,0,0,0,0,0,1,0,0,0,0,0,0
ENSMUSG00000112052,Gm17917,0,0,0,0,0,2,0,0,0,0,0,0
ENSMUSG00000112472,Gm48083,0,0,0,0,0,0,0,0,0,0,0,0
ENSMUSG00000101636,4930579H20Rik,0,0,0,0,0,0,0,0,0,0,0,0
ENSMUSG00002076490,#N/A,0,0,0,0,0,0,0,0,0,0,0,0
ENSMUSG00000103931,Gm36962,0,0,0,0,0,0,0,0,0,0,0,0
ENSMUSG00000112610,Gm30165,0,0,0,0,0,1,0,0,0,0,0,0
ENSMUSG00000112206,Gm30228,0,0,0,0,0,1,0,0,0,0,0,0
ENSMUSG00000112703,Gm18041,0,0,0,0,0,0,0,0,0,0,0,0
ENSMUSG00000112786,Gm47696,0,0,0,0,0,0,0,0,1,0,0,0
ENSMUSG00000112620,Gm18972,0,0,0,0,0,0,0,0,0,0,0,0
ENSMUSG00000064208,Gm10145,0,0,0,0,0,0,0,0,0,0,0,0
ENSMUSG00000112432,Gm18507,0,0,0,0,0,0,0,0,0,0,0,0
ENSMUSG00000055531,Cpsf6,3676,3639,3340,3130,3526,3123,3104,3968,3538,3385,3961,3602
ENSMUSG00000112728,Gm48903,1,0,0,0,0,0,0,0,0,0,0,0
ENSMUSG00000112796,Gm40770,0,0,0,1,0,0,2,0,1,0,0,0
ENSMUSG00000095826,Gm9002,1,1,0,0,1,0,0,0,0,0,0,1
ENSMUSG00000112344,Gm32141,0,0,0,0,0,0,0,0,0,0,0,0
ENSMUSG00000112399,Gm32235,0,0,0,0,0,0,0,0,0,0,1,0
ENSMUSG00000112081,Gm9004,0,0,0,0,0,0,0,0,0,0,0,0
ENSMUSG00000020037,Rfx4,0,0,0,0,1,2,0,0,0,0,0,0
ENSMUSG00000043800,Kifc5c-ps,0,0,0,0,0,0,0,0,2,0,0,0
ENSMUSG00000112476,Gm32365,0,0,0,0,0,0,0,0,0,0,0,0
ENSMUSG00002074857,#N/A,0,0,0,0,0,0,0,0,0,0,0,0
ENSMUSG00000020183,Cpm,410,417,354,390,440,283,480,590,433,374,319,263
ENSMUSG00000118970,#N/A,0,0,0,0,0,0,0,0,0,0,1,0
ENSMUSG00000035620,Ric8b,307,287,229,213,224,248,236,230,250,219,245,249
ENSMUSG00000050035,Fhl4,1,5,2,6,7,2,7,0,6,3,3,4
ENSMUSG00000060935,Tmem263,344,331,289,295,297,207,276,315,329,245,347,377
ENSMUSG00000049038,Mterf2,84,116,88,71,76,57,79,84,82,73,72,70
ENSMUSG00000020038,Cry1,1344,1367,1012,1096,950,517,1033,1214,1203,1123,1080,973
ENSMUSG00000111752,Gm38575,0,0,0,0,0,1,0,0,0,0,0,0
ENSMUSG00002075790,#N/A,0,0,0,0,0,0,0,0,0,0,0,0
ENSMUSG00000050490,Gm8394,2,5,0,0,1,4,4,1,1,2,5,0
ENSMUSG00002075019,#N/A,0,0,0,0,0,0,0,0,0,0,0,0
ENSMUSG00000037012,Hk1,2399,2580,1819,2007,1236,764,1699,2281,1744,1710,1495,1289
ENSMUSG00000020184,Mdm2,2800,3048,2489,2453,2416,2176,2089,2525,2497,2209,2327,2131
ENSMUSG00000085347,Hk1os,4,5,5,3,4,3,3,1,3,4,4,4
ENSMUSG00000060181,Slc35e3,186,204,161,214,199,109,163,154,165,157,170,162
ENSMUSG00000019889,Ptprk,265,321,255,301,207,138,260,271,234,246,175,165
ENSMUSG00002075684,#N/A,0,0,0,0,0,0,0,0,0,0,0,0
ENSMUSG00000020080,Hkdc1,1,0,0,0,0,1,0,1,0,0,2,1
ENSMUSG00000020079,Supv3l1,1594,1688,1339,1447,1570,820,1221,1479,1593,1505,1428,1368
ENSMUSG00000097129,4930507D05Rik,35,48,27,40,28,11,23,20,28,39,18,14
ENSMUSG00000049109,Themis,3537,3897,3259,3453,3830,3174,2824,3941,3130,3643,3471,3352
ENSMUSG00000020042,Btbd11,226,214,134,157,209,95,154,189,223,242,225,225
ENSMUSG00000111435,Gm47358,0,0,0,0,0,0,0,0,0,0,0,0
ENSMUSG00000020078,Vps26a,860,769,602,592,580,630,525,607,752,649,730,692
ENSMUSG00000111609,Gm6713,0,0,0,0,0,0,0,0,0,0,0,0
ENSMUSG00000112451,Gm6714,0,0,0,0,0,0,0,1,0,0,0,0
ENSMUSG00000112479,Gm21026,0,0,0,0,0,0,0,0,0,0,0,0
ENSMUSG00000112119,Gm47362,0,0,0,0,0,0,0,0,0,0,0,0
ENSMUSG00000112568,Gm47363,0,0,0,0,0,0,0,0,0,0,0,0
ENSMUSG00000111891,Gm47366,0,0,0,0,0,0,0,0,0,0,0,0
ENSMUSG00000111996,Gm47365,0,0,0,0,0,0,0,0,0,0,0,0
ENSMUSG00000112504,Gm47367,0,0,0,0,0,0,0,0,0,0,0,0
ENSMUSG00000112418,Gm9466,0,0,0,0,0,0,1,0,0,1,0,0
ENSMUSG00000111884,Gm19612,0,0,0,0,0,0,0,0,0,0,0,0
ENSMUSG00000112826,Gm1559,0,0,0,0,0,0,0,0,0,0,0,0
ENSMUSG00000112318,Gm6721,0,0,0,0,0,0,0,0,0,0,0,0
ENSMUSG00000020077,Srgn,22444,21957,18000,19337,14955,17991,18126,18707,22217,20755,14722,15020
ENSMUSG00000052798,Nup107,2030,2316,2301,2251,2804,1790,2189,2497,2176,1917,2414,2168
ENSMUSG00000112525,Gm47899,0,0,0,0,0,0,0,0,0,0,0,0
ENSMUSG00000056316,Gm9996,0,0,0,0,0,0,0,0,0,0,0,0
ENSMUSG00000001785,Pwp1,3115,3618,2770,2972,2847,1581,2650,2850,3291,3033,2734,2582
ENSMUSG00000112326,Gm19624,0,0,0,0,0,0,0,0,0,0,0,0
ENSMUSG00000112836,Gm47006,2,1,0,1,1,0,0,0,0,1,1,1
ENSMUSG00000052681,Rap1b,9321,8929,7838,7848,7211,6955,7564,7963,8984,8146,7444,7169
ENSMUSG00000112711,Gm32552,6,5,5,5,1,9,2,2,5,2,2,0
ENSMUSG00000038916,Soga3,0,0,1,0,0,1,0,0,0,0,0,0
ENSMUSG00000112458,Gm40773,7,8,11,21,7,5,8,10,19,8,1,4
ENSMUSG00000110723,Gm49353,0,0,0,0,0,0,0,0,0,0,0,0
ENSMUSG00000112500,4933411E08Rik,0,0,0,0,0,0,2,0,0,0,0,0
ENSMUSG00000102896,Gm37852,0,0,0,0,0,0,0,0,0,0,0,0
ENSMUSG00000112470,5330439M10Rik,0,0,0,0,0,1,0,0,0,0,0,0
ENSMUSG00000036955,Kif1bp,377,445,327,288,314,188,279,365,321,301,365,291
ENSMUSG00000105203,4933428P19Rik,1,0,0,1,0,1,0,0,0,1,1,0
ENSMUSG00000004360,9330159F19Rik,0,0,0,0,0,0,0,0,0,0,0,0
ENSMUSG00000110830,Gm46218,3,1,0,0,6,3,4,9,7,10,4,10
ENSMUSG00000020075,Ddx21,24951,26366,19538,20046,19610,14417,15040,19743,23676,21408,23395,20167
ENSMUSG00000112347,Gm47257,1,2,5,1,3,2,4,2,3,3,4,3
ENSMUSG00000035529,Prdm4,2499,2712,1794,1992,1609,985,1396,1881,2208,2104,1647,1561
ENSMUSG00000085111,Ascl4,3,0,0,2,2,2,4,3,4,2,1,1
ENSMUSG00000020076,Ddx50,1054,1218,984,1012,923,661,789,956,987,938,1014,930
ENSMUSG00000001783,Rtcb,5124,5851,4474,4848,4245,1993,4459,4825,5105,4596,4129,3727
ENSMUSG00000112613,Gm48175,0,0,0,0,0,0,0,0,0,0,0,0
ENSMUSG00000019883,Echdc1,291,317,225,264,342,275,262,309,306,259,402,323
ENSMUSG00000036923,Stox1,2,5,6,3,8,2,1,3,2,2,1,0
ENSMUSG00000112901,Gm18514,1,0,0,0,0,0,0,0,1,0,0,0
ENSMUSG00000105329,Mir7215,0,0,0,0,0,0,0,0,0,0,0,0
ENSMUSG00000112378,Gm47261,0,0,0,0,0,0,2,0,0,2,0,0
ENSMUSG00000050108,Bpifc,5,1,1,1,1,0,0,3,1,4,0,2
ENSMUSG00000097692,A230060F14Rik,1,2,1,3,4,2,1,0,1,1,3,5
ENSMUSG00000038876,Rnf146,792,881,761,741,661,612,752,727,801,747,756,648
ENSMUSG00000119317,#N/A,1,0,1,3,2,1,0,0,1,0,0,0
ENSMUSG00000111496,Gm47483,31,39,24,24,29,23,16,36,20,32,31,31
ENSMUSG00000111090,Gm30698,5,7,3,4,1,2,1,3,1,0,2,1
ENSMUSG00000111646,Gm40621,0,0,0,0,0,0,0,0,0,0,0,0
ENSMUSG00000088257,Gm24286,0,0,0,0,0,0,0,0,0,0,0,0
ENSMUSG00000111741,Gm18903,5,1,1,1,4,0,2,3,4,8,1,2
ENSMUSG00000001786,Fbxo7,394,434,271,320,371,178,343,310,435,381,377,322
ENSMUSG00000077265,Gm24430,0,0,0,0,0,0,0,0,0,0,0,0
ENSMUSG00000019880,Rspo3,1,2,0,2,0,0,4,4,7,4,1,1
ENSMUSG00000110986,Gm20276,0,0,0,1,1,2,1,0,0,0,1,1
ENSMUSG00000110831,Gm48159,0,0,0,0,0,1,1,0,0,0,4,0
ENSMUSG00000111046,Gm46197,0,0,0,0,0,0,0,0,0,0,0,0
ENSMUSG00000069682,Gm10275,11,30,17,33,26,103,27,41,9,8,29,2
ENSMUSG00000111427,Gm6390,0,1,1,0,0,1,0,0,0,0,0,0
ENSMUSG00000111195,Gm48215,0,0,0,0,0,0,0,0,0,0,0,0
ENSMUSG00000111554,Gm232,0,0,0,0,0,0,0,0,0,0,0,0
ENSMUSG00000111001,Gm8767,0,1,2,1,1,0,0,1,2,4,0,0
ENSMUSG00000110776,Gm2829,0,0,0,0,0,0,0,0,0,0,0,0
ENSMUSG00000075266,Cenpw,172,210,250,275,334,202,293,269,210,146,233,246
ENSMUSG00000059602,Syn3,0,0,1,0,0,2,0,0,0,0,1,0
ENSMUSG00000111047,Gm4780,1,0,0,1,0,4,0,0,0,0,0,0
ENSMUSG00000118726,#N/A,0,0,0,0,0,0,0,0,0,0,0,0
ENSMUSG00000112493,4930486F22Rik,0,0,0,0,0,0,0,0,0,0,0,0
ENSMUSG00000111397,Gm48232,0,1,0,1,0,2,0,4,1,1,1,1
ENSMUSG00000111211,Gm48233,2,1,1,1,0,3,0,0,1,2,1,0
ENSMUSG00000087256,Gm15990,0,0,0,0,0,0,0,0,0,0,0,0
ENSMUSG00000020044,Timp3,9,8,4,11,3,7,5,6,3,4,2,0
ENSMUSG00000112586,Gm6729,0,0,0,0,0,0,0,0,0,0,0,0
ENSMUSG00000090816,Gm6729,0,0,0,0,0,0,0,0,0,0,0,0
ENSMUSG00000112893,Gm9583,0,0,0,0,0,0,0,0,0,0,0,0
ENSMUSG00000112115,Gm21027,0,0,0,0,0,0,0,0,0,0,0,0
ENSMUSG00000020212,Mdm1,175,153,136,113,239,129,121,150,122,112,214,181
ENSMUSG00000112207,Gm48448,0,0,0,0,0,0,0,0,0,0,0,0
ENSMUSG00000112579,Gm48450,0,0,0,0,0,0,0,0,0,0,0,0
ENSMUSG00000112562,Gm48451,0,0,0,0,0,0,0,0,0,0,0,0
ENSMUSG00000112325,Gm48454,0,0,0,0,0,0,0,0,0,0,0,0
ENSMUSG00000112684,Gm47958,0,0,0,0,0,0,0,0,0,0,0,0
ENSMUSG00000112268,Gm48460,0,0,0,0,0,0,0,0,0,0,0,0
ENSMUSG00000112735,Gm46191,0,0,0,0,0,0,0,0,0,1,0,0
ENSMUSG00000112010,Gm48461,0,0,0,0,0,0,0,0,0,0,0,0
ENSMUSG00000112638,Gm48463,0,0,0,0,0,0,0,0,0,0,0,0
ENSMUSG00000020074,Ccar1,3484,3687,3267,3196,3464,4155,3325,3645,3160,3161,3656,3094
ENSMUSG00000112834,Gm48464,0,0,0,0,0,0,0,0,0,0,0,0
ENSMUSG00000074695,Il22,8,5,9,10,4,2,5,6,8,7,2,5
ENSMUSG00000111998,Gm48465,0,0,0,0,0,0,0,0,0,0,0,0
ENSMUSG00000112002,Gm9585,0,0,0,0,0,0,0,0,0,0,0,0
ENSMUSG00000112078,Gm48466,0,0,0,0,0,0,0,0,0,0,0,0
ENSMUSG00000112565,Gm48473,0,0,0,0,0,0,0,0,0,0,0,0
ENSMUSG00000112216,Gm32717,0,0,0,0,0,0,0,0,0,0,0,0
ENSMUSG00000112135,Gm9029,0,0,0,0,0,0,0,0,0,0,0,0
ENSMUSG00000112173,Gm48145,0,0,0,0,0,0,0,0,0,0,0,0
ENSMUSG00000112699,Gm48474,0,0,0,0,0,0,0,0,0,0,0,0
ENSMUSG00000080469,Snord98,4,0,4,4,2,0,0,0,0,2,3,0
ENSMUSG00000112614,Gm9030,0,0,0,0,0,0,0,0,0,0,0,0
ENSMUSG00000112359,Gm48475,0,0,0,0,0,0,0,0,0,0,0,0
ENSMUSG00000112806,Gm48146,13,16,7,16,10,8,16,16,14,17,12,16
ENSMUSG00000112282,Gm19989,0,0,0,0,0,0,0,0,0,0,0,0
ENSMUSG00000112252,Gm32802,0,0,0,0,0,0,0,0,0,0,0,0
ENSMUSG00000112098,Gm18876,0,0,0,0,0,0,0,0,0,0,0,0
ENSMUSG00000112561,Gm9035,0,0,0,0,0,0,0,0,0,0,0,0
ENSMUSG00000019792,Trmt11,858,915,716,641,746,585,727,782,805,750,724,658
ENSMUSG00000090308,Gm5174,0,0,0,0,0,0,0,0,0,0,0,0
ENSMUSG00000112666,Gm48485,0,0,0,0,0,0,0,0,0,0,0,0
ENSMUSG00000111080,Gm20300,43,50,47,41,53,34,35,41,42,50,42,57
ENSMUSG00000090461,Iltifb,0,0,1,0,1,0,0,2,3,2,1,0
ENSMUSG00000112814,Gm9040,0,0,0,0,0,0,0,0,0,0,0,0
ENSMUSG00000112419,Gm9044,0,0,0,0,0,0,0,0,0,0,0,0
ENSMUSG00000112027,Gm9045,0,0,0,0,0,0,0,0,0,0,0,0
ENSMUSG00000112781,Gm9046,0,0,0,0,0,0,0,0,0,0,0,0
ENSMUSG00000097412,1810014B01Rik,44,42,35,28,48,29,26,26,55,48,53,37
ENSMUSG00000112495,Gm9048,0,0,0,0,0,0,0,0,0,0,0,0
ENSMUSG00000112919,Gm9049,0,0,0,0,0,0,0,0,0,0,0,0
ENSMUSG00000055170,Ifng,125394,141764,104294,105767,102464,80626,84961,84257,93855,81109,81497,75411
ENSMUSG00000019791,Hint3,117,140,98,108,132,67,111,114,136,106,101,110
ENSMUSG00000111913,Gm49751,1273,1487,1093,933,1043,965,621,885,900,966,1343,1236
ENSMUSG00000112230,Ifngas1,0,0,1,0,1,0,0,0,5,0,0,0
ENSMUSG00000112029,Gm33337,0,0,0,0,0,0,0,0,0,0,0,0
ENSMUSG00000047146,Tet1,10,22,15,7,14,25,12,22,15,14,24,15
ENSMUSG00000112535,Gm47425,0,0,0,0,0,0,0,0,0,0,0,0
ENSMUSG00000112198,Gm4065,0,1,0,1,0,0,0,0,0,0,0,0
ENSMUSG00000112309,Gm48353,0,0,0,1,0,0,0,0,0,0,0,0
ENSMUSG00000112616,Gm47434,0,0,0,0,0,1,0,0,0,0,0,0
ENSMUSG00000084569,Gm26479,0,0,0,0,0,0,0,0,0,0,0,0
ENSMUSG00002075200,#N/A,0,0,0,0,0,0,0,0,0,0,0,0
ENSMUSG00000028630,Dyrk2,1434,1670,1487,1429,1397,834,1185,1468,1497,1485,1205,1171
ENSMUSG00000104443,4932442E05Rik,1,0,0,0,0,0,0,0,1,1,0,1
ENSMUSG00000112402,Gm10744,0,0,0,0,0,0,0,0,0,0,0,0
ENSMUSG00000098162,Gm26976,1,1,4,2,0,0,1,0,2,1,0,3
ENSMUSG00000112854,Gm38403,0,0,0,0,0,0,0,0,0,0,0,0
ENSMUSG00000112540,Gm47461,0,1,0,0,0,0,0,0,0,0,0,0
ENSMUSG00000112778,Gm33677,0,0,0,0,0,0,0,0,0,0,0,0
ENSMUSG00000112683,Gm18904,0,0,0,0,0,0,0,0,1,0,0,0
ENSMUSG00000100681,1700064J06Rik,0,0,0,0,0,0,0,0,0,0,0,0
ENSMUSG00000112609,Gm47480,0,0,0,0,0,0,0,0,0,0,0,0
ENSMUSG00000112161,Gm34045,0,0,0,0,0,0,0,0,0,0,0,0
ENSMUSG00000071253,Slc25a16,251,250,197,178,167,106,199,219,201,193,203,203
ENSMUSG00000088875,Gm25862,0,0,0,0,2,0,0,0,0,0,0,1
ENSMUSG00000080971,Gm16128,2,2,1,1,0,0,0,2,1,0,0,1
ENSMUSG00000020048,Hsp90b1,14767,15585,12425,12472,14080,14048,10771,13203,12179,11066,15728,13512
ENSMUSG00000084899,Gm15344,29,33,15,24,34,20,18,20,20,22,27,39
ENSMUSG00002076916,#N/A,0,0,0,0,0,0,0,0,0,0,0,0
ENSMUSG00000020114,Cand1,5674,6023,4832,4838,4992,2821,3651,4809,5594,5256,5074,4858
ENSMUSG00000112155,4930477N07Rik,0,0,0,0,0,0,0,0,0,0,0,0
ENSMUSG00000112199,Gm19090,0,0,0,0,0,0,0,0,0,0,0,0
ENSMUSG00000044937,Ttc41,13,18,25,14,19,13,13,29,16,10,10,15
ENSMUSG00000036875,Dna2,461,436,380,359,659,380,483,509,395,285,595,602
ENSMUSG00000056366,Fabp3-ps1,0,0,0,0,0,0,0,0,0,0,0,0
ENSMUSG00000112743,Gm49358,0,0,0,0,0,0,0,0,0,0,0,0
ENSMUSG00000054027,Nt5dc3,1832,1962,1622,1599,1317,627,1177,1567,1617,1627,1221,1254
ENSMUSG00000089959,Gm16268,3,7,3,2,3,0,1,1,1,3,1,1
ENSMUSG00000035459,Stab2,0,0,0,0,0,0,0,0,0,0,0,2
ENSMUSG00000039697,Ncoa7,563,592,453,406,523,532,434,614,629,639,755,628
ENSMUSG00000089881,Gm16280,0,0,0,0,0,0,0,0,0,0,0,0
ENSMUSG00000089775,Gm16270,0,0,0,0,0,0,0,0,0,0,0,0
ENSMUSG00002075780,#N/A,0,1,0,0,0,0,0,0,0,0,0,0
ENSMUSG00000110894,Gm48335,0,0,1,0,0,1,0,0,1,1,0,0
ENSMUSG00000089656,Gm16271,0,0,0,0,0,0,0,0,0,0,0,0
ENSMUSG00000111442,Gm48334,1,1,0,1,0,1,0,0,2,2,1,0
ENSMUSG00000089666,Gm16269,2,2,1,1,0,0,2,1,0,1,2,1
ENSMUSG00000020070,Rufy2,379,351,327,289,245,240,237,322,303,325,346,302
ENSMUSG00000110744,Gm5171,28,44,29,21,40,61,27,62,31,20,61,24
ENSMUSG00000084985,Gm16135,1,5,0,2,0,0,2,2,2,1,0,0
ENSMUSG00000047129,1700113H08Rik,0,0,0,0,0,0,0,0,0,0,0,0
ENSMUSG00000019789,Hey2,4,1,1,2,0,0,3,2,1,2,1,0
ENSMUSG00000110918,Gm48862,0,0,0,0,0,0,0,0,0,0,0,0
ENSMUSG00000119396,#N/A,0,0,0,0,0,0,0,0,0,0,0,0
ENSMUSG00000112213,4930555G07Rik,0,0,0,0,0,0,0,0,0,0,0,0
ENSMUSG00000111778,Gm30676,0,0,0,0,0,0,0,0,0,0,0,0
ENSMUSG00000118948,#N/A,0,0,0,0,0,0,0,0,0,0,0,0
ENSMUSG00000111396,Gm7333,0,0,0,0,0,0,0,0,0,0,0,0
ENSMUSG00000103862,Gm10764,0,0,0,0,0,1,0,0,0,0,0,0
ENSMUSG00000039684,Gm5422,8,11,7,4,1,2,1,5,5,13,4,4
ENSMUSG00000119409,#N/A,0,0,0,0,0,0,0,0,0,0,0,0
ENSMUSG00000020052,Ascl1,0,0,0,0,0,0,0,0,0,0,0,0
ENSMUSG00000112460,Gm48120,0,0,0,0,0,0,0,0,0,0,0,0
ENSMUSG00000000295,Hddc2,305,412,273,264,283,185,329,319,344,279,264,249
ENSMUSG00002075988,#N/A,0,0,0,0,0,0,0,0,0,0,0,0
ENSMUSG00000111664,Gm48865,25,18,19,30,11,11,12,35,24,22,18,9
ENSMUSG00000020069,Hnrnph3,348,343,366,323,501,682,413,419,335,329,537,423
ENSMUSG00000020051,Pah,0,0,0,0,0,1,0,0,0,0,0,0
ENSMUSG00000112536,Gm48195,0,0,0,0,0,0,0,0,0,0,0,0
ENSMUSG00000058934,Igf1os,0,0,0,0,0,0,0,0,0,0,0,0
ENSMUSG00000020072,Pbld2,1,2,1,3,2,1,1,1,1,2,1,1
ENSMUSG00000087030,Gm16143,0,0,0,0,0,0,0,0,0,0,1,0
ENSMUSG00000000296,Tpd52l1,0,0,0,0,0,0,0,0,0,0,1,0
ENSMUSG00000111256,Gm48094,0,0,0,0,0,0,0,0,0,0,0,0
ENSMUSG00000110960,Supt4b,0,4,1,2,1,0,2,1,1,3,2,1
ENSMUSG00000110758,Gm48092,0,0,0,0,0,0,0,0,0,0,0,0
ENSMUSG00000110976,Gm48093,0,0,0,0,0,0,0,0,0,0,0,0
ENSMUSG00000111865,Gm47687,0,0,0,0,1,1,0,0,0,0,0,0
ENSMUSG00000063760,Rnf217,3,4,9,8,8,3,7,1,4,5,3,12
ENSMUSG00000112338,Gm47693,0,0,0,0,0,0,0,0,0,0,0,0
ENSMUSG00000098068,Gm7909,0,0,0,0,1,0,0,0,0,0,1,0
ENSMUSG00000098038,Gm8793,0,0,0,0,0,0,0,0,0,0,0,0
ENSMUSG00000069670,Nkain2,0,0,0,0,0,0,0,0,0,0,0,0
ENSMUSG00000112866,Gm47704,0,0,0,0,0,1,0,0,0,0,0,0
ENSMUSG00000112906,Gm18189,0,0,0,0,0,0,0,0,0,0,0,0
ENSMUSG00000112367,A230081H15Rik,0,0,0,0,0,0,0,0,0,0,0,0
ENSMUSG00000112409,C030006N10Rik,0,0,0,0,0,2,0,0,0,0,0,0
ENSMUSG00000112511,Gm18704,0,0,0,0,0,0,0,0,0,0,0,0
ENSMUSG00000112075,Gm47700,0,0,0,0,0,0,0,0,0,0,0,0
ENSMUSG00000112914,Gm47702,0,0,0,0,0,0,0,0,0,0,0,0
ENSMUSG00000112469,Gm47823,0,0,0,0,0,0,0,0,0,0,0,0
ENSMUSG00000020053,Igf1,0,0,1,0,0,5,0,0,0,0,0,2
ENSMUSG00000112222,Tyms-ps,0,0,0,0,0,0,0,0,5,0,0,0
ENSMUSG00000112183,Gm48306,0,0,0,0,0,0,0,0,0,0,0,0
ENSMUSG00000112235,Gm48307,0,0,0,0,0,0,0,0,0,0,0,0
ENSMUSG00000112932,Gm48308,0,0,0,0,0,0,0,0,0,0,0,0
ENSMUSG00000035383,Pmch,0,0,0,0,0,0,0,0,0,0,0,0
ENSMUSG00000112129,Pbld1,0,0,1,0,0,1,0,0,1,0,1,0
ENSMUSG00000035365,Parpbp,158,147,142,140,300,199,189,188,146,140,230,244
ENSMUSG00000112374,Gm48072,0,0,0,0,0,0,0,0,0,0,0,0
ENSMUSG00000112026,Gm6653,3,6,1,4,9,9,1,8,5,2,4,4
ENSMUSG00000104481,Gm38063,0,0,0,0,0,0,0,0,0,0,0,0
ENSMUSG00000112406,4921515L22Rik,0,0,0,0,0,0,0,0,0,0,0,0
ENSMUSG00000036816,Atoh7,0,0,0,0,0,1,0,0,0,0,0,0
ENSMUSG00000019787,Trdn,0,0,0,0,0,1,0,0,0,0,0,0
ENSMUSG00000112897,Gm47831,0,0,0,0,0,0,0,0,0,0,0,0
ENSMUSG00000112182,Gm47845,0,0,0,0,0,0,0,0,0,0,0,0
ENSMUSG00000112707,D830005E20Rik,0,0,0,0,1,0,0,0,0,0,0,0
ENSMUSG00000112692,Gm19073,0,0,0,0,0,0,0,0,0,0,0,0
ENSMUSG00000112855,Gm47842,0,0,0,0,0,0,0,0,0,0,0,0
ENSMUSG00000112521,Gm29884,0,0,0,0,0,0,0,0,0,0,0,0
ENSMUSG00000111958,Gm47844,0,0,0,0,0,0,0,0,0,0,0,0
ENSMUSG00000111980,Gm20304,0,0,0,0,0,0,0,0,0,0,0,0
ENSMUSG00000035351,Nup37,570,650,692,637,943,439,810,711,630,542,711,711
ENSMUSG00000020067,Mypn,0,0,0,0,0,2,0,0,0,0,1,0
ENSMUSG00000112329,Gm47908,0,0,0,0,0,0,0,0,0,0,0,0
ENSMUSG00000088843,Gm26357,0,0,0,0,0,0,0,0,0,0,0,0
ENSMUSG00000045391,1700120B22Rik,0,1,0,1,1,0,0,0,0,0,0,0
ENSMUSG00000019785,Clvs2,0,0,0,0,0,3,0,0,0,0,0,0
ENSMUSG00000112248,Gm47910,0,0,0,0,3,1,0,0,0,0,0,0
ENSMUSG00000112369,Gm47911,0,0,0,0,0,0,0,0,0,0,0,0
ENSMUSG00000090087,Gm15939,0,0,0,0,0,2,0,0,0,0,0,0
ENSMUSG00000112656,Gm47929,0,0,0,0,0,0,0,0,0,0,0,0
ENSMUSG00000090298,Sult3a2,0,0,0,0,0,0,0,0,0,0,0,0
ENSMUSG00000071343,Gm10327,19,53,28,38,28,1,62,27,17,26,19,12
ENSMUSG00000069668,Sult3a1,0,0,0,0,0,0,0,0,0,0,0,0
ENSMUSG00000112447,Gm47935,0,0,0,1,0,0,0,0,0,0,0,0
ENSMUSG00000112534,Gm47940,0,0,0,0,0,0,0,0,0,0,0,0
ENSMUSG00000020056,Washc3,369,355,310,319,389,221,375,354,399,293,382,362
ENSMUSG00000112259,Gm17980,0,0,0,0,0,0,0,0,0,0,0,0
ENSMUSG00000112715,Gm48476,0,0,0,0,0,0,0,0,0,0,0,0
ENSMUSG00000039552,Rsph4a,0,0,0,0,0,0,0,0,0,0,0,0
ENSMUSG00000020057,Dram1,44,59,38,32,26,19,26,27,31,46,33,22
ENSMUSG00000020064,Herc4,1237,1220,1050,1025,1090,740,886,1035,1183,1159,1047,1029
ENSMUSG00000112411,Gm19337,1,1,2,1,3,3,2,4,2,2,2,3
ENSMUSG00000112759,Gm47615,1,2,2,0,2,0,0,3,0,4,1,1
ENSMUSG00000096991,Gm26789,0,0,0,0,0,0,1,0,0,0,0,0
ENSMUSG00000035311,Gnptab,4136,4336,3523,3247,2904,2134,2360,3329,3668,3350,2968,2739
ENSMUSG00000087429,Gm16235,0,0,0,0,0,0,0,1,1,0,0,0
ENSMUSG00000039531,Zup1,412,420,356,349,351,454,288,341,334,373,397,408
ENSMUSG00000111993,Gm48018,0,0,0,0,0,0,0,0,0,0,0,0
ENSMUSG00000112782,Gm7940,0,0,0,0,0,0,1,0,0,0,0,1
ENSMUSG00000112801,Gm48034,0,0,0,0,0,0,0,0,0,0,0,0
ENSMUSG00000112280,A830082N09Rik,35,37,30,14,36,41,21,41,24,30,44,42
ENSMUSG00000020063,Sirt1,1008,1289,1005,958,767,609,767,1018,1102,954,882,897
ENSMUSG00000085372,Gm16145,0,0,0,0,0,0,0,0,0,0,0,0
ENSMUSG00000019782,Rwdd1,723,706,517,566,693,395,624,554,776,628,602,630
ENSMUSG00000111905,Gm48045,23,21,13,17,14,5,29,15,25,22,20,16
ENSMUSG00000071340,Trappc3l,0,0,0,0,0,1,0,0,0,0,0,0
ENSMUSG00000036764,Dnajc12,42,27,31,35,46,28,31,34,36,28,37,36
ENSMUSG00000112572,Gm7530,0,0,0,0,1,0,0,0,0,1,0,0
ENSMUSG00000039508,Calhm4,0,0,0,0,0,3,0,0,0,0,0,0
ENSMUSG00000048185,Gm7075,0,0,0,1,0,0,1,0,0,2,0,1
ENSMUSG00000049872,Calhm5,0,0,2,0,0,0,0,2,0,0,2,0
ENSMUSG00000046031,Calhm6,31,45,53,50,50,16,71,86,47,42,25,30
ENSMUSG00000039497,Dse,246,215,245,207,199,97,200,281,229,163,186,174
ENSMUSG00000111361,Gm47445,0,6,1,1,1,2,1,4,0,5,2,1
ENSMUSG00000111876,Gm18346,0,0,0,0,0,0,0,0,0,0,0,0
ENSMUSG00000111149,Gm26564,1,0,0,0,0,0,2,0,0,1,0,0
ENSMUSG00000111563,Gm47485,0,0,0,0,0,0,0,0,0,0,0,0
ENSMUSG00000047514,Tspyl1,894,902,809,797,682,273,728,736,885,744,670,588
ENSMUSG00000060843,Ctnna3,0,0,0,0,0,0,1,0,0,0,0,0
ENSMUSG00000062561,Gm10118,0,0,0,0,0,0,1,0,0,0,0,0
ENSMUSG00000042846,Lrrtm3,0,0,0,0,0,1,0,0,0,0,0,0
ENSMUSG00002075335,#N/A,0,0,0,0,0,0,0,0,0,0,0,0
ENSMUSG00000060002,Chpt1,97,106,76,68,81,86,92,107,88,99,87,83
ENSMUSG00000100528,Gm28881,0,0,0,0,0,0,0,0,0,0,0,0
ENSMUSG00000112114,Gm7540,0,0,0,0,0,0,0,0,0,0,0,0
ENSMUSG00000112341,Gm4796,3,7,2,7,10,3,3,5,1,3,0,3
ENSMUSG00000112720,Gm19116,0,0,0,0,0,0,0,0,0,0,0,0
ENSMUSG00000112913,Gm30853,0,0,0,0,0,0,0,0,0,0,0,0
ENSMUSG00000100000,1700023F02Rik,0,0,0,0,2,0,1,0,0,0,0,0
ENSMUSG00000112210,4930407I19Rik,0,0,0,0,0,0,0,0,0,0,0,0
ENSMUSG00000065705,Gm22829,0,0,0,0,0,0,0,0,0,0,0,0
ENSMUSG00000077439,Gm22594,0,0,0,0,0,0,0,0,0,0,0,0
ENSMUSG00000101338,Gm28139,0,0,0,0,0,0,0,0,0,0,0,0
ENSMUSG00000112247,Gm47894,0,0,0,0,0,0,0,1,0,0,0,0
ENSMUSG00000020059,Sycp3,2,1,5,1,2,0,1,2,1,1,0,3
ENSMUSG00000112202,Gm31181,0,0,0,0,0,0,0,0,0,0,0,0
ENSMUSG00000112159,Gm18777,1,0,0,0,0,0,0,0,0,0,0,0
ENSMUSG00000112383,Gm47895,0,0,0,0,0,0,0,0,0,0,0,0
ENSMUSG00000112425,Gm47896,0,0,0,0,0,0,0,0,0,0,0,0
ENSMUSG00000112514,Gm47897,0,0,0,0,0,0,0,0,0,0,0,0
ENSMUSG00000112379,Gm47900,0,0,0,0,0,0,0,0,0,0,0,0
ENSMUSG00000112267,Gm47903,0,0,0,0,0,0,0,0,0,0,0,0
ENSMUSG00000097134,1110002J07Rik,8,25,42,34,22,11,21,32,9,10,3,2
ENSMUSG00000097921,Gm26576,6,1,6,8,3,3,5,9,3,4,1,0
ENSMUSG00000112925,Gm31763,0,0,0,2,0,0,0,0,0,0,0,3
ENSMUSG00000019873,Reep3,3104,3402,3049,2997,2507,1960,2432,3148,2948,2781,2062,1919
ENSMUSG00000039480,Nt5dc1,824,887,710,775,806,518,674,764,998,834,723,692
ENSMUSG00000110791,Gm47508,3,1,4,1,2,5,2,3,0,3,2,1
ENSMUSG00000097274,Gm47512,4,3,8,1,8,8,8,11,3,8,8,7
ENSMUSG00000039485,Tspyl4,33,32,50,47,32,10,32,27,30,23,23,14
ENSMUSG00000039462,Col10a1,0,0,0,0,0,0,0,0,0,0,0,0
ENSMUSG00000020061,Mybpc1,0,1,0,0,0,1,1,1,2,0,1,0
ENSMUSG00000112841,Gm48752,0,0,0,0,0,0,0,0,0,0,0,0
ENSMUSG00000112231,Gm8435,0,0,0,0,0,0,0,1,0,0,1,0
ENSMUSG00000112428,Gm48106,1,2,2,0,0,0,1,1,3,2,0,1
ENSMUSG00000019779,Frk,0,0,0,1,1,0,0,0,0,0,0,0
ENSMUSG00000112869,Gm48108,1,0,0,0,0,0,0,0,0,0,1,0
ENSMUSG00000112885,Gm29807,0,0,0,0,0,0,0,0,1,0,0,0
ENSMUSG00000111042,Gm18252,0,0,0,0,0,0,0,0,0,0,0,0
ENSMUSG00000110935,Gm8834,0,0,0,0,0,0,0,0,0,0,0,0
ENSMUSG00000077749,Gm26341,0,0,0,0,0,0,0,0,0,0,0,0
ENSMUSG00000111216,Gm47044,0,0,0,0,0,0,1,0,0,0,0,0
ENSMUSG00000110837,Gm18729,0,0,0,0,0,0,0,0,0,0,0,0
ENSMUSG00000111753,1700054O05Rik,0,0,0,0,0,0,0,0,0,0,0,0
ENSMUSG00000063953,Amd2,0,3,4,6,4,20,4,4,2,4,7,1
ENSMUSG00000111550,Gm49446,0,0,0,0,0,0,0,0,0,0,0,0
ENSMUSG00000110865,Gm47046,0,0,0,0,0,0,0,0,0,0,0,0
ENSMUSG00000110987,Gm47048,0,0,0,0,0,0,0,0,0,0,0,0
ENSMUSG00000110731,Gm47049,0,0,0,0,0,0,0,0,0,0,0,0
ENSMUSG00000004359,Spic,0,0,0,0,0,0,0,0,0,0,0,0
ENSMUSG00000111919,Gm46192,0,0,0,0,0,0,0,0,0,0,0,0
ENSMUSG00002076134,#N/A,0,0,0,0,0,0,0,0,0,0,0,0
ENSMUSG00000112467,Gm48144,0,0,0,0,0,0,0,0,0,0,0,0
ENSMUSG00000069540,Gm4925,0,2,3,4,0,2,3,2,3,0,0,0
ENSMUSG00000044499,Hs3st5,0,0,0,0,0,2,0,0,1,0,1,0
ENSMUSG00000111231,Gm47054,0,0,0,0,0,0,0,0,0,0,0,0
ENSMUSG00000088423,Gm22554,0,0,0,0,0,0,0,0,0,0,0,0
ENSMUSG00000060904,Arl1,1633,1508,1366,1384,1272,891,1229,1417,1799,1478,1292,1225
ENSMUSG00000037876,Jmjd1c,2127,2191,1684,1687,1504,1339,1035,1738,1606,1877,1734,1460
ENSMUSG00000089498,Gm26359,0,0,0,0,0,0,0,0,0,0,0,0
ENSMUSG00000019777,Hdac2,4175,4524,3259,3336,3931,3699,2981,3514,4136,3720,4320,3855
ENSMUSG00000103299,Gm38231,0,0,0,0,0,0,0,0,0,0,0,0
ENSMUSG00000075000,Nrbf2,200,254,209,197,168,85,151,207,208,204,162,147
ENSMUSG00000069662,Marcks,1444,1365,1003,1013,1044,644,917,978,1252,1168,827,809
ENSMUSG00000112314,Gm49454,2,0,2,2,2,0,0,0,0,2,0,0
ENSMUSG00000111908,Gm47516,1,0,0,0,0,0,0,0,0,0,0,0
ENSMUSG00000046463,5930403N24Rik,1,0,4,1,4,7,0,3,4,1,2,0
ENSMUSG00000112848,Gm32023,0,3,3,6,2,0,0,0,1,2,1,0
ENSMUSG00000110799,4930543K20Rik,0,0,0,0,0,7,0,0,0,0,0,0
ENSMUSG00000112726,Gm47531,0,0,0,0,0,0,0,0,0,0,0,0
ENSMUSG00000097742,Gm26535,0,0,0,0,0,0,0,0,0,0,0,0
ENSMUSG00000112120,Gm32255,281,294,216,195,198,101,138,123,275,221,177,176
ENSMUSG00000111549,Gm48172,0,0,0,0,0,0,0,0,0,0,0,0
ENSMUSG00002076892,#N/A,0,0,0,0,0,0,0,0,0,0,0,0
ENSMUSG00000111488,Gm31378,0,0,0,0,0,0,0,0,0,0,0,0
ENSMUSG00000111234,4930591E09Rik,0,0,0,0,0,0,0,0,0,0,0,0
ENSMUSG00000077576,Gm24889,0,0,0,0,0,0,0,0,0,0,0,0
ENSMUSG00002076946,#N/A,0,0,0,0,0,0,0,0,0,0,0,0
ENSMUSG00000111048,Gm48173,0,0,0,0,0,0,0,0,0,0,0,0
ENSMUSG00000111208,Gm48197,0,0,0,0,0,0,0,0,0,0,0,0
ENSMUSG00000110782,Gm48198,0,0,0,0,0,0,0,0,0,0,0,0
ENSMUSG00000119503,#N/A,0,0,0,0,0,0,0,0,0,0,0,0
ENSMUSG00000094311,Rfpl4b,0,0,0,0,0,0,0,0,0,0,0,0
ENSMUSG00000111431,Gm17779,0,0,0,0,0,0,0,0,0,0,0,0
ENSMUSG00000037868,Egr2,15172,15971,10781,10788,8309,5557,7811,9211,12064,11612,5811,5526
ENSMUSG00000057134,Ado,3136,3367,2491,2519,2589,1079,1927,2144,3140,2805,1976,1944
ENSMUSG00000112141,4930563J15Rik,1,0,0,0,0,0,0,1,0,0,1,0
ENSMUSG00000074999,Gm10797,23,16,14,15,10,9,3,15,14,13,4,10
ENSMUSG00000112558,Gm32364,16,23,15,12,8,11,2,11,11,10,5,6
ENSMUSG00000112097,Gm32515,0,2,2,1,2,0,0,0,0,2,2,0
ENSMUSG00000112396,Gm47574,25,25,27,10,13,31,7,14,25,20,7,6
ENSMUSG00000112619,1700030E10Rik,0,0,0,0,1,0,0,0,0,0,0,0
ENSMUSG00000112537,4930543I11Rik,0,0,0,0,0,0,0,0,0,0,0,0
ENSMUSG00000116971,Gm49766,0,0,0,0,0,0,0,0,0,0,0,0
ENSMUSG00000111956,Gm29774,0,0,0,0,0,0,0,0,0,0,0,0
ENSMUSG00000037855,Zfp365,118,138,126,105,140,105,129,147,125,116,138,152
ENSMUSG00000004356,Utp20,8732,9459,7424,7448,7175,4402,4566,7250,8103,7816,7376,6828
ENSMUSG00000112899,4930521O17Rik,0,0,0,0,0,0,0,0,0,0,0,0
ENSMUSG00000019846,Lama4,0,0,1,0,1,0,1,0,0,0,0,0
ENSMUSG00000020062,Slc5a8,0,0,0,0,2,1,0,0,0,0,0,0
ENSMUSG00000051736,Fam229b,9,5,5,10,8,5,16,11,14,8,12,7
ENSMUSG00000019845,Tube1,110,100,126,105,164,87,130,181,111,85,163,174
ENSMUSG00000037846,Rtkn2,8,7,5,10,11,10,7,22,12,8,16,6
ENSMUSG00000062074,Ccn6,0,0,0,0,0,0,0,0,0,0,0,0
ENSMUSG00000111055,D030034A15Rik,0,0,0,0,0,1,0,0,0,0,0,0
ENSMUSG00000086838,Gm16212,0,0,0,0,0,0,0,0,0,0,0,0
ENSMUSG00000111877,Gm6477,32,46,22,30,35,57,31,28,31,30,31,23
ENSMUSG00000111008,Gm31562,0,0,0,0,0,1,0,0,0,0,0,0
ENSMUSG00000111183,Gm48486,0,0,0,0,0,0,0,0,0,0,0,0
ENSMUSG00000019947,Arid5b,214,268,325,331,199,125,226,340,268,224,271,210
ENSMUSG00000112275,Gm47078,0,0,0,0,1,8,0,0,0,0,1,0
ENSMUSG00000112157,4930545H06Rik,0,0,0,0,0,0,0,0,0,0,0,0
ENSMUSG00000019945,Cabcoco1,2,8,1,6,3,8,3,6,4,7,1,1
ENSMUSG00000112793,Gm32872,0,0,0,0,0,0,0,0,0,0,0,0
ENSMUSG00000112434,Gm7594,0,0,0,0,0,0,0,0,0,0,0,0
ENSMUSG00000060044,Tmem26,2,2,2,4,2,0,1,2,3,2,3,0
ENSMUSG00000112333,1700048P04Rik,0,0,0,0,0,0,0,0,0,0,0,0
ENSMUSG00000112331,Gm33035,0,0,0,0,0,0,0,0,0,0,0,0
ENSMUSG00000112083,Gm47107,0,0,0,0,0,0,0,0,0,0,0,0
ENSMUSG00000077315,Gm24172,0,0,0,0,0,0,0,0,0,0,0,0
ENSMUSG00000111941,Gm33263,0,0,0,0,0,0,0,0,0,0,0,0
ENSMUSG00000035189,Ano4,0,0,0,0,0,0,0,0,0,0,0,0
ENSMUSG00000074802,Gas2l3,252,270,332,272,542,456,338,468,231,233,426,385
ENSMUSG00000019944,Rhobtb1,32,25,10,17,7,11,15,22,22,27,24,23
ENSMUSG00000090622,A930033H14Rik,0,1,0,2,2,0,2,1,2,1,0,5
ENSMUSG00000112798,Gm40685,0,0,0,0,0,0,0,0,0,0,0,0
ENSMUSG00000112322,Gm48115,0,0,0,0,0,0,0,0,0,0,0,0
ENSMUSG00000112672,Gm48118,0,0,0,0,0,0,0,0,0,0,0,0
ENSMUSG00000102382,Gm38141,0,0,0,0,0,0,0,0,0,0,0,0
ENSMUSG00000019843,Fyn,11382,12344,9845,10109,7111,4779,7180,8517,10912,10102,6667,6372
ENSMUSG00000085799,Gm6963,0,0,0,0,0,0,0,0,0,0,0,0
ENSMUSG00000087014,Gm16364,0,0,0,0,0,0,0,0,0,0,0,0
ENSMUSG00000086915,Gm16364,0,0,0,0,0,0,1,0,0,0,1,0
ENSMUSG00000056758,Hmga2,0,0,0,0,1,1,1,0,1,1,0,0
ENSMUSG00000047638,Nr1h4,0,0,0,0,0,0,0,0,2,0,0,0
ENSMUSG00000034764,1700006J14Rik,0,0,0,0,0,0,1,0,0,0,0,1
ENSMUSG00000112272,Gm48087,0,0,0,0,0,0,0,0,0,0,0,0
ENSMUSG00000090191,9230105E05Rik,0,0,0,1,1,0,1,0,0,0,0,0
ENSMUSG00000019842,Traf3ip2,530,569,379,351,412,219,434,513,430,398,432,390
ENSMUSG00000076448,Mir763,0,0,0,0,0,0,0,0,0,0,0,0
ENSMUSG00000088924,Gm24298,0,0,0,0,0,0,0,0,0,0,0,0
ENSMUSG00000112716,4930471E19Rik,0,0,0,0,0,0,0,0,0,0,0,0
ENSMUSG00000103213,Gm38289,0,0,0,0,0,0,0,0,0,0,0,0
ENSMUSG00000103017,Gm37505,0,0,0,0,0,0,0,0,0,0,0,0
ENSMUSG00000112757,Gm10743,0,0,0,0,0,1,0,0,0,0,0,0
ENSMUSG00000019942,Cdk1,1455,1715,1854,1874,3279,1582,2526,2448,1511,1343,2277,2163
ENSMUSG00000112509,Gm47211,0,0,0,0,0,0,0,0,0,0,0,0
ENSMUSG00000019935,Slc17a8,16,10,17,8,8,3,4,6,8,1,8,5
ENSMUSG00000087177,E130307A14Rik,35,22,33,34,30,16,29,44,29,42,49,31
ENSMUSG00000111907,Gm48202,0,0,0,0,0,0,0,0,0,0,0,0
ENSMUSG00000111358,2900078I11Rik,0,0,1,1,1,1,1,0,0,2,3,1
ENSMUSG00000111847,Gm8899,7,5,4,2,2,4,4,3,1,4,4,2
ENSMUSG00000044544,4921513I03Rik,0,0,0,0,0,0,0,0,0,0,0,0
ENSMUSG00000051236,Msrb3,6,4,4,9,4,1,9,7,4,9,3,2
ENSMUSG00000086444,Gm15961,0,0,0,0,0,0,0,0,0,0,0,0
ENSMUSG00000087480,Gm15910,2,3,13,5,7,5,5,7,4,2,3,1
ENSMUSG00000086522,Gm4473,0,0,0,0,0,0,0,0,0,0,0,0
ENSMUSG00000069539,Scyl2,2172,2364,2215,2251,2342,1698,1673,2386,2038,1993,1974,1629
ENSMUSG00000097383,1500026H17Rik,4,2,1,0,0,1,1,2,1,1,0,2
ENSMUSG00000048661,Lemd3,822,867,720,761,594,390,615,740,828,710,678,631
ENSMUSG00000082936,Gm16166,1,1,1,0,1,1,0,3,0,3,0,1
ENSMUSG00002075902,#N/A,0,0,0,0,0,0,0,0,0,0,0,0
ENSMUSG00000112192,Gm48341,0,0,0,0,0,0,0,0,0,0,0,0
ENSMUSG00000019948,Actr6,249,285,238,218,265,163,284,296,246,220,246,240
ENSMUSG00000019841,Rev3l,637,592,498,474,667,523,313,517,442,555,827,737
ENSMUSG00000020218,Wif1,0,0,0,0,0,0,0,0,0,0,0,0
ENSMUSG00000080384,Gm22105,0,0,0,0,0,0,0,0,0,0,0,0
ENSMUSG00000112780,Gm48410,0,0,0,0,0,0,0,0,0,0,0,0
ENSMUSG00000081608,Gm16210,5,2,3,1,0,1,2,3,7,3,4,3
ENSMUSG00000112431,Gm10741,0,0,0,0,0,0,0,0,0,0,0,0
ENSMUSG00000112415,Gm48426,0,0,0,0,0,1,0,0,0,0,0,0
ENSMUSG00000112846,4930432O09Rik,0,0,0,0,0,0,0,0,0,0,0,0
ENSMUSG00000112871,Gm35404,0,0,0,0,0,0,0,0,0,0,0,0
ENSMUSG00000096687,Mfsd4b4,146,163,127,130,186,126,97,125,146,132,200,196
ENSMUSG00000097890,4930547M16Rik,1,0,1,1,3,0,1,2,0,1,0,3
ENSMUSG00000111355,Gm8911,0,1,0,0,0,0,1,0,0,0,0,0
ENSMUSG00000039339,Mfsd4b2,0,0,0,0,0,0,0,0,0,0,0,0
ENSMUSG00000111620,Gm31848,0,0,0,0,0,0,0,0,0,0,0,0
ENSMUSG00000052302,Tbc1d30,127,153,183,198,113,73,114,178,152,99,121,105
ENSMUSG00000111940,Gm4478,5,3,4,1,4,2,10,8,2,4,7,0
ENSMUSG00000112014,Gm48435,0,0,0,0,0,0,0,0,0,0,0,0
ENSMUSG00000071335,Mfsd4b3-ps,0,0,0,0,0,0,0,0,0,0,0,0
ENSMUSG00000019951,Uhrf1bp1l,2638,2816,2319,2120,2198,1671,1624,2424,2424,2206,2358,2120
ENSMUSG00000119673,#N/A,0,0,0,0,0,0,0,0,0,0,0,0
ENSMUSG00000034707,Gns,796,852,508,560,512,281,412,510,782,743,655,729
ENSMUSG00000112209,Gm18730,0,0,0,0,0,0,0,0,0,0,0,0
ENSMUSG00000025795,Rassf3,1086,1146,1278,1321,1684,877,1253,1426,1220,1093,775,757
ENSMUSG00000112009,Gm48591,0,2,1,0,0,3,1,5,0,1,2,0
ENSMUSG00000038528,Mfsd4b5,0,0,0,0,0,0,0,0,0,0,0,0
ENSMUSG00000112539,Gm40787,0,0,0,0,0,0,0,0,0,0,0,0
ENSMUSG00000111926,Gm46204,0,0,0,0,0,0,1,0,0,0,0,0
ENSMUSG00000038522,Mfsd4b1,0,0,0,0,0,0,0,2,0,0,0,0
ENSMUSG00000111608,Gm48839,0,0,0,0,0,0,0,0,0,0,0,0
ENSMUSG00000112527,Gm35696,0,0,0,0,0,0,2,0,0,0,0,0
ENSMUSG00000096171,Gm8055,11,20,20,21,17,5,33,20,17,8,21,5
ENSMUSG00000118419,Gm50454,0,0,0,0,0,0,0,0,0,0,0,0
ENSMUSG00000019838,Slc16a10,384,350,248,225,299,172,228,237,287,257,379,383
ENSMUSG00000077200,Gm25613,0,0,0,0,0,0,0,0,0,0,0,0
ENSMUSG00000110781,Gm31992,0,0,0,0,0,0,0,0,0,0,0,0
ENSMUSG00000111045,Gm47598,1,1,0,0,0,4,0,0,0,0,0,0
ENSMUSG00000020115,Tbk1,1287,1322,1018,969,876,671,822,998,1126,1075,964,883
ENSMUSG00000034667,Xpot,4411,4879,4627,4375,3899,2279,3206,4156,4307,3799,3789,3639
ENSMUSG00002076911,#N/A,0,0,0,0,0,0,0,0,0,0,0,0
ENSMUSG00000038510,Rpf2,2227,2692,2036,1941,2248,3019,1954,2096,2330,2203,2320,2081
ENSMUSG00000102632,Gm37786,3,10,2,1,2,3,4,2,0,4,2,1
ENSMUSG00000047642,D930020B18Rik,9,9,21,14,2,2,12,6,14,7,0,3
ENSMUSG00000112526,Gm35865,0,0,0,0,0,0,0,0,0,0,0,0
ENSMUSG00000053684,BC048403,615,574,464,442,476,365,466,533,599,530,536,493
ENSMUSG00000019837,Gtf3c6,832,827,631,593,700,710,649,727,801,728,831,685
ENSMUSG00002074875,#N/A,0,0,0,0,0,0,0,0,0,0,0,0
ENSMUSG00000106147,Rnu3a,0,0,0,0,0,0,0,0,0,0,0,0
ENSMUSG00000111665,A930033M14Rik,0,0,0,0,0,0,2,0,1,0,0,0
ENSMUSG00000111213,Gm47867,0,0,1,1,0,0,1,0,1,0,0,0
ENSMUSG00000075232,Amd1,885,968,733,718,824,490,621,758,846,792,792,743
ENSMUSG00000111788,Gm8948,0,3,1,0,0,0,0,0,0,0,0,0
ENSMUSG00000020121,Srgap1,15,22,24,14,25,12,11,19,19,10,11,7
ENSMUSG00000112596,Gm48804,0,0,0,1,1,3,2,0,0,0,0,0
ENSMUSG00000112184,Gm48826,0,0,0,0,0,0,0,0,0,0,0,0
ENSMUSG00000111973,Gm48827,1,0,0,0,0,0,0,0,0,0,0,0
ENSMUSG00000112815,Gm48828,0,0,0,0,0,0,0,0,0,0,0,0
ENSMUSG00000034620,Rxylt1,974,1189,889,945,1055,810,998,1147,1117,1012,1074,863
ENSMUSG00000111952,Gm4489,0,0,0,0,0,0,0,0,0,0,0,0
ENSMUSG00000098138,Gm9081,7,18,9,15,7,2,15,12,3,5,4,1
ENSMUSG00000112305,Gm48875,0,0,0,0,0,0,0,0,0,0,0,0
ENSMUSG00000112774,Gm36041,0,0,0,0,1,0,0,0,1,0,0,0
ENSMUSG00000038481,Cdk19,63,56,76,90,85,52,81,116,83,82,85,85
ENSMUSG00000112873,Gm48877,0,0,0,0,0,0,0,0,0,0,0,0
ENSMUSG00000038491,Cdk19os,0,0,0,0,0,0,0,0,0,0,0,0
ENSMUSG00000111251,Gm18671,2,5,1,1,0,1,1,0,0,2,0,0
ENSMUSG00000020123,Avpr1a,4,8,18,11,19,12,8,13,16,26,22,17
ENSMUSG00000111108,Gm17795,1,0,0,0,0,0,0,0,0,0,0,0
ENSMUSG00000112794,Gm48878,1,0,0,1,1,1,0,1,1,2,0,1
ENSMUSG00000112095,A130077B15Rik,0,0,0,0,0,0,0,0,0,0,0,0
ENSMUSG00000098522,Mir6412,0,0,0,0,0,0,0,0,0,0,0,0
ENSMUSG00000019834,Slc22a16,0,0,0,0,0,0,0,0,0,0,0,0
ENSMUSG00000034613,Ppm1h,471,505,329,433,359,158,349,408,427,411,447,411
ENSMUSG00000099225,Mir8104,0,0,0,0,0,0,0,0,0,0,0,0
ENSMUSG00000112417,A430028G04Rik,0,3,2,2,0,0,0,1,0,4,0,0
ENSMUSG00000111957,Gm47582,0,0,0,0,0,0,0,0,0,0,0,0
ENSMUSG00000063428,Ddo,0,0,0,0,1,0,0,0,0,0,0,0
ENSMUSG00000112220,Gm36208,0,2,4,0,0,0,0,1,0,0,0,1
ENSMUSG00000112237,D630033A02Rik,32,39,32,34,44,26,29,26,38,22,35,48
ENSMUSG00000065406,Mirlet7i,0,0,0,0,0,0,0,0,0,0,0,0
ENSMUSG00000045555,Mettl24,0,0,0,0,0,0,0,0,0,0,0,1
ENSMUSG00000038446,Cdc40,1821,2026,1622,1602,1690,1422,1346,1614,1834,1607,1665,1601
ENSMUSG00002076954,#N/A,2,0,0,0,0,0,0,0,0,0,0,1
ENSMUSG00000019831,Wasf1,0,2,6,2,5,0,1,0,0,0,3,0
ENSMUSG00000111098,Gm48057,0,0,0,0,0,0,0,0,0,0,0,0
ENSMUSG00000110889,Gm19611,0,0,0,0,0,1,0,0,0,0,0,0
ENSMUSG00000046922,Gpr6,0,0,0,0,0,0,0,0,0,0,0,0
ENSMUSG00000111576,Gm32284,0,0,0,0,0,0,0,0,0,0,0,0
ENSMUSG00000111587,Gm32338,0,0,0,0,0,0,0,0,0,0,1,0
ENSMUSG00000038417,Fig4,566,681,516,526,534,427,469,518,625,524,535,497
ENSMUSG00000119191,#N/A,0,0,0,0,0,0,0,0,0,0,0,0
ENSMUSG00000091415,Ak9,0,0,0,0,0,2,0,0,0,0,0,0
ENSMUSG00000110822,Gm18305,0,0,0,0,0,1,0,0,0,0,0,0
ENSMUSG00000111601,Gm18986,0,0,0,0,0,0,0,0,0,0,0,0
ENSMUSG00000119364,#N/A,0,0,0,0,0,0,0,0,0,0,0,0
ENSMUSG00000111315,Gm47473,0,0,0,0,0,0,0,0,0,1,0,0
ENSMUSG00002076974,#N/A,0,0,0,0,0,0,0,0,0,0,0,0
ENSMUSG00000019826,Zbtb24,515,558,378,416,331,188,371,373,518,420,343,359
ENSMUSG00000058589,Anks1b,0,1,1,0,0,3,0,0,0,0,1,0
ENSMUSG00000112140,Gm5780,7,8,2,6,5,2,0,10,2,1,0,5
ENSMUSG00002075767,#N/A,0,0,0,0,0,0,0,0,0,0,0,0
ENSMUSG00000112153,Gm47591,0,0,0,0,0,0,0,0,0,0,0,0
ENSMUSG00000111909,Gm18670,0,0,0,0,0,0,0,0,0,0,0,0
ENSMUSG00000112507,Gm47589,0,0,0,0,0,0,0,0,0,0,0,0
ENSMUSG00000112015,Gm47592,0,0,0,0,0,0,0,0,0,0,0,0
ENSMUSG00000112601,Gm47590,0,0,0,0,0,0,0,0,0,0,0,0
ENSMUSG00000034602,Mon2,1616,1757,1301,1261,1262,618,957,1352,1378,1329,1293,1225
ENSMUSG00000019979,Apaf1,518,585,638,666,545,266,505,720,423,444,466,508
ENSMUSG00000087966,Gm25390,0,0,0,0,0,0,0,0,0,0,0,0
ENSMUSG00000019975,Ikbip,23,20,19,23,25,25,32,33,16,18,23,15
ENSMUSG00000019823,Mical1,928,894,685,658,528,230,501,673,830,673,536,530
ENSMUSG00000061904,Slc25a3,9528,11177,8623,9016,8823,3852,9013,7962,9201,8151,8082,7698
ENSMUSG00000077167,Gm24119,12,22,12,18,10,1,12,15,9,11,15,14
ENSMUSG00000020124,Usp15,2265,2364,1835,1897,2053,1786,1504,1841,2063,2070,2101,1909
ENSMUSG00000019822,Smpd2,49,62,54,44,60,15,65,47,52,55,54,60
ENSMUSG00000112879,Gm47726,1,0,1,0,3,0,1,0,1,0,0,1
ENSMUSG00000112294,Gm4129,8,6,12,7,7,1,4,17,5,3,1,6
ENSMUSG00002076638,#N/A,0,0,0,0,0,0,0,0,0,0,0,0
ENSMUSG00000078451,Ppil6,2,0,1,0,0,0,0,0,1,0,0,0
ENSMUSG00000044071,Tafa2,1,0,0,0,2,3,0,0,1,0,0,1
ENSMUSG00000084461,Gm22958,0,0,0,0,0,0,0,0,0,0,0,0
ENSMUSG00000019818,Cd164,3874,3698,3481,3267,3216,2831,3154,3589,3697,3461,3245,3114
ENSMUSG00000112036,Gm47801,0,0,1,0,0,0,0,0,1,0,0,0
ENSMUSG00000111945,Gm19169,0,0,0,0,0,0,0,0,0,0,0,0
ENSMUSG00000112603,Gm18510,0,0,0,0,0,0,0,0,0,0,0,0
ENSMUSG00000112250,Gm47837,0,0,0,0,0,0,0,0,0,0,0,0
ENSMUSG00002075256,#N/A,0,0,0,0,0,0,0,0,0,0,0,0
ENSMUSG00000112364,4930503E24Rik,0,2,1,0,0,0,1,0,0,1,2,1
ENSMUSG00000112130,Gm47839,0,0,0,0,0,0,0,0,0,0,0,0
ENSMUSG00000112542,Gm47840,0,0,0,0,0,0,0,0,0,0,0,0
ENSMUSG00000112283,Gm36719,0,0,0,0,0,1,0,0,0,0,1,0
ENSMUSG00000020102,Slc16a7,0,2,0,0,1,4,0,1,0,0,1,0
ENSMUSG00000075225,Ccdc162,6,4,2,6,5,3,2,1,4,1,2,4
ENSMUSG00000109803,Gm45604,0,0,0,0,0,0,0,0,0,0,0,0
ENSMUSG00000090708,Gm17196,0,0,1,0,0,0,0,0,0,0,0,0
ENSMUSG00000111943,Gm47862,0,0,1,0,0,0,0,0,0,0,0,0
ENSMUSG00000112100,Gm9102,0,1,0,0,0,0,0,2,1,0,0,1
ENSMUSG00000091370,5730435O14Rik,0,0,0,0,0,0,0,0,0,0,0,0
ENSMUSG00000093298,Mir3473b,0,0,0,0,0,0,0,0,0,0,0,0
ENSMUSG00000111376,Gm47099,0,0,0,0,0,0,0,0,0,0,0,0
ENSMUSG00000020105,Lrig3,9,9,5,2,9,10,5,8,8,5,4,13
ENSMUSG00002075715,#N/A,0,0,0,0,0,0,0,0,0,0,0,0
ENSMUSG00000019961,Tmpo,5743,5697,5332,5061,6758,4868,5681,6497,6171,5600,7124,6943
ENSMUSG00000112632,Gm4510,3,1,1,2,0,2,0,0,2,1,1,0
ENSMUSG00000112387,1700021G15Rik,0,0,0,0,0,0,0,0,0,0,0,0
ENSMUSG00000111544,4930534H03Rik,0,0,0,0,0,0,0,0,0,0,0,0
ENSMUSG00000110870,Gm47081,0,0,0,0,0,0,0,0,0,0,0,0
ENSMUSG00000112482,1700025K04Rik,0,0,0,0,0,0,0,0,0,0,0,0
ENSMUSG00000110847,Gm18705,0,0,1,0,0,0,0,0,0,0,0,0
ENSMUSG00000112435,Gm47965,0,0,0,0,0,0,0,0,0,0,0,0
ENSMUSG00000111525,Gm47082,0,0,0,0,0,0,0,0,0,0,0,0
ENSMUSG00000112208,Gm40797,0,0,0,0,0,0,0,0,0,0,0,0
ENSMUSG00000111591,Gm47083,0,0,0,0,0,0,0,0,0,0,0,0
ENSMUSG00000098756,Mir378d,0,0,0,0,0,0,0,0,0,0,0,0
ENSMUSG00000111051,Gm47084,0,0,0,0,0,0,0,0,0,0,0,0
ENSMUSG00000111961,Gm47966,0,0,1,0,0,0,0,0,0,0,0,0
ENSMUSG00000111782,Gm47091,0,0,0,1,0,0,0,0,0,1,0,0
ENSMUSG00000112832,4930484H19Rik,0,0,0,0,0,1,0,0,0,0,0,0
ENSMUSG00000112492,Gm9111,0,0,0,0,0,0,0,0,0,0,0,0
ENSMUSG00000111657,Gm31592,0,0,0,0,0,0,0,0,0,0,0,0
ENSMUSG00000089550,Gm24179,0,0,0,0,0,0,0,0,0,0,0,0
ENSMUSG00000025436,Atp23,432,529,428,413,427,227,433,417,488,457,434,528
ENSMUSG00000112423,Gm6333,0,1,1,0,0,0,0,0,0,0,0,0
ENSMUSG00000112035,Gm49335,0,0,0,0,0,0,0,0,0,0,0,0
ENSMUSG00000112761,Gm47972,0,0,0,0,0,0,0,0,0,0,0,0
ENSMUSG00000078429,Ctdsp2,154,193,168,221,196,59,273,329,206,167,162,147
ENSMUSG00000065430,Mir26a-2,0,0,0,0,0,0,0,0,0,0,1,0
ENSMUSG00000072837,Mir546,0,0,0,0,0,0,0,0,0,0,0,0
ENSMUSG00000112117,Rmst,1,0,0,0,1,0,0,0,0,0,0,0
ENSMUSG00002075017,#N/A,0,0,0,0,0,0,0,0,0,0,0,0
ENSMUSG00000065524,Mir135a-2,0,0,0,0,0,0,0,0,0,0,0,0
ENSMUSG00002076545,#N/A,0,0,0,0,0,0,0,0,0,0,0,0
ENSMUSG00002075375,#N/A,0,0,0,0,0,0,0,0,0,0,0,0
ENSMUSG00002075948,#N/A,0,0,0,0,0,0,0,0,0,0,0,0
ENSMUSG00002075598,#N/A,0,0,0,0,0,0,0,0,0,0,0,0
ENSMUSG00002076875,#N/A,0,0,0,0,0,0,0,0,0,0,0,0
ENSMUSG00002076982,#N/A,0,0,0,0,0,0,0,0,0,0,0,0
ENSMUSG00002075145,#N/A,0,0,0,0,0,0,0,0,0,0,0,0
ENSMUSG00000093227,Mir1251,0,0,0,0,0,0,0,0,0,0,0,0
ENSMUSG00000098040,Gm20757,0,0,0,0,0,0,0,0,0,0,0,0
ENSMUSG00000111104,Gm8512,0,0,0,0,0,0,0,0,0,0,0,0
ENSMUSG00000111776,Gm47124,0,0,0,0,0,0,0,0,0,0,0,0
ENSMUSG00000110794,4930401A07Rik,0,0,0,0,0,0,0,0,0,0,0,0
ENSMUSG00000111604,Gm18043,0,0,0,0,0,0,0,0,0,0,0,0
ENSMUSG00000088407,Gm25884,0,0,0,0,0,0,0,0,0,0,0,0
ENSMUSG00000111759,Gm4800,4,4,0,1,3,0,2,0,4,6,4,1
ENSMUSG00000111121,Gm3523,0,0,0,0,1,0,0,0,0,1,0,0
ENSMUSG00002076919,#N/A,0,0,0,0,0,0,0,0,0,0,0,0
ENSMUSG00000111470,Gm31822,0,0,0,0,0,0,0,0,0,0,0,0
ENSMUSG00000019813,Cep57l1,70,59,70,74,133,138,93,95,99,69,119,131
ENSMUSG00000102114,BC048559,0,0,0,0,0,0,0,0,0,0,0,0
ENSMUSG00000025432,Avil,25,10,14,26,22,9,39,25,19,7,23,32
ENSMUSG00000019988,Nedd1,984,1113,907,873,1046,724,749,948,894,873,1028,964
ENSMUSG00000088412,Gm24241,0,0,2,0,0,1,0,0,0,1,2,0
ENSMUSG00000111432,Gm47993,5,2,1,2,1,2,2,0,1,0,2,0
ENSMUSG00000111740,Gm49783,72,69,59,69,70,66,39,69,76,52,63,66
ENSMUSG00000040521,Tsfm,542,718,555,568,664,272,642,524,660,493,705,565
ENSMUSG00000038332,Sesn1,160,182,152,181,167,128,181,200,181,166,196,169
ENSMUSG00000111131,9930024M15Rik,4,1,1,4,4,2,0,3,2,1,2,7
ENSMUSG00000080115,Eef1akmt3,23,18,13,11,17,15,12,24,15,18,19,14
ENSMUSG00000006732,Mettl1,1735,1986,1546,1658,1660,502,1613,1447,1941,1669,1438,1402
ENSMUSG00000006724,Cyp27b1,21,26,19,17,19,12,15,10,29,18,11,16
ENSMUSG00000040502,44629,218,213,107,133,130,39,140,151,207,189,189,190
ENSMUSG00000071324,Armc2,0,0,3,0,1,1,2,1,0,0,1,1
ENSMUSG00000111103,1700016J18Rik,0,0,0,0,0,0,0,0,0,0,0,1
ENSMUSG00000085666,Gm9855,1,1,0,0,3,0,2,0,0,0,0,0
ENSMUSG00000020014,Cfap54,236,211,141,186,72,93,75,100,148,129,101,120
ENSMUSG00000111013,Gm32468,14,17,33,40,15,23,15,9,12,12,7,5
ENSMUSG00000048756,Foxo3,2014,2016,1480,1405,1537,747,1064,1484,1752,1653,1534,1541
ENSMUSG00002075014,#N/A,0,0,0,0,0,0,0,0,0,0,0,0
ENSMUSG00000006728,Cdk4,6209,6700,5211,5266,6658,2995,5870,5719,6832,5817,7134,6990
ENSMUSG00000006736,Tspan31,474,473,333,338,418,174,428,401,410,362,468,418
ENSMUSG00000112639,A730063M14Rik,12,7,9,11,12,6,10,9,11,3,9,13
ENSMUSG00000038302,Afg1l,84,88,74,102,90,75,82,69,93,93,85,84
ENSMUSG00000081873,Gm15197,0,1,0,0,3,0,1,0,0,0,0,3
ENSMUSG00000083429,Gm15198,3,7,1,2,3,1,4,3,3,5,6,0
ENSMUSG00002076135,#N/A,0,0,0,0,0,0,0,0,0,0,0,0
ENSMUSG00000020015,Cdk17,6100,6471,4786,4871,4219,2942,3318,4147,5774,5508,4533,4494
ENSMUSG00000089214,Mir1931,0,0,0,0,0,0,0,0,1,0,1,0
ENSMUSG00000019804,Snx3,1802,1987,1491,1481,1861,1417,1896,1908,1889,1664,2310,1979
ENSMUSG00000008398,Elk3,3591,3979,2915,2855,2717,1747,2413,2712,3570,3193,2581,2329
ENSMUSG00000111531,Gm32688,0,0,0,2,1,0,0,0,2,2,0,0
ENSMUSG00000110647,Gm17745,16,20,18,20,9,5,9,11,23,15,11,6
ENSMUSG00000111316,Gm47344,0,0,0,0,0,0,0,1,0,0,0,0
ENSMUSG00000098679,Mir7688,16,25,25,28,20,1,21,11,27,25,10,15
ENSMUSG00000019803,Nr2e1,0,1,0,0,2,3,2,1,0,0,0,0
ENSMUSG00000025422,Agap2,1340,1348,895,980,855,339,755,1099,1148,1081,1018,971
ENSMUSG00000015889,Lta4h,1867,2045,1582,1637,2148,1029,1713,1647,2092,1802,2225,2170
ENSMUSG00000038280,Ostm1,746,779,624,587,489,323,516,548,653,617,467,475
ENSMUSG00000040462,Os9,2317,2443,1809,1806,1578,935,1733,2230,2049,1783,1718,1599
ENSMUSG00000112363,Gm4178,0,1,2,0,0,0,1,0,0,1,1,0
ENSMUSG00000088672,Gm23664,1,0,0,0,0,0,0,0,1,0,0,0
ENSMUSG00000020017,Hal,6,4,4,1,2,2,2,6,6,1,3,5
ENSMUSG00000015890,Amdhd1,0,0,0,3,2,3,1,3,1,0,5,0
ENSMUSG00000006731,B4galnt1,21103,22615,15398,16890,14841,8569,14940,17348,21299,20221,14539,13245
ENSMUSG00000040441,Slc26a10,39,17,21,21,22,11,31,18,48,34,11,22
ENSMUSG00000036168,Ccdc38,4,1,3,3,0,1,3,4,4,1,5,1
ENSMUSG00000020018,Snrpf,568,668,632,721,879,1302,839,758,610,503,759,587
ENSMUSG00000097407,4933408J17Rik,7,8,7,14,15,3,21,1,20,5,4,7
ENSMUSG00000111366,Gm47156,0,0,0,1,0,0,0,0,0,0,0,0
ENSMUSG00000038248,Sobp,2,10,5,4,0,1,3,7,7,9,3,6
ENSMUSG00000111171,Gm47815,0,0,0,0,0,0,0,0,0,0,0,0
ENSMUSG00000099893,Gm29245,0,0,0,0,0,0,0,0,0,0,0,0
ENSMUSG00000102062,Gm29246,0,0,0,0,0,0,0,0,0,0,0,0
ENSMUSG00000045008,9030612E09Rik,0,0,0,0,0,2,0,0,1,0,0,0
ENSMUSG00000020019,Ntn4,0,0,0,0,0,0,0,0,0,0,0,0
ENSMUSG00000090159,Gm8580,2,4,1,2,1,0,2,1,2,1,0,0
ENSMUSG00000085723,Gm15915,0,0,0,0,0,2,0,0,0,0,0,0
ENSMUSG00000086891,Gm15963,0,0,0,0,0,3,0,0,0,0,2,0
ENSMUSG00000090610,Gm3571,0,2,0,1,2,1,4,0,2,1,0,0
ENSMUSG00000118842,#N/A,0,0,0,0,0,0,0,0,0,0,0,0
ENSMUSG00000020020,Usp44,22,18,16,21,24,4,8,22,19,8,14,12
ENSMUSG00000038240,Pdss2,192,219,208,159,213,109,152,171,181,181,172,186
ENSMUSG00000089673,Gm16546,0,2,1,0,1,1,0,0,1,2,0,0
ENSMUSG00000110903,Gm47857,5,12,4,6,7,8,4,11,9,9,5,6
ENSMUSG00000089839,Rps19-ps11,0,2,0,0,1,0,1,1,1,1,1,0
ENSMUSG00000110772,Gm47856,3,0,0,1,5,1,2,3,3,4,4,3
ENSMUSG00000094955,Gm3699,0,4,0,2,0,0,2,0,3,1,0,2
ENSMUSG00000038214,Bend3,1721,1947,1482,1523,1576,785,1055,1527,1598,1673,1608,1536
ENSMUSG00000111368,Gm47889,0,0,1,0,0,0,0,0,1,0,0,0
ENSMUSG00000045886,Gm9803,0,8,6,2,2,5,0,9,3,2,5,0
ENSMUSG00000019797,1700021F05Rik,234,238,169,207,221,237,227,223,260,214,288,218
ENSMUSG00000047139,Cd24a,292,317,399,402,531,477,293,324,379,362,252,216
ENSMUSG00000075184,F930017D23Rik,0,0,0,0,1,0,0,0,0,0,1,0
ENSMUSG00000111300,Rpl26-ps1,0,0,0,0,0,0,0,0,0,0,0,0
ENSMUSG00000111565,Gm34481,0,0,0,0,0,1,0,1,0,0,0,0
ENSMUSG00000111749,Gm47927,0,0,0,0,0,0,0,0,0,0,0,0
ENSMUSG00000111575,Gm47926,0,0,0,0,0,0,0,0,0,0,0,0
ENSMUSG00000111377,Gm40634,0,0,0,0,0,1,1,0,0,0,3,0
ENSMUSG00000111422,1700027J07Rik,0,0,0,1,0,2,0,1,0,0,0,0
ENSMUSG00000094852,Gm9034,11,5,4,6,3,2,5,3,10,14,5,6
ENSMUSG00000111342,4933404K13Rik,0,0,0,0,0,0,0,0,0,0,0,0
ENSMUSG00000019863,Qrsl1,307,379,321,258,314,177,301,320,326,307,345,307
ENSMUSG00000019467,Arhgef25,46,53,31,30,50,14,35,35,54,35,57,53
ENSMUSG00000019864,Rtn4ip1,532,613,504,461,520,292,396,464,506,491,527,507
ENSMUSG00000040415,Dtx3,551,639,509,548,427,191,430,556,467,400,541,463
ENSMUSG00000097331,F420014N23Rik,0,0,1,0,0,5,1,0,0,1,0,2
ENSMUSG00000025417,Pip4k2c,1957,2164,1461,1439,1372,525,1252,1466,1900,1709,1304,1235
ENSMUSG00000019866,Crybg1,1426,1487,1517,1555,1204,765,1518,1792,1067,1092,1354,1227
ENSMUSG00000075162,Gm10812,1,3,3,1,2,1,2,2,1,4,1,1
ENSMUSG00000111122,Gm5949,0,0,0,0,0,0,0,0,0,0,0,0
ENSMUSG00000111224,Gm18669,0,0,1,1,1,0,2,0,0,0,0,0
ENSMUSG00000036112,Metap2,5378,5595,4736,4833,5082,4679,5328,5104,5530,4754,5007,4331
ENSMUSG00000097689,4930471D02Rik,0,0,0,0,0,0,0,0,0,0,0,0
ENSMUSG00002075638,#N/A,0,0,0,0,0,0,0,0,0,0,0,0
ENSMUSG00000114757,Gm48126,0,0,0,0,0,0,0,0,0,0,0,0
ENSMUSG00000091358,Speer5-ps1,0,0,0,0,0,1,0,0,0,0,0,0
ENSMUSG00000038160,Atg5,1133,1330,968,1004,1043,621,900,1053,1180,1090,978,905
ENSMUSG00000089260,Mir1929,1,3,1,1,0,0,1,1,1,3,0,0
ENSMUSG00000111078,Gm35028,7,4,9,4,5,2,11,7,4,1,2,4
ENSMUSG00000074657,Kif5a,15,13,5,13,13,13,15,14,10,10,25,7
ENSMUSG00000038151,Prdm1,305,361,302,307,170,96,297,362,235,218,260,219
ENSMUSG00000111463,Gm48061,0,0,0,0,0,0,0,0,0,0,0,0
ENSMUSG00000111730,Gm5950,0,0,0,0,0,0,0,1,0,0,0,0
ENSMUSG00000088964,Gm22087,0,0,0,0,0,0,0,0,0,0,0,0
ENSMUSG00000111116,Gm48065,0,0,0,1,0,0,0,0,0,1,0,0
ENSMUSG00000111535,Gm35154,0,0,0,0,0,0,1,0,0,0,0,0
ENSMUSG00000111034,Gm48066,0,0,0,0,0,0,0,0,0,0,0,0
ENSMUSG00002074959,#N/A,0,0,0,0,0,0,0,0,0,0,0,0
ENSMUSG00000111641,Gm47388,0,0,0,0,0,0,0,0,0,0,0,0
ENSMUSG00000111362,Gm47389,0,0,0,0,2,0,0,0,1,2,1,0
ENSMUSG00000111494,4930431F10Rik,0,0,0,0,0,0,0,0,0,0,0,0
ENSMUSG00000110893,Gm47392,0,0,0,0,0,1,0,0,0,0,0,0
ENSMUSG00000089608,Gm22503,0,0,0,0,0,0,0,0,0,0,0,0
ENSMUSG00000111868,Gm47398,0,0,0,0,0,1,0,0,0,0,0,0
ENSMUSG00000025410,Dctn2,1523,1610,1274,1378,1345,530,1292,1402,1504,1306,1277,1321
ENSMUSG00000111671,Gm6983,4,2,1,3,3,1,3,2,3,2,1,1
ENSMUSG00000110898,Gm40638,0,0,0,0,0,0,0,0,0,0,0,0
ENSMUSG00002075202,#N/A,0,0,0,0,0,0,0,0,0,0,0,0
ENSMUSG00000095168,Gm4795,15,4,3,3,5,0,2,1,9,12,3,8
ENSMUSG00000110891,Gm40639,0,0,0,0,0,0,0,0,0,0,0,0
ENSMUSG00000019849,Prep,4395,4497,3456,3475,3573,1934,3037,3663,4057,3787,3711,3420
ENSMUSG00002076691,#N/A,0,0,0,0,0,0,0,0,0,0,0,0
ENSMUSG00000019848,Popdc3,0,0,1,0,0,1,0,0,0,0,0,0
ENSMUSG00000118733,#N/A,0,0,0,0,0,0,0,0,0,0,0,0
ENSMUSG00000077591,Gm26016,0,0,0,0,0,0,0,0,0,0,0,0
ENSMUSG00000090088,Gm15934,0,0,0,0,0,1,0,0,0,0,0,0
ENSMUSG00000111526,Gm47433,0,0,0,0,0,0,0,0,0,0,0,0
ENSMUSG00000071317,Bves,0,0,0,0,0,2,0,0,0,0,0,0
ENSMUSG00000025409,Mbd6,840,745,636,597,641,355,517,750,616,577,769,684
ENSMUSG00000063804,Lin28b,1,6,0,3,10,4,5,4,5,3,9,0
ENSMUSG00002075193,#N/A,0,0,0,0,0,0,0,0,0,0,0,0
ENSMUSG00000092593,Gm20492,2,2,1,3,0,0,0,2,2,2,2,0
ENSMUSG00000092384,Gm4189,26,25,24,12,18,8,13,16,13,13,16,13
ENSMUSG00000025408,Ddit3,187,234,168,188,137,90,175,192,194,144,134,96
ENSMUSG00000116429,Ddit3,0,0,0,0,0,0,0,0,0,0,0,0
ENSMUSG00000036099,Vezt,343,375,326,331,358,190,293,331,361,334,332,329
ENSMUSG00000065607,Mir331,0,0,0,0,0,0,0,0,0,0,0,0
ENSMUSG00000111349,Gm48191,0,0,0,0,0,0,0,0,0,0,0,0
ENSMUSG00000110869,Gm49628,3,0,0,1,0,2,1,0,2,2,0,1
ENSMUSG00000020021,Fgd6,97,94,72,77,54,63,52,66,69,59,77,74
ENSMUSG00000110753,Gm18391,0,0,0,0,0,0,0,0,0,0,0,0
ENSMUSG00000111539,Gm48372,5,3,0,3,2,3,2,1,2,3,1,1
ENSMUSG00000040354,Mars,2750,2850,2551,2664,2907,1124,2020,2185,2672,2336,2649,2752
ENSMUSG00000098057,Gm6283,28,47,33,32,23,5,45,45,27,32,19,21
ENSMUSG00000038822,Hace1,449,502,410,403,425,315,400,478,439,441,438,380
ENSMUSG00000111466,Gm47504,1,1,0,0,0,0,0,1,0,0,0,1
ENSMUSG00000111491,Gm47503,1,0,0,0,2,4,0,0,3,1,2,0
ENSMUSG00000111036,Gm47502,1,1,0,0,0,0,0,0,0,0,0,0
ENSMUSG00000110874,D030045P18Rik,0,0,0,0,0,0,0,0,0,0,0,0
ENSMUSG00002076863,#N/A,0,0,0,0,0,0,0,0,0,0,0,0
ENSMUSG00000110841,Gpx4-ps2,0,1,1,1,1,2,0,5,2,0,1,0
ENSMUSG00000111182,Gm35430,0,0,0,1,0,0,0,0,0,0,0,0
ENSMUSG00000118904,#N/A,0,0,0,0,0,0,0,0,0,0,0,0
ENSMUSG00000077361,Gm23481,0,0,0,0,0,0,0,0,0,0,0,0
ENSMUSG00000111754,Gm19994,0,0,0,0,0,0,0,0,0,0,0,0
ENSMUSG00000065718,Gm25650,0,0,0,0,0,0,0,0,0,0,0,0
ENSMUSG00000111499,Gm47562,0,0,0,0,0,0,0,0,0,0,0,0
ENSMUSG00000110843,Gm35552,0,0,0,0,0,0,0,0,0,0,0,0
ENSMUSG00000111419,Gm47568,0,0,0,0,0,0,0,0,0,0,0,0
ENSMUSG00000111057,Gm3442,0,0,0,0,0,0,0,0,0,0,0,0
ENSMUSG00000111719,Gm19137,0,0,0,0,0,0,0,0,0,0,0,0
ENSMUSG00000111072,Gm9068,0,0,0,0,0,0,0,0,0,0,0,0
ENSMUSG00000112702,Gm47571,0,0,0,0,0,0,0,0,0,0,0,0
ENSMUSG00000112917,Gm47331,0,0,0,0,0,0,0,0,0,0,0,0
ENSMUSG00000111911,Gm47332,0,0,0,0,0,0,0,0,0,0,0,0
ENSMUSG00000112062,Gm47353,0,0,0,0,0,0,0,0,0,0,0,0
ENSMUSG00002076715,#N/A,0,0,0,0,0,0,0,0,0,0,0,0
ENSMUSG00000111262,Gm47354,0,0,0,0,0,0,0,0,0,0,0,0
ENSMUSG00000111585,Gm47355,0,0,0,0,0,0,0,0,0,0,0,0
ENSMUSG00000065630,Gm24256,0,0,0,0,0,0,0,0,0,0,0,0
ENSMUSG00000111436,Gm47356,0,0,0,0,0,0,0,0,0,0,0,0
ENSMUSG00000111581,Gm47364,0,0,0,0,0,0,0,0,0,0,0,0
ENSMUSG00000111900,Gm47377,0,0,0,0,0,0,0,0,0,0,0,0
ENSMUSG00000111704,Gm47379,0,0,0,0,0,0,0,0,0,0,0,0
ENSMUSG00000111298,Gm3473,0,0,0,0,0,0,0,0,0,0,0,0
ENSMUSG00000111433,Gm47378,0,0,0,0,0,0,0,0,0,0,0,0
ENSMUSG00000111486,Gm47380,0,0,0,0,0,0,0,0,0,0,0,0
ENSMUSG00000111374,Gm50490,0,0,0,0,0,0,0,0,0,0,0,0
ENSMUSG00000040345,Arhgap9,1042,1082,842,875,969,414,913,970,1020,955,1139,1091
ENSMUSG00000005897,Nr2c1,317,298,227,210,213,145,189,234,259,235,215,205
ENSMUSG00000065296,Gm26122,0,0,0,0,0,0,0,0,0,0,0,0
ENSMUSG00000020022,Ndufa12,532,588,491,491,678,495,599,514,626,476,595,608
ENSMUSG00000053420,Gm4792,0,0,0,0,0,0,0,0,0,0,0,0
ENSMUSG00000025407,Gli1,2,1,3,2,1,4,3,5,0,2,1,1
ENSMUSG00000112426,Gm47200,0,0,1,1,2,0,0,0,2,0,0,1
ENSMUSG00000047492,Inhbe,0,3,0,0,0,0,1,0,0,0,0,0
ENSMUSG00000025405,Inhbc,0,0,0,0,0,0,0,0,0,0,0,0
ENSMUSG00000020023,Tmcc3,34,29,31,52,15,11,33,22,23,33,10,23
ENSMUSG00000085409,Gm16155,0,0,0,0,0,0,0,0,0,0,0,0
ENSMUSG00000086269,Tmcc3os,0,0,0,0,0,0,0,0,0,0,0,0
ENSMUSG00000098544,Mir7211,0,0,0,0,0,0,0,0,0,0,0,0
ENSMUSG00000112477,Gm48657,0,0,0,0,0,0,0,0,0,0,0,0
ENSMUSG00000112473,Gm48658,0,0,0,0,0,0,0,0,0,0,0,0
ENSMUSG00000097164,Cep83os,61,73,48,44,61,33,43,53,59,54,78,59
ENSMUSG00000112203,Gm49167,0,2,0,0,1,1,0,1,0,0,1,1
ENSMUSG00000056073,Grik2,0,0,0,0,1,6,0,0,0,0,2,0
ENSMUSG00000020024,Cep83,2212,2479,2052,1961,2283,2710,1627,2274,2233,2081,2361,1971
ENSMUSG00000112295,Gm47017,0,0,0,0,0,1,0,0,0,0,0,0
ENSMUSG00000112669,Gm48689,0,0,2,0,0,0,0,0,0,0,0,0
ENSMUSG00000097884,Gm26543,0,0,0,0,0,0,0,0,0,0,0,0
ENSMUSG00000112103,Gm47018,0,0,0,0,0,0,0,0,0,0,0,0
ENSMUSG00000111935,Gm47023,0,0,0,0,0,0,0,0,0,0,0,0
ENSMUSG00000112340,Gm47016,0,0,0,0,0,0,0,0,0,0,0,0
ENSMUSG00000112142,Gm47022,0,0,0,0,0,1,0,0,0,0,0,0
ENSMUSG00000111934,Gm48123,0,0,0,0,0,0,0,0,0,0,0,0
ENSMUSG00000110832,Gm48125,0,0,0,0,0,1,0,0,0,0,0,0
ENSMUSG00000111551,Gm48128,0,0,0,0,0,0,0,0,0,0,0,0
ENSMUSG00000110973,Gm48130,0,0,0,0,0,0,0,0,0,0,0,0
ENSMUSG00000111142,Gm48131,0,0,0,0,0,0,0,0,0,0,0,0
ENSMUSG00000112349,Gm48132,0,0,0,0,0,0,0,0,0,0,0,0
ENSMUSG00000112049,Gm48269,0,0,0,0,0,0,0,0,0,0,0,0
ENSMUSG00000112667,Gm48270,0,0,0,0,0,0,0,0,0,0,0,0
ENSMUSG00000110779,Gm48271,0,0,0,0,0,0,0,0,0,0,0,0
ENSMUSG00000110896,Gm48273,0,0,0,0,0,0,0,0,0,0,0,0
ENSMUSG00000110720,Gm46223,0,1,0,0,0,0,0,0,0,0,0,0
ENSMUSG00000111083,Gm48274,0,0,0,0,0,0,0,0,0,0,0,0
ENSMUSG00000111202,Gm48275,0,0,0,0,0,0,0,0,0,0,0,0
ENSMUSG00000112456,Gm6991,0,0,0,0,0,0,0,0,0,0,0,0
ENSMUSG00000112529,Gm46199,0,0,0,0,0,0,0,0,0,0,0,0
ENSMUSG00000074785,Plxnc1,744,869,789,778,883,445,648,948,829,851,985,943
ENSMUSG00002076700,#N/A,0,0,0,0,0,0,0,0,0,1,1,0
ENSMUSG00000112736,Gm48718,1,0,0,2,1,0,0,2,0,0,0,0
ENSMUSG00002075567,#N/A,0,0,0,0,0,0,0,0,0,0,0,0
ENSMUSG00000112277,Gm48867,0,0,0,0,0,0,0,0,0,0,0,0
ENSMUSG00000112677,Gm48868,0,0,0,0,0,0,0,0,0,0,0,0
ENSMUSG00000112481,Gm29684,0,0,0,2,0,1,0,0,1,0,0,0
ENSMUSG00000112501,Gm33091,3,0,3,0,1,0,3,1,1,0,2,0
ENSMUSG00000112682,Gm48874,0,0,0,0,0,0,0,0,0,0,0,0
ENSMUSG00000038774,Ascc3,1757,1781,1280,1393,1364,957,800,1298,1391,1490,1586,1516
ENSMUSG00000112927,Gm48332,0,0,0,0,0,0,2,1,0,2,0,0
ENSMUSG00000045867,Cradd,50,73,51,46,59,23,59,50,50,60,67,53
ENSMUSG00000112744,Gm48880,0,2,0,0,1,1,2,4,2,1,2,6
ENSMUSG00000112918,Gm18120,3,0,0,0,0,1,4,0,1,0,1,2
ENSMUSG00000112594,Gm48333,0,0,0,0,0,0,0,0,0,0,0,0
ENSMUSG00000112593,Gm48882,3,4,7,3,8,0,8,3,9,6,4,2
ENSMUSG00002074867,#N/A,0,0,0,0,0,0,0,0,0,0,0,0
ENSMUSG00000100550,2310039L15Rik,0,0,0,0,0,0,0,0,0,0,0,0
ENSMUSG00000019913,Sim1,0,0,0,0,0,0,0,1,0,0,0,0
ENSMUSG00000084449,Gm26257,0,0,0,0,0,0,0,0,0,0,0,0
ENSMUSG00000111880,Gm5040,11,11,5,3,5,6,14,11,5,2,15,5
ENSMUSG00000112212,Gm46189,0,0,0,0,2,1,1,1,0,0,0,1
ENSMUSG00000020027,Socs2,512,542,423,455,384,169,623,607,499,485,600,489
ENSMUSG00000097766,5730420D15Rik,0,2,4,0,2,3,1,0,1,0,0,2
ENSMUSG00000112261,Gm47599,0,1,0,0,0,0,0,1,0,0,0,0
ENSMUSG00000112725,Gm47600,0,0,0,0,0,0,0,0,0,0,0,0
ENSMUSG00000112450,Gm3619,0,0,0,0,0,0,0,0,0,0,0,1
ENSMUSG00000062593,Gm49339,0,0,0,0,0,0,0,0,0,0,0,0
ENSMUSG00000062981,Mrpl42,810,859,744,686,1007,772,805,831,932,755,1042,907
ENSMUSG00000074781,Ube2n,552,506,465,487,544,398,531,495,566,573,552,492
ENSMUSG00000020029,Nudt4,2075,2192,2043,2136,2297,1466,1703,2011,2230,2117,1775,1709
ENSMUSG00000092867,Mir3058,0,3,1,1,0,0,0,0,1,0,0,0
ENSMUSG00002075187,#N/A,0,0,0,0,0,0,0,0,0,0,0,0
ENSMUSG00000112439,Gm33336,0,0,0,0,0,0,0,0,0,0,0,0
ENSMUSG00000112538,Gm47667,0,0,0,0,0,0,0,0,0,0,0,0
ENSMUSG00000112023,Lilr4b,1514,1677,1689,1730,768,516,1360,1613,1206,1332,792,709
ENSMUSG00000074780,Anapc15-ps,4,1,0,0,0,1,0,4,2,6,2,2
ENSMUSG00000112766,Gm40645,3,1,0,1,0,0,3,3,0,0,0,0
ENSMUSG00000112025,Gm47669,0,0,0,0,0,0,0,0,0,0,0,0
ENSMUSG00000112519,Gm47671,0,0,0,0,0,4,0,0,0,0,0,0
ENSMUSG00000112289,1110019B22Rik,0,0,0,0,0,0,0,0,0,0,0,0
ENSMUSG00000112188,Gm47708,0,0,1,1,0,0,0,0,0,1,0,0
ENSMUSG00000101517,4732465J04Rik,0,0,3,0,2,3,0,1,0,1,0,0
ENSMUSG00000112771,Gm47718,0,0,0,0,0,0,0,0,0,0,0,0
ENSMUSG00000112599,Gm47719,0,0,0,0,0,0,0,1,0,0,0,0
ENSMUSG00000110353,Gm33543,0,0,0,0,1,0,0,0,0,0,0,0
ENSMUSG00000111992,Gm47724,0,0,1,0,0,0,0,0,1,0,0,1
ENSMUSG00000112400,Gm47725,0,0,0,0,0,1,0,0,1,0,0,0
ENSMUSG00000077268,Gm24433,0,0,0,0,0,0,0,0,0,0,0,0
ENSMUSG00000036499,Eea1,10361,10666,8947,9190,8214,9944,4838,8142,7773,10037,7919,7099
ENSMUSG00000112148,Lilrb4a,530,561,509,529,256,183,302,470,406,406,311,263
ENSMUSG00000117008,Gm49817,1,1,0,0,1,0,0,1,0,0,0,0
ENSMUSG00000112316,Gm48425,0,0,0,0,0,0,0,0,0,0,0,0
ENSMUSG00000112031,Gm48484,0,0,0,0,0,0,0,0,0,0,0,0
ENSMUSG00000096486,Gm5426,0,0,0,0,0,0,0,0,0,1,0,0
ENSMUSG00000112843,Gm46224,0,0,0,0,0,0,0,0,0,0,0,0
ENSMUSG00002076793,#N/A,0,0,0,0,0,0,0,0,0,0,0,0
ENSMUSG00000112226,Gm48786,0,1,0,0,0,0,1,2,0,0,0,0
ENSMUSG00000112645,Gm48787,0,0,0,0,0,0,0,0,0,0,0,0
ENSMUSG00000112762,4930459C07Rik,23,26,29,36,22,15,13,21,26,10,10,9
ENSMUSG00000112244,Gm48788,0,0,0,0,0,0,0,0,0,0,0,0
ENSMUSG00000112234,Gm48427,0,0,0,0,0,0,0,0,0,0,0,0
ENSMUSG00000112290,Gm33782,8,4,4,3,7,0,3,7,6,6,2,3
ENSMUSG00000112749,Gm48428,1,0,0,0,0,0,0,0,0,0,0,0
ENSMUSG00000094249,Gm20091,0,0,0,0,0,0,0,0,0,0,0,0
ENSMUSG00000097939,Gm8601,0,5,1,4,6,4,4,7,1,3,2,0
ENSMUSG00000019909,Fam162b,0,0,0,0,0,0,0,0,0,0,0,0
ENSMUSG00000112264,Gm48505,0,1,1,2,0,1,0,0,0,0,0,1
ENSMUSG00000112354,Gm33843,2,1,0,1,2,0,0,0,0,1,0,0
ENSMUSG00000036478,Btg1,7607,7791,5442,5853,3333,1069,4008,4490,6674,6003,3516,3318
ENSMUSG00000112362,Gm48507,0,0,0,0,0,0,0,0,0,0,0,0
ENSMUSG00000112588,Gm6859,0,0,0,0,0,0,0,0,0,0,0,0
ENSMUSG00000112293,Gm48509,0,0,0,0,0,0,0,0,0,0,0,0
ENSMUSG00000111912,Gm48521,0,0,0,0,0,0,0,0,0,0,0,0
ENSMUSG00002076541,#N/A,0,0,0,0,0,0,0,0,0,0,0,0
ENSMUSG00000112488,Gm33981,0,0,0,0,0,0,0,0,0,0,0,0
ENSMUSG00000111924,4930556N09Rik,0,0,0,0,0,0,0,0,0,0,0,0
ENSMUSG00000112631,Gm48555,0,0,0,0,0,0,0,0,0,0,0,0
ENSMUSG00000112892,Gm8613,0,0,0,0,0,0,0,0,1,0,0,0
ENSMUSG00000111981,Gm18515,0,0,0,0,0,0,0,0,0,0,0,0
ENSMUSG00000105557,Mir3966,0,0,0,0,0,0,0,0,0,0,0,0
ENSMUSG00000019905,Gprc6a,0,0,0,0,0,2,0,0,0,0,0,0
ENSMUSG00000112878,1700042O05Rik,0,0,0,0,0,0,0,0,0,0,0,0
ENSMUSG00000019929,Dcn,0,0,0,0,1,0,0,0,0,0,0,0
ENSMUSG00000036446,Lum,33,31,13,11,2,11,18,16,9,7,3,9
ENSMUSG00000112484,4930473O22Rik,0,0,0,0,0,0,0,0,0,0,0,0
ENSMUSG00000019932,Kera,0,0,0,0,0,0,0,0,0,0,0,0
ENSMUSG00000019936,Epyc,0,0,0,0,0,0,0,0,0,0,0,0
ENSMUSG00000074776,Gm10754,0,0,0,0,0,0,0,0,0,0,0,0
ENSMUSG00000047025,Ccer1,0,0,0,0,0,0,0,0,0,0,0,0
ENSMUSG00000112497,4930525C09Rik,0,0,0,0,0,0,0,0,0,0,0,0
ENSMUSG00000079183,C030005K15Rik,0,0,1,0,0,3,0,0,0,0,0,0
ENSMUSG00000089097,Gm25658,0,0,0,0,0,0,0,0,0,0,0,0
ENSMUSG00000112896,Gm8633,0,0,0,0,0,3,0,0,0,0,0,0
ENSMUSG00000112457,Gm48687,0,0,0,0,0,0,0,0,0,0,0,0
ENSMUSG00000102310,Gm37631,0,0,0,0,0,0,0,0,0,0,0,0
ENSMUSG00000112874,Gm34297,0,0,0,0,0,0,0,0,0,0,0,0
ENSMUSG00000112647,Gm5427,0,0,0,0,0,0,0,0,0,0,0,0
ENSMUSG00000019900,Rfx6,0,0,0,1,0,3,0,0,0,0,2,0
ENSMUSG00000062224,4933411G06Rik,0,0,0,0,0,0,0,0,0,0,0,0
ENSMUSG00000112270,Gm47613,0,0,0,0,0,0,0,0,0,0,0,0
ENSMUSG00000112337,Gm47614,0,0,0,0,0,0,0,0,0,0,0,0
ENSMUSG00000112659,Gm40646,0,0,0,0,0,0,0,0,0,0,0,0
ENSMUSG00000088198,Gm23906,0,0,0,0,0,0,0,0,0,0,0,0
ENSMUSG00000112557,Gm47626,0,0,0,1,0,0,0,0,0,0,0,0
ENSMUSG00000049641,Vgll2,0,0,0,0,0,0,0,0,0,0,0,0
ENSMUSG00002076609,#N/A,0,0,0,0,0,0,0,0,0,0,0,0
ENSMUSG00000019943,Atp2b1,3057,2973,2545,2616,2222,1947,1766,2309,2611,2480,2377,2186
ENSMUSG00000112660,Gm48761,0,1,0,0,0,0,0,0,0,0,0,0
ENSMUSG00000112346,Gm48768,18,31,27,17,20,17,19,19,19,17,24,9
ENSMUSG00000019952,Poc1b,155,163,167,150,223,152,200,208,193,146,240,193
ENSMUSG00000090035,Galnt4,390,438,404,364,268,137,298,354,378,354,238,271
ENSMUSG00000055108,Phxr2,0,0,0,0,0,0,0,0,0,0,0,0
ENSMUSG00000089994,Gm16239,0,0,0,0,0,0,0,0,0,0,0,0
ENSMUSG00000112805,Gm34574,1,1,0,0,1,0,0,1,1,0,0,0
ENSMUSG00000112902,Gm48884,1,0,0,0,0,0,0,0,0,0,0,0
ENSMUSG00000111923,Gm34777,0,0,0,0,1,1,0,0,0,0,0,0
ENSMUSG00000069601,Ank3,0,0,0,0,2,16,0,0,0,0,2,1
ENSMUSG00000019960,Dusp6,1929,1909,1180,1199,597,276,881,1048,1311,1187,689,615
ENSMUSG00000112384,Gm34921,0,1,1,0,0,0,1,0,0,1,0,0
ENSMUSG00000112544,Gm48089,0,0,0,0,0,0,1,1,0,0,0,0
ENSMUSG00000044633,B530045E10Rik,0,0,0,0,0,2,0,0,0,0,1,0
ENSMUSG00000090665,Gad1-ps,0,0,0,0,0,0,0,0,0,0,0,0
ENSMUSG00000112082,Gm35035,0,0,0,0,2,1,1,0,0,0,0,0
ENSMUSG00000111899,Gm18636,0,0,0,0,0,0,0,0,0,0,0,0
ENSMUSG00000112265,Gm34983,1,0,0,0,1,0,1,0,0,0,0,0
ENSMUSG00000112729,Gm46231,0,0,0,0,0,0,0,0,0,0,0,0
ENSMUSG00000112180,Gm48085,0,4,1,0,0,1,1,1,0,1,0,0
ENSMUSG00000111962,Gm20110,0,0,0,0,0,0,0,0,0,0,0,0
ENSMUSG00000112503,Gm18409,0,0,0,0,0,0,0,0,0,0,0,0
ENSMUSG00000112810,Gm35101,0,0,0,0,0,0,0,0,0,0,0,0
ENSMUSG00000113032,Gm47578,0,0,0,0,0,0,0,0,0,0,0,0
ENSMUSG00000046934,Csl,0,4,1,4,2,0,4,0,1,2,2,1
ENSMUSG00000112304,Gm35206,0,0,0,0,1,0,0,0,0,0,0,0
ENSMUSG00000112463,Gm47579,0,0,0,0,0,0,0,0,0,0,0,0
ENSMUSG00000112299,Gm17870,0,0,0,0,0,0,0,0,0,0,0,0
ENSMUSG00000048701,Ccdc6,2118,2202,1891,1951,1960,1358,1620,2193,1859,1784,1747,1641
ENSMUSG00000019933,Mrln,0,0,1,0,0,0,0,0,0,1,0,0
ENSMUSG00000037762,Slc16a9,0,0,0,0,0,1,0,0,0,0,0,0
ENSMUSG00000089835,Gm7097,0,0,0,0,0,0,0,0,0,0,0,0
ENSMUSG00000052426,Gm9877,0,0,0,0,0,0,0,0,0,0,0,0
ENSMUSG00000112676,Gm20108,0,1,0,1,0,0,1,0,2,0,0,0
ENSMUSG00000112884,Gm47946,0,0,0,0,0,0,0,0,0,0,0,0
ENSMUSG00000025404,R3hdm2,1543,1366,1101,990,1212,1283,936,1223,1333,1204,1493,1295
ENSMUSG00000019893,Ros1,0,0,0,0,0,0,0,0,0,0,0,0
ENSMUSG00000089369,Gm23819,0,0,0,0,0,0,0,0,0,0,0,0
ENSMUSG00000093563,Gm20630,0,0,0,0,0,0,0,0,0,0,0,0
ENSMUSG00000093427,Gm18513,0,0,0,0,0,0,0,0,0,0,0,0
ENSMUSG00000019966,Kitl,5,1,5,11,6,1,6,4,7,4,2,0
ENSMUSG00000112831,Gm35533,0,0,0,0,0,0,0,0,0,0,0,0
ENSMUSG00002075807,#N/A,0,0,0,0,0,0,0,0,0,0,0,0
ENSMUSG00002076343,#N/A,0,0,0,0,0,0,0,0,0,0,0,0
ENSMUSG00000112633,Gm47627,0,0,0,0,0,0,0,0,0,0,0,0
ENSMUSG00000112245,Gm8689,0,0,0,0,0,0,0,0,0,0,0,0
ENSMUSG00000040287,Stac3,5,7,8,10,7,4,9,14,11,9,8,8
ENSMUSG00000112069,Gm9476,0,0,0,0,0,0,0,0,0,0,0,0
ENSMUSG00000112522,Gm47632,0,0,0,0,0,0,0,0,0,0,0,0
ENSMUSG00000112122,Gm47628,0,0,0,0,0,0,0,0,0,0,0,0
ENSMUSG00000112178,Gm47630,0,0,0,0,0,0,0,0,0,0,0,0
ENSMUSG00000112737,Gm4898,0,0,0,0,0,0,0,0,0,0,0,0
ENSMUSG00000040280,Ndufa4l2,1,0,4,0,0,2,0,0,0,0,0,0
ENSMUSG00000112408,Gm8701,0,0,0,0,0,0,0,0,0,0,0,0
ENSMUSG00000019891,Dcbld1,16,16,17,14,12,10,13,25,6,15,8,14
ENSMUSG00000094314,Gm4301,0,0,0,0,0,0,0,0,0,0,0,0
ENSMUSG00000091101,Gm4302,0,0,0,0,0,0,0,0,0,0,0,0
ENSMUSG00000112931,Gm4303,0,0,0,0,0,0,0,0,0,0,0,0
ENSMUSG00000112856,Gm4305,0,0,0,0,0,0,0,0,0,0,0,0
ENSMUSG00000091552,Gm8711,0,0,0,0,0,0,0,0,0,0,0,0
ENSMUSG00000096744,Gm4307,0,0,0,0,0,0,0,0,0,0,0,0
ENSMUSG00000095673,Gm4308,0,0,0,0,0,0,0,0,0,0,0,0
ENSMUSG00000112480,Gm4310,0,0,0,0,0,0,0,0,0,0,0,0
ENSMUSG00000112485,Gm47631,0,0,0,0,0,0,0,0,0,0,0,0
ENSMUSG00000112777,Gm8723,0,0,0,0,0,0,0,0,0,0,0,0
ENSMUSG00000096640,Gm4312,0,0,0,0,0,0,0,0,0,0,0,0
ENSMUSG00000112453,Gm4781,0,0,0,0,0,0,0,0,0,0,0,0
ENSMUSG00000112580,Gm47673,0,0,0,0,0,0,0,0,0,0,0,0
ENSMUSG00000043259,Fam13c,5,4,1,0,13,9,1,2,3,1,2,2
ENSMUSG00002074897,#N/A,0,0,0,0,0,0,0,0,0,0,0,0
ENSMUSG00000112273,Gm29783,2,0,2,1,0,0,1,0,0,0,0,1
ENSMUSG00000025403,Shmt2,7212,7373,6865,7013,7641,3597,6232,6492,6838,6100,7442,7109
ENSMUSG00000040258,Nxph4,4,3,2,6,1,0,1,2,2,0,4,2
ENSMUSG00000019861,Gopc,818,823,680,642,644,685,533,673,781,706,755,692
ENSMUSG00000112550,Gm6627,15,3,13,13,9,7,9,11,9,9,15,6
ENSMUSG00000097704,Gm26741,0,0,0,0,0,0,0,0,0,0,0,0
ENSMUSG00000112317,Gm47580,4,6,2,6,4,1,1,4,7,7,4,5
ENSMUSG00000089800,Rps19-ps10,0,1,1,0,1,0,0,0,1,0,0,0
ENSMUSG00000038624,Nepn,0,0,0,0,0,0,0,0,0,0,0,0
ENSMUSG00000023068,Nus1,4609,4916,3947,4040,3599,2859,3512,3871,4480,4111,3694,3462
ENSMUSG00000112563,Gm47608,0,1,0,0,0,0,0,0,0,0,0,0
ENSMUSG00000112361,Gm47607,0,0,0,0,0,0,0,0,0,0,0,0
ENSMUSG00000112464,Gm47609,0,0,0,0,0,0,0,0,0,0,0,0
ENSMUSG00000037747,Phyhipl,0,0,0,0,1,3,0,0,3,0,2,0
ENSMUSG00000111887,Gm47610,0,0,0,0,0,0,0,0,0,0,0,0
ENSMUSG00000112149,Gm47611,0,0,0,0,0,0,0,0,0,0,0,0
ENSMUSG00000112607,Gm33979,0,0,0,0,0,0,0,0,0,0,0,0
ENSMUSG00000112791,Gm47612,0,0,0,0,0,0,0,0,0,0,0,0
ENSMUSG00000112752,Gm48021,0,0,0,0,0,1,2,0,0,0,0,0
ENSMUSG00000112320,Gm48022,0,0,0,0,0,0,0,0,0,0,0,0
ENSMUSG00000049576,Zfa-ps,2,4,1,0,1,1,0,3,0,0,2,2
ENSMUSG00000112870,Gm40689,0,0,0,0,0,0,0,0,0,0,0,0
ENSMUSG00000112552,Gm36065,0,0,0,0,0,0,0,0,0,0,0,0
ENSMUSG00000036676,Tmtc3,83,54,53,60,63,109,49,62,41,48,85,81
ENSMUSG00000038602,Slc35f1,0,0,0,0,0,1,0,0,0,0,0,0
ENSMUSG00000111918,Gm47624,0,0,0,0,0,1,0,0,0,0,0,0
ENSMUSG00000112883,Gm48023,0,0,0,0,0,0,0,0,0,1,0,0
ENSMUSG00000112125,Gm48024,0,0,1,0,0,0,0,0,0,0,0,0
ENSMUSG00000112257,Gm47623,0,0,0,0,0,0,0,0,0,0,0,0
ENSMUSG00000112576,Gm47621,0,0,0,0,0,0,0,0,0,0,0,0
ENSMUSG00002076720,#N/A,0,0,0,0,0,0,0,0,0,0,0,0
ENSMUSG00000112681,Gm47622,0,0,0,0,0,0,0,0,0,0,0,0
ENSMUSG00000112376,Gm40649,0,0,0,0,0,0,0,0,0,0,0,0
ENSMUSG00000047692,4930533K18Rik,0,0,0,0,0,0,0,0,0,0,0,0
ENSMUSG00000112853,Gm47637,0,0,0,0,0,0,0,0,0,0,0,0
ENSMUSG00000112032,Gm48036,0,0,0,0,0,0,0,0,0,0,0,0
ENSMUSG00000112835,Gm36173,0,0,0,0,0,0,0,0,0,0,0,0
ENSMUSG00000118918,#N/A,0,0,0,0,0,0,0,0,0,0,0,0
ENSMUSG00000038594,Cep85l,1138,1073,948,930,1023,1019,665,1024,892,984,939,949
ENSMUSG00000112709,Gm19395,0,0,0,0,0,0,0,0,0,0,0,0
ENSMUSG00000112239,Gm17823,7,2,3,3,2,3,3,3,4,3,4,0
ENSMUSG00000038583,Pln,0,0,0,0,0,0,0,0,0,0,0,0
ENSMUSG00000112734,Gm47644,7,9,12,7,18,7,15,8,4,8,7,3
ENSMUSG00000111892,Gm47641,0,0,1,1,0,0,0,0,0,1,0,0
ENSMUSG00000112132,Gm36229,5,5,8,6,7,3,5,11,5,4,1,2
ENSMUSG00000056219,Tmem229b-ps,0,0,0,0,0,0,0,0,0,0,0,0
ENSMUSG00000112733,Gm40650,1,0,0,0,0,0,0,0,0,0,0,0
ENSMUSG00000112739,Gm20597,10,24,12,8,20,10,9,14,11,7,7,4
ENSMUSG00000112440,Gm47722,0,0,0,0,0,0,0,0,0,0,0,0
ENSMUSG00000040249,Lrp1,101,106,90,90,36,21,50,95,58,62,27,42
ENSMUSG00000086499,Gm16217,0,0,0,0,0,0,0,0,0,0,0,0
ENSMUSG00000112696,Gm48815,0,0,0,0,0,0,0,0,0,0,0,0
ENSMUSG00000002147,Stat6,5889,6571,5199,5195,5158,2550,4166,5290,5803,5338,4580,4183
ENSMUSG00000014329,Bicc1,0,0,0,0,0,0,0,0,2,3,0,1
ENSMUSG00000058298,Mcm9,592,652,518,493,550,351,442,630,613,596,601,533
ENSMUSG00000112745,Gm48025,0,0,0,0,0,0,0,0,0,0,0,0
ENSMUSG00000112530,Gm47738,0,0,0,0,0,0,0,0,0,1,0,0
ENSMUSG00000090212,Gm15647,0,0,0,0,0,0,0,0,0,0,0,0
ENSMUSG00000112731,Gm47739,0,0,0,0,0,0,0,0,0,0,0,0
ENSMUSG00000112566,Gm32025,0,0,0,0,1,0,0,0,0,0,0,0
ENSMUSG00000112634,Gm47737,1,0,3,0,0,0,1,2,5,1,0,6
ENSMUSG00000025402,Nab2,4018,4136,2950,2963,3427,1284,2636,2813,3955,3452,2882,2579
ENSMUSG00000112748,Gm6331,0,0,0,0,0,0,0,0,0,0,0,0
ENSMUSG00000085731,Gm16229,12,10,10,10,7,6,8,3,19,12,6,12
ENSMUSG00000112366,C730027H18Rik,0,0,0,0,0,5,0,0,0,0,0,0
ENSMUSG00000112189,C730027H18Rik,0,0,0,0,0,0,0,0,0,0,0,0
ENSMUSG00000112028,1700113B09Rik,0,0,0,0,0,0,0,0,0,0,0,0
ENSMUSG00000019857,Asf1a,791,953,754,836,883,485,891,900,955,836,784,694
ENSMUSG00000112332,4930466K18Rik,12,7,13,6,8,7,16,10,5,7,11,3
ENSMUSG00000019971,Cep290,85,111,58,66,130,142,58,77,66,101,170,142
ENSMUSG00000040195,Nemp1,702,727,837,821,1126,649,736,869,706,668,967,844
ENSMUSG00000087163,Gm16230,2,1,1,1,2,0,2,0,3,2,1,1
ENSMUSG00000046567,4930430F08Rik,102,102,88,67,96,99,84,93,81,73,145,129
ENSMUSG00000112000,Gm47956,1,2,0,0,0,2,1,1,0,0,1,0
ENSMUSG00000019856,Fam184a,0,0,0,0,0,0,0,0,2,1,0,0
ENSMUSG00000112809,Gm47915,0,0,0,0,0,0,0,0,0,0,0,0
ENSMUSG00000025401,Myo1a,6,7,3,7,5,5,9,7,5,4,4,7
ENSMUSG00000003923,Tfam,1290,1558,1203,1242,1182,872,1166,1263,1332,1140,1170,1134
ENSMUSG00000025400,Tac2,0,0,0,0,0,0,0,1,0,0,0,0
ENSMUSG00000044617,Zbtb39,619,614,526,456,506,285,422,586,520,494,539,521
ENSMUSG00000058396,Gpr182,0,0,0,0,0,0,1,0,0,0,0,0
ENSMUSG00000019927,Ube2d1,778,785,647,627,583,832,747,750,765,666,680,598
ENSMUSG00000112813,Gm34376,0,0,2,0,2,0,0,0,0,0,2,0
ENSMUSG00000093732,Gm20609,0,0,0,0,0,0,0,0,0,0,0,0
ENSMUSG00000089789,Rdh1,4,7,2,1,1,4,4,1,2,5,3,3
ENSMUSG00000112582,Rpl19-ps2,0,0,0,0,0,0,0,0,0,1,0,0
ENSMUSG00000099009,Rdh16f1,0,0,0,0,0,0,0,0,0,0,0,0
ENSMUSG00000037710,Cisd1,476,511,422,451,478,190,477,446,558,405,455,428
ENSMUSG00000056148,Rdh9,0,0,0,0,0,0,0,0,0,0,0,0
ENSMUSG00000069456,Rdh16,0,0,0,1,0,0,1,0,0,0,0,0
ENSMUSG00000054031,Rdh18-ps,0,0,0,0,0,0,0,0,0,0,0,0
ENSMUSG00000003746,Man1a,5438,5770,5376,5563,3672,2452,3662,4866,4587,4444,3504,3301
ENSMUSG00000054052,Rdh19,0,0,0,0,0,0,0,0,0,0,0,0
ENSMUSG00000112824,Gm47917,0,0,0,0,0,1,0,0,0,0,0,0
ENSMUSG00000097069,Gm16998,7,5,8,4,8,1,3,6,1,6,9,6
ENSMUSG00000112013,Gm47967,0,0,0,0,0,0,0,0,0,0,0,0
ENSMUSG00000112516,Gm47968,0,0,0,0,0,0,0,0,0,0,0,0
ENSMUSG00000119760,#N/A,0,0,0,0,0,0,0,0,0,0,0,0
ENSMUSG00000074639,Rdh16f2,0,0,0,0,0,0,0,0,0,0,0,0
ENSMUSG00000112882,Gm47970,0,0,0,0,0,0,0,0,0,0,0,0
ENSMUSG00000088987,Gm25602,0,0,0,0,0,0,0,0,0,0,0,0
ENSMUSG00000112575,Gm31849,1,1,0,0,2,0,1,1,0,0,1,0
ENSMUSG00000112755,Gm46190,1,0,2,2,2,0,0,0,1,1,0,2
ENSMUSG00000040134,Rdh7,0,0,0,0,0,0,0,0,0,0,0,0
ENSMUSG00000040127,Sdr9c7,0,0,0,0,0,0,0,0,0,0,0,0
ENSMUSG00000085993,Gm15905,0,0,0,0,0,0,0,0,0,0,0,0
ENSMUSG00000090036,Gm15900,0,0,0,0,0,0,0,0,0,0,0,0
ENSMUSG00000088687,Gm23996,0,0,0,0,0,0,0,0,0,0,0,0
ENSMUSG00000060733,Ipmk,1241,1294,1131,1159,1043,624,890,1202,1149,1061,916,869
ENSMUSG00000112446,Gm47949,0,0,0,0,0,0,0,0,1,0,0,0
ENSMUSG00000112108,4930551I15Rik,0,0,0,0,0,0,0,0,0,0,0,0
ENSMUSG00000112608,Gm46233,0,0,0,0,0,0,0,0,0,0,0,0
ENSMUSG00000112416,Gm47028,0,0,0,0,0,0,0,0,0,0,0,0
ENSMUSG00000112126,Gm34544,0,0,0,0,0,0,0,0,0,0,0,0
ENSMUSG00000111965,Gm4797,1,0,1,0,0,1,0,0,0,0,1,1
ENSMUSG00000112624,Gm19074,0,0,0,0,0,0,0,0,0,0,0,0
ENSMUSG00000112152,Gm47045,0,0,0,0,0,0,0,0,0,0,0,0
ENSMUSG00000112714,Gm4798,0,1,0,0,1,0,1,1,0,0,0,0
ENSMUSG00000112717,Gm6362,0,0,0,0,0,0,0,0,0,0,0,0
ENSMUSG00000025396,Hsd17b6,0,0,0,0,0,0,1,0,0,0,0,0
ENSMUSG00000111999,Gm5080,0,0,0,0,0,0,0,0,0,0,0,0
ENSMUSG00000112909,Gm10120,0,0,0,0,2,0,0,0,0,0,1,0
ENSMUSG00000077142,Gm22937,0,0,0,0,0,0,0,0,0,0,0,0
ENSMUSG00000043859,1700049L16Rik,0,0,0,0,0,0,0,0,0,0,0,0
ENSMUSG00000112185,Gm47060,0,0,0,0,0,0,0,0,0,0,0,0
ENSMUSG00000038122,Tbc1d32,5,6,8,5,14,27,7,8,7,8,20,16
ENSMUSG00000112414,Gm34609,0,0,0,0,0,0,0,0,0,0,0,0
ENSMUSG00000053830,Gm9923,0,1,0,0,0,0,0,0,0,0,0,0
ENSMUSG00000112528,Gm29794,0,0,0,1,0,0,0,0,0,0,0,0
ENSMUSG00000077642,Gm24984,0,0,0,0,0,0,0,0,0,0,0,0
ENSMUSG00000047669,Msl3l2,144,144,102,133,94,33,99,108,140,133,100,88
ENSMUSG00000071303,Rps8-ps1,0,3,0,1,2,0,2,0,1,0,0,0
ENSMUSG00000050953,Gja1,174,215,177,204,122,67,173,216,153,130,150,129
ENSMUSG00000056912,1700017N19Rik,0,0,0,0,0,0,0,0,0,0,0,0
ENSMUSG00000112833,Gm36595,0,0,0,0,0,0,0,0,0,1,0,0
ENSMUSG00000112328,Gm47325,0,0,0,0,0,0,0,0,0,0,0,0
ENSMUSG00000112175,4930452L12Rik,0,0,0,0,0,2,0,0,0,0,0,0
ENSMUSG00000112104,Gm35722,0,0,0,0,0,0,0,0,0,0,0,0
ENSMUSG00000112825,Gm9118,11,10,5,11,13,18,8,15,7,11,5,10
ENSMUSG00000111906,Gm19233,0,0,0,0,0,0,0,0,0,0,0,0
ENSMUSG00000045048,Gm9795,0,0,0,0,0,0,1,0,0,0,0,0
ENSMUSG00000087723,Gm26278,0,0,0,0,0,0,0,0,0,0,0,0
ENSMUSG00000112191,Gm31931,0,0,0,0,0,0,0,0,0,0,0,0
ENSMUSG00000112837,Gm48053,0,0,0,0,0,0,0,0,0,0,0,0
ENSMUSG00000112327,Gm36827,0,0,0,0,0,0,0,0,0,0,0,0
ENSMUSG00000112345,Gm40652,0,0,0,0,0,0,0,0,0,0,0,0
ENSMUSG00000088253,Gm24285,0,0,0,0,0,0,0,0,0,0,0,0
ENSMUSG00000112217,Gm48055,0,0,0,0,0,0,0,0,0,0,0,0
ENSMUSG00000111954,Gm7001,0,0,0,0,0,0,0,0,0,0,0,0
ENSMUSG00000111969,Gm9129,0,0,0,0,0,0,0,0,0,0,0,0
ENSMUSG00000019923,Zwint,2054,2237,1968,2063,1766,1540,2119,2395,1924,1736,1558,1374
ENSMUSG00000025395,Prim1,920,964,793,748,1126,814,943,989,877,803,1230,1139
ENSMUSG00000111988,Gm19256,0,0,0,0,0,0,0,0,0,0,0,0
ENSMUSG00000112862,Gm47094,0,0,0,0,0,0,0,0,0,0,0,0
ENSMUSG00000097370,4930467K11Rik,0,1,0,0,0,1,0,1,0,0,0,0
ENSMUSG00000112168,Gm34776,0,0,0,0,1,0,0,0,0,0,0,0
ENSMUSG00000111994,A330049N07Rik,0,0,0,0,0,1,0,0,0,0,0,0
ENSMUSG00000061315,Naca,2293,2538,2051,2182,2248,2381,2144,2474,2416,2254,2262,1983
ENSMUSG00000019878,Hsf2,600,626,816,852,989,817,748,977,649,651,721,735
ENSMUSG00000071072,Ptges3,1160,961,1080,928,1100,791,1292,1185,1183,1112,1365,1211
ENSMUSG00000111947,Gm47438,5,1,7,9,17,6,6,10,10,8,9,5
ENSMUSG00000019877,Serinc1,2962,2901,2452,2511,2357,2205,2221,2610,2755,2513,2268,2285
ENSMUSG00000093406,Rpl48-ps1,0,0,0,0,0,0,0,0,0,0,0,0
ENSMUSG00000019888,Mgat4c,0,0,0,0,0,0,0,0,0,0,1,1
ENSMUSG00000025393,Atp5b,26366,28850,21735,22596,25215,10273,22818,22733,27277,23058,24157,22756
ENSMUSG00000111931,Gm47032,0,0,0,0,0,0,0,0,0,0,0,0
ENSMUSG00000064778,Snord59a,9,7,9,12,3,1,3,4,10,6,7,5
ENSMUSG00000092952,Mir3059,0,0,0,0,0,1,0,0,0,0,0,0
ENSMUSG00000104755,Mir677,0,0,0,0,0,0,0,0,0,0,1,0
ENSMUSG00000112342,Gm47031,0,0,0,0,0,0,0,0,0,0,0,0
ENSMUSG00002075374,#N/A,0,0,0,0,0,0,0,0,0,0,0,0
ENSMUSG00000111990,Gm47033,0,0,0,0,0,0,0,0,0,0,0,0
ENSMUSG00000112012,Gm47025,0,0,0,0,0,0,0,0,0,0,0,0
ENSMUSG00000112073,Gm47101,0,0,0,0,0,0,0,0,0,0,0,0
ENSMUSG00000098139,Gm26988,0,0,0,1,0,1,0,0,0,0,1,0
ENSMUSG00000019890,Nts,17,19,10,18,10,5,27,22,13,6,8,7
ENSMUSG00000044921,Rassf9,0,0,0,0,0,4,0,0,0,0,0,0
ENSMUSG00000112221,Gm47142,0,0,0,0,0,0,0,0,0,0,0,0
ENSMUSG00000112845,Gm47143,0,0,0,0,0,0,0,0,0,0,0,0
ENSMUSG00000112046,Gm5175,1,2,1,0,0,0,2,0,0,0,1,1
ENSMUSG00000036602,Alx1,0,0,0,0,0,1,0,0,0,0,0,0
ENSMUSG00000090638,Gm17028,0,0,0,0,0,0,0,0,0,0,0,0
ENSMUSG00000019876,Pkib,52,54,40,18,24,25,29,29,34,33,54,38
ENSMUSG00000019892,Lrriq1,0,0,0,0,0,0,0,0,0,0,0,0
ENSMUSG00000093552,Gm5777,0,0,0,0,0,0,0,0,0,0,0,0
ENSMUSG00000077528,Gm25376,0,0,0,0,0,0,0,0,0,0,0,0
ENSMUSG00000112622,Gm47164,0,0,0,0,0,0,0,0,0,0,0,0
ENSMUSG00000019874,Fabp7,0,0,0,0,0,0,0,0,0,0,0,0
ENSMUSG00000019872,Smpdl3a,288,392,215,236,153,72,213,290,277,267,128,97
ENSMUSG00000058537,AW822073,0,0,0,0,0,0,0,0,0,0,0,0
ENSMUSG00000057216,Gm10807,0,0,0,0,0,0,0,0,0,0,0,0
ENSMUSG00000019894,Slc6a15,0,0,0,0,0,0,0,0,0,0,0,0
ENSMUSG00000075046,Duxf3,0,1,0,0,1,0,0,0,0,0,0,0
ENSMUSG00000112923,Gm8768,3,10,8,15,11,0,8,7,3,1,3,1
ENSMUSG00000075045,Gm4981,0,0,0,0,0,3,0,0,0,0,0,0
ENSMUSG00000112636,Gm47223,0,0,0,0,0,0,0,0,0,0,0,0
ENSMUSG00000112319,Gm47221,0,0,0,0,0,0,0,0,0,0,0,0
ENSMUSG00000093601,Gm19459,0,0,0,0,0,0,0,0,0,0,0,0
ENSMUSG00000112644,Gm47220,0,0,0,0,0,0,0,0,0,0,0,0
ENSMUSG00000112839,Gm47222,0,0,0,0,0,0,0,0,0,0,0,0
ENSMUSG00000098173,Gm26923,2,25,17,13,10,1,20,18,18,13,14,5
ENSMUSG00000112554,Gm47224,0,0,0,0,0,0,0,0,0,0,1,0
ENSMUSG00000112570,Gm47225,0,0,0,0,0,1,0,0,0,0,0,0
ENSMUSG00000064630,Gm25143,0,0,0,0,0,0,0,0,0,0,0,0
ENSMUSG00000112281,Gm47226,0,0,0,0,0,0,0,0,0,0,0,0
ENSMUSG00000112403,Gm47227,0,0,0,0,0,0,0,0,0,0,0,0
ENSMUSG00000112382,Gm47228,0,0,0,0,0,0,0,0,0,0,0,0
ENSMUSG00000091779,Gm21293,0,0,0,0,0,0,0,0,0,0,0,0
ENSMUSG00000097427,Gm6763,0,0,0,0,0,0,0,0,0,0,0,0
ENSMUSG00000097878,Gm8764,0,0,0,0,0,0,0,0,0,0,0,0
ENSMUSG00000097550,Gm21304,0,0,0,0,0,0,0,0,0,0,0,0
ENSMUSG00000094144,Gm21312,0,0,0,0,0,0,0,0,0,0,0,0
ENSMUSG00000095022,Gm20765,0,0,0,0,0,0,0,0,0,0,0,0
ENSMUSG00000090854,Gm4340,0,0,0,0,0,0,0,0,0,0,0,0
ENSMUSG00000088343,Gm22339,0,0,0,0,0,0,0,0,0,0,0,0
ENSMUSG00000099264,Mir6411,0,0,0,0,0,0,0,0,0,0,0,0
ENSMUSG00000089182,Gm22945,0,0,0,0,0,0,0,0,0,0,0,0
ENSMUSG00000089019,Gm25522,0,0,0,0,0,0,0,0,0,0,0,0
ENSMUSG00000112044,Gm48184,0,0,0,0,0,0,0,0,0,0,0,0
ENSMUSG00000064432,Gm25587,0,0,0,0,0,0,0,0,0,0,0,0
ENSMUSG00000077407,Gm25422,0,0,0,0,0,0,0,0,0,0,0,0
ENSMUSG00000103775,Gm36997,0,0,0,0,0,0,0,0,0,0,0,0
ENSMUSG00000036019,Tmtc2,54,56,67,55,64,33,45,56,39,37,44,43
ENSMUSG00000112193,Gm48206,0,0,0,0,0,0,0,0,0,0,0,0
ENSMUSG00000112176,Gm48205,0,0,0,0,0,0,0,0,0,0,1,0
ENSMUSG00000112512,Gm48203,0,0,0,0,0,1,2,0,0,0,0,0
ENSMUSG00000084399,Gm15666,0,0,0,1,0,2,1,0,2,2,1,4
ENSMUSG00000112900,Gm48204,1,0,2,0,0,1,0,0,1,1,0,0
ENSMUSG00000089904,Gm15664,0,0,0,0,0,0,0,0,0,0,0,0
ENSMUSG00000112571,Gm48207,1,0,2,0,3,0,0,0,3,0,0,0
ENSMUSG00000085282,Gm15663,2,2,1,7,1,7,3,3,0,3,4,2
ENSMUSG00000038039,Gcc2,655,765,477,573,611,843,364,686,486,706,730,654
ENSMUSG00000036009,Mettl25,352,373,291,293,292,132,243,299,351,315,279,270
ENSMUSG00002075809,#N/A,0,0,1,0,0,0,0,0,1,0,0,0
ENSMUSG00000112820,Gm48298,8,1,0,1,1,3,6,0,2,5,1,3
ENSMUSG00000019897,Ccdc59,1492,1617,1261,1197,1269,1165,1256,1295,1506,1354,1385,1299
ENSMUSG00002076481,#N/A,0,0,0,0,0,0,0,0,0,0,0,0
ENSMUSG00000088084,Gm25342,0,0,0,0,0,0,0,0,0,0,0,0
ENSMUSG00000111914,Gm8796,1,1,0,0,1,0,1,0,0,1,0,0
ENSMUSG00000112034,Gm48363,0,0,0,0,1,0,0,0,0,0,0,0
ENSMUSG00000112668,Gm48376,0,0,0,0,0,0,0,0,0,0,0,0
ENSMUSG00000112523,Gm48377,0,0,0,0,0,0,0,0,0,0,0,0
ENSMUSG00000056877,Rps15a-ps1,10,6,1,2,2,3,5,2,4,13,6,5
ENSMUSG00000112520,Gm48379,0,0,0,0,0,0,0,0,0,0,0,0
ENSMUSG00000040054,Baz2a,2994,2895,2488,2237,2095,1342,1831,2688,2352,2252,2283,2017
ENSMUSG00000112066,Gm48380,1,0,0,0,1,0,1,0,0,0,0,0
ENSMUSG00000019920,Lims1,2023,2096,1554,1360,1326,905,1153,1454,1705,1590,1713,1578
ENSMUSG00000070214,Gm23058,0,0,0,0,0,0,0,0,0,0,0,0
ENSMUSG00000003226,Ranbp2,8906,9469,7337,7341,7611,6821,3923,7451,6495,8225,8218,7544
ENSMUSG00000040043,Rbms2,401,423,286,293,359,237,300,381,381,353,440,386
ENSMUSG00000112553,Gm4556,0,0,0,0,0,1,0,0,0,0,0,0
ENSMUSG00000038010,Ccdc138,17,5,6,16,9,14,10,14,12,8,16,14
ENSMUSG00000112670,Gm18042,0,1,0,0,0,0,0,0,0,0,0,0
ENSMUSG00000003227,Edar,0,0,0,0,0,2,0,0,0,0,1,1
ENSMUSG00000091526,BB019430,0,0,0,0,0,1,0,0,0,0,0,0
ENSMUSG00000053825,Ppfia2,0,0,0,0,0,0,0,0,0,0,0,0
ENSMUSG00002075731,#N/A,0,0,0,0,0,0,0,0,0,0,0,0
ENSMUSG00000091731,Gm17542,0,0,0,0,0,4,0,0,0,0,0,0
ENSMUSG00000112424,Gm6494,0,0,0,1,0,1,0,0,1,0,0,0
ENSMUSG00000055958,Gm9987,0,0,0,0,0,0,0,0,0,0,0,0
ENSMUSG00000108029,Olfr1556-ps1,0,0,0,0,0,0,0,0,0,0,0,0
ENSMUSG00000112201,4930532I03Rik,0,0,0,0,0,2,0,0,0,0,0,0
ENSMUSG00000037990,Sh3rf3,0,0,0,0,0,0,0,0,0,0,0,0
ENSMUSG00002076965,#N/A,0,0,0,0,0,0,0,0,0,1,0,0
ENSMUSG00000044005,Gls2,90,102,96,126,140,67,145,164,104,95,138,155
ENSMUSG00000118550,AC135859.1,8,8,6,9,10,10,10,4,9,6,9,16
ENSMUSG00000035948,Acss3,0,0,0,0,0,0,0,0,0,0,0,0
ENSMUSG00000051346,Spryd4,460,561,413,423,345,147,399,412,494,452,304,297
ENSMUSG00000112443,Gm19007,0,0,0,0,0,0,0,0,0,0,0,0
ENSMUSG00000112849,Gm18040,0,0,0,0,0,0,0,0,0,0,0,0
ENSMUSG00000112863,Gm19181,0,1,0,0,0,0,0,0,0,0,0,0
ENSMUSG00000025389,Mip,0,0,0,0,0,3,0,0,0,0,0,0
ENSMUSG00000088465,Gm24745,0,0,0,0,0,0,0,0,0,0,0,0
ENSMUSG00000019917,44814,16,20,16,19,30,14,11,27,18,27,20,21
ENSMUSG00000088744,Gm23223,0,0,0,0,0,0,0,0,0,0,0,0
ENSMUSG00000112466,Gm29674,0,0,0,0,0,0,0,0,0,0,0,0
ENSMUSG00000118557,AC153941.1,0,0,1,1,0,0,1,0,0,0,0,0
ENSMUSG00000098188,Sowahc,311,328,304,308,289,212,229,341,258,264,216,203
ENSMUSG00000019906,Lin7a,14,17,10,10,29,24,15,18,5,8,7,4
ENSMUSG00000102934,Gm38117,0,0,0,0,0,0,0,0,0,0,0,0
ENSMUSG00002075236,#N/A,0,0,0,0,0,0,0,0,0,0,0,0
ENSMUSG00000000435,Myf5,0,0,0,0,0,1,2,0,0,0,0,0
ENSMUSG00000035923,Myf6,0,0,0,0,0,2,0,0,0,0,0,0
ENSMUSG00000035916,Ptprq,0,0,0,0,0,0,0,0,0,0,0,0
ENSMUSG00000091455,Otogl,5,4,1,3,2,2,2,2,1,2,5,0
ENSMUSG00000112910,Gm29685,0,0,0,0,0,0,0,0,0,0,0,0
ENSMUSG00000112401,Gm47999,0,0,0,0,0,0,0,0,0,0,0,0
ENSMUSG00000019916,P4ha1,1609,1760,1357,1461,1549,838,1301,1474,1542,1455,1567,1322
ENSMUSG00000069622,Gm10273,0,0,0,0,0,0,0,0,0,0,0,0
ENSMUSG00000009646,Pla2g12b,0,0,0,0,0,0,0,0,0,0,0,0
ENSMUSG00000009654,Oit3,33,27,15,26,14,11,18,27,13,31,19,21
ENSMUSG00000009647,Mcu,569,573,473,491,513,248,433,565,490,384,590,505
ENSMUSG00000071280,Gm10322,2,1,0,0,0,0,2,0,2,1,0,0
ENSMUSG00000019907,Ppp1r12a,3482,3656,3076,2894,2924,2691,2522,3302,3264,3067,3148,2817
ENSMUSG00000110943,Gm30674,0,0,0,0,0,0,0,0,0,0,0,0
ENSMUSG00000111106,Gm3318,0,0,0,0,0,0,0,0,0,0,0,0
ENSMUSG00000035873,Pawr,2,10,0,4,5,2,1,7,1,4,4,4
ENSMUSG00000071434,9230019H11Rik,0,0,0,0,0,0,0,0,0,0,0,0
ENSMUSG00000065653,Gm23105,0,0,0,0,0,0,0,0,0,0,0,0
ENSMUSG00000110909,B020014A21Rik,0,0,0,0,0,0,0,0,0,0,0,0
ENSMUSG00000111242,Gm8155,0,0,0,0,0,0,0,0,0,0,0,0
ENSMUSG00000111625,Gm48097,0,0,0,0,0,0,0,0,0,0,0,0
ENSMUSG00000112532,Gm36283,0,0,0,0,0,0,0,0,0,0,0,0
ENSMUSG00000110787,Gm6667,0,0,0,0,0,0,0,0,0,0,0,0
ENSMUSG00002075138,#N/A,0,0,0,0,0,0,0,0,0,0,0,0
ENSMUSG00000112065,Gm47466,1,0,0,0,0,0,0,0,0,0,0,0
ENSMUSG00000091618,H60c,0,0,0,0,0,0,0,0,0,0,0,0
ENSMUSG00000111114,Gm18703,0,0,0,0,0,0,0,0,0,0,0,0
ENSMUSG00000040653,Ppp1r14c,1,1,0,0,0,0,0,2,0,2,0,0
ENSMUSG00002076446,#N/A,0,0,0,0,0,0,0,0,0,0,0,0
ENSMUSG00000019762,Iyd,0,0,0,0,0,0,0,0,0,0,0,0
ENSMUSG00000035864,Syt1,0,0,0,0,0,0,0,1,0,0,0,0
ENSMUSG00000112039,Gm5136,0,0,0,0,0,0,0,0,0,0,0,0
ENSMUSG00000111910,Gm47472,0,0,0,0,0,0,0,0,0,0,0,0
ENSMUSG00000112905,Gm47477,0,0,0,0,0,1,0,0,0,0,0,0
ENSMUSG00002075962,#N/A,0,0,0,0,0,0,0,0,0,0,0,0
ENSMUSG00002075046,#N/A,0,0,0,0,0,0,0,0,0,0,0,0
ENSMUSG00000065802,Gm23041,0,0,0,0,0,0,0,0,0,0,0,0
ENSMUSG00000112253,Gm47329,0,0,0,0,0,0,0,0,0,0,0,0
ENSMUSG00000112260,3110043J17Rik,0,0,0,0,0,0,0,0,0,0,0,0
ENSMUSG00000020111,Micu1,225,277,142,207,167,114,197,238,261,217,229,245
ENSMUSG00000090350,Gm17148,0,0,0,0,0,0,1,0,0,1,0,0
ENSMUSG00000091184,Gm17059,0,0,0,0,0,0,0,0,0,0,0,0
ENSMUSG00000091941,Gm7399,1,1,1,1,0,1,0,2,2,2,0,1
ENSMUSG00000118697,#N/A,0,0,0,0,0,0,0,0,0,0,0,0
ENSMUSG00000112673,Gm7413,0,0,1,2,0,0,2,1,0,0,0,2
ENSMUSG00000020181,Nav3,0,0,0,0,0,3,1,0,1,0,1,0
ENSMUSG00000102410,Gm36935,0,0,0,0,0,0,0,0,0,0,0,0
ENSMUSG00000112197,Gm47337,0,0,0,0,0,0,0,0,0,0,0,0
ENSMUSG00000112556,Gm47339,0,0,0,0,0,0,0,0,0,0,0,0
ENSMUSG00000112595,Gm47340,0,0,0,0,0,0,0,0,0,0,0,0
ENSMUSG00000112548,Gm47338,0,0,0,0,0,0,0,0,0,0,0,0
ENSMUSG00000111948,Gm47055,0,0,0,0,0,0,0,0,0,0,0,0
ENSMUSG00000112398,9230102K24Rik,0,0,0,0,0,0,0,0,0,0,0,0
ENSMUSG00000112872,Gm47058,0,0,0,0,1,0,0,0,0,0,0,0
ENSMUSG00000040624,Plekhg1,2,0,0,0,0,0,0,1,0,0,2,0
ENSMUSG00000082123,Gm16149,0,0,0,0,0,0,0,0,0,0,0,0
ENSMUSG00002075426,#N/A,0,0,0,0,0,0,0,0,0,0,0,0
ENSMUSG00000082605,Gm16148,42,15,14,9,15,3,13,11,38,45,15,26
ENSMUSG00000020109,Dnajb12,1061,1130,866,934,913,554,817,1047,947,867,870,772
ENSMUSG00000020108,Ddit4,418,448,445,427,398,149,443,395,515,389,431,450
ENSMUSG00000020107,Anapc16,647,689,641,620,576,255,685,592,627,535,509,501
ENSMUSG00000044475,Ascc1,119,146,125,138,122,60,146,142,128,112,134,120
ENSMUSG00000020185,E2f7,190,206,193,188,257,183,191,263,149,139,183,161
ENSMUSG00000101801,1700020G17Rik,0,0,0,0,0,0,0,0,0,0,0,0
ENSMUSG00000089461,Gm23698,0,0,0,0,0,0,0,0,0,0,0,0
ENSMUSG00000088447,Gm22186,0,0,0,0,0,0,0,0,0,0,0,0
ENSMUSG00000087718,Gm22236,0,0,0,0,0,0,0,0,0,0,0,0
ENSMUSG00000039994,Timeless,1643,1590,1596,1485,1794,1024,1494,1843,1750,1502,1779,1620
ENSMUSG00000051716,Apon,5,5,7,2,7,7,10,4,3,5,4,2
ENSMUSG00000058297,Spock2,68,92,47,58,36,19,55,76,47,62,48,23
ENSMUSG00000105468,Mir6906,0,0,0,0,0,0,0,0,0,0,0,0
ENSMUSG00000047631,Apof,1,1,0,0,0,0,0,0,1,0,0,2
ENSMUSG00000057337,Chst3,32,26,27,22,26,16,25,19,37,21,27,24
ENSMUSG00002076467,#N/A,0,0,0,0,0,0,0,0,0,0,0,0
ENSMUSG00000020186,Csrp2,27,35,43,45,39,23,32,35,39,20,38,44
ENSMUSG00000040033,Stat2,443,479,477,541,419,244,449,627,392,447,437,449
ENSMUSG00000025383,Il23a,252,277,339,395,173,126,237,294,158,133,92,85
ENSMUSG00000064948,Gm23241,0,0,0,0,0,0,0,0,0,0,0,0
ENSMUSG00000040675,Mthfd1l,3624,4000,3251,3319,3518,1800,2890,3419,3663,3163,3302,2919
ENSMUSG00000082247,Gm16074,4,3,2,4,3,1,1,7,1,4,3,1
ENSMUSG00000065792,Gm25515,0,0,0,0,0,0,0,1,0,0,0,0
ENSMUSG00000089473,Gm25369,0,0,1,1,1,1,0,0,0,0,0,0
ENSMUSG00000111266,Gm30570,0,0,0,0,0,0,0,0,0,0,0,0
ENSMUSG00000035798,Zdhhc17,527,511,435,436,448,293,337,381,463,526,490,457
ENSMUSG00000112165,Gm48851,4,0,4,0,1,1,0,0,2,2,1,2
ENSMUSG00000091086,Rpl6l,1,1,1,1,0,0,0,0,0,0,0,1
ENSMUSG00002075246,#N/A,0,0,0,0,0,0,0,0,0,0,0,0
ENSMUSG00000111968,Gm8873,1,2,2,1,1,2,4,3,0,0,1,3
ENSMUSG00000038587,Akap12,34,32,32,30,13,15,21,37,15,17,19,26
ENSMUSG00000075327,Zbtb2,502,517,393,395,346,254,340,441,488,423,410,385
ENSMUSG00000095123,Gm21781,105,103,82,90,151,131,73,103,89,140,192,194
ENSMUSG00000019763,Rmnd1,79,91,66,71,101,82,70,88,85,73,110,121
ENSMUSG00000085687,Gm16153,2,0,0,0,0,2,0,0,0,0,1,1
ENSMUSG00000020189,Osbpl8,5451,5145,4873,4686,3414,3152,3011,4557,4084,4706,3726,3476
ENSMUSG00000112642,Gm17849,5,0,2,2,1,0,1,1,1,2,0,0
ENSMUSG00000035759,Bbs10,33,36,26,44,65,41,48,30,40,31,61,39
ENSMUSG00000112246,Gm40761,0,0,0,0,0,0,0,0,0,0,0,0
ENSMUSG00000061759,Armt1,577,608,525,458,628,344,461,480,533,479,636,545
ENSMUSG00000019767,Ccdc170,0,0,0,0,2,2,0,1,1,0,1,0
ENSMUSG00000065371,Gm22739,0,0,0,0,0,0,0,0,0,0,0,0
ENSMUSG00000112330,Gm3266,0,0,0,0,0,0,0,0,0,0,0,0
ENSMUSG00000005682,Pan2,606,738,729,645,772,480,543,770,670,642,636,626
ENSMUSG00000019768,Esr1,3,4,1,2,1,4,1,1,2,5,2,3
ENSMUSG00000025381,Cnpy2,443,504,357,432,446,232,450,398,443,403,509,452
ENSMUSG00000005683,Cs,6033,6657,4998,5012,4877,1946,5160,5376,5482,4934,4944,4435
ENSMUSG00000089313,Gm23182,1,1,1,2,1,0,1,3,0,1,1,0
ENSMUSG00000039914,Coq10a,113,126,103,79,100,42,104,98,115,109,123,123
ENSMUSG00000014498,Ankrd52,6933,7033,5642,5370,6008,2953,3738,6314,6097,5709,6597,6152
ENSMUSG00002074905,#N/A,0,0,0,0,0,0,0,0,0,0,0,0
ENSMUSG00000098701,Mir6914,0,0,2,0,0,0,0,2,1,0,0,0
ENSMUSG00000106600,Mir6915,0,0,4,1,0,0,0,1,2,0,0,1
ENSMUSG00000090761,Gm17201,1,2,0,0,0,0,0,0,1,0,0,1
ENSMUSG00000058799,Nap1l1,6519,6823,6112,6008,7306,5285,6768,6552,6803,5923,7938,6562
ENSMUSG00000087819,Gm25117,16,2,5,5,7,9,2,10,14,7,21,8
ENSMUSG00000111997,Gm5176,4,3,5,6,18,4,2,5,3,2,27,6
ENSMUSG00000020205,Phlda1,2149,2351,1921,2011,1802,1516,1744,1796,1795,1651,1336,1192
ENSMUSG00000100113,Gm28592,4,4,4,2,9,5,5,0,8,7,1,2
ENSMUSG00000097082,4933440J02Rik,0,0,0,0,0,0,0,0,0,0,0,0
ENSMUSG00000112249,Gm30262,1,5,0,0,0,1,2,2,0,0,1,0
ENSMUSG00000112357,Gm47864,0,0,0,0,0,0,0,0,0,0,0,0
ENSMUSG00000039878,Slc39a5,0,2,0,0,1,0,3,1,0,0,0,1
ENSMUSG00000112430,Gm30624,0,0,0,0,0,0,0,0,0,0,0,0
ENSMUSG00000112137,Gm47865,0,0,0,0,0,1,1,0,0,0,0,0
ENSMUSG00000112706,Gm46193,0,0,0,0,0,0,0,0,0,0,0,0
ENSMUSG00000112802,Gm19005,0,0,0,0,0,0,0,0,0,0,0,0
ENSMUSG00000102180,Gm37189,0,0,0,0,0,0,0,0,0,0,0,0
ENSMUSG00000112321,Gm47866,0,0,0,0,0,0,0,0,0,0,0,0
ENSMUSG00000112533,Gm20758,0,0,0,0,0,0,0,0,0,0,0,0
ENSMUSG00000112628,Gm47880,0,0,0,0,0,0,0,0,0,0,0,0
ENSMUSG00000063334,Krr1,2940,3018,2603,2521,2538,2175,2219,2621,2746,2756,2772,2481
ENSMUSG00000025374,Nabp2,867,799,568,554,930,845,760,871,788,636,1191,868
ENSMUSG00002075171,#N/A,0,0,0,0,0,0,0,0,0,0,0,0
ENSMUSG00000056888,Glipr1,1074,1541,1080,1259,908,785,1235,1294,1046,1047,930,779
ENSMUSG00000110391,Gm7269,0,0,0,0,1,0,0,0,0,0,0,0
ENSMUSG00000020213,Glipr1l1,0,0,0,0,0,0,0,0,0,0,0,0
ENSMUSG00000020214,Glipr1l2,0,0,0,0,0,1,0,0,0,0,0,0
ENSMUSG00000090162,Gm6808,0,0,0,1,0,2,1,0,0,0,0,0
ENSMUSG00000089667,Gm15914,0,0,0,0,0,0,0,0,0,0,0,0
ENSMUSG00000112334,Gm48047,0,0,0,0,0,0,0,0,0,0,0,0
ENSMUSG00000112611,Glipr1l3,0,0,0,0,0,0,0,0,0,0,0,0
ENSMUSG00000025373,Rnf41,501,548,424,401,487,250,428,489,439,415,531,485
ENSMUSG00000088151,Gm26347,0,1,0,0,0,0,0,0,0,1,0,1
ENSMUSG00000098957,Mir8105,0,0,0,0,0,0,0,0,0,0,0,0
ENSMUSG00000096054,Syne1,209,226,171,170,115,72,89,156,209,187,145,124
ENSMUSG00000035694,Caps2,0,0,0,0,0,0,0,0,0,0,0,0
ENSMUSG00000112564,Gm47419,0,0,0,0,0,0,0,0,0,0,0,0
ENSMUSG00000119411,#N/A,0,0,0,0,0,0,0,0,0,0,0,0
ENSMUSG00000046916,Myct1,0,0,0,0,1,0,0,0,0,0,0,0
ENSMUSG00000019772,Vip,0,0,0,0,0,0,0,0,0,0,0,0
ENSMUSG00000110983,Gm47679,0,0,0,0,0,0,0,0,0,0,0,0
ENSMUSG00000035681,Kcnc2,0,0,1,0,0,2,0,1,2,0,1,0
ENSMUSG00000112678,Gm47492,0,0,0,0,0,0,0,0,0,0,0,0
ENSMUSG00000019773,Fbxo5,482,485,559,522,772,582,653,716,473,475,597,549
ENSMUSG00000100314,1700010J16Rik,0,0,0,0,0,0,0,0,0,0,0,0
ENSMUSG00000112722,Gm3942,0,0,0,0,0,0,0,0,0,0,0,0
ENSMUSG00000074748,Atxn7l3b,2657,2739,2236,2312,2004,722,2281,2061,2420,2297,1697,1691
ENSMUSG00000097185,Gm26596,3,2,1,2,1,1,2,1,2,7,1,4
ENSMUSG00000064707,Gm22507,0,0,0,0,0,0,0,0,0,0,0,0
ENSMUSG00000112807,Gm47519,0,0,0,0,0,0,0,0,0,0,0,0
ENSMUSG00000019774,Mtrf1l,239,263,251,204,262,191,209,200,255,224,304,258
ENSMUSG00000111979,Gm47522,0,0,0,0,0,0,0,0,0,0,0,0
ENSMUSG00000112228,Gm47524,0,0,0,0,0,0,0,0,0,0,0,0
ENSMUSG00000112767,Gm47532,0,0,0,0,0,0,0,0,0,0,0,0
ENSMUSG00000112750,Gm47534,0,0,0,0,0,0,0,0,0,0,0,0
ENSMUSG00000112087,Gm40765,0,0,0,0,0,0,0,0,0,0,0,0
ENSMUSG00000112438,Gm40810,0,0,0,0,0,0,0,0,0,0,0,0
ENSMUSG00000112181,Gm47538,1,0,0,0,1,0,0,0,0,0,0,0
ENSMUSG00000104006,Gm38333,0,0,0,0,0,0,0,0,0,0,0,0
ENSMUSG00000112921,Gm48104,0,0,0,0,0,0,0,0,0,0,0,0
ENSMUSG00000104335,Gm38281,0,0,0,0,0,0,0,0,0,0,0,0
ENSMUSG00000019775,Rgs17,0,0,0,0,0,1,0,0,0,0,0,2
ENSMUSG00000112179,Gm3213,0,0,0,0,0,0,0,0,0,0,0,0
ENSMUSG00000112312,Gm47755,0,0,0,0,0,0,0,0,0,0,0,0
ENSMUSG00000111902,Gm4921,0,0,1,0,0,0,0,0,0,0,0,0
ENSMUSG00000078488,Gm10945,0,0,0,0,0,0,0,0,0,0,0,0
ENSMUSG00000050663,Trhde,0,0,0,0,0,1,0,0,0,0,0,0
ENSMUSG00000089934,4930473D10Rik,0,0,0,0,0,0,0,0,0,0,0,0
ENSMUSG00000084865,Gm15723,0,0,0,0,0,0,0,0,0,0,0,0
ENSMUSG00000111883,Gm31182,0,0,0,0,0,2,0,0,0,0,0,0
ENSMUSG00002075120,#N/A,0,0,0,0,0,1,0,0,0,1,0,0
ENSMUSG00000112016,Gm31267,0,0,0,0,0,0,0,0,0,0,0,0
ENSMUSG00000119363,#N/A,0,0,0,0,0,1,0,0,0,0,0,0
ENSMUSG00000006764,Tph2,0,0,0,0,0,1,0,0,0,0,1,0
ENSMUSG00000020130,Tbc1d15,1509,1362,1159,1149,1150,900,1011,1243,1303,1317,1243,1145
ENSMUSG00002076231,#N/A,0,0,0,0,0,0,0,0,0,0,0,0
ENSMUSG00000111964,Gm8942,1,2,1,0,0,0,0,0,0,1,1,0
ENSMUSG00000020132,Rab21,1742,1676,1373,1249,1248,923,1306,1383,1407,1295,1376,1325
ENSMUSG00000112301,Gm10752,6,0,7,5,6,8,9,2,5,5,5,0
ENSMUSG00000025369,Smarcc2,3754,3854,2884,2950,3268,2663,2641,3797,3272,3041,3898,3350
ENSMUSG00000069520,Tmem19,752,835,506,557,462,216,545,544,580,498,484,445
ENSMUSG00000020137,Thap2,330,366,270,266,358,354,268,311,322,266,470,411
ENSMUSG00000034163,Zfc3h1,1897,1948,1677,1561,1772,1378,1170,1728,1558,1622,2031,1926
ENSMUSG00000112822,A130012E19Rik,7,4,5,4,5,11,5,5,4,9,4,7
ENSMUSG00000090841,Myl6,911,1108,746,880,896,425,898,1132,994,855,1049,796
ENSMUSG00000039824,Myl6b,9,11,13,16,12,12,15,13,13,11,20,12
ENSMUSG00000020140,Lgr5,0,0,3,0,1,6,0,1,0,0,0,0
ENSMUSG00000092210,A930009A15Rik,0,0,0,0,0,0,0,0,0,0,0,0
ENSMUSG00000112099,Gm8960,3,11,7,9,6,17,10,13,12,5,9,7
ENSMUSG00000112513,4930422I22Rik,0,0,0,0,0,0,0,0,0,0,0,0
ENSMUSG00000034127,Tspan8,1,1,0,0,0,1,0,0,0,0,0,0
ENSMUSG00000025366,Esyt1,4984,5338,4156,4326,3583,1437,4652,5454,4000,3730,4092,3968
ENSMUSG00000099292,Mir6916,0,1,0,0,0,0,0,1,0,1,1,0
ENSMUSG00000100548,Gm29585,2,2,0,1,2,1,2,1,1,1,5,1
ENSMUSG00000039810,Zc3h10,510,491,312,323,455,203,302,337,455,404,503,492
ENSMUSG00000093674,Rpl41,2584,3013,2300,2806,2990,2411,3216,3534,2913,2433,3079,2671
ENSMUSG00000112850,Gm9176,9,1,3,2,1,2,0,1,5,7,4,5
ENSMUSG00000025364,Pa2g4,12123,12765,10502,10957,13338,11613,11432,12680,12927,11159,15264,12773
ENSMUSG00002076354,#N/A,0,0,0,0,0,0,1,0,0,0,0,0
ENSMUSG00000018166,Erbb3,143,130,152,151,118,76,74,115,141,99,125,121
ENSMUSG00000098592,Mir6917,0,0,0,0,0,0,0,0,0,0,0,0
ENSMUSG00000111936,Gm47540,0,0,0,1,4,11,0,2,0,0,0,0
ENSMUSG00000112068,Gm9182,3,1,0,1,1,3,2,0,3,4,1,4
ENSMUSG00000004207,Psap,1907,1969,1485,1561,1479,628,1706,1919,1612,1432,1523,1298
ENSMUSG00000025362,Rps26,7667,8956,6601,7243,7702,9512,8677,9481,8003,7218,8262,7369
ENSMUSG00000020151,Ptprr,0,1,0,0,0,0,0,0,0,0,0,0
ENSMUSG00000074734,Taf7l2,0,0,0,0,0,0,0,0,0,0,1,0
ENSMUSG00000002578,Ikzf4,470,454,411,373,447,277,478,546,495,427,638,567
ENSMUSG00000097372,Gm26876,1,2,2,2,3,4,3,1,2,6,1,2
ENSMUSG00000049858,Suox,238,236,190,144,205,128,186,173,228,191,250,230
ENSMUSG00000118400,Gm6336,44,22,15,19,16,12,21,23,28,43,21,29
ENSMUSG00000000711,Rab5b,444,522,396,358,448,219,333,377,371,395,394,406
ENSMUSG00000020154,Ptprb,0,3,0,0,1,4,0,0,0,0,1,0
ENSMUSG00000112461,Gm47625,0,0,0,0,0,2,0,0,0,0,0,0
ENSMUSG00000065086,Gm26495,0,0,0,0,0,0,0,0,0,0,0,0
ENSMUSG00000054934,Kcnmb4,15,16,16,14,12,12,19,18,19,15,12,11
ENSMUSG00000020164,Kcnmb4os1,0,0,0,0,0,0,0,0,0,0,0,0
ENSMUSG00000000766,Oprm1,1,1,2,1,2,2,0,3,4,0,1,1
ENSMUSG00000025358,Cdk2,780,791,771,741,892,384,864,931,723,624,905,819
ENSMUSG00000085837,Kcnmb4os2,2,2,3,1,0,3,4,0,3,1,0,3
ENSMUSG00000025359,Pmel,4,6,7,6,6,3,3,6,4,0,4,4
ENSMUSG00000025357,Dgka,1311,1688,1449,1803,965,646,1395,1931,1327,1385,780,723
ENSMUSG00000064030,Pym1,642,717,498,511,539,314,613,598,753,646,692,569
ENSMUSG00000045055,Rpsa-ps2,15,15,13,13,8,10,11,21,11,11,10,15
ENSMUSG00000112429,Gm47093,0,1,0,0,0,0,0,0,2,0,0,0
ENSMUSG00000025355,Mmp19,1,5,4,2,1,2,1,1,1,0,0,2
ENSMUSG00000047090,Tmem198b,88,60,51,63,45,30,42,51,43,48,59,57
ENSMUSG00000064065,Ipcef1,4287,4315,3034,2900,2916,2074,1827,2688,4095,3848,2519,2279
ENSMUSG00000081926,Gm15536,0,0,0,0,0,0,0,0,0,0,0,0
ENSMUSG00000025354,Dnajc14,1623,1735,1321,1357,1296,705,1139,1368,1524,1434,1351,1311
ENSMUSG00000015202,Cnksr3,142,137,121,110,105,68,102,129,153,131,131,132
ENSMUSG00000112057,Gm21321,0,0,0,0,0,0,0,0,0,0,0,0
ENSMUSG00000078427,Sarnp,367,345,268,257,343,386,273,358,347,338,389,333
ENSMUSG00000079685,Ulbp1,492,474,607,541,515,433,451,612,422,338,417,380
ENSMUSG00000112474,Gm46209,0,0,0,0,1,0,0,0,0,0,0,1
ENSMUSG00000112394,Gm48121,0,0,0,0,0,0,0,0,0,0,0,0
ENSMUSG00000025353,Ormdl2,522,631,491,534,611,272,546,514,572,489,542,474
ENSMUSG00000025352,Gdf11,220,255,194,205,281,167,156,228,244,229,254,253
ENSMUSG00000019796,Lrp11,118,155,101,94,108,63,89,99,135,89,108,119
ENSMUSG00000087350,Gm16254,0,0,0,0,0,0,0,0,1,0,0,0
ENSMUSG00000025351,Cd63,42,55,38,33,27,9,31,23,32,15,20,17
ENSMUSG00000025350,Rdh5,5,8,18,6,11,4,8,11,9,9,14,6
ENSMUSG00000090247,Bloc1s1,3,3,9,10,16,3,6,9,8,5,3,6
ENSMUSG00000019795,Pcmt1,1381,1605,1366,1410,1470,760,1557,1485,1499,1253,1204,1087
ENSMUSG00000040034,Nup43,633,752,644,668,871,439,760,724,664,663,775,761
ENSMUSG00000040021,Lats1,2629,2702,2266,2057,1909,1482,1489,2251,2193,2048,2064,1860
ENSMUSG00000020166,Cnot2,2817,3020,2416,2439,2638,2008,2252,2484,2881,2680,2567,2305
ENSMUSG00000025348,Itga7,94,152,79,137,9,5,63,94,55,45,6,5
ENSMUSG00000052291,5330438D12Rik,26,23,17,28,42,23,26,20,21,18,26,32
ENSMUSG00002076243,#N/A,0,0,1,0,0,1,0,1,1,0,0,1
ENSMUSG00000088768,Gm25494,0,0,0,0,0,0,0,0,0,0,0,0
ENSMUSG00000112881,Gm49344,0,0,0,0,0,1,0,0,0,0,0,0
ENSMUSG00000111937,Gm46203,0,0,1,1,0,0,1,2,2,3,1,0
ENSMUSG00000112436,Gm48403,0,0,0,0,0,0,0,0,0,0,0,0
ENSMUSG00000097104,Gm26579,0,0,0,0,0,0,0,0,0,1,1,0
ENSMUSG00000100198,1700030O20Rik,0,0,0,0,0,0,0,0,0,0,0,0
ENSMUSG00000112924,4930579P08Rik,0,0,0,0,0,0,0,0,0,0,0,0
ENSMUSG00000025347,Mettl7b,0,0,0,1,0,0,0,0,0,0,0,0
ENSMUSG00000097691,9030616G12Rik,0,0,0,0,0,0,0,0,0,0,0,0
ENSMUSG00000069430,Olfr9,0,0,0,0,0,0,0,0,0,0,0,0
ENSMUSG00000063374,Olfr763,0,0,0,0,0,0,0,0,0,0,0,0
ENSMUSG00000107648,Olfr764-ps1,0,0,0,0,0,0,0,0,0,0,0,0
ENSMUSG00000019794,Katna1,1145,1382,1055,1105,1014,748,1123,1060,1198,1151,1028,885
ENSMUSG00000056853,Olfr765,0,0,0,0,0,0,0,0,0,0,0,0
ENSMUSG00000092190,Gm20470,1,2,0,1,0,1,1,0,2,3,0,3
ENSMUSG00000107748,Olfr766-ps1,0,0,0,0,0,0,0,0,0,0,0,0
ENSMUSG00000059762,Olfr767,0,0,0,0,0,0,0,0,0,0,1,0
ENSMUSG00000050198,Olfr768,0,0,0,0,0,0,0,0,0,0,0,0
ENSMUSG00000034057,Myrfl,0,0,0,0,0,0,0,0,0,0,0,0
ENSMUSG00000042801,Olfr769,0,0,1,0,1,2,0,0,0,0,0,0
ENSMUSG00000047868,Olfr770,0,0,0,0,0,0,0,0,0,0,0,0
ENSMUSG00000061367,Olfr771,0,0,0,0,0,0,0,0,0,0,0,0
ENSMUSG00000040006,Ginm1,478,532,373,428,387,380,393,532,507,488,405,364
ENSMUSG00000107662,Olfr772,0,0,0,0,0,0,0,0,0,0,0,0
ENSMUSG00002075507,#N/A,0,0,0,0,0,0,0,0,0,0,0,0
ENSMUSG00000085211,B430219N15Rik,0,1,1,1,0,0,0,1,1,0,0,2
ENSMUSG00000096000,Olfr773,0,0,0,0,0,0,0,0,0,0,0,0
ENSMUSG00000064181,Rab3ip,354,378,353,368,399,263,399,419,374,332,361,301
ENSMUSG00000096229,Olfr774,0,0,0,0,0,0,0,0,0,0,0,0
ENSMUSG00000112627,4933412E12Rik,63,54,55,53,40,32,92,69,55,53,63,61
ENSMUSG00000069518,Gm10271,0,0,0,0,0,0,0,0,0,0,0,0
ENSMUSG00000096220,Olfr775,0,0,0,0,0,0,0,0,0,0,0,0
ENSMUSG00000031294,D630029K05Rik,1,0,1,1,2,1,1,3,0,0,1,1
ENSMUSG00000095483,Olfr776,0,0,0,0,0,0,0,0,0,0,0,0
ENSMUSG00000015757,Ppil4,1512,1537,1260,1277,1312,1371,1213,1358,1289,1311,1425,1294
ENSMUSG00000111966,Gm5781,11,80,42,64,46,226,67,78,14,5,86,9
ENSMUSG00000081497,Gm15560,0,0,0,0,0,1,0,0,0,0,0,1
ENSMUSG00000062914,Olfr777,0,0,0,0,0,0,0,0,0,0,0,0
ENSMUSG00000107803,Olfr778-ps1,0,0,0,0,0,0,0,0,0,0,0,0
ENSMUSG00000077280,Gm25764,0,0,0,0,0,0,0,0,0,0,0,0
ENSMUSG00000039981,Zc3h12d,896,1044,905,1021,760,420,952,1158,992,885,959,904
ENSMUSG00000020169,Best3,0,0,0,1,0,7,0,1,0,0,0,0
ENSMUSG00000112242,Gm10747,0,0,0,0,0,0,0,0,0,0,0,0
ENSMUSG00000093060,Mir5104,0,0,0,0,0,0,2,0,1,1,0,0
ENSMUSG00000044537,Olfr779,0,0,0,0,0,0,0,0,0,0,0,0
ENSMUSG00000088857,Gm24726,0,0,0,0,0,0,0,0,0,0,0,0
ENSMUSG00000060187,Lrrc10,0,0,0,0,0,0,0,0,0,0,0,0
ENSMUSG00000049573,Olfr780,0,0,0,0,0,0,0,0,0,0,0,0
ENSMUSG00000095138,Olfr781,0,0,0,0,0,0,0,0,0,0,0,0
ENSMUSG00000095075,Olfr782,0,0,0,0,0,0,0,0,0,0,0,0
ENSMUSG00000107790,Olfr783-ps1,0,0,0,0,0,0,0,0,0,0,0,0
ENSMUSG00000094347,Olfr784,0,0,0,0,0,0,0,0,0,0,0,1
ENSMUSG00000111732,Olfr785,0,0,0,0,0,0,0,0,0,0,0,0
ENSMUSG00000095696,Olfr786,0,0,0,0,0,0,0,0,0,0,0,0
ENSMUSG00000015755,Tab2,4561,4834,3818,4072,3701,4222,3146,4435,4194,4104,4082,3352
ENSMUSG00000096497,Olfr787,0,0,0,0,0,2,0,0,0,0,1,0
ENSMUSG00000112360,Gm48614,0,0,0,0,0,0,0,0,0,0,0,0
ENSMUSG00000112109,Gm30906,0,0,0,0,0,1,1,1,1,0,0,0
ENSMUSG00000049217,Olfr788,0,0,0,0,0,1,0,0,0,0,0,0
ENSMUSG00000111273,Olfr789,0,0,0,0,0,0,0,0,0,0,0,0
ENSMUSG00000047712,Ust,285,319,251,310,122,81,160,222,249,211,69,79
ENSMUSG00000077582,Gm24374,0,0,0,0,0,0,0,0,0,0,0,0
ENSMUSG00000044025,Olfr790,0,0,0,0,0,0,0,0,0,0,0,0
ENSMUSG00000111215,Gm48654,0,0,0,0,0,0,0,0,0,0,0,0
ENSMUSG00000047626,Olfr791,0,0,0,0,0,0,0,0,0,0,0,0
ENSMUSG00000094496,Olfr792,0,0,0,0,0,0,0,0,0,0,0,0
ENSMUSG00000107615,Olfr793-ps1,0,0,0,0,0,0,0,0,0,0,0,0
ENSMUSG00000044293,Olfr794,0,0,0,0,0,2,0,0,0,0,0,0
ENSMUSG00000107555,Olfr795-ps1,0,0,0,0,0,1,0,0,0,0,1,0
ENSMUSG00002076168,#N/A,0,0,0,0,0,0,0,0,0,0,0,0
ENSMUSG00000052012,Olfr796,0,0,0,0,0,0,0,0,0,0,2,0
ENSMUSG00000107400,Olfr797-ps1,0,0,0,0,0,0,0,0,0,0,0,0
ENSMUSG00000095002,Olfr798,0,0,0,0,0,0,0,0,0,0,0,0
ENSMUSG00000015305,Sash1,0,0,0,0,0,6,1,3,0,2,1,0
ENSMUSG00000065692,Gm25410,0,0,0,0,0,0,0,0,0,0,0,0
ENSMUSG00000111165,4930553I21Rik,0,0,0,0,0,0,0,0,0,0,0,0
ENSMUSG00000097597,Gm26674,0,0,0,0,0,0,0,0,0,0,0,0
ENSMUSG00000094734,Olfr799,0,0,0,0,0,0,0,0,0,0,0,0
ENSMUSG00000111731,Gm48727,0,0,0,0,0,0,0,0,0,0,0,0
ENSMUSG00000111674,Gm48728,0,0,0,0,0,0,0,0,0,0,0,0
ENSMUSG00000111077,Gm48743,0,0,0,0,0,0,0,0,1,0,0,0
ENSMUSG00000108114,Olfr800,0,0,0,0,0,0,0,0,0,0,0,0
ENSMUSG00000112543,Gm48744,0,0,0,0,0,0,0,0,0,0,0,0
ENSMUSG00000112019,Gm48748,0,0,0,0,0,0,0,0,0,0,0,0
ENSMUSG00000111627,Gm48749,0,0,0,0,0,0,0,0,0,0,0,0
ENSMUSG00000112048,Gm48750,0,0,0,0,0,0,0,0,0,0,0,0
ENSMUSG00000112307,Gm48751,0,0,0,0,1,0,0,0,0,0,0,0
ENSMUSG00000058513,Olfr801,0,0,0,0,0,4,0,0,0,0,0,0
ENSMUSG00000112827,Gm48753,0,0,0,0,0,0,0,0,0,0,0,0
ENSMUSG00000053980,Gm9930,0,0,0,0,0,0,0,0,0,0,0,0
ENSMUSG00000111951,Gm48755,0,0,0,0,0,2,0,0,0,0,0,0
ENSMUSG00000093866,Olfr802,0,0,0,0,0,0,0,0,0,0,0,0
ENSMUSG00000112700,Gm48757,0,0,0,0,0,0,0,0,0,0,0,0
ENSMUSG00000112162,Gm48758,0,0,0,0,0,0,0,0,0,0,0,0
ENSMUSG00000046041,Olfr803,0,0,0,0,0,0,0,0,0,1,0,0
ENSMUSG00000112303,Gm48759,0,0,0,0,0,0,0,0,0,0,0,0
ENSMUSG00000088147,Gm24717,0,0,0,0,0,0,0,0,0,0,0,0
ENSMUSG00000095401,Olfr804,0,0,0,0,1,0,0,0,0,0,0,0
ENSMUSG00000060487,Samd5,3,0,1,2,0,0,0,0,0,1,1,0
ENSMUSG00000112680,Gm48760,0,0,0,0,0,0,0,0,0,0,0,0
ENSMUSG00000111901,Gm6150,0,0,0,0,0,0,0,0,0,0,0,0
ENSMUSG00000112200,Gm19161,0,0,0,0,0,0,0,0,0,0,0,0
ENSMUSG00000096858,Olfr805,0,0,0,0,0,0,0,0,0,0,0,0
ENSMUSG00002075880,#N/A,0,0,0,0,0,0,0,0,0,0,0,0
ENSMUSG00000071065,Olfr806,0,0,0,0,0,0,0,0,0,0,0,0
ENSMUSG00000050478,Olfr807,0,0,0,0,0,0,0,0,0,0,0,0
ENSMUSG00000049894,Olfr808,0,0,0,0,0,1,0,0,0,0,0,0
ENSMUSG00000050251,Olfr809,0,0,0,0,0,0,0,0,0,0,0,0
ENSMUSG00000069421,Olfr810,0,0,0,0,0,4,0,0,0,0,0,0
ENSMUSG00000063173,Olfr811,0,0,0,0,0,0,0,0,0,0,0,0
ENSMUSG00000049052,Olfr812,0,0,0,0,0,0,0,0,0,0,0,0
ENSMUSG00000052818,Olfr813,0,0,0,0,0,0,0,0,0,0,0,0
ENSMUSG00000059134,Olfr814,0,0,0,0,0,0,0,0,0,0,1,0
ENSMUSG00000061961,Olfr815,0,0,0,0,0,0,0,0,0,0,0,0
ENSMUSG00000063715,Olfr816,0,0,0,0,0,0,0,0,0,0,0,0
ENSMUSG00000107399,AC134333.1,0,0,0,0,0,0,0,0,0,0,0,0
ENSMUSG00000058071,Olfr818,0,0,0,0,0,0,0,0,0,0,0,0
ENSMUSG00000094295,Olfr819,0,0,0,0,0,0,0,0,0,0,0,0
ENSMUSG00000095608,Olfr247,0,0,0,0,0,0,0,0,0,0,0,0
ENSMUSG00000094632,Gm10310,0,0,0,0,0,0,0,0,0,0,0,0
ENSMUSG00000107423,Gm43977,0,0,0,0,0,0,0,0,0,0,0,0
ENSMUSG00000048745,Olfr820,0,0,0,0,0,0,0,0,0,0,0,0
ENSMUSG00000044897,Olfr821,0,0,0,0,0,0,0,0,0,0,0,0
ENSMUSG00000058251,Olfr822,0,0,0,0,0,0,0,0,0,0,1,0
ENSMUSG00000108253,Olfr1542-ps1,0,0,0,0,0,0,0,0,0,0,0,0
ENSMUSG00000096747,Olfr823,0,0,0,0,0,0,0,0,0,0,0,0
ENSMUSG00000098216,Gm5181,2,0,4,3,2,1,3,0,4,1,1,1
ENSMUSG00000095804,Olfr824,0,0,0,0,0,0,0,0,0,0,0,0
ENSMUSG00000108134,Gm9560,0,0,0,0,0,0,0,0,0,0,0,0
ENSMUSG00000058084,Olfr825,0,0,0,0,0,0,0,0,0,0,0,0
ENSMUSG00000112688,Gm48514,0,0,0,0,0,0,0,0,0,0,0,0
ENSMUSG00000059862,Olfr826,0,0,0,0,0,0,0,0,0,0,0,0
ENSMUSG00000019790,Stxbp5,1463,1548,1218,1201,1164,738,951,1261,1255,1166,1150,1007
ENSMUSG00000045559,Olfr827,0,0,0,0,0,0,0,0,0,0,0,0
ENSMUSG00000064609,Gm25635,0,0,0,0,0,2,0,0,0,1,0,0
ENSMUSG00000112146,Gm46210,0,0,0,0,0,0,0,0,0,0,1,0
ENSMUSG00000048015,Neurod4,0,0,0,0,0,0,0,0,0,0,0,0
ENSMUSG00000101621,Gm28905,0,0,0,0,0,0,0,1,0,0,0,0
ENSMUSG00000112059,Gm48282,0,0,0,0,0,0,0,0,0,0,0,0
ENSMUSG00000112074,Gm48278,0,0,0,0,0,0,0,0,0,0,0,0
ENSMUSG00000112713,Gm48281,0,0,0,0,1,6,0,0,0,0,2,0
ENSMUSG00000065876,Gm25682,0,0,0,0,0,0,0,0,0,0,0,0
ENSMUSG00000112060,Gm48279,0,0,0,0,0,0,0,0,0,0,0,0
ENSMUSG00000112589,Gm48280,0,0,0,0,0,0,0,0,0,0,0,0
ENSMUSG00000109160,4930598N05Rik,0,0,0,0,0,0,0,0,0,0,0,0
ENSMUSG00000108973,Gm44555,0,0,0,0,0,0,0,0,0,0,0,0
ENSMUSG00000112219,Gm31904,0,0,0,0,0,0,0,0,0,0,0,0
ENSMUSG00000112573,Gm48324,0,0,0,0,0,0,1,0,0,0,0,0
ENSMUSG00000034833,Tespa1,406,447,389,411,345,265,259,322,425,386,447,407
ENSMUSG00000070601,Vmn2r84,0,0,0,0,0,1,0,0,0,0,0,0
ENSMUSG00000040540,Gm9770,0,0,0,0,0,0,2,0,0,0,0,0
ENSMUSG00000092048,Vmn2r85,0,0,0,0,0,1,0,0,0,0,0,0
ENSMUSG00000092162,Vmn2r86,0,0,0,0,0,0,0,0,0,0,0,0
ENSMUSG00000112712,Gm18755,0,0,0,0,0,0,0,0,0,0,0,0
ENSMUSG00000091511,Vmn2r87,0,0,0,0,0,0,0,0,0,0,0,0
ENSMUSG00000112195,Gm35405,0,2,0,1,0,1,0,1,0,0,0,0
ENSMUSG00000112742,Gm31793,0,1,0,3,4,0,1,2,1,2,2,0
ENSMUSG00000096766,Gm23793,0,0,0,0,0,0,0,0,0,0,0,0
ENSMUSG00002075122,#N/A,0,0,0,0,0,0,0,0,0,0,0,0
ENSMUSG00000096755,Ftl1-ps2,0,3,0,0,0,0,1,3,0,0,1,0
ENSMUSG00000050994,Adgb,0,0,0,0,0,1,0,0,0,0,0,0
ENSMUSG00000083257,Gm15568,0,1,0,0,0,1,0,0,0,0,0,1
ENSMUSG00000112351,Gm48326,0,0,0,0,0,0,0,0,0,0,0,0
ENSMUSG00000019832,Rab32,70,87,61,49,63,49,67,44,70,81,52,64
ENSMUSG00000098065,Gm5177,9,5,7,11,5,2,14,11,11,5,5,10
ENSMUSG00000087884,Gm23601,0,0,0,0,0,0,0,0,0,0,0,0
ENSMUSG00000078481,Gm10944,0,0,0,0,0,0,0,0,0,0,0,0
ENSMUSG00000019828,Grm1,0,0,0,0,0,0,0,0,0,0,1,0
ENSMUSG00000012819,Cdh23,443,483,451,426,287,121,303,384,385,343,170,172
ENSMUSG00000112772,Gm48400,0,0,0,0,0,0,0,0,0,0,0,0
ENSMUSG00000112730,4930567K20Rik,0,0,0,0,0,0,0,0,0,0,0,0
ENSMUSG00000111921,Gm48406,0,0,0,0,0,0,0,0,0,0,0,0
ENSMUSG00000020101,Vsir,3152,3392,2330,2763,1925,842,1670,2250,3179,3047,1614,1513
ENSMUSG00000090439,Gm17455,10,8,5,3,3,7,7,3,1,10,2,1
ENSMUSG00000020100,Slc29a3,3634,3811,3503,3481,3438,2225,2466,3570,3451,3201,2135,2064
ENSMUSG00000090112,Shprh,1360,1370,1128,1071,1305,1003,721,1125,1159,1192,1469,1316
ENSMUSG00000090070,Gm16577,0,0,0,0,0,0,0,0,0,0,0,0
ENSMUSG00000097007,4930432B10Rik,0,0,0,0,1,0,0,0,0,0,1,0
ENSMUSG00000047648,Fbxo30,451,490,363,317,441,334,331,333,429,400,438,459
ENSMUSG00000020099,Unc5b,53,65,52,49,38,23,66,69,73,48,45,51
ENSMUSG00000111983,Gm48666,0,0,0,0,0,0,0,0,0,0,0,0
ENSMUSG00000087802,Gm25979,0,0,0,0,0,0,0,0,0,0,0,0
ENSMUSG00000112592,Gm19972,0,0,0,0,0,3,0,0,0,0,0,0
ENSMUSG00000099279,Mir6408,0,0,0,0,0,0,0,0,0,0,0,0
ENSMUSG00000037247,Pldi,0,0,0,0,0,0,0,0,0,0,0,0
ENSMUSG00000055493,Epm2a,0,3,0,0,3,2,4,0,0,0,0,1
ENSMUSG00000090242,Rpl17-ps11,0,0,0,0,0,0,0,0,0,0,0,0
ENSMUSG00000098055,Gm26947,0,0,0,0,0,0,0,0,0,0,0,0
ENSMUSG00000111949,Gm48679,0,0,0,0,0,0,0,0,0,0,0,0
ENSMUSG00000080526,Mir466j,0,0,0,0,0,0,0,0,0,0,0,0
ENSMUSG00000112151,Gm48680,0,0,0,0,0,0,0,0,0,0,0,0
ENSMUSG00000093568,Gm20611,0,0,0,0,0,0,0,0,0,0,0,0
ENSMUSG00000045455,Gm9797,2,1,1,1,3,0,0,2,2,8,4,5
ENSMUSG00000077539,Gm22546,0,0,0,0,0,0,0,0,0,0,0,0
ENSMUSG00000093489,Gm20625,0,0,0,0,0,0,0,0,0,0,0,0
ENSMUSG00000111995,Gm48697,0,0,0,0,0,0,0,0,0,0,0,0
ENSMUSG00000093573,Gm20610,0,0,0,0,0,0,0,0,0,0,0,0
ENSMUSG00000112233,Gm48698,0,0,0,0,0,0,0,0,0,0,0,0
ENSMUSG00002076949,#N/A,0,0,0,0,0,0,0,0,0,0,0,0
ENSMUSG00002076606,#N/A,0,0,0,0,0,0,0,0,0,0,0,0
ENSMUSG00000112747,Gm48721,0,0,0,0,0,0,0,0,0,0,0,0
ENSMUSG00000112775,Gm48722,0,0,0,0,0,0,0,0,0,0,1,0
ENSMUSG00000112156,Gm48723,0,0,0,0,0,0,0,0,0,0,0,0
ENSMUSG00000020098,Pcbd1,0,0,0,1,0,0,0,0,1,0,1,0
ENSMUSG00000112131,Gm48724,0,0,0,0,0,0,0,0,0,0,0,0
ENSMUSG00000065096,Gm23680,0,0,0,0,0,0,0,0,0,0,0,0
ENSMUSG00000065181,Gm25139,0,0,0,0,0,0,0,0,0,0,0,0
ENSMUSG00000020097,Sgpl1,1597,1688,1303,1140,1233,581,1039,1229,1618,1346,1321,1237
ENSMUSG00002076247,#N/A,0,0,0,0,1,0,0,0,0,0,0,0
ENSMUSG00000019820,Utrn,1186,1216,1208,1337,840,555,679,1301,1082,1155,592,665
ENSMUSG00000112816,Gm48798,2,0,0,2,0,0,0,2,0,2,0,0
ENSMUSG00000088516,Gm23044,0,0,0,0,0,0,0,0,0,0,0,0
ENSMUSG00000112698,Gm7525,1,0,0,0,0,0,0,0,0,0,0,0
ENSMUSG00000097378,B230208H11Rik,8,10,11,11,10,5,13,25,11,7,13,11
ENSMUSG00000039232,Stx11,8342,9411,7225,7151,7360,4481,5707,6607,8052,7255,5252,4903
ENSMUSG00000078348,Sf3b5,1313,1649,1398,1480,1612,457,1592,1412,1629,1284,1296,1366
ENSMUSG00000112498,Gm47691,0,1,1,0,2,0,1,2,0,1,2,0
ENSMUSG00000020096,Tbata,0,0,0,0,0,0,0,0,0,0,0,0
ENSMUSG00000059901,Adamts14,312,264,169,155,62,31,94,126,116,124,112,151
ENSMUSG00000037202,Prf1,5210,5618,2850,3035,1369,616,1694,1945,2312,2126,2807,2537
ENSMUSG00000061488,Rpl27a-ps1,1,2,0,2,2,0,0,1,5,1,2,0
ENSMUSG00000020092,Pald1,6,6,5,8,3,4,1,2,4,6,6,1
ENSMUSG00000112256,Gm48077,0,0,0,0,0,0,0,0,0,0,0,0
ENSMUSG00000112875,Gm48074,0,0,0,0,0,0,0,0,0,0,0,0
ENSMUSG00000037171,Nodal,0,0,0,0,0,0,0,0,0,0,0,0
ENSMUSG00000020091,Eif4ebp2,4379,4555,3759,3719,3777,2043,3521,4012,3912,3605,3746,3533
ENSMUSG00000112229,Gm48086,37,36,38,30,19,12,32,24,25,30,42,40
ENSMUSG00000043126,D830039M14Rik,4,0,0,0,0,0,0,0,0,0,0,0
ENSMUSG00000037151,Lrrc20,171,149,147,127,158,43,143,139,141,126,173,136
ENSMUSG00000112080,Gm47595,0,0,0,0,0,0,0,0,1,0,0,0
ENSMUSG00000112058,Gm47593,0,0,0,0,0,0,0,0,0,0,0,0
ENSMUSG00000112710,Gm17829,0,0,0,0,0,1,1,0,0,0,0,0
ENSMUSG00000112255,Gm47594,1,0,0,2,5,3,0,0,0,0,1,3
ENSMUSG00000101792,Gm28447,0,0,0,0,0,2,0,0,0,0,0,0
ENSMUSG00000020090,Npffr1,2,1,0,4,1,0,1,1,0,0,1,1
ENSMUSG00000020089,Ppa1,5744,6186,4883,5172,5577,3257,5210,5062,6056,5109,5706,5280
ENSMUSG00000112581,1700022H01Rik,0,0,0,0,1,0,0,0,0,0,0,0
ENSMUSG00000020088,Sar1a,4302,5095,3902,4097,4007,2463,3682,3846,4323,3931,3738,3351
ENSMUSG00000020087,Tysnd1,881,982,759,714,848,261,748,833,884,851,883,865
ENSMUSG00000020085,Aifm2,85,111,75,65,62,25,81,78,64,70,55,50
ENSMUSG00000019817,Plagl1,387,349,350,337,281,353,286,361,336,424,410,341
ENSMUSG00002076823,#N/A,0,0,0,0,0,0,0,0,0,0,0,0
ENSMUSG00000020086,Macroh2a2,4,2,3,0,1,3,4,1,3,1,3,3
ENSMUSG00000093017,Mir5108,0,0,0,0,0,0,0,0,0,0,0,0
ENSMUSG00000019815,Zc2hc1b,2,1,0,0,0,0,0,0,0,2,1,1
ENSMUSG00000019814,Ltv1,3386,3816,2818,3078,2774,2572,2653,3085,3459,3069,2905,2660
ENSMUSG00000112042,Gm47402,0,0,0,1,0,0,1,0,0,0,0,0
ENSMUSG00000062866,Phactr2,4019,3913,3441,3275,3069,2637,2246,3373,3641,3271,2912,2666
ENSMUSG00000019810,Fuca2,388,421,283,263,255,152,277,343,369,336,306,260
ENSMUSG00000058806,Col13a1,0,0,0,0,0,0,0,0,0,0,0,0
ENSMUSG00000112574,Gm5750,7,3,2,4,3,1,3,2,2,6,3,4
ENSMUSG00000112018,Gm47919,0,0,0,0,0,1,0,0,0,0,0,0
ENSMUSG00000046687,Gm5424,6,2,8,6,1,2,3,7,6,5,1,5
ENSMUSG00000019809,Pex3,560,615,465,432,405,335,419,463,576,535,510,443
ENSMUSG00000019808,Adat2,267,342,230,231,206,110,218,209,271,219,229,183
ENSMUSG00000112055,Gm48773,0,0,0,0,0,0,0,0,0,0,0,0
ENSMUSG00000020083,Fam241b,6,7,1,1,3,1,0,3,5,4,3,1
ENSMUSG00000044312,Neurog3,0,0,0,0,0,0,0,0,0,0,0,0
ENSMUSG00000019806,Aig1,413,465,447,478,398,269,376,429,385,343,300,307
ENSMUSG00000112172,Gm32172,0,0,0,0,0,0,0,0,0,0,0,0
ENSMUSG00000112102,Gm32105,0,0,0,0,0,0,0,0,0,0,0,0
ENSMUSG00000119069,#N/A,0,0,0,0,0,0,0,0,0,0,0,0
ENSMUSG00000098048,Gm8330,5,10,9,10,7,1,4,5,6,2,5,1
ENSMUSG00000112494,4930444K16Rik,0,0,0,0,0,0,0,0,0,0,0,0
ENSMUSG00000037031,Tspan15,0,1,0,1,0,0,0,2,0,0,1,0
ENSMUSG00000015501,Hivep2,2153,2321,2008,1994,1613,1064,1285,2110,1926,2010,1674,1484
ENSMUSG00000101014,Gm28289,0,0,0,0,0,0,0,0,0,0,0,0
ENSMUSG00000112266,Gm48843,0,0,0,0,0,0,0,0,0,0,0,0
ENSMUSG00000112284,Gm48845,0,0,0,0,0,0,0,0,0,0,0,0
ENSMUSG00000112238,Gm48844,0,0,0,0,0,0,0,0,0,0,0,0
ENSMUSG00000089333,Gm24343,0,0,0,0,0,0,0,0,0,0,0,0
ENSMUSG00000112679,Gm40603,0,0,0,0,0,0,0,0,0,0,0,0
ENSMUSG00000102229,Gm37299,0,0,0,0,0,0,0,0,0,0,0,0
ENSMUSG00000112225,Gm48854,0,0,0,0,0,0,0,0,0,0,0,0
ENSMUSG00000039116,Adgrg6,0,0,0,0,1,1,1,2,0,0,2,2
ENSMUSG00000071532,Gm10335,2,2,2,2,4,0,5,1,4,0,0,0
ENSMUSG00000111888,Gm46212,0,0,0,0,0,0,0,0,0,0,0,0
ENSMUSG00000112490,Gm48068,1,0,0,1,1,0,0,0,2,1,2,1
ENSMUSG00000019868,Vta1,925,1101,835,893,919,554,954,851,867,876,754,692
ENSMUSG00000085572,Gm16234,0,0,0,0,2,0,1,0,0,0,0,1
ENSMUSG00000019865,Nmbr,0,0,0,0,0,2,0,0,0,0,0,1
ENSMUSG00000019867,Gje1,0,0,0,0,0,0,0,0,0,0,0,0
ENSMUSG00000093798,Gm8355,6,6,8,6,4,2,7,3,3,1,8,6
ENSMUSG00000096963,B230364G03Rik,0,0,0,0,0,2,0,0,0,0,0,0
ENSMUSG00000112113,Gm47698,0,0,0,0,0,0,0,0,0,0,0,0
ENSMUSG00000112724,Gm47699,0,0,0,1,0,0,0,0,0,0,0,0
ENSMUSG00000088730,Gm23892,0,0,0,0,0,0,0,0,0,0,0,0
ENSMUSG00000112475,Gm47703,0,0,0,0,0,0,0,0,0,0,0,0
ENSMUSG00000112177,Gm18188,0,0,0,0,0,0,0,0,0,0,0,0
ENSMUSG00000112928,Gm47710,0,0,0,0,0,0,0,0,0,0,0,0
ENSMUSG00000112395,Gm7198,0,0,0,0,0,0,0,0,0,0,1,1
ENSMUSG00000112089,Gm47712,0,0,0,0,0,0,0,0,0,0,0,0
ENSMUSG00000112335,Gm46188,0,0,0,0,0,0,0,0,0,0,0,0
ENSMUSG00000112800,Gm40604,0,0,0,0,0,0,0,0,0,0,0,0
ENSMUSG00000111963,Gm32283,0,0,0,0,0,0,0,0,0,0,0,0
ENSMUSG00000112011,Gm9535,5,11,10,12,6,0,11,4,3,0,3,4
ENSMUSG00000112227,C330004P14Rik,0,0,0,0,0,0,0,0,0,0,0,0
ENSMUSG00000112602,Gm18557,0,0,0,0,0,0,0,0,0,0,0,0
ENSMUSG00000112123,Gm5178,1,0,0,0,0,0,0,0,0,0,0,1
ENSMUSG00000112929,Gm47729,0,0,0,0,0,0,0,0,0,0,0,0
ENSMUSG00000112903,Gm5948,0,0,0,0,0,2,0,0,0,0,0,1
ENSMUSG00000112118,Gm18039,0,0,0,0,0,0,0,0,0,0,0,0
ENSMUSG00000112499,Gm47736,0,0,0,0,0,0,0,0,0,0,0,0
ENSMUSG00000101969,Gm20125,0,0,0,0,0,0,0,0,0,0,0,0
ENSMUSG00002076853,#N/A,0,0,0,0,0,0,0,0,0,0,0,0
ENSMUSG00000111922,Gm47760,0,0,0,0,0,0,0,0,0,0,0,0
ENSMUSG00000112478,Gm47761,4,1,2,1,10,10,4,7,8,8,6,10
ENSMUSG00000112587,Gm47769,0,0,0,0,0,0,0,0,1,1,0,0
ENSMUSG00000112296,Gm47768,0,0,0,0,0,0,0,0,0,0,0,0
ENSMUSG00000111927,Gm47770,0,1,0,0,0,2,1,0,1,3,0,0
ENSMUSG00000112629,Gm47771,0,1,0,1,0,0,0,0,0,0,0,0
ENSMUSG00000039910,Cited2,2380,2424,2173,2346,1921,1398,2017,2204,2135,1979,1305,1191
ENSMUSG00000093672,Gm20655,9,14,9,11,9,11,11,4,7,9,6,8
ENSMUSG00000039891,Txlnb,22,18,21,27,39,36,21,25,21,21,14,11
ENSMUSG00000093537,Gm7584,0,0,0,1,0,2,0,0,0,1,0,0
ENSMUSG00000039879,Heca,477,514,516,518,559,419,504,619,514,487,510,493
ENSMUSG00000078453,Abracl,1554,1674,1571,1533,1573,1756,1765,1786,1873,1671,1799,1385
ENSMUSG00000091367,Gm17711,0,0,0,0,1,0,0,0,0,0,0,0
ENSMUSG00000019854,Reps1,1745,1924,1609,1702,1946,1172,1623,1751,1765,1579,1564,1475
ENSMUSG00000071392,Ect2l,12,3,12,11,18,14,4,12,14,12,10,18
ENSMUSG00000059554,Ccdc28a,20,25,34,24,45,18,47,26,24,13,35,25
ENSMUSG00000096977,Gm10827,15,10,27,20,7,8,15,18,12,10,4,9
ENSMUSG00000110762,Gm48229,0,0,0,1,1,0,1,0,1,1,0,0
ENSMUSG00000039835,Nhsl1,32,27,43,37,26,43,24,28,17,21,14,20
ENSMUSG00000111313,Gm18942,0,0,0,0,0,0,0,0,0,0,0,0
ENSMUSG00000019853,Hebp2,1,3,0,0,2,0,0,0,4,1,0,1
ENSMUSG00000111173,Gm48297,0,0,0,0,0,0,0,0,2,0,1,0
ENSMUSG00000019852,Arfgef3,476,491,430,455,535,341,305,470,365,388,399,372
ENSMUSG00000111474,Gm32926,0,0,2,0,1,2,0,0,0,0,0,0
ENSMUSG00000044624,Gm4922,0,0,0,0,0,1,0,0,0,0,0,0
ENSMUSG00000110737,4930444F02Rik,0,0,0,0,0,0,0,0,0,0,0,0
ENSMUSG00000019851,Perp,649,722,1119,1077,1257,729,968,1127,812,688,429,424
ENSMUSG00000111318,Gm48483,0,0,0,0,0,0,0,0,0,0,0,0
ENSMUSG00000019850,Tnfaip3,7008,7860,6171,6414,5055,2878,4086,5242,7291,7102,3795,3610
ENSMUSG00000110938,1700124M09Rik,0,0,0,0,0,0,0,0,0,0,0,0
ENSMUSG00000111821,Gm48545,0,0,0,0,1,3,0,2,1,0,0,1
ENSMUSG00000110770,Tpi-rs5,0,0,0,0,0,0,0,1,1,0,0,0
ENSMUSG00000111320,Gm48546,0,0,0,0,0,0,0,0,0,0,0,0
ENSMUSG00000111052,Gm20139,0,0,2,2,3,1,2,1,0,1,3,1
ENSMUSG00000111606,Gm7213,1,0,0,1,0,0,0,0,0,0,1,0
ENSMUSG00000110917,Gm33056,0,1,0,0,0,0,0,0,1,1,0,0
ENSMUSG00000045591,Olig3,0,0,0,0,0,0,0,0,0,0,0,0
ENSMUSG00000110902,Gm33104,5,8,11,9,7,7,13,6,4,7,7,6
ENSMUSG00000110835,Gm48563,0,0,0,1,2,1,0,0,0,0,0,0
ENSMUSG00000020009,Ifngr1,454,544,616,665,609,317,739,783,494,431,560,510
ENSMUSG00000039760,Il22ra2,0,0,0,0,0,0,0,0,0,0,0,0
ENSMUSG00000042940,9230106D20Rik,0,0,0,0,0,0,0,0,0,0,0,0
ENSMUSG00000020007,Il20ra,5,6,4,5,2,1,2,2,1,3,3,2
ENSMUSG00000110958,Gm33332,0,0,0,0,0,1,0,0,0,0,0,0
ENSMUSG00000119791,#N/A,0,0,0,0,0,0,0,0,0,0,0,0
ENSMUSG00000050473,Slc35d3,83,79,56,58,78,24,75,124,61,57,78,84
ENSMUSG00000020003,Pex7,374,376,297,356,336,192,303,347,399,326,328,353
ENSMUSG00000111067,Gm48714,10,9,5,15,8,3,2,12,8,9,3,12
ENSMUSG00000071369,Map3k5,644,636,701,755,570,384,509,706,651,565,522,535
ENSMUSG00000019996,Map7,399,403,275,267,302,173,293,348,370,312,352,294
ENSMUSG00000110754,4930405J17Rik,0,0,0,0,0,0,0,0,0,0,0,0
ENSMUSG00000111356,Rpl32l,1,2,1,0,0,1,2,3,0,1,0,0
ENSMUSG00000111447,Gm48249,1,0,0,0,0,1,1,0,0,0,0,0
ENSMUSG00000111064,Gm30285,0,0,0,0,0,0,0,0,0,0,0,0
ENSMUSG00000098887,Mir6413,0,0,0,0,0,0,0,0,0,0,0,0
ENSMUSG00000069713,4933406P04Rik,3,6,6,10,11,2,9,14,9,11,4,2
ENSMUSG00000037608,Bclaf1,7220,7408,5896,5669,5731,6999,4925,6722,6357,6391,6473,5528
ENSMUSG00000019992,Mtfr2,119,145,129,130,215,134,188,197,104,100,193,174
ENSMUSG00000111351,Gm48537,1,1,0,0,0,0,1,0,0,0,0,0
ENSMUSG00000019990,Pde7b,0,0,0,1,1,4,0,0,0,0,0,0
ENSMUSG00000092051,Gm17229,0,0,0,1,0,0,0,0,0,0,0,1
ENSMUSG00000091730,Gm17230,23,33,20,31,25,4,18,20,34,14,19,22
ENSMUSG00000111091,Gm48651,0,0,0,0,0,0,0,0,0,0,0,0
ENSMUSG00000111177,Rps2-ps3,0,0,0,0,0,0,0,0,1,0,0,0
ENSMUSG00000019986,Ahi1,386,394,422,394,465,308,272,383,346,332,406,385
ENSMUSG00000111006,Gm10826,0,0,0,1,0,0,0,0,0,0,0,0
ENSMUSG00000111227,Gm20149,0,0,0,0,0,0,0,0,0,0,0,0
ENSMUSG00000111102,Gm48189,0,0,1,0,0,0,0,0,0,0,0,0
ENSMUSG00000019982,Myb,898,1038,954,917,918,878,832,997,970,899,984,805
ENSMUSG00000097923,Gm26577,1,0,0,0,0,0,0,0,1,1,0,2
ENSMUSG00000110967,Gm40608,0,0,0,0,0,0,0,0,1,0,0,1
ENSMUSG00000111005,Gm33619,0,0,1,0,0,0,0,0,0,0,1,0
ENSMUSG00000111200,Gm33728,0,0,0,0,0,0,0,0,0,0,0,0
ENSMUSG00000098102,Gm2467,43,72,44,64,46,17,74,94,40,47,48,26
ENSMUSG00000019977,Hbs1l,1328,1478,1248,1212,1051,523,1025,1200,1155,1019,868,881
ENSMUSG00000112654,4930455C13Rik,0,1,0,1,0,0,0,0,0,1,0,0
ENSMUSG00000037542,Aldh8a1,0,1,0,0,1,1,0,0,1,0,2,0
ENSMUSG00000112405,Fkbp1a-ps2,0,0,0,0,0,0,0,0,0,0,0,0
ENSMUSG00000037535,1700021A07Rik,21,17,17,20,24,8,21,15,16,13,17,17
ENSMUSG00000112370,Gm48385,0,0,0,0,0,0,1,0,0,0,0,0
ENSMUSG00000112738,Gm48386,0,0,0,0,0,0,0,0,0,0,0,0
ENSMUSG00000050844,1700020N01Rik,3,0,0,1,0,0,0,0,0,0,0,0
ENSMUSG00000056716,Gm5420,0,0,0,0,0,0,0,0,0,0,0,0
ENSMUSG00000099749,Gm29323,0,0,0,0,0,0,0,0,0,0,0,0
ENSMUSG00000097107,Platr6,0,0,0,0,0,0,0,0,0,0,0,0
ENSMUSG00000080607,Gm23839,0,0,0,0,0,0,0,0,0,0,0,0
ENSMUSG00000019970,Sgk1,474,518,343,397,219,138,219,280,392,304,238,229
ENSMUSG00000090535,Gm8540,0,0,0,0,0,0,0,0,0,0,0,0
ENSMUSG00000097086,Gm7672,3,0,2,0,1,1,1,0,0,1,0,0
ENSMUSG00000111953,Gm18637,0,0,0,0,0,0,0,0,0,0,0,0
ENSMUSG00000069712,4930444G20Rik,0,0,0,0,0,0,0,0,0,0,0,0
ENSMUSG00000097739,Gm2539,0,0,0,0,1,0,0,0,0,0,0,0
ENSMUSG00000097214,Gm19791,0,0,0,0,0,0,0,0,0,0,0,0
ENSMUSG00000097327,E030030I06Rik,3,10,6,5,4,7,3,5,11,5,5,6
ENSMUSG00000097795,Gm7678,0,0,0,1,0,0,0,0,0,0,0,0
ENSMUSG00000044268,Gm4895,9,6,8,8,4,6,4,6,7,2,8,1
ENSMUSG00000053219,Raet1e,0,0,0,0,0,0,0,0,0,0,1,0
ENSMUSG00000075297,H60b,0,1,0,1,0,1,0,1,0,0,0,0
ENSMUSG00000097705,Gm26740,3,1,7,6,7,3,3,6,4,2,1,4
ENSMUSG00000097108,Gm26581,0,0,0,0,0,0,0,0,0,0,0,0
ENSMUSG00000097053,Gm1972,0,0,0,0,0,0,0,0,0,0,0,0
ENSMUSG00000097295,Hmgb1-ps8,0,1,7,3,1,5,3,3,5,8,9,1
ENSMUSG00000097586,Gm26528,0,0,0,0,0,0,0,0,0,1,0,0
ENSMUSG00000097352,C920009B18Rik,320,306,268,238,235,156,200,254,261,294,274,251
ENSMUSG00000097245,Gm5421,12,11,10,7,3,7,10,12,5,6,11,13
ENSMUSG00000078452,Raet1d,0,0,1,0,2,0,0,0,0,0,0,1
ENSMUSG00000096937,Gm10825,0,0,0,0,0,0,0,0,0,0,0,0
ENSMUSG00000097012,Gm16531,0,0,0,0,0,0,0,0,0,0,0,0
ENSMUSG00000097473,Gm26585,0,0,0,0,0,0,0,1,0,0,0,0
ENSMUSG00000037490,Slc2a12,0,0,0,0,0,1,0,0,0,0,0,0
ENSMUSG00000071359,Tbpl1,841,901,754,820,782,476,755,698,782,694,787,619
ENSMUSG00000118528,AC166256.1,0,0,0,0,0,0,0,0,0,0,0,0
ENSMUSG00000098714,Mir7663,0,1,1,1,0,0,0,0,0,0,0,0
ENSMUSG00000112888,Gm47634,0,0,0,0,0,0,0,0,0,0,1,0
ENSMUSG00000112727,Gm17794,14,20,11,4,5,3,15,8,9,3,7,5
ENSMUSG00000112397,Gm10824,0,0,0,0,0,1,0,0,0,0,0,0
ENSMUSG00000045680,Tcf21,0,0,0,0,0,0,0,0,0,0,0,0
ENSMUSG00000112091,Gm47787,0,0,0,0,0,0,0,0,0,0,0,0
ENSMUSG00000111894,Gm47843,0,0,0,0,0,0,0,0,0,0,0,0
ENSMUSG00000112868,4930520K02Rik,0,0,0,0,0,1,0,0,0,0,0,0
ENSMUSG00000061983,Rps12,1508,1804,1527,1447,846,498,1511,1287,1376,1217,776,763
ENSMUSG00000070063,Snora33,0,0,0,0,0,0,0,0,0,0,0,0
ENSMUSG00002076971,#N/A,0,0,0,0,0,0,0,0,0,0,0,0
ENSMUSG00000077440,Gm23130,0,0,0,0,0,0,0,0,0,0,0,0
ENSMUSG00000037455,Slc18b1,0,1,0,0,1,5,0,1,0,0,0,1
ENSMUSG00000020010,Vnn3,0,0,0,0,0,0,0,0,0,0,0,0
ENSMUSG00000037440,Vnn1,0,0,0,0,0,0,0,0,0,0,0,0
ENSMUSG00000056379,Taar1,0,0,0,0,0,0,0,0,0,0,0,0
ENSMUSG00000059763,Taar2,0,0,0,0,0,0,0,0,0,0,0,0
ENSMUSG00000069708,Taar3,0,0,0,0,0,0,0,0,0,0,0,0
ENSMUSG00000069707,Taar4,0,0,0,0,0,0,0,0,0,0,0,0
ENSMUSG00000069706,Taar5,0,0,0,0,0,0,0,0,0,0,0,0
ENSMUSG00000045111,Taar6,0,0,0,0,0,0,0,0,0,0,0,0
ENSMUSG00000095647,Taar7a,0,0,0,0,0,0,0,0,0,0,0,0
ENSMUSG00000095171,Taar7b,0,0,0,0,0,0,0,0,0,0,0,0
ENSMUSG00000084182,Taar7c-ps,0,0,0,0,0,0,0,0,0,0,0,0
ENSMUSG00000082437,Gm15136,0,0,0,0,0,0,0,0,0,0,0,0
ENSMUSG00000095569,Taar7d,0,0,0,0,0,0,0,0,0,0,0,0
ENSMUSG00000100689,Taar7e,0,0,0,0,0,0,0,0,0,0,0,0
ENSMUSG00000082960,Gm6884,0,0,0,0,0,0,0,0,0,0,0,0
ENSMUSG00000100950,Taar7f,0,0,0,0,0,0,0,0,0,0,0,0
ENSMUSG00000118542,AC117671.1,0,0,0,0,0,0,0,0,0,0,0,0
ENSMUSG00000096442,Taar8a,0,0,0,0,0,0,0,0,0,0,0,0
ENSMUSG00000100186,Taar8b,0,0,0,0,0,0,0,0,0,0,0,0
ENSMUSG00000100004,Taar8c,0,0,0,0,0,0,0,0,0,0,0,0
ENSMUSG00000037424,Taar9,0,0,0,0,0,0,0,0,0,0,0,0
ENSMUSG00000085451,Gm40614,0,0,0,0,0,0,0,0,0,0,0,0
ENSMUSG00000019998,Stx7,429,421,294,320,217,200,340,312,337,307,303,255
ENSMUSG00000020000,Moxd1,0,1,2,1,1,0,2,1,0,0,0,0
ENSMUSG00000086148,Gm15271,0,0,0,0,0,0,0,0,0,0,0,0
ENSMUSG00000083196,Gm15272,0,0,0,0,0,0,0,0,0,0,0,0
ENSMUSG00000087400,Gm15270,0,1,0,0,0,1,0,0,0,0,0,0
ENSMUSG00000081259,Gm6893,0,0,0,0,0,0,0,0,0,0,0,0
ENSMUSG00000019997,Ccn2,0,0,0,0,1,1,0,0,1,0,0,0
ENSMUSG00000037370,Enpp1,52,70,57,60,47,29,46,50,65,32,52,54
ENSMUSG00000019989,Enpp3,0,0,0,0,1,8,0,2,0,0,0,1
ENSMUSG00000019984,Med23,1408,1587,1288,1302,1257,720,974,1291,1356,1235,1196,1088
ENSMUSG00000119470,#N/A,0,0,0,0,0,0,0,0,0,0,0,0
ENSMUSG00000099181,Mir6905,0,0,1,1,0,0,0,0,2,0,3,1
ENSMUSG00000019987,Arg1,1,0,1,1,1,0,0,0,0,0,2,0
ENSMUSG00000112758,Gm36172,0,2,6,2,2,0,3,4,3,3,1,1
ENSMUSG00000111970,Gm47715,0,0,0,0,0,0,0,0,0,0,0,0
ENSMUSG00000112597,Gm4777,2,0,0,0,0,0,2,0,1,1,1,1
ENSMUSG00002075719,#N/A,0,0,0,0,0,0,0,0,0,0,0,0
ENSMUSG00000039166,Akap7,20,18,10,19,11,16,15,28,24,14,14,17
ENSMUSG00000112371,Gm7791,0,0,0,0,0,0,0,0,1,0,1,0
ENSMUSG00000089024,Gm25016,0,0,0,0,0,0,0,0,0,0,0,0
ENSMUSG00002076559,#N/A,0,0,0,0,2,0,0,0,0,0,1,0
ENSMUSG00000112352,Gm40617,0,0,0,0,1,0,0,0,0,0,1,0
ENSMUSG00000019978,Epb41l2,1776,1909,1464,1573,1472,1540,1216,1608,1599,1555,1465,1160
ENSMUSG00000112445,Gm47830,0,0,0,0,0,0,0,0,0,0,0,0
ENSMUSG00000096546,Smlr1,0,0,0,0,0,0,0,0,0,0,0,0
ENSMUSG00000101537,Gm29571,0,1,0,0,0,0,0,0,0,0,0,0
ENSMUSG00000112630,Gm36908,0,0,0,0,0,0,0,0,0,0,0,0
ENSMUSG00000112101,Gm47924,0,0,0,0,0,0,0,0,0,0,0,0
ENSMUSG00000112803,Gm36543,0,0,0,0,0,0,0,0,0,0,0,0
ENSMUSG00000112444,4930401C15Rik,0,0,0,0,0,0,0,0,0,0,0,0
ENSMUSG00000112491,Gm19801,0,0,0,0,0,0,0,0,0,0,0,0
ENSMUSG00000112691,Gm8681,1,0,0,1,2,0,1,0,0,0,1,1
ENSMUSG00000112269,Gm6906,5,4,1,3,3,0,2,5,3,0,2,1
ENSMUSG00000112861,Gm47930,0,0,0,0,0,0,0,0,0,0,0,0
ENSMUSG00000112324,Gm47939,2,0,0,0,1,0,0,0,0,0,0,0
ENSMUSG00000049420,Tmem200a,1,2,0,0,0,0,0,0,0,0,0,0
ENSMUSG00000039098,Gm9767,0,0,0,0,0,0,0,0,0,0,0,0
ENSMUSG00000112808,Gm4739,11,3,4,10,5,4,3,8,16,11,5,15
ENSMUSG00000051354,Samd3,246,232,272,221,275,186,187,205,252,246,153,135
ENSMUSG00000039089,L3mbtl3,899,951,794,803,930,579,852,918,853,783,1072,985
ENSMUSG00002075176,#N/A,0,0,0,0,0,0,0,0,0,0,0,0
ENSMUSG00000052613,Pcdh15,0,2,0,0,1,5,0,1,0,0,0,0
ENSMUSG00000102584,Gm37438,0,0,0,0,0,0,0,0,0,0,0,0
ENSMUSG00000085456,Gm15398,0,0,0,0,0,0,0,0,0,0,0,0
ENSMUSG00000091825,Gm5778,23,21,20,12,17,17,28,18,28,24,34,31
ENSMUSG00000112838,Gm47098,0,0,0,0,0,0,0,0,0,0,0,0
ENSMUSG00000112427,Gm19168,0,0,0,0,0,0,0,0,0,0,0,0
ENSMUSG00000085176,Gm15397,0,0,0,0,0,0,0,0,0,0,0,0
ENSMUSG00000093548,Gm6407,0,4,1,0,0,0,0,0,1,1,0,0
ENSMUSG00000112686,Gm7034,0,2,2,1,1,1,0,0,1,1,3,1
ENSMUSG00000072407,Gm6419,6,10,5,12,23,26,13,14,7,6,11,9
ENSMUSG00000009070,Rsph14,0,0,0,0,0,0,0,0,0,0,0,0
ENSMUSG00000040009,Gnaz,5,5,5,4,3,3,6,2,10,5,4,5
ENSMUSG00000112136,Gm40692,1,4,1,0,0,1,1,1,0,1,0,2
ENSMUSG00000020175,Rab36,2,5,1,2,2,0,0,4,2,5,2,1
ENSMUSG00000009681,Bcr,1348,1358,1087,1041,950,436,764,1091,1041,991,1057,943
ENSMUSG00000033444,Specc1l,1917,2039,1833,1691,1585,929,1264,1751,1660,1476,1396,1315
ENSMUSG00000112116,Gm46234,0,0,0,0,0,0,0,0,0,0,0,0
ENSMUSG00000020178,Adora2a,2980,3469,2426,2657,1983,606,1746,2051,2631,2371,1667,1586
ENSMUSG00000112471,Gm5779,11,5,5,7,9,0,5,9,9,8,1,1
ENSMUSG00000033416,Gucd1,329,359,222,221,242,125,241,256,286,254,229,239
ENSMUSG00000033427,Upb1,73,100,90,65,45,34,63,50,53,51,31,36
ENSMUSG00002074988,#N/A,0,0,0,0,0,0,0,0,0,0,0,0
ENSMUSG00000112764,Gm48158,0,0,0,0,0,0,0,0,0,0,0,0
ENSMUSG00000111955,Gm48148,0,0,0,0,0,0,0,0,0,0,0,0
ENSMUSG00000020180,Snrpd3,2869,3173,2582,2819,3069,3292,2904,2933,3104,2699,3196,2690
ENSMUSG00000046807,Lrrc75b,0,0,0,0,0,0,0,1,0,1,0,0
ENSMUSG00000006345,Ggt1,63,87,62,84,45,12,41,40,38,48,17,17
ENSMUSG00000006344,Ggt5,5,6,8,6,4,1,7,21,8,4,4,6
ENSMUSG00000055872,Gm9985,0,0,0,0,0,0,0,0,0,0,1,0
ENSMUSG00000089124,Gm26402,0,0,0,0,0,0,0,0,0,0,0,0
ENSMUSG00000112643,Gm19688,1,0,0,0,0,2,0,0,1,1,0,0
ENSMUSG00000006342,Susd2,15,23,15,16,22,16,19,22,18,28,23,9
ENSMUSG00000020196,Cabin1,4301,4466,3667,3673,3265,1629,2574,3606,3684,3582,3695,3461
ENSMUSG00000112789,Gm19326,0,0,0,0,1,0,0,0,0,0,0,1
ENSMUSG00000001666,Ddt,285,321,282,301,308,115,325,306,319,293,312,363
ENSMUSG00000092360,Gm20441,0,0,0,0,0,0,0,0,0,0,0,0
ENSMUSG00000001665,Gstt3,102,154,97,96,120,44,89,70,121,97,113,110
ENSMUSG00000001663,Gstt1,233,331,243,237,283,140,182,150,237,222,214,214
ENSMUSG00000009093,Gstt4,2,5,5,4,7,2,7,2,3,2,2,5
ENSMUSG00000033318,Gstt2,1047,1216,1108,1163,1031,438,860,828,1086,954,863,801
ENSMUSG00000033307,Mif,1721,1800,1408,1652,1733,641,2076,1545,2036,1633,1242,1485
ENSMUSG00000112306,Gm47744,0,0,0,0,0,0,0,0,0,0,0,0
ENSMUSG00000009092,Derl3,12,19,12,7,15,3,15,6,11,12,11,7
ENSMUSG00000000902,Smarcb1,1875,2007,1426,1533,1649,789,1611,1602,1772,1642,1834,1656
ENSMUSG00000000901,Mmp11,29,11,18,11,16,7,19,18,26,7,17,13
ENSMUSG00000049422,Chchd10,704,692,618,638,605,211,1062,1010,674,657,495,634
ENSMUSG00000050157,Gm867,17,26,22,30,29,9,41,44,25,11,6,7
ENSMUSG00000000903,Vpreb3,2,2,2,0,2,1,5,3,0,1,0,1
ENSMUSG00000082234,Gm16221,1,0,0,0,1,0,0,0,0,0,1,0
ENSMUSG00000033255,Gm5134,9,5,6,9,10,1,7,8,12,12,11,10
ENSMUSG00000082619,Gm16219,1,0,0,0,0,0,0,0,0,0,0,0
ENSMUSG00000085662,Gm16220,0,0,0,0,0,0,0,0,0,0,0,0
ENSMUSG00000098817,Mir6409,0,0,0,0,0,0,0,0,0,0,0,0
ENSMUSG00000049764,Zfp280b,2064,2199,1598,1579,1996,1047,1302,1630,1809,1799,2669,2483
ENSMUSG00000020226,Slc5a4b,0,0,0,0,0,0,0,0,0,0,0,0
ENSMUSG00000086798,Gm16222,0,1,0,0,0,0,0,0,0,0,1,0
ENSMUSG00000112128,Gm19217,0,0,0,0,0,0,0,0,0,0,0,0
ENSMUSG00000020229,Slc5a4a,0,0,0,0,0,0,0,0,0,0,0,0
ENSMUSG00000112625,Gm2628,0,0,0,0,0,0,0,0,0,0,0,0
ENSMUSG00000020230,Prmt2,107,111,79,88,82,38,103,104,89,94,87,76
ENSMUSG00000076068,Mir678,0,0,0,0,0,0,0,0,0,0,0,0
ENSMUSG00000033208,S100b,0,0,0,0,0,0,0,0,0,0,0,0
ENSMUSG00000020231,Dip2a,126,119,89,77,79,37,72,87,70,81,114,66
ENSMUSG00000089711,Gm16240,0,0,0,0,0,0,0,0,0,0,0,0
ENSMUSG00000001151,Pcnt,1066,1052,1028,928,1196,783,947,1214,920,946,1175,1117
ENSMUSG00000101695,1700094J05Rik,0,0,0,0,0,0,0,2,0,0,1,1
ENSMUSG00000117965,AC141477.1,0,0,0,0,0,0,0,0,0,0,0,0
ENSMUSG00000009114,2610028H24Rik,0,0,0,0,0,0,0,0,0,0,0,0
ENSMUSG00000033126,Ybey,161,179,148,165,244,92,125,154,192,154,198,208
ENSMUSG00000001150,Mcm3ap,2544,2661,2053,2079,1943,838,1558,2176,2195,2118,1927,1871
ENSMUSG00000033105,Lss,636,716,548,568,324,142,463,531,602,580,454,416
ENSMUSG00000086241,4930483K19Rik,0,0,0,0,0,0,0,0,0,0,0,0
ENSMUSG00000009115,Spatc1l,1,0,1,0,0,0,0,1,0,1,3,0
ENSMUSG00000085468,Gm15343,0,0,0,0,0,0,0,0,0,0,0,0
ENSMUSG00000001155,Ftcd,0,0,0,0,0,0,1,0,0,0,1,0
ENSMUSG00000020241,Col6a2,13,10,6,8,5,9,5,3,6,9,8,7
ENSMUSG00000112721,Gm35608,0,0,0,0,0,1,0,0,0,0,0,0
ENSMUSG00000001119,Col6a1,1,4,0,2,8,1,3,3,0,1,3,2
ENSMUSG00000112291,Gm48276,0,1,0,0,0,0,0,0,0,0,0,0
ENSMUSG00000001120,Pcbp3,86,71,40,37,72,58,34,54,56,54,99,69
ENSMUSG00000112143,Gm35721,0,0,0,0,0,0,0,0,0,0,0,0
ENSMUSG00000102522,Gm37782,0,0,0,0,0,0,0,1,0,0,0,0
ENSMUSG00000112773,Gm3137,0,0,0,0,0,0,0,0,0,0,0,0
ENSMUSG00000074919,Gm10787,0,0,0,0,0,0,0,0,0,0,0,0
ENSMUSG00000001436,Slc19a1,4906,5528,4404,4577,4345,1438,4235,4365,5010,4463,3936,4010
ENSMUSG00000001435,Col18a1,29,28,10,11,6,2,7,10,14,4,3,5
ENSMUSG00000112612,Gm7775,2,2,0,0,2,3,0,2,1,0,0,0
ENSMUSG00000078444,Gm10941,1,1,0,0,0,1,0,1,0,1,2,0
ENSMUSG00000020260,Pofut2,1481,1713,1285,1367,1261,602,1243,1428,1314,1321,1179,1054
ENSMUSG00000020262,Adarb1,2424,2567,2298,2085,1826,1043,1571,2113,2092,1992,1916,1811
ENSMUSG00000112818,Gm35920,0,0,0,0,0,0,0,0,0,0,0,0
ENSMUSG00000032977,Fam207a,2012,2113,1561,1734,1669,742,1535,1741,1907,1831,1699,1558
ENSMUSG00000000290,Itgb2,10335,11360,7714,8123,7727,4350,6686,8052,8838,8095,7042,6504
ENSMUSG00000009291,Pttg1ip,878,1007,841,837,765,333,667,752,757,644,652,609
ENSMUSG00000020265,Sumo3,892,846,704,718,1073,611,906,842,915,766,1120,987
ENSMUSG00000112241,Gm49325,0,0,0,0,0,0,0,0,0,0,0,0
ENSMUSG00000009293,Ube2g2,1507,1662,1255,1339,1354,537,1232,1317,1412,1336,1297,1087
ENSMUSG00000089424,Mir1930,0,0,0,0,0,0,0,0,0,0,0,0
ENSMUSG00000112007,Gm18119,1,2,1,0,3,0,7,1,1,3,1,1
ENSMUSG00000112912,Gm48160,0,0,0,0,0,0,0,0,0,0,0,0
ENSMUSG00000069581,Tspear,7,10,6,2,4,0,5,5,4,2,9,4
ENSMUSG00000095970,Gm19402,0,0,0,0,0,0,0,0,0,0,0,0
ENSMUSG00000112170,Gm9508,0,0,0,0,0,0,0,0,0,0,0,0
ENSMUSG00000069584,Gm10272,0,0,0,0,0,0,0,0,0,0,0,0
ENSMUSG00000094012,Gm10024,0,0,0,0,0,0,0,0,0,0,0,0
ENSMUSG00000094146,Gm10142,0,0,0,0,0,0,0,0,0,0,0,0
ENSMUSG00000112037,Gm48179,0,0,0,0,0,0,0,0,0,0,0,0
ENSMUSG00000069583,Krtap12-1,0,0,0,0,0,0,0,0,0,0,0,0
ENSMUSG00000096421,Gm10100,0,0,0,0,0,0,0,0,0,0,0,0
ENSMUSG00000112236,Gm48180,0,0,0,0,0,0,0,0,0,0,0,0
ENSMUSG00000112864,Gm18596,0,0,0,0,0,0,0,0,0,0,0,0
ENSMUSG00000111976,Gm48178,0,0,0,0,0,0,0,0,0,0,0,0
ENSMUSG00000112380,Gm9736,0,0,0,0,0,0,0,0,0,0,0,0
ENSMUSG00000094120,Gm3233,0,0,0,0,0,0,0,0,0,0,0,0
ENSMUSG00000095817,Gm3238,0,0,0,0,0,0,0,0,0,0,0,0
ENSMUSG00000095593,Gm7138,0,0,0,0,0,0,0,0,0,0,0,0
ENSMUSG00000096481,Gm3250,0,0,0,0,0,0,0,0,0,0,0,0
ENSMUSG00000095721,Gm7137,0,0,0,0,0,0,0,0,0,0,0,0
ENSMUSG00000096131,Gm9639,0,0,0,0,0,2,0,0,0,0,0,0
ENSMUSG00000096380,Gm19668,0,0,0,0,0,0,0,0,0,0,0,0
ENSMUSG00000094913,Gm9507,0,0,0,0,0,0,0,0,0,0,0,0
ENSMUSG00000112600,Gm49918,0,0,0,0,0,0,0,0,0,0,0,0
ENSMUSG00000069582,Krtap10-4,0,0,0,0,0,0,0,0,0,0,0,0
ENSMUSG00000112223,Krtap10-10,0,0,0,0,0,0,0,0,0,0,0,0
ENSMUSG00000112653,Gm36176,0,0,0,0,0,0,0,0,0,0,0,0
ENSMUSG00000071195,Gm10318,0,0,0,0,0,0,0,0,0,0,0,0
ENSMUSG00000111915,Gm3285,0,0,0,0,0,0,0,0,0,0,0,0
ENSMUSG00000096573,1700009J07Rik,0,0,0,0,0,0,0,0,0,0,0,0
ENSMUSG00000051652,Lrrc3,2,1,0,2,2,9,1,2,1,2,2,0
ENSMUSG00000009292,Trpm2,0,1,1,3,1,9,3,4,0,0,1,0
ENSMUSG00000093784,Gm22394,0,0,0,0,0,0,0,0,0,0,0,0
ENSMUSG00000093443,Gm22871,0,0,0,0,0,0,0,0,0,0,0,0
ENSMUSG00000020284,Cfap410,33,32,33,31,51,19,30,28,57,33,48,60
ENSMUSG00000020277,Pfkl,1444,1422,957,1002,1554,586,1167,1322,1542,1431,2028,2014
ENSMUSG00000000731,Aire,2,0,0,0,0,3,1,1,0,0,0,0
ENSMUSG00000000730,Dnmt3l,0,0,0,0,0,2,0,0,0,0,0,0
ENSMUSG00000000732,Icosl,7,15,20,18,8,5,9,16,5,10,3,8
ENSMUSG00000112662,Gm47922,1,0,1,1,0,0,2,2,0,2,0,0
ENSMUSG00000053329,Gatd3a,304,383,250,283,320,131,245,280,382,327,391,319
ENSMUSG00000032834,Pwp2,4696,5486,4041,4084,3714,1309,3270,3835,4485,4222,3511,3491
ENSMUSG00000000374,Trappc10,2845,3102,2406,2363,1906,844,1795,2434,2475,2337,1851,1738
ENSMUSG00000112433,Gm30122,7,10,4,4,3,2,7,6,4,6,1,3
ENSMUSG00000112300,Gm47976,11,9,12,11,4,8,7,14,9,12,5,6
ENSMUSG00000001211,Agpat3,5297,5676,3437,3828,3574,1596,3607,3934,4959,4397,3952,3821
ENSMUSG00000118646,#N/A,0,0,0,0,0,0,0,0,0,0,0,0
ENSMUSG00000112442,Gm47992,8,11,7,6,6,6,8,8,9,9,9,15
ENSMUSG00002075838,#N/A,0,0,0,0,0,0,0,0,0,0,0,0
ENSMUSG00000098885,Mir7659,0,0,0,0,0,0,0,0,0,0,0,0
ENSMUSG00000112641,Gm40709,0,1,0,1,1,0,0,1,0,1,0,0
ENSMUSG00002075298,#N/A,0,0,0,0,0,0,0,0,0,0,0,0
ENSMUSG00000064317,Gm10146,1,0,0,1,0,0,3,0,2,1,0,4
ENSMUSG00000061032,Rrp1,7727,7679,5598,6095,6354,4509,5448,6359,7593,6831,6696,6165
ENSMUSG00000098376,Mir6907,1,2,3,0,0,0,1,8,1,2,1,2
ENSMUSG00000005054,Cstb,423,597,382,466,439,180,494,539,477,394,454,376
ENSMUSG00000112652,4921516A02Rik,3,0,2,3,1,1,0,0,0,0,1,0
ENSMUSG00000098932,Mir6410,0,0,0,0,0,0,0,0,0,0,0,0
ENSMUSG00000032788,Pdxk,912,953,607,660,867,356,571,634,843,741,961,925
ENSMUSG00000098279,Mir6908,0,0,0,0,0,0,1,0,0,0,0,0
ENSMUSG00000112623,4933436P19Rik,0,0,0,0,0,0,0,0,0,0,0,0
ENSMUSG00000112842,Gm30232,0,0,0,0,0,0,0,0,0,0,1,1
ENSMUSG00000055704,Gm9978,0,0,0,0,0,0,0,0,0,0,0,0
ENSMUSG00000112224,Gm47944,0,0,0,0,0,3,0,0,0,0,0,0
ENSMUSG00000107822,Olfr1358,0,0,0,0,0,0,0,0,0,0,0,0
ENSMUSG00002075755,#N/A,0,0,0,0,0,0,0,0,0,0,0,0
ENSMUSG00002076762,#N/A,0,0,0,0,0,0,0,0,0,0,0,0
ENSMUSG00000112313,Gm5951,0,0,0,0,0,0,0,0,0,0,0,0
ENSMUSG00000111881,Vmn2r-ps92,0,0,0,0,0,0,0,0,0,0,0,0
ENSMUSG00000032763,Ilvbl,244,241,194,218,190,62,186,201,196,207,211,178
ENSMUSG00000032714,Syde1,15,36,11,13,13,12,19,13,16,19,21,19
ENSMUSG00000112021,Gm30346,0,0,0,0,0,0,0,0,0,0,0,0
ENSMUSG00000104370,Gm37514,0,0,0,0,0,1,0,0,0,0,0,0
ENSMUSG00000071185,Olfr1357,0,0,0,0,0,0,0,0,0,0,1,0
ENSMUSG00000112017,Gm7842,1,0,0,2,0,0,0,0,0,0,1,0
ENSMUSG00000112674,Gm47459,0,0,0,0,0,0,0,0,0,0,0,0
ENSMUSG00000112689,Gm47476,0,0,0,0,0,0,0,0,0,0,0,0
ENSMUSG00000111946,Gm47495,0,0,0,0,0,0,0,0,0,0,0,0
ENSMUSG00000005355,Casp14,0,0,0,0,0,1,0,0,0,0,0,0
ENSMUSG00000078442,Ccdc105,0,0,0,0,0,0,0,0,0,0,0,0
ENSMUSG00000109776,Gm30400,0,1,0,0,0,2,0,0,0,0,0,0
ENSMUSG00000005357,Slc1a6,1,0,0,1,0,0,0,0,0,0,0,0
ENSMUSG00000051190,Olfr1356,0,0,0,0,0,0,0,0,0,0,0,0
ENSMUSG00000062873,Olfr1355,0,0,0,0,0,0,0,0,0,0,0,0
ENSMUSG00000094673,Olfr1354,0,0,0,0,0,0,0,0,0,0,0,0
ENSMUSG00000094080,Olfr8,0,0,0,0,0,0,0,0,0,0,0,0
ENSMUSG00000042774,Olfr1353,0,0,0,0,0,0,0,0,0,0,0,0
ENSMUSG00000112732,Gm47343,0,0,0,0,0,0,0,0,0,0,0,0
ENSMUSG00000046493,Olfr1352,0,0,0,0,0,0,0,0,0,0,0,0
ENSMUSG00000063216,Olfr1351,0,0,0,0,0,0,0,0,0,0,0,0
ENSMUSG00000060205,Olfr57,0,0,0,0,0,0,0,0,0,0,0,0
ENSMUSG00000060301,2610008E11Rik,67,74,49,47,60,47,44,49,54,55,51,56
ENSMUSG00000091888,Vmn2r80,0,0,0,0,0,0,0,0,0,0,0,0
ENSMUSG00000055515,Vmn2r81,0,0,0,0,0,0,0,0,0,0,0,0
ENSMUSG00000091468,Vmn2r82,0,0,0,0,0,0,0,0,0,0,0,0
ENSMUSG00000112907,Gm47015,42,33,10,29,15,5,29,24,29,33,43,39
ENSMUSG00000091381,Vmn2r83,0,0,0,0,0,0,0,0,0,0,0,0
ENSMUSG00000052151,Plpp2,125,179,105,113,86,15,117,149,129,85,44,70
ENSMUSG00000098414,Mir6909,0,0,0,0,0,0,0,0,0,0,0,0
ENSMUSG00000042570,Mier2,1231,1288,938,975,942,276,857,937,1168,951,914,937
ENSMUSG00000020317,Theg,0,0,0,0,0,0,0,0,0,0,0,0
ENSMUSG00000045912,C2cd4c,1,7,3,0,1,0,2,0,1,1,1,1
ENSMUSG00000020312,Shc2,0,0,0,1,0,1,0,0,0,0,0,0
ENSMUSG00000111977,Gm47163,0,0,0,0,0,0,0,0,0,0,0,0
ENSMUSG00000035963,Odf3l2,0,0,0,0,0,1,0,0,0,0,0,0
ENSMUSG00000020310,Madcam1,17,10,11,13,8,3,7,5,18,17,2,10
ENSMUSG00000020308,Tpgs1,196,204,181,204,234,54,191,212,196,167,196,202
ENSMUSG00000020307,Cdc34,3210,4139,2859,3239,2991,915,3166,3215,3262,2909,3048,2617
ENSMUSG00000054206,Gzmm,25,32,27,25,30,5,22,15,24,21,25,18
ENSMUSG00000065220,Gm25794,0,0,0,0,0,0,1,0,0,0,0,0
ENSMUSG00000023175,Bsg,7285,8096,6037,7151,5041,2540,7491,7859,6448,5909,4678,4426
ENSMUSG00000020331,Hcn2,15,21,12,9,13,3,8,18,12,12,11,13
ENSMUSG00000020329,Polrmt,1174,1264,949,917,1065,386,913,976,1044,984,1048,979
ENSMUSG00000020327,Fgf22,0,0,0,0,0,0,0,1,0,0,0,0
ENSMUSG00000035890,Rnf126,3310,3387,2591,2679,2943,1229,2909,2917,3402,2870,3128,2970
ENSMUSG00000020325,Fstl3,11,16,12,10,6,9,8,11,8,8,10,5
ENSMUSG00000020323,Prss57,3,8,13,11,5,4,4,4,5,6,3,4
ENSMUSG00000035863,Palm,84,92,74,55,90,35,53,90,89,68,102,97
ENSMUSG00000112828,Gm48495,0,0,0,0,0,0,0,0,0,0,0,0
ENSMUSG00000035852,Misp,0,0,0,0,0,1,1,0,2,0,0,0
ENSMUSG00000091994,E130317F20Rik,43,33,32,30,34,16,31,32,47,43,39,25
ENSMUSG00000006498,Ptbp1,11987,12994,10159,10394,12014,6357,9830,10851,11434,10425,11592,10598
ENSMUSG00000035835,Plppr3,5,6,3,6,0,2,9,9,4,4,0,3
ENSMUSG00000098562,Mir6910,3,0,1,1,1,0,2,2,4,0,2,0
ENSMUSG00000090860,Gm17134,1,2,0,0,0,0,0,0,0,0,1,0
ENSMUSG00000057729,Prtn3,0,0,0,0,0,0,0,0,0,0,0,0
ENSMUSG00000020125,Elane,0,0,0,0,0,0,0,0,0,1,0,0
ENSMUSG00000111897,Gm19810,2,0,0,1,2,1,2,1,1,1,3,1
ENSMUSG00000061780,Cfd,0,0,0,0,0,0,0,0,0,0,0,0
ENSMUSG00000013833,Med16,785,841,519,600,623,184,559,685,835,681,575,582
ENSMUSG00000119877,#N/A,0,0,0,0,0,0,0,0,0,0,0,0
ENSMUSG00000035781,R3hdm4,923,825,649,632,820,349,693,730,836,699,900,824
ENSMUSG00000097854,Gm26602,0,0,0,1,0,0,0,0,1,0,0,0
ENSMUSG00000035773,Kiss1r,4,3,1,0,1,1,1,3,4,2,3,2
ENSMUSG00000019564,Arid3a,661,598,667,615,482,212,524,644,516,548,473,416
ENSMUSG00000035754,Wdr18,3217,3541,2930,2964,3376,1261,2791,3030,3529,3023,3228,3144
ENSMUSG00000035745,Grin3b,4,5,7,1,5,3,5,7,8,4,1,3
ENSMUSG00000013858,Tmem259,3334,3486,2916,2822,3045,1128,2987,2934,3450,3046,2900,2921
ENSMUSG00000118738,#N/A,0,2,0,0,0,0,2,0,0,0,0,0
ENSMUSG00000004665,Cnn2,1045,1172,711,814,772,284,986,1017,1020,948,946,811
ENSMUSG00000035722,Abca7,456,514,449,496,371,133,388,522,366,332,335,316
ENSMUSG00000035697,Arhgap45,1810,1860,1493,1509,1152,478,1505,1655,1528,1468,1534,1553
ENSMUSG00000004667,Polr2e,1897,2150,1717,1847,2189,1081,2097,1993,2164,1855,2286,2086
ENSMUSG00000075706,Gpx4,77,91,76,90,87,40,129,128,80,68,91,63
ENSMUSG00000035673,Sbno2,1934,2093,1887,2039,1540,588,1541,1993,1714,1636,1556,1475
ENSMUSG00000003068,Stk11,2305,2344,2121,2141,2258,1072,2033,2147,2426,2157,2253,2063
ENSMUSG00000035640,Cbarp,548,499,442,466,619,203,529,567,571,496,532,582
ENSMUSG00000003072,Atp5d,3715,3939,2927,3437,3330,994,3595,3433,4101,3401,2784,3106
ENSMUSG00000035621,Midn,2998,3000,2308,2267,2467,1251,2217,2676,2450,2279,2607,2423
ENSMUSG00000045193,Cirbp,282,320,202,206,186,96,261,270,362,316,177,208
ENSMUSG00000035595,1600002K03Rik,174,239,193,172,230,44,243,208,219,169,201,186
ENSMUSG00000003070,Efna2,9,16,13,9,24,11,8,8,13,14,21,14
ENSMUSG00000020156,Pwwp3a,1134,1191,1073,1045,1250,510,996,1191,1122,1013,1203,1201
ENSMUSG00000020153,Ndufs7,844,889,724,795,863,331,811,712,891,773,815,919
ENSMUSG00000020150,Gamt,0,1,1,2,4,2,5,0,2,0,0,1
ENSMUSG00000069565,Dazap1,3247,3364,2665,2686,3444,1683,2639,3049,3368,3137,3883,3721
ENSMUSG00000098672,Mir6911,0,2,0,0,1,0,0,1,1,1,0,2
ENSMUSG00000087672,Gm15122,0,0,0,0,0,0,0,0,0,0,0,0
ENSMUSG00000063457,Rps15,13422,14400,10417,12062,11784,4216,13053,12978,14698,12822,12539,12246
ENSMUSG00000020135,Apc2,10,6,2,5,4,2,2,4,3,1,1,4
ENSMUSG00000020133,2310011J03Rik,896,1024,737,807,780,174,828,800,909,771,662,637
ENSMUSG00000020131,Pcsk4,128,168,118,106,117,43,141,132,148,152,172,138
ENSMUSG00000035504,Reep6,112,89,68,61,98,120,48,73,70,72,124,105
ENSMUSG00000043822,Adamtsl5,21,31,15,14,6,7,18,15,6,16,9,4
ENSMUSG00000035486,Plk5,0,0,0,0,0,0,0,0,0,0,0,0
ENSMUSG00000087432,Gm15123,0,0,0,0,0,0,0,0,0,0,0,0
ENSMUSG00000085712,Gm15124,0,0,0,0,0,0,0,0,0,0,0,0
ENSMUSG00000112648,Gm47793,0,0,0,0,0,0,0,0,0,0,0,0
ENSMUSG00000048696,Mex3d,490,490,282,305,344,107,260,286,453,404,424,405
ENSMUSG00002076295,#N/A,0,0,0,0,0,0,0,0,1,0,0,0
ENSMUSG00000035478,Mbd3,2474,2534,2198,2188,2693,1057,2244,2291,2642,2225,2609,2582
ENSMUSG00000020163,Uqcr11,428,482,376,408,504,221,490,456,515,408,496,522
ENSMUSG00000020167,Tcf3,1561,1703,1466,1552,2010,775,1719,2011,1839,1538,2045,1938
ENSMUSG00002076504,#N/A,0,0,0,0,0,0,0,0,0,0,0,1
ENSMUSG00000045518,Onecut3,0,1,0,0,1,1,0,2,0,0,5,2
ENSMUSG00000104429,2610034O05Rik,0,0,0,0,0,0,0,0,0,0,0,0
ENSMUSG00000003341,Atp8b3,2,1,2,2,0,5,0,0,2,0,0,1
ENSMUSG00000047417,Rexo1,2434,2488,2171,2038,1896,826,1770,2209,2147,2091,2051,1787
ENSMUSG00000035397,Klf16,2051,2087,1510,1590,1607,380,1515,1679,1854,1726,1702,1637
ENSMUSG00000003346,Abhd17a,909,956,702,678,745,221,749,767,944,795,856,879
ENSMUSG00000100201,Gm29093,28,39,37,22,31,8,30,27,26,34,27,27
ENSMUSG00000113949,Scamp4,7,11,4,4,9,3,2,6,4,6,8,9
ENSMUSG00000113640,Adat3,0,0,0,0,0,0,0,0,0,0,0,0
ENSMUSG00000035370,Gm49322,57,42,34,43,43,7,34,25,27,37,39,51
ENSMUSG00000099283,Mir6912,0,0,0,0,0,0,0,0,0,0,0,0
ENSMUSG00000003345,Csnk1g2,2778,2776,1977,1972,2017,902,1923,2332,2870,2561,2151,2102
ENSMUSG00000003344,Btbd2,283,334,235,231,280,86,282,312,320,271,309,256
ENSMUSG00000020190,Mknk2,3835,3756,3173,3266,3728,1026,3350,3751,3957,3442,4031,3814
ENSMUSG00000003348,Mob3a,1107,1335,772,853,608,230,863,959,936,868,776,769
ENSMUSG00000055862,Izumo4,37,54,50,40,42,16,50,31,32,47,39,44
ENSMUSG00000020198,Ap3d1,2496,2820,1959,2050,1567,839,1564,2100,2094,1965,1696,1501
ENSMUSG00000061589,Dot1l,8911,9334,7675,7367,6699,3059,5159,7369,7257,6918,6164,5887
ENSMUSG00000075558,Gm17151,0,0,0,0,0,0,0,0,0,0,0,0
ENSMUSG00000035278,Plekhj1,1074,1253,895,922,1094,304,968,935,1119,905,1273,1167
ENSMUSG00000020211,Sf3a2,5459,5646,4247,4344,4602,2092,4933,5127,4963,4423,5506,4774
ENSMUSG00000035262,Amh,24,30,39,42,36,4,29,19,35,30,33,31
ENSMUSG00000020216,Jsrp1,2,1,0,0,0,0,0,2,2,0,0,0
ENSMUSG00000035242,Oaz1,542,725,598,652,770,303,695,581,561,518,604,482
ENSMUSG00000087993,Mir1982,0,0,0,0,0,0,0,0,0,0,0,0
ENSMUSG00000051067,Lingo3,105,133,64,44,79,19,53,49,85,56,95,98
ENSMUSG00000035215,Lsm7,119,160,136,137,189,201,160,162,160,132,224,197
ENSMUSG00000035206,Sppl2b,612,696,475,503,533,172,461,484,535,527,551,595
ENSMUSG00000059406,Tmprss9,0,2,3,1,0,0,0,1,1,1,0,1
ENSMUSG00000020219,Timm13,1018,1198,1057,1133,1378,442,1336,1072,1191,932,1265,1205
ENSMUSG00000062075,Lmnb2,1024,1016,883,900,1306,538,918,1056,1106,1011,1316,1252
ENSMUSG00000015312,Gadd45b,2165,2724,3080,3428,3926,1641,3417,3342,2705,2269,1847,1695
ENSMUSG00000048240,Gng7,5,2,0,2,4,1,2,1,1,1,2,2
ENSMUSG00000083808,Gm3828,0,1,0,0,0,0,0,0,0,0,0,0
ENSMUSG00000043670,Diras1,0,1,0,0,0,0,0,0,0,0,0,0
ENSMUSG00000087114,Gm16099,0,0,0,0,0,0,0,0,0,0,0,0
ENSMUSG00000046822,Slc39a3,559,638,477,518,553,126,475,465,546,455,480,490
ENSMUSG00000004937,Sgta,1538,1675,1114,1166,1403,638,1179,1329,1498,1306,1397,1255
ENSMUSG00000004929,Thop1,2709,2939,2038,2184,2787,1316,1933,2269,2871,2469,3056,2970
ENSMUSG00000035041,Creb3l3,0,0,0,0,0,0,0,0,0,0,1,0
ENSMUSG00000106347,Mir5615-1,0,0,0,0,0,0,0,0,0,0,0,0
ENSMUSG00000093498,Mir5615-2,0,0,0,0,0,0,0,0,0,0,0,0
ENSMUSG00000035027,Map2k2,2874,3238,2225,2435,2692,658,2525,2241,3094,2671,2385,2329
ENSMUSG00000035011,Zbtb7a,5241,5332,3839,3797,3980,2028,3439,4224,4285,4041,4158,3641
ENSMUSG00000004934,Pias4,881,921,551,648,608,194,620,668,784,651,676,630
ENSMUSG00000034994,Eef2,118463,124190,93391,101221,88303,34487,81108,103969,107807,98215,83688,81369
ENSMUSG00000064441,Snord37,14,24,15,30,12,0,11,14,23,8,18,16
ENSMUSG00000053603,4930442H23Rik,1,0,0,0,0,0,0,0,0,1,0,0
ENSMUSG00000034974,Dapk3,486,490,352,372,405,168,395,405,474,430,448,454
ENSMUSG00000085779,Atcayos,0,1,0,0,2,5,2,1,1,0,1,0
ENSMUSG00000004939,Nmrk2,0,0,0,0,0,0,0,0,0,0,0,0
ENSMUSG00000034958,Atcay,138,132,87,79,58,23,68,95,119,107,62,63
ENSMUSG00000034949,Zfr2,4,5,10,3,5,4,3,4,6,9,13,14
ENSMUSG00000004933,Matk,102,124,94,119,44,19,84,96,100,81,55,42
ENSMUSG00000034932,Mrpl54,1012,1110,863,1000,993,454,1030,989,1115,1000,871,906
ENSMUSG00000004931,Apba3,465,543,400,433,393,109,317,358,425,403,372,361
ENSMUSG00000092781,Mir3057,0,0,0,0,0,0,0,0,0,0,0,0
ENSMUSG00000034917,Tjp3,30,23,16,15,24,13,19,15,20,24,34,43
ENSMUSG00000034902,Pip5k1c,2429,2477,1513,1620,1702,840,1427,1778,2085,1971,1955,1870
ENSMUSG00000090230,Gm16315,3,5,0,2,1,0,0,0,3,1,2,3
ENSMUSG00000034889,Cactin,2010,2023,1685,1776,1650,785,1550,1684,1975,1622,1657,1529
ENSMUSG00000034881,Tbxa2r,17,29,22,17,35,8,23,29,29,27,30,27
ENSMUSG00000034872,Gipc3,9,3,5,2,3,2,2,2,5,6,2,4
ENSMUSG00000020232,Hmg20b,576,616,445,471,533,264,471,505,548,447,489,489
ENSMUSG00000034854,Mfsd12,658,584,408,437,421,113,390,425,589,564,425,488
ENSMUSG00000020234,4930404N11Rik,11,17,18,12,23,3,25,25,14,19,14,23
ENSMUSG00000020235,Fzr1,1256,1238,1026,986,1551,464,1247,1355,1156,1013,1226,1330
ENSMUSG00000078440,Dohh,441,459,325,349,368,51,401,293,488,413,348,390
ENSMUSG00000113262,Gm48551,6,11,12,12,8,3,6,9,5,6,3,5
ENSMUSG00000098811,Mir6913,0,1,0,1,0,0,1,1,4,3,0,2
ENSMUSG00000114004,Gm48552,2,3,2,2,1,0,6,3,1,1,0,2
ENSMUSG00000078439,Smim24,26,36,22,28,16,10,11,15,18,15,9,15
ENSMUSG00000055053,Nfic,715,753,377,444,545,242,507,532,593,595,607,521
ENSMUSG00000085327,Gm16104,0,1,0,0,0,0,0,0,0,0,0,0
ENSMUSG00000105379,Mir1191b,2,2,0,0,0,0,0,1,0,1,0,0
ENSMUSG00000034818,Celf5,10,9,9,7,4,7,6,6,15,5,5,3
ENSMUSG00000084849,Gm16105,0,0,0,0,0,1,0,0,1,0,0,0
ENSMUSG00000020238,Ncln,3544,3776,3037,3087,3355,1261,2926,3299,3518,3165,3149,3212
ENSMUSG00000044199,S1pr4,226,249,225,228,238,65,293,262,238,214,221,247
ENSMUSG00000034792,Gna15,31,52,36,34,36,19,30,31,18,21,33,34
ENSMUSG00000082828,Gm16106,1,1,0,1,0,0,0,0,1,1,0,0
ENSMUSG00002074981,#N/A,0,0,0,0,0,0,0,0,0,0,0,0
ENSMUSG00000112350,Gm47697,0,1,0,1,0,0,0,0,0,0,0,0
ENSMUSG00000034781,Gna11,631,642,476,493,515,240,467,515,581,537,555,516
ENSMUSG00000054452,Tle5,3212,3474,2217,2665,2238,887,3101,3311,3070,2819,2739,2730
ENSMUSG00000090034,Gm15917,0,0,0,0,0,0,0,0,0,0,0,0
ENSMUSG00000034771,Tle2,11,13,6,9,3,3,8,6,9,4,10,14
ENSMUSG00000034758,Tle6,27,44,23,18,24,5,18,19,18,28,30,32
ENSMUSG00000074862,BC025920,64,78,86,63,54,47,57,66,61,62,40,63
ENSMUSG00000034748,Sirt6,348,374,292,316,294,124,255,325,321,315,328,315
ENSMUSG00000054708,Ankrd24,43,65,38,53,49,18,40,47,35,35,64,53
ENSMUSG00000096856,Gm10778,2,1,2,2,2,6,4,2,0,3,5,3
ENSMUSG00000112585,Gm47527,0,0,0,0,0,0,0,0,0,0,0,0
ENSMUSG00000112001,Gm8112,0,0,0,0,0,0,0,0,0,0,0,0
ENSMUSG00000096795,Zfp433,4,6,3,9,5,7,4,5,4,6,4,5
ENSMUSG00000112061,Gm8249,1,0,0,0,0,1,1,1,0,0,0,0
ENSMUSG00000112339,Gm47529,0,0,0,0,0,0,0,0,0,0,0,0
ENSMUSG00000112621,Gm5173,0,1,0,0,0,0,0,0,2,0,0,0
ENSMUSG00000094622,Gm3055,3,8,2,3,3,6,4,5,4,4,1,3
ENSMUSG00000112877,Gm47537,0,0,0,0,0,0,0,0,0,0,0,0
ENSMUSG00000094076,Gm4767,0,0,0,0,0,0,0,0,0,0,0,0
ENSMUSG00000112740,Gm8264,0,0,0,0,0,0,0,0,0,0,0,0
ENSMUSG00000112697,Gm8137,0,0,0,0,0,0,0,0,0,0,0,0
ENSMUSG00000112640,Gm32687,8,12,4,4,13,9,0,6,6,12,11,4
ENSMUSG00000112196,Gm8274,0,0,1,0,0,0,0,0,1,0,2,0
ENSMUSG00000112760,Gm47539,0,0,0,0,0,0,0,0,0,0,0,0
ENSMUSG00000112311,Gm8153,7,51,62,55,27,1,50,87,6,11,33,5
ENSMUSG00000096718,Zfp781,1,0,0,2,1,1,1,0,0,0,0,0
ENSMUSG00000112205,Gm47546,0,0,0,0,0,0,0,0,0,0,0,0
ENSMUSG00000112051,Gm8158,0,0,0,0,0,0,0,0,0,0,0,0
ENSMUSG00000111985,Gm8290,3,5,1,5,2,3,2,2,2,2,2,1
ENSMUSG00000112502,Gm46194,0,0,0,0,0,1,0,0,1,0,0,0
ENSMUSG00000112790,Gm33378,8,7,4,8,9,4,4,5,5,1,6,8
ENSMUSG00000112381,Gm8170,5,3,3,4,3,0,6,2,0,1,4,3
ENSMUSG00000061371,Zfp873,81,95,72,71,99,58,80,76,78,83,94,93
ENSMUSG00000112373,Gm18556,0,0,0,0,0,0,0,0,0,0,0,0
ENSMUSG00000112160,BC024063,12,20,9,7,16,4,3,12,6,9,8,6
ENSMUSG00000078435,AU041133,69,104,71,62,55,73,48,56,66,72,67,60
ENSMUSG00000112922,Gm47572,27,30,12,17,16,12,16,22,16,18,25,26
ENSMUSG00000112847,Gm47573,1,3,5,1,8,4,5,9,2,6,3,2
ENSMUSG00000112110,Gm15608,0,0,0,0,0,0,0,0,2,0,0,0
ENSMUSG00000062931,Zfp938,89,92,70,72,70,76,72,91,100,81,90,77
ENSMUSG00000111930,Gm47382,0,0,0,0,0,0,0,0,0,0,0,0
ENSMUSG00000044581,4932415D10Rik,0,0,0,0,0,0,0,0,0,0,0,0
ENSMUSG00000073427,Gm4924,85,103,67,55,90,77,41,57,64,84,79,72
ENSMUSG00000112163,Gm8188,1,0,2,1,1,0,1,1,1,1,1,1
ENSMUSG00000112070,Gm47809,0,0,0,0,0,0,0,0,0,0,0,0
ENSMUSG00000094186,Gm1553,0,0,0,0,0,0,0,0,0,0,0,0
ENSMUSG00000112560,Gm19186,0,0,0,0,0,0,0,0,0,0,0,0
ENSMUSG00000094683,Ap3m1-ps,2,5,3,1,2,1,0,1,2,3,1,3
ENSMUSG00000020246,Hcfc2,395,454,315,291,393,233,232,315,375,321,325,316
ENSMUSG00000020248,Nfyb,2021,2227,1831,1903,1936,1574,1782,1834,1975,1879,1790,1685
ENSMUSG00000112107,Gm47560,0,0,0,0,0,0,0,0,0,0,0,0
ENSMUSG00000112286,Gm47561,0,0,0,0,0,0,0,0,0,0,0,0
ENSMUSG00000056821,1700028I16Rik,0,0,0,0,0,1,1,0,2,1,1,1
ENSMUSG00000020250,Txnrd1,5898,6381,5540,5502,4898,3012,5333,6594,5606,5209,4322,4156
ENSMUSG00000112375,Gm38560,2,10,4,11,9,12,16,13,12,5,7,10
ENSMUSG00000112889,Gm47073,2,0,3,1,1,2,0,0,3,2,1,0
ENSMUSG00000109864,Eid3,51,41,46,56,18,4,34,64,51,47,26,23
ENSMUSG00000071151,Gm4799,32,30,31,27,46,18,42,37,40,29,48,31
ENSMUSG00000034612,Chst11,4368,4716,5026,4980,2507,1641,2931,3837,3123,2961,1757,1650
ENSMUSG00000112084,Gm10773,0,0,0,0,0,0,0,0,0,0,0,0
ENSMUSG00000090200,1700025N21Rik,0,0,0,0,0,0,0,0,0,0,0,0
ENSMUSG00002075065,#N/A,0,0,0,0,0,0,0,0,0,0,0,0
ENSMUSG00000034591,Slc41a2,48,65,45,31,21,23,36,38,28,28,14,12
ENSMUSG00000112577,Gm47170,0,0,0,0,0,0,0,0,0,0,0,0
ENSMUSG00000112134,Gm40723,1,0,0,0,0,0,0,0,0,0,0,0
ENSMUSG00000020255,D10Wsu102e,2226,2419,1829,1797,1780,907,1606,1892,1932,1878,1722,1661
ENSMUSG00000020256,Aldh1l2,49,31,48,44,38,23,24,28,34,22,36,31
ENSMUSG00000034560,Washc4,728,722,562,566,542,483,421,569,659,607,755,720
ENSMUSG00000020263,Appl2,34,41,34,36,25,20,29,57,31,33,32,20
ENSMUSG00000010461,Eya4,0,0,0,0,3,11,0,1,2,0,2,2
ENSMUSG00000119293,#N/A,0,0,0,0,0,0,0,0,0,0,0,0
ENSMUSG00000112111,Gm47834,0,0,0,0,0,0,0,0,0,0,0,0
ENSMUSG00000090126,4930519F09Rik,1,0,0,1,0,1,1,1,0,1,0,4
ENSMUSG00000111991,Gm47835,0,0,0,0,0,0,0,0,0,0,0,0
ENSMUSG00000088093,Gm22811,0,0,0,0,0,0,0,0,0,0,0,0
ENSMUSG00000015519,2310057J18Rik,0,0,0,0,0,0,0,0,0,0,0,0
ENSMUSG00000110846,Gm18508,0,0,0,0,0,0,0,0,0,0,0,0
ENSMUSG00000111542,Gm30619,0,0,0,0,0,0,0,0,0,0,0,0
ENSMUSG00000095478,Gm9824,0,1,1,1,0,0,2,1,0,1,2,1
ENSMUSG00000093189,Gm25694,0,0,0,0,0,0,0,0,0,0,0,0
ENSMUSG00000096553,Gm10097,0,0,0,0,0,0,0,0,0,0,0,0
ENSMUSG00000111890,Gm48836,0,0,0,0,0,0,0,0,0,0,0,0
ENSMUSG00000086434,Gm15200,0,0,0,0,0,0,0,0,0,0,0,0
ENSMUSG00000086428,Gm15199,0,0,0,0,0,0,0,0,0,0,0,0
ENSMUSG00000019802,Sec63,2374,2512,2006,2021,2039,2226,1682,2116,2132,2068,2120,1903
ENSMUSG00000087719,Gm26464,0,0,0,0,0,0,0,0,0,0,0,0
ENSMUSG00000044770,Scml4,40,49,38,42,38,16,44,55,32,31,43,33
ENSMUSG00000111293,Gm34006,1,4,6,3,3,1,8,4,8,5,4,3
ENSMUSG00000111086,Gm48671,1,4,6,7,3,1,6,3,3,3,3,1
ENSMUSG00000111333,Gm48670,1,0,0,3,0,0,0,1,0,0,0,2
ENSMUSG00000111972,Gm40778,0,0,0,0,0,0,0,0,0,0,0,0
ENSMUSG00000100558,1700025F24Rik,0,0,0,0,0,0,0,0,0,0,0,0
ENSMUSG00000085454,Grip1os3,0,0,0,0,0,0,0,0,0,0,0,0
ENSMUSG00000085592,Gm16321,0,0,0,0,0,1,0,0,0,0,0,0
ENSMUSG00000034813,Grip1,0,0,0,0,0,2,0,0,0,0,0,0
ENSMUSG00000112741,Gm47341,0,0,0,0,0,0,0,0,0,0,0,0
ENSMUSG00000112287,Gm47024,0,0,0,0,0,0,0,0,0,0,0,0
ENSMUSG00000112243,Gm47342,0,0,0,0,0,1,0,0,0,0,0,0
ENSMUSG00000112555,Gm47027,0,0,0,0,0,0,0,0,0,0,0,0
ENSMUSG00000112106,Gm47026,0,0,0,0,0,0,0,0,0,0,0,0
ENSMUSG00000084764,Grip1os2,0,0,0,0,0,0,0,0,0,0,0,0
ENSMUSG00000085418,Grip1os1,0,0,0,0,0,2,0,0,0,0,1,0
ENSMUSG00000020228,Helb,479,444,396,374,462,330,441,498,434,381,502,403
ENSMUSG00000020227,Irak3,25,26,24,22,11,9,19,20,19,14,23,18
ENSMUSG00000112894,Gm47009,0,0,0,0,0,0,0,0,0,0,0,0
ENSMUSG00000020225,Tmbim4,556,663,513,591,533,229,631,619,521,530,469,441
ENSMUSG00000020224,Llph,352,307,237,228,259,124,277,218,348,295,271,276
ENSMUSG00000063320,1190007I07Rik,142,167,175,146,178,118,175,133,165,138,185,200
ENSMUSG00000034674,Tdg,307,348,294,304,342,199,269,338,334,313,265,219
ENSMUSG00000020251,Glt8d2,0,1,0,4,1,3,0,0,0,0,2,1
ENSMUSG00000031510,1700128E19Rik,0,0,0,0,0,0,0,0,0,0,0,0
ENSMUSG00000104168,Gm38250,6,11,8,3,12,2,3,8,5,5,12,7
ENSMUSG00000087321,Gm5353,5,4,1,1,1,1,4,3,6,1,5,3
ENSMUSG00000110313,Gm45420,3,2,2,4,1,6,4,4,1,0,1,2
ENSMUSG00000005705,Agrp,2,0,1,2,0,1,5,0,1,0,0,1
ENSMUSG00000110686,Gm45855,39,25,16,21,24,6,14,12,33,32,25,17
ENSMUSG00000038604,Ripor1,209,227,156,192,220,193,175,205,200,153,202,209
ENSMUSG00000089432,Mir1966,0,0,0,0,0,0,0,0,0,0,0,0
ENSMUSG00000098120,Gm5914,9,10,8,7,13,3,15,13,18,16,10,15
ENSMUSG00000102593,Gm38384,0,0,0,0,0,0,0,0,2,0,0,0
ENSMUSG00000005698,Ctcf,4034,3957,3056,3229,3821,2533,2891,3473,4056,3663,3969,3723
ENSMUSG00000080021,Gm5915,1,2,3,2,0,3,2,1,0,1,0,2
ENSMUSG00000031618,Nr3c2,0,0,1,0,0,4,0,0,1,0,0,0
ENSMUSG00000089309,Gm24838,0,0,0,0,0,0,0,0,0,0,0,0
ENSMUSG00000088942,Gm23260,0,0,0,0,0,0,0,0,0,0,0,0
ENSMUSG00000050357,Carmil2,2252,2609,1779,1800,1913,814,1483,1964,2374,2086,2399,2322
ENSMUSG00000031592,Pcm1,1074,1202,837,847,1053,1230,562,1002,832,998,1331,1173
ENSMUSG00000038000,Acd,359,367,274,277,283,157,267,271,301,256,278,310
ENSMUSG00000031591,Asah1,984,1112,746,792,627,490,777,859,932,897,672,631
ENSMUSG00000005699,Pard6a,28,43,34,34,37,10,27,40,24,19,45,56
ENSMUSG00000031590,Frg1,813,882,721,788,723,613,868,866,906,779,817,744
ENSMUSG00000098149,Gapdh-ps14,13,17,14,11,2,3,12,7,12,15,6,7
ENSMUSG00000094568,Smarce1-ps1,4,3,3,2,5,3,2,1,2,2,2,1
ENSMUSG00000102046,2810404M03Rik,0,0,0,0,0,0,0,0,0,0,0,0
ENSMUSG00000108069,Hspd1-ps1,0,0,0,0,0,0,0,0,0,0,0,0
ENSMUSG00000095057,Zfp353-ps,0,0,0,0,0,0,0,0,0,0,0,0
ENSMUSG00000053038,Gm6180,9,12,8,15,10,3,9,3,14,11,12,13
ENSMUSG00000013155,Enkd1,144,153,148,150,205,75,182,184,135,111,152,193
ENSMUSG00002075771,#N/A,0,0,0,0,0,0,0,0,0,0,0,0
ENSMUSG00000088312,Gm26181,0,0,0,0,0,0,0,0,0,0,0,0
ENSMUSG00000109987,Gm18414,0,0,0,0,0,0,0,0,0,0,0,0
ENSMUSG00000109627,Gm45590,0,0,0,0,0,0,0,0,0,0,0,0
ENSMUSG00000013158,4933405L10Rik,0,0,0,0,0,0,0,0,0,0,0,0
ENSMUSG00000037148,Arhgap10,321,304,303,285,353,213,289,300,326,288,304,283
ENSMUSG00000031651,Triml1,0,0,0,0,0,2,0,0,0,0,0,0
ENSMUSG00000109991,Gm6284,0,0,0,0,0,1,1,0,0,0,0,0
ENSMUSG00000110258,Gm45406,0,0,0,0,0,0,0,0,0,0,0,0
ENSMUSG00000110410,4933421D24Rik,0,0,0,0,0,0,0,0,0,0,0,0
ENSMUSG00000013150,Gfod2,72,110,87,79,103,39,67,83,93,90,88,91
ENSMUSG00000109732,Gm45285,0,0,0,0,0,0,0,0,0,0,0,0
ENSMUSG00000109873,Gm45407,3,4,5,2,2,2,1,8,8,8,1,3
ENSMUSG00000097882,0610038B21Rik,6,1,1,3,5,0,2,2,1,3,3,1
ENSMUSG00000091490,Triml2,0,0,0,0,0,0,0,0,0,0,0,0
ENSMUSG00000109974,Gm2221,2,8,2,4,3,0,1,1,6,2,1,1
ENSMUSG00000037134,Prmt9,296,330,228,221,257,185,236,232,285,258,339,336
ENSMUSG00002075997,#N/A,0,0,0,0,0,0,0,0,0,0,0,0
ENSMUSG00000109787,Gm45286,10,4,8,3,9,16,6,10,9,13,7,8
ENSMUSG00000051176,Zfp42,0,0,0,0,0,0,0,0,0,0,0,0
ENSMUSG00002075584,#N/A,0,0,0,0,0,0,0,0,0,0,0,0
ENSMUSG00000063900,Adam26b,0,0,0,0,0,0,0,0,0,0,0,0
ENSMUSG00000037415,Ranbp10,737,803,699,642,626,380,611,754,628,631,608,534
ENSMUSG00000048516,Adam26a,0,0,0,0,0,0,0,0,0,0,0,0
ENSMUSG00000050190,Adam34l,0,0,0,0,0,0,0,0,0,0,0,0
ENSMUSG00000079058,Adam34,0,0,0,0,0,0,0,0,0,0,0,0
ENSMUSG00000031617,Tmem184c,966,1105,909,807,847,1110,738,907,943,869,885,838
ENSMUSG00000109723,Gm5347,0,0,0,0,0,0,0,0,0,0,0,0
ENSMUSG00000110155,Gm35629,0,0,0,0,0,0,0,0,0,0,0,0
ENSMUSG00000110168,Gm45488,0,0,0,0,0,0,0,0,0,0,0,0
ENSMUSG00000110224,Gm6011,0,0,0,0,0,1,0,0,0,0,0,0
ENSMUSG00000110036,Gm6303,0,0,0,0,0,0,0,0,0,0,0,0
ENSMUSG00000110347,Gm45657,0,0,0,0,0,0,0,0,0,0,0,1
ENSMUSG00000109826,Gm45658,0,0,0,0,0,0,0,0,0,0,0,0
ENSMUSG00000086451,4933431K23Rik,0,0,0,0,0,0,0,0,0,0,0,0
ENSMUSG00000109993,Gm45659,0,0,0,0,0,0,0,0,0,0,0,0
ENSMUSG00000086781,1700092C02Rik,0,0,0,0,0,0,0,0,0,0,0,0
ENSMUSG00002076028,#N/A,0,0,0,0,0,0,0,0,0,0,0,0
ENSMUSG00000109866,Gm45714,0,0,0,0,0,0,0,0,0,0,0,0
ENSMUSG00000109856,Gm19855,0,0,0,0,0,0,0,0,0,0,0,0
ENSMUSG00000102378,Gm37972,0,0,0,0,0,0,0,0,0,0,0,0
ENSMUSG00002075703,#N/A,0,0,0,0,0,0,0,0,0,0,0,0
ENSMUSG00002076167,#N/A,0,0,0,0,0,0,0,0,0,0,0,0
ENSMUSG00000110409,Gm9908,0,0,0,0,0,0,0,0,0,0,0,0
ENSMUSG00000031893,Tsnaxip1,0,0,0,0,1,2,0,0,0,0,0,1
ENSMUSG00000031616,Ednra,0,0,0,0,0,2,0,0,0,0,0,0
ENSMUSG00000087761,Gm23981,0,0,0,0,0,0,0,0,0,0,0,0
ENSMUSG00000110382,Gm29895,0,0,0,0,0,1,0,0,0,0,0,0
ENSMUSG00000109948,Gm45288,0,0,0,0,0,0,0,0,0,0,0,0
ENSMUSG00000110328,Gm45574,0,0,0,0,0,0,0,0,0,0,0,0
ENSMUSG00000036672,Cenpt,326,348,300,360,345,120,370,387,339,259,323,288
ENSMUSG00000036442,Thap11,646,773,550,614,664,203,648,674,785,562,698,677
ENSMUSG00000110586,4930578M07Rik,0,0,1,3,2,4,3,0,0,0,2,2
ENSMUSG00000037101,Ttc29,0,0,0,0,0,0,0,0,0,0,0,0
ENSMUSG00000031688,Pou4f2,1,0,0,0,0,5,0,1,0,0,0,0
ENSMUSG00000110057,Gm2225,2,1,0,1,0,0,0,2,0,1,1,2
ENSMUSG00000037070,Rbmxl1,387,539,384,403,463,322,437,363,474,429,507,431
ENSMUSG00000031511,Arhgef7,2217,2603,1815,1967,1607,894,1483,1902,2019,1825,1587,1535
ENSMUSG00000008450,Nutf2,45,50,37,40,48,27,30,49,46,35,57,60
ENSMUSG00000110394,Gm18991,0,0,0,0,0,0,0,0,0,0,0,0
ENSMUSG00000086500,Gm15875,0,0,0,0,0,0,0,0,0,0,0,0
ENSMUSG00000031512,Tex29,0,0,2,0,0,0,0,0,0,0,0,0
ENSMUSG00000109772,Gm39132,0,0,0,0,0,0,0,0,0,0,0,0
ENSMUSG00000110002,Gm45680,0,0,0,0,0,0,0,0,0,0,0,0
ENSMUSG00000109995,B020031H02Rik,0,0,0,0,0,4,0,0,0,0,5,0
ENSMUSG00000074473,A230072I06Rik,0,0,0,0,0,0,0,0,0,0,0,0
ENSMUSG00000101899,Gm29175,0,0,0,0,0,0,0,0,0,0,0,0
ENSMUSG00000110412,Gm33175,0,0,0,0,0,0,0,0,0,0,0,0
ENSMUSG00002076452,#N/A,0,0,0,0,0,0,0,0,0,0,0,0
ENSMUSG00000070047,Fat1,1,0,3,2,5,2,1,3,1,1,1,4
ENSMUSG00000047935,Sox1ot,0,0,0,0,0,1,0,0,0,0,0,0
ENSMUSG00000110160,Gm45560,0,0,0,0,0,1,0,0,0,0,0,0
ENSMUSG00000097491,Gm2366,0,0,0,0,0,0,0,0,0,0,0,0
ENSMUSG00000066158,AY512931,0,0,0,0,0,0,0,0,0,0,0,0
ENSMUSG00000096014,Sox1,0,0,0,0,0,4,2,0,0,0,0,0
ENSMUSG00002075906,#N/A,0,0,0,0,0,0,0,0,0,0,0,0
ENSMUSG00000109921,Gm33326,0,0,0,0,0,0,0,0,0,0,0,0
ENSMUSG00000109582,4933439N14Rik,0,0,0,0,0,1,0,0,0,0,0,0
ENSMUSG00000097421,D630011A20Rik,0,0,0,0,0,0,0,0,0,0,0,0
ENSMUSG00000054764,Mtnr1a,0,0,0,0,0,0,0,0,0,0,0,0
ENSMUSG00000110260,Gm30504,0,0,0,0,0,0,0,0,0,0,0,0
ENSMUSG00000110231,Gm6329,0,0,0,0,0,0,0,0,0,0,0,0
ENSMUSG00000010435,Spaca7,0,0,0,0,0,0,0,0,0,0,0,0
ENSMUSG00000031645,F11,0,0,0,0,0,0,0,0,0,0,0,1
ENSMUSG00000109764,Klkb1,0,1,0,0,0,1,1,0,0,0,0,0
ENSMUSG00000031640,Gm45753,0,0,0,0,0,0,0,0,0,0,0,0
ENSMUSG00000079057,Cyp4v3,50,86,60,42,36,34,59,67,55,49,30,38
ENSMUSG00000031684,Slc10a7,454,435,331,288,422,283,339,363,421,369,464,445
ENSMUSG00000110244,Gm2253,6,2,6,1,5,3,7,1,3,2,1,6
ENSMUSG00000112190,Gm47209,0,0,0,0,0,0,0,2,0,0,0,0
ENSMUSG00000109768,Gm45446,0,0,0,0,0,0,0,0,0,0,1,0
ENSMUSG00000036270,Edc4,2456,2855,2292,2215,2064,883,1885,2283,2309,2140,1929,1912
ENSMUSG00000031683,Lsm6,763,733,736,803,952,523,862,826,851,726,892,787
ENSMUSG00000044287,Nrn1l,0,0,0,0,2,0,0,0,2,1,0,1
ENSMUSG00000069986,Gm8054,37,22,16,28,23,9,11,13,40,26,21,24
ENSMUSG00000110094,Gm45326,0,0,0,0,0,0,0,0,0,0,0,0
ENSMUSG00000109583,Gm39204,0,0,0,0,0,0,0,0,0,0,0,0
ENSMUSG00000048310,Pskh1,653,664,539,577,619,203,480,577,589,607,484,463
ENSMUSG00000119040,#N/A,0,0,0,0,0,0,0,0,0,0,0,0
ENSMUSG00000031896,Ctrl,18,23,19,9,28,11,17,25,25,13,20,26
ENSMUSG00000087436,Gm16156,0,0,2,2,2,1,0,1,1,0,0,1
ENSMUSG00000000759,Tubgcp3,1781,1848,1619,1542,1464,1031,1263,1617,1636,1499,1339,1394
ENSMUSG00002076620,#N/A,0,0,0,0,0,0,0,0,0,0,0,0
ENSMUSG00000070044,Fam149a,0,0,0,1,1,0,0,5,1,0,1,0
ENSMUSG00000054910,4931415C17Rik,2,5,5,0,6,2,0,5,3,2,7,5
ENSMUSG00000074469,Gm15348,0,0,0,0,0,0,0,0,0,0,0,0
ENSMUSG00000031897,Psmb10,989,1148,861,1029,948,249,1156,1137,1068,978,1006,998
ENSMUSG00000035237,Lcat,29,18,20,25,30,18,30,43,34,21,46,44
ENSMUSG00000071064,Zfp827,1648,1655,1790,1651,1565,1140,1080,1675,1389,1422,1172,1177
ENSMUSG00000031682,1700011L22Rik,0,0,0,0,0,1,0,0,0,0,0,0
ENSMUSG00000110388,Gm30329,1,1,2,0,2,2,1,0,7,0,1,0
ENSMUSG00000037022,Mmaa,48,51,49,47,58,45,28,42,71,49,68,46
ENSMUSG00000097174,Gm4890,25,12,17,13,22,7,22,17,24,10,17,20
ENSMUSG00000031639,Tlr3,0,0,0,0,0,1,0,0,0,0,1,0
ENSMUSG00000109785,Gm45542,0,0,0,0,0,0,0,0,0,0,0,0
ENSMUSG00000031681,Smad1,332,313,273,293,246,193,287,320,298,263,259,237
ENSMUSG00000109945,Gm45601,0,0,0,0,2,2,1,0,0,0,0,0
ENSMUSG00000109851,Gm39288,0,0,0,0,0,0,0,0,0,0,0,1
ENSMUSG00000109774,Gm45602,0,0,0,0,0,0,0,0,0,0,0,0
ENSMUSG00000109591,Gm8077,0,0,0,0,0,0,0,0,0,0,0,0
ENSMUSG00000097975,Gm8079,4,7,2,4,2,0,6,5,3,3,0,6
ENSMUSG00000031441,Atp11a,4272,4727,3998,3925,3611,2206,2878,4445,3538,3684,2956,2744
ENSMUSG00000084780,Gm15350,0,0,0,0,0,0,0,0,0,2,0,0
ENSMUSG00000085465,Gm15347,0,0,0,0,0,0,0,0,1,0,0,0
ENSMUSG00000017765,Slc12a4,2005,2094,1569,1465,1294,492,1291,1517,1513,1428,1346,1289
ENSMUSG00000099131,Mir7074,0,1,1,0,2,0,0,0,0,3,0,0
ENSMUSG00000110457,Gm45752,0,0,0,0,0,3,0,0,0,0,0,0
ENSMUSG00000036990,Otud4,7454,7156,6786,6367,6080,4658,4408,6542,6741,6740,6714,6426
ENSMUSG00000031898,Dpep3,0,0,0,0,0,0,0,0,0,0,0,0
ENSMUSG00000094594,Tpd52-ps,2,2,4,2,4,0,5,0,4,2,1,1
ENSMUSG00000053687,Dpep2,0,1,0,3,2,1,1,0,0,0,0,2
ENSMUSG00000058355,Abce1,10598,11722,9315,9325,9933,8996,7272,9591,10584,10449,10577,9667
ENSMUSG00000098101,Gm27006,0,1,0,0,0,0,1,0,1,1,0,0
ENSMUSG00000036977,Anapc10,309,298,215,201,284,288,252,297,298,273,348,261
ENSMUSG00000110202,Gm45435,0,0,0,0,0,3,0,0,0,0,0,0
ENSMUSG00000110044,Gm45434,0,0,0,0,0,0,0,0,0,0,0,0
ENSMUSG00000110048,Gm45433,0,0,0,0,0,0,0,0,0,0,0,0
ENSMUSG00000110188,Gm45432,0,0,0,0,0,0,0,0,0,0,0,0
ENSMUSG00000064325,Hhip,3,1,5,5,6,7,0,3,4,3,0,0
ENSMUSG00002075191,#N/A,0,0,0,0,0,0,0,0,0,0,0,0
ENSMUSG00000109738,Gm33096,0,0,0,0,0,0,0,0,0,0,0,0
ENSMUSG00000082491,Gm5909,4,4,2,3,6,0,2,3,6,2,2,1
ENSMUSG00000109593,Gm45431,0,0,0,0,1,0,0,0,0,0,0,0
ENSMUSG00000110294,Gm45430,0,0,0,0,0,2,0,0,0,0,0,0
ENSMUSG00000051839,Gypa,0,0,0,0,0,0,1,0,0,0,0,0
ENSMUSG00000115067,Dpep2,0,0,0,0,0,0,0,0,0,0,0,0
ENSMUSG00000086912,4930505O20Rik,0,0,0,0,0,0,0,0,0,0,0,0
ENSMUSG00000065231,Gm22972,0,0,0,0,0,0,0,0,0,0,0,0
ENSMUSG00000042353,Frem3,0,0,0,0,0,0,0,0,0,0,0,0
ENSMUSG00000031901,Dus2,488,545,491,438,418,191,372,419,402,368,471,427
ENSMUSG00000115768,Dpep2nb,0,0,0,0,0,0,0,0,0,0,0,0
ENSMUSG00000045538,Ddx28,831,996,800,837,684,247,770,684,930,738,528,536
ENSMUSG00000031715,Smarca5,3439,3510,2875,2772,2942,2745,2430,3029,3100,3096,3146,2884
ENSMUSG00000110142,Gm45872,4,0,1,0,0,3,0,3,1,2,1,1
ENSMUSG00000031714,Gab1,0,0,0,0,0,0,1,0,0,1,0,0
ENSMUSG00000109584,Gm7997,2,0,0,1,0,0,2,1,1,1,1,0
ENSMUSG00000109587,Gm31105,0,0,0,0,0,0,0,0,0,0,0,0
ENSMUSG00000098001,Gm27048,0,0,0,0,2,1,0,0,0,0,0,0
ENSMUSG00000098223,Gm4891,5,6,5,3,4,1,3,9,3,2,4,1
ENSMUSG00000031902,Nfatc3,3225,3538,2880,2698,3106,2193,2322,3344,3191,2925,3397,3056
ENSMUSG00002076384,#N/A,0,0,0,0,0,0,0,0,0,0,0,0
ENSMUSG00000038250,Usp38,2306,2692,1858,1921,1641,996,1426,1789,2239,2078,1912,1855
ENSMUSG00000037982,Gm9725,7,2,1,0,2,0,2,1,3,3,1,4
ENSMUSG00000109980,Gm45538,0,0,0,0,0,0,0,0,0,0,0,0
ENSMUSG00000094615,Gm4899,1,0,0,0,0,0,0,1,0,1,0,0
ENSMUSG00000109928,Gm45539,0,2,0,0,0,0,0,0,0,0,0,0
ENSMUSG00000097949,Gm5354,2,9,6,3,9,1,7,6,4,2,9,1
ENSMUSG00000084128,Esrp2,30,35,16,18,8,15,20,27,38,32,24,13
ENSMUSG00000086390,1810019D21Rik,4,0,2,0,1,1,0,0,1,0,0,0
ENSMUSG00000031903,Pla2g15,202,242,146,185,151,49,178,155,165,175,176,151
ENSMUSG00000031904,Slc7a6,2808,3075,2549,2490,2509,985,2070,2499,2784,2647,2534,2497
ENSMUSG00000033106,Slc7a6os,1378,1626,1259,1307,1229,817,1198,1329,1282,1230,1279,1277
ENSMUSG00000060098,Prmt7,1774,2025,1479,1649,1677,662,1382,1533,1874,1611,1658,1650
ENSMUSG00000031906,Smpd3,0,0,0,0,0,1,0,0,0,1,1,0
ENSMUSG00000074113,Gm10629,1,0,0,0,0,0,0,0,0,1,0,0
ENSMUSG00000037940,Inpp4b,7563,8372,6294,6804,6153,5268,4131,6912,6023,7873,7904,6917
ENSMUSG00000090732,4930579O11Rik,0,0,0,0,0,0,0,0,0,0,0,0
ENSMUSG00000090584,Gm17169,0,0,0,0,0,0,0,0,0,0,0,0
ENSMUSG00000091998,Gm17072,1,1,3,2,3,4,1,2,2,3,0,8
ENSMUSG00000089147,Gm25267,0,0,0,0,0,0,0,0,0,0,0,0
ENSMUSG00000109664,Gm9520,2,1,2,0,0,0,0,0,1,0,0,0
ENSMUSG00000110045,Gm38590,0,0,0,0,1,0,0,0,0,0,0,0
ENSMUSG00000031907,Zfp90,83,67,70,50,70,57,52,102,80,67,81,93
ENSMUSG00000054069,6030452D12Rik,0,0,0,0,0,0,0,0,0,0,0,0
ENSMUSG00000061048,Cdh3,1,0,0,0,0,2,0,1,0,0,1,0
ENSMUSG00000060019,Gm10073,8,5,4,7,4,2,4,6,10,2,2,4
ENSMUSG00000099139,1110028F18Rik,0,0,0,0,0,0,0,0,0,0,0,0
ENSMUSG00000031712,Il15,4,2,1,6,1,4,4,6,2,3,4,4
ENSMUSG00000065182,Gm25138,0,0,0,0,0,0,0,0,0,0,0,0
ENSMUSG00000097984,Gm8167,0,0,1,0,0,0,0,1,1,0,0,0
ENSMUSG00000109893,Gm9655,1,0,0,0,0,0,0,0,3,0,0,1
ENSMUSG00000000303,Cdh1,4,2,0,6,3,6,2,4,0,0,3,2
ENSMUSG00000031711,Zfp330,1183,1259,954,1012,1030,721,884,890,1160,1020,1002,914
ENSMUSG00000109643,Gm31545,0,0,0,0,0,0,0,0,0,0,0,0
ENSMUSG00000047747,Rnf150,2,1,3,1,1,8,3,2,3,0,1,0
ENSMUSG00000109600,Gm18212,0,0,0,0,0,0,0,0,0,0,0,0
ENSMUSG00000109876,Gm45449,0,0,0,0,0,1,0,0,0,0,0,0
ENSMUSG00000074228,Gm10645,0,0,0,0,0,0,0,0,0,0,0,0
ENSMUSG00000041949,Tango6,419,443,385,350,451,171,352,390,441,410,396,374
ENSMUSG00000031910,Has3,5,1,2,3,2,2,5,2,2,2,5,4
ENSMUSG00000046691,Chtf8,159,120,121,114,156,110,71,186,150,119,196,162
ENSMUSG00000117748,Gm50241,0,0,0,0,0,0,0,0,0,0,0,0
ENSMUSG00000031709,Tbc1d9,0,1,4,1,2,1,1,0,4,2,1,1
ENSMUSG00000110422,Gm17999,0,0,0,0,0,0,0,0,0,0,0,0
ENSMUSG00000031710,Ucp1,0,0,0,0,0,0,0,0,0,0,0,0
ENSMUSG00000041438,Utp4,5054,5667,4088,4502,4254,2722,3831,4215,4812,4543,4462,4152
ENSMUSG00000074108,Rpl10-ps2,2,2,0,4,1,1,2,4,2,3,0,4
ENSMUSG00000041308,Sntb2,171,135,158,148,144,98,119,159,148,143,150,137
ENSMUSG00000088969,Gm22085,0,0,0,0,0,0,0,0,0,0,0,0
ENSMUSG00000085464,Gm16208,0,0,0,0,0,0,0,0,0,0,0,0
ENSMUSG00000035151,Elmod2,247,295,202,231,292,199,170,230,234,227,261,241
ENSMUSG00000035057,Mgat4d,0,0,0,0,0,0,0,0,0,0,0,0
ENSMUSG00000082136,Gm15660,0,0,0,0,0,0,0,0,0,0,0,0
ENSMUSG00000031913,Vps4a,993,1115,752,790,777,515,808,839,963,872,784,728
ENSMUSG00000083734,Gm16209,0,1,0,0,0,0,1,0,2,2,0,0
ENSMUSG00000078931,Pdf,24,24,15,17,15,11,14,14,27,27,22,11
ENSMUSG00000031916,Cog8,876,858,694,682,766,323,632,653,799,707,704,757
ENSMUSG00000002190,Clgn,2,3,0,0,2,1,0,2,1,1,10,3
ENSMUSG00000031917,Nip7,2849,3361,2584,2758,2670,1185,2606,2734,2952,2629,2489,2468
ENSMUSG00000031919,Tmed6,0,2,0,3,1,0,2,1,2,3,0,0
ENSMUSG00000063253,Scoc,110,140,107,88,97,55,101,91,106,110,103,94
ENSMUSG00000110617,Gm5910,6,6,1,6,8,1,1,5,1,1,4,4
ENSMUSG00000110448,Gm33242,0,0,0,0,0,0,0,0,0,0,0,0
ENSMUSG00000047286,Olfr370,0,0,0,0,0,0,0,0,0,0,1,0
ENSMUSG00000110478,Gm18000,0,0,1,0,0,0,0,0,0,1,0,2
ENSMUSG00000033938,Ndufb7,1340,1468,1137,1299,1333,654,1289,1290,1432,1168,1315,1247
ENSMUSG00000031921,Terf2,845,887,788,703,798,552,752,881,769,712,749,749
ENSMUSG00000098671,Mir7075,0,0,0,0,0,0,0,0,0,0,0,0
ENSMUSG00000102271,C630050I24Rik,0,0,0,0,0,0,0,0,0,0,0,0
ENSMUSG00000031924,Cyb5b,5428,5853,4669,4851,4278,2748,4198,4826,5080,4516,4311,3946
ENSMUSG00000057657,Rps18-ps3,1,1,3,4,1,0,2,2,2,3,2,4
ENSMUSG00000031708,Tecr,1622,1811,1382,1689,1690,1019,1859,2028,1408,1256,1411,1273
ENSMUSG00000110580,D830024N08Rik,17,16,14,17,7,2,4,5,11,19,2,1
ENSMUSG00000110471,Gm45823,2,0,2,0,2,1,2,3,0,0,3,0
ENSMUSG00000110690,Gm18001,0,0,1,0,0,0,0,0,0,1,0,0
ENSMUSG00000031442,Mcf2l,50,59,59,69,18,9,67,77,30,32,13,11
ENSMUSG00000005483,Dnajb1,1586,1827,1246,1287,1305,487,1237,1369,1449,1273,1277,1183
ENSMUSG00000079146,Gm15353,0,0,0,0,0,0,0,0,0,0,0,0
ENSMUSG00000019433,Gipc1,656,770,534,554,501,143,603,627,694,589,551,553
ENSMUSG00000086770,Gm15351,0,0,0,0,0,0,0,0,0,0,0,0
ENSMUSG00000105030,Gm38671,0,0,0,0,0,0,0,0,0,0,0,0
ENSMUSG00000082682,Gm15349,3,5,1,3,3,3,2,5,2,2,3,1
ENSMUSG00000081951,Gm15352,0,0,0,0,0,0,0,0,0,0,0,0
ENSMUSG00000031626,Sorbs2,0,0,0,0,0,5,0,0,0,1,0,0
ENSMUSG00000031443,F7,0,0,0,1,0,0,0,0,0,0,0,0
ENSMUSG00000109665,Gm45458,0,0,0,0,0,0,0,0,0,0,0,0
ENSMUSG00000084954,Gm16351,0,0,0,0,0,0,0,0,0,0,0,0
ENSMUSG00002075425,#N/A,0,0,0,0,0,0,0,0,0,0,0,0
ENSMUSG00000118852,#N/A,0,0,0,0,0,0,0,0,0,0,0,0
ENSMUSG00000003847,Nfat5,7782,7407,8009,7407,6732,7312,4210,7099,5949,6482,6973,6475
ENSMUSG00000085440,Sorbs2os,0,0,0,0,0,0,0,0,0,0,0,0
ENSMUSG00000110411,Gm45457,0,0,0,0,0,0,0,0,0,0,0,0
ENSMUSG00000080378,Gm25309,0,0,0,0,0,0,0,0,0,0,0,0
ENSMUSG00000003849,Nqo1,11,16,20,17,15,5,31,36,12,12,8,9
ENSMUSG00000031636,Pdlim3,0,0,0,0,0,0,0,0,0,0,0,0
ENSMUSG00000110071,Gm45512,0,0,0,0,0,0,0,0,0,0,0,0
ENSMUSG00000071104,Ccdc110,0,0,0,0,0,0,0,0,0,0,0,0
ENSMUSG00000003848,Nob1,2382,2720,2088,2389,2255,918,2121,2146,2573,2203,1995,2010
ENSMUSG00000087542,Gm15878,0,0,0,0,0,0,0,0,0,0,0,0
ENSMUSG00000071103,1700029J07Rik,11,16,11,13,17,15,24,9,14,16,21,16
ENSMUSG00000031444,F10,0,0,0,0,0,0,0,0,0,0,0,0
ENSMUSG00000031445,Proz,0,0,0,0,0,0,0,0,0,0,0,1
ENSMUSG00000091443,Gm17023,0,0,0,0,0,0,0,0,0,0,0,0
ENSMUSG00000031634,Ufsp2,269,294,231,233,297,278,221,284,318,215,303,301
ENSMUSG00000050914,Ankrd37,53,79,79,79,101,50,92,79,99,97,104,116
ENSMUSG00000057672,Pkn1,2966,3071,2077,2042,2172,1288,1787,2459,2617,2353,2726,2638
ENSMUSG00000038542,Pcid2,1393,1487,1292,1191,1232,616,1169,1184,1281,1217,1238,1080
ENSMUSG00000091784,Gm17022,0,0,0,1,0,0,1,0,1,0,1,0
ENSMUSG00000031930,Wwp2,1460,1593,1100,1185,1049,471,1038,1261,1366,1211,1082,1052
ENSMUSG00000019464,Ptger1,20,13,17,4,14,8,14,10,21,16,12,21
ENSMUSG00000059775,Rps26-ps1,10,6,6,16,15,7,12,13,8,7,14,8
ENSMUSG00000110501,Gm45900,0,0,0,0,0,0,0,0,0,0,0,0
ENSMUSG00000065439,Mir140,0,0,0,0,0,0,0,0,0,0,0,0
ENSMUSG00000039067,Psmd7,4050,4431,3635,3796,4071,2949,4151,4132,4368,3883,4382,3754
ENSMUSG00000110508,Gm8940,0,0,0,0,0,0,0,0,0,0,0,0
ENSMUSG00002076032,#N/A,0,0,0,0,0,0,0,0,0,0,0,0
ENSMUSG00002076156,#N/A,0,0,0,0,0,0,0,0,0,0,0,0
ENSMUSG00000110625,5033426E14Rik,0,0,0,0,0,0,0,0,0,0,0,0
ENSMUSG00000031446,Cul4a,1559,1601,1294,1254,1135,650,1077,1413,1307,1299,1209,1052
ENSMUSG00000098532,Mir7065,0,0,0,0,0,0,0,0,0,0,0,0
ENSMUSG00000038872,Zfhx3,3,8,6,2,5,11,4,3,0,5,4,1
ENSMUSG00000109868,Gm39244,0,0,0,0,0,0,0,0,0,0,0,0
ENSMUSG00000110613,Lncbate1,0,0,0,0,0,0,0,0,0,0,0,0
ENSMUSG00000104292,Gm38042,0,0,2,0,0,2,0,0,0,0,0,0
ENSMUSG00000102989,Gm38318,0,0,0,0,0,0,0,0,0,0,0,0
ENSMUSG00000031447,Lamp1,3298,3646,2653,2863,2412,1659,2541,2958,3232,2882,2953,2703
ENSMUSG00000093697,Gm20686,0,0,0,0,0,0,0,0,0,0,0,0
ENSMUSG00000093241,Mir3108,0,0,0,0,0,0,0,0,0,0,0,0
ENSMUSG00000031637,Lrp2bp,0,0,1,0,0,0,1,0,0,0,2,0
ENSMUSG00000097393,D030068K23Rik,0,0,0,0,1,1,0,0,0,0,0,0
ENSMUSG00000110528,Gm1943,1,0,2,0,0,0,0,1,0,2,0,1
ENSMUSG00002075982,#N/A,0,0,0,0,0,0,0,0,0,0,0,0
ENSMUSG00000005481,Ddx39,4417,5348,4075,4220,4398,1753,4580,4224,4764,4039,4126,4027
ENSMUSG00000031727,Pmfbp1,0,0,0,1,1,0,0,0,0,0,0,0
ENSMUSG00000037993,Dhx38,3232,3273,2629,2686,2451,1496,2342,2828,2831,2803,2504,2355
ENSMUSG00000031723,Txnl4b,187,232,191,172,180,103,182,182,230,151,166,167
ENSMUSG00000038515,Grtp1,21,27,15,15,13,11,9,12,16,13,11,14
ENSMUSG00000088054,Mir1968,0,0,0,0,0,0,0,0,0,0,0,0
ENSMUSG00000099338,2810030D12Rik,0,0,0,0,0,0,0,0,0,0,0,0
ENSMUSG00000031722,Hp,1,0,0,1,0,1,0,0,0,0,0,0
ENSMUSG00000038291,Snx25,1066,1238,938,1033,898,473,897,986,1090,960,884,896
ENSMUSG00002075432,#N/A,0,0,0,0,0,0,0,0,0,0,0,0
ENSMUSG00000031448,Adprhl1,0,0,0,0,0,0,0,0,1,0,0,0
ENSMUSG00000031730,Dhodh,624,697,552,544,639,206,570,609,706,631,662,693
ENSMUSG00000031631,Cfap97,664,675,509,520,579,486,386,563,661,583,608,572
ENSMUSG00000086279,Gm15634,0,1,0,0,0,2,1,2,0,0,0,0
ENSMUSG00000109902,Gm45693,0,0,0,1,0,0,0,0,0,0,0,0
ENSMUSG00000031633,Slc25a4,3031,3162,2464,2619,2822,1552,2847,2729,3165,2741,3004,2852
ENSMUSG00000074978,Actg-ps1,2,3,3,3,0,1,3,4,3,1,3,2
ENSMUSG00002076759,#N/A,0,0,0,0,0,0,0,0,0,0,0,0
ENSMUSG00000071102,Gm10313,12,7,12,13,7,6,19,19,4,8,12,4
ENSMUSG00000089561,Gm24669,0,0,0,0,0,0,0,0,0,0,0,0
ENSMUSG00000109692,Gm8575,0,1,0,0,0,0,0,0,0,0,0,0
ENSMUSG00000047171,Helt,0,1,0,0,0,0,0,0,0,0,0,0
ENSMUSG00000110179,Gm39168,0,0,0,0,0,0,0,0,0,0,0,0
ENSMUSG00000109743,Gm45255,0,0,0,0,0,0,0,0,0,0,0,0
ENSMUSG00000038506,Dcun1d2,814,832,695,607,722,497,603,672,792,687,859,805
ENSMUSG00000110035,Gm30931,0,0,0,0,0,0,0,0,0,0,0,0
ENSMUSG00000109612,Gm45253,0,0,0,0,0,5,0,0,0,0,0,0
ENSMUSG00000107531,E330037G11Rik,11,14,17,7,20,9,5,10,16,13,10,12
ENSMUSG00000109912,Gm45245,0,0,0,0,0,0,0,0,0,0,0,0
ENSMUSG00000089026,Gm25014,0,0,1,1,0,0,0,1,0,0,0,1
ENSMUSG00000107742,9530085L11Rik,23,11,24,17,16,18,10,22,16,26,21,21
ENSMUSG00000002885,Adgre5,7387,8404,5789,6074,4514,2133,5063,6214,7404,7170,3546,3176
ENSMUSG00000098465,Mir1668,0,0,1,1,0,0,0,0,0,0,0,0
ENSMUSG00000110570,Gm45778,4,2,2,0,2,1,3,1,1,0,1,3
ENSMUSG00002075288,#N/A,0,0,0,0,0,0,0,0,0,0,0,0
ENSMUSG00000038497,Tmco3,236,276,178,192,202,91,168,213,194,181,245,207
ENSMUSG00000018796,Acsl1,550,565,433,486,341,176,346,541,475,389,311,326
ENSMUSG00000109807,Gm45244,0,0,1,0,0,0,1,1,1,0,0,0
ENSMUSG00000038482,Tfdp1,4123,4080,3416,3419,4303,3052,3368,3848,3979,3547,5092,4363
ENSMUSG00000031449,Atp4b,0,0,0,0,0,0,0,0,0,0,0,0
ENSMUSG00000110311,Gm45410,0,0,0,0,0,0,0,0,0,0,0,0
ENSMUSG00000031450,Grk1,0,1,0,1,0,2,2,0,0,1,1,0
ENSMUSG00000038457,Tmem255b,0,0,0,0,0,0,0,0,0,0,0,0
ENSMUSG00000031629,Cenpu,105,145,154,198,196,131,227,224,139,101,127,135
ENSMUSG00000031451,Gas6,2,3,1,1,0,0,0,5,2,2,1,1
ENSMUSG00000110278,Gm5608,0,0,0,1,0,0,0,0,0,0,0,0
ENSMUSG00000048827,Pkd1l3,229,243,196,239,152,126,174,256,192,211,268,243
ENSMUSG00000031729,Ist1,1755,1944,1598,1609,1601,760,1514,1594,1598,1471,1396,1315
ENSMUSG00000031452,1700029H14Rik,0,2,0,1,0,0,0,0,0,0,0,0
ENSMUSG00000013033,Adgrl1,2211,2002,1465,1369,2102,978,1263,1714,2194,1860,2633,2424
ENSMUSG00002075713,#N/A,1,0,0,0,0,0,0,0,0,0,1,0
ENSMUSG00002076814,#N/A,0,0,0,0,0,0,0,0,0,0,0,0
ENSMUSG00000074219,Gm10644,2,0,0,1,0,2,1,0,1,2,2,2
ENSMUSG00000031728,Zfp821,109,107,48,71,84,54,73,85,86,65,88,92
ENSMUSG00000005470,Asf1b,357,400,334,329,555,254,514,527,385,324,437,429
ENSMUSG00000031453,Rasa3,159,199,240,245,145,94,206,286,170,137,158,153
ENSMUSG00000038225,Primpol,330,290,256,249,268,211,243,287,301,282,269,236
ENSMUSG00000069895,Atxn1l,871,943,814,762,764,387,577,870,794,815,707,700
ENSMUSG00000110270,Gm45607,0,0,0,0,0,0,0,0,0,0,0,0
ENSMUSG00000090336,Cfap97d2,0,0,0,0,0,1,0,0,0,0,0,0
ENSMUSG00000109617,Gm7669,1,4,2,1,0,1,1,0,1,1,5,2
ENSMUSG00000005469,Prkaca,503,628,404,446,513,264,494,512,496,448,565,507
ENSMUSG00000079003,Samd1,724,688,596,570,893,453,803,778,861,664,1332,1321
ENSMUSG00000031628,Casp3,7822,8716,6873,7426,5247,3354,6070,7063,7493,7028,5262,4891
ENSMUSG00000097534,Gm16675,81,90,70,62,60,37,43,70,66,66,56,56
ENSMUSG00000046408,1700067K01Rik,8,6,3,6,15,4,4,7,8,7,25,22
ENSMUSG00000098823,Mir8111,0,0,0,0,0,2,0,0,0,0,0,0
ENSMUSG00000038416,Cdc16,1550,1720,1441,1482,1354,848,1307,1541,1523,1435,1314,1156
ENSMUSG00000074217,Misp3,0,3,1,2,0,0,3,2,0,2,0,1
ENSMUSG00000080665,Mir1199,0,0,0,0,0,0,0,0,0,0,0,0
ENSMUSG00000047986,Palm3,0,4,1,2,0,1,4,1,4,0,0,0
ENSMUSG00000038398,Upf3a,1108,1223,956,989,1055,865,1043,1121,1294,1120,1138,983
ENSMUSG00000057116,AF366264,0,1,0,0,6,7,0,0,0,0,1,0
ENSMUSG00000047710,Champ1,2951,3103,2384,2498,2166,1317,1955,2524,2598,2544,2335,2178
ENSMUSG00000005465,Il27ra,995,1059,800,848,772,312,712,810,892,861,1032,1005
ENSMUSG00002075686,#N/A,0,0,0,0,0,0,0,0,0,0,0,0
ENSMUSG00000065817,Gm24698,1,1,0,0,3,0,0,0,0,0,2,1
ENSMUSG00000045232,Rln3,2,0,1,0,0,1,3,1,0,1,0,2
ENSMUSG00000074215,Gm10643,5,5,4,3,4,1,7,5,5,6,2,8
ENSMUSG00000056753,C330011M18Rik,6,2,2,5,3,2,1,2,5,10,2,4
ENSMUSG00000031458,Coprs,9,5,5,8,4,2,9,6,15,8,13,15
ENSMUSG00000068631,Gm7676,0,1,1,1,0,0,0,0,0,0,0,0
ENSMUSG00000031627,Irf2,1525,1623,1324,1283,870,942,1200,1512,1163,1139,908,732
ENSMUSG00000109751,Gm45479,0,0,0,0,0,0,0,0,0,0,0,0
ENSMUSG00000110374,Gm31172,0,0,0,0,0,0,0,0,0,0,0,0
ENSMUSG00000110414,Gm45481,0,0,0,0,0,0,0,0,0,0,0,0
ENSMUSG00000109759,1700011L03Rik,0,0,0,0,0,0,0,0,0,0,0,0
ENSMUSG00000031731,Ap1g1,3549,3724,2816,2839,2980,1950,2271,2980,3165,2940,3070,2749
ENSMUSG00000077549,Snord71,1,3,5,0,1,1,4,4,1,1,2,1
ENSMUSG00000084507,Gm25321,0,0,0,0,0,0,0,0,0,0,0,0
ENSMUSG00000078143,Gm17344,0,0,0,2,1,0,0,2,2,0,0,0
ENSMUSG00000038365,Fbxo25,265,294,283,231,282,127,251,227,283,260,216,215
ENSMUSG00000031706,Rfx1,339,365,232,240,299,134,252,302,335,261,374,321
ENSMUSG00000076144,Mir709,0,0,1,0,0,0,0,0,2,1,0,1
ENSMUSG00000038173,Enpp6,0,0,0,0,0,1,0,0,0,4,1,0
ENSMUSG00000031732,Phlpp2,628,702,575,602,554,330,416,615,587,572,554,542
ENSMUSG00000050052,Tdrp,63,95,49,53,64,53,46,46,67,67,47,57
ENSMUSG00000085678,Gm16349,1,0,0,0,0,0,0,0,0,1,0,1
ENSMUSG00000109888,Gm45600,0,0,0,0,0,0,0,0,0,0,0,0
ENSMUSG00000110058,Gm5907,41,49,66,58,52,15,39,54,58,37,21,22
ENSMUSG00000086190,4930579M01Rik,0,0,0,0,0,1,0,0,0,0,0,0
ENSMUSG00000110264,E330018M18Rik,0,0,1,0,0,0,0,0,0,0,0,0
ENSMUSG00000051978,Erich1,307,318,288,327,298,317,319,354,341,310,287,243
ENSMUSG00000109982,Gm45520,2,3,2,0,1,2,3,1,0,1,0,0
ENSMUSG00000074461,Gm10699,0,0,3,0,0,0,0,0,0,0,0,0
ENSMUSG00000001672,Marveld3,0,0,0,1,0,0,0,0,0,0,0,0
ENSMUSG00000110707,Gm45795,1,0,1,3,1,0,3,3,1,0,1,2
ENSMUSG00000001670,Tat,0,0,0,0,0,0,0,0,0,0,0,0
ENSMUSG00000110561,Gm45888,0,0,0,0,0,0,0,0,0,0,0,0
ENSMUSG00000037103,Dcaf15,883,883,811,820,764,245,915,899,812,733,768,758
ENSMUSG00000035930,Chst4,0,0,0,0,0,0,0,0,0,0,0,0
ENSMUSG00000110507,8030455M16Rik,0,0,0,0,0,0,0,0,0,0,0,0
ENSMUSG00000012889,Podnl1,271,293,234,223,115,60,213,271,253,217,184,171
ENSMUSG00000044676,Zfp612,23,7,15,6,15,7,5,14,12,19,16,7
ENSMUSG00000091041,Gm17720,0,0,0,0,0,0,0,0,0,0,0,0
ENSMUSG00000095941,Tle7,0,0,0,0,0,0,0,0,0,0,0,0
ENSMUSG00000038143,Stox2,4,6,9,12,6,10,14,7,4,3,2,0
ENSMUSG00000109606,Gm45537,0,0,0,0,0,0,0,0,0,0,0,0
ENSMUSG00000092710,Gm22857,0,0,0,0,0,0,0,0,0,0,0,0
ENSMUSG00000003657,Calb2,0,0,0,0,0,0,0,1,0,0,0,0
ENSMUSG00000046441,Cmtr2,958,1058,805,810,791,371,563,740,782,826,719,775
ENSMUSG00000097409,Gm26832,0,0,0,0,0,0,0,0,0,1,0,0
ENSMUSG00000047495,Dlgap2,0,0,0,0,0,0,0,0,0,0,0,0
ENSMUSG00000085371,Gm3160,0,1,0,2,1,2,1,5,2,1,1,1
ENSMUSG00000088311,Gm26184,0,0,0,0,0,0,0,0,0,0,0,0
ENSMUSG00000038102,Trappc11,957,932,768,791,782,401,667,854,818,781,664,636
ENSMUSG00002076625,#N/A,0,0,0,0,0,0,0,0,0,0,0,0
ENSMUSG00000084945,C030037F17Rik,0,0,0,0,0,0,0,0,0,0,0,0
ENSMUSG00000026317,Cln8,248,232,224,184,206,109,183,201,190,184,239,221
ENSMUSG00000036686,Cc2d1a,869,869,640,610,748,318,553,732,809,735,802,710
ENSMUSG00000031568,Rwdd4a,1991,2203,1648,1813,1550,1243,1766,1861,1862,1675,1672,1485
ENSMUSG00000110363,Gm45576,0,0,0,0,0,1,0,0,0,0,0,0
ENSMUSG00002075555,#N/A,0,0,0,0,0,0,0,0,0,0,0,0
ENSMUSG00000109960,Gm45575,0,0,0,0,0,0,0,0,0,0,0,0
ENSMUSG00000062458,Gm8623,1,0,2,3,1,0,2,3,1,3,1,3
ENSMUSG00000063049,Ing2,133,143,164,149,155,143,161,181,134,128,127,110
ENSMUSG00000074357,AA386476,3,16,10,20,15,4,6,17,16,11,9,14
ENSMUSG00000059854,Hydin,0,0,0,0,0,2,0,1,1,0,0,0
ENSMUSG00000038069,Cdkn2aip,290,339,260,288,283,172,240,292,327,279,291,269
ENSMUSG00000118811,#N/A,0,0,0,0,0,0,0,0,0,0,0,0
ENSMUSG00000097706,E030037K01Rik,1,4,6,5,1,1,3,3,2,1,0,0
ENSMUSG00000093112,Gm22701,0,0,0,0,0,4,0,0,0,0,1,0
ENSMUSG00002074968,#N/A,0,0,0,0,0,0,0,0,0,0,0,0
ENSMUSG00002075592,#N/A,0,0,0,0,0,0,0,0,0,0,0,0
ENSMUSG00000008129,4930432K21Rik,43,35,34,14,35,18,17,25,40,32,41,29
ENSMUSG00002075459,#N/A,0,0,0,0,0,0,0,0,0,0,0,0
ENSMUSG00000110665,Gm31786,0,0,0,0,0,0,0,0,0,0,0,0
ENSMUSG00002075294,#N/A,0,0,0,0,0,0,0,0,0,0,0,0
ENSMUSG00000110604,Gm45824,0,0,0,0,0,2,0,0,0,0,0,0
ENSMUSG00000110539,Gm45864,0,0,0,0,0,0,0,0,0,0,0,0
ENSMUSG00000110464,1700061N14Rik,0,0,0,0,0,0,0,0,0,0,0,0
ENSMUSG00000056155,Nanos3,0,10,0,6,2,1,1,3,3,5,5,2
ENSMUSG00000061974,Cldn24,0,0,0,0,0,0,0,0,0,0,0,0
ENSMUSG00000076338,Mir181d,2,0,1,1,1,0,0,0,0,0,0,0
ENSMUSG00000065483,Mir181c,1,0,0,0,0,0,0,0,1,0,0,0
ENSMUSG00000097120,Gm26887,0,0,0,0,0,0,0,1,0,0,1,0
ENSMUSG00000103593,Gm37352,72,39,49,43,64,13,32,53,53,53,60,77
ENSMUSG00000065611,Mir23a,2,6,0,2,0,0,0,3,0,3,2,2
ENSMUSG00000065444,Mir27a,6,3,4,3,3,1,3,3,5,3,2,3
ENSMUSG00000065541,Mir24-2,1,0,6,2,5,0,0,7,0,2,1,0
ENSMUSG00000105458,Mir3074-2,0,0,0,0,0,0,0,0,1,0,0,1
ENSMUSG00000097296,Gm26532,67,79,57,46,131,42,81,85,78,57,131,112
ENSMUSG00000035671,Zswim4,1055,1280,1032,1135,387,182,636,847,739,783,312,282
ENSMUSG00000031563,Wwc2,25,36,24,12,10,5,10,23,14,12,10,10
ENSMUSG00000019362,D8Ertd738e,1279,1668,1441,1584,1455,519,1497,1438,1516,1278,1264,1221
ENSMUSG00000038064,Cldn22,0,0,0,0,0,0,0,0,0,0,0,0
ENSMUSG00002075471,#N/A,0,0,0,0,0,0,0,0,0,0,0,0
ENSMUSG00000110624,Gm32052,0,0,0,0,0,0,0,0,0,0,0,0
ENSMUSG00000110544,Gm2607,1,0,1,0,0,0,0,1,2,0,0,3
ENSMUSG00000010936,Vac14,2307,2465,1827,1942,1938,935,1683,1989,2144,1974,1926,1757
ENSMUSG00000004996,Mri1,952,1077,781,882,996,389,781,787,1011,860,1116,1132
ENSMUSG00000004994,Ccdc130,258,284,210,227,220,136,188,267,251,221,238,200
ENSMUSG00000109653,Gm45608,0,0,0,0,0,0,0,0,0,0,0,0
ENSMUSG00000033763,Mtss2,24,14,10,5,10,10,8,19,18,13,8,13
ENSMUSG00000031750,Il34,0,0,0,0,1,0,0,0,0,0,0,0
ENSMUSG00000090039,Gm15894,0,0,0,0,1,2,0,0,0,0,1,0
ENSMUSG00000085068,Gm15895,0,0,0,0,0,0,0,0,0,0,0,0
ENSMUSG00000071176,Arhgef10,129,148,115,115,112,53,102,108,123,90,130,96
ENSMUSG00000033732,Sf3b3,10917,11790,9096,8881,10398,5452,7912,9406,10410,9802,10435,9972
ENSMUSG00000031561,Tenm3,0,0,0,0,0,1,0,0,0,0,0,0
ENSMUSG00000080396,Snord111,1,0,0,0,0,0,0,0,0,0,0,0
ENSMUSG00000090024,Gm16350,17,17,18,25,22,4,10,8,19,18,19,10
ENSMUSG00000080518,Gm22193,0,0,0,0,0,0,0,0,0,0,0,0
ENSMUSG00000110480,Gm32842,0,0,0,1,0,0,0,0,0,0,0,0
ENSMUSG00000110509,Gm45772,0,0,0,0,0,0,0,0,0,0,0,0
ENSMUSG00000055675,Kbtbd11,1248,1308,748,798,779,384,792,1036,1190,1103,1167,1121
ENSMUSG00000100706,Gm19744,0,0,0,0,0,0,0,0,0,2,0,0
ENSMUSG00000098322,5830468F06Rik,17,22,16,14,15,16,26,22,15,19,17,23
ENSMUSG00000089548,Gm25830,0,0,0,0,0,0,0,0,0,0,0,0
ENSMUSG00000110503,Gm45830,0,0,0,0,0,0,0,0,0,0,0,0
ENSMUSG00000102615,Gm37844,22,29,16,24,28,17,21,30,49,23,11,23
ENSMUSG00000110606,Gm45829,0,0,0,0,0,0,0,0,0,0,0,0
ENSMUSG00000110465,Gm45832,0,0,0,0,0,0,0,0,0,0,0,0
ENSMUSG00000049008,BB014433,0,0,0,0,0,0,0,0,0,0,0,0
ENSMUSG00000109871,Gm45276,0,0,0,0,0,0,0,0,0,0,0,0
ENSMUSG00000109965,Gm45274,0,0,0,0,0,0,0,0,0,0,0,0
ENSMUSG00000031559,4930555F03Rik,0,0,0,0,1,0,0,0,0,0,0,0
ENSMUSG00000110137,Gm45577,0,0,0,0,0,1,0,0,0,0,0,0
ENSMUSG00000110564,Gm45697,0,0,0,0,0,1,0,0,0,0,0,0
ENSMUSG00000110688,Gm45696,0,0,0,0,0,0,0,0,0,0,0,0
ENSMUSG00000109907,Gm45321,0,0,0,0,0,0,0,0,0,0,0,0
ENSMUSG00000110051,Gm45322,0,0,0,0,0,0,0,0,0,0,0,0
ENSMUSG00000110375,Gm45323,0,0,0,0,0,0,0,0,0,0,0,0
ENSMUSG00000110147,Gm45324,0,0,0,0,1,1,0,0,0,0,0,0
ENSMUSG00000109838,Gm45341,0,0,0,0,0,0,0,0,0,0,0,0
ENSMUSG00000109741,Gm45455,0,0,0,0,0,0,0,0,0,0,0,0
ENSMUSG00000110281,Gm2516,0,0,0,0,0,0,0,0,0,0,0,0
ENSMUSG00000110050,Gm45259,0,0,0,0,1,0,0,0,0,0,1,0
ENSMUSG00000087769,Gm23986,0,0,0,0,0,0,0,0,0,0,0,0
ENSMUSG00000110246,C130073E24Rik,0,0,0,0,1,5,0,0,0,0,0,0
ENSMUSG00000109840,Gm45386,0,0,0,0,0,0,0,0,0,0,0,0
ENSMUSG00000109944,Gm32975,0,0,0,0,0,0,0,0,0,0,0,0
ENSMUSG00000109691,Gm8679,0,0,0,0,0,0,0,0,0,0,0,0
ENSMUSG00000110085,Gm17911,0,3,0,0,0,3,1,0,1,0,2,0
ENSMUSG00000109897,Gm6458,3,2,1,2,2,2,0,0,0,0,1,2
ENSMUSG00000110163,Gm45389,0,0,0,0,0,1,0,0,0,0,0,0
ENSMUSG00002075300,#N/A,0,0,0,0,0,0,0,0,0,0,0,0
ENSMUSG00000065337,Gm24929,0,0,0,0,0,0,0,0,0,0,0,0
ENSMUSG00000109823,Gm45388,0,0,0,0,0,1,0,0,0,0,0,0
ENSMUSG00000052825,Gm9892,47,78,73,74,64,67,70,59,32,34,57,35
ENSMUSG00000098231,Gm6463,9,6,5,1,6,0,3,4,6,5,4,0
ENSMUSG00000064682,Gm25813,0,0,0,0,0,0,0,0,0,0,0,0
ENSMUSG00000110013,1190028D05Rik,0,0,0,0,0,0,0,0,0,0,0,0
ENSMUSG00000109919,Gm45673,0,0,0,0,0,0,0,0,0,0,0,0
ENSMUSG00000109983,Gm9685,0,0,0,0,0,0,0,0,0,0,0,0
ENSMUSG00000088678,Gm23666,0,0,0,0,0,0,0,0,0,0,0,0
ENSMUSG00000110362,Gm45554,0,0,0,0,0,0,0,0,0,0,0,0
ENSMUSG00000118776,#N/A,0,0,0,0,0,0,0,0,0,0,0,0
ENSMUSG00000089068,Gm22841,0,0,0,0,0,0,0,0,0,0,0,0
ENSMUSG00000031461,Myom2,0,0,0,0,0,1,0,0,0,0,0,0
ENSMUSG00000083000,Gm15678,0,0,0,0,0,0,0,0,0,0,0,0
ENSMUSG00000110286,Gm7706,0,0,0,0,0,0,0,0,0,0,0,0
ENSMUSG00000109886,Gm45271,0,0,0,0,0,0,0,0,0,0,0,0
ENSMUSG00000077503,Gm24231,0,0,0,0,0,0,0,0,0,0,0,0
ENSMUSG00000109748,Gm35392,0,0,0,0,0,0,0,0,0,0,0,0
ENSMUSG00002076229,#N/A,0,0,0,0,0,0,0,0,0,0,0,0
ENSMUSG00002076067,#N/A,0,0,0,0,0,0,0,0,0,0,0,0
ENSMUSG00002076692,#N/A,0,0,0,0,0,0,0,0,0,0,0,0
ENSMUSG00000110288,Gm45678,0,0,0,0,0,0,0,0,0,0,0,0
ENSMUSG00000031521,Aga,233,256,186,160,208,155,168,182,215,194,180,219
ENSMUSG00000109839,Gm45677,0,0,0,0,0,0,0,0,0,0,0,0
ENSMUSG00000110356,Gm35453,0,0,0,0,0,0,0,0,0,0,0,0
ENSMUSG00000110392,Gm45676,0,0,0,0,0,0,0,0,0,2,0,0
ENSMUSG00000110217,Gm45408,0,0,0,0,0,0,0,0,0,0,0,0
ENSMUSG00000110201,Gm45675,0,0,0,0,0,2,0,0,0,0,0,0
ENSMUSG00000109757,Gm7128,0,1,0,1,0,0,0,0,0,0,0,1
ENSMUSG00000039396,Neil3,94,112,101,114,197,165,133,154,87,102,153,115
ENSMUSG00000031753,Cog4,580,620,440,452,481,271,405,486,568,468,496,502
ENSMUSG00000110334,Gm19921,0,0,0,0,0,0,0,0,0,0,0,0
ENSMUSG00000031520,Vegfc,2,6,3,3,3,0,3,4,2,4,5,2
ENSMUSG00000110403,Gm45553,0,0,0,0,0,0,0,0,0,0,0,0
ENSMUSG00000054408,Spcs3,4927,4913,4239,4306,4500,3353,3695,4280,4849,4439,4387,4061
ENSMUSG00000060924,Csmd1,0,0,0,0,0,1,0,0,0,0,0,0
ENSMUSG00000031519,Asb5,1,2,1,3,1,0,2,1,4,2,0,4
ENSMUSG00000089708,5330439A09Rik,0,0,0,0,0,0,0,0,0,0,0,0
ENSMUSG00000093142,Mir3106,0,0,0,0,0,0,0,0,0,0,0,0
ENSMUSG00000085150,Gm16346,0,0,0,0,0,0,0,0,0,0,0,0
ENSMUSG00000087363,Gm16347,0,0,0,0,0,0,0,0,0,0,0,0
ENSMUSG00000031518,Spata4,0,0,0,0,0,1,0,0,0,0,0,0
ENSMUSG00000109616,Gm45393,0,0,0,0,0,0,0,0,0,0,0,0
ENSMUSG00000110132,Gm45394,0,0,0,0,0,0,0,0,0,0,0,0
ENSMUSG00000087892,Gm25278,0,0,0,0,0,0,0,0,0,0,0,0
ENSMUSG00000109625,3110080E11Rik,0,0,0,0,0,0,0,0,0,0,0,0
ENSMUSG00000088320,Gm25665,0,0,0,0,0,0,0,0,0,0,0,0
ENSMUSG00000110056,1700014L14Rik,0,0,0,0,0,0,0,0,0,0,0,0
ENSMUSG00000077675,Gm24469,0,0,0,0,0,0,0,0,0,0,0,0
ENSMUSG00000033703,Fcsk,191,267,201,169,187,68,155,193,219,178,183,179
ENSMUSG00000031749,St3gal2,916,1035,694,709,868,325,663,880,1078,980,883,878
ENSMUSG00000065100,Gm26132,0,0,0,0,0,1,0,0,0,0,0,1
ENSMUSG00000118587,AC132945.1,0,0,0,0,0,0,0,0,0,0,0,0
ENSMUSG00000015023,Ddx19a,1710,2033,1439,1478,1617,1353,1456,1563,1686,1475,1527,1294
ENSMUSG00000034656,Cacna1a,98,108,85,95,81,51,74,97,106,91,113,98
ENSMUSG00000039842,Mcph1,559,602,490,535,651,386,477,592,520,503,667,562
ENSMUSG00000077287,Gm25763,0,0,0,0,0,0,0,0,0,0,0,0
ENSMUSG00000064392,Gm23626,0,0,0,0,0,0,0,0,0,0,0,0
ENSMUSG00000086067,Gm16183,0,0,0,0,0,0,0,0,0,0,0,0
ENSMUSG00000087300,Gm16725,0,0,0,0,0,0,0,0,0,0,0,0
ENSMUSG00000090334,Gm17149,0,0,2,0,0,1,2,0,0,0,0,0
ENSMUSG00000053560,Ier2,2893,3060,2335,2512,2721,1003,2213,2167,2676,2313,2395,2306
ENSMUSG00000118487,Gm50464,3,7,0,4,5,5,1,3,3,3,4,10
ENSMUSG00000033658,Ddx19b,834,844,609,590,615,372,513,618,758,690,696,646
ENSMUSG00000093087,Mir3473d,0,0,0,0,0,0,0,2,0,1,0,0
ENSMUSG00000031465,Angpt2,0,0,0,0,0,0,1,0,0,0,0,0
ENSMUSG00000001910,Nacc1,4598,4991,3660,3795,3894,1681,3433,4230,4689,4083,4140,3885
ENSMUSG00000031467,Agpat5,1601,1795,1431,1561,1728,1365,1565,1577,1782,1620,1638,1639
ENSMUSG00000109784,Gm45493,23,13,13,18,13,16,9,19,18,12,17,31
ENSMUSG00000110530,Gm35934,0,0,0,0,0,1,0,0,0,0,0,0
ENSMUSG00000110651,Gm45770,0,0,0,0,0,0,0,0,0,0,0,0
ENSMUSG00000031960,Aars,4608,5034,4588,4909,3499,2092,3444,4422,3970,3566,3555,3136
ENSMUSG00000039814,Xkr5,26,30,34,28,79,22,66,46,35,31,50,60
ENSMUSG00002075691,#N/A,0,0,0,2,0,0,0,0,1,0,1,0
ENSMUSG00000088420,Gm22551,0,0,0,0,0,0,0,0,0,0,0,0
ENSMUSG00000109941,Exosc6,0,0,0,0,0,0,0,0,0,0,0,0
ENSMUSG00000053678,Defb40,0,0,0,0,0,0,0,0,0,0,0,0
ENSMUSG00000053695,Defb37,0,0,0,0,0,0,0,0,0,0,0,0
ENSMUSG00000053790,Defb38,0,0,0,0,0,0,0,0,0,0,0,0
ENSMUSG00000080726,Gm15366,0,0,0,0,0,0,0,0,0,0,0,0
ENSMUSG00000061847,Defb39,0,0,0,0,0,0,0,0,0,0,0,0
ENSMUSG00000039375,Wdr17,0,0,0,0,0,0,0,0,0,0,0,0
ENSMUSG00000089719,Gm15758,0,0,0,0,0,0,0,0,0,0,0,0
ENSMUSG00002075499,#N/A,0,0,0,0,0,0,0,0,0,0,0,0
ENSMUSG00000071169,Defb46,0,0,0,0,0,0,0,0,0,0,0,0
ENSMUSG00000031517,Gpm6a,0,0,0,0,0,0,0,0,0,0,0,0
ENSMUSG00000039785,Defb5,0,0,0,0,0,0,0,0,0,0,0,0
ENSMUSG00000081901,Gm15357,0,0,0,0,0,0,0,0,0,0,0,0
ENSMUSG00000110342,Gm45263,0,0,0,0,0,0,0,0,0,0,0,0
ENSMUSG00000109725,Gm45265,0,0,0,0,0,0,0,0,0,0,0,0
ENSMUSG00000039775,Defb3,0,0,0,0,0,0,0,0,0,0,0,0
ENSMUSG00000109927,Gm45264,0,0,0,0,0,0,0,0,0,0,0,0
ENSMUSG00000109942,Gm45262,0,0,0,0,0,0,0,0,0,0,0,0
ENSMUSG00000081154,Defa-ps13,0,0,0,0,0,0,0,0,0,0,0,0
ENSMUSG00000110047,A230085B16Rik,0,0,0,0,0,0,0,0,0,0,0,0
ENSMUSG00000110249,9330121K16Rik,0,0,0,0,0,0,0,0,0,0,0,0
ENSMUSG00000082710,Defa-ps14,0,0,0,0,0,0,0,0,0,0,0,0
ENSMUSG00000109736,Gm8734,0,0,0,0,0,0,0,0,0,0,0,0
ENSMUSG00000110025,Gm20586,0,0,0,0,0,0,0,0,0,0,0,0
ENSMUSG00000031471,Defb8,0,0,0,0,0,0,0,0,0,0,0,0
ENSMUSG00000110064,Gm18320,0,0,0,0,0,0,0,0,0,0,0,0
ENSMUSG00000080894,Defa-ps15,0,0,0,0,0,0,0,0,0,0,0,0
ENSMUSG00000109943,Gm45610,1,0,0,0,0,0,1,0,0,0,1,0
ENSMUSG00000081094,Rpl19-ps11,49,35,20,27,38,3,35,17,53,37,29,41
ENSMUSG00002075262,#N/A,0,0,0,0,0,0,0,0,0,0,0,0
ENSMUSG00000046258,Adam29,0,0,0,0,0,2,0,0,0,0,0,0
ENSMUSG00000037790,Defb7,0,0,0,0,0,0,0,0,0,0,0,0
ENSMUSG00000082650,Gm15358,0,0,0,0,0,0,0,0,0,0,0,0
ENSMUSG00002075907,#N/A,0,0,0,0,0,0,0,0,0,0,0,0
ENSMUSG00000083218,Gm16425,14,11,15,9,12,2,6,7,16,15,6,4
ENSMUSG00000081920,Selenot-ps,0,0,0,1,0,0,0,0,0,0,0,0
ENSMUSG00000110463,Gm35998,0,0,0,0,0,0,0,0,0,0,0,0
ENSMUSG00000087153,Gm6483,30,16,29,11,16,9,10,20,28,26,23,22
ENSMUSG00000110531,Gm7760,0,0,0,0,0,0,0,0,0,0,0,0
ENSMUSG00000096265,4930467E23Rik,0,0,0,0,0,0,0,0,0,0,0,0
ENSMUSG00000110669,Gm10060,13,14,24,16,18,3,10,9,12,8,15,18
ENSMUSG00000038257,Glra3,0,0,1,0,0,0,0,0,0,0,0,0
ENSMUSG00000033633,Clec18a,0,0,0,0,0,0,0,0,0,0,0,0
ENSMUSG00000110591,Gm31371,0,0,0,0,0,0,0,0,0,0,0,0
ENSMUSG00000110164,Gm7351,1,0,2,2,2,1,2,0,3,2,0,1
ENSMUSG00000109662,Gm45366,0,0,0,0,0,0,0,0,0,0,0,0
ENSMUSG00000110460,Gm20786,0,0,0,0,0,0,0,0,0,0,0,0
ENSMUSG00000110649,Gm40466,29,17,10,14,14,6,8,22,28,20,10,10
ENSMUSG00000118613,AC093451.1,0,0,0,0,0,0,0,0,0,0,0,0
ENSMUSG00000110589,Gm45754,0,0,0,0,0,0,0,0,0,0,0,0
ENSMUSG00000094421,Gm20778,0,0,0,0,0,0,0,0,0,0,0,0
ENSMUSG00000110458,Gm21769,5,5,5,4,3,0,3,7,9,5,4,3
ENSMUSG00000031613,Hpgd,0,0,0,0,0,0,0,0,0,0,0,0
ENSMUSG00000096401,Gm21811,28,39,23,29,27,8,26,36,43,30,42,27
ENSMUSG00000110397,Gm45540,0,0,0,0,0,5,0,0,0,0,0,0
ENSMUSG00000110309,Gm7419,0,0,0,0,0,0,0,0,0,0,0,0
ENSMUSG00000110310,4930518J21Rik,0,0,0,0,0,0,0,0,0,0,0,0
ENSMUSG00000077585,Gm24375,0,0,0,0,0,0,0,0,0,0,0,0
ENSMUSG00000071796,6820431F20Rik,41,26,21,30,20,21,19,23,25,27,25,21
ENSMUSG00000074449,Gm15319,0,0,0,0,0,0,0,0,0,0,0,0
ENSMUSG00000110637,Gm7807,0,0,0,0,0,0,0,0,0,0,0,0
ENSMUSG00000071793,2610005L07Rik,41,49,41,45,29,20,16,60,26,31,41,28
ENSMUSG00000095766,Gm21182,0,0,0,0,0,0,0,0,0,0,0,0
ENSMUSG00000095403,Gm21092,10,6,2,3,9,4,5,15,12,6,12,11
ENSMUSG00000110574,Gm21112,0,0,0,0,0,0,0,0,0,0,0,0
ENSMUSG00000033624,Pdpr,598,571,442,479,472,287,267,482,507,498,515,502
ENSMUSG00000084808,9430091E24Rik,12,20,4,15,13,3,9,10,10,15,20,15
ENSMUSG00000095294,Gm21119,0,0,0,0,0,0,0,0,0,0,0,0
ENSMUSG00000110699,Gm20946,0,0,0,0,0,0,0,0,0,0,0,0
ENSMUSG00000096890,Gm20797,0,0,0,0,0,0,0,0,0,0,0,0
ENSMUSG00000094534,Gm20945,0,0,0,1,0,0,0,0,0,0,0,0
ENSMUSG00000093800,Gm20796,0,0,0,0,0,2,0,0,0,1,0,0
ENSMUSG00000074454,Defb33,0,0,0,0,0,0,0,0,0,0,0,0
ENSMUSG00000082976,Gm15056,0,0,0,0,0,0,0,0,0,0,0,0
ENSMUSG00000071165,Gm6040,0,0,0,0,0,0,0,0,0,0,0,0
ENSMUSG00000038215,Cep44,182,164,163,169,203,153,159,188,186,151,163,172
ENSMUSG00000079120,AY761185,0,0,0,0,0,0,0,0,0,0,0,0
ENSMUSG00000074447,Defa21,0,0,0,0,0,0,0,0,0,0,0,0
ENSMUSG00000118967,#N/A,0,0,0,0,0,0,0,0,0,0,0,0
ENSMUSG00000074446,Defa23,0,0,0,0,0,0,0,0,0,0,0,0
ENSMUSG00000061845,Defa35,0,0,0,0,0,0,0,0,0,0,0,0
ENSMUSG00000087663,Defa-ps3,0,0,0,0,0,0,0,0,0,0,0,0
ENSMUSG00000094687,Defa25,0,0,0,0,0,0,0,0,0,0,0,0
ENSMUSG00000085898,Gm6689,0,1,0,0,1,1,0,0,1,0,1,0
ENSMUSG00000061958,Defa38,0,0,0,0,0,0,0,0,0,0,0,0
ENSMUSG00000119855,#N/A,0,0,0,0,0,0,0,0,0,0,0,0
ENSMUSG00000085173,Gm2869,0,0,1,0,0,0,0,0,0,0,0,0
ENSMUSG00000038206,Fbxo8,234,273,195,216,258,189,206,225,245,189,244,229
ENSMUSG00000110318,Gm2767,0,2,2,1,0,1,0,0,0,0,0,0
ENSMUSG00000083509,Defa-ps4,0,0,0,0,0,0,0,0,0,0,0,0
ENSMUSG00002075828,#N/A,0,1,0,0,0,0,0,0,0,0,0,0
ENSMUSG00000109760,Gm6503,1,0,1,0,0,0,0,0,0,1,0,0
ENSMUSG00000110000,Gm33501,0,0,0,0,0,0,0,0,0,0,0,0
ENSMUSG00000110043,Gm7328,0,0,0,0,0,0,0,0,0,0,0,0
ENSMUSG00000074444,Defa30,0,0,0,0,0,0,0,0,0,0,0,0
ENSMUSG00000074443,Defa22,0,0,0,0,0,0,0,0,0,0,0,0
ENSMUSG00000119310,#N/A,0,0,0,0,0,0,0,0,0,0,0,0
ENSMUSG00000074442,Defa31,0,0,0,0,0,0,0,0,0,0,0,0
ENSMUSG00000079116,Defa41,0,0,0,0,0,0,0,0,0,0,0,0
ENSMUSG00000094321,Defa-ps5,0,0,0,0,0,0,0,0,0,0,0,0
ENSMUSG00000095328,Defa-ps6,0,0,0,0,0,0,0,0,0,0,0,0
ENSMUSG00000080722,Defa-ps7,0,0,0,0,0,0,0,0,0,0,0,0
ENSMUSG00000082957,Gm15303,0,0,0,0,0,0,0,0,0,0,0,0
ENSMUSG00000074441,Defa40,0,0,0,0,0,0,0,0,0,0,0,0
ENSMUSG00000094180,Defa-ps8,0,0,0,0,0,0,0,0,0,0,0,0
ENSMUSG00000074440,Defa3,0,0,0,0,0,0,0,0,0,0,0,0
ENSMUSG00000074439,Defa5,0,0,0,0,0,0,0,0,0,0,0,0
ENSMUSG00000083251,Gm15300,0,0,0,0,0,0,0,0,0,0,0,0
ENSMUSG00000082211,Defa27,0,0,0,0,0,0,0,0,0,0,0,0
ENSMUSG00000003316,Glg1,3252,3418,2727,2763,2606,1405,2384,2845,2859,2744,2563,2544
ENSMUSG00000074437,Defa29,0,0,0,0,0,0,0,0,0,0,0,0
ENSMUSG00000119513,#N/A,0,0,0,0,0,0,0,0,0,0,0,0
ENSMUSG00000084377,Gm15302,0,0,0,0,0,0,0,0,0,0,0,0
ENSMUSG00002075523,#N/A,0,0,0,0,0,0,0,0,0,0,0,0
ENSMUSG00000082918,Defa-ps16,0,0,0,0,0,0,0,0,0,0,0,0
ENSMUSG00000096295,Defa2,0,0,0,0,0,0,0,0,0,0,0,0
ENSMUSG00000094362,Defa33,0,0,0,0,0,0,0,0,0,0,0,0
ENSMUSG00000094662,Defa36,0,0,0,0,0,0,0,0,0,0,0,0
ENSMUSG00000084344,Gm15305,0,0,0,0,0,0,0,0,0,0,0,0
ENSMUSG00000100510,Hand2os1,0,0,0,0,0,10,0,0,0,0,0,0
ENSMUSG00000074436,Defa-ps18,0,0,0,0,0,0,0,0,0,0,0,0
ENSMUSG00000083106,Gm15309,0,0,0,0,0,0,0,0,0,0,0,0
ENSMUSG00000079114,Defa42,0,0,0,0,0,0,0,0,0,0,0,0
ENSMUSG00000110327,Gm17994,0,0,0,0,0,0,0,0,0,0,0,0
ENSMUSG00000119166,#N/A,0,0,0,0,0,0,0,0,0,0,0,0
ENSMUSG00000081321,Gm15304,0,0,0,0,0,0,0,0,0,0,0,0
ENSMUSG00000038193,Hand2,0,0,0,0,0,0,0,0,0,0,0,0
ENSMUSG00000095925,Defa-ps17,0,0,0,0,0,0,0,0,0,0,0,0
ENSMUSG00000033596,Rfwd3,1099,1159,1071,1076,1373,821,1005,1199,1046,1000,1259,1160
ENSMUSG00000109697,Gm34030,0,0,0,0,0,0,0,0,0,0,0,0
ENSMUSG00000095066,Defa20,0,0,0,0,0,0,0,0,0,0,0,0
ENSMUSG00000097910,5033428I22Rik,7,6,8,8,6,6,7,2,4,4,5,0
ENSMUSG00000094818,Defa32,0,0,0,0,0,0,0,0,0,0,0,0
ENSMUSG00000109629,Gm34099,0,0,0,0,0,0,0,0,0,0,0,0
ENSMUSG00000075934,Gm24423,0,0,0,0,0,0,0,0,0,0,0,0
ENSMUSG00000065956,Defa37,0,0,0,0,0,0,0,0,0,0,0,0
ENSMUSG00000031610,Scrg1,0,0,0,0,0,0,0,0,0,0,0,0
ENSMUSG00000083987,Gm15311,0,0,0,0,0,0,0,0,0,0,0,0
ENSMUSG00000074434,Defa28,0,0,0,0,0,0,0,0,0,0,0,0
ENSMUSG00000084041,Gm15312,0,0,0,0,0,0,0,0,0,0,0,0
ENSMUSG00000031609,Sap30,395,369,353,303,429,217,406,359,367,296,448,461
ENSMUSG00000096917,2500002B13Rik,9,17,9,18,23,16,14,9,8,12,29,29
ENSMUSG00000079113,Defa43,0,0,0,0,0,0,0,0,0,0,0,0
ENSMUSG00001118671,#N/A,0,0,0,0,0,0,0,0,0,0,0,0
ENSMUSG00000082323,Gm15314,0,0,0,0,0,0,0,0,0,0,0,0
ENSMUSG00000001909,Trmt1,3505,3826,2935,3080,2825,1286,2758,2977,3455,3140,2921,2852
ENSMUSG00000060070,Defa26,0,0,0,0,0,0,0,0,0,0,0,0
ENSMUSG00000084366,Gm15313,0,0,0,0,0,0,0,0,0,0,0,0
ENSMUSG00000054717,Hmgb2,420,512,599,580,965,1375,838,859,453,420,989,689
ENSMUSG00000109899,Gm6012,4,3,4,2,0,3,3,4,2,3,3,1
ENSMUSG00000060208,Defa17,0,0,0,0,0,0,0,0,0,0,0,0
ENSMUSG00000063206,Defa34,0,0,0,0,0,0,0,0,0,0,0,0
ENSMUSG00000082859,Defa-ps9,0,0,0,0,0,3,0,0,0,0,0,0
ENSMUSG00000095813,Defa-ps1,0,0,0,0,0,0,0,0,0,0,0,0
ENSMUSG00000012519,Mlkl,101,126,101,118,100,66,132,153,113,118,147,118
ENSMUSG00000058618,Defa39,0,0,0,0,0,0,0,0,0,0,0,0
ENSMUSG00000119464,#N/A,0,0,0,0,0,0,0,0,0,0,0,0
ENSMUSG00000081668,Gm7869,0,0,0,0,0,0,0,0,0,0,0,0
ENSMUSG00000110484,Gm45712,0,0,0,0,0,0,0,0,0,0,0,0
ENSMUSG00000096340,Defa-ps10,0,0,0,0,0,0,0,0,0,0,0,0
ENSMUSG00000064213,Defa24,0,0,0,0,0,0,0,0,0,0,0,0
ENSMUSG00000084254,Defa-ps11,0,0,0,0,0,0,0,0,0,0,0,0
ENSMUSG00000044748,Defb1,0,0,0,0,0,0,0,0,0,0,0,0
ENSMUSG00000082698,Gm15316,0,0,0,0,0,0,0,0,0,0,0,0
ENSMUSG00000058568,Defb50,0,0,0,0,0,0,0,0,0,0,0,0
ENSMUSG00000033579,Fa2h,0,0,0,0,0,0,0,0,0,0,0,0
ENSMUSG00000077477,Gm24793,0,0,0,0,0,0,0,0,0,0,0,0
ENSMUSG00000006570,Defb2,0,0,0,0,0,0,0,0,0,0,0,0
ENSMUSG00000044743,Defb10,0,0,0,0,0,0,0,0,0,0,0,0
ENSMUSG00000047390,Defb9,0,0,0,0,0,0,0,0,0,0,0,0
ENSMUSG00000045337,Defb11,0,0,0,0,0,0,0,0,0,0,0,0
ENSMUSG00000110616,Gm36879,0,0,0,0,1,0,0,0,0,0,1,0
ENSMUSG00000048500,Defb15,0,0,0,0,0,0,0,0,0,0,0,0
ENSMUSG00000110681,Gm45796,0,0,0,0,0,0,0,0,0,0,0,0
ENSMUSG00000058052,Defb35,0,0,0,0,0,0,0,1,0,0,0,0
ENSMUSG00000044222,Defb13,0,0,0,0,0,0,0,0,0,0,0,0
ENSMUSG00000079112,Fam90a1a,0,0,0,0,0,0,0,0,0,0,0,0
ENSMUSG00000031608,Galnt7,840,820,714,714,705,545,607,837,778,708,809,777
ENSMUSG00000017049,Ccdc70,0,0,0,0,0,0,0,0,0,0,0,0
ENSMUSG00000077526,Gm25379,0,0,0,0,0,0,0,0,0,0,0,0
ENSMUSG00000070025,Gm10284,3,5,5,4,3,0,3,3,1,0,1,0
ENSMUSG00000110405,Gm45534,2,2,1,1,2,3,0,2,3,6,3,4
ENSMUSG00000109852,Gm45360,3,3,2,3,3,4,5,1,3,0,0,6
ENSMUSG00000110238,Gm19269,3,1,3,2,0,1,1,4,2,4,0,2
ENSMUSG00000109585,Gm45358,8,7,8,0,8,3,2,3,3,1,5,7
ENSMUSG00000110289,4930412F12Rik,6,2,5,6,9,3,3,5,4,5,5,6
ENSMUSG00000110419,AW046200,22,25,15,23,18,32,10,20,16,16,26,21
ENSMUSG00000109728,Gm45359,1,1,2,0,3,11,2,2,2,1,4,9
ENSMUSG00000109636,Gm45644,1,0,0,0,0,1,0,6,0,1,0,1
ENSMUSG00000110162,Gm45356,0,0,0,0,0,0,0,0,0,0,0,0
ENSMUSG00000001911,Nfix,739,677,553,555,729,492,597,767,721,651,885,796
ENSMUSG00000006567,Atp7b,12,15,20,24,16,3,16,21,22,8,8,6
ENSMUSG00000034041,Lyl1,3,8,5,6,1,2,4,8,2,6,12,7
ENSMUSG00000096914,Galntl6,0,0,0,0,0,2,0,0,0,0,0,0
ENSMUSG00000109753,Gm45633,0,0,0,0,0,1,0,0,1,0,0,0
ENSMUSG00000109963,Gm45635,0,0,0,0,0,0,0,0,0,0,0,0
ENSMUSG00000090003,Gm15882,0,0,0,0,0,0,0,0,0,0,0,0
ENSMUSG00000074203,G430095P16Rik,10,12,6,8,11,2,12,14,12,3,11,7
ENSMUSG00000110227,Gm45634,0,0,0,0,0,0,0,0,0,0,0,0
ENSMUSG00000109791,Gm45636,0,0,0,0,0,0,0,0,0,0,0,0
ENSMUSG00000085254,Gm15881,0,0,0,0,0,0,0,0,0,0,0,0
ENSMUSG00000053226,Dand5,13,18,12,10,21,7,13,12,22,24,15,25
ENSMUSG00000049946,BC030500,0,0,0,0,0,0,0,0,0,0,0,0
ENSMUSG00000109746,Gm7499,0,0,0,0,0,0,0,0,0,0,0,0
ENSMUSG00000033751,Gadd45gip1,1507,1476,1145,1436,1390,827,1372,1355,1591,1239,1516,1510
ENSMUSG00000110401,Gm5740,0,0,0,0,0,0,1,0,0,0,0,0
ENSMUSG00000110381,Gm34370,0,0,0,0,0,0,0,0,0,0,0,0
ENSMUSG00002075281,#N/A,0,0,0,0,0,0,0,0,0,0,0,0
ENSMUSG00000063362,Alg11,843,961,809,790,735,535,610,787,842,692,681,634
ENSMUSG00000110406,4930470O06Rik,0,0,0,0,1,1,0,0,0,0,0,0
ENSMUSG00000065727,Gm26164,0,0,0,0,0,0,0,0,0,0,0,0
ENSMUSG00000109966,Gm34623,0,0,0,0,0,0,0,0,0,0,0,0
ENSMUSG00000070023,Gm10283,0,0,0,0,0,0,0,0,0,0,0,0
ENSMUSG00000003813,Rad23a,1853,1941,1706,1746,2064,969,1630,1825,2108,1878,2141,1771
ENSMUSG00000057228,Aadat,0,0,0,0,0,0,0,0,0,0,0,0
ENSMUSG00000109930,Gm34730,0,0,0,0,0,1,0,0,0,0,0,0
ENSMUSG00000003814,Calr,23085,23441,17769,18145,19671,16671,19141,21335,20395,17187,21047,17405
ENSMUSG00000031647,Mfap3l,0,0,0,0,0,0,0,0,0,0,1,0
ENSMUSG00000109992,Gm45650,0,1,0,0,0,2,0,0,0,0,0,0
ENSMUSG00000109988,Gm45651,0,0,0,0,0,0,0,0,0,0,0,0
ENSMUSG00000087685,1700122E12Rik,0,0,0,0,0,0,0,0,0,0,0,0
ENSMUSG00000109797,Stambp-ps2,0,0,0,0,0,0,0,0,0,0,0,0
ENSMUSG00000088040,Gm23329,0,0,0,0,0,0,0,0,0,0,0,0
ENSMUSG00000110261,Gm45485,0,0,0,0,0,0,0,0,0,0,0,0
ENSMUSG00000037738,Nek5,0,0,0,0,0,0,0,0,0,0,0,0
ENSMUSG00000031959,Wdr59,1261,1296,959,942,1022,532,772,1037,1103,1045,910,856
ENSMUSG00000098410,Mir1957b,0,0,0,0,0,0,0,0,0,0,0,0
ENSMUSG00000038005,Hpf1,873,986,803,762,976,930,830,830,928,854,1049,952
ENSMUSG00000003808,Farsa,3144,3435,2513,2650,2639,1124,2532,2696,3089,2678,2603,2585
ENSMUSG00000098331,Mir7069,0,2,0,1,1,0,0,2,0,0,0,1
ENSMUSG00000031478,Nek3,65,55,39,42,45,28,44,55,58,42,54,74
ENSMUSG00000003824,Syce2,255,278,213,265,256,142,339,311,267,229,299,337
ENSMUSG00000037725,Ckap2,494,522,548,551,930,674,613,708,486,465,781,702
ENSMUSG00000031479,Vps36,1426,1475,1231,1214,1247,847,1186,1339,1475,1256,1324,1138
ENSMUSG00000003809,Gcdh,244,220,180,196,241,100,170,189,216,181,242,232
ENSMUSG00000054191,Klf1,6,5,4,2,6,3,0,1,2,1,0,0
ENSMUSG00000031480,Thsd1,2,4,2,5,1,11,4,1,2,5,5,7
ENSMUSG00000090007,Rpl30-ps2,1,0,0,0,0,0,0,0,0,0,0,0
ENSMUSG00000033545,Znrf1,1368,1336,1020,1103,945,346,1058,1141,1201,1070,1082,1066
ENSMUSG00000003812,Dnase2a,79,91,62,69,100,37,63,68,75,68,62,72
ENSMUSG00000031958,Ldhd,0,2,1,1,1,0,2,3,3,0,2,1
ENSMUSG00000055835,Zfp1,485,495,361,351,377,277,358,460,483,476,392,407
ENSMUSG00000031957,Ctrb1,0,0,0,0,0,0,0,0,0,0,0,0
ENSMUSG00000099129,Mir7076,0,0,0,0,0,0,0,0,0,0,0,0
ENSMUSG00000031955,Bcar1,28,39,18,20,20,8,14,14,23,13,12,8
ENSMUSG00000053693,Mast1,2,4,5,5,3,2,1,2,4,3,5,6
ENSMUSG00002076705,#N/A,0,0,0,0,0,0,0,0,0,0,0,0
ENSMUSG00000031954,Cfdp1,1912,2129,1680,1725,2120,2152,1757,2024,1983,1648,2475,1852
ENSMUSG00000031953,Tmem170,81,84,57,53,80,53,67,55,52,49,78,59
ENSMUSG00002075786,#N/A,0,0,0,0,0,0,0,0,0,0,0,0
ENSMUSG00000031481,Tpte,0,0,0,0,0,0,0,0,0,0,0,0
ENSMUSG00000031952,Chst5,0,0,0,0,0,0,0,0,0,0,0,0
ENSMUSG00000031951,Tmem231,17,12,11,10,11,6,11,13,14,9,16,15
ENSMUSG00000031482,Slc25a15,925,924,710,702,729,290,569,635,900,792,853,790
ENSMUSG00000099825,1810012K16Rik,0,2,1,0,1,0,0,1,2,1,0,0
ENSMUSG00000110193,Gm45452,0,0,0,0,0,0,0,0,0,0,0,0
ENSMUSG00000031950,Gabarapl2,113,118,89,115,107,59,131,115,107,91,101,98
ENSMUSG00000048617,Rtbdn,0,0,0,0,0,0,0,0,0,0,0,0
ENSMUSG00000109938,Gm6009,0,0,0,1,0,0,0,0,0,0,0,0
ENSMUSG00000110129,Gm45453,0,0,0,0,0,0,0,0,0,0,0,0
ENSMUSG00000031533,Mrps31,608,714,560,548,622,514,574,701,637,636,691,540
ENSMUSG00000031534,Smim19,153,185,125,120,160,67,162,136,182,173,179,153
ENSMUSG00000031949,Adat1,367,369,348,344,440,327,284,318,367,310,428,451
ENSMUSG00000037656,Slc20a2,619,693,642,591,595,294,572,641,599,515,525,528
ENSMUSG00000097042,Gm17491,156,174,145,140,144,113,124,86,147,115,170,163
ENSMUSG00000004319,Clcn3,2479,2661,2080,2032,2051,1293,1472,2077,2290,2233,2193,2023
ENSMUSG00000008892,Vdac3,395,406,295,330,363,126,327,284,448,382,308,358
ENSMUSG00000045746,B230317F23Rik,12,11,10,18,29,28,9,15,11,8,24,30
ENSMUSG00000031535,Dkk4,0,1,0,0,0,1,0,0,0,0,0,0
ENSMUSG00000052926,Rnaseh2a,346,383,345,370,422,191,458,433,421,302,404,390
ENSMUSG00000111184,Gm49661,0,0,0,0,0,0,0,0,0,0,0,0
ENSMUSG00000031948,Kars,8261,9347,6680,7070,7700,3882,6879,7249,8417,7468,7946,7053
ENSMUSG00000033430,Terf2ip,392,464,351,337,299,283,356,366,375,292,303,271
ENSMUSG00000092086,Gm6793,3,1,4,2,0,0,1,0,6,5,0,5
ENSMUSG00000065700,Gm22827,0,0,0,0,0,0,0,0,0,0,0,0
ENSMUSG00000110435,Gm3635,0,0,0,0,0,0,0,0,0,0,0,0
ENSMUSG00000098075,Gm26994,0,0,0,0,0,4,0,0,0,0,0,0
ENSMUSG00000031536,Polb,880,867,605,634,746,518,653,685,853,744,818,757
ENSMUSG00000005161,Prdx2,1201,1333,1038,1055,1314,483,1364,1189,1322,1096,1113,1211
ENSMUSG00000052837,Junb,10461,10894,9218,10213,8442,2266,8681,9569,9132,8050,7273,7228
ENSMUSG00000031772,Cntnap4,0,0,0,0,0,0,0,0,0,0,0,0
ENSMUSG00002076356,#N/A,0,0,0,0,0,0,0,0,0,0,0,0
ENSMUSG00000110455,Gm45904,0,0,0,0,0,0,0,0,0,0,0,0
ENSMUSG00000110541,Gm10280,0,0,0,0,0,0,0,0,0,0,0,0
ENSMUSG00000077289,Gm25766,0,0,0,0,0,0,0,0,0,0,0,0
ENSMUSG00000088258,Gm24291,0,0,0,0,0,0,0,0,0,0,0,0
ENSMUSG00000078908,Mon1b,1312,1385,1007,902,931,561,803,1025,1056,990,852,824
ENSMUSG00000033409,Syce1l,0,2,1,1,2,0,0,2,2,0,0,0
ENSMUSG00000110581,Gm45789,0,0,0,0,0,0,0,0,0,0,0,0
ENSMUSG00000110582,Gm30052,0,0,0,1,0,0,0,0,0,0,0,0
ENSMUSG00000053399,Adamts18,0,0,0,0,0,3,0,0,0,0,0,0
ENSMUSG00000052566,Hook2,257,258,222,202,214,121,205,241,200,180,270,241
ENSMUSG00000031537,Ikbkb,2189,2284,1975,1956,1779,1065,1605,2045,1944,1739,1841,1774
ENSMUSG00000085199,Gm15346,0,0,1,0,0,0,0,0,0,0,0,0
ENSMUSG00000031538,Plat,3,2,0,2,0,2,0,4,3,2,1,0
ENSMUSG00000031767,Nudt7,157,166,103,121,103,48,122,110,94,105,89,81
ENSMUSG00000031644,Nek1,313,279,222,229,336,319,183,269,273,244,385,360
ENSMUSG00000046844,Vat1l,4,6,5,5,1,2,4,4,2,3,3,2
ENSMUSG00000084848,4933408N05Rik,2,5,0,1,0,1,1,0,2,1,0,0
ENSMUSG00000110046,Gm45484,1,0,0,0,0,0,0,0,0,1,0,0
ENSMUSG00000109708,Gm45809,0,0,1,0,0,0,1,0,1,1,0,1
ENSMUSG00000109693,Gm45483,3,0,1,0,2,0,1,0,0,0,2,0
ENSMUSG00000080956,Gm16179,0,0,0,0,0,0,0,0,0,0,0,0
ENSMUSG00000086681,Gm16178,0,0,0,0,0,1,0,0,0,0,0,0
ENSMUSG00000008874,Clec3a,0,0,0,0,0,0,0,0,0,0,0,0
ENSMUSG00000031539,Ap3m2,80,98,61,101,83,36,68,111,94,75,64,95
ENSMUSG00000054822,1700041G16Rik,0,0,3,0,0,1,1,0,0,0,0,0
ENSMUSG00000089484,Gm24735,0,0,0,0,0,0,0,0,0,0,0,0
ENSMUSG00000052819,Best2,0,1,1,2,3,0,0,0,0,1,0,0
ENSMUSG00000052456,Asna1,1371,1477,1065,1185,1327,814,1235,1187,1430,1287,1318,1301
ENSMUSG00000041203,Trir,2711,2786,2095,2366,2543,1646,2464,2569,2842,2352,2825,2564
ENSMUSG00000031642,Sh3rf1,2018,2124,1429,1507,1248,791,982,1516,1728,1711,1231,1155
ENSMUSG00000099419,1700001D01Rik,0,0,0,0,0,0,0,0,1,3,0,0
ENSMUSG00000056943,Gm10015,0,0,0,0,0,0,0,0,0,0,0,0
ENSMUSG00000109610,Gm7432,0,2,2,2,2,1,1,4,0,0,7,4
ENSMUSG00000031641,Cbr4,180,203,151,136,198,94,139,168,179,183,169,137
ENSMUSG00000004637,Wwox,118,136,90,111,102,75,120,119,104,90,100,91
ENSMUSG00000090217,Gm16116,0,0,0,0,0,0,0,0,0,0,0,0
ENSMUSG00000089723,Gm16117,0,0,0,0,0,0,0,0,0,0,0,0
ENSMUSG00000089797,Gm16118,0,0,0,0,0,0,0,0,0,0,0,0
ENSMUSG00002076325,#N/A,0,0,0,0,0,0,0,0,0,0,0,0
ENSMUSG00000110592,4930488N15Rik,0,0,0,0,0,0,0,0,0,0,0,0
ENSMUSG00000065090,Gm23677,0,0,0,0,0,0,0,0,0,0,0,0
ENSMUSG00000055435,Maf,1360,1320,800,736,327,231,486,543,930,791,523,446
ENSMUSG00000086717,Gm15655,0,1,0,1,0,0,0,1,0,0,2,0
ENSMUSG00000110620,Gm45733,0,0,0,0,0,11,0,2,0,1,0,0
ENSMUSG00000110476,4930422C21Rik,0,0,0,0,0,0,0,0,0,0,0,0
ENSMUSG00000110709,1700018P08Rik,0,0,0,0,0,0,0,0,0,0,0,0
ENSMUSG00000110700,Gm5357,0,0,0,0,0,0,0,0,0,0,0,0
ENSMUSG00000034467,Dynlrb2,2,0,0,0,1,0,1,0,0,0,0,2
ENSMUSG00000031758,Cdyl2,1594,1748,1197,1199,744,363,705,990,1247,1081,836,745
ENSMUSG00000074072,Gm10620,0,0,0,0,0,0,0,0,0,0,0,0
ENSMUSG00000014633,Cmc2,380,446,457,502,542,293,614,556,374,365,290,214
ENSMUSG00000031540,Kat6a,4179,4086,3458,3222,2780,2556,2211,3861,3594,3433,3407,3100
ENSMUSG00000109652,Gm45555,8,5,2,1,1,3,0,5,6,5,6,8
ENSMUSG00000109793,Gm10043,1,0,0,0,0,1,0,0,0,0,0,1
ENSMUSG00000031756,Cenpn,108,149,69,97,120,86,98,120,100,85,135,108
ENSMUSG00000031691,Tnpo2,3063,3268,2806,2537,3122,1258,2441,2790,2668,2658,3486,3311
ENSMUSG00000077527,Gm25506,0,0,0,0,0,0,0,0,0,0,0,0
ENSMUSG00000047388,Atmin,2323,2590,2319,2477,2626,1222,2019,2552,2149,2087,1659,1598
ENSMUSG00000087026,A230103J11Rik,4,4,0,2,5,2,1,3,2,2,1,0
ENSMUSG00000031847,1700030J22Rik,22,44,26,31,32,32,29,43,23,30,23,10
ENSMUSG00000034424,Gcsh,1615,1843,1351,1518,1529,699,1607,1445,1698,1428,1292,1228
ENSMUSG00000008167,Fbxw9,100,95,112,116,105,32,99,116,105,88,80,91
ENSMUSG00000099076,Mir7070,0,0,0,0,0,0,0,0,0,0,0,0
ENSMUSG00000095845,Gm5741,1,0,0,0,1,0,0,1,1,1,0,1
ENSMUSG00000060038,Dhps,943,1100,935,940,1081,394,934,959,1068,922,954,961
ENSMUSG00000034416,Pkd1l2,5,8,4,1,3,2,4,3,7,1,5,4
ENSMUSG00000085688,Gm15395,0,0,0,0,0,0,0,0,0,0,0,0
ENSMUSG00000058056,Palld,22,28,23,18,13,9,21,29,20,20,6,13
ENSMUSG00000110131,Gm18066,0,0,0,0,0,0,0,0,0,0,0,0
ENSMUSG00000086866,4930512H18Rik,0,0,0,0,0,0,0,0,0,0,0,0
ENSMUSG00000109729,Gm45418,0,0,0,0,0,0,0,0,0,0,0,0
ENSMUSG00000005150,Wdr83,259,319,267,306,263,126,262,293,315,210,262,263
ENSMUSG00000059355,Wdr83os,796,840,627,694,794,411,875,749,790,667,763,673
ENSMUSG00000005142,Man2b1,2222,2473,1826,1721,1881,856,1656,1920,1862,1758,1891,1677
ENSMUSG00000074194,Zfp791,3,0,0,0,1,2,1,0,1,0,0,0
ENSMUSG00002076940,#N/A,0,0,0,0,0,0,0,0,1,0,1,0
ENSMUSG00000110219,Gm45317,0,0,0,0,0,0,0,0,0,0,0,0
ENSMUSG00000110386,Gm42031,95,127,242,244,290,191,276,246,90,71,213,151
ENSMUSG00000110200,Gm45316,0,0,0,0,0,0,0,0,0,0,1,0
ENSMUSG00000037921,Ddx60,12,9,10,8,8,10,4,6,11,13,14,12
ENSMUSG00000062687,Cks1brt,0,1,0,0,0,3,0,0,0,0,0,0
ENSMUSG00000051952,Olfr371,0,0,0,0,0,0,0,0,0,0,0,0
ENSMUSG00000031635,Anxa10,0,0,0,0,0,0,0,0,0,0,0,0
ENSMUSG00000110252,Gm2961,0,0,0,0,0,0,0,1,0,0,0,0
ENSMUSG00000109687,Hspd1-ps2,2,0,0,1,0,0,0,0,0,0,1,1
ENSMUSG00000109895,Gm2975,0,0,0,0,0,0,0,0,0,0,0,0
ENSMUSG00000109740,Gm7561,0,3,1,0,10,2,7,0,1,2,3,0
ENSMUSG00000109767,Gm45460,0,0,0,0,0,1,0,0,0,0,0,0
ENSMUSG00000109994,Gm45459,0,0,0,0,0,0,0,0,0,0,0,0
ENSMUSG00000110364,Gm45462,0,0,0,0,0,0,0,0,0,0,0,0
ENSMUSG00000089528,Gm22324,0,0,0,0,0,0,0,0,0,0,0,0
ENSMUSG00000034390,Cmip,2152,2321,2508,2219,2632,1078,2282,2691,2064,1874,1894,1715
ENSMUSG00000031696,Vps35,2460,2731,2214,2150,2263,1729,1791,2176,2402,2419,2239,2122
ENSMUSG00000099062,Mir7077,0,1,1,0,0,0,0,0,0,0,0,0
ENSMUSG00000098483,Mir7078,0,1,0,1,1,0,1,2,1,0,0,0
ENSMUSG00000034330,Plcg2,454,500,390,417,356,234,292,410,460,405,433,430
ENSMUSG00002075926,#N/A,0,0,0,0,0,0,0,0,0,0,0,0
ENSMUSG00000034308,Sdr42e1,25,30,19,19,16,8,12,15,14,17,13,12
ENSMUSG00000110459,Gm31717,0,0,0,0,0,0,0,0,0,0,0,0
ENSMUSG00000031697,Orc6,1033,1188,958,979,1094,811,1118,1053,1091,866,1134,946
ENSMUSG00000088344,Gm22336,0,0,0,0,0,0,0,0,0,0,0,0
ENSMUSG00000110151,Gm38416,1,0,0,0,0,0,0,0,0,0,0,0
ENSMUSG00000031844,Hsd17b2,0,0,0,0,1,4,0,0,0,0,2,0
ENSMUSG00000110520,Gm45776,0,0,0,0,0,0,0,0,0,0,0,0
ENSMUSG00000110494,Gm31774,0,0,0,0,0,0,0,0,0,0,0,0
ENSMUSG00000031843,Mphosph6,1414,1500,1118,1168,1083,846,1151,1379,1300,1152,1113,947
ENSMUSG00000074065,Gm10617,0,1,1,1,0,0,0,0,0,1,0,0
ENSMUSG00000065028,Gm25200,0,0,0,0,0,0,0,0,0,0,0,0
ENSMUSG00000054162,Spock3,0,0,0,0,0,0,0,0,0,0,0,0
ENSMUSG00000109744,Gm45461,0,0,0,0,0,0,0,0,0,0,0,0
ENSMUSG00000110308,Gm45516,0,0,0,0,0,0,0,0,0,0,0,0
ENSMUSG00000088419,Gm24236,0,0,0,0,0,0,0,0,0,0,0,0
ENSMUSG00000109622,Gm45517,0,0,0,0,0,0,0,0,0,0,0,0
ENSMUSG00000110300,Gm18645,0,0,0,0,0,0,0,0,0,0,0,0
ENSMUSG00000110678,Gm18645,0,0,0,0,0,0,0,0,0,0,0,0
ENSMUSG00000109999,Gm35368,0,0,0,0,0,0,0,0,0,0,0,0
ENSMUSG00000109825,Gm45589,0,0,0,0,0,0,0,0,0,0,0,0
ENSMUSG00000098106,Gm5350,6,8,10,11,7,1,7,10,4,11,7,2
ENSMUSG00000031841,Cdh13,0,0,0,0,0,0,0,0,0,0,0,0
ENSMUSG00000077153,Gm24580,0,0,0,0,0,0,0,0,0,0,0,0
ENSMUSG00000110662,Gm45722,0,0,0,0,0,0,1,0,0,0,0,0
ENSMUSG00000119036,#N/A,0,0,0,0,0,0,0,0,0,0,0,0
ENSMUSG00000110548,Gm45721,0,0,0,0,0,0,0,0,0,0,0,0
ENSMUSG00000110667,Gm45720,0,0,0,0,0,0,0,0,0,0,0,0
ENSMUSG00000087707,Gm22999,0,0,0,0,0,0,0,0,0,0,0,0
ENSMUSG00000094443,Sgo2b,0,0,0,0,0,0,0,0,0,0,0,0
ENSMUSG00000109818,Gm35713,0,0,0,0,0,0,0,0,0,0,0,0
ENSMUSG00000110305,Gm45513,0,0,0,0,0,0,0,0,0,0,0,0
ENSMUSG00000031839,Hsbp1,878,935,698,711,780,640,879,883,875,671,865,795
ENSMUSG00000110470,Gm45723,0,0,0,0,0,0,0,0,0,0,0,0
ENSMUSG00000031698,Mylk3,0,0,0,0,1,0,0,1,0,0,0,1
ENSMUSG00000074064,Mlycd,274,337,205,237,230,69,171,207,260,230,194,189
ENSMUSG00000053626,Tll1,0,0,0,0,0,12,0,0,0,0,0,0
ENSMUSG00002076615,#N/A,0,0,0,0,0,0,0,0,0,0,0,0
ENSMUSG00000084895,AA672651,0,0,0,0,0,0,0,0,0,0,0,0
ENSMUSG00000109579,Gm35521,0,0,0,0,0,0,0,0,0,0,0,0
ENSMUSG00000076042,Mir710,0,0,0,0,0,0,0,0,0,0,0,0
ENSMUSG00000036934,4921524J17Rik,144,178,109,103,150,168,107,138,123,134,152,130
ENSMUSG00000109790,Gm45594,0,1,1,0,0,0,0,1,0,0,1,1
ENSMUSG00000103341,1700051O22Rik,0,0,0,0,0,0,1,0,0,0,0,0
ENSMUSG00000037852,Cpe,4,3,1,3,4,3,1,2,1,6,2,2
ENSMUSG00000110368,Gm45518,0,0,0,2,0,2,1,0,0,0,0,0
ENSMUSG00000074063,Osgin1,25,27,38,24,10,2,17,23,20,12,10,7
ENSMUSG00000031700,Gpt2,248,228,328,295,226,93,146,186,162,143,159,158
ENSMUSG00000031604,Msmo1,900,1055,905,1026,456,218,801,912,849,827,404,380
ENSMUSG00000031701,Dnaja2,6035,6463,5108,5137,5258,4363,4928,5555,6165,5645,5603,5119
ENSMUSG00000110341,Gm45424,1,0,0,0,0,0,0,0,0,0,2,0
ENSMUSG00000109731,Gm45425,0,0,0,0,0,0,0,0,1,0,0,0
ENSMUSG00000031837,Necab2,7,1,2,1,1,0,3,0,2,1,3,4
ENSMUSG00000034224,Slc38a8,1,0,0,0,0,2,3,1,0,0,0,0
ENSMUSG00000031605,Klhl2,1010,1046,859,781,900,559,801,924,1051,886,880,897
ENSMUSG00000109879,Gm10997,4,1,4,2,2,2,5,0,2,9,3,3
ENSMUSG00000109854,Gm45345,0,0,0,0,0,0,0,0,0,0,0,0
ENSMUSG00000109613,Gm45405,7,4,3,10,0,3,3,2,4,2,4,3
ENSMUSG00002075320,#N/A,0,0,0,0,0,0,0,0,0,0,0,0
ENSMUSG00000110157,Gm32507,0,0,0,0,0,0,0,0,0,0,0,0
ENSMUSG00000110378,Gm45242,0,0,3,0,0,1,0,1,4,2,0,2
ENSMUSG00000036902,Neto2,1179,1218,1230,1088,1275,1227,780,1068,1118,986,1349,1303
ENSMUSG00000098388,Mir8109,0,0,0,0,0,0,0,0,0,0,0,0
ENSMUSG00000031703,Itfg1,1229,1320,933,952,972,636,920,1007,1149,1118,1077,1011
ENSMUSG00000109754,Gm39214,0,0,0,0,0,0,0,0,0,0,0,0
ENSMUSG00000031835,Mbtps1,2992,3237,2644,2580,2702,1441,2132,2803,2923,2678,2402,2325
ENSMUSG00000025521,Tmem192,302,324,205,198,215,101,241,291,270,236,230,207
ENSMUSG00000071089,Trim75,0,0,0,0,0,0,0,0,0,0,0,0
ENSMUSG00000053490,Trim60,0,0,0,0,0,0,0,0,0,0,0,0
ENSMUSG00000109718,Trim61,0,0,0,0,0,0,0,0,0,0,0,0
ENSMUSG00000109805,Gm45886,0,0,0,0,0,0,0,0,0,0,0,0
ENSMUSG00000109650,Gm45448,0,0,0,0,0,0,0,0,0,0,0,0
ENSMUSG00000079042,Apela,0,0,0,0,0,0,0,0,0,0,0,0
ENSMUSG00000074302,Gm10663,0,0,0,0,0,2,0,0,0,0,0,0
ENSMUSG00000074300,Smim31,0,0,0,0,0,0,0,0,0,0,0,0
ENSMUSG00000109711,Gm45445,0,0,0,0,1,0,0,0,0,0,0,0
ENSMUSG00000109620,Gm48810,0,0,0,1,1,0,0,0,0,0,0,0
ENSMUSG00002076124,#N/A,0,0,0,0,0,0,0,0,0,0,0,0
ENSMUSG00000109935,Gm7619,0,0,0,0,0,0,0,0,0,0,0,0
ENSMUSG00000110283,Gm45249,0,0,0,0,0,0,0,0,0,0,0,0
ENSMUSG00000110226,Gm7624,0,0,0,0,0,0,0,0,0,0,0,0
ENSMUSG00002074847,#N/A,0,0,0,0,0,0,0,0,0,0,0,0
ENSMUSG00000036879,Phkb,196,254,189,176,221,167,140,183,201,213,261,251
ENSMUSG00000090043,Gm16167,0,0,0,0,0,0,0,0,0,0,0,0
ENSMUSG00000098439,Hm629797,1,0,0,2,0,3,0,0,1,1,2,1
ENSMUSG00000088192,Gm23904,0,0,0,0,0,0,0,0,0,0,0,0
ENSMUSG00000065737,Gm24490,0,0,0,0,0,0,0,0,0,0,0,0
ENSMUSG00000036469,44621,0,0,0,0,0,4,0,0,0,0,0,0
ENSMUSG00000064763,Gm23515,0,0,0,0,0,0,0,0,0,0,0,0
ENSMUSG00000083905,Gm15355,0,0,0,0,0,0,0,0,0,0,0,0
ENSMUSG00000065297,Gm26123,0,0,0,0,0,0,0,0,0,0,0,0
ENSMUSG00000119461,#N/A,0,0,0,0,0,0,1,0,0,0,0,0
ENSMUSG00000086156,Gm15354,0,0,0,0,0,0,0,0,0,0,0,0
ENSMUSG00000085109,Gm15356,0,0,0,0,0,0,0,0,0,0,0,0
ENSMUSG00000025591,Tma16,1576,1685,1321,1327,1168,959,1089,1244,1441,1432,1197,1071
ENSMUSG00000110500,Gm32568,0,0,0,0,0,0,0,0,0,0,0,0
ENSMUSG00000025519,Tktl2,0,0,0,0,0,0,0,0,0,0,0,0
ENSMUSG00000085082,Gm16330,0,0,0,0,0,0,0,0,0,0,0,0
ENSMUSG00000044014,Npy5r,0,0,0,0,0,0,0,0,0,0,0,0
ENSMUSG00000036437,Npy1r,0,0,0,0,0,1,0,0,0,0,0,0
ENSMUSG00000110454,Gm45911,0,0,0,0,0,0,0,0,0,0,0,0
ENSMUSG00000110533,LOC665443,1,4,0,1,1,0,0,0,0,1,0,0
ENSMUSG00000014907,Naf1,1868,2049,1717,1610,1566,1317,1710,1667,1811,1683,1915,1707
ENSMUSG00000110468,Gm39185,0,0,0,0,0,0,0,0,0,0,0,0
ENSMUSG00000077485,Gm25275,0,0,0,0,0,0,0,0,0,0,0,0
ENSMUSG00000110583,Gm7639,0,0,0,0,0,0,0,0,0,0,0,0
ENSMUSG00000110512,Gm45827,0,0,0,0,0,0,0,0,0,0,0,0
ENSMUSG00000080437,Gm24274,0,0,0,0,0,0,0,0,0,0,1,0
ENSMUSG00000089380,Gm24677,0,0,0,0,0,0,0,0,0,0,0,0
ENSMUSG00000110632,Gm45880,0,0,0,0,0,0,0,0,0,0,0,0
ENSMUSG00000074292,Gm10660,0,0,0,0,0,0,0,0,0,0,0,0
ENSMUSG00000025588,Nat1,0,0,0,0,0,0,0,0,0,0,0,0
ENSMUSG00000051147,Nat2,115,119,113,101,110,59,107,128,128,102,131,119
ENSMUSG00000030735,Gm9755,5,11,3,4,3,3,1,4,2,2,3,6
ENSMUSG00000056426,Nat3,0,0,0,0,0,0,0,0,0,0,0,0
ENSMUSG00000110452,Gm36247,0,0,0,0,0,0,0,0,0,0,0,0
ENSMUSG00000104757,Gm44391,0,0,0,0,0,0,0,0,0,0,0,0
ENSMUSG00000030465,Psd3,15,10,16,11,9,12,13,16,14,12,12,6
ENSMUSG00000087266,Gm15991,0,0,0,0,0,0,0,0,0,0,0,0
ENSMUSG00000077545,Gm22018,0,0,0,0,0,0,0,0,0,0,0,0
ENSMUSG00000053886,Sh2d4a,0,1,1,4,3,1,0,3,0,1,1,0
ENSMUSG00000110472,Gm45739,0,0,0,0,0,0,0,0,0,0,0,0
ENSMUSG00000110650,Gm19170,0,0,0,0,0,0,0,0,0,0,0,0
ENSMUSG00000036356,Csgalnact1,50,62,37,50,15,12,29,50,39,31,17,13
ENSMUSG00000085197,1700125H03Rik,0,0,0,0,0,0,0,0,0,0,0,0
ENSMUSG00000087489,Gm15656,0,0,0,0,0,0,0,0,0,0,0,0
ENSMUSG00000085487,Gm15654,1,0,0,0,0,4,0,0,0,1,1,0
ENSMUSG00000088261,Gm24781,0,0,0,0,0,0,0,0,0,0,0,0
ENSMUSG00000066362,Rps13-ps1,0,0,0,0,1,0,0,0,0,0,0,0
ENSMUSG00000110349,Gm18602,0,0,0,0,0,0,0,0,0,0,0,0
ENSMUSG00000098854,Gm5118,0,0,0,0,0,0,0,0,0,0,0,0
ENSMUSG00000098684,Gm27246,1,0,0,0,0,0,0,0,0,0,0,0
ENSMUSG00000099207,Gm10637,0,0,0,0,0,0,0,0,0,0,0,0
ENSMUSG00000098257,Gm27169,0,0,0,0,0,1,0,0,0,0,0,0
ENSMUSG00000098768,Gm27207,0,0,0,0,0,0,0,0,0,0,0,0
ENSMUSG00000098391,Gm27208,0,0,0,0,0,0,0,0,0,0,0,0
ENSMUSG00000098360,4930535O05Rik,0,0,0,0,0,0,0,0,0,0,0,0
ENSMUSG00000098295,Gm19872,0,0,0,0,0,0,0,0,0,0,0,0
ENSMUSG00000097248,Gm2694,0,0,0,0,0,0,0,0,0,0,0,0
ENSMUSG00000031654,Cbln1,0,0,0,0,0,0,1,0,0,0,0,0
ENSMUSG00000097992,Gm27016,0,0,0,0,0,0,0,0,0,0,0,0
ENSMUSG00000098086,1700120C18Rik,0,0,0,0,0,0,0,0,0,0,0,0
ENSMUSG00000069971,4933402J07Rik,0,0,0,0,0,0,0,0,0,0,0,0
ENSMUSG00002075434,#N/A,0,0,0,0,0,0,0,0,0,0,0,0
ENSMUSG00000031864,Ints10,1098,1174,915,1004,930,599,963,999,1016,917,949,882
ENSMUSG00000081745,Gm15549,6,7,5,6,1,4,1,4,2,4,2,2
ENSMUSG00000045333,Zfp423,0,2,3,0,1,8,0,0,0,0,1,0
ENSMUSG00000110719,Gm2716,0,0,0,0,0,0,0,0,0,0,0,0
ENSMUSG00000118626,AC127285.1,0,0,0,0,0,0,0,1,0,0,0,0
ENSMUSG00000036810,Cnep1r1,555,646,489,440,532,380,529,549,532,484,509,502
ENSMUSG00000015568,Lpl,9,2,1,1,3,11,3,1,3,5,1,0
ENSMUSG00000110449,Gm45780,0,0,0,0,0,0,0,0,0,0,0,0
ENSMUSG00000110594,Gm33103,0,0,0,0,0,0,0,0,0,0,0,0
ENSMUSG00000036330,Slc18a1,2,1,3,3,0,1,0,1,0,0,0,2
ENSMUSG00000089995,Gm15716,0,0,0,0,0,0,0,0,0,0,0,0
ENSMUSG00000031657,Heatr3,3689,4186,2967,3119,2937,1427,2422,2865,3689,3210,2862,2778
ENSMUSG00000055968,Gm9988,3,1,0,2,1,0,0,0,2,2,0,2
ENSMUSG00000099080,Mir7071,1,1,0,0,0,0,0,0,0,0,0,0
ENSMUSG00000062704,9430002A10Rik,49,45,38,29,27,11,44,23,36,29,22,34
ENSMUSG00000006273,Atp6v1b2,2169,2429,1721,1809,1607,632,1609,1689,2138,1899,1599,1636
ENSMUSG00000036306,Lzts1,91,69,48,61,38,15,52,43,42,48,26,34
ENSMUSG00000059897,Zfp930,318,368,327,345,407,401,244,409,347,409,454,412
ENSMUSG00000110538,Gm33178,0,0,0,0,0,0,0,0,0,0,0,0
ENSMUSG00000110657,Gm7684,0,1,0,0,0,0,0,0,1,0,0,0
ENSMUSG00000079038,D130040H23Rik,24,24,14,32,19,32,12,33,19,16,24,37
ENSMUSG00000110514,Gm7688,0,0,1,0,0,0,0,0,0,1,0,0
ENSMUSG00000110444,Gm10033,60,74,49,50,58,49,48,60,53,63,54,51
ENSMUSG00000036779,Tent4b,2846,2752,2438,2333,2355,2100,1880,2580,2800,2585,2855,2508
ENSMUSG00000060427,Zfp868,342,317,277,267,273,190,307,332,342,299,293,278
ENSMUSG00000091764,Zfp964,11,15,12,14,23,16,13,15,19,14,20,16
ENSMUSG00000054648,Zfp869,1164,1172,872,913,945,575,783,977,1066,1083,927,917
ENSMUSG00000092260,Zfp963,28,39,23,23,15,34,35,45,22,24,20,16
ENSMUSG00000092544,Gm20422,0,0,0,0,0,0,0,0,0,0,0,0
ENSMUSG00000043090,Zfp866,385,383,301,324,534,341,250,331,376,372,516,502
ENSMUSG00000031862,Atp13a1,3849,4354,3456,3440,3409,1213,2882,3428,3806,3499,3379,3354
ENSMUSG00000036246,Gmip,2008,2249,1603,1530,1377,547,1356,1574,1861,1746,1722,1819
ENSMUSG00000031861,Lpar2,147,165,141,113,98,71,133,131,171,141,128,101
ENSMUSG00000031659,Adcy7,1115,1215,936,870,993,406,811,961,968,960,1084,1037
ENSMUSG00000031860,Pbx4,31,35,32,39,16,5,28,24,23,23,5,28
ENSMUSG00000044006,Cilp2,21,12,12,27,14,1,8,20,22,22,10,15
ENSMUSG00000031660,Brd7,2001,1999,1636,1613,1683,1807,1635,1915,2149,1841,1866,1756
ENSMUSG00000110280,Gm45497,0,0,0,0,0,0,0,0,0,0,0,0
ENSMUSG00000048967,Yjefn3,22,25,24,33,24,8,30,23,16,12,23,18
ENSMUSG00000036199,Ndufa13,790,1012,873,954,1078,444,973,987,929,777,991,900
ENSMUSG00000047654,Tssk6,22,22,22,28,29,6,15,22,38,34,16,25
ENSMUSG00000031661,Nkd1,8,6,10,4,6,0,6,6,10,8,6,5
ENSMUSG00000110187,Gm45496,0,0,0,0,0,0,0,0,0,0,0,0
ENSMUSG00000031662,Snx20,196,205,198,212,145,82,206,201,178,166,174,143
ENSMUSG00000036180,Gatad2a,4239,4485,3611,3718,3247,1737,3263,3987,3955,3501,3458,3215
ENSMUSG00000110545,Gm7730,5,9,0,4,3,1,4,5,4,3,3,1
ENSMUSG00000055994,Nod2,16,13,9,6,7,5,15,12,10,10,9,3
ENSMUSG00000031858,Mau2,1556,1586,1390,1366,1360,501,1034,1335,1442,1305,1287,1277
ENSMUSG00000011306,Sugp1,1216,1322,1054,1166,1045,626,960,1148,1220,1055,1089,1001
ENSMUSG00000036151,Tm6sf2,10,1,6,8,10,6,15,7,12,2,7,10
ENSMUSG00000007594,Hapln4,7,6,10,6,7,4,10,9,10,3,6,13
ENSMUSG00000002341,Ncan,0,1,0,0,0,4,0,0,0,1,0,0
ENSMUSG00000099042,Mir7066,0,0,0,0,0,0,0,0,0,0,0,0
ENSMUSG00000089114,Gm25906,0,0,0,0,0,0,0,0,0,0,0,0
ENSMUSG00000036120,Rfxank,149,153,102,111,140,48,113,146,130,114,142,127
ENSMUSG00000071078,Nr2c2ap,517,676,480,535,585,207,554,492,615,531,480,458
ENSMUSG00000002345,Borcs8,287,402,224,291,292,162,287,354,319,248,299,262
ENSMUSG00000036712,Cyld,1268,1297,1184,1136,1197,847,994,1202,1327,1215,1315,1167
ENSMUSG00000109970,Gm17995,0,0,0,0,0,0,0,0,0,0,0,0
ENSMUSG00000110299,Gm17910,0,0,0,0,0,1,0,0,0,0,0,0
ENSMUSG00000056772,Rps6-ps2,4,5,4,3,3,3,2,2,6,1,3,2
ENSMUSG00000109778,Gm45504,0,0,0,0,0,0,0,0,0,0,0,0
ENSMUSG00000099078,Mir8110,0,0,0,0,0,0,0,0,0,0,0,0
ENSMUSG00000031665,Sall1,0,0,0,0,0,0,0,1,0,0,0,0
ENSMUSG00000094790,Gm6625,4,10,4,2,4,6,6,10,2,9,6,4
ENSMUSG00000069962,Gm5356,0,0,0,0,0,0,0,1,0,0,2,0
ENSMUSG00000119458,#N/A,0,0,0,0,0,0,0,0,0,0,0,0
ENSMUSG00000088883,Gm24212,0,0,0,0,0,0,0,0,0,0,0,0
ENSMUSG00000043668,Tox3,2,0,1,0,0,1,0,1,6,1,1,0
ENSMUSG00000109672,Gm45639,0,0,0,0,0,1,0,0,0,0,0,0
ENSMUSG00000109726,Gm45638,0,0,0,0,0,0,0,0,0,0,0,0
ENSMUSG00000109870,Gm35850,0,0,0,0,0,1,0,0,0,0,1,0
ENSMUSG00000110212,Gm35963,0,0,0,0,0,0,0,0,0,0,0,0
ENSMUSG00002075128,#N/A,0,0,0,0,0,0,0,0,0,0,0,0
ENSMUSG00000110332,Gm19935,0,0,0,0,0,0,0,0,0,0,0,0
ENSMUSG00000079033,Mef2b,1,4,1,4,3,0,4,5,1,4,2,3
ENSMUSG00000031543,Ank1,4,4,7,14,2,2,1,3,6,4,3,3
ENSMUSG00002075072,#N/A,0,0,0,0,0,0,0,0,0,0,0,0
ENSMUSG00000083285,Gm15815,0,0,0,0,0,0,0,0,0,0,0,0
ENSMUSG00000086741,Gm15816,0,0,0,0,0,0,0,0,0,0,0,0
ENSMUSG00000070084,Mir486,0,0,0,0,0,0,0,0,0,0,0,0
ENSMUSG00000106471,Mir3107,0,0,0,0,0,0,0,0,0,0,0,0
ENSMUSG00000063672,Nkx6-3,0,0,0,0,0,0,0,0,0,0,0,0
ENSMUSG00000031545,Gpat4,3833,4160,3226,3312,3277,1766,2865,3369,3503,3335,3027,2796
ENSMUSG00000103925,B230112G18Rik,3,0,2,1,2,0,2,0,1,1,2,1
ENSMUSG00000031546,Gins4,587,631,548,574,612,482,670,683,622,523,646,540
ENSMUSG00000002342,Tmem161a,722,644,514,505,623,187,530,587,610,582,679,594
ENSMUSG00000015341,Golga7,1022,1057,885,831,742,279,805,699,969,897,733,865
ENSMUSG00000110256,Gm45412,6,0,4,2,6,3,4,2,3,2,2,0
ENSMUSG00000077399,Gm24335,0,0,0,0,0,0,0,0,0,0,0,0
ENSMUSG00000031548,Sfrp1,0,0,0,0,0,0,0,0,0,1,2,0
ENSMUSG00000002346,Slc25a42,78,85,52,64,70,26,84,73,65,57,77,69
ENSMUSG00000002343,Armc6,948,1075,791,857,772,188,594,665,941,794,739,761
ENSMUSG00000037492,Zmat4,0,0,0,0,0,2,0,0,0,0,0,0
ENSMUSG00000109413,Gm45165,0,0,0,0,0,0,0,0,0,0,0,0
ENSMUSG00000109158,Gm45166,0,0,0,0,0,0,0,0,0,0,0,0
ENSMUSG00000053979,A730045E13Rik,0,0,0,0,0,0,0,0,0,0,0,0
ENSMUSG00000109419,Gm45163,0,0,0,0,0,0,0,0,0,0,0,0
ENSMUSG00000109299,Gm45164,0,0,0,0,0,2,0,0,0,0,0,0
ENSMUSG00000109141,Gm30692,0,0,0,0,0,0,0,0,0,0,0,0
ENSMUSG00000097654,Gm26714,0,0,0,0,0,0,0,0,0,0,0,0
ENSMUSG00000056313,Tcim,0,0,0,0,0,1,0,0,0,0,2,0
ENSMUSG00000108820,Gm44620,0,0,0,0,0,0,0,0,0,0,0,0
ENSMUSG00000109237,9130214F15Rik,0,0,0,0,0,0,0,0,0,0,0,0
ENSMUSG00000036054,Sugp2,1022,1166,945,901,1054,483,730,944,1019,998,1180,1200
ENSMUSG00000031549,Ido2,0,0,0,1,0,3,0,0,0,0,1,0
ENSMUSG00000108612,Gm44634,0,0,0,0,0,0,0,0,0,0,0,0
ENSMUSG00000090795,Gm7346,0,0,0,0,0,0,0,0,0,0,0,0
ENSMUSG00002076432,#N/A,0,0,0,0,0,0,0,0,0,0,0,0
ENSMUSG00000108971,Gm18210,0,0,0,0,0,0,0,0,0,0,0,0
ENSMUSG00000031551,Ido1,4,1,0,1,0,0,1,0,0,3,0,2
ENSMUSG00000005534,Insr,406,372,300,309,325,245,306,375,278,287,320,271
ENSMUSG00000056608,Chd9,807,808,549,530,505,482,311,590,514,567,661,569
ENSMUSG00000109369,Vmn2r-ps88,0,0,0,0,0,0,0,0,0,0,0,0
ENSMUSG00000086065,Gm16180,0,0,0,0,0,0,0,0,0,0,0,0
ENSMUSG00000110166,Gm45641,0,0,0,0,0,0,0,0,0,0,0,0
ENSMUSG00000109812,Gm45640,22,33,17,13,32,27,39,33,19,13,24,22
ENSMUSG00000109863,Gm45643,1,0,2,0,0,0,3,0,0,1,0,0
ENSMUSG00000074171,Gm6658,7,13,10,12,6,5,8,2,14,4,5,4
ENSMUSG00000110377,Gm45363,1,4,1,2,0,0,1,2,1,3,1,0
ENSMUSG00000089179,Gm22428,0,0,0,0,0,0,0,0,0,0,0,0
ENSMUSG00000031552,Adam18,0,0,0,0,0,0,0,0,0,0,0,0
ENSMUSG00000031666,Rbl2,410,418,402,380,378,301,328,468,342,294,493,456
ENSMUSG00000004568,Arhgef18,183,219,191,194,219,106,166,274,181,184,228,178
ENSMUSG00000069633,Pex11g,40,48,23,28,29,3,25,18,31,29,27,39
ENSMUSG00000108955,Gm44775,2,3,3,3,1,2,3,4,5,4,6,3
ENSMUSG00000031553,Adam3,1,6,0,3,3,2,2,0,1,1,3,5
ENSMUSG00000089302,Gm26208,0,0,0,0,0,0,0,0,0,0,0,0
ENSMUSG00000110225,Gm45528,0,0,0,0,0,0,0,0,0,0,0,0
ENSMUSG00000040340,Tex45,1,3,2,0,3,0,1,4,1,5,1,0
ENSMUSG00000031667,Aktip,180,211,149,155,206,180,177,148,205,142,214,184
ENSMUSG00000109727,Gm45464,3,5,2,5,1,0,6,2,7,4,3,2
ENSMUSG00000110189,Gm45665,0,0,0,0,0,0,0,0,0,0,0,0
ENSMUSG00000109755,Gm8489,0,0,0,0,0,0,0,0,0,0,0,0
ENSMUSG00000110106,Gm45666,0,0,0,0,0,0,0,0,0,0,0,0
ENSMUSG00002076895,#N/A,0,0,0,0,0,0,0,0,0,0,0,0
ENSMUSG00000110089,Gm36243,0,0,0,0,0,0,0,0,0,0,0,0
ENSMUSG00000033282,Rpgrip1l,81,56,50,37,67,56,45,55,57,48,92,72
ENSMUSG00000109828,Gm45662,0,1,0,0,0,0,0,0,0,0,0,0
ENSMUSG00000109956,Gm45428,3,0,1,5,1,1,4,0,2,3,4,3
ENSMUSG00000031554,Adam5,0,0,0,0,0,0,0,0,0,0,0,0
ENSMUSG00000055932,Fto,740,730,551,516,792,299,611,660,683,554,864,719
ENSMUSG00000110233,Gm45427,0,0,0,0,0,0,0,0,0,0,0,0
ENSMUSG00000110138,4831440D22Rik,0,0,0,0,0,1,0,0,2,0,0,0
ENSMUSG00000110079,Gm45292,4,4,10,10,3,3,8,12,4,5,6,5
ENSMUSG00000109642,Gm45289,4,6,3,5,0,5,5,4,5,5,7,7
ENSMUSG00000109709,Gm45290,0,0,0,0,0,0,0,0,0,0,0,0
ENSMUSG00000110068,Gm45294,3,2,2,0,2,3,1,4,0,0,2,2
ENSMUSG00000090778,Gm3235,0,0,0,0,0,0,0,0,0,0,0,0
ENSMUSG00000110325,Gm45293,2,5,3,2,13,8,3,3,2,2,5,1
ENSMUSG00000110302,Gm45295,0,0,0,0,0,0,0,0,0,0,0,0
ENSMUSG00000110371,Gm9619,27,29,21,20,15,4,19,16,17,24,8,11
ENSMUSG00000110073,Gm2875,0,0,0,1,0,0,0,1,2,0,2,0
ENSMUSG00000110216,Gm36325,0,0,0,0,0,0,0,0,0,0,0,0
ENSMUSG00000110304,Gm36380,0,0,0,0,1,0,0,0,0,0,0,0
ENSMUSG00000031734,Irx3,3,6,4,4,1,4,1,0,3,4,0,0
ENSMUSG00000046413,Irx3os,1,2,5,2,1,6,0,0,1,1,2,0
ENSMUSG00000099664,Gm28511,0,0,0,0,0,0,0,0,0,0,0,0
ENSMUSG00000099812,Gm28515,0,0,0,0,0,0,0,0,0,0,0,0
ENSMUSG00000109696,Gm36670,0,0,0,0,0,1,0,0,0,0,0,0
ENSMUSG00000110274,Gm36843,0,0,0,0,0,0,0,0,0,0,0,0
ENSMUSG00000101613,Gm28516,0,0,0,0,0,0,0,0,0,0,0,0
ENSMUSG00000065636,Gm24254,0,0,0,0,0,0,0,0,0,0,0,0
ENSMUSG00000110380,Gm45332,0,0,0,0,0,0,0,0,0,0,0,0
ENSMUSG00000110198,Gm45335,0,0,0,0,0,0,0,0,0,0,0,0
ENSMUSG00000110134,Gm45334,0,0,0,0,0,0,0,0,0,0,0,0
ENSMUSG00000031736,Crnde,16,26,25,15,22,9,26,19,16,20,23,24
ENSMUSG00000095651,Gm21817,9,6,6,9,11,1,4,5,13,4,4,10
ENSMUSG00000037437,Adam32,0,0,0,0,0,1,0,1,2,0,0,0
ENSMUSG00002076653,#N/A,0,0,0,0,0,0,0,0,0,0,0,0
ENSMUSG00000031737,Irx5,0,0,1,1,2,1,0,1,2,0,0,0
ENSMUSG00000110290,Gm45336,0,0,0,0,0,0,0,0,0,0,0,0
ENSMUSG00000031738,Irx6,0,0,0,0,0,4,0,0,0,0,0,0
ENSMUSG00000110023,Gm45505,0,0,0,0,0,0,0,0,0,0,0,0
ENSMUSG00000078967,Gm3272,0,2,1,3,1,1,2,1,1,0,0,2
ENSMUSG00000031740,Mmp2,0,0,0,0,0,2,0,0,0,0,0,0
ENSMUSG00000109669,Gm45472,0,0,0,0,0,0,0,0,0,0,0,0
ENSMUSG00000031555,Adam9,772,756,589,636,593,447,514,678,708,623,708,630
ENSMUSG00000031556,Tm2d2,301,397,281,294,281,109,324,300,358,306,234,276
ENSMUSG00000033192,Lpcat2,1,0,1,1,0,3,5,1,0,0,0,0
ENSMUSG00000078144,Capns2,0,0,0,0,0,0,0,0,0,0,0,0
ENSMUSG00002076561,#N/A,0,0,0,0,0,0,0,0,0,0,0,0
ENSMUSG00000037406,Htra4,1,1,1,2,1,0,1,0,1,0,3,0
ENSMUSG00000086289,Gm16933,1,0,0,0,1,1,2,1,0,0,2,0
ENSMUSG00000055368,Slc6a2,0,0,0,0,0,0,0,0,0,0,0,0
ENSMUSG00000109651,Gm45463,0,0,0,0,0,0,0,0,0,0,0,0
ENSMUSG00000071047,Ces1a,0,0,0,0,0,0,0,0,0,0,0,0
ENSMUSG00000078964,Ces1b,0,0,0,0,0,0,0,0,0,0,0,0
ENSMUSG00000031557,Plekha2,2258,2528,1792,1809,2272,1222,2013,2213,2085,1876,1963,1834
ENSMUSG00000110148,5830408C22Rik,34,26,21,19,46,41,49,28,19,34,52,47
ENSMUSG00000109684,Gm45745,0,0,0,0,0,0,0,0,0,0,0,0
ENSMUSG00000057400,Ces1c,0,0,0,0,0,0,0,0,0,0,0,0
ENSMUSG00000110714,Gm45910,0,0,0,0,0,0,0,0,0,0,0,0
ENSMUSG00000056973,Ces1d,0,0,0,0,0,2,0,0,0,0,0,0
ENSMUSG00000110496,Gm45909,0,0,0,0,0,0,0,0,0,0,0,0
ENSMUSG00000061959,Ces1e,0,0,0,0,0,1,0,0,0,0,0,0
ENSMUSG00000110659,Gm45727,0,0,0,0,0,0,0,0,0,0,0,0
ENSMUSG00000031725,Ces1f,0,0,0,0,0,0,0,0,0,0,0,0
ENSMUSG00000057074,Ces1g,0,0,0,0,0,0,0,0,0,0,0,0
ENSMUSG00000065954,Tacc1,1467,1432,966,1010,924,561,777,1082,1273,1136,1039,1062
ENSMUSG00000099142,Mir8108,0,0,0,0,0,0,0,0,0,0,0,0
ENSMUSG00000110140,5430421F17Rik,0,0,0,0,0,0,0,0,0,0,0,0
ENSMUSG00000074156,Ces1h,0,0,0,0,0,0,0,0,0,0,0,0
ENSMUSG00000110172,Gm39147,4,0,3,0,0,0,0,2,0,1,1,0
ENSMUSG00000110718,Gm45765,0,0,0,0,0,0,0,0,0,0,0,0
ENSMUSG00000110110,Gm30978,0,0,0,0,1,0,1,0,0,0,0,0
ENSMUSG00000110687,Gm45764,0,0,0,0,0,0,0,0,0,0,0,0
ENSMUSG00000110670,Gm30132,0,0,0,0,0,1,0,0,0,0,0,0
ENSMUSG00000110695,Gm45766,0,0,0,0,0,0,0,0,0,0,0,0
ENSMUSG00000118579,AC162945.1,0,0,0,0,0,0,0,0,0,0,0,0
ENSMUSG00000058019,Ces5a,0,0,0,0,0,5,0,0,0,0,1,0
ENSMUSG00000110534,Gm45708,0,0,0,0,0,0,0,1,0,0,0,0
ENSMUSG00000110559,Gm26843,0,0,0,0,0,0,0,0,0,0,0,0
ENSMUSG00000110713,Gm30606,0,0,0,0,0,0,0,0,0,0,0,0
ENSMUSG00000110672,Gm45786,0,0,0,0,0,0,0,0,0,0,0,0
ENSMUSG00000097520,4930488L21Rik,0,0,0,0,0,0,0,0,0,0,0,0
ENSMUSG00000031748,Gnao1,2,0,0,1,1,1,1,0,0,0,1,1
ENSMUSG00002075108,#N/A,0,0,0,0,0,0,0,0,0,0,0,0
ENSMUSG00000031751,Amfr,5357,6209,4352,4522,4504,1868,3922,4508,5421,5037,3764,3862
ENSMUSG00000031754,Nudt21,214,234,203,198,280,166,224,219,218,199,250,194
ENSMUSG00000033009,Ogfod1,837,933,714,717,745,430,546,709,797,717,703,677
ENSMUSG00000110499,Gm45873,4,0,3,3,4,4,4,4,2,5,4,3
ENSMUSG00000031755,Bbs2,20,24,33,20,32,39,30,36,23,30,45,34
ENSMUSG00000031757,Mt4,1,0,1,0,0,0,0,3,0,3,1,0
ENSMUSG00000031760,Mt3,54,55,42,40,22,8,45,44,31,32,40,34
ENSMUSG00000110588,Gm45774,1,0,9,2,5,0,12,2,3,1,0,0
ENSMUSG00000031762,Mt2,1117,1418,1557,1634,724,399,1398,1416,1116,1027,564,500
ENSMUSG00000031765,Mt1,1291,1638,1339,1463,725,486,1542,1331,1097,954,834,675
ENSMUSG00000110524,Gm39228,0,0,0,0,0,0,0,0,0,1,0,0
ENSMUSG00000032939,Nup93,1769,2047,1786,1785,2375,1238,1780,2022,1859,1704,2102,1913
ENSMUSG00000110679,Rpl10-ps5,0,0,0,2,1,0,1,0,0,1,2,0
ENSMUSG00000110442,Gm45804,7,2,6,1,4,0,5,8,6,3,2,0
ENSMUSG00000110710,C78859,15,5,2,5,10,5,8,2,3,8,6,9
ENSMUSG00000065512,Mir138-2,0,0,0,0,0,0,0,0,0,0,0,0
ENSMUSG00000031766,Slc12a3,2,3,0,0,0,1,3,5,1,3,0,1
ENSMUSG00000089712,Gm15889,2,0,1,0,1,0,0,0,0,1,0,0
ENSMUSG00000090105,Gm15890,0,0,1,0,1,0,0,0,1,0,1,0
ENSMUSG00000031770,Herpud1,2377,2553,2089,2176,1441,832,1478,1720,1783,1515,1169,1212
ENSMUSG00000094257,Ap3s1-ps2,1,0,3,1,0,0,0,0,4,3,0,0
ENSMUSG00000097194,9330175E14Rik,196,205,153,182,115,86,198,219,172,180,188,167
ENSMUSG00000074151,Nlrc5,1951,2126,1934,1959,1340,601,1483,2144,1785,1825,1925,1684
ENSMUSG00000065987,Cd209b,0,0,0,0,0,0,0,0,0,0,0,0
ENSMUSG00000098511,Mir7072,0,0,0,1,0,0,0,2,1,0,1,0
ENSMUSG00000040165,Cd209c,0,0,0,0,0,0,0,0,0,0,0,0
ENSMUSG00000097657,Gm7389,14,11,5,8,7,7,7,7,14,9,11,14
ENSMUSG00000109267,Gm45048,0,0,0,0,0,0,0,0,0,0,0,0
ENSMUSG00000109377,Gm7397,0,0,0,0,0,0,0,0,0,0,0,0
ENSMUSG00000109512,Gm45049,0,0,0,0,0,0,0,0,1,0,0,0
ENSMUSG00000109255,Gm7407,0,3,1,1,2,4,0,0,2,0,3,0
ENSMUSG00000074482,Gm16589,5,3,2,0,5,0,3,3,7,4,4,7
ENSMUSG00000051906,Cd209f,0,0,0,0,0,0,0,0,0,0,0,0
ENSMUSG00002076728,#N/A,0,0,0,0,0,0,0,0,0,0,0,0
ENSMUSG00000079168,Cd209g,0,0,0,0,0,0,0,0,0,0,0,0
ENSMUSG00000086805,4932443L11Rik,0,0,0,0,0,0,0,0,1,0,0,0
ENSMUSG00000034361,Cpne2,36,35,31,36,52,26,38,46,28,20,35,41
ENSMUSG00000011832,Evi5l,35,54,52,56,25,13,39,35,27,41,24,27
ENSMUSG00000064125,Prr36,55,36,33,29,42,35,27,46,42,35,71,59
ENSMUSG00000031774,Fam192a,1213,1210,1055,1116,1020,823,1155,1244,1179,1060,1083,884
ENSMUSG00000046589,Lrrc8e,1,3,0,0,1,1,0,2,1,0,3,1
ENSMUSG00000050079,Rspry1,722,710,602,564,508,368,500,561,657,555,588,531
ENSMUSG00000110504,Gm45797,7,5,6,3,4,1,2,2,5,7,7,2
ENSMUSG00000031776,Arl2bp,1837,2052,1480,1650,1356,724,1738,1832,1883,1696,1386,1333
ENSMUSG00000031981,Capn9,0,0,0,0,0,0,0,0,0,0,0,0
ENSMUSG00000031983,2310022B05Rik,321,395,253,254,187,78,281,265,303,274,174,200
ENSMUSG00000031775,Pllp,3,3,3,1,7,2,2,4,1,1,2,5
ENSMUSG00000110702,Gm45767,4,7,7,3,1,1,5,8,4,6,2,3
ENSMUSG00002075278,#N/A,0,0,0,0,0,0,0,0,0,0,0,0
ENSMUSG00000031779,Ccl22,276,235,68,85,59,39,81,79,252,194,124,120
ENSMUSG00000110708,Gnb1-ps3,0,0,0,0,0,0,0,0,0,0,0,0
ENSMUSG00000031778,Cx3cl1,84,85,80,74,66,18,93,115,66,66,22,27
ENSMUSG00000031780,Ccl17,19,16,6,8,7,1,14,11,14,18,4,11
ENSMUSG00000031781,Ciapin1,1528,1869,1443,1656,1574,492,1551,1562,1510,1350,1237,1230
ENSMUSG00000090188,Gm7418,14,11,21,9,17,3,20,11,15,21,13,9
ENSMUSG00000031782,Coq9,268,302,217,245,300,149,220,225,255,238,284,254
ENSMUSG00000031783,Polr2c,636,685,545,600,607,338,634,528,684,572,603,541
ENSMUSG00000037300,Ttc13,2257,2212,1718,1734,1726,1308,1491,1896,2127,1956,2141,1978
ENSMUSG00000031982,Arv1,378,369,319,306,343,200,271,317,362,353,351,335
ENSMUSG00000043068,Fam89a,23,36,14,16,21,13,22,18,21,16,18,17
ENSMUSG00000110666,Gm9172,0,0,0,0,0,0,0,1,0,0,0,0
ENSMUSG00000110550,Gm45856,1,3,0,0,0,0,2,0,0,0,0,0
ENSMUSG00000037260,Hgsnat,497,625,411,435,496,211,415,461,542,460,498,444
ENSMUSG00000037251,Pomk,306,370,238,241,204,100,270,307,312,254,297,262
ENSMUSG00000002948,Map2k7,1698,1505,1192,1276,1362,754,1242,1441,1651,1405,1641,1389
ENSMUSG00000040631,Dok4,26,13,14,11,17,6,9,15,22,26,15,16
ENSMUSG00000109061,Gm49320,0,0,0,0,0,0,0,0,0,0,0,0
ENSMUSG00000036913,Trim67,1,2,0,2,3,11,1,3,0,0,2,0
ENSMUSG00000090118,Gm16163,2,5,2,2,5,1,7,7,11,5,5,5
ENSMUSG00000089736,Tgfbr3l,30,18,36,25,18,10,21,30,30,29,25,14
ENSMUSG00000063605,Ccdc102a,156,173,123,136,128,45,133,154,199,183,133,117
ENSMUSG00000015994,Fnta,791,820,594,606,733,438,653,684,876,681,770,711
ENSMUSG00000031984,2810004N23Rik,1873,1884,1450,1587,1655,1063,1412,1638,1866,1643,1771,1627
ENSMUSG00000011837,Snapc2,283,330,233,282,255,100,288,247,313,265,257,240
ENSMUSG00000048644,Ctxn1,18,49,28,32,28,20,22,23,22,19,37,33
ENSMUSG00000037234,Hook3,1165,1212,908,923,976,1010,680,1065,940,1044,1186,1127
ENSMUSG00000061577,Adgrg5,36,35,17,19,23,17,31,35,41,37,48,63
ENSMUSG00000110183,Gm45411,0,0,0,0,0,0,0,0,0,0,0,0
ENSMUSG00000109640,Gm45413,5,5,6,2,2,3,2,2,4,4,4,4
ENSMUSG00000070111,Gm10286,0,2,0,2,0,1,1,0,2,1,0,0
ENSMUSG00000085437,1700047A11Rik,0,0,0,0,0,0,0,1,0,0,0,0
ENSMUSG00000002949,Timm44,1808,1859,1679,1732,1727,1096,1611,1631,1706,1694,1629,1531
ENSMUSG00000031985,Gnpat,1450,1591,1243,1263,1528,665,1163,1288,1344,1264,1551,1359
ENSMUSG00000074030,Exoc8,1109,1207,954,1049,915,416,794,1005,954,879,818,830
ENSMUSG00000031986,Sprtn,1488,1678,1310,1407,1233,647,931,1304,1314,1287,1156,1074
ENSMUSG00000110706,Gm45709,0,0,2,0,1,0,2,2,1,4,0,1
ENSMUSG00002076834,#N/A,0,0,0,0,0,0,0,0,0,0,0,0
ENSMUSG00000031987,Egln1,2452,2535,1809,1770,2035,1049,1855,2035,2416,2094,2137,2074
ENSMUSG00000056820,Tsnax,1435,1526,1354,1345,1556,796,1282,1416,1426,1236,1601,1436
ENSMUSG00000110683,Gm45874,1,0,0,0,0,0,1,0,0,1,2,1
ENSMUSG00000040028,Elavl1,4427,4437,3722,3611,4206,2474,3829,4065,4219,3718,4158,4008
ENSMUSG00000023235,Ccl25,140,108,124,119,140,100,88,122,131,127,176,180
ENSMUSG00000108818,Gm44869,0,0,0,0,0,0,0,0,0,0,0,0
ENSMUSG00000109356,Gm45118,0,0,0,0,0,0,0,0,0,0,0,0
ENSMUSG00000109241,Gm7434,3,12,7,9,7,1,6,8,11,7,4,4
ENSMUSG00000109397,Gm45117,0,0,2,0,0,0,0,0,0,1,0,0
ENSMUSG00000108860,Gm6070,1,0,0,0,1,0,0,0,0,0,0,0
ENSMUSG00000013878,Rnf170,177,166,123,110,141,98,113,121,131,132,139,128
ENSMUSG00000109850,Gm45692,0,0,0,0,0,0,0,0,0,0,0,0
ENSMUSG00000110120,Gm45251,2,6,2,1,2,3,2,1,1,2,1,0
ENSMUSG00000110317,Gm45250,39,38,37,33,56,76,40,46,44,36,74,57
ENSMUSG00000043051,Disc1,4,2,3,4,2,2,5,0,1,5,3,2
ENSMUSG00000037214,Thap1,355,393,345,329,354,197,296,334,389,317,419,323
ENSMUSG00002074872,#N/A,0,0,0,0,0,0,0,0,0,0,0,0
ENSMUSG00000031785,Adgrg1,109,122,68,59,155,64,63,96,96,100,50,55
ENSMUSG00000118460,Gm50479,0,0,0,0,0,0,0,0,0,0,0,0
ENSMUSG00002075305,#N/A,0,0,0,0,0,0,0,0,0,0,0,0
ENSMUSG00002075170,#N/A,0,0,0,0,0,0,0,0,0,0,0,0
ENSMUSG00000086694,Gm16237,0,0,0,0,0,0,0,0,0,0,0,0
ENSMUSG00000110075,Gm45305,0,0,0,0,0,0,0,0,0,0,0,0
ENSMUSG00000008206,Cers4,272,277,219,234,182,111,230,222,203,198,187,182
ENSMUSG00000110417,Gm31727,0,0,0,0,0,0,0,0,0,0,0,0
ENSMUSG00000110229,Gm31784,0,0,0,0,0,0,0,0,0,0,0,0
ENSMUSG00000109682,Gm45307,0,0,0,0,0,0,0,0,0,0,0,0
ENSMUSG00000102201,Gm36956,0,0,0,0,0,0,0,0,0,0,0,0
ENSMUSG00000108829,Vmn2r-ps89,0,1,0,0,0,0,0,0,0,0,0,1
ENSMUSG00000109996,Gm31898,0,0,0,0,0,0,0,0,0,0,0,0
ENSMUSG00000110383,Gm45580,0,0,0,0,0,0,0,0,0,0,0,0
ENSMUSG00000109961,Gm31983,0,0,0,0,0,2,0,0,0,0,0,0
ENSMUSG00000058748,Zfp958,250,261,237,231,269,257,265,299,255,280,282,304
ENSMUSG00000110222,Gm39149,0,0,0,0,0,0,0,0,0,0,0,0
ENSMUSG00000109489,Gm7451,1,5,3,1,3,5,0,3,2,7,0,1
ENSMUSG00000110351,Gm32050,0,0,0,0,0,0,0,0,0,0,0,0
ENSMUSG00000110338,Gm45584,0,0,0,0,0,0,0,0,0,0,0,0
ENSMUSG00000109448,Gm45224,0,4,0,0,2,0,0,1,0,2,0,0
ENSMUSG00000109680,Gm32098,0,0,0,0,0,0,0,0,0,0,0,0
ENSMUSG00000048484,Gm7461,1,6,0,2,6,0,0,2,3,1,2,4
ENSMUSG00000097308,Gm6410,0,0,0,1,0,0,0,0,0,0,0,0
ENSMUSG00000109689,Gm45646,0,0,0,0,0,0,0,0,0,0,0,0
ENSMUSG00000109055,Gm2676,0,0,1,0,1,0,0,1,0,0,0,1
ENSMUSG00000110297,Gm45647,0,0,0,0,0,0,0,0,0,0,0,0
ENSMUSG00000108962,Gm44959,0,0,0,0,0,0,0,0,0,0,0,0
ENSMUSG00000100335,2310008N11Rik,0,0,0,0,1,2,0,0,1,0,0,0
ENSMUSG00000110345,Gm45572,0,0,0,1,0,0,0,0,0,0,0,0
ENSMUSG00000060470,Adgrg3,10,5,6,11,8,2,5,8,8,10,5,5
ENSMUSG00000085795,Zfp703,2633,2716,2142,2127,1980,784,1639,1997,2068,1923,1560,1492
ENSMUSG00000110426,Gm45757,0,0,0,0,0,0,0,0,1,0,0,0
ENSMUSG00000109954,Gm45371,4,2,1,2,2,2,2,1,1,8,0,4
ENSMUSG00000109621,Gm45370,0,0,0,0,0,0,0,0,0,0,0,1
ENSMUSG00000109603,Gm32389,0,0,0,0,0,0,0,0,0,0,0,0
ENSMUSG00000110081,Gm19164,0,0,0,0,0,0,0,0,0,0,0,0
ENSMUSG00000022322,Shcbp1,158,183,215,170,356,331,270,290,168,174,318,287
ENSMUSG00000109462,Gm6334,0,0,0,0,0,0,0,0,0,0,0,0
ENSMUSG00000109034,Gm44960,0,0,0,0,0,0,0,0,0,0,0,0
ENSMUSG00000095600,Gm9457,0,1,2,0,1,0,0,2,0,0,0,0
ENSMUSG00000109063,Gm44961,0,0,0,0,0,0,0,0,0,0,0,0
ENSMUSG00000062152,Rpl21-ps14,3,4,2,6,7,1,4,2,3,3,0,2
ENSMUSG00000031786,Drc7,0,0,0,0,0,0,0,0,0,0,0,0
ENSMUSG00000119639,#N/A,0,0,0,0,0,0,0,0,0,0,0,0
ENSMUSG00000109295,Gm5739,1,3,2,3,1,0,0,0,0,0,0,0
ENSMUSG00000023073,Slc10a2,0,0,0,0,0,0,0,0,0,1,0,0
ENSMUSG00000109181,Gm5605,0,0,0,2,0,0,3,3,2,3,2,1
ENSMUSG00002075572,#N/A,0,0,0,0,0,0,0,0,0,0,0,0
ENSMUSG00000109313,Gm44693,0,0,0,0,0,0,0,0,0,0,0,0
ENSMUSG00000109266,Gm6426,8,5,7,6,0,1,5,3,17,4,3,1
ENSMUSG00000043192,Gm1840,20,16,14,20,17,15,28,22,27,27,15,25
ENSMUSG00002076909,#N/A,0,0,0,0,0,0,0,0,0,0,0,0
ENSMUSG00000109069,Gm2734,0,0,0,0,0,0,0,0,1,0,0,0
ENSMUSG00000109518,Gm44843,0,0,0,0,0,0,0,0,0,0,0,0
ENSMUSG00000109534,Gm44842,0,0,0,0,0,0,0,0,0,0,0,0
ENSMUSG00000088255,Gm24288,0,0,0,0,0,0,0,0,0,0,0,0
ENSMUSG00000109543,Gm44844,0,0,0,0,0,0,1,0,0,0,0,0
ENSMUSG00000109457,Gm44909,0,0,0,0,0,0,0,0,0,0,0,0
ENSMUSG00000109463,Gm7506,0,0,0,0,0,0,0,0,0,0,0,0
ENSMUSG00000108852,Gm44911,0,0,0,0,0,0,0,0,0,0,0,0
ENSMUSG00000109538,Gm44910,0,0,0,0,0,0,0,0,0,0,0,0
ENSMUSG00000108914,Gm44908,0,0,0,0,0,0,0,0,0,0,0,0
ENSMUSG00000092092,Gm17215,0,0,0,0,0,0,0,0,0,0,0,0
ENSMUSG00000119145,#N/A,0,0,0,0,0,0,0,0,0,0,0,0
ENSMUSG00000031787,Katnb1,192,203,148,136,165,66,184,166,170,151,169,177
ENSMUSG00000109260,Gm30954,0,0,0,0,0,0,0,0,0,0,0,0
ENSMUSG00002076795,#N/A,0,0,0,0,0,0,0,0,0,0,0,0
ENSMUSG00002075857,#N/A,0,0,0,0,0,0,0,0,0,0,0,0
ENSMUSG00000077378,Gm25169,0,0,0,0,0,0,0,0,0,0,0,0
ENSMUSG00000110516,Gm45758,0,0,0,0,0,0,0,0,0,0,0,0
ENSMUSG00000099890,Gm28262,0,0,0,0,0,0,0,0,0,0,0,0
ENSMUSG00000109316,Gm45160,0,0,0,0,0,1,0,0,0,0,0,0
ENSMUSG00000109127,Gm31135,1,0,2,0,0,1,3,1,0,1,0,0
ENSMUSG00000109566,Gm31401,0,0,0,0,0,0,0,0,0,0,0,0
ENSMUSG00000109134,Gm45076,0,0,0,0,0,0,0,0,0,0,0,0
ENSMUSG00000109056,A630009H07Rik,0,1,0,1,1,0,0,1,0,1,1,0
ENSMUSG00000109515,Gm31343,0,0,0,0,0,0,0,0,0,0,0,0
ENSMUSG00000108913,Gm2448,0,0,0,0,0,0,0,0,0,0,0,0
ENSMUSG00000108941,D530014G21Rik,0,0,0,0,0,0,0,0,0,0,0,0
ENSMUSG00000001995,Sipa1l2,520,523,627,608,312,119,352,520,391,354,158,182
ENSMUSG00000108932,Gm31463,0,0,0,0,0,0,0,0,0,0,0,0
ENSMUSG00000109436,Gm45075,0,0,0,0,0,0,0,0,0,0,0,0
ENSMUSG00000110629,4930567H12Rik,0,0,0,0,0,0,0,0,0,0,0,0
ENSMUSG00000050930,Map10,36,34,26,26,17,9,14,19,26,25,18,21
ENSMUSG00000031483,Erlin2,698,767,591,598,652,370,470,699,680,659,613,533
ENSMUSG00000001300,Efnb2,17,27,24,24,13,11,17,14,22,22,14,14
ENSMUSG00000108912,E230020D15Rik,0,2,1,0,0,0,0,0,1,1,1,0
ENSMUSG00000109568,Gm45074,0,1,0,0,0,0,0,0,0,0,0,0
ENSMUSG00000091154,Proscos,1,1,2,2,2,0,0,1,1,3,2,0
ENSMUSG00000109438,Gm45073,1,0,0,0,0,0,0,0,0,1,1,0
ENSMUSG00000040467,4921522P10Rik,0,0,0,0,0,0,0,0,0,0,0,0
ENSMUSG00000040459,Arglu1,3405,3268,3135,2886,2984,3485,2761,3116,3462,3130,4126,3561
ENSMUSG00000098917,Mir7654,0,0,0,0,0,0,0,0,0,0,0,0
ENSMUSG00000109117,Gm18393,0,0,0,0,0,0,0,0,0,0,0,0
ENSMUSG00000109190,Gm44621,0,0,0,0,0,0,0,0,0,0,0,0
ENSMUSG00000031851,Ntpcr,136,150,114,97,111,41,103,104,122,110,112,93
ENSMUSG00000109371,Gm44626,0,0,0,0,0,0,0,0,0,0,0,0
ENSMUSG00000109062,Gm44622,0,0,0,0,0,0,0,0,0,0,0,0
ENSMUSG00000109346,Gm44515,0,0,0,0,0,0,0,0,0,0,0,0
ENSMUSG00000108848,4933430N04Rik,0,0,0,0,0,0,0,0,0,0,0,0
ENSMUSG00000109215,4930453L07Rik,0,0,0,0,0,0,0,0,0,0,0,0
ENSMUSG00000109124,Gm44516,0,0,0,0,0,0,0,0,0,0,0,0
ENSMUSG00000109064,Gm39128,0,0,0,0,0,0,0,0,0,0,0,0
ENSMUSG00000079157,Fam155a,0,0,0,0,0,1,0,0,0,0,0,0
ENSMUSG00000109040,Gm44542,0,0,0,0,0,0,0,0,0,0,0,0
ENSMUSG00000109286,Gm44541,0,0,0,0,0,0,0,0,0,0,0,0
ENSMUSG00000109385,Gm44518,0,0,0,0,0,1,0,0,0,0,0,0
ENSMUSG00000109551,4930435N07Rik,0,0,0,0,0,0,0,0,0,0,0,0
ENSMUSG00002074996,#N/A,0,0,0,0,0,0,0,0,0,0,0,0
ENSMUSG00000109359,Gm44797,0,0,0,0,0,0,0,0,0,0,0,0
ENSMUSG00000109418,Gm44800,0,0,0,0,0,0,0,0,0,0,0,0
ENSMUSG00000109529,Gm44801,0,0,0,0,0,0,0,0,0,0,0,0
ENSMUSG00000109139,Gm44798,0,0,0,0,0,5,0,0,0,0,0,0
ENSMUSG00000109095,Gm44799,0,0,0,0,0,0,0,0,0,0,0,0
ENSMUSG00000109162,2900027M19Rik,0,0,0,0,0,0,0,0,0,0,0,0
ENSMUSG00000108918,Gm44802,0,0,0,0,0,0,0,0,0,0,0,0
ENSMUSG00002075361,#N/A,0,0,0,0,0,0,0,0,0,0,0,0
ENSMUSG00000109183,Gm44761,0,0,0,0,0,0,0,0,0,0,0,0
ENSMUSG00000067627,Gm10217,0,0,0,0,0,0,0,0,0,0,0,0
ENSMUSG00000095279,Gm10067,0,0,0,0,0,0,0,0,0,0,0,0
ENSMUSG00000049717,Lig4,185,182,179,173,214,120,158,184,170,177,197,191
ENSMUSG00000040396,Abhd13,1241,1405,1163,1117,1036,632,840,1047,1250,1126,983,862
ENSMUSG00000031497,Tnfsf13b,22,29,29,20,19,13,16,27,37,19,16,20
ENSMUSG00000109054,Gm44789,0,0,0,0,0,1,0,0,0,0,0,0
ENSMUSG00000109545,Gm44788,0,0,0,0,0,0,0,0,0,0,0,0
ENSMUSG00000060212,Pcnx2,0,0,0,0,0,4,0,0,0,0,0,0
ENSMUSG00000100812,A730098A19Rik,0,0,0,0,0,0,0,0,0,0,0,0
ENSMUSG00000031853,Map3k21,0,0,0,0,0,0,0,0,0,0,0,0
ENSMUSG00000031485,Plpbp,888,921,739,751,748,363,723,793,721,682,692,684
ENSMUSG00000033998,Kcnk1,2,1,1,0,0,0,3,1,0,3,0,1
ENSMUSG00000110698,Gm45875,0,0,0,0,0,0,0,0,0,0,0,0
ENSMUSG00000110437,Gm45876,0,0,0,0,0,2,0,0,0,0,0,0
ENSMUSG00000057060,Slc35f3,0,1,0,0,0,0,0,0,0,0,0,0
ENSMUSG00000110462,Gm35572,0,0,0,0,0,0,0,0,0,0,0,0
ENSMUSG00000051671,Coa6,166,196,170,178,178,106,158,160,199,203,177,191
ENSMUSG00000110685,Gm5373,0,0,0,0,2,4,0,0,0,0,0,0
ENSMUSG00000110490,Vmn2r-ps91,0,0,0,0,0,0,0,0,0,0,0,0
ENSMUSG00000056019,Zfp709,245,297,233,229,246,133,168,203,246,254,249,203
ENSMUSG00000090290,Tarbp1,2364,2515,2160,2165,2211,1415,1581,2215,2299,2120,2072,2170
ENSMUSG00000089857,Zfp882,67,69,61,47,75,69,36,69,73,56,90,79
ENSMUSG00000074026,Gm6091,0,0,0,0,0,0,0,0,1,0,0,0
ENSMUSG00000097060,Gm26759,1,4,3,2,0,0,2,6,5,11,0,1
ENSMUSG00000051495,Irf2bp2,3627,4141,3361,3514,2735,1101,2712,3004,3753,3266,2799,2599
ENSMUSG00000110626,Gm45805,2,1,0,1,1,0,0,0,1,0,3,1
ENSMUSG00000031486,Adgra2,2,2,1,0,0,0,0,0,3,1,0,0
ENSMUSG00000066880,Zfp617,113,107,90,87,108,116,56,109,113,103,90,98
ENSMUSG00000083718,Ccnb2-ps,1,0,0,0,2,3,0,0,2,1,2,2
ENSMUSG00000110697,Gm31718,130,170,119,129,114,55,81,91,144,182,102,95
ENSMUSG00000110498,A630001O12Rik,27,30,24,44,16,12,16,20,24,36,13,6
ENSMUSG00000093904,Tomm20,1308,1504,1167,1272,1312,762,1270,1277,1498,1284,1267,1296
ENSMUSG00000065637,Gm26397,39,26,27,15,27,15,26,22,20,23,27,19
ENSMUSG00000031487,Brf2,356,294,265,298,265,112,253,293,285,298,275,250
ENSMUSG00000031788,Kifc3,1042,1108,506,465,416,130,363,414,703,627,454,500
ENSMUSG00000052446,Zfp961,365,364,333,317,370,342,350,376,346,332,370,360
ENSMUSG00000110529,Gm45694,1,0,1,3,0,0,0,0,0,0,1,0
ENSMUSG00000110517,Gm31224,0,0,0,0,0,0,0,0,0,1,0,0
ENSMUSG00000110428,Gm45812,0,1,0,0,1,0,0,1,1,0,0,0
ENSMUSG00000110475,Gm31036,0,0,0,0,0,1,0,0,0,0,0,0
ENSMUSG00000003484,Cyp4f18,0,0,0,0,0,0,0,0,1,0,0,0
ENSMUSG00000110546,Gm45734,0,0,0,1,1,0,0,0,0,0,0,1
ENSMUSG00000110643,Gm18924,0,0,0,0,0,0,0,0,0,0,0,0
ENSMUSG00000033931,Rbm34,1695,1631,1283,1395,1187,880,1254,1368,1642,1583,1382,1355
ENSMUSG00000084610,Gm25052,0,0,0,0,0,0,0,0,0,0,0,0
ENSMUSG00000031488,Rab11fip1,3977,3824,4116,4310,3694,2622,2993,4301,3541,3418,2468,2334
ENSMUSG00000110648,Gm38574,3,2,1,2,0,0,0,3,4,1,3,0
ENSMUSG00000110492,Gm5358,0,0,0,0,0,0,0,0,0,0,0,0
ENSMUSG00000097262,4933416M07Rik,3,0,0,1,0,0,0,0,3,3,1,0
ENSMUSG00000069998,Olfr372,0,0,0,0,0,0,0,0,0,0,0,0
ENSMUSG00002075995,#N/A,0,0,0,0,0,0,0,0,0,0,0,0
ENSMUSG00000109589,Gm45267,0,0,0,0,0,1,0,0,0,2,0,0
ENSMUSG00000110096,Gm45544,0,0,0,0,0,0,0,0,0,0,0,0
ENSMUSG00000109719,Gm45266,9,11,12,24,9,17,9,20,15,11,11,8
ENSMUSG00000110522,Gm45735,0,0,0,0,0,0,0,0,0,0,0,0
ENSMUSG00000061561,Olfr373,0,0,0,0,0,1,0,0,0,0,0,0
ENSMUSG00000109990,Gm45543,0,0,0,0,0,0,0,0,0,0,0,0
ENSMUSG00000039057,Myo16,1,6,9,10,3,1,5,9,4,2,0,0
ENSMUSG00000046881,Olfr374,0,0,0,0,0,1,0,0,0,0,0,0
ENSMUSG00002076582,#N/A,0,0,0,0,0,0,0,0,0,0,0,0
ENSMUSG00000109258,5330413D20Rik,0,0,0,0,0,0,0,0,0,0,0,0
ENSMUSG00000109503,Gm44786,0,0,0,0,0,0,0,0,0,0,0,0
ENSMUSG00000109432,Gm44785,0,0,0,0,0,1,0,0,0,0,0,0
ENSMUSG00000109067,Gm44784,0,0,0,0,0,0,0,0,0,0,0,0
ENSMUSG00000108997,Gm45045,0,0,0,0,0,0,0,0,0,0,0,0
ENSMUSG00000109271,Gm39129,0,0,0,0,0,0,0,0,0,0,0,0
ENSMUSG00000039720,Got1l1,3,1,0,1,2,0,0,0,1,0,3,0
ENSMUSG00000096258,Rps16-ps3,0,0,0,0,1,0,0,0,1,0,0,0
ENSMUSG00000108961,Gm32540,0,0,0,0,0,0,0,0,0,0,0,0
ENSMUSG00000109473,B930025P03Rik,0,0,0,0,0,0,0,0,0,0,0,0
ENSMUSG00000108969,Gm45044,0,0,0,0,0,0,0,0,0,0,0,0
ENSMUSG00000109291,Gm2814,0,0,0,1,0,0,0,0,0,0,0,0
ENSMUSG00000109089,4833411C07Rik,0,0,0,0,0,0,0,0,0,0,0,0
ENSMUSG00000031489,Adrb3,0,0,0,0,0,0,0,0,0,0,1,0
ENSMUSG00000031799,Tpm4,4787,5378,4521,4717,5088,3492,4709,5204,4593,4061,3951,3340
ENSMUSG00000038917,3930402G23Rik,0,1,1,0,0,0,0,0,0,0,1,0
ENSMUSG00000109480,Gm45042,0,0,0,0,0,0,0,0,0,0,0,0
ENSMUSG00000109674,Gm45470,0,0,0,0,0,0,0,0,0,0,0,0
ENSMUSG00000097472,Gm26586,11,6,5,4,2,6,3,6,4,5,6,3
ENSMUSG00000109084,Gm44955,0,0,0,0,0,0,0,0,0,0,0,0
ENSMUSG00000087502,Gm16091,2,1,0,0,6,1,2,4,1,2,8,2
ENSMUSG00000109508,Gm44956,0,0,0,0,0,0,0,0,0,0,0,0
ENSMUSG00000038894,Irs2,972,910,1110,1057,820,292,987,1201,993,799,816,843
ENSMUSG00000031490,Eif4ebp1,714,848,860,910,676,194,681,682,671,511,606,552
ENSMUSG00000096938,9530052E02Rik,1,0,0,2,0,0,0,2,0,1,2,2
ENSMUSG00000109953,5430430B14Rik,5,7,9,7,8,1,6,9,2,7,7,3
ENSMUSG00000110154,Gm9731,0,0,0,0,0,0,0,0,0,0,0,0
ENSMUSG00000108847,B830042I05Rik,0,0,0,0,0,1,0,0,0,0,0,0
ENSMUSG00000109151,Gm44714,0,0,0,0,0,0,0,0,0,0,0,0
ENSMUSG00000109029,Gm44717,0,0,0,0,0,0,0,0,0,0,0,0
ENSMUSG00000085573,Gm15418,0,0,0,0,0,0,0,0,0,0,0,0
ENSMUSG00000071138,Tex24,0,0,0,0,0,0,0,0,0,0,0,0
ENSMUSG00000003037,Rab8a,2089,2222,1635,1693,1536,1312,1798,1938,1947,1719,1700,1454
ENSMUSG00000062007,Hsh2d,160,238,181,222,165,83,210,209,188,173,220,187
ENSMUSG00000074240,Cib3,7,11,8,12,8,13,6,9,5,7,6,2
ENSMUSG00000079016,Gm11034,0,0,0,0,0,0,0,0,1,0,0,0
ENSMUSG00000003039,Fam32a,1572,1952,1484,1588,1176,649,1370,1504,1528,1425,1157,1105
ENSMUSG00000031789,Cngb1,3,0,0,1,0,6,1,1,1,0,0,0
ENSMUSG00000031492,Chrnb3,0,0,0,0,0,3,0,0,0,0,1,0
ENSMUSG00000003033,Ap1m1,2015,2323,1487,1645,1530,625,1585,1728,1894,1604,1559,1531
ENSMUSG00000110443,Gm39197,1,5,4,0,1,1,2,4,2,3,2,3
ENSMUSG00000070713,Gm10282,0,2,0,0,0,1,0,0,1,0,0,0
ENSMUSG00000055148,Klf2,58,75,88,97,80,48,93,96,82,58,46,56
ENSMUSG00000031491,Chrna6,0,0,0,0,0,0,0,0,0,0,0,0
ENSMUSG00000118763,#N/A,0,0,0,0,0,0,0,0,0,0,0,0
ENSMUSG00000110333,Gm45861,0,0,0,0,0,2,0,0,0,0,0,0
ENSMUSG00000063932,Poteg,0,0,0,0,0,0,0,0,0,0,0,0
ENSMUSG00000090206,Tepp,0,0,0,0,0,0,0,1,0,0,0,0
ENSMUSG00000074404,Gm1698,0,0,0,0,0,0,0,0,0,0,0,0
ENSMUSG00002076572,#N/A,0,0,0,0,0,0,0,0,0,0,0,0
ENSMUSG00000064882,Gm24202,0,0,0,0,0,0,0,0,0,0,0,0
ENSMUSG00000046556,Zfp319,760,734,528,524,528,209,422,601,608,539,521,497
ENSMUSG00000110343,Gm45751,0,0,0,0,0,0,0,0,0,0,0,0
ENSMUSG00000110372,Gm8096,0,0,0,0,0,0,0,0,0,0,0,0
ENSMUSG00000109657,1700008N11Rik,0,0,0,0,0,0,0,0,0,0,0,0
ENSMUSG00000098056,Gm8100,25,22,26,23,13,10,22,28,22,27,19,21
ENSMUSG00000110322,Gm8110,0,0,0,0,0,0,0,0,0,0,0,0
ENSMUSG00000109794,Gm45571,0,0,0,0,0,0,0,0,0,0,0,0
ENSMUSG00000097776,Gm26795,0,0,0,0,0,0,0,0,0,0,0,0
ENSMUSG00000031502,Col4a1,0,1,0,3,0,6,1,0,0,1,1,0
ENSMUSG00000031792,Usb1,965,1065,744,755,749,365,758,829,945,797,793,675
ENSMUSG00000109358,Gm44716,0,0,0,0,0,0,0,0,0,0,0,0
ENSMUSG00000031790,Mmp15,1,1,0,0,2,1,0,0,1,0,2,0
ENSMUSG00000006276,Eps15l1,1990,2128,1495,1573,1750,1106,1342,1594,1943,1810,1909,1749
ENSMUSG00000031796,Cfap20,566,611,506,493,625,475,604,538,626,536,637,563
ENSMUSG00000031503,Col4a2,1,0,0,0,0,0,1,0,0,0,0,0
ENSMUSG00000110558,Gm45779,5,3,14,1,9,5,6,17,3,8,13,16
ENSMUSG00000084783,Gm15419,0,0,0,0,0,0,0,0,0,0,0,0
ENSMUSG00000031504,Rab20,179,217,180,173,109,28,120,107,170,147,115,99
ENSMUSG00000110245,Gm20100,4,2,8,6,3,1,0,1,3,1,3,2
ENSMUSG00000096957,E230013L22Rik,0,1,1,4,2,1,2,0,1,0,1,0
ENSMUSG00000019732,Calr3,2,10,5,6,8,14,13,13,6,9,11,11
ENSMUSG00000083922,Gm3835,0,0,0,0,0,1,0,1,0,0,1,0
ENSMUSG00000063626,Unc5d,0,0,0,0,0,3,0,0,0,0,0,0
ENSMUSG00000109874,Gm9911,0,0,0,0,0,5,0,0,0,0,0,0
ENSMUSG00000110263,Gm45652,0,0,0,0,1,5,0,0,0,0,1,0
ENSMUSG00000109648,Svet1,0,0,0,0,0,0,0,0,0,0,0,0
ENSMUSG00000110180,Gm32567,0,0,0,0,0,0,0,0,0,0,0,0
ENSMUSG00000110331,Nudc-ps1,10,6,5,7,9,6,8,9,2,2,4,7
ENSMUSG00000109597,Gm45492,0,0,0,0,0,0,0,0,0,0,0,0
ENSMUSG00000109666,Gm39154,0,0,0,0,0,0,0,0,0,0,0,0
ENSMUSG00000109586,Gm6853,1,0,0,0,0,0,0,1,0,0,0,0
ENSMUSG00000052794,1700030K09Rik,206,230,195,183,239,107,198,162,192,181,259,206
ENSMUSG00000110006,Gm45490,0,0,0,0,0,0,0,0,0,0,0,0
ENSMUSG00000110223,Gm45489,0,0,0,0,0,1,0,0,0,0,0,0
ENSMUSG00000097044,4933433F19Rik,0,0,0,0,0,0,0,0,0,0,0,0
ENSMUSG00000109614,Gm45252,1,1,0,4,0,0,2,1,0,2,0,2
ENSMUSG00000039661,Dusp26,0,1,0,0,0,0,0,0,0,0,0,0
ENSMUSG00000039328,Rnf122,29,22,11,25,9,8,11,25,23,22,16,20
ENSMUSG00000088252,Snord13,0,0,1,0,1,2,0,0,1,0,1,0
ENSMUSG00000046707,Csnk2a2,4085,4471,3522,3382,3343,2258,3245,3811,3769,3481,3152,2832
ENSMUSG00000110598,Gm45854,0,0,1,0,1,2,0,0,0,0,1,0
ENSMUSG00000110635,Gm45853,33,17,32,16,12,9,5,22,18,26,10,17
ENSMUSG00000110427,4933406B17Rik,0,0,0,0,0,0,0,0,0,0,0,0
ENSMUSG00000052488,Cherp,5464,5712,4712,4750,4580,3106,4275,5374,4740,4432,5138,4432
ENSMUSG00000031577,Tti2,618,621,494,499,517,219,447,461,593,514,531,461
ENSMUSG00000036598,Ccdc113,0,0,0,0,0,0,0,0,0,0,0,0
ENSMUSG00000110577,1700112L15Rik,0,0,0,0,0,0,0,0,0,0,0,0
ENSMUSG00000099079,Mir7068,0,0,0,0,0,0,0,0,0,0,0,0
ENSMUSG00000031505,Naxd,430,482,487,481,504,240,416,462,440,405,457,456
ENSMUSG00000019731,Slc35e1,2704,2682,2224,2138,2259,1107,1966,2503,2443,2177,2262,2085
ENSMUSG00000031578,Mak16,5323,5839,4669,4626,4537,4465,4308,4897,5336,4786,4703,4056
ENSMUSG00000097000,Gm17435,59,44,31,39,49,35,26,40,67,39,59,49
ENSMUSG00000045248,Med26,811,865,668,629,492,179,505,638,761,692,539,534
ENSMUSG00000110446,Gm18646,0,2,1,1,3,1,2,0,3,1,0,5
ENSMUSG00000110532,Gm35857,0,0,1,3,0,0,0,0,0,0,0,0
ENSMUSG00002075052,#N/A,0,0,0,0,0,0,0,0,0,0,0,0
ENSMUSG00000048400,Prss54,0,0,0,0,0,0,0,0,0,0,0,0
ENSMUSG00000081436,Gm5912,0,0,1,0,0,2,1,0,0,2,2,2
ENSMUSG00000110447,Gm31518,0,0,0,0,0,0,0,0,0,0,0,0
ENSMUSG00000110483,Gm45702,0,0,0,0,0,0,0,0,0,0,0,0
ENSMUSG00000031669,Gins3,254,291,297,305,338,179,322,304,266,212,302,269
ENSMUSG00000110701,Gm6013,0,0,0,0,0,0,1,2,0,1,0,0
ENSMUSG00000044600,Smim7,1061,1412,973,1073,946,302,1004,940,1092,957,769,739
ENSMUSG00000046152,Fut10,3,6,6,8,5,1,4,6,1,7,4,2
ENSMUSG00000083588,Gm8051,2,0,2,2,1,0,0,0,1,1,2,1
ENSMUSG00000110133,Gm8168,1,2,3,1,1,2,2,3,1,2,0,1
ENSMUSG00000109915,7420700N18Rik,0,0,0,0,0,1,0,0,0,0,0,0
ENSMUSG00000109705,Gm19096,0,0,0,0,0,0,0,0,0,0,0,0
ENSMUSG00000118533,AC132410.1,0,0,0,0,0,0,0,0,0,0,0,0
ENSMUSG00000109605,Gm45303,0,0,0,0,0,0,0,0,0,0,0,0
ENSMUSG00002075490,#N/A,0,0,0,0,0,0,0,0,0,0,0,0
ENSMUSG00000031791,Tmem38a,19,13,11,12,18,6,12,7,9,5,14,14
ENSMUSG00000110329,Gm45304,0,0,0,0,0,0,0,0,0,0,0,0
ENSMUSG00002075742,#N/A,0,0,0,0,0,0,0,0,0,0,0,0
ENSMUSG00000093862,Gm5117,2,4,3,7,6,5,0,6,1,10,4,1
ENSMUSG00000056228,Cars2,300,401,270,280,320,131,307,280,318,259,369,373
ENSMUSG00000045969,Ing1,675,659,572,617,568,315,518,633,630,585,535,563
ENSMUSG00000031508,Ankrd10,1914,1937,1639,1573,1463,787,1417,1585,1798,1625,1734,1681
ENSMUSG00000104958,Mir7238,0,0,0,0,0,0,0,0,0,0,0,0
ENSMUSG00000109810,Gm45592,5,1,3,1,9,2,4,4,7,5,3,8
ENSMUSG00000031509,1700016D06Rik,0,0,0,0,0,0,0,0,0,0,0,0
ENSMUSG00000109623,Gm7562,0,0,0,0,0,0,0,0,0,0,0,0
ENSMUSG00000109986,4930465I24Rik,0,0,0,0,0,0,0,0,0,0,0,0
ENSMUSG00000109933,Gm7600,30,8,9,9,6,6,10,11,34,35,12,23
ENSMUSG00000110177,Gm6524,0,0,0,0,0,0,0,0,2,0,0,0
ENSMUSG00000093345,Gm27956,0,0,0,0,0,0,0,0,0,0,0,0
ENSMUSG00000048148,Nwd1,1,0,0,0,0,3,0,0,0,0,0,0
ENSMUSG00000036564,Ndrg4,84,91,53,54,21,10,40,29,77,67,37,48
ENSMUSG00002076058,#N/A,0,0,0,0,0,0,0,0,0,0,1,0
ENSMUSG00000031671,Setd6,530,576,538,521,537,420,514,553,559,486,551,586
ENSMUSG00000031622,Sin3b,2751,3182,2430,2667,2073,877,2310,2296,2531,2176,2051,1943
ENSMUSG00000050147,F2rl3,119,130,85,103,70,25,92,102,104,96,64,84
ENSMUSG00000110696,Gm45706,0,0,0,0,0,1,0,0,0,0,0,1
ENSMUSG00000110481,Gm45705,52,54,47,60,39,41,50,74,46,41,55,44
ENSMUSG00000110585,Gm45704,0,0,0,0,0,0,0,0,0,0,0,0
ENSMUSG00000110563,Gm45791,0,0,0,0,0,0,0,0,0,0,0,0
ENSMUSG00000004383,Large1,41,34,50,60,63,42,39,41,44,54,37,28
ENSMUSG00000093140,Mir28b,0,0,0,0,0,0,0,0,0,0,0,0
ENSMUSG00002075132,#N/A,0,0,0,0,0,0,0,0,0,0,0,0
ENSMUSG00000110450,Gm7943,0,0,0,0,0,0,0,0,0,0,0,0
ENSMUSG00002075694,#N/A,0,0,0,0,0,0,0,0,0,0,0,0
ENSMUSG00000047657,Crry-ps,0,0,2,4,4,3,1,1,0,4,3,0
ENSMUSG00000110609,Gm7948,0,0,0,0,0,0,0,0,0,0,0,0
ENSMUSG00000110703,Gm45821,0,0,0,0,0,0,0,0,0,0,0,0
ENSMUSG00002076098,#N/A,0,0,0,0,0,0,0,0,0,0,0,0
ENSMUSG00000079011,Gm11033,0,0,0,0,0,0,0,0,0,0,0,0
ENSMUSG00000031621,Isx,0,0,0,0,0,0,0,0,0,0,0,0
ENSMUSG00000034518,Hmgxb4,1011,1128,982,977,1044,733,852,986,1044,947,1121,938
ENSMUSG00000110593,Gm45822,0,0,0,0,0,0,0,0,0,0,0,0
ENSMUSG00000042870,Tom1,14,8,3,2,2,0,2,2,10,2,5,7
ENSMUSG00000110433,Gm45820,0,0,0,0,0,0,0,0,0,0,0,0
ENSMUSG00000110429,Gm2059,0,0,0,0,0,0,0,0,0,0,0,0
ENSMUSG00000005413,Hmox1,320,395,284,344,209,72,191,253,290,226,167,175
ENSMUSG00000005410,Mcm5,5671,6165,5554,5517,6264,2980,6135,6438,6229,5148,6304,5938
ENSMUSG00000110693,Gm45899,0,0,0,0,0,0,0,0,0,0,0,0
ENSMUSG00000110640,Gm45903,0,0,0,0,0,4,0,0,0,0,0,0
ENSMUSG00000034472,Rasd2,9,4,7,13,4,3,9,4,16,6,6,5
ENSMUSG00000110515,Gm9644,0,6,2,2,4,0,0,1,1,0,2,2
ENSMUSG00000110432,Gm45907,0,0,0,0,0,0,0,0,0,0,0,0
ENSMUSG00000110543,Umpk-ps,0,0,0,0,0,0,0,0,0,0,0,0
ENSMUSG00000049891,Gm7984,3,13,10,11,8,3,17,16,4,6,14,9
ENSMUSG00000110668,Gm19885,0,0,0,0,0,0,0,0,0,0,0,0
ENSMUSG00000110469,Gm10358,2,1,0,1,1,0,2,1,2,1,0,2
ENSMUSG00000031620,Iqcm,0,0,0,0,0,0,0,0,0,0,0,0
ENSMUSG00000103054,Gm38270,0,0,0,0,0,0,0,0,0,0,0,0
ENSMUSG00000101431,Gm7901,11,15,21,31,19,2,18,18,13,6,22,13
ENSMUSG00000110485,Gm45740,0,0,0,0,0,1,0,0,0,0,0,0
ENSMUSG00000110603,Gm45741,0,0,0,0,0,0,0,0,0,0,0,0
ENSMUSG00000077537,Gm22544,0,0,0,0,0,0,0,0,0,0,0,0
ENSMUSG00000110553,Gm45742,0,0,0,0,0,0,0,0,0,0,0,0
ENSMUSG00000119876,#N/A,0,0,0,0,0,0,0,0,0,0,0,0
ENSMUSG00000110655,Gm45798,0,0,0,0,0,0,0,0,0,0,0,0
ENSMUSG00000098215,Gm7069,26,28,24,28,18,5,20,18,27,19,11,15
ENSMUSG00000110595,Gm7990,1,0,2,1,0,0,1,0,0,0,2,1
ENSMUSG00000074235,Gm10649,0,0,0,0,0,0,0,0,0,0,0,0
ENSMUSG00002075326,#N/A,0,0,0,0,0,0,0,0,0,0,0,0
ENSMUSG00000036550,Cnot1,7378,7499,6420,6138,6619,4344,4220,6764,6577,6447,6259,5788
ENSMUSG00000065089,Gm26493,4,2,1,3,1,0,0,2,1,2,3,1
ENSMUSG00000106145,Mir7073,0,0,0,0,0,0,0,0,0,0,0,1
ENSMUSG00000065211,Gm26265,0,0,0,0,0,0,0,0,0,0,0,0
ENSMUSG00000105690,Gm26265,0,0,0,0,0,0,0,0,0,0,0,0
ENSMUSG00000110556,Gm45762,4,2,3,3,4,0,2,5,2,8,2,5
ENSMUSG00000074136,4930513N10Rik,41,45,30,29,47,14,31,19,31,35,45,33
ENSMUSG00000110489,Gm31659,0,0,0,0,0,2,0,0,0,0,0,0
ENSMUSG00000061104,Sap18b,54,17,28,33,28,40,30,38,49,36,39,49
ENSMUSG00000110661,Gm31805,0,0,1,1,2,4,3,1,0,0,2,1
ENSMUSG00000036534,Slc38a7,217,252,186,253,220,103,198,222,228,213,239,194
ENSMUSG00000031672,Got2,1495,1687,1256,1365,1472,599,1257,1456,1432,1270,1258,1257
ENSMUSG00000110711,Gm45760,0,0,0,4,0,1,1,0,0,2,0,1
ENSMUSG00000110634,Gm45895,0,0,0,0,0,0,0,0,0,0,0,0
ENSMUSG00000110506,Gm8637,0,0,0,0,0,0,0,0,0,0,0,0
ENSMUSG00000110623,Gm32005,0,0,0,0,0,0,0,0,0,0,0,0
ENSMUSG00000118719,#N/A,0,0,0,0,0,0,0,0,0,0,0,0
ENSMUSG00000110633,Gm32122,0,0,0,0,0,0,0,0,0,0,0,0
ENSMUSG00000110717,1700047G07Rik,0,0,0,0,0,0,0,0,0,0,0,0
ENSMUSG00002076880,#N/A,0,0,0,0,0,0,0,0,0,0,0,0
ENSMUSG00000110567,Gm45703,0,0,0,0,0,0,0,0,0,0,0,0
ENSMUSG00000110715,Gm5131,1,1,1,0,1,0,1,0,0,1,0,0
ENSMUSG00000110552,Gm45788,0,0,0,0,0,1,0,0,0,0,0,0
ENSMUSG00000089539,Gm25160,0,0,0,0,0,0,0,0,0,0,0,0
ENSMUSG00002076357,#N/A,0,0,0,0,0,0,0,0,0,0,0,0
ENSMUSG00000109937,Gm45247,0,0,0,0,0,0,0,0,0,0,0,0
ENSMUSG00000081111,Gm5913,18,46,18,28,25,3,24,29,23,24,17,17
ENSMUSG00000098116,Gm7191,1,3,3,3,2,0,3,5,5,1,2,2
ENSMUSG00000109615,Gm39231,0,0,0,0,0,0,0,0,0,0,0,0
ENSMUSG00000109645,Gm45246,4,3,1,1,4,1,2,5,3,2,3,1
ENSMUSG00000109681,Gm17997,0,0,0,0,0,0,0,0,0,0,0,0
ENSMUSG00000110194,Gm7192,0,0,0,0,0,0,0,0,1,0,0,0
ENSMUSG00000080480,Gm23494,0,0,0,0,0,0,0,0,0,0,0,0
ENSMUSG00000110011,Gm29817,0,0,0,0,0,0,0,0,0,0,0,0
ENSMUSG00000089819,Gm15679,0,0,0,0,0,0,0,0,0,0,0,0
ENSMUSG00000062991,Nrg1,51,52,62,68,47,39,26,34,63,51,11,13
ENSMUSG00000118541,AC132407.1,0,0,0,0,0,0,0,0,0,0,0,0
ENSMUSG00000089370,Gm22140,0,0,0,0,0,0,0,0,0,0,0,0
ENSMUSG00000079070,Gm3985,0,0,0,0,0,0,0,0,0,0,0,0
ENSMUSG00000110214,Gm45587,0,0,0,0,0,0,0,0,0,0,0,0
ENSMUSG00000083557,Gm6877,0,0,0,1,1,1,0,1,1,0,0,2
ENSMUSG00000036510,Cdh8,0,0,0,0,0,2,0,0,0,0,0,0
ENSMUSG00000109775,Gm45297,0,0,0,0,0,0,0,0,0,0,0,0
ENSMUSG00000119307,#N/A,0,0,0,0,0,0,0,1,0,0,0,0
ENSMUSG00000086842,Gm15681,0,0,0,0,1,0,0,0,0,1,0,0
ENSMUSG00000090116,Gm15680,0,0,0,0,0,0,0,0,0,0,0,0
ENSMUSG00000052479,A330008L17Rik,0,0,0,0,0,0,0,0,0,0,0,0
ENSMUSG00000083586,Gm8688,0,0,0,0,0,0,0,0,0,0,0,0
ENSMUSG00000109939,Gm19232,0,0,0,0,0,0,0,0,0,0,0,0
ENSMUSG00000071041,Impdh2-ps,48,47,39,35,39,16,39,40,58,47,50,59
ENSMUSG00000081383,Gm5742,0,0,0,0,0,1,0,0,0,0,0,0
ENSMUSG00000110220,Gm45296,0,0,0,0,0,0,0,0,0,0,1,0
ENSMUSG00000110014,Gm5361,0,0,0,0,0,0,0,0,0,0,0,0
ENSMUSG00000109769,Gm39232,0,0,0,0,0,0,0,0,0,0,0,0
ENSMUSG00000087985,Gm22223,0,0,0,0,0,0,0,0,0,0,0,0
ENSMUSG00002076868,#N/A,0,0,0,0,0,0,0,0,0,0,0,0
ENSMUSG00000110069,Gm45422,0,2,0,0,2,2,1,0,1,0,0,2
ENSMUSG00000031673,Cdh11,20,10,7,8,12,4,4,7,10,12,14,8
ENSMUSG00000110084,Gm45257,0,0,0,0,0,0,0,0,0,0,0,0
ENSMUSG00000109997,9430099M06Rik,0,0,0,0,0,0,0,0,0,0,0,0
ENSMUSG00000031583,Wrn,416,514,351,341,374,368,297,454,359,364,468,388
ENSMUSG00002074971,#N/A,0,0,0,0,0,0,0,0,0,0,0,0
ENSMUSG00000110269,Gm45258,0,0,0,0,0,1,0,0,0,0,0,0
ENSMUSG00000063696,Gm8730,17,22,8,19,15,3,13,13,19,23,14,15
ENSMUSG00000109848,Gm45391,0,0,0,0,0,0,0,0,0,0,0,0
ENSMUSG00000109701,Gm32531,0,0,0,0,0,0,0,0,0,0,0,0
ENSMUSG00000110340,1600027J07Rik,0,0,0,0,0,0,0,0,0,0,0,0
ENSMUSG00000109699,Gm45277,0,0,0,0,0,0,0,0,0,0,0,0
ENSMUSG00000110336,4933400L20Rik,0,0,0,0,0,0,0,0,0,0,0,0
ENSMUSG00000049184,Purg,24,22,23,21,34,14,23,20,20,24,28,42
ENSMUSG00000110019,Gm8748,0,0,0,0,1,0,0,0,0,0,0,0
ENSMUSG00000109750,Hmgb1-rs17,2,1,3,5,2,5,5,0,3,1,0,2
ENSMUSG00000110053,Gm29682,0,0,0,0,0,0,0,0,0,0,0,0
ENSMUSG00000009628,Tex15,801,894,779,809,715,823,374,715,730,971,892,715
ENSMUSG00000031871,Cdh5,0,0,0,0,0,0,0,0,0,0,1,0
ENSMUSG00000109909,Gm45663,0,0,1,1,0,0,2,0,0,0,0,0
ENSMUSG00000009630,Ppp2cb,2652,3035,2260,2327,2409,1256,2356,2566,2824,2414,2177,2171
ENSMUSG00000052906,Ubxn8,855,830,666,716,712,441,661,811,876,763,699,590
ENSMUSG00000031872,Bean1,1,0,0,2,2,2,1,1,0,0,0,0
ENSMUSG00000074128,Gm10631,0,0,0,0,0,0,0,0,0,0,0,0
ENSMUSG00000031584,Gsr,1527,1687,1393,1374,1281,817,1399,1637,1421,1362,1605,1372
ENSMUSG00000110674,Gm45892,0,0,0,0,0,0,0,0,0,0,0,0
ENSMUSG00000110638,Gm45887,0,0,0,0,0,0,0,0,0,0,0,0
ENSMUSG00000110551,Gm45750,0,0,0,0,0,0,0,0,0,0,0,0
ENSMUSG00000119577,#N/A,3,2,0,0,0,5,1,1,0,0,3,1
ENSMUSG00000049476,1700104B16Rik,0,0,0,0,0,0,0,0,0,0,0,0
ENSMUSG00000025812,Pard3,10,11,1,9,13,15,9,10,5,9,3,10
ENSMUSG00000031585,Gtf2e2,771,893,767,746,1001,670,780,759,818,730,943,830
ENSMUSG00000094500,Smim18,0,0,0,0,0,0,0,0,0,0,0,0
ENSMUSG00000090074,Gm6921,3,0,0,1,0,0,0,0,0,1,0,0
ENSMUSG00002075056,#N/A,0,0,0,0,0,0,0,0,0,0,0,0
ENSMUSG00000099326,Mir21c,0,0,0,0,0,0,0,0,0,0,0,0
ENSMUSG00000035824,Tk2,212,250,172,186,229,92,185,246,225,219,234,210
ENSMUSG00000025810,Nrp1,1882,2247,1502,1727,1008,569,1022,1486,1383,1312,829,748
ENSMUSG00000084523,Mir1903,0,0,0,0,0,0,0,0,0,0,0,0
ENSMUSG00000110562,Gm9204,28,58,55,51,44,13,62,74,43,42,38,20
ENSMUSG00000118782,#N/A,0,0,0,0,0,0,0,0,0,0,0,0
ENSMUSG00000110654,Gm45746,0,1,0,0,0,2,3,1,0,1,1,0
ENSMUSG00000025809,Itgb1,8334,9307,7978,8073,8580,6998,6889,9056,8591,7985,8375,7246
ENSMUSG00000054400,Cklf,221,217,203,220,286,202,212,278,216,207,220,215
ENSMUSG00000074127,Cmtm2a,0,0,2,1,1,0,0,0,0,0,0,0
ENSMUSG00000031876,Gm45711,0,0,0,0,0,0,0,0,0,0,0,0
ENSMUSG00000110430,Cmtm1,0,0,0,0,0,0,0,1,0,0,0,0
ENSMUSG00000110642,Gm45710,0,0,0,0,0,0,0,0,0,0,0,0
ENSMUSG00000078953,Gm11020,0,0,0,0,0,0,0,0,0,0,0,0
ENSMUSG00000035785,Cmtm2b,0,0,0,0,0,0,0,0,0,0,0,0
ENSMUSG00000110600,Gm45878,0,0,0,0,0,0,0,0,0,0,0,0
ENSMUSG00000031586,Rbpms,5,4,0,1,5,7,2,0,1,5,3,1
ENSMUSG00000025808,Ccdc7a,0,0,0,0,0,3,0,0,0,0,0,0
ENSMUSG00000097442,Gm26632,0,0,0,0,0,0,0,0,0,0,0,0
ENSMUSG00000098166,Gm26978,0,0,0,0,0,0,0,0,0,0,0,0
ENSMUSG00000110614,Gm45817,0,0,0,0,0,0,0,0,0,0,0,0
ENSMUSG00000110663,Gm39157,0,0,0,0,0,0,0,0,0,0,0,0
ENSMUSG00000054618,Gm9951,0,0,0,0,0,0,0,0,0,0,1,0
ENSMUSG00000102141,Gm3952,0,0,0,0,0,0,0,0,0,0,0,0
ENSMUSG00000087870,Gm26100,0,0,0,0,0,0,0,0,0,0,0,0
ENSMUSG00000077538,Gm22545,0,0,0,0,0,0,0,0,0,0,0,0
ENSMUSG00000031875,Cmtm3,179,189,122,135,131,61,106,100,176,167,175,165
ENSMUSG00000096188,Cmtm4,591,629,516,488,560,218,472,604,579,543,518,502
ENSMUSG00000110486,Gm45877,0,2,3,0,1,3,0,1,0,1,1,0
ENSMUSG00000031516,Dctn6,491,504,369,461,414,259,491,520,472,417,435,411
ENSMUSG00000056018,Ccdc7b,0,0,0,0,0,0,0,0,0,0,0,0
ENSMUSG00000063412,Gm10131,0,2,1,5,1,8,2,4,0,0,4,3
ENSMUSG00000071113,Mboat4,6,2,2,4,0,4,5,3,7,2,3,0
ENSMUSG00000119884,#N/A,0,0,0,0,0,0,0,0,0,0,0,0
ENSMUSG00000109869,Gm39158,0,0,0,0,0,0,0,0,0,0,0,0
ENSMUSG00000078840,Gm10999,0,0,0,0,0,0,0,0,0,0,0,0
ENSMUSG00000031513,Leprotl1,1600,1921,1531,1535,1350,753,1454,1425,1472,1414,1341,1191
ENSMUSG00000110247,Gm45269,0,0,0,1,0,2,1,0,0,0,0,0
ENSMUSG00000071302,2610044O15Rik8,136,174,107,135,168,185,105,153,120,141,176,191
ENSMUSG00000035770,Dync1li2,1079,1118,892,898,905,611,749,915,1027,948,918,845
ENSMUSG00000094530,Gm21399,0,3,2,4,2,1,1,2,1,0,2,0
ENSMUSG00000110605,Gm32856,182,174,154,152,230,147,108,160,137,152,206,213
ENSMUSG00000110689,Gm45731,0,0,0,0,0,2,0,0,0,0,0,0
ENSMUSG00000110630,K230015D01Rik,7,2,4,0,4,2,8,3,6,2,6,2
ENSMUSG00000031532,Saraf,1222,1495,1008,1134,862,285,1041,982,1143,961,896,990
ENSMUSG00000098785,Mir6395,0,0,0,0,0,0,0,0,0,0,0,0
ENSMUSG00000100605,Gm29243,4,3,3,6,6,2,5,7,23,4,5,4
ENSMUSG00002075785,#N/A,0,0,0,0,0,0,0,0,0,0,0,0
ENSMUSG00000095202,Gm6100,0,0,0,0,0,0,0,0,0,0,0,0
ENSMUSG00000098046,Gm8254,15,13,5,15,11,0,11,17,17,7,9,7
ENSMUSG00000056797,Gm4889,0,0,1,0,1,0,1,0,1,1,1,1
ENSMUSG00000109964,Gm45350,0,0,0,0,0,0,0,0,0,0,0,0
ENSMUSG00000110178,Gm33831,0,0,0,0,0,0,0,0,0,0,0,0
ENSMUSG00000110369,Gm45349,0,0,0,0,0,0,0,0,0,0,0,0
ENSMUSG00000109580,Gm8268,0,0,0,1,1,1,0,0,0,0,0,0
ENSMUSG00000110015,Gm33968,0,1,1,0,0,0,1,0,0,1,0,0
ENSMUSG00000109819,B930018H19Rik,3,3,2,1,5,1,3,1,1,1,1,1
ENSMUSG00000109880,Gm34096,0,0,0,1,0,0,0,0,1,0,0,0
ENSMUSG00000109846,Gm45627,0,2,0,2,3,5,0,0,0,6,1,1
ENSMUSG00000031530,Dusp4,10325,11285,8388,8675,8806,4165,4422,6433,9292,8737,7528,7574
ENSMUSG00000052616,Terb1,5,3,2,3,4,3,1,3,2,0,3,3
ENSMUSG00000077633,Gm22148,0,0,0,0,0,0,0,0,0,0,0,0
ENSMUSG00000031529,Tnks,1251,1380,1155,1074,998,513,767,1058,1072,1047,901,910
ENSMUSG00000054247,Gm9939,3,5,0,3,4,2,2,5,6,3,1,6
ENSMUSG00000109717,Gm34368,0,0,0,0,0,0,0,0,0,0,0,0
ENSMUSG00000110361,Gm8291,0,0,0,0,0,0,0,0,0,0,0,0
ENSMUSG00000110130,Gm34419,0,0,0,0,0,0,0,0,0,0,0,0
ENSMUSG00000097106,Rpl31-ps23,0,0,0,0,0,0,0,0,0,0,0,0
ENSMUSG00000109678,Gm45626,0,0,0,1,0,0,0,0,0,0,0,0
ENSMUSG00000110314,Gm45625,0,0,0,0,0,0,0,0,0,0,0,1
ENSMUSG00000109773,Gm34474,0,0,0,0,0,1,0,0,0,0,0,0
ENSMUSG00000109607,Gm34533,0,0,0,0,0,0,0,0,0,0,0,0
ENSMUSG00000109688,Gm34597,0,0,0,0,0,2,0,0,1,0,0,0
ENSMUSG00000109698,Gm45469,0,0,0,0,0,0,1,0,0,0,0,0
ENSMUSG00000046794,Ppp1r3b,156,164,110,137,106,72,80,112,117,128,157,122
ENSMUSG00000110384,Gm45301,0,0,0,0,0,0,1,0,0,0,0,0
ENSMUSG00000110367,Gm34853,0,0,0,0,0,0,0,0,0,0,0,0
ENSMUSG00000031527,Eri1,1781,1983,1791,1757,1921,1320,1691,2105,1789,1676,1888,1712
ENSMUSG00000097357,Gm16793,52,82,74,61,33,25,36,43,44,56,28,24
ENSMUSG00000070056,Mfhas1,3206,3653,2792,3042,1396,570,2181,3107,2483,2439,1314,1294
ENSMUSG00000110335,1700015I17Rik,0,0,0,0,0,3,0,0,0,0,0,0
ENSMUSG00000109714,Gm35021,0,0,0,0,0,0,0,0,0,0,0,0
ENSMUSG00002075505,#N/A,0,0,0,0,0,0,0,0,0,0,0,0
ENSMUSG00002075958,#N/A,0,0,0,0,0,0,0,0,0,0,0,0
ENSMUSG00000109372,Gm19410,0,0,0,0,0,0,0,0,0,0,0,0
ENSMUSG00000110359,Gm45566,0,0,0,0,0,0,0,0,0,0,0,0
ENSMUSG00000031878,Nae1,777,887,723,654,792,741,736,745,804,757,847,854
ENSMUSG00000055976,Cldn23,0,2,0,0,0,0,0,0,0,0,0,1
ENSMUSG00000109761,5430403N17Rik,0,0,0,0,0,0,0,0,0,0,0,0
ENSMUSG00002075152,#N/A,0,0,0,0,0,0,0,0,0,0,0,0
ENSMUSG00000098181,Rps12-ps24,1,1,0,0,0,4,2,0,1,0,0,2
ENSMUSG00000050271,Prag1,1504,1562,1291,1290,641,343,875,1153,1055,1021,623,675
ENSMUSG00000109704,Gm38414,5,0,3,2,5,2,4,2,0,3,3,0
ENSMUSG00000110321,Gm39164,0,0,0,0,0,0,0,0,0,0,0,0
ENSMUSG00000110116,4933430A20Rik,0,1,0,1,0,0,0,0,0,0,0,0
ENSMUSG00000110176,Gm35520,17,19,19,14,9,4,4,10,13,10,1,5
ENSMUSG00000031883,Car7,4,7,7,3,3,5,9,8,6,2,10,5
ENSMUSG00000110607,Gm45843,0,0,0,0,1,6,1,0,0,0,0,0
ENSMUSG00000048371,Pdp2,945,962,839,929,808,457,660,916,928,853,848,725
ENSMUSG00000039633,Lonrf1,300,318,248,292,235,152,208,231,253,241,232,175
ENSMUSG00000098154,Gm5787,5,12,9,10,6,1,13,8,4,1,3,4
ENSMUSG00000088051,Gm26150,0,0,0,0,0,0,0,0,0,0,0,0
ENSMUSG00000109977,Gm19140,0,0,0,0,0,0,0,0,0,0,0,0
ENSMUSG00000039620,Trmt9b,0,0,0,0,0,0,0,0,0,0,0,0
ENSMUSG00000031881,Cdh16,1,1,0,0,0,0,0,0,0,0,0,0
ENSMUSG00000031880,Rrad,802,927,745,869,546,239,578,647,804,692,427,410
ENSMUSG00000110652,Gm33023,7,4,6,2,5,3,4,2,4,5,5,3
ENSMUSG00000031523,Dlc1,51,58,35,41,24,22,21,34,31,24,35,29
ENSMUSG00000031879,Ciao2b,610,708,564,622,719,385,677,690,662,562,711,626
ENSMUSG00000110242,G630064G18Rik,0,0,0,0,0,4,0,0,0,0,0,0
ENSMUSG00000074384,AI429214,3,7,6,8,3,3,6,2,5,3,3,1
ENSMUSG00000023737,1700082M22Rik,0,3,0,0,3,1,1,0,0,0,1,1
ENSMUSG00000110158,Gm45690,0,0,0,0,0,0,0,0,0,0,0,0
ENSMUSG00000109817,Gm10683,0,0,0,0,0,0,0,0,0,0,0,0
ENSMUSG00000109668,Gm8342,0,0,0,0,0,0,0,0,0,0,0,0
ENSMUSG00000110285,Gm45524,0,0,0,0,0,0,0,0,0,0,0,0
ENSMUSG00000110337,Gm3433,0,0,0,0,0,0,0,0,0,0,0,0
ENSMUSG00000110568,Gm7208,0,0,0,0,0,0,0,0,0,0,0,0
ENSMUSG00000109932,Gm7319,0,0,0,0,0,0,0,0,0,0,0,0
ENSMUSG00000109646,Gm45523,0,0,0,0,0,0,0,0,0,0,0,0
ENSMUSG00000109795,Gm45522,0,0,0,0,0,0,0,0,0,0,0,0
ENSMUSG00000065277,Gm25126,0,0,0,0,0,0,0,0,0,0,0,0
ENSMUSG00000110557,Gm5159,0,0,0,0,0,0,0,0,0,0,0,0
ENSMUSG00000110312,Gm45368,0,0,0,0,0,0,0,0,0,0,0,0
ENSMUSG00002075956,#N/A,0,0,0,0,0,0,0,0,0,0,0,0
ENSMUSG00000110415,Gm6203,4,7,4,5,6,0,7,2,2,3,3,6
ENSMUSG00000118580,AC156564.1,0,0,0,0,0,0,0,0,0,0,0,0
ENSMUSG00000109820,Gm45654,0,0,0,0,0,0,1,0,0,0,0,0
ENSMUSG00000110497,9230110F11Rik,0,0,0,0,0,1,0,0,0,0,0,0
ENSMUSG00000039539,Sgcz,0,0,0,0,0,0,0,0,0,0,0,0
ENSMUSG00000081316,Gm16205,3,0,1,1,1,1,1,2,1,2,0,0
ENSMUSG00000081517,Gm16204,0,0,0,0,0,0,0,0,0,0,0,0
ENSMUSG00000065457,Mir383,0,0,0,0,0,0,0,0,0,0,0,0
ENSMUSG00000110236,Gm40493,0,0,0,0,0,0,0,0,0,0,0,0
ENSMUSG00000055730,Ces2a,0,0,0,0,0,0,0,0,0,0,0,0
ENSMUSG00000110639,Gm6831,0,0,0,0,0,0,0,0,1,0,0,0
ENSMUSG00000110118,Gm5609,0,0,0,0,0,0,0,0,0,0,0,0
ENSMUSG00000110694,Gm45782,0,0,0,0,0,0,0,0,0,0,0,0
ENSMUSG00000069925,4932416K20Rik,0,0,0,0,0,0,0,0,0,0,0,0
ENSMUSG00000050097,Ces2b,0,0,0,0,0,0,0,0,0,0,0,0
ENSMUSG00000089748,Matr3-ps2,1,0,0,3,2,0,0,0,0,1,0,1
ENSMUSG00000025044,Msr1,0,0,0,0,0,0,0,0,0,0,0,0
ENSMUSG00000109789,Gm2033,1,0,0,0,0,0,0,0,0,0,0,0
ENSMUSG00000109815,Gm7082,0,0,0,0,0,0,0,0,0,0,0,0
ENSMUSG00000061825,Ces2c,1,1,1,0,0,0,0,0,2,0,1,0
ENSMUSG00000031603,Fgf20,0,0,0,0,1,0,1,0,1,1,1,1
ENSMUSG00000031884,Ces2d-ps,0,0,0,0,0,0,0,0,0,0,0,0
ENSMUSG00000110597,Gm8798,0,0,0,0,1,2,0,0,0,0,0,0
ENSMUSG00000039478,Micu3,355,344,303,314,263,310,213,290,316,327,285,313
ENSMUSG00000098431,Mir7666,0,0,0,2,0,0,0,0,0,0,0,0
ENSMUSG00000031886,Ces2e,0,1,0,0,0,0,0,0,0,0,0,0
ENSMUSG00000118611,AC166833.1,0,0,0,0,0,0,0,0,0,0,0,0
ENSMUSG00000039470,Zdhhc2,708,681,679,684,597,432,652,699,695,580,443,455
ENSMUSG00000062826,Ces2f,0,0,0,0,0,0,0,0,0,0,0,0
ENSMUSG00000031877,Ces2g,0,0,0,0,0,1,0,1,0,0,0,0
ENSMUSG00000110479,Gm5743,0,0,0,0,0,0,0,0,0,0,0,0
ENSMUSG00000091813,Ces2h,0,0,0,0,0,0,0,0,0,0,0,0
ENSMUSG00000110549,Gm45725,0,0,0,0,0,0,1,0,0,0,0,0
ENSMUSG00000031601,Cnot7,1959,1950,1673,1617,1785,1600,1515,1852,1872,1757,1836,1729
ENSMUSG00000069922,Ces3a,0,0,0,0,0,0,0,0,0,0,0,0
ENSMUSG00000031600,Vps37a,2213,2259,1714,1708,1754,1608,1370,1669,1843,1904,1743,1665
ENSMUSG00000110488,Gm45724,0,0,0,0,0,0,0,0,0,0,0,1
ENSMUSG00000062181,Ces3b,0,0,0,0,0,0,0,0,0,0,0,0
ENSMUSG00000110502,Gm8804,0,0,1,0,0,0,0,0,0,1,0,1
ENSMUSG00000060560,Ces4a,0,0,0,0,0,0,0,0,0,0,0,0
ENSMUSG00000099465,Gm3830,0,1,0,0,1,0,0,0,0,0,1,0
ENSMUSG00000039431,Mtmr7,104,143,87,110,103,35,68,101,107,99,60,41
ENSMUSG00000046723,Adam24,0,0,0,0,0,0,0,0,0,0,0,0
ENSMUSG00000109658,Gm45660,0,0,0,0,0,1,0,0,0,0,0,0
ENSMUSG00000110315,Gm8423,2,1,3,2,1,1,1,3,0,2,4,2
ENSMUSG00000110228,Gm2080,0,0,0,0,0,0,0,0,0,0,0,0
ENSMUSG00000110370,Gm5749,0,0,0,0,0,0,1,0,0,0,0,0
ENSMUSG00000071937,Adam25,0,0,0,0,0,0,0,0,0,0,0,0
ENSMUSG00000110032,Gm8436,0,2,1,2,1,2,1,1,0,0,2,1
ENSMUSG00000046282,Adam20,0,0,0,0,0,0,0,0,0,0,0,0
ENSMUSG00000054033,Adam39,0,0,0,0,0,0,0,0,0,0,0,0
ENSMUSG00000098050,Gm5345,7,3,5,8,3,1,9,7,5,3,4,5
ENSMUSG00000031885,Cbfb,5652,5757,4951,4612,4635,3645,4731,5531,5881,5367,5444,5262
ENSMUSG00000119598,#N/A,1,0,2,0,0,2,0,1,0,0,0,3
ENSMUSG00000084711,Gm24629,4,4,4,6,0,2,0,2,2,0,1,4
ENSMUSG00000031596,Slc7a2,9,6,12,5,7,13,5,1,3,3,3,5
ENSMUSG00000031595,Pdgfrl,11,4,9,6,5,3,2,3,4,5,1,2
ENSMUSG00000031889,D230025D16Rik,511,532,426,438,415,252,401,460,454,377,398,349
ENSMUSG00000069920,B3gnt9,55,52,32,54,31,18,34,27,53,42,34,24
ENSMUSG00000031887,Tradd,389,471,310,336,374,158,318,303,416,346,358,352
ENSMUSG00000033313,Fbxl8,50,64,46,43,72,30,50,46,59,44,67,60
ENSMUSG00000045636,Mtus1,0,0,0,0,4,1,1,1,1,1,3,1
ENSMUSG00000084960,B430010I23Rik,0,0,0,0,0,0,0,0,0,0,0,0
ENSMUSG00000086773,Gm16192,0,0,0,0,0,0,0,0,0,0,0,0
ENSMUSG00000085672,Gm16193,0,0,0,0,0,0,0,0,0,0,0,0
ENSMUSG00000031594,Fgl1,1,0,0,0,2,5,1,0,0,0,0,0
ENSMUSG00000085445,Gm16348,0,0,0,0,0,1,0,0,0,0,0,0
ENSMUSG00000033249,Hsf4,9,16,17,9,8,4,11,12,8,15,8,21
ENSMUSG00000014776,Nol3,3,4,2,4,2,0,3,5,1,1,4,2
ENSMUSG00000014837,4931428F04Rik,94,63,65,51,51,34,44,42,44,47,44,44
ENSMUSG00000110611,Gm20163,16,10,7,14,10,1,7,11,11,11,16,11
ENSMUSG00000043251,Exoc3l,25,27,20,13,30,13,18,12,19,11,10,22
ENSMUSG00000014859,E2f4,6029,6196,4897,5038,4898,2860,4618,5144,5660,5027,5311,4866
ENSMUSG00000014791,Elmo3,179,170,170,145,155,53,158,159,133,139,174,168
ENSMUSG00002076683,#N/A,0,1,0,1,0,0,0,1,0,0,1,0
ENSMUSG00000070130,Mir328,0,0,0,0,0,0,0,0,0,0,0,0
ENSMUSG00000041679,Lrrc29,21,28,29,21,20,6,12,20,22,22,11,8
ENSMUSG00000014856,Tmem208,515,589,500,497,684,210,507,470,604,469,579,547
ENSMUSG00000014778,Fhod1,848,995,676,736,546,181,600,644,705,667,556,481
ENSMUSG00000014786,Slc9a5,494,570,487,517,478,191,363,497,397,419,528,479
ENSMUSG00000014782,Plekhg4,62,64,71,63,62,21,40,68,56,45,64,64
ENSMUSG00000051648,Kctd19,0,0,0,0,0,0,0,0,0,0,0,0
ENSMUSG00000054320,Lrrc36,0,0,0,0,0,0,0,0,0,0,0,0
ENSMUSG00000014846,Tppp3,7,9,13,5,4,6,6,7,2,6,5,11
ENSMUSG00000039199,Zdhhc1,117,126,99,99,121,44,88,99,93,91,132,132
ENSMUSG00000110608,Gm8838,0,0,0,0,0,0,0,0,0,0,1,0
ENSMUSG00000031891,Hsd11b2,1,0,1,0,2,1,0,1,0,3,0,1
ENSMUSG00000013160,Atp6v0d1,516,551,345,397,394,167,442,419,464,398,444,376
ENSMUSG00000003573,Homer3,98,95,74,58,95,28,66,84,96,73,112,115
ENSMUSG00000057788,Ddx49,2175,2583,1884,2061,1981,826,1828,1927,2213,1964,1773,1631
ENSMUSG00000055681,Cope,1835,2224,1653,1818,1792,741,1884,1887,1864,1566,1680,1583
ENSMUSG00000087408,Cers1,0,0,0,0,0,0,0,0,0,0,0,0
ENSMUSG00000109523,Gdf1,0,0,0,0,0,0,0,0,0,0,0,0
ENSMUSG00000058301,Upf1,5679,5981,4680,4633,4706,2249,3801,4765,5140,4846,4701,4639
ENSMUSG00000031849,Comp,5,13,5,6,5,5,7,5,11,10,9,5
ENSMUSG00000003575,Crtc1,867,949,706,663,704,327,509,769,788,748,787,719
ENSMUSG00000055707,Klhl26,222,236,179,231,181,83,185,182,209,210,174,177
ENSMUSG00000035964,Tmem59l,0,1,0,1,3,0,1,1,2,0,1,1
ENSMUSG00000110052,1700020G03Rik,0,0,0,0,0,0,0,0,0,0,0,0
ENSMUSG00000007888,Crlf1,1,1,0,0,0,0,0,0,0,1,0,0
ENSMUSG00000058833,Rex1bd,413,534,376,418,491,257,495,459,526,415,457,389
ENSMUSG00000090137,Uba52,330,262,191,236,267,47,234,190,360,305,206,291
ENSMUSG00000055553,Kxd1,865,916,742,759,909,454,777,761,919,824,938,833
ENSMUSG00000019428,Fkbp8,2642,2852,2211,2366,2697,802,2248,2481,2698,2355,2597,2425
ENSMUSG00000070002,Ell,762,870,654,668,589,375,512,710,727,690,576,598
ENSMUSG00000019139,Isyna1,2661,2830,1848,1968,2242,991,1958,1956,2708,2338,2342,2266
ENSMUSG00000070003,Ssbp4,4897,5449,3809,4124,3891,1053,3601,3729,5011,4492,3512,3642
ENSMUSG00000110030,Gm45546,2,8,2,4,2,4,2,2,3,3,3,2
ENSMUSG00000049988,Lrrc25,0,1,0,1,0,0,0,0,0,1,0,1
ENSMUSG00000038508,Gdf15,0,1,1,0,1,0,0,0,0,2,0,2
ENSMUSG00000056204,Pgpep1,224,236,112,153,124,63,139,151,148,135,159,117
ENSMUSG00000031848,Lsm4,1531,1704,1515,1559,1692,949,1702,1785,1728,1532,1468,1506
ENSMUSG00000080058,Gm11175,153,97,78,67,97,52,122,83,206,140,71,133
ENSMUSG00000110622,Iqcn,2,1,2,0,4,1,2,6,3,2,2,1
ENSMUSG00000095026,Gm3336,4,0,0,1,0,0,0,0,0,0,0,0
ENSMUSG00000031842,Pde4c,116,143,84,70,92,45,56,74,114,106,113,124
ENSMUSG00000035559,Mpv17l2,280,304,233,249,268,123,291,266,310,247,289,239
ENSMUSG00000110575,6330537M06Rik,6,8,12,7,14,3,13,10,8,10,14,15
ENSMUSG00000031834,Pik3r2,165,166,107,93,190,58,96,128,159,117,232,245
ENSMUSG00000100691,2010320M18Rik,47,51,37,54,46,20,47,38,64,43,49,44
ENSMUSG00000031833,Mast3,2373,2445,1861,1812,1773,796,1457,1990,2035,2035,1886,1768
ENSMUSG00000099031,Mir7240,0,0,0,0,0,0,0,0,0,0,0,0
ENSMUSG00000000791,Il12rb1,3545,3824,2818,2892,1486,408,2680,3331,2792,2505,1539,1616
ENSMUSG00000002910,Arrdc2,180,202,154,206,204,85,172,185,195,176,146,166
ENSMUSG00000002908,Kcnn1,4,3,9,9,11,2,2,10,4,1,9,2
ENSMUSG00000020887,A230052G05Rik,0,1,0,0,0,2,0,1,1,1,0,0
ENSMUSG00000007721,Ccdc124,1367,1551,1133,1343,1439,1242,1271,1413,1486,1228,1477,1384
ENSMUSG00000000792,Slc5a5,4,1,4,1,3,7,2,1,2,1,2,8
ENSMUSG00000045128,Rpl18a,3528,5328,3649,4093,3838,774,3711,3194,4137,3770,2754,2918
ENSMUSG00000098710,Mir7067,0,0,0,0,0,0,0,0,0,0,0,0
ENSMUSG00000077563,Snora68,0,0,0,0,0,0,0,0,0,0,0,0
ENSMUSG00000019261,Map1s,2127,2261,1669,1679,1632,707,1539,1853,1777,1734,1703,1737
ENSMUSG00000088248,Mir1969,0,0,1,1,1,0,0,2,0,1,0,0
ENSMUSG00000074252,Gm10654,26,19,15,13,4,1,8,13,12,8,4,5
ENSMUSG00000101854,1700026F02Rik,0,0,0,0,0,0,0,0,0,0,0,0
ENSMUSG00000110554,Gm35256,0,0,0,0,0,0,0,0,0,0,0,0
ENSMUSG00002074937,#N/A,0,0,0,0,0,0,0,0,0,0,0,0
ENSMUSG00000110664,Aprt-ps,0,0,0,0,0,0,0,0,0,0,0,0
ENSMUSG00000035439,Haus8,156,187,143,141,145,93,149,159,141,137,180,153
ENSMUSG00000004677,Myo9b,4767,5112,4097,4208,3646,1735,2915,4374,4142,3961,3575,3352
ENSMUSG00000002395,Use1,1395,1730,1215,1401,1226,452,1203,1215,1515,1388,1031,1128
ENSMUSG00000002396,Ocel1,198,228,186,182,179,66,177,162,215,162,176,152
ENSMUSG00000002393,Nr2f6,406,434,252,265,298,81,295,248,424,348,332,338
ENSMUSG00000034911,Ushbp1,0,2,3,2,2,4,1,2,0,1,1,1
ENSMUSG00000031820,Babam1,1129,1197,1009,1053,1172,654,1189,1257,1216,1039,1129,1023
ENSMUSG00000046295,Ankle1,127,195,177,134,390,229,209,255,171,169,312,338
ENSMUSG00000007950,Abhd8,185,226,162,149,208,54,222,211,200,170,271,267
ENSMUSG00000034880,Mrpl34,250,342,248,317,354,130,336,281,318,249,381,346
ENSMUSG00000074247,Dda1,1920,2064,1429,1524,1645,663,1561,1613,1743,1553,1559,1445
ENSMUSG00000034863,Ano8,252,261,161,141,205,86,156,164,211,199,224,211
ENSMUSG00000007610,Gtpbp3,428,468,348,342,416,135,355,361,418,364,370,363
ENSMUSG00000034845,Plvap,2,0,1,4,0,0,0,2,0,2,0,1
ENSMUSG00000108900,Ccdc194,0,1,0,0,0,0,0,0,0,0,0,0
ENSMUSG00000110619,Gm7850,0,0,0,0,0,0,0,0,0,0,0,0
ENSMUSG00000046718,Bst2,676,790,659,661,752,166,835,718,746,643,842,839
ENSMUSG00000031813,Mvb12a,402,491,356,417,511,148,502,491,422,412,476,479
ENSMUSG00000043664,Tmem221,26,32,14,17,21,7,23,19,23,25,28,27
ENSMUSG00000034829,Nxnl1,0,0,0,0,0,0,0,0,0,0,0,0
ENSMUSG00000031808,Slc27a1,53,60,46,41,36,13,37,57,70,46,80,62
ENSMUSG00000031807,Pgls,1342,1503,1201,1312,1254,404,1430,1332,1487,1340,1108,1243
ENSMUSG00000043243,Fam129c,80,82,85,70,113,52,46,56,88,80,99,100
ENSMUSG00000034807,Colgalt1,2950,3113,2457,2560,2261,1129,2267,2592,2749,2433,2178,2150
ENSMUSG00000034799,Unc13a,429,503,352,364,207,117,188,317,334,364,148,146
ENSMUSG00000098976,Mir6769b,0,0,0,0,0,0,0,0,0,0,0,0
ENSMUSG00000031805,Jak3,4017,4401,3271,3624,2963,911,2975,3850,3298,3188,3131,3228
ENSMUSG00000079019,Insl3,7,19,20,17,19,3,13,14,16,15,20,15
ENSMUSG00000031803,B3gnt3,186,190,124,129,95,62,113,148,184,138,115,115
ENSMUSG00000110438,Gm45756,3,2,2,5,3,2,1,2,1,3,1,2
ENSMUSG00000110569,Gm18860,1,0,0,1,1,0,0,0,3,1,0,1
ENSMUSG00000070000,Fcho1,1789,1893,1329,1392,1256,469,1258,1473,1500,1397,1357,1342
ENSMUSG00000110473,Gm29705,0,0,0,0,0,0,0,0,0,0,0,0
ENSMUSG00000118594,AC163680.1,0,0,0,0,0,0,0,0,0,0,0,0
ENSMUSG00002076049,#N/A,0,0,0,0,0,0,0,0,0,0,0,0
ENSMUSG00000119779,#N/A,0,0,0,0,0,0,0,0,0,0,0,0
ENSMUSG00000109922,Gm20948,0,0,0,0,0,0,0,0,0,0,0,0
ENSMUSG00000110153,Gm17766,0,0,0,0,0,0,0,0,0,0,0,0
ENSMUSG00000110128,Gm45398,0,0,0,0,0,0,0,0,0,0,0,0
ENSMUSG00000109601,Zfp148-ps1,0,0,0,0,0,0,0,0,0,0,0,0
ENSMUSG00000109827,Gm6213,0,1,0,0,0,0,0,0,0,0,0,0
ENSMUSG00000109955,Gm18644,0,0,0,0,0,0,0,0,0,0,0,0
ENSMUSG00000118664,#N/A,1206,1362,940,945,988,442,983,957,1161,1004,899,988
ENSMUSG00000036872,Abcc12,0,0,0,0,1,0,0,0,1,0,1,0
ENSMUSG00002076139,#N/A,0,0,0,0,0,0,0,0,0,0,0,0
ENSMUSG00000047866,Lonp2,1343,1540,1051,1146,823,535,799,1042,1205,1056,900,844
ENSMUSG00000082484,Gm16177,15,19,18,18,11,0,23,15,13,11,5,7
ENSMUSG00000064624,Gm22305,0,1,0,1,0,0,0,0,0,0,0,0
ENSMUSG00000036840,Siah1a,147,193,142,141,149,80,167,130,167,182,137,139
ENSMUSG00000074178,Gm10638,5,6,1,3,1,0,1,0,4,3,5,3
ENSMUSG00000031652,N4bp1,1686,1755,1239,1341,1194,833,932,1248,1423,1316,1396,1319
ENSMUSG00000098434,2010110E17Rik,0,0,0,1,1,2,0,0,0,1,1,0
ENSMUSG00000098534,Gm27167,1,0,1,0,0,0,0,0,0,0,0,0
ENSMUSG00000109706,Fth-ps3,0,0,0,0,0,0,0,0,0,1,0,0
ENSMUSG00000099162,Gm27168,1,0,0,0,0,0,0,0,0,0,0,0
ENSMUSG00000110017,Gm45237,1,0,0,0,0,0,0,0,0,0,0,0
ENSMUSG00000110399,Gm45238,0,0,0,0,0,0,0,0,0,0,0,0
ENSMUSG00000074412,Gm10689,0,0,0,0,1,0,2,0,1,1,0,1
ENSMUSG00000110063,Gm31045,0,0,0,0,0,0,0,0,0,0,0,0
ENSMUSG00000031565,Fgfr1,11,23,12,9,11,16,18,26,13,15,24,14
ENSMUSG00000086134,Gm16159,0,0,0,0,0,0,0,0,0,0,0,0
ENSMUSG00000037363,Letm2,28,39,44,36,53,53,47,56,32,44,47,48
ENSMUSG00000110038,Gm45570,1,0,0,2,3,0,1,0,0,0,0,2
ENSMUSG00000043794,D830025C05Rik,7,6,11,15,7,11,12,8,12,15,6,6
ENSMUSG00000054823,Nsd3,1760,1874,1612,1582,1552,1372,1371,1875,1680,1513,1809,1670
ENSMUSG00002075554,#N/A,0,0,0,0,0,0,0,0,0,0,0,0
ENSMUSG00000088037,Gm24992,0,0,0,0,0,0,0,0,0,0,0,0
ENSMUSG00002076327,#N/A,2,0,1,0,0,1,1,1,1,0,0,1
ENSMUSG00000110088,Gm45343,1,0,7,0,1,3,0,5,2,2,0,4
ENSMUSG00000109679,Gm45342,3,8,2,3,7,0,0,8,3,5,2,4
ENSMUSG00000031570,Plpp5,303,291,242,200,220,133,247,255,210,194,233,204
ENSMUSG00000110127,6430710M23Rik,4,6,12,5,1,5,1,3,3,2,6,4
ENSMUSG00000091514,Gm17484,3,5,5,3,14,5,9,6,10,5,10,14
ENSMUSG00000037316,Bag4,890,843,837,758,763,515,657,855,882,790,837,786
ENSMUSG00000031838,Ifi30,135,136,131,143,217,150,228,209,152,138,249,222
ENSMUSG00000031840,Rab3a,28,23,21,14,36,15,15,22,23,16,26,40
ENSMUSG00000061313,Ddhd2,1034,1146,952,931,920,534,754,986,974,980,971,882
ENSMUSG00000071076,Jund,21554,22026,13961,15366,15365,4250,14530,14659,20841,17837,14573,16076
ENSMUSG00000031845,Bco1,0,0,0,0,1,0,0,0,0,0,0,1
ENSMUSG00000093446,Gm20694,0,0,0,0,0,0,0,0,0,0,0,0
ENSMUSG00000052557,Gan,1510,1475,1384,1294,1049,728,1000,1311,1124,1167,1066,1059
ENSMUSG00000037296,Lsm1,605,704,517,543,596,309,586,526,585,581,552,512
ENSMUSG00000031574,Star,72,78,74,82,53,42,62,72,64,63,49,73
ENSMUSG00000031575,Ash2l,1615,1822,1408,1455,1491,1041,1474,1629,1682,1509,1575,1473
ENSMUSG00000031576,Kcnu1,0,0,0,0,0,0,0,0,0,0,1,0
ENSMUSG00000088329,Gm25661,0,0,0,0,0,0,0,0,0,0,0,0
ENSMUSG00000110474,Gm45848,0,0,0,0,0,0,0,0,0,0,0,0
ENSMUSG00000107280,Gm9495,0,0,0,0,0,0,0,0,0,0,0,0
ENSMUSG00000110536,Gm45850,0,0,0,0,1,0,0,1,0,0,0,0
ENSMUSG00000106683,Gm43263,0,0,0,0,0,0,0,0,0,0,0,0
ENSMUSG00000106824,Gm7697,0,0,0,0,0,0,0,0,0,0,0,0
ENSMUSG00000110434,Rps7-ps1,0,0,0,0,0,0,0,0,0,0,0,0
ENSMUSG00000111594,Gm3365,14,12,9,6,4,6,5,15,6,14,11,10
ENSMUSG00000047264,Zfp358,136,140,88,110,121,55,109,147,108,114,110,119
ENSMUSG00000004567,Mcoln1,271,311,209,246,259,157,209,296,224,215,290,274
ENSMUSG00000004565,Pnpla6,401,435,472,392,479,251,326,427,365,356,502,454
ENSMUSG00000065952,C330021F23Rik,0,0,0,0,0,0,0,1,0,0,0,0
ENSMUSG00000066902,Rps23-ps2,0,0,0,0,1,0,1,1,1,0,1,0
ENSMUSG00000044433,Camsap3,6,10,7,7,1,2,8,7,1,2,12,8
ENSMUSG00000019470,Xab2,2485,2643,1921,1924,2096,1218,1889,2228,2387,2112,2078,1881
ENSMUSG00002076208,#N/A,0,0,0,0,0,0,0,0,0,0,0,0
ENSMUSG00000087687,Pet100,214,266,192,235,314,178,231,259,269,230,292,212
ENSMUSG00000004630,Pcp2,0,0,0,0,0,0,0,0,0,0,0,0
ENSMUSG00000004626,Stxbp2,1783,1896,1362,1471,1338,611,1363,1590,1620,1409,1398,1280
ENSMUSG00000012705,Retn,0,2,0,1,0,0,0,0,0,0,1,0
ENSMUSG00000108859,Gm44776,0,0,0,0,0,0,0,0,0,0,0,0
ENSMUSG00000013974,Mcemp1,3,0,0,0,0,0,0,0,0,0,1,0
ENSMUSG00000089665,Fcor,1,0,0,0,0,0,3,0,1,0,0,0
ENSMUSG00000109277,Gm39121,0,0,0,0,0,0,0,0,0,0,1,0
ENSMUSG00000108888,Gm45231,1,3,0,1,0,0,1,3,0,0,0,1
ENSMUSG00000040236,Trappc5,640,703,558,578,620,355,594,577,660,544,704,604
ENSMUSG00000005540,Fcer2a,23,13,1,1,1,0,0,3,7,4,0,0
ENSMUSG00000074491,Clec4g,0,0,0,0,0,0,0,0,0,0,0,0
ENSMUSG00000089956,Gm16553,0,0,0,0,0,0,0,0,0,1,0,0
ENSMUSG00002076747,#N/A,0,0,0,0,0,0,0,0,0,0,0,0
ENSMUSG00000031494,Cd209a,0,0,0,0,0,0,0,0,0,0,0,0
ENSMUSG00002075373,#N/A,0,0,0,0,0,0,0,0,0,0,0,0
ENSMUSG00000088025,Rprl3,0,0,0,0,0,0,0,0,0,0,0,0
ENSMUSG00000074485,Gm7381,0,0,0,0,0,0,0,0,0,0,0,0
ENSMUSG00000040197,Cd209e,0,0,0,0,0,0,0,0,0,0,0,0
ENSMUSG00000031495,Cd209d,0,0,0,0,0,0,0,0,0,0,0,0
ENSMUSG00000031967,Afg3l1,1466,1680,1264,1346,1408,572,1209,1301,1564,1363,1304,1381
ENSMUSG00002076153,#N/A,0,3,3,0,1,2,3,1,0,0,1,2
ENSMUSG00000031970,Dbndd1,0,1,0,0,0,0,1,0,0,0,0,0
ENSMUSG00000031562,Dctd,844,907,692,669,1006,700,627,729,805,723,1056,979
ENSMUSG00000043787,Defb12,0,0,0,0,0,0,0,0,0,0,0,0
ENSMUSG00000052554,Defb34,0,0,0,0,0,0,0,0,0,0,0,0
ENSMUSG00000059463,Spag11b,0,0,0,0,0,0,0,0,0,0,0,0
ENSMUSG00000110641,Gm45826,0,0,0,0,0,0,0,0,0,0,0,0
ENSMUSG00000079842,Spag11a,0,0,0,0,0,0,0,0,0,0,0,0
ENSMUSG00000110542,Gm39139,0,0,0,0,2,4,0,0,0,0,0,0
ENSMUSG00000046354,Defb14,0,0,0,0,0,0,0,0,0,0,0,0
ENSMUSG00000059230,Defb4,0,0,0,0,0,0,0,0,0,0,0,0
ENSMUSG00000081163,Defa-ps12,0,0,0,0,0,0,0,0,0,0,0,0
ENSMUSG00000050756,Defb6,0,0,0,0,0,0,0,0,0,0,0,0
ENSMUSG00000034189,Hsdl1,562,543,445,500,478,212,461,443,536,455,499,440
ENSMUSG00000031831,Dnaaf1,0,0,0,0,0,0,0,1,0,0,0,1
ENSMUSG00000031832,Taf1c,1357,1481,1161,1145,974,250,948,1118,1371,1131,827,964
ENSMUSG00000081378,Rps13-ps4,6,5,4,7,3,3,7,5,8,10,7,6
ENSMUSG00000024266,Adad2,0,0,0,0,0,0,0,0,0,0,0,0
ENSMUSG00000045246,Kcng4,0,0,0,0,0,0,0,0,0,0,0,0
ENSMUSG00000110453,Gm32352,0,0,0,0,0,0,0,0,0,0,0,0
ENSMUSG00000023336,Wfdc1,0,0,0,2,0,0,0,0,0,0,0,0
ENSMUSG00000034112,Atp2c2,0,0,0,0,0,0,0,0,0,0,0,0
ENSMUSG00000110445,Gm45747,0,0,0,0,0,0,0,0,0,0,0,0
ENSMUSG00000034105,Meak7,127,142,104,118,95,39,80,97,113,103,100,95
ENSMUSG00000031827,Cotl1,3666,4186,2402,2968,2996,1243,3148,3296,3827,3521,2602,2496
ENSMUSG00000031828,Klhl36,93,96,75,70,66,32,72,70,100,78,78,77
ENSMUSG00000031826,Usp10,4441,4764,3962,4054,4008,2229,3446,4359,4227,3744,4096,3545
ENSMUSG00000031825,Crispld2,3,2,2,2,3,0,1,2,1,2,2,0
ENSMUSG00000089776,Gm15684,0,0,0,0,0,0,0,0,0,0,0,0
ENSMUSG00000031823,Zdhhc7,1125,1249,903,960,829,276,792,833,1024,937,717,727
ENSMUSG00000089742,Gm15898,0,0,0,0,0,0,0,0,0,0,0,0
ENSMUSG00000097944,A130014A01Rik,20,16,7,19,29,26,14,12,17,14,26,39
ENSMUSG00000102665,Gm38379,1,0,0,0,0,0,0,0,0,0,0,0
ENSMUSG00000031824,6430548M08Rik,8,13,12,5,5,1,5,12,6,4,10,7
ENSMUSG00000042269,Fam92b,0,0,0,0,0,0,0,0,0,0,0,0
ENSMUSG00000097960,A330074K22Rik,3,3,2,2,2,2,0,2,3,2,3,1
ENSMUSG00000031822,Gse1,1899,1889,1451,1472,1305,701,1089,1579,1425,1457,1222,1233
ENSMUSG00002075942,#N/A,0,0,0,0,0,0,0,0,0,0,0,0
ENSMUSG00000097983,Gm26971,3,2,2,0,2,0,1,4,2,1,1,3
ENSMUSG00000102737,1700016A09Rik,3,1,2,4,4,0,5,5,3,3,3,0
ENSMUSG00000098280,Mir7687,0,0,0,0,0,0,0,0,0,0,0,0
ENSMUSG00000031821,Gins2,437,426,416,393,473,226,524,500,440,349,381,355
ENSMUSG00000097773,Gm10614,2,1,1,0,1,1,1,0,1,0,0,0
ENSMUSG00000110601,Gm45834,0,0,0,0,0,0,0,0,0,0,0,0
ENSMUSG00000097702,Gm26739,0,0,0,0,0,0,0,0,0,0,0,1
ENSMUSG00000043687,1190005I06Rik,2,1,2,0,2,3,4,2,0,4,7,2
ENSMUSG00000097919,Gm27021,0,0,0,0,0,0,0,0,0,0,0,0
ENSMUSG00000097500,Gm26537,0,0,0,0,0,0,0,0,0,0,0,0
ENSMUSG00000031819,Emc8,1101,1238,974,1052,1121,693,1091,1097,1170,1029,971,1018
ENSMUSG00000031818,Cox4i1,4269,5514,3776,4312,4356,2047,4568,4344,4595,4050,3809,3636
ENSMUSG00000104484,Gm33142,0,0,0,0,0,0,0,0,0,0,0,0
ENSMUSG00002074906,#N/A,0,0,0,0,0,0,0,0,0,0,0,0
ENSMUSG00000097895,Gm18709,2,1,0,1,1,0,0,0,3,0,1,0
ENSMUSG00000041515,Irf8,5350,5838,4404,4886,4429,2279,4273,5442,5177,4922,4735,4600
ENSMUSG00000097087,Gm26878,0,0,0,0,0,0,0,0,0,0,0,0
ENSMUSG00000101886,Gm28324,0,0,0,0,0,0,0,0,0,0,0,0
ENSMUSG00000097336,Fendrr,0,0,0,0,0,0,0,0,0,0,0,0
ENSMUSG00000042812,Foxf1,0,0,1,1,0,0,2,4,2,0,0,0
ENSMUSG00002075068,#N/A,0,0,0,0,0,0,0,0,0,0,0,0
ENSMUSG00000031816,Mthfsd,324,370,289,295,355,170,272,303,303,310,444,427
ENSMUSG00000046714,Foxc2,2,0,0,0,1,0,2,2,0,0,1,0
ENSMUSG00000097084,Foxl1,0,0,0,0,0,1,1,0,0,0,0,0
ENSMUSG00000103830,Gm37609,0,0,0,0,0,0,0,0,0,0,0,0
ENSMUSG00000097097,5033426O07Rik,0,0,0,0,0,2,0,0,0,0,0,0
ENSMUSG00000097384,Gm26815,0,0,0,0,0,1,0,0,0,0,0,0
ENSMUSG00000097783,Gm26747,0,0,0,0,0,1,0,0,0,0,0,0
ENSMUSG00000097438,Gm26784,0,0,0,0,0,0,0,0,0,0,0,0
ENSMUSG00000031809,1700018B08Rik,0,2,0,2,0,0,1,0,0,1,0,0
ENSMUSG00000098211,Gm27045,0,0,0,1,0,0,0,0,0,0,0,0
ENSMUSG00000097424,1700030M09Rik,0,0,0,0,0,1,0,0,0,0,0,0
ENSMUSG00000052934,Fbxo31,557,614,450,478,510,141,446,539,647,611,585,543
ENSMUSG00000097987,Gm17786,0,1,0,0,1,0,1,0,0,0,1,0
ENSMUSG00000031812,Map1lc3b,330,374,322,308,279,105,302,338,332,267,210,205
ENSMUSG00000061410,Zcchc14,3,3,3,5,6,4,6,1,2,2,3,3
ENSMUSG00000098221,Gm27030,0,0,0,0,0,0,0,0,0,0,0,0
ENSMUSG00002075506,#N/A,0,0,0,0,0,0,0,0,0,0,0,0
ENSMUSG00000110673,Gm45833,0,0,0,0,0,1,0,0,0,0,0,0
ENSMUSG00000025318,Jph3,0,0,0,0,1,0,0,0,0,0,1,0
ENSMUSG00000040263,Klhdc4,1872,2074,1664,1751,1950,804,1592,1717,2053,1867,2015,1811
ENSMUSG00000092418,Gm20406,0,0,0,0,0,0,0,0,0,0,0,0
ENSMUSG00000119380,#N/A,0,0,0,0,0,2,0,0,0,0,0,0
ENSMUSG00000110631,Gm42047,323,312,81,54,1627,1169,532,699,539,494,1342,1239
ENSMUSG00000097812,Gm26812,2,3,6,8,1,3,3,7,2,6,4,1
ENSMUSG00000098109,9530085P06Rik,1,0,0,0,0,0,0,0,0,0,0,0
ENSMUSG00000040010,Slc7a5,10816,11923,9357,9869,7948,3639,7400,8556,9012,8254,7680,7619
ENSMUSG00000074052,BC048644,10,27,13,9,16,7,12,14,10,10,19,15
ENSMUSG00000025317,Car5a,0,0,0,0,0,0,0,0,0,0,0,0
ENSMUSG00000103904,Gm37497,0,0,0,0,0,0,1,0,0,0,0,0
ENSMUSG00000098184,Gm27011,1,1,2,1,1,0,1,3,2,1,0,1
ENSMUSG00000025316,Banp,496,509,392,371,423,260,404,454,422,412,476,491
ENSMUSG00000091952,Gm17709,9,66,37,57,69,1,43,17,12,15,15,3
ENSMUSG00000099140,Mir7237,0,3,2,2,0,0,1,0,1,0,1,0
ENSMUSG00000043903,Zfp469,103,82,47,52,32,23,12,20,38,33,23,18
ENSMUSG00000049577,Zfpm1,9476,9491,5960,6503,5254,2281,5105,6784,8348,7890,5193,5164
ENSMUSG00000109957,Gm45353,18,25,22,10,14,9,9,10,15,10,12,8
ENSMUSG00000039079,Trhr2,1,1,1,0,0,0,0,0,1,0,0,0
ENSMUSG00000093682,Gm20681,0,1,0,0,0,1,0,0,0,0,0,0
ENSMUSG00000017478,Zc3h18,4544,4546,3433,3307,3223,2430,2817,3780,4099,3741,3794,3395
ENSMUSG00000046108,Il17c,5,5,5,4,0,0,3,4,2,5,1,1
ENSMUSG00000006519,Cyba,3141,3605,2585,3032,2915,1053,3091,2766,3455,2938,2475,2404
ENSMUSG00000006517,Mvd,184,218,153,168,80,37,159,159,168,131,71,86
ENSMUSG00000110656,Gm20735,14,17,19,10,9,4,6,5,6,12,1,7
ENSMUSG00000006587,Snai3,263,271,176,187,199,46,143,188,249,182,154,168
ENSMUSG00000014470,Rnf166,885,893,587,620,553,275,614,646,866,678,616,580
ENSMUSG00002076903,#N/A,6,2,5,0,4,3,0,7,4,6,6,5
ENSMUSG00000049482,Ctu2,1450,1597,1182,1277,1220,343,1063,1137,1587,1343,1164,1207
ENSMUSG00000014444,Piezo1,11855,12661,9080,9289,6674,3007,5740,8509,8385,8297,5925,6093
ENSMUSG00000065080,Gm26497,0,0,0,1,0,2,1,0,0,1,1,0
ENSMUSG00000006585,Cdt1,1890,1726,1438,1489,1512,483,1725,1625,1709,1524,1470,1471
ENSMUSG00000006589,Aprt,2402,2939,1963,2137,2096,852,2261,2171,2553,2112,2320,2073
ENSMUSG00000015027,Galns,127,159,122,128,115,47,111,176,116,120,135,105
ENSMUSG00000110658,Gm45857,1,0,0,0,0,0,0,0,0,0,0,0
ENSMUSG00000015013,Trappc2l,147,230,143,144,155,75,203,168,172,140,138,159
ENSMUSG00000069867,Pabpn1l,0,0,0,0,0,0,0,0,0,0,0,0
ENSMUSG00000098500,Mir6396,0,0,0,0,0,0,0,0,0,0,0,0
ENSMUSG00000006362,Cbfa2t3,0,0,1,4,0,0,1,2,0,3,1,1
ENSMUSG00000085917,Gm15899,2,6,2,3,4,0,2,7,3,4,9,3
ENSMUSG00000090174,Gm10612,0,0,0,0,0,0,0,0,0,0,0,0
ENSMUSG00000110523,C230057M02Rik,0,0,0,0,0,0,0,0,0,0,0,0
ENSMUSG00000110682,A530010L16Rik,3,0,2,0,1,0,2,0,0,0,0,0
ENSMUSG00000110716,Gm39271,0,0,0,0,0,0,0,0,0,0,0,0
ENSMUSG00000015016,Acsf3,286,278,227,235,196,58,204,234,203,201,213,192
ENSMUSG00000110540,Gm45743,2,2,3,1,2,0,2,4,2,2,4,3
ENSMUSG00000110525,Gm45893,0,0,0,0,0,0,0,0,1,0,0,0
ENSMUSG00000095762,Gm16378,0,1,0,0,1,0,3,1,0,1,0,1
ENSMUSG00000031962,Cdh15,12,22,11,18,9,5,9,11,9,8,4,8
ENSMUSG00000110440,Gm45894,7,15,11,8,6,3,5,11,7,14,6,7
ENSMUSG00000035569,Ankrd11,7221,6986,6692,6266,5108,4558,4949,6631,6209,6025,5579,5005
ENSMUSG00000119529,#N/A,0,0,0,0,0,0,0,0,0,0,0,0
ENSMUSG00000099881,2810013P06Rik,46,51,45,40,57,36,31,35,45,33,51,41
ENSMUSG00000000738,Spg7,808,806,669,751,717,356,619,669,753,658,720,702
ENSMUSG00000000740,Rpl13,1560,2031,1512,1609,1495,1081,1693,1353,1684,1475,1128,1244
ENSMUSG00000064450,Snord68,0,0,0,0,0,0,0,0,0,0,0,0
ENSMUSG00000098550,Mir7079,0,0,0,0,0,0,0,0,0,0,0,0
ENSMUSG00000034796,Cpne7,3,0,2,2,1,2,2,4,2,3,3,0
ENSMUSG00000098582,Mir7080,0,0,0,0,0,0,0,0,0,0,0,0
ENSMUSG00000000739,Sult5a1,2,3,0,0,0,0,0,0,3,2,1,0
ENSMUSG00000110537,Gm4316,1,0,0,1,2,0,2,5,0,0,1,0
ENSMUSG00000019278,Dpep1,0,0,1,0,0,0,0,0,0,0,0,0
ENSMUSG00000000743,Chmp1a,1284,1422,1046,1051,951,253,1063,1051,1192,1107,925,941
ENSMUSG00000069862,Rps12-ps9,0,1,0,1,2,16,1,0,0,1,4,0
ENSMUSG00000048478,Spata33,2,5,6,3,0,7,5,5,0,2,7,3
ENSMUSG00000033862,Cdk10,193,182,156,154,216,118,194,164,173,161,256,222
ENSMUSG00000033594,Spata2l,30,48,30,29,45,10,43,30,41,33,27,28
ENSMUSG00000110505,Gm45842,0,0,0,0,0,0,0,0,0,0,0,0
ENSMUSG00000097637,4933417D19Rik,2,1,0,0,0,0,0,0,0,0,0,1
ENSMUSG00000001062,Vps9d1,381,435,291,273,321,126,282,315,375,377,327,333
ENSMUSG00000001065,Zfp276,717,809,671,632,552,249,533,598,627,596,507,481
ENSMUSG00000032815,Fanca,321,298,374,323,475,186,380,430,330,265,357,412
ENSMUSG00000010154,Spire2,3,4,5,1,0,4,2,4,3,5,4,7
ENSMUSG00000001472,Tcf25,4843,5441,3695,3999,3634,1581,3704,4093,4353,4058,3725,3484
ENSMUSG00000074037,Mc1r,1,0,0,0,0,0,0,1,0,0,0,0
ENSMUSG00000103244,Gm38092,0,0,0,0,0,0,0,0,0,0,0,0
ENSMUSG00000062380,Tubb3,5,14,3,5,4,4,4,2,4,8,4,7
ENSMUSG00000001482,Def8,411,447,280,280,339,104,292,303,364,368,423,395
ENSMUSG00002076055,#N/A,0,0,0,0,0,0,0,0,0,0,0,0
ENSMUSG00000040220,Gas8,267,341,241,233,242,236,231,305,265,213,234,203
ENSMUSG00000119844,#N/A,0,0,0,0,0,0,0,0,0,0,0,0
ENSMUSG00000119714,#N/A,0,0,0,0,0,0,0,0,0,0,0,0
ENSMUSG00000119920,#N/A,0,0,0,0,0,0,0,0,0,0,0,0
ENSMUSG00000118922,#N/A,0,0,0,0,0,0,0,0,0,0,0,0
ENSMUSG00000118725,#N/A,0,0,0,0,0,0,0,0,0,0,0,0
ENSMUSG00000118907,#N/A,0,0,0,0,0,0,0,0,0,0,0,0
ENSMUSG00000119730,#N/A,0,0,0,0,0,0,0,0,0,0,0,0
ENSMUSG00000119204,#N/A,0,0,0,0,0,0,0,0,0,0,0,0
ENSMUSG00000119451,#N/A,0,0,0,0,0,0,0,0,0,0,0,0
ENSMUSG00000119440,#N/A,0,0,0,0,0,0,1,1,0,0,0,0
ENSMUSG00000118798,#N/A,0,0,0,0,0,0,0,0,0,0,0,0
ENSMUSG00000119009,#N/A,0,0,0,0,0,0,0,0,0,0,0,0
ENSMUSG00000119767,#N/A,0,0,0,0,0,0,0,0,0,0,0,0
ENSMUSG00000119523,#N/A,0,0,0,0,0,0,0,0,0,0,0,0
ENSMUSG00000119175,#N/A,0,0,0,0,0,0,0,0,0,0,0,0
ENSMUSG00000119399,#N/A,0,0,0,0,0,0,1,0,0,0,0,0
ENSMUSG00000119748,#N/A,0,0,0,0,0,0,0,0,0,0,0,0
ENSMUSG00000119210,#N/A,0,0,0,0,0,0,0,0,0,0,0,0
ENSMUSG00000118860,#N/A,0,0,0,0,0,0,0,0,0,0,0,0
ENSMUSG00000119430,#N/A,0,0,0,0,0,0,0,0,0,0,0,0
ENSMUSG00000118867,#N/A,0,0,0,0,0,0,0,0,0,0,0,0
ENSMUSG00000119919,#N/A,0,0,0,0,0,0,0,0,0,0,0,0
ENSMUSG00000119118,#N/A,0,0,0,0,0,0,0,0,0,0,0,0
ENSMUSG00000119521,#N/A,0,0,0,0,0,0,0,0,0,0,0,0
ENSMUSG00000119299,#N/A,0,0,0,0,0,0,0,0,0,0,0,0
ENSMUSG00000119904,#N/A,0,0,0,0,0,0,0,0,0,0,0,0
ENSMUSG00000119012,#N/A,0,0,0,0,0,0,0,0,0,0,0,0
ENSMUSG00000118717,#N/A,0,0,0,0,0,0,0,0,0,0,0,0
ENSMUSG00001118664,#N/A,0,0,0,0,0,0,0,0,0,0,0,0
ENSMUSG00000118910,#N/A,0,0,0,0,0,0,0,0,0,0,0,0
ENSMUSG00000119562,#N/A,0,0,0,0,0,0,0,0,0,0,0,0
ENSMUSG00000119002,#N/A,0,0,0,0,0,0,0,0,0,0,0,0
ENSMUSG00000119493,#N/A,0,0,0,0,0,0,0,0,0,0,0,0
ENSMUSG00000119324,#N/A,0,0,0,0,0,0,0,0,0,0,0,0
ENSMUSG00000119587,#N/A,0,0,0,0,0,0,0,0,0,0,0,0
ENSMUSG00000119280,#N/A,0,0,0,0,0,0,0,0,0,0,0,0
ENSMUSG00000118945,#N/A,0,0,0,0,0,0,0,0,0,0,0,0
ENSMUSG00000119925,#N/A,0,0,0,0,0,0,0,0,0,0,0,0
ENSMUSG00000118796,#N/A,0,0,0,0,0,0,0,0,0,0,0,0
ENSMUSG00000119762,#N/A,0,0,0,0,0,0,0,0,0,0,0,0
ENSMUSG00000118747,#N/A,0,0,0,0,0,0,0,0,0,0,0,0
ENSMUSG00000119615,#N/A,0,0,0,0,0,0,0,0,0,0,0,0
ENSMUSG00000118920,#N/A,0,0,0,0,0,0,0,0,0,0,0,0
ENSMUSG00000119038,#N/A,0,0,0,0,0,0,0,0,0,0,0,0
ENSMUSG00000119414,#N/A,0,0,0,0,0,0,0,0,0,0,0,0
ENSMUSG00000119561,#N/A,0,0,0,0,0,0,0,0,0,0,0,0
ENSMUSG00000119014,#N/A,0,0,0,0,0,0,0,0,0,0,0,0
ENSMUSG00000118870,#N/A,0,0,0,0,0,0,0,0,0,0,0,0
ENSMUSG00000118727,#N/A,0,0,0,0,0,0,0,0,0,0,0,0
ENSMUSG00000119808,#N/A,0,0,0,0,0,0,0,0,0,0,0,0
ENSMUSG00000119181,#N/A,0,0,0,0,0,0,0,0,0,0,0,0
ENSMUSG00000039960,Rhou,1,0,1,3,1,0,1,0,1,4,0,5
ENSMUSG00000110467,Gm45781,0,0,0,0,0,0,0,0,0,0,0,0
ENSMUSG00000110599,6030466F02Rik,0,0,0,0,0,0,0,0,0,0,0,0
ENSMUSG00000097203,4732419C18Rik,0,0,0,3,0,2,1,0,0,2,0,0
ENSMUSG00000110684,Gm45866,0,0,0,0,0,0,0,0,0,0,1,0
ENSMUSG00000110456,Gm45865,0,0,0,0,0,0,0,0,0,0,0,0
ENSMUSG00000019478,Rab4a,125,117,84,73,92,50,79,92,95,77,99,69
ENSMUSG00000085030,2810455O05Rik,24,23,26,24,30,27,25,43,13,18,25,20
ENSMUSG00000031971,Ccsap,226,197,232,213,249,141,247,283,214,199,178,204
ENSMUSG00000083911,Gm4342,8,14,5,10,10,3,11,8,7,8,10,4
ENSMUSG00000031972,Acta1,3,4,2,4,6,1,4,2,2,1,1,4
ENSMUSG00000110547,Gm29773,0,0,0,0,0,0,0,0,1,1,0,0
ENSMUSG00000039509,Nup133,1140,1272,1378,1411,1714,882,1334,1552,1243,1194,1431,1328
ENSMUSG00000110615,Gm45890,2,2,0,1,2,4,2,1,3,5,1,3
ENSMUSG00000031974,Abcb10,276,291,233,246,207,92,232,223,222,205,181,193
ENSMUSG00000038697,Taf5l,2275,2573,1856,1961,1768,850,1770,2053,2297,2005,1783,1738
ENSMUSG00000110612,Gm17827,1,0,0,1,0,0,1,0,0,0,0,0
ENSMUSG00000031976,Urb2,3037,3406,2638,2663,2449,1541,2038,2716,2904,2691,2636,2405
ENSMUSG00000088414,Mir1967,0,0,0,0,1,0,0,0,0,2,1,1
ENSMUSG00000110704,Gm45732,0,0,0,0,0,0,0,0,1,0,0,0
ENSMUSG00000110482,Gm3889,0,0,0,0,0,0,0,0,0,0,0,0
ENSMUSG00000089704,Galnt2,2592,2671,1921,2009,1869,823,1567,2034,2315,2122,2004,1754
ENSMUSG00000089745,1810008B01Rik,1,1,1,3,0,2,3,1,0,1,0,2
ENSMUSG00000089820,Gm15775,0,0,0,0,0,0,0,0,0,0,0,0
ENSMUSG00000064664,Gm24459,0,0,0,0,0,0,0,0,0,0,0,0
ENSMUSG00000050751,Pgbd5,0,0,0,0,0,0,0,1,0,0,0,0
ENSMUSG00000031979,Cog2,1385,1629,1209,1253,1166,487,983,1162,1367,1347,1096,954
ENSMUSG00000031980,Agt,0,0,0,0,1,0,0,0,0,0,0,0
ENSMUSG00000115400,Gm49137,0,0,0,0,0,0,0,0,0,0,0,0
ENSMUSG00000115714,Gm18926,0,0,0,0,0,0,0,0,0,0,0,0
ENSMUSG00000115601,Gm49007,0,0,0,0,0,1,0,0,0,0,0,0
ENSMUSG00000097743,Gm16973,73,65,62,61,105,90,61,82,48,58,118,119
ENSMUSG00000089130,Gm24770,0,0,0,0,0,0,0,0,0,0,0,0
ENSMUSG00000115052,Gm9287,0,0,0,0,0,0,0,0,0,0,0,0
ENSMUSG00000115229,Gm33525,0,0,0,0,0,0,0,0,0,0,0,0
ENSMUSG00000119804,#N/A,0,0,0,0,0,0,0,0,0,0,0,0
ENSMUSG00000088538,Gm23276,0,0,0,0,0,0,0,0,0,0,0,0
ENSMUSG00000115598,Gm9290,1,1,1,0,1,1,0,1,1,0,0,0
ENSMUSG00000021938,Pspc1,1730,1858,1535,1632,1507,1443,1372,1634,1742,1634,1417,1255
ENSMUSG00000094250,Gm4479,0,0,0,0,1,0,1,0,0,0,0,1
ENSMUSG00000055639,Dach1,0,0,0,0,1,3,0,0,0,0,0,0
ENSMUSG00000089549,Gm25831,0,0,0,0,0,0,0,0,0,0,0,0
ENSMUSG00000086133,Gm16331,0,0,0,0,0,0,0,0,0,0,0,0
ENSMUSG00000089425,Gm26006,0,0,0,0,0,0,0,0,0,0,0,0
ENSMUSG00000115218,Gm46477,0,0,0,0,0,0,0,0,0,0,0,0
ENSMUSG00000115486,Gm49017,3,6,1,2,3,7,5,6,3,1,3,8
ENSMUSG00000119462,#N/A,0,0,0,0,0,0,0,0,0,0,0,0
ENSMUSG00000098059,Gm27034,2,5,2,6,0,2,5,5,1,0,0,0
ENSMUSG00000115242,Gm49018,0,0,0,0,0,0,0,0,0,1,0,0
ENSMUSG00000115567,Gm18148,0,0,0,1,0,0,0,0,0,0,0,0
ENSMUSG00000060377,Rpl36a-ps1,1,0,1,0,0,16,3,1,0,1,4,0
ENSMUSG00000040123,Zmym5,674,829,614,593,536,534,493,639,619,680,604,560
ENSMUSG00000100017,2410022M11Rik,38,38,28,29,11,2,16,23,26,28,16,14
ENSMUSG00000114420,Gm48906,3,0,2,1,0,1,1,2,2,0,3,3
ENSMUSG00000077685,Gm22498,0,0,0,0,0,0,0,0,0,0,0,0
ENSMUSG00000033186,Mzt1,631,566,563,497,455,370,549,561,647,616,473,550
ENSMUSG00002076741,#N/A,0,0,0,0,0,0,0,0,0,0,0,0
ENSMUSG00000088180,Gm22218,0,0,0,0,0,0,0,0,0,0,0,0
ENSMUSG00000114500,Gm8983,0,0,0,0,0,0,0,1,0,0,0,0
ENSMUSG00000037572,Wdhd1,1326,1311,1081,1038,1220,715,870,1114,1181,976,1417,1360
ENSMUSG00000115849,Gm49149,0,0,1,0,0,2,0,0,0,0,0,1
ENSMUSG00000084648,Gm24378,1,0,0,0,0,0,0,1,1,0,0,0
ENSMUSG00000115097,Gm49150,1,0,0,0,0,0,0,0,0,0,0,0
ENSMUSG00000048628,4930542C16Rik,0,0,0,0,0,0,0,0,0,0,0,0
ENSMUSG00000048379,Socs4,1169,1175,1121,1006,1111,763,766,989,1089,1038,1146,1095
ENSMUSG00000114977,Gm9502,0,1,0,1,0,0,1,1,2,0,0,1
ENSMUSG00000021945,Zmym2,1307,1362,997,1043,1045,945,858,1137,1100,1256,1194,1113
ENSMUSG00000022070,Bora,659,732,718,715,929,694,781,816,696,637,857,813
ENSMUSG00000089887,4930428N03Rik,0,0,0,1,0,1,0,0,0,0,0,0
ENSMUSG00000114965,Gm47906,0,0,0,0,0,0,0,0,0,0,0,0
ENSMUSG00000096144,B020004C17Rik,0,0,0,0,0,0,0,0,0,0,0,0
ENSMUSG00000072686,Gm10398,0,0,0,0,0,0,0,0,0,0,0,0
ENSMUSG00000114416,Gm47907,0,0,0,0,0,0,0,0,0,0,0,0
ENSMUSG00000114924,Gm38408,0,0,0,0,0,2,0,0,0,0,0,0
ENSMUSG00000114855,Gm47909,0,0,0,0,0,1,0,0,0,1,0,0
ENSMUSG00000048582,Gja3,0,0,0,0,0,0,0,0,0,0,0,0
ENSMUSG00000114288,Gm32123,0,0,0,0,0,0,0,0,0,0,0,0
ENSMUSG00000114271,Gm32224,0,0,0,0,0,0,0,0,0,0,0,0
ENSMUSG00000021840,Mapk1ip1l,4001,4069,3101,3188,2906,2500,2270,3336,3388,3076,3078,2833
ENSMUSG00000115082,Gm49189,0,0,0,0,0,0,0,0,0,0,0,0
ENSMUSG00000114916,4930572O13Rik,0,0,0,1,0,2,0,0,0,0,0,1
ENSMUSG00000046352,Gjb2,45,65,46,43,41,21,56,45,52,53,34,23
ENSMUSG00000115728,Gm49190,0,0,0,0,0,0,0,0,0,0,0,0
ENSMUSG00000089840,Gm4491,0,0,0,0,0,0,0,0,0,0,0,0
ENSMUSG00000087535,Zmiz1os1,6,9,6,14,14,6,17,17,11,15,7,6
ENSMUSG00000097601,Gm26660,10,10,10,4,8,1,4,8,9,4,5,1
ENSMUSG00000114232,Gm17747,0,0,0,0,0,0,0,0,0,0,0,0
ENSMUSG00000040055,Gjb6,0,0,0,0,0,0,0,0,0,0,0,0
ENSMUSG00000114530,Gm48725,0,0,0,0,0,0,0,0,0,0,0,0
ENSMUSG00000114754,Gm8996,0,1,0,2,0,0,1,0,1,0,1,0
ENSMUSG00000021947,Cryl1,58,78,44,56,76,12,54,42,63,57,78,58
ENSMUSG00000077497,Gm23593,0,0,0,0,0,0,0,0,0,0,0,0
ENSMUSG00000114321,Gm8971,0,0,0,0,0,0,0,0,0,0,0,0
ENSMUSG00000114952,Gm29717,0,0,0,0,0,0,0,0,0,0,0,0
ENSMUSG00000033166,Dis3,4010,4271,3621,3506,3890,3107,2895,3863,3999,3841,4062,3552
ENSMUSG00000050335,Lgals3,6687,7489,4792,5077,3059,1144,3431,2973,4315,3629,2838,2682
ENSMUSG00000040040,Ift88,40,36,40,35,49,34,40,60,36,35,55,32
ENSMUSG00000081238,Gm15836,0,1,2,1,0,0,1,1,2,0,0,1
ENSMUSG00000086486,Ift88os,0,0,1,0,0,0,0,0,0,0,0,0
ENSMUSG00000022064,Pibf1,323,321,234,200,302,292,213,261,287,324,321,272
ENSMUSG00000050222,Il17d,12,6,5,14,10,5,6,3,11,15,9,5
ENSMUSG00000115071,Gm49026,0,2,0,0,0,0,0,1,0,1,0,2
ENSMUSG00000100172,Gm4412,0,0,0,0,0,0,0,0,0,0,0,0
ENSMUSG00000007817,Zmiz1,8207,8252,6034,5852,5273,3654,4694,6874,6514,6309,5360,4629
ENSMUSG00000114709,Gm47920,9,8,3,3,7,7,7,6,13,5,5,7
ENSMUSG00000114539,Gm47921,0,0,0,1,0,0,0,1,1,0,0,0
ENSMUSG00000093081,Mir3075,0,0,0,0,0,0,0,1,0,0,1,0
ENSMUSG00000021951,Eef1akmt1,310,361,282,298,402,124,357,310,328,279,344,311
ENSMUSG00000005148,Klf5,4,1,5,6,4,7,2,5,2,0,5,4
ENSMUSG00000097933,1700039M10Rik,0,1,0,0,1,0,0,0,0,0,0,0
ENSMUSG00000084700,Gm22984,0,0,0,0,0,0,0,0,0,0,0,0
ENSMUSG00000064584,Gm25130,0,0,0,0,0,0,0,0,0,0,0,0
ENSMUSG00000115746,Gm49218,0,0,0,0,0,0,0,0,1,0,0,0
ENSMUSG00000115590,Gm49219,0,0,0,0,0,0,0,0,0,0,0,0
ENSMUSG00000115178,Gm49220,0,0,0,0,0,0,0,0,0,0,0,0
ENSMUSG00000115580,Gm41230,0,0,0,0,0,0,0,0,0,0,0,0
ENSMUSG00000115550,Gm49225,0,0,0,0,0,0,0,0,0,0,0,0
ENSMUSG00000115366,Gm9298,0,0,0,0,0,0,0,0,0,0,0,0
ENSMUSG00000103188,Gm37093,0,0,0,0,0,0,0,0,0,0,0,0
ENSMUSG00000065238,Gm22970,0,0,0,0,0,0,0,0,0,0,0,0
ENSMUSG00000087144,Gm5958,0,0,0,0,0,0,0,0,0,0,0,0
ENSMUSG00000072294,Klf12,16,8,14,14,13,5,4,11,13,8,7,9
ENSMUSG00000054391,4930517O19Rik,0,1,0,0,0,0,0,0,0,0,0,0
ENSMUSG00000084991,Gm16260,0,0,0,0,0,0,0,0,0,0,0,0
ENSMUSG00000110273,Gm41231,0,0,0,0,0,0,0,0,0,0,0,0
ENSMUSG00000119005,#N/A,0,0,0,0,0,0,0,0,0,0,0,0
ENSMUSG00000115821,6330576A10Rik,0,0,0,0,0,0,0,0,0,0,0,0
ENSMUSG00000115732,Gm9302,0,0,0,0,0,0,0,0,0,0,0,0
ENSMUSG00000089331,Gm24345,0,0,0,0,0,0,0,0,0,0,0,0
ENSMUSG00000115506,Gm49237,0,0,0,0,0,0,0,0,0,0,0,0
ENSMUSG00000115105,Gm49238,0,0,0,0,0,2,0,0,0,0,0,0
ENSMUSG00002075538,#N/A,0,0,0,0,0,0,0,0,0,0,0,0
ENSMUSG00000088160,Gm23538,0,0,0,0,0,0,0,0,0,0,0,0
ENSMUSG00000115721,Gm49239,0,0,0,0,0,2,0,0,0,0,0,0
ENSMUSG00000042888,Prr30,0,0,0,0,0,0,0,0,0,0,0,0
ENSMUSG00002076744,#N/A,0,0,0,0,0,0,0,0,0,0,0,0
ENSMUSG00000115538,Hspd1-ps5,5,0,1,1,3,1,1,1,3,0,2,2
ENSMUSG00000021952,Xpo4,3477,3531,3438,3188,3054,1838,2130,3170,3319,2931,3145,3015
ENSMUSG00000114942,Gm49361,0,0,0,0,0,0,0,0,0,0,0,0
ENSMUSG00000021959,Lats2,63,47,47,40,36,29,38,55,56,52,41,38
ENSMUSG00000064525,Gm26440,0,0,0,0,0,0,0,0,0,0,0,0
ENSMUSG00000092358,Gm20430,0,1,0,0,0,0,1,0,0,0,0,0
ENSMUSG00000021963,Sap18,201,230,201,192,234,162,215,211,228,160,209,208
ENSMUSG00000092784,Mir3077,0,0,0,0,0,0,0,0,0,0,0,0
ENSMUSG00000021965,Ska3,274,259,325,281,428,274,354,416,275,242,348,295
ENSMUSG00000037544,Dlgap5,771,841,805,771,1202,976,912,1089,764,687,1097,954
ENSMUSG00000021967,Mrpl57,564,805,595,651,645,270,592,608,704,567,624,540
ENSMUSG00000065374,Gm22738,0,0,0,0,0,2,0,0,0,0,0,0
ENSMUSG00000115436,Gm8353,0,0,0,0,0,0,0,0,0,0,0,0
ENSMUSG00000115617,Gm48975,0,0,0,0,0,0,0,0,0,0,0,0
ENSMUSG00000033083,Tbc1d4,506,501,636,660,1678,934,615,816,786,748,749,636
ENSMUSG00000021969,Zdhhc20,2753,2786,2116,1986,2188,1802,1521,1810,2877,2717,2061,1868
ENSMUSG00000115319,Gm34417,0,0,0,0,0,0,0,1,0,0,0,0
ENSMUSG00000037536,Fbxo34,491,491,411,396,381,166,364,351,402,377,317,329
ENSMUSG00000075486,Commd6,374,448,416,387,433,197,395,302,371,354,360,351
ENSMUSG00000115570,Gm48986,3,1,0,2,0,3,2,1,0,2,4,3
ENSMUSG00000115145,Gm35166,0,0,0,0,0,0,0,0,0,0,0,0
ENSMUSG00000021973,Micu2,1104,1093,830,881,841,597,827,912,1017,992,989,934
ENSMUSG00000097303,3110083C13Rik,9,11,11,3,11,10,5,5,20,15,24,16
ENSMUSG00000114918,Gm9012,5,1,1,7,1,2,2,3,2,7,3,4
ENSMUSG00000022111,Uchl3,490,547,394,403,564,536,432,463,543,445,644,563
ENSMUSG00000115435,Gm18075,0,0,0,0,0,0,0,0,0,0,0,0
ENSMUSG00000115110,Gm49269,0,0,0,0,0,0,0,0,0,0,0,0
ENSMUSG00000053821,Gm9922,0,0,0,0,0,1,0,0,0,0,1,0
ENSMUSG00000021974,Fgf9,2,3,2,4,1,10,0,1,1,2,2,2
ENSMUSG00000091132,Gm17109,0,0,0,0,0,0,0,0,0,0,0,0
ENSMUSG00000114562,Gm18080,0,0,0,0,0,0,0,0,0,0,0,0
ENSMUSG00000114690,Gm33321,0,0,0,0,0,0,0,0,0,0,0,0
ENSMUSG00000037526,Atg14,186,172,141,147,122,70,106,165,158,140,109,95
ENSMUSG00000077201,Gm25614,0,0,0,0,0,0,0,0,0,0,0,0
ENSMUSG00000098157,Gm9022,14,5,6,4,1,1,4,8,7,8,2,5
ENSMUSG00000115823,Gm49004,0,0,0,0,0,0,0,0,0,0,0,0
ENSMUSG00000059835,Rpl13-ps3,0,2,1,0,3,0,1,1,1,2,1,1
ENSMUSG00000115571,Gm6616,1,0,0,0,1,0,0,0,0,1,2,2
ENSMUSG00000114486,Gm48447,0,0,0,0,0,0,0,0,0,0,0,0
ENSMUSG00000114441,Gm33472,0,0,0,0,1,3,0,0,0,1,0,0
ENSMUSG00000114720,Gm41162,0,0,0,0,0,0,0,0,0,0,0,0
ENSMUSG00000114289,Gm48453,0,0,0,0,0,0,0,0,0,0,0,0
ENSMUSG00000021977,1700129C05Rik,0,0,0,0,0,0,0,0,0,0,0,0
ENSMUSG00000053868,Gm5142,0,0,0,0,0,0,0,0,0,0,1,0
ENSMUSG00000035469,Rcbtb1,736,730,560,529,576,318,524,582,626,628,665,642
ENSMUSG00000090881,Phf11,0,6,1,0,1,0,4,1,0,1,2,1
ENSMUSG00000044703,Phf11a,1,8,2,7,5,3,8,6,4,4,6,1
ENSMUSG00000091649,Phf11b,50,63,53,57,41,39,57,76,51,36,65,50
ENSMUSG00000033060,Lmo7,2,4,0,2,1,3,4,3,1,2,3,2
ENSMUSG00000115584,Gm5854,5,0,2,2,3,0,0,3,2,4,2,2
ENSMUSG00000119010,#N/A,0,0,0,0,0,0,0,0,0,0,0,0
ENSMUSG00000115696,Gm49292,0,0,0,0,0,0,0,0,0,0,0,0
ENSMUSG00002075110,#N/A,0,0,0,0,0,0,0,0,0,0,0,0
ENSMUSG00000068245,Phf11d,2,4,1,1,1,1,3,5,2,3,0,1
ENSMUSG00000115816,Gm34589,0,0,0,0,0,0,0,0,0,0,0,0
ENSMUSG00000098557,Kctd12,257,289,336,311,219,111,232,295,235,252,218,185
ENSMUSG00000092901,Mir5130,0,0,0,0,0,0,0,0,0,0,0,0
ENSMUSG00000114980,4933432I03Rik,0,0,0,0,0,0,0,0,0,1,0,0
ENSMUSG00000091144,Phf11c,35,36,46,49,35,32,33,48,30,46,56,42
ENSMUSG00000115512,Rpl17-ps7,0,4,0,1,2,0,0,1,0,0,2,2
ENSMUSG00000115855,Gm34643,0,0,0,0,0,0,0,1,0,0,0,0
ENSMUSG00000022126,Acod1,17,21,37,25,4,9,26,40,15,18,11,6
ENSMUSG00000022125,Cln5,843,851,671,573,689,459,565,681,785,705,691,686
ENSMUSG00000022124,Fbxl3,1318,1358,1162,1221,1087,614,837,1172,1268,1181,977,971
ENSMUSG00000071350,Setdb2,312,344,302,305,277,219,235,303,310,293,295,312
ENSMUSG00000089643,Gm16301,1,2,1,1,1,0,0,1,1,0,2,2
ENSMUSG00000021981,Cab39l,513,581,488,486,523,437,467,567,541,418,511,487
ENSMUSG00000021982,Cdadc1,321,359,335,323,308,224,337,324,315,276,297,273
ENSMUSG00000114804,Gm18073,0,0,0,0,0,0,0,0,0,0,0,0
ENSMUSG00000044461,Shisa2,8,5,8,11,8,5,8,9,14,11,1,3
ENSMUSG00000021983,Atp8a2,11,15,15,9,6,2,7,12,12,9,8,6
ENSMUSG00000114593,Gm19716,0,0,0,0,0,0,1,0,0,0,0,0
ENSMUSG00000087286,Gm9013,6,6,5,10,3,12,4,6,3,8,3,3
ENSMUSG00000086112,4930563I02Rik,0,0,0,0,0,0,0,0,0,0,0,0
ENSMUSG00000075288,Gm6913,1,1,2,3,0,0,0,1,2,2,0,1
ENSMUSG00000072068,Gm16261,0,0,0,0,0,0,0,0,0,0,0,0
ENSMUSG00000063895,Nupl1,0,0,0,0,0,0,0,0,0,0,0,0
ENSMUSG00000033004,Mycbp2,6738,6969,5519,5171,4372,2741,3164,5088,5529,5520,4508,4453
ENSMUSG00000098111,Gm4654,31,27,14,17,14,12,19,43,14,13,16,10
ENSMUSG00000114797,Gm49336,2703,2428,2236,2086,2124,1864,1889,2308,2428,2354,2595,2479
ENSMUSG00000115099,1700087I21Rik,3,0,1,1,0,0,0,0,0,1,0,0
ENSMUSG00000115762,Gm34907,4,0,3,2,0,4,2,0,0,4,1,2
ENSMUSG00000114584,Gm47694,87,91,92,78,46,33,56,100,104,62,53,63
ENSMUSG00000076270,Mir719,0,0,0,0,0,0,0,0,0,0,0,0
ENSMUSG00000040818,Dennd6a,525,569,538,530,511,415,432,614,584,535,576,488
ENSMUSG00000021987,Mtmr6,778,896,660,721,707,475,590,718,736,690,698,668
ENSMUSG00000090861,Arf4os,5,5,3,5,2,0,1,7,6,2,0,11
ENSMUSG00000021986,Amer2,0,0,0,0,0,1,0,0,0,0,1,0
ENSMUSG00000114948,Gm6066,0,0,0,0,0,0,0,1,0,0,0,0
ENSMUSG00000101797,Gm29266,0,0,0,0,0,0,0,0,0,0,0,0
ENSMUSG00000114408,Gm47810,0,0,0,0,0,0,0,0,0,0,0,0
ENSMUSG00000021877,Arf4,4529,4676,3890,4054,4772,3258,4162,4455,4567,4058,4232,4133
ENSMUSG00000022123,Scel,5,12,3,11,3,1,4,7,5,4,3,2
ENSMUSG00000043702,Pde12,2327,2552,1836,1933,1868,1015,1624,1894,2203,2007,1869,1735
ENSMUSG00000098751,Mir7672,0,0,0,0,0,0,0,0,0,0,0,0
ENSMUSG00000096052,9930004E17Rik,5,13,4,6,4,2,6,9,6,6,8,7
ENSMUSG00000021990,Spata13,1132,1247,1099,1008,1229,763,1049,1305,1159,1082,1185,1158
ENSMUSG00000071347,C1qtnf9,0,0,0,1,0,0,0,0,0,1,0,1
ENSMUSG00000084951,Mipepos,0,1,0,0,0,0,0,1,0,0,0,0
ENSMUSG00000055717,Slain1,707,729,582,546,672,473,642,687,730,630,740,654
ENSMUSG00002076273,#N/A,1,0,1,0,0,0,0,0,0,1,1,1
ENSMUSG00000089707,Slain1os,0,0,0,0,0,0,0,0,1,0,0,0
ENSMUSG00000021879,Dnah12,119,106,108,148,159,136,93,115,147,129,181,176
ENSMUSG00000022122,Ednrb,1,0,0,0,1,0,0,0,0,1,0,0
ENSMUSG00000104311,Gm37910,0,0,0,0,0,0,0,0,0,0,0,0
ENSMUSG00000115727,4930432J09Rik,0,0,0,0,0,0,0,0,0,0,0,0
ENSMUSG00000115424,D130079A08Rik,0,0,0,0,0,1,0,0,0,1,2,0
ENSMUSG00000048349,Pou4f1,56,65,48,32,51,27,42,29,60,42,60,81
ENSMUSG00000022120,Rnf219,1334,1333,1176,1142,1288,1017,956,1177,1263,1260,1340,1200
ENSMUSG00000021993,Mipep,249,284,204,219,290,137,220,270,269,236,322,266
ENSMUSG00000115384,Gm49205,5,4,1,2,2,1,3,0,1,5,0,4
ENSMUSG00000077541,Gm22021,0,0,0,0,0,0,0,0,0,0,0,0
ENSMUSG00000115432,D130009I18Rik,0,0,0,0,0,0,0,0,0,0,0,0
ENSMUSG00000077719,Gm25724,0,0,0,0,0,0,0,0,0,0,0,0
ENSMUSG00000077425,Gm24280,0,0,0,0,0,0,0,0,0,0,0,0
ENSMUSG00000115195,Gm5671,0,0,0,0,0,1,0,0,0,0,0,0
ENSMUSG00000021898,Asb14,0,1,3,2,3,0,0,1,0,0,0,0
ENSMUSG00000040760,Appl1,2082,2283,1761,1782,1900,1726,1202,1801,1767,1823,1894,1747
ENSMUSG00000114785,Gm41115,0,0,0,0,0,0,0,0,0,0,0,0
ENSMUSG00000060548,Tnfrsf19,1,5,5,14,51,36,10,14,9,10,15,9
ENSMUSG00000040726,Hesx1,2,7,5,4,6,1,4,2,7,2,3,4
ENSMUSG00000115627,Gm41168,0,0,0,0,0,0,0,0,0,0,0,0
ENSMUSG00000048279,Sacs,3301,3439,2420,2604,2617,2286,1176,2695,2152,2883,2933,2708
ENSMUSG00000040717,Il17rd,13,7,7,9,5,5,3,21,9,10,10,6
ENSMUSG00000035296,Sgcg,0,0,0,0,0,1,0,0,0,0,0,0
ENSMUSG00000114920,Gm19097,0,0,0,0,0,0,0,0,0,0,0,0
ENSMUSG00000101505,1700109G14Rik,0,0,0,0,0,0,0,0,0,0,0,0
ENSMUSG00000043157,Arl11,4,1,1,2,0,1,1,1,1,1,0,0
ENSMUSG00000114642,Gm5461,2,1,0,0,0,1,1,1,1,1,2,0
ENSMUSG00000021928,Ebpl,83,86,39,70,66,24,69,61,75,56,76,60
ENSMUSG00002075443,#N/A,0,0,0,1,0,0,0,1,0,0,2,0
ENSMUSG00000021895,Arhgef3,2580,2749,1743,1866,1284,799,1186,1586,2169,2041,1263,1144
ENSMUSG00000114349,Gm7591,0,0,1,1,0,0,0,0,0,0,0,1
ENSMUSG00000114888,Gm49616,3,5,2,5,4,1,2,5,5,7,2,2
ENSMUSG00002076936,#N/A,0,0,0,0,0,0,0,0,0,0,0,0
ENSMUSG00000021929,Kpna3,4055,4062,3470,3529,3855,3782,2813,4026,3971,3909,4118,3788
ENSMUSG00000115618,Gm49298,0,0,0,0,0,0,0,0,0,0,0,0
ENSMUSG00000115595,Rps12-ps2,1,2,0,3,2,1,3,2,4,2,1,1
ENSMUSG00000115656,4930556J02Rik,0,0,0,0,0,0,0,0,0,0,0,0
ENSMUSG00000022119,Rbm26,3114,3287,2699,2537,2731,3207,1986,2945,2778,2959,3368,2905
ENSMUSG00000021930,Spryd7,373,406,329,332,309,296,301,329,354,350,291,267
ENSMUSG00000091509,Gm17066,205,111,155,135,145,238,181,188,204,203,259,209
ENSMUSG00000115802,Vmn1r-ps136,0,0,0,0,0,0,0,0,0,0,0,0
ENSMUSG00000115831,Gm48937,0,0,0,0,0,1,0,0,0,0,0,0
ENSMUSG00000114902,Gm4118,0,0,1,0,0,0,1,0,0,2,1,0
ENSMUSG00000115247,Gm6201,8,6,6,6,5,3,4,3,10,6,3,3
ENSMUSG00000119509,#N/A,0,0,0,1,0,0,0,0,0,0,0,0
ENSMUSG00000035235,Trim13,45,62,40,43,36,24,34,45,61,51,57,30
ENSMUSG00000040651,Tasor,881,823,703,639,936,831,465,640,818,831,1310,1342
ENSMUSG00000053253,Ndfip2,3202,3847,2973,3058,2693,1614,2353,2439,3270,2916,1829,1802
ENSMUSG00000064715,Gm24207,0,0,0,0,0,0,0,0,0,0,0,0
ENSMUSG00000086260,Gm16259,0,0,0,0,2,0,0,0,0,0,0,1
ENSMUSG00000115548,5430440P10Rik,0,2,0,0,0,0,0,0,1,0,0,0
ENSMUSG00000022116,4930449E01Rik,0,0,0,0,0,1,0,0,0,0,0,0
ENSMUSG00000115386,Gm35909,0,0,0,0,0,0,0,0,0,0,0,0
ENSMUSG00000115149,9330188P03Rik,0,0,2,1,1,0,0,0,0,0,0,0
ENSMUSG00000110080,Gm6145,0,0,0,0,1,0,0,0,0,0,0,0
ENSMUSG00000098780,Mir6390,0,0,0,0,0,0,0,0,0,0,0,0
ENSMUSG00000060143,Gm10076,7,11,7,9,11,38,12,9,3,8,7,3
ENSMUSG00002074953,#N/A,0,0,0,0,0,0,0,0,0,0,0,0
ENSMUSG00000046753,Ccdc66,547,632,473,466,507,738,421,523,515,527,689,551
ENSMUSG00000115796,Gm48970,0,0,0,0,0,0,0,0,0,0,0,0
ENSMUSG00002076276,#N/A,0,1,0,0,1,0,0,0,0,0,0,0
ENSMUSG00000064836,Gm25697,0,0,0,0,0,0,0,0,0,0,0,0
ENSMUSG00000114482,Gm7604,0,0,0,1,0,0,0,0,0,0,0,0
ENSMUSG00000022114,Spry2,814,846,449,427,388,188,306,297,568,515,357,329
ENSMUSG00000115800,Frg2f4,0,0,0,0,0,0,0,0,0,0,0,0
ENSMUSG00000090538,Gm4775,0,0,0,0,0,0,0,0,0,0,0,0
ENSMUSG00000022113,Trim52,0,0,0,0,0,0,0,0,0,0,1,0
ENSMUSG00000115501,Gm48971,0,0,0,0,0,0,0,0,0,0,0,0
ENSMUSG00000115754,Gm48972,0,0,0,0,0,0,0,0,0,0,0,0
ENSMUSG00000065193,Gm23459,0,0,0,0,0,0,0,0,0,0,0,0
ENSMUSG00000115439,Gm36107,0,0,0,0,0,0,0,0,0,0,0,0
ENSMUSG00000099794,1700128A07Rik,0,0,0,0,0,3,0,0,0,0,0,0
ENSMUSG00002076417,#N/A,0,0,0,0,0,0,0,0,0,0,0,0
ENSMUSG00000115695,Gm48973,0,0,0,0,0,0,0,0,0,0,0,0
ENSMUSG00000115763,Gm48974,1,2,0,0,1,0,3,1,0,0,0,1
ENSMUSG00000097589,Dleu2,194,216,181,192,334,293,179,244,212,210,359,371
ENSMUSG00000091723,Gm17366,0,0,0,0,0,0,0,0,0,0,0,1
ENSMUSG00000077224,Gm23437,0,0,0,0,0,0,0,0,0,0,0,0
ENSMUSG00000115510,Gm9334,0,0,0,0,0,0,0,0,0,0,0,0
ENSMUSG00000115741,Gm19146,0,0,0,0,0,0,0,0,0,0,0,0
ENSMUSG00000046168,Kcnrg,0,3,3,1,0,0,3,2,2,0,1,0
ENSMUSG00000115273,Gm9335,0,0,0,0,0,0,0,0,0,0,1,0
ENSMUSG00000098183,Gm27010,3,8,2,5,22,15,4,8,2,6,22,21
ENSMUSG00000115661,Gm48976,0,0,0,0,0,0,0,0,0,0,0,0
ENSMUSG00002075574,#N/A,0,0,0,0,0,0,0,0,0,0,0,0
ENSMUSG00000098088,Gm26916,0,0,0,0,0,0,0,0,0,0,0,0
ENSMUSG00000115562,Gm48977,0,0,0,0,0,0,0,0,0,0,0,0
ENSMUSG00000092995,Mir16-1,0,0,0,0,0,0,0,0,0,0,0,0
ENSMUSG00002076494,#N/A,0,0,0,0,0,0,0,0,0,0,0,0
ENSMUSG00000093007,Mir15a,0,0,0,0,0,0,0,0,0,0,0,2
ENSMUSG00000089455,Gm24229,0,0,0,0,0,0,0,0,0,0,0,0
ENSMUSG00002075420,#N/A,0,0,0,0,0,0,0,0,0,0,0,0
ENSMUSG00000058430,Rpl27a-ps2,0,0,2,1,4,3,4,3,1,3,2,0
ENSMUSG00002076244,#N/A,2,1,1,0,0,0,1,0,0,0,0,0
ENSMUSG00000097997,Gm27017,2,2,2,1,2,2,3,1,6,4,4,5
ENSMUSG00000075478,Slitrk1,0,0,0,0,0,1,0,0,0,0,1,0
ENSMUSG00002075607,#N/A,0,0,0,0,0,0,0,0,0,0,0,0
ENSMUSG00000115642,Gm18977,0,0,0,0,0,0,0,0,0,0,0,0
ENSMUSG00000103869,Gm37420,12,6,6,2,1,4,2,5,9,5,3,3
ENSMUSG00000115416,Gm7313,0,0,0,0,0,0,0,0,0,0,0,0
ENSMUSG00000102151,Gm37472,25,24,29,8,6,17,25,12,20,28,16,12
ENSMUSG00000104187,Gm37820,0,0,0,1,2,1,0,3,0,1,0,0
ENSMUSG00000089119,Gm25901,0,0,0,0,0,0,0,0,0,0,0,0
ENSMUSG00000114706,Gm47952,0,0,0,0,0,0,0,0,0,0,0,0
ENSMUSG00002076289,#N/A,0,0,0,0,0,0,0,0,0,0,0,0
ENSMUSG00000114368,Gm47953,0,0,0,0,0,0,0,0,0,0,0,0
ENSMUSG00002075588,#N/A,0,0,0,0,0,0,0,0,0,0,0,0
ENSMUSG00000115531,Gm35419,0,0,0,0,0,0,0,0,0,0,0,0
ENSMUSG00002076349,#N/A,0,0,0,0,0,0,0,0,0,0,0,0
ENSMUSG00000098096,Gm26969,0,0,0,0,0,0,0,0,0,0,0,0
ENSMUSG00000115336,Gm48980,0,0,0,0,0,0,0,0,0,0,0,0
ENSMUSG00000115606,Gm17932,0,0,0,0,0,0,0,0,0,0,0,0
ENSMUSG00000119581,#N/A,0,0,0,0,0,0,0,0,0,0,0,0
ENSMUSG00000084441,Gm26255,0,0,0,0,0,0,0,0,0,0,0,0
ENSMUSG00000048281,Dleu7,24,31,15,11,16,16,15,18,23,21,23,33
ENSMUSG00000045871,Slitrk6,0,0,1,0,0,0,0,0,0,0,0,0
ENSMUSG00000115165,Gm48987,0,0,0,0,0,0,0,0,0,0,0,0
ENSMUSG00000115349,Gm9348,0,0,0,0,0,0,0,0,0,0,0,0
ENSMUSG00002075245,#N/A,0,0,0,0,0,0,0,0,0,0,0,0
ENSMUSG00000115461,Gm48988,0,0,0,0,0,0,0,0,0,0,0,0
ENSMUSG00000115650,Gm48992,0,0,0,0,0,0,0,0,0,0,0,0
ENSMUSG00000115755,Gm48993,0,0,0,0,0,0,0,0,0,0,0,0
ENSMUSG00000115818,Gm18580,0,0,0,0,0,0,0,0,0,0,0,0
ENSMUSG00000021932,Rnaseh2b,582,651,607,605,648,413,726,700,629,580,686,584
ENSMUSG00000033214,Slitrk5,0,1,0,0,0,0,1,0,0,0,1,0
ENSMUSG00000118561,AC102368.2,0,0,0,0,0,0,0,0,0,0,0,0
ENSMUSG00000118534,AC102368.1,0,0,0,0,0,0,0,0,0,0,0,0
ENSMUSG00000115663,Gm48999,0,0,0,0,0,0,0,0,0,0,0,0
ENSMUSG00000088995,Gm22764,0,0,0,0,0,0,0,0,0,0,0,0
ENSMUSG00000115558,Gm49000,0,0,0,0,0,2,0,0,0,0,0,0
ENSMUSG00000115581,Gm20127,0,0,0,0,0,0,0,0,0,0,0,0
ENSMUSG00000058953,Gm4822,0,0,0,0,0,0,0,0,0,0,0,0
ENSMUSG00000115126,Gm19223,0,0,0,0,0,0,0,0,1,0,0,0
ENSMUSG00000115786,Gm4486,0,0,0,0,0,0,0,0,0,0,0,0
ENSMUSG00000115260,Gm49005,0,0,0,0,0,0,0,0,0,0,0,0
ENSMUSG00000058126,Tpm3-rs7,96,88,56,83,56,141,72,94,102,90,67,79
ENSMUSG00000086415,Gm4487,0,0,0,0,0,0,0,0,0,0,0,0
ENSMUSG00000115269,Gm5209,1,0,0,0,0,0,0,1,0,2,0,1
ENSMUSG00000115572,Gm18369,0,0,0,0,0,0,0,0,0,0,0,0
ENSMUSG00000115658,Gm19829,0,0,0,0,0,0,0,0,0,0,1,0
ENSMUSG00000103140,Gm37495,0,0,0,0,0,0,0,0,0,0,0,0
ENSMUSG00000115320,4930524C18Rik,0,0,0,0,0,0,0,0,0,0,0,0
ENSMUSG00000115309,Gm49010,0,0,0,0,0,0,0,0,0,0,0,0
ENSMUSG00000115372,1700100I10Rik,0,0,0,0,0,2,0,0,0,0,1,0
ENSMUSG00000114979,Gm31072,0,0,0,0,0,0,0,0,0,0,0,0
ENSMUSG00002076961,#N/A,0,0,0,0,0,0,0,0,0,0,0,0
ENSMUSG00000089726,Mir17hg,1310,1357,1190,1225,1877,1497,1244,1353,1370,1467,2224,2164
ENSMUSG00000065508,Mir17,0,0,0,0,0,0,0,0,0,0,0,0
ENSMUSG00000065403,Mir18,0,0,0,0,0,0,0,0,0,0,0,0
ENSMUSG00000065416,Mir19a,0,0,0,0,0,0,0,0,0,0,0,0
ENSMUSG00000065442,Mir20a,0,0,0,0,0,0,0,0,0,0,0,0
ENSMUSG00000076256,Mir19b-1,0,0,0,0,0,0,0,0,0,0,0,0
ENSMUSG00000076062,Mir92-1,0,0,0,0,0,0,0,0,0,0,0,0
ENSMUSG00000021933,Gucy1b2,0,0,0,0,0,0,0,0,0,0,0,0
ENSMUSG00000100486,Gm4131,0,0,0,0,0,0,0,0,0,0,0,0
ENSMUSG00000114292,Gm6076,0,0,0,0,0,1,0,0,0,0,0,0
ENSMUSG00000064556,Gm24625,0,0,0,0,0,0,0,0,0,0,0,0
ENSMUSG00000114488,Gm5802,0,0,0,0,0,0,0,1,0,0,0,0
ENSMUSG00000114571,Gm35595,0,0,0,0,0,0,0,0,0,0,0,0
ENSMUSG00000035184,Fam124a,11,6,11,11,11,19,5,11,10,3,12,2
ENSMUSG00000119196,#N/A,0,0,0,0,0,0,0,0,0,0,0,0
ENSMUSG00000022112,Gpc5,1,1,0,0,1,3,0,2,0,0,2,0
ENSMUSG00000093551,4930505G20Rik,0,0,0,0,0,0,0,0,0,0,0,0
ENSMUSG00000093589,Gm18367,0,0,0,1,0,0,0,0,0,0,0,0
ENSMUSG00000091155,Serpine3,0,0,0,0,0,0,0,0,0,0,0,0
ENSMUSG00000089531,Gm25162,0,0,0,0,0,0,0,0,0,0,0,0
ENSMUSG00000093497,Gm20713,0,0,0,0,0,0,0,0,0,0,0,0
ENSMUSG00000104296,Gm38045,0,0,0,0,0,0,0,0,0,0,0,0
ENSMUSG00000035161,Ints6,2030,2081,1780,1709,1823,1469,1484,1831,1826,1828,1838,1747
ENSMUSG00000115371,Gm18146,0,0,0,0,0,1,0,0,0,0,0,0
ENSMUSG00000114440,Gm47505,4,0,1,0,1,1,0,1,2,2,1,0
ENSMUSG00000040640,Erc2,0,0,0,1,0,6,0,0,0,0,0,0
ENSMUSG00000114653,Gm18398,0,0,0,0,0,0,0,0,0,0,0,0
ENSMUSG00000109849,Gm45645,0,0,0,0,0,0,0,0,0,0,0,0
ENSMUSG00000058571,Gpc6,0,0,0,0,0,0,0,0,0,0,0,0
ENSMUSG00000098648,Mir6239,0,0,0,0,0,0,0,0,0,0,0,0
ENSMUSG00000114503,Gm20242,0,0,0,0,0,0,0,0,0,0,0,0
ENSMUSG00000014547,Wdfy2,140,196,137,144,150,77,99,127,133,145,123,120
ENSMUSG00000099245,Mir8098,0,0,0,0,0,0,0,0,0,0,0,0
ENSMUSG00000098858,Mir6541,0,0,0,0,0,0,0,0,0,0,0,0
ENSMUSG00002076415,#N/A,0,0,0,0,0,0,0,0,0,0,0,0
ENSMUSG00000114403,Gm21021,0,0,0,0,0,0,0,0,0,0,0,0
ENSMUSG00000075574,Defb48,0,0,0,0,0,0,0,0,0,0,0,0
ENSMUSG00000075573,Defb47,0,0,0,0,0,0,0,0,0,0,0,0
ENSMUSG00000022129,Dct,0,0,0,0,1,0,0,0,0,0,0,0
ENSMUSG00000075572,Defb43,0,0,0,0,0,0,0,0,0,0,0,0
ENSMUSG00000114260,Gm19198,0,0,0,0,0,0,0,0,0,0,0,0
ENSMUSG00000115689,4930435M08Rik,1,0,0,0,0,1,0,0,0,0,0,0
ENSMUSG00000021994,Wnt5a,0,0,0,0,0,8,1,0,0,0,0,0
ENSMUSG00000097002,Gm2670,0,0,0,0,0,0,0,0,0,0,0,0
ENSMUSG00000075571,Defb30,0,0,0,0,0,0,0,0,0,0,0,0
ENSMUSG00000114818,Gm35164,0,0,0,0,0,0,0,0,0,0,0,0
ENSMUSG00000114201,Gm18079,5,7,8,12,7,2,4,8,8,9,5,1
ENSMUSG00000114577,Gm35217,0,0,0,0,0,0,0,0,0,0,0,0
ENSMUSG00000054763,Defb42,0,0,0,0,0,0,0,0,0,0,0,0
ENSMUSG00000114344,Gm17941,0,0,0,0,0,0,0,0,0,0,0,0
ENSMUSG00000064399,Gm23629,0,0,0,0,0,0,0,0,0,0,0,0
ENSMUSG00000021939,Ctsb,4293,4977,3423,3803,3134,1658,3385,3654,3832,3475,2721,2584
ENSMUSG00000022130,Tgds,475,626,413,402,484,279,449,417,454,435,517,428
ENSMUSG00000022131,Gpr180,346,389,263,340,334,113,338,312,332,300,366,346
ENSMUSG00000115774,4933431J24Rik,0,0,0,0,0,2,0,0,0,0,0,0
ENSMUSG00000061517,Sox21,8,10,14,2,2,2,3,5,3,3,5,5
ENSMUSG00000090534,Gm4675,1,2,1,4,2,0,0,4,0,0,1,0
ENSMUSG00000098612,Mir6241,0,0,0,0,0,0,0,0,0,0,0,0
ENSMUSG00000092109,Gm9376,0,0,0,0,0,0,0,0,0,0,0,0
ENSMUSG00000088095,Gm23669,0,0,0,0,0,0,0,0,0,0,0,0
ENSMUSG00000115258,Gm32093,0,0,0,0,0,0,0,0,0,0,0,0
ENSMUSG00000021991,Cacna2d3,0,0,0,0,0,10,0,0,0,0,0,0
ENSMUSG00000096997,Gm26791,0,0,0,0,0,0,0,0,0,0,0,0
ENSMUSG00000021273,Fdft1,505,517,417,475,284,202,406,492,477,412,334,290
ENSMUSG00002075438,#N/A,0,0,0,0,0,0,0,0,0,0,0,0
ENSMUSG00000099911,1700044C05Rik,0,0,0,0,0,0,0,0,0,0,0,0
ENSMUSG00000115515,Gm5672,0,0,0,0,0,0,0,0,0,0,0,0
ENSMUSG00000045776,Lrtm1,0,0,0,0,0,0,0,1,0,0,0,0
ENSMUSG00000114595,Gm48004,0,0,0,0,0,0,0,0,0,0,0,0
ENSMUSG00000075245,Gm6043,19,18,16,13,9,4,8,11,29,29,18,26
ENSMUSG00000114760,Gm48006,0,0,0,0,0,0,0,0,0,0,0,0
ENSMUSG00000035121,Neil2,15,12,12,12,16,6,5,11,14,6,24,18
ENSMUSG00000114758,Gm48005,0,0,0,0,0,0,0,0,0,0,0,0
ENSMUSG00000114704,Gm48003,0,0,0,0,0,0,0,0,0,0,0,0
ENSMUSG00000114570,Gm48058,0,0,0,0,0,0,0,0,0,0,0,0
ENSMUSG00000114815,Gm41118,0,0,0,0,0,1,0,0,0,0,0,0
ENSMUSG00000114774,Gm35281,0,0,0,0,0,0,0,0,0,0,0,0
ENSMUSG00000114606,Gm7633,0,0,1,0,0,0,0,0,0,0,0,0
ENSMUSG00000114424,Gm47414,3,0,0,1,5,0,3,1,2,0,2,2
ENSMUSG00000021944,Gata4,0,0,0,0,0,3,0,0,0,0,0,0
ENSMUSG00000114898,Gm49390,0,0,0,0,0,0,0,0,0,0,0,0
ENSMUSG00000042682,Selenok,556,681,519,529,434,244,617,535,540,402,433,390
ENSMUSG00000114892,Gm5463,0,0,0,0,0,0,0,0,0,0,0,0
ENSMUSG00000014453,Blk,6,12,15,9,15,2,8,6,7,9,12,4
ENSMUSG00000097948,Gm21430,1,1,0,0,1,0,1,0,1,2,0,0
ENSMUSG00000035095,Fam167a,9,10,6,3,3,4,5,3,8,3,2,2
ENSMUSG00000114258,Gm47074,0,0,0,0,0,0,0,0,0,0,0,0
ENSMUSG00000032849,Abcc4,1373,1443,1227,1229,1362,760,920,1372,1317,1283,1279,1203
ENSMUSG00000015971,Actr8,592,626,456,486,616,344,458,558,538,461,639,534
ENSMUSG00000104926,Mir6947,0,0,0,0,0,0,0,0,0,0,0,0
ENSMUSG00000115075,Gm49033,0,0,0,0,0,0,0,0,0,0,0,0
ENSMUSG00000021953,Tdh,1,1,2,2,5,0,0,0,3,6,1,0
ENSMUSG00000064644,Gm23302,0,0,0,0,0,0,0,0,0,0,0,0
ENSMUSG00000098433,Mir6391,0,0,0,0,0,0,0,0,0,0,1,0
ENSMUSG00000090374,Gm17232,0,0,0,0,0,0,0,0,0,0,0,0
ENSMUSG00000098630,Gm27198,0,0,0,0,0,0,0,0,0,0,0,0
ENSMUSG00000088105,Gm22379,0,0,0,0,0,0,0,0,0,0,0,0
ENSMUSG00000035078,Mtmr9,1015,1151,805,835,800,337,662,824,851,834,741,736
ENSMUSG00000087652,Gm15918,0,0,0,0,0,0,1,1,0,0,0,0
ENSMUSG00000035067,Xkr6,5,6,7,5,6,7,4,3,9,7,7,6
ENSMUSG00000076049,Mir598,0,0,0,0,0,0,0,0,0,0,0,0
ENSMUSG00000022132,Cldn10,5,9,2,8,1,3,12,5,5,4,0,1
ENSMUSG00000021958,Pinx1,1521,1706,1332,1247,1108,1272,1339,1529,1632,1501,1509,1354
ENSMUSG00002076279,#N/A,0,0,0,0,0,0,0,0,0,0,0,0
ENSMUSG00000063060,Sox7,0,0,1,0,0,2,0,1,0,0,1,0
ENSMUSG00000015966,Il17rb,0,0,1,1,0,1,0,0,0,0,0,0
ENSMUSG00000021961,4930578I06Rik,0,0,0,0,0,0,0,0,0,0,0,0
ENSMUSG00000046049,Rp1l1,0,0,0,0,0,0,0,0,0,0,0,0
ENSMUSG00000034623,Prss55,0,0,0,0,0,0,0,0,0,0,0,0
ENSMUSG00000015970,Chdh,1,0,0,0,2,4,0,0,0,0,1,1
ENSMUSG00000114705,Gm18760,0,0,0,0,0,0,0,0,0,0,0,0
ENSMUSG00000052099,Prss51,0,0,0,0,0,0,0,0,0,0,0,0
ENSMUSG00000091686,4930471C04Rik,0,1,0,0,0,0,0,0,0,0,0,0
ENSMUSG00000021966,Prss52,0,0,1,0,0,0,0,0,0,0,0,0
ENSMUSG00000090785,Gm17116,4,1,0,2,0,0,2,0,2,2,0,0
ENSMUSG00000114284,9630015K15Rik,0,0,0,0,0,1,0,0,0,0,0,0
ENSMUSG00000042156,Dzip1,18,19,40,30,29,34,32,36,33,33,20,14
ENSMUSG00000115718,Gm49179,0,0,0,0,0,1,0,1,0,0,0,0
ENSMUSG00000054733,Msra,349,354,314,336,361,166,347,352,392,338,378,303
ENSMUSG00000022136,Dnajc3,2992,2994,2332,2264,2332,1775,2020,2373,2537,2276,2462,2348
ENSMUSG00000114680,Gm47202,0,0,0,0,0,0,0,0,0,0,0,0
ENSMUSG00000115220,Gm49768,0,0,0,0,0,0,1,0,0,1,0,1
ENSMUSG00000097545,Mir124a-1hg,0,0,0,1,1,3,1,0,0,0,2,0
ENSMUSG00000065597,Mir124a-1,0,0,0,0,0,0,0,0,0,0,0,0
ENSMUSG00000092972,Mir3078,0,0,0,0,0,0,0,0,0,0,0,0
ENSMUSG00000060012,Kif13b,671,671,674,606,626,234,374,594,509,477,355,366
ENSMUSG00000064442,Gm26225,1,1,0,0,0,0,0,0,0,0,0,0
ENSMUSG00000042104,Uggt2,4,1,3,2,3,13,3,2,2,1,13,2
ENSMUSG00000087479,Gm16835,0,0,0,0,0,1,0,0,0,0,0,0
ENSMUSG00000053465,Hs6st3,0,1,0,0,0,1,0,0,0,0,0,1
ENSMUSG00000115684,Gm6087,2,0,0,1,0,0,0,1,0,0,0,0
ENSMUSG00000115196,Gm6212,0,0,0,0,0,0,0,0,0,0,0,0
ENSMUSG00000100274,1700006F04Rik,0,0,0,0,0,0,0,0,0,0,0,0
ENSMUSG00000115223,Gm48985,0,0,0,0,0,0,0,0,0,0,0,0
ENSMUSG00000115639,4930404K13Rik,0,0,0,0,0,0,0,0,0,0,0,0
ENSMUSG00000044819,Oxgr1,0,0,0,0,0,0,0,0,0,0,0,0
ENSMUSG00000115133,Gm20167,0,0,1,0,0,0,0,0,0,0,0,0
ENSMUSG00000115146,Gm4681,0,0,0,0,0,0,0,0,0,0,0,0
ENSMUSG00000114983,Gm48997,0,0,0,0,0,0,0,0,0,0,0,0
ENSMUSG00000022139,Mbnl2,491,545,513,454,413,307,381,516,316,362,474,393
ENSMUSG00000097903,Gm26679,0,0,2,0,0,0,0,0,0,0,0,0
ENSMUSG00000021972,Hmbox1,687,696,585,550,550,320,419,674,604,556,555,571
ENSMUSG00000051615,Rap2a,347,290,279,270,408,214,283,338,287,240,284,281
ENSMUSG00000115648,Gm49008,0,0,0,0,0,0,0,0,0,0,0,0
ENSMUSG00000115630,Rpl19-ps5,7,4,3,1,1,0,1,1,1,2,3,5
ENSMUSG00000102764,Gm37183,2,3,3,3,5,1,4,3,4,4,1,1
ENSMUSG00000090284,Gm17613,0,0,0,0,0,0,0,0,0,0,0,0
ENSMUSG00000098837,Gm20111,0,2,0,0,0,1,0,0,0,0,0,1
ENSMUSG00000119265,#N/A,0,0,0,0,1,0,0,0,0,0,0,0
ENSMUSG00000114686,Gm4573,0,0,0,0,0,0,0,0,0,0,0,0
ENSMUSG00000115835,Gm41253,0,0,0,0,0,3,0,0,0,0,0,0
ENSMUSG00000115163,Gm18076,0,0,0,0,0,0,1,0,0,0,0,0
ENSMUSG00000115028,Gm9391,1,0,0,0,0,0,0,0,0,0,0,0
ENSMUSG00000021975,Ints9,918,1017,753,770,755,667,743,890,881,779,819,766
ENSMUSG00000021978,Extl3,9628,9644,7891,7815,6771,2916,5090,6552,8042,7579,4782,4773
ENSMUSG00000114944,Gm48299,0,0,0,0,0,0,0,0,0,0,0,0
ENSMUSG00000114658,Gm30008,0,0,0,0,0,0,0,0,0,0,0,0
ENSMUSG00000114693,Gm41177,0,0,0,0,0,0,0,0,0,0,0,0
ENSMUSG00000007989,Fzd3,23,22,20,17,29,18,22,22,14,13,25,14
ENSMUSG00002074903,#N/A,0,0,0,0,0,0,0,0,0,0,0,0
ENSMUSG00000114878,Gm9086,0,0,0,0,0,0,0,0,0,0,0,0
ENSMUSG00000030662,Ipo5,18059,20022,15716,16181,15417,9723,12047,14872,16588,15590,14273,13152
ENSMUSG00000034532,Fbxo16,0,0,0,0,0,0,0,0,0,0,0,0
ENSMUSG00000114209,Gm48433,0,0,0,0,0,0,0,0,0,0,0,0
ENSMUSG00000114357,Gm48449,0,0,0,0,0,0,0,0,0,0,0,0
ENSMUSG00000034522,Zfp395,94,94,140,101,159,121,186,182,105,96,117,124
ENSMUSG00000025555,Farp1,2444,2736,2580,2695,1972,838,2073,2801,2172,2041,1442,1319
ENSMUSG00000085133,B930095G15Rik,596,616,587,611,425,305,409,622,499,503,403,385
ENSMUSG00000045731,Pnoc,0,3,1,1,2,2,0,0,0,0,0,0
ENSMUSG00000063410,Stk24,2949,3275,2558,2609,2496,1628,2587,3061,3005,2899,2361,2065
ENSMUSG00000115666,Gm49031,0,0,0,0,0,0,0,0,0,0,0,0
ENSMUSG00000115123,Gm33299,0,0,0,0,0,0,0,0,0,0,0,0
ENSMUSG00000025557,Slc15a1,5,5,1,3,2,3,1,10,5,7,6,4
ENSMUSG00000115390,Gm49035,0,0,0,0,0,0,0,0,0,0,0,0
ENSMUSG00000115408,Gm4529,12,17,9,21,10,1,16,20,18,9,3,6
ENSMUSG00000022031,Elp3,1420,1541,1102,1177,1487,775,1041,1181,1417,1293,1527,1409
ENSMUSG00000061356,Nuggc,0,0,2,0,0,1,1,3,0,0,0,2
ENSMUSG00000022032,Scara5,0,0,0,1,0,1,0,0,0,0,0,0
ENSMUSG00000022033,Pbk,482,516,581,651,1140,593,931,854,496,435,695,607
ENSMUSG00000022034,Esco2,184,224,239,234,387,354,263,371,172,210,280,240
ENSMUSG00000022035,Ccdc25,1023,1069,830,864,851,708,836,897,939,952,812,748
ENSMUSG00000034463,Scara3,2,3,1,1,1,0,0,3,1,0,1,0
ENSMUSG00000114844,Gm19222,0,0,0,0,0,1,0,0,0,0,0,0
ENSMUSG00000022037,Clu,7,6,3,7,4,2,1,1,3,4,1,2
ENSMUSG00000034450,Gulo,0,0,1,0,0,0,0,1,0,0,0,0
ENSMUSG00000022039,Adam2,0,0,0,0,0,0,0,0,0,0,0,0
ENSMUSG00000068165,Gm10233,0,0,0,0,0,0,0,0,0,0,0,0
ENSMUSG00000022040,Ephx2,0,0,0,0,0,0,1,1,0,0,1,0
ENSMUSG00000022041,Chrna2,0,0,0,0,0,0,0,1,0,0,0,0
ENSMUSG00000059456,Ptk2b,4162,4737,3174,3465,2109,1070,2139,2862,3279,3131,2312,2048
ENSMUSG00000085984,1700001G11Rik,0,3,1,4,7,8,5,2,1,4,7,2
ENSMUSG00000015968,Cacna1d,1,2,4,3,5,3,8,7,8,5,2,3
ENSMUSG00000022043,Trim35,2220,2482,1876,1929,1656,692,1592,2016,1840,1642,1391,1419
ENSMUSG00000114618,Gm41183,0,0,0,0,0,0,0,0,0,0,0,0
ENSMUSG00000118437,Gm50467,0,0,0,0,0,0,0,0,0,0,0,0
ENSMUSG00000114650,Gm47570,0,0,0,0,0,0,0,0,0,0,0,0
ENSMUSG00000114670,Gm18072,0,0,0,0,0,0,0,0,0,0,0,0
ENSMUSG00000114386,Gm47576,0,0,0,0,0,0,0,0,0,0,0,0
ENSMUSG00000114397,Gm7621,0,0,0,0,0,0,1,0,0,1,0,1
ENSMUSG00000114966,Gm18681,0,0,0,0,0,0,0,0,0,0,0,0
ENSMUSG00000022044,Stmn4,2,0,0,0,0,1,0,0,0,0,0,0
ENSMUSG00002076707,#N/A,0,0,0,0,0,0,0,0,0,0,0,0
ENSMUSG00000025558,Dock9,780,789,657,595,716,508,472,659,677,749,904,845
ENSMUSG00000045875,Adra1a,0,0,0,0,0,1,0,0,0,0,0,0
ENSMUSG00000057913,Gm10032,0,0,0,0,0,0,0,0,0,0,0,0
ENSMUSG00000114829,Gm9130,1,0,0,0,0,0,0,1,0,0,0,0
ENSMUSG00000115443,Gm9395,0,2,0,0,0,0,0,0,2,0,1,0
ENSMUSG00000021962,Dcp1a,2343,2457,2072,1912,1944,987,1637,2116,1909,1877,1841,1766
ENSMUSG00000102112,1810041H14Rik,18,24,22,20,35,14,23,18,27,23,20,20
ENSMUSG00000022048,Dpysl2,471,516,498,529,398,249,473,604,441,469,385,373
ENSMUSG00000075553,Gm5464,2,4,1,3,0,5,3,8,5,5,7,2
ENSMUSG00000041765,Ubac2,921,1140,766,740,874,286,722,768,868,783,940,906
ENSMUSG00000050350,Gpr18,1204,1363,801,984,568,368,795,848,1095,1035,754,706
ENSMUSG00000046204,Pnma2,0,2,0,1,1,0,1,0,0,0,0,1
ENSMUSG00000104220,4930578I07Rik,0,0,0,0,0,0,0,0,0,0,0,0
ENSMUSG00000114558,Gm9570,0,1,0,1,0,0,1,0,0,1,1,0
ENSMUSG00000065673,Gm24258,0,0,0,0,0,0,0,0,0,0,0,0
ENSMUSG00000051212,Gpr183,654,847,751,853,1068,612,912,978,961,899,758,642
ENSMUSG00000071229,Timm8a2,0,0,2,1,2,1,4,5,1,3,1,0
ENSMUSG00000115121,Gm49236,0,0,0,0,0,0,0,0,0,0,0,0
ENSMUSG00000085615,A330035P11Rik,5,5,4,3,9,13,1,6,10,2,9,8
ENSMUSG00000021957,Tkt,17330,17570,14030,15403,15026,6766,15326,17272,17501,15051,14440,13561
ENSMUSG00000022051,Bnip3l,165,213,163,179,127,98,215,251,158,168,152,161
ENSMUSG00000093156,Mir3076,1,0,0,0,0,0,0,1,1,2,0,0
ENSMUSG00000022052,Ppp2r2a,4005,4262,3274,3258,3261,3336,3195,3583,3825,3373,3445,3220
ENSMUSG00002075433,#N/A,0,0,0,1,0,0,0,0,0,0,0,0
ENSMUSG00000114697,Gm30806,0,0,0,0,0,0,0,0,0,0,0,0
ENSMUSG00000093744,Gm20675,0,0,0,0,0,5,0,0,0,0,0,0
ENSMUSG00000025544,Tm9sf2,3435,3838,3092,3072,3230,1817,2905,3256,3285,3044,2834,2619
ENSMUSG00000066538,Gm6254,4,0,1,1,3,9,3,2,3,7,1,3
ENSMUSG00000090674,Gm17082,9,3,4,6,3,6,4,7,9,4,6,5
ENSMUSG00000025545,Clybl,34,45,33,51,37,13,51,68,16,27,31,25
ENSMUSG00000100585,1700108J01Rik,0,0,0,0,0,0,0,0,0,0,0,0
ENSMUSG00000115263,Gm5089,0,0,0,0,0,0,0,0,0,0,1,0
ENSMUSG00000119874,#N/A,0,0,0,0,0,0,0,0,0,0,0,0
ENSMUSG00000064052,Gm5089,0,0,0,0,0,2,0,0,0,0,0,0
ENSMUSG00000041703,Zic5,5,5,1,8,4,2,2,1,3,2,10,6
ENSMUSG00000085555,2610035F20Rik,0,0,0,0,0,0,0,0,0,0,0,1
ENSMUSG00000061524,Zic2,0,0,0,2,1,2,0,3,2,0,0,0
ENSMUSG00000075465,Gm10837,0,1,0,0,1,3,0,0,0,0,1,0
ENSMUSG00000093669,Gm9399,0,0,0,0,0,1,0,0,0,0,0,0
ENSMUSG00000115652,Gm18143,0,0,0,0,0,0,0,0,0,0,0,0
ENSMUSG00000022053,Ebf2,0,0,1,0,0,4,0,0,0,0,0,0
ENSMUSG00002075933,#N/A,0,0,0,0,0,0,0,0,0,0,0,0
ENSMUSG00000075549,Gm6878,0,0,0,0,0,0,0,0,0,0,0,0
ENSMUSG00000093386,1700120O09Rik,0,0,0,0,0,0,0,0,0,0,0,0
ENSMUSG00000093472,4930438E09Rik,0,0,0,0,0,0,0,0,0,0,0,0
ENSMUSG00000093634,Gm10860,0,0,0,0,0,2,0,0,0,0,0,0
ENSMUSG00000114744,Gm38409,1,0,0,0,0,0,0,0,0,0,0,0
ENSMUSG00000077647,Gm24981,0,0,0,0,0,0,0,0,0,0,0,0
ENSMUSG00000114514,Gm47010,0,0,0,0,0,0,0,0,0,0,0,1
ENSMUSG00000093726,Gm20667,26,22,24,21,53,40,37,37,19,17,43,38
ENSMUSG00000041650,Pcca,98,103,102,86,98,61,88,116,74,82,118,105
ENSMUSG00000115256,Gm49259,2,2,1,0,1,0,4,2,2,1,0,0
ENSMUSG00000115264,Gm49260,0,1,0,0,0,4,0,1,1,0,0,0
ENSMUSG00000041625,Ggact,147,143,133,145,152,56,142,162,175,160,150,172
ENSMUSG00000075463,4930594M22Rik,10,10,7,10,4,7,17,12,6,5,10,9
ENSMUSG00000048922,Cdca2,550,575,559,579,864,523,624,720,500,489,682,688
ENSMUSG00000034327,Kctd9,628,604,552,484,506,330,421,530,540,494,485,450
ENSMUSG00000015812,Gnrh1,8,16,7,16,16,8,17,12,4,13,12,9
ENSMUSG00000044447,Dock5,664,725,503,468,463,321,333,605,542,492,470,498
ENSMUSG00000041594,Tmtc4,412,425,305,362,366,264,300,367,449,436,366,328
ENSMUSG00000098866,Mir6539,0,0,0,0,0,0,0,0,0,0,0,0
ENSMUSG00000114621,Gm31107,0,0,0,0,0,0,0,0,0,0,0,0
ENSMUSG00000085423,4930594M22Rik,0,2,0,0,1,2,0,1,0,1,0,0
ENSMUSG00000022054,Nefm,8,6,2,1,1,2,0,0,1,1,0,1
ENSMUSG00000115016,AA536875,0,0,0,0,0,0,0,0,0,0,0,0
ENSMUSG00000115758,Gm49294,0,0,0,0,0,0,0,0,0,0,0,0
ENSMUSG00000022055,Nefl,4,4,4,4,4,0,1,2,1,0,0,0
ENSMUSG00000114466,Gm19216,0,0,0,0,0,0,0,0,1,0,0,0
ENSMUSG00000087772,Gm22319,0,0,0,0,0,0,0,0,0,0,0,0
ENSMUSG00000114925,Gm47212,0,0,0,0,0,0,0,0,0,0,0,0
ENSMUSG00000114396,Gm31227,0,0,0,0,0,0,0,0,0,0,0,0
ENSMUSG00000021948,Prkcd,2134,2363,1905,1871,1976,933,1811,2041,2156,1990,1606,1574
ENSMUSG00000114553,Gm7644,0,0,0,0,0,0,0,0,0,0,0,0
ENSMUSG00000022056,Adam7,0,0,0,0,0,0,0,0,0,0,0,0
ENSMUSG00000022057,Adamdec1,0,0,0,0,0,0,0,0,0,0,0,0
ENSMUSG00000000197,Nalcn,0,0,0,0,1,4,0,0,0,0,0,0
ENSMUSG00000115674,Gm49297,0,0,0,0,0,0,0,0,0,0,0,0
ENSMUSG00000052395,Rft1,239,310,234,245,225,113,197,240,230,290,207,172
ENSMUSG00000032925,Itgbl1,0,0,0,0,0,0,0,0,0,0,0,0
ENSMUSG00000082793,Gm9308,1,0,0,0,0,0,0,0,1,3,0,1
ENSMUSG00000077481,Gm25272,0,0,0,0,0,0,0,0,0,0,0,0
ENSMUSG00000025551,Fgf14,0,0,0,0,2,2,0,0,0,0,0,1
ENSMUSG00000101445,Gm28932,0,0,0,0,0,0,0,0,0,0,0,0
ENSMUSG00000082738,Gm15422,0,0,0,0,0,0,0,0,0,0,0,0
ENSMUSG00000099994,1700024B18Rik,0,0,0,0,0,0,0,0,0,0,0,0
ENSMUSG00000115472,Gm49070,0,0,0,0,0,0,0,0,0,0,0,0
ENSMUSG00000115191,Gm49071,0,0,0,0,0,0,0,0,0,0,0,0
ENSMUSG00000108568,Olfr277-ps1,0,0,0,0,0,0,0,0,0,0,0,0
ENSMUSG00000114970,Gm49069,0,0,0,0,0,0,0,0,0,0,0,0
ENSMUSG00000115490,4930404O17Rik,0,0,0,0,0,0,0,0,0,0,0,0
ENSMUSG00000014725,Adam28,0,0,0,0,0,1,0,0,0,0,0,0
ENSMUSG00000114641,Gm46476,0,0,0,0,0,0,0,0,0,0,0,0
ENSMUSG00000114679,Gm47256,0,0,0,0,0,0,0,0,0,0,0,0
ENSMUSG00000114833,Gm41192,0,0,0,0,0,0,0,0,0,0,0,0
ENSMUSG00000014813,Stc1,13,26,31,38,11,15,35,34,12,15,1,1
ENSMUSG00000098713,Rps2-ps5,2,1,4,3,1,2,2,0,1,3,3,3
ENSMUSG00000092499,1700092C10Rik,0,0,0,0,0,0,0,0,0,0,0,0
ENSMUSG00000044186,Nkx2-6,0,0,0,0,0,0,0,0,0,0,0,0
ENSMUSG00000022061,Nkx3-1,0,0,0,1,0,1,0,0,0,0,0,0
ENSMUSG00000102999,Gm37762,0,0,0,1,0,1,0,0,0,0,0,0
ENSMUSG00000034248,Slc25a37,1633,1711,1526,1499,1458,920,1295,1585,1529,1375,1633,1434
ENSMUSG00000098248,Gm27222,0,0,0,0,0,0,0,0,0,0,0,0
ENSMUSG00000103065,Gm20236,0,0,0,0,0,0,0,0,0,0,0,0
ENSMUSG00000104405,Gm31748,0,0,0,0,0,0,0,0,0,0,0,0
ENSMUSG00000098255,Gm27223,0,0,0,0,0,0,0,0,0,0,0,0
ENSMUSG00000047977,Synb,0,0,0,0,0,0,0,0,0,0,0,0
ENSMUSG00000097511,Gm16677,0,0,0,0,0,0,0,0,0,0,0,0
ENSMUSG00000095463,Entpd4,0,0,0,0,0,0,0,0,0,0,0,0
ENSMUSG00000098270,Gm27221,0,0,0,0,0,0,0,0,0,0,0,0
ENSMUSG00000093954,Gm16867,0,0,0,0,0,0,0,0,0,0,0,0
ENSMUSG00000094526,Gm21451,0,0,0,0,0,0,0,0,0,0,0,0
ENSMUSG00000102660,Gm38378,0,0,0,0,0,0,0,0,0,0,0,0
ENSMUSG00000103720,Gm37094,0,0,0,0,0,0,0,0,0,0,0,0
ENSMUSG00000102611,Gm37847,0,0,0,0,0,0,0,0,0,0,0,0
ENSMUSG00000099315,Gm27175,0,0,0,0,0,0,0,0,0,0,0,0
ENSMUSG00000098773,Gm27179,0,0,0,0,0,0,0,0,0,0,0,0
ENSMUSG00000098784,Gm27174,0,0,0,0,0,0,0,0,0,0,0,0
ENSMUSG00000022066,Entpd4b,0,0,0,0,0,0,0,0,0,0,0,0
ENSMUSG00000099027,Gm27176,0,0,0,0,0,0,0,0,0,0,0,0
ENSMUSG00000098975,Gm27177,0,0,0,0,0,0,0,0,0,0,0,0
ENSMUSG00000034205,Loxl2,4,10,12,8,3,11,3,12,3,0,1,3
ENSMUSG00000104371,Gm37513,0,0,0,0,0,0,0,0,0,0,0,0
ENSMUSG00000006527,Sfmbt1,1053,1089,929,951,865,614,753,943,989,878,1001,893
ENSMUSG00000098666,Mir6950,0,0,0,0,0,0,0,0,0,0,0,0
ENSMUSG00000115723,1700087M22Rik,0,0,0,0,0,0,0,0,0,0,0,0
ENSMUSG00000115370,Gm15667,8,4,10,6,0,0,3,7,7,7,3,1
ENSMUSG00000034194,R3hcc1,579,597,457,428,481,321,524,507,577,493,543,529
ENSMUSG00000006526,Stimate,381,421,335,318,293,115,321,349,381,320,299,285
ENSMUSG00000042485,Mustn1,3,9,5,9,7,5,8,8,6,5,6,9
ENSMUSG00000034190,Chmp7,1076,1200,817,869,963,467,902,885,1083,886,957,901
ENSMUSG00000114316,Gm17740,0,0,0,0,0,0,0,0,0,0,1,0
ENSMUSG00000022074,Tnfrsf10b,621,729,573,574,600,447,435,551,505,459,538,506
ENSMUSG00000022075,Rhobtb2,437,416,294,320,358,166,336,352,376,362,467,374
ENSMUSG00000022085,Pebp4,0,0,0,0,0,0,0,0,0,0,0,0
ENSMUSG00000114446,Gm33524,2,1,1,0,0,0,0,0,0,1,0,0
ENSMUSG00000033730,Egr3,704,668,872,802,546,324,679,964,551,604,529,407
ENSMUSG00000022089,Bin3,737,892,624,665,546,299,612,753,763,641,543,520
ENSMUSG00000033712,Ccar2,1161,1210,1046,1117,1067,381,967,1209,1118,1042,1172,1140
ENSMUSG00000044551,9930012K11Rik,13,12,9,15,8,5,13,10,17,5,7,14
ENSMUSG00000022090,Pdlim2,655,751,424,396,405,149,447,442,578,567,505,473
ENSMUSG00000022091,Sorbs3,36,37,21,17,13,13,18,27,23,26,34,21
ENSMUSG00000115186,Gm49417,0,0,0,0,0,0,0,0,0,0,0,0
ENSMUSG00000022092,Ppp3cc,1066,1173,880,985,960,571,947,1049,1101,1001,1159,1086
ENSMUSG00000115645,Gm49288,1,1,1,0,0,0,1,2,1,3,1,1
ENSMUSG00002076268,#N/A,1,0,0,0,0,0,0,0,1,0,0,0
ENSMUSG00000115025,Gm4240,0,0,0,0,0,0,0,0,1,1,1,0
ENSMUSG00000021922,Itih4,0,1,1,3,0,1,1,0,0,0,2,1
ENSMUSG00000022094,Slc39a14,2421,2723,1928,1843,1655,668,1331,1659,1933,1903,1724,1551
ENSMUSG00000058745,Gm9174,0,0,0,0,0,0,1,0,0,1,0,0
ENSMUSG00000006522,Itih3,0,0,0,0,0,1,0,0,0,0,0,0
ENSMUSG00000033644,Piwil2,107,122,75,70,61,21,61,78,96,68,64,71
ENSMUSG00000088717,Gm22725,0,0,0,0,0,0,0,0,0,0,0,0
ENSMUSG00000077577,Gm24890,0,0,0,0,0,0,0,0,0,0,0,0
ENSMUSG00000006529,Itih1,1,1,1,0,1,1,1,0,0,1,2,0
ENSMUSG00000000776,Polr3d,2503,2653,2024,2046,1795,1107,1860,2127,2198,1968,1957,1717
ENSMUSG00000065528,Mir320,1,0,0,0,1,0,1,1,0,0,0,0
ENSMUSG00000003469,Phyhip,3,1,3,1,3,1,2,2,1,2,0,0
ENSMUSG00000114615,Gm48370,0,0,0,0,0,0,0,0,0,0,0,0
ENSMUSG00000114298,Gm48371,0,0,0,0,0,0,0,0,0,0,0,0
ENSMUSG00000022098,Bmp1,21,25,30,36,42,9,27,30,24,29,24,28
ENSMUSG00000060579,Fhit,7,5,3,3,2,1,5,1,2,4,1,2
ENSMUSG00000089795,Hmgb3-ps,0,0,0,0,0,0,0,0,0,0,0,0
ENSMUSG00000089686,Mnd1-ps,0,0,0,0,1,0,3,0,0,0,0,0
ENSMUSG00000022097,Sftpc,0,0,0,0,0,0,0,0,0,0,0,0
ENSMUSG00000114691,Gm48438,2,0,0,0,0,0,0,0,0,0,0,0
ENSMUSG00000114467,Gm48430,0,0,0,0,0,0,0,0,0,0,0,0
ENSMUSG00000114391,Gm48439,0,0,0,0,0,0,0,0,0,0,0,0
ENSMUSG00000114749,Gm48442,0,0,0,0,0,0,0,0,1,1,1,0
ENSMUSG00000065328,Gm22053,0,0,0,0,0,0,0,0,0,0,0,0
ENSMUSG00000089833,Fhitos,0,0,0,0,0,2,0,0,0,0,0,0
ENSMUSG00000114305,Gm48437,0,0,0,0,0,0,0,0,0,0,0,0
ENSMUSG00000089785,Slc25a5-ps,1,2,0,3,2,3,0,2,2,2,3,0
ENSMUSG00000072714,Rpl21-ps4,6,2,2,3,0,4,3,2,9,8,1,6
ENSMUSG00000097148,Gm3839,6,5,8,4,3,1,6,6,7,8,2,6
ENSMUSG00000099218,Mir5124b,0,0,0,0,0,0,0,0,0,0,0,0
ENSMUSG00000119857,#N/A,0,0,0,0,0,0,0,0,0,0,0,0
ENSMUSG00000114216,Gm48592,0,0,0,0,0,0,0,0,0,0,0,0
ENSMUSG00000114786,Gm48594,0,0,0,0,0,0,0,0,0,0,0,0
ENSMUSG00000033595,Lgi3,0,1,0,0,0,0,0,0,0,0,0,0
ENSMUSG00000114850,Gm8438,0,0,0,0,0,0,0,0,0,0,0,0
ENSMUSG00000114849,Gm48595,0,0,0,0,0,0,0,0,0,0,0,0
ENSMUSG00000114310,Gm48602,0,0,0,0,0,0,0,0,0,0,0,0
ENSMUSG00000114431,Gm48601,0,0,0,0,0,0,0,0,0,0,0,0
ENSMUSG00000114267,Gm48600,0,1,1,1,0,5,2,0,0,0,0,0
ENSMUSG00000033589,Reep4,925,948,769,809,1152,459,1001,1080,902,715,1054,1005
ENSMUSG00000114246,Gm48603,0,0,0,0,0,0,0,0,0,0,0,0
ENSMUSG00000114378,Gm49355,1,2,0,1,0,0,0,0,0,0,1,1
ENSMUSG00000033111,3830406C13Rik,156,167,131,131,215,140,131,121,149,161,251,213
ENSMUSG00000114853,D030051J21Rik,0,0,1,0,0,0,0,0,0,0,0,0
ENSMUSG00000077158,Gm24578,0,0,0,0,0,1,0,0,0,0,0,0
ENSMUSG00000021743,Fezf2,0,0,0,1,0,0,1,1,1,0,0,0
ENSMUSG00000021918,Nek4,373,312,324,296,370,280,274,334,357,335,417,388
ENSMUSG00000022096,Hr,10,4,4,6,6,3,5,6,9,3,8,2
ENSMUSG00000045211,Nudt18,163,148,121,122,127,29,106,93,165,132,101,127
ENSMUSG00000021917,Spcs1,1134,1336,953,997,1112,349,1167,978,1158,1003,988,867
ENSMUSG00000022095,Fam160b2,535,585,447,441,368,292,323,435,477,451,450,390
ENSMUSG00000021843,Ktn1,1399,1606,1194,1312,1281,1342,922,1357,1077,1303,1360,1253
ENSMUSG00000115719,4930538L07Rik,0,0,0,0,0,0,0,0,0,0,0,0
ENSMUSG00000115215,Gm41148,0,0,0,0,0,0,0,0,0,0,0,0
ENSMUSG00000115046,Gm49302,0,0,0,0,0,0,0,0,0,0,0,0
ENSMUSG00000115310,Gm35360,0,0,0,0,0,0,0,0,0,0,0,0
ENSMUSG00000115609,4930447J18Rik,0,0,0,0,0,0,0,0,0,0,0,0
ENSMUSG00000114989,Gm49303,0,0,0,0,0,0,0,0,0,0,0,0
ENSMUSG00000115403,Gm49304,0,0,0,0,0,0,0,0,0,0,0,0
ENSMUSG00000115425,Gm49305,0,0,0,0,0,0,0,0,0,0,0,0
ENSMUSG00000115060,Gm49306,0,0,0,0,0,0,0,0,0,0,0,0
ENSMUSG00000062081,Gm6055,17,10,10,10,6,1,7,7,31,19,12,15
ENSMUSG00000021916,Glt8d1,116,150,114,99,101,76,125,131,96,91,111,103
ENSMUSG00000054423,Cadps,0,0,0,0,0,6,0,0,0,0,0,0
ENSMUSG00000114230,Gm48239,0,0,0,0,0,0,0,0,0,0,0,0
ENSMUSG00000114624,Gm48267,0,0,0,0,0,0,0,0,0,0,0,0
ENSMUSG00002076656,#N/A,0,0,0,0,0,0,0,0,0,0,0,0
ENSMUSG00000114453,Gm17805,2,1,1,1,0,0,3,1,3,1,1,3
ENSMUSG00000114312,Gm18077,0,1,0,0,0,0,1,1,1,0,2,0
ENSMUSG00000114626,Gm48266,0,0,0,0,0,0,0,0,0,0,0,0
ENSMUSG00000021741,Gm5457,0,0,0,0,0,0,0,0,1,0,0,0
ENSMUSG00000114561,Gm48515,0,0,0,0,0,0,0,0,0,0,0,0
ENSMUSG00000114421,Gm48526,0,0,0,0,0,0,0,0,0,0,0,0
ENSMUSG00000021846,Peli2,6,10,9,13,9,7,3,7,5,7,3,5
ENSMUSG00000115790,9530086P17Rik,0,0,0,0,0,0,0,0,0,0,0,0
ENSMUSG00000115686,Gm49310,0,0,0,0,0,0,0,0,0,0,0,0
ENSMUSG00000051729,Gm5087,0,0,0,0,0,0,0,0,0,0,0,0
ENSMUSG00000115555,Gm49307,0,0,0,0,0,0,0,0,0,0,0,0
ENSMUSG00000063885,Gm6498,0,0,0,0,0,0,0,0,0,1,0,0
ENSMUSG00000114991,1700128I11Rik,0,0,0,0,0,0,0,0,0,0,0,0
ENSMUSG00002076845,#N/A,0,0,0,0,0,0,0,0,0,0,0,0
ENSMUSG00000115687,Gm18962,0,0,0,0,0,0,0,0,0,0,0,0
ENSMUSG00000098192,Gm3534,13,19,6,11,7,1,7,6,11,10,4,10
ENSMUSG00000056296,Synpr,0,0,0,0,0,0,0,0,0,0,0,0
ENSMUSG00000081115,Gm15913,0,0,0,0,0,0,0,0,0,0,0,0
ENSMUSG00000044772,Sntn,0,0,0,0,0,0,0,0,0,0,0,0
ENSMUSG00000091818,Rpl19-ps4,0,2,1,1,1,2,2,2,0,0,0,0
ENSMUSG00002075708,#N/A,0,0,0,0,0,0,0,0,0,0,0,0
ENSMUSG00000114480,Gm3637,0,0,0,0,0,0,0,0,0,0,0,0
ENSMUSG00000042354,Gnl3,6954,7834,6275,6512,6326,4499,5788,6543,6621,6076,6476,5944
ENSMUSG00000077212,Snord69,0,0,0,0,0,0,0,0,0,0,0,0
ENSMUSG00000087912,Gm24916,0,0,0,0,0,0,0,0,0,0,0,0
ENSMUSG00000077797,Snord19,0,0,0,0,0,0,0,0,0,0,0,0
ENSMUSG00000022099,Dmtn,9,1,6,3,5,12,1,9,3,5,7,6
ENSMUSG00000022101,Fgf17,0,2,0,0,1,0,1,0,3,1,0,1
ENSMUSG00000047911,Npm2,7,3,4,0,2,1,6,10,0,2,2,3
ENSMUSG00000036339,Tmem260,537,583,447,459,510,263,327,463,501,457,445,512
ENSMUSG00000115756,Gm49519,0,0,1,0,1,0,0,1,4,4,0,0
ENSMUSG00000115316,Gm49096,0,0,0,1,0,0,0,0,0,0,0,0
ENSMUSG00000115725,4930572G02Rik,1,2,2,1,2,0,2,0,2,3,0,1
ENSMUSG00000115636,Gm49120,0,0,0,0,0,0,0,0,0,0,0,0
ENSMUSG00000115376,Gm35766,0,0,0,0,0,1,0,0,0,0,1,0
ENSMUSG00000115669,Gm49151,0,0,0,0,0,0,0,1,0,0,0,1
ENSMUSG00002075402,#N/A,0,0,0,0,0,0,0,0,0,0,0,0
ENSMUSG00000021848,Otx2,0,0,0,0,0,2,0,1,0,0,0,0
ENSMUSG00000098682,Otx2os1,0,0,0,0,0,4,0,0,0,0,0,0
ENSMUSG00000115599,Gm49154,0,0,0,0,0,0,0,0,0,0,0,0
ENSMUSG00000115194,Gm48909,0,2,1,2,2,2,0,1,3,1,0,1
ENSMUSG00000119848,#N/A,0,0,0,0,0,0,0,0,0,0,0,0
ENSMUSG00000115429,Gm49153,0,0,0,0,0,0,0,0,0,0,0,0
ENSMUSG00000115579,Gm49156,0,0,0,0,0,0,0,0,0,0,0,0
ENSMUSG00000093117,Gm22699,0,0,0,0,0,0,0,0,0,0,0,0
ENSMUSG00000115130,Gm49152,0,0,0,0,0,1,0,0,0,0,0,0
ENSMUSG00000115380,Gm46453,0,0,0,0,1,0,0,0,0,0,0,0
ENSMUSG00000115348,Gm49155,0,0,0,0,0,0,0,0,0,0,0,0
ENSMUSG00000115398,Gm534,0,0,0,0,0,0,0,0,0,0,0,0
ENSMUSG00000115008,4933429O19Rik,0,0,0,0,0,0,0,0,0,0,0,0
ENSMUSG00000087754,Gm23470,0,0,0,0,0,0,0,1,0,0,0,0
ENSMUSG00000061244,Exoc5,2886,3091,2501,2457,2203,1734,1824,2456,2602,2635,2381,2283
ENSMUSG00000115624,Gm49204,106,96,114,95,39,50,59,88,77,103,75,58
ENSMUSG00000022100,Xpo7,2751,2721,2345,2183,2703,1673,1830,2546,2543,2387,2898,2560
ENSMUSG00000115387,Gm49244,2,1,0,1,2,4,3,1,4,0,0,0
ENSMUSG00000022102,Dok2,901,930,482,538,497,142,598,619,715,627,708,670
ENSMUSG00000099528,2410012E07Rik,0,0,0,0,0,0,0,0,0,0,0,0
ENSMUSG00000036291,Ap5m1,514,516,424,441,476,310,350,495,452,466,519,477
ENSMUSG00000115737,Rpl19-ps3,4,5,1,7,2,3,0,3,1,2,2,1
ENSMUSG00000036282,Naa30,1405,1222,1039,979,1177,910,991,1144,1355,1221,1290,1314
ENSMUSG00000115772,Gm48935,0,1,0,0,1,0,0,0,0,0,1,1
ENSMUSG00000022103,Gfra2,23,13,8,11,7,12,4,8,2,13,5,5
ENSMUSG00000115671,Gm49289,0,1,2,0,1,0,0,0,0,3,0,0
ENSMUSG00000115139,Gm4251,0,0,0,0,0,0,0,0,0,0,0,0
ENSMUSG00000104288,Gm37455,0,0,0,0,0,0,0,0,0,0,0,0
ENSMUSG00000115286,4930429C20Rik,0,0,0,0,0,0,0,0,0,0,0,0
ENSMUSG00000098064,Gm9192,2,0,0,1,1,0,1,0,0,0,0,3
ENSMUSG00000115304,4930434J06Rik,0,0,0,0,0,0,0,0,0,0,0,0
ENSMUSG00000064485,Gm23735,0,0,0,0,0,0,0,0,0,0,0,0
ENSMUSG00000115061,Gm49290,0,0,0,0,0,0,0,0,0,0,0,0
ENSMUSG00000109446,Gm9195,0,0,0,0,0,0,0,0,0,0,0,0
ENSMUSG00000021850,ccdc198,0,0,0,0,0,0,0,0,0,0,0,0
ENSMUSG00000108975,Mlnr-ps,0,0,0,0,1,0,0,0,0,0,1,0
ENSMUSG00000115389,Gm48936,0,0,0,1,1,2,1,1,2,0,0,1
ENSMUSG00000021852,Slc35f4,0,0,0,0,0,0,0,0,0,0,0,0
ENSMUSG00000115096,Gm48940,0,0,0,0,0,0,0,0,0,0,0,0
ENSMUSG00000089416,Gm22116,0,0,0,0,0,0,0,0,0,0,0,0
ENSMUSG00002075370,#N/A,0,0,0,0,0,0,0,0,0,0,0,0
ENSMUSG00000033487,Fndc3a,1814,1981,1354,1405,845,760,857,1324,1387,1424,1267,1190
ENSMUSG00000090216,Gm16549,0,0,0,0,0,0,0,0,0,0,0,0
ENSMUSG00000036242,Armh4,0,0,0,0,0,0,0,0,0,1,0,1
ENSMUSG00000082967,Gm16082,0,0,0,0,1,0,0,0,1,0,0,0
ENSMUSG00000115494,Gm49293,0,0,0,0,0,0,0,0,0,0,0,0
ENSMUSG00000115787,Gm36146,0,0,0,0,0,0,0,0,0,0,0,0
ENSMUSG00000115532,Gm41206,0,0,0,0,0,0,0,0,0,0,0,0
ENSMUSG00000115742,Gm48950,0,0,0,0,0,0,0,0,0,0,0,0
ENSMUSG00000115228,Gm48948,0,0,0,0,0,0,0,0,0,0,0,0
ENSMUSG00000115611,Gm4606,0,0,0,0,0,0,0,0,0,0,0,0
ENSMUSG00002075768,#N/A,0,0,0,0,0,0,0,0,0,0,0,0
ENSMUSG00000115475,Gm49295,0,0,0,0,0,0,0,0,0,0,0,0
ENSMUSG00000115085,Gm9198,0,0,0,0,0,0,0,1,0,0,0,1
ENSMUSG00000115212,Gm8417,0,0,0,0,0,0,0,0,0,0,0,0
ENSMUSG00000048933,Olfr722,0,0,0,0,0,0,0,0,0,0,0,0
ENSMUSG00000093825,Olfr723,0,0,0,0,0,0,0,0,0,0,0,0
ENSMUSG00000096254,Olfr724,0,0,0,0,0,0,0,0,0,0,0,0
ENSMUSG00000115556,Gm49133,0,0,0,0,0,0,0,0,0,0,0,0
ENSMUSG00000068437,Olfr725,0,0,0,0,0,0,0,0,0,0,0,0
ENSMUSG00000102189,Gm37194,1481,1023,1888,1311,915,65,2179,1968,1317,1435,541,906
ENSMUSG00000033470,Cysltr2,162,185,153,189,142,82,164,205,130,142,182,156
ENSMUSG00000060523,Olfr726,0,0,0,0,0,0,0,0,0,0,0,0
ENSMUSG00000059488,Olfr727,0,0,0,0,0,0,1,0,0,0,0,0
ENSMUSG00000050030,Olfr728,0,0,0,0,0,0,0,0,0,0,0,0
ENSMUSG00000049011,Olfr729,0,0,0,0,0,0,0,0,0,0,0,0
ENSMUSG00000109835,Olfr730,0,0,0,0,0,0,0,0,0,0,0,0
ENSMUSG00000048080,Olfr731,0,0,0,0,0,0,0,0,0,0,0,0
ENSMUSG00000091873,Olfr732,0,0,0,0,0,1,0,0,0,0,0,0
ENSMUSG00000090874,Olfr733,0,0,0,0,0,0,0,0,0,0,0,0
ENSMUSG00000045306,Olfr734,0,0,0,0,0,0,0,0,0,0,0,0
ENSMUSG00000046210,Olfr735,0,0,0,0,0,0,0,0,0,0,0,0
ENSMUSG00000051969,Tlr11,0,0,0,0,0,0,0,0,0,0,0,0
ENSMUSG00000047716,Olfr736,0,0,0,0,0,0,0,0,0,0,0,0
ENSMUSG00000094692,Olfr738,0,0,0,0,0,2,0,0,0,0,0,0
ENSMUSG00000108380,Olfr737-ps1,0,0,0,0,0,0,0,0,0,0,0,0
ENSMUSG00000057903,Olfr739,0,0,0,0,0,0,0,0,0,0,0,0
ENSMUSG00000095917,Olfr740,0,0,0,0,0,1,0,0,0,0,0,0
ENSMUSG00000095765,Olfr741,0,0,0,0,0,0,0,0,0,0,0,0
ENSMUSG00000068431,Olfr742,0,0,0,0,0,0,0,0,0,0,0,0
ENSMUSG00000094285,Olfr743,0,0,0,0,0,0,0,0,0,0,0,0
ENSMUSG00000115034,Gm19109,0,0,0,0,0,0,0,0,0,0,0,0
ENSMUSG00000114272,Gm36704,0,0,0,0,0,0,0,0,0,0,0,0
ENSMUSG00000114630,Gm48105,0,0,0,0,0,0,0,0,0,0,0,0
ENSMUSG00000096709,Gm7352,0,0,0,0,0,0,0,0,0,0,0,0
ENSMUSG00000114947,Gm18577,0,0,0,0,0,0,0,0,0,0,0,0
ENSMUSG00000092036,Gm2244,0,0,0,0,0,0,0,0,0,0,0,0
ENSMUSG00000093979,Gm2237,38,35,33,29,33,26,26,33,42,32,37,33
ENSMUSG00000095024,Gm5458,0,0,0,0,0,0,0,0,0,0,0,0
ENSMUSG00000114214,Gm41102,0,0,0,0,0,0,0,0,0,0,0,0
ENSMUSG00000068776,4930469B13Rik,0,0,0,0,0,0,0,0,0,0,0,0
ENSMUSG00000117083,Gm49800,0,0,0,0,0,0,0,0,0,0,0,0
ENSMUSG00000114692,Gm48157,0,0,0,0,0,0,0,0,0,0,0,0
ENSMUSG00000090660,Gm17030,0,0,0,0,0,0,0,0,0,0,0,0
ENSMUSG00000114885,Gm7371,0,0,0,0,0,0,0,0,0,0,0,0
ENSMUSG00000114199,Gm49341,0,0,0,0,0,0,0,0,0,0,0,0
ENSMUSG00000021806,Nid2,12,13,23,19,18,12,24,34,13,8,8,10
ENSMUSG00000021807,Rtraf,1321,1466,1099,1126,1273,927,1185,1251,1412,1227,1332,1225
ENSMUSG00000114350,D14Ertd670e,0,0,0,0,0,0,0,0,0,0,0,0
ENSMUSG00000114436,Gm48283,0,0,0,0,0,0,0,0,0,0,0,0
ENSMUSG00000043004,Gng2,418,499,444,501,382,208,536,537,387,380,442,322
ENSMUSG00000114498,Gm48339,0,0,0,0,0,0,0,0,1,0,0,0
ENSMUSG00000045107,Saysd1,238,340,249,256,304,95,297,213,293,254,255,232
ENSMUSG00000022106,Rcbtb2,164,208,207,182,211,101,229,240,198,210,193,190
ENSMUSG00000023243,Kcnk5,2333,2482,1645,1681,1673,611,1513,1603,1976,1618,1888,1569
ENSMUSG00000114523,Gm48394,0,0,0,0,0,0,0,0,0,0,0,0
ENSMUSG00000087916,Gm24912,0,0,0,0,0,0,0,0,0,0,0,0
ENSMUSG00000114439,Gm48395,0,0,0,0,0,0,0,0,0,0,0,0
ENSMUSG00000021876,Rnase4,3,3,3,3,0,0,4,1,0,0,0,1
ENSMUSG00000114410,Gm2048,0,0,0,0,0,0,0,0,0,0,0,0
ENSMUSG00000090706,Gm17233,0,0,0,0,0,0,0,0,0,2,0,0
ENSMUSG00000072115,Ang,2,1,0,3,3,0,2,3,0,1,3,1
ENSMUSG00000072575,Eddm3b,0,0,0,0,0,0,0,0,0,0,0,0
ENSMUSG00000023387,Kcnk16,0,0,0,0,0,0,0,0,0,0,0,0
ENSMUSG00000021880,Rnase6,0,0,0,0,1,0,0,0,0,0,0,0
ENSMUSG00000114985,1810028F09Rik,0,0,0,0,0,0,0,0,0,0,0,0
ENSMUSG00000035896,Rnase1,0,0,0,0,0,0,0,0,0,0,0,0
ENSMUSG00000059606,Rnase2b,0,0,0,0,0,0,0,0,0,0,0,0
ENSMUSG00000115136,Ear-ps1,0,0,0,0,0,0,0,0,0,0,0,0
ENSMUSG00000047894,Ang2,0,0,0,0,0,0,0,0,0,0,0,0
ENSMUSG00000050766,Ear14,0,0,0,0,0,0,0,0,0,0,0,0
ENSMUSG00000047222,Rnase2a,0,0,0,0,0,0,0,0,0,0,0,0
ENSMUSG00000115574,Gm49245,0,0,0,0,0,0,0,0,0,0,0,0
ENSMUSG00000094991,Gm21718,0,0,0,0,0,0,0,0,0,0,0,0
ENSMUSG00000115094,Gm7106,0,0,2,0,3,0,3,0,2,4,1,1
ENSMUSG00000115540,4930597G03Rik,0,0,0,0,0,0,0,0,0,0,0,0
ENSMUSG00000022105,Rb1,449,495,423,380,360,324,370,456,404,386,458,424
ENSMUSG00000115280,Gm7107,16,23,8,5,10,16,4,13,15,2,20,10
ENSMUSG00000090228,Gm16289,0,0,0,0,0,0,0,0,0,0,0,0
ENSMUSG00000076121,Mir687,0,0,0,0,0,0,0,0,0,0,0,0
ENSMUSG00000068399,Gm7247,0,0,0,0,0,0,1,1,1,1,0,2
ENSMUSG00000033446,Lpar6,78,71,65,64,52,39,68,61,88,72,37,73
ENSMUSG00000115573,Gm49131,0,0,0,0,0,0,0,0,0,0,0,0
ENSMUSG00000115166,Vmn2r-ps110,0,0,0,0,0,0,0,0,0,0,0,0
ENSMUSG00000089761,Vmn2r-ps111,0,0,0,0,0,0,0,0,0,0,0,0
ENSMUSG00000022108,Itm2b,2839,3436,2762,3165,2506,1602,3417,3705,2594,2575,2130,2046
ENSMUSG00000115530,Gm4266,0,0,0,0,0,0,0,0,0,0,0,0
ENSMUSG00000000606,Vmn2r88,0,0,1,0,0,0,0,0,0,0,0,0
ENSMUSG00000022109,Med4,643,642,624,617,731,476,723,764,709,556,631,566
ENSMUSG00000115374,Vmn2r-ps111,0,0,0,0,0,0,0,0,0,0,0,0
ENSMUSG00000033405,Nudt15,20,29,15,15,22,11,13,21,14,20,17,19
ENSMUSG00000070448,Vmn2r89,0,0,0,0,0,2,0,0,0,0,0,0
ENSMUSG00000079244,Gm5622,0,0,1,0,0,0,0,0,0,0,0,0
ENSMUSG00000089836,Gm16290,0,0,0,0,0,0,0,0,0,0,0,0
ENSMUSG00000091142,Gm17175,0,0,0,0,0,0,0,0,0,0,0,0
ENSMUSG00000114973,Gm19156,0,0,0,0,0,0,0,0,0,0,0,0
ENSMUSG00000096024,Gm17174,0,0,0,0,0,0,0,0,0,0,0,0
ENSMUSG00000115135,Gm19157,0,0,0,0,0,0,0,0,0,0,0,0
ENSMUSG00000022110,Sucla2,1232,1379,1135,1167,1243,991,1170,1232,1315,1194,1168,1073
ENSMUSG00000094715,Gm17078,0,0,0,0,0,0,0,0,0,0,0,0
ENSMUSG00000096463,Gm21750,0,0,0,0,0,0,0,0,0,0,0,0
ENSMUSG00000115832,Gm19158,0,0,0,0,0,0,0,0,0,0,0,0
ENSMUSG00000115088,Gm49165,0,0,0,0,0,0,1,0,0,0,0,0
ENSMUSG00000021809,Nudt13,44,27,37,23,25,18,34,45,28,25,40,36
ENSMUSG00000115289,Gm49164,2,0,0,2,1,6,1,1,0,1,0,0
ENSMUSG00000091296,Gm4181,0,0,0,0,0,0,0,0,0,0,0,0
ENSMUSG00000119684,#N/A,0,0,0,0,0,0,0,0,0,0,0,0
ENSMUSG00000090603,Gm17186,0,0,0,0,0,0,0,0,0,0,0,0
ENSMUSG00000075581,Gm16409,2,1,1,2,1,1,1,1,3,3,0,3
ENSMUSG00000115470,Gm18683,0,0,0,0,0,0,0,0,0,0,0,0
ENSMUSG00002074909,#N/A,0,0,0,0,0,0,0,0,0,0,0,0
ENSMUSG00000090740,Gm17079,0,0,0,0,0,0,0,0,0,0,0,0
ENSMUSG00000057886,Cbx3-ps6,0,0,0,0,0,0,0,0,0,0,0,0
ENSMUSG00000115559,Gm49170,0,0,0,0,0,0,1,0,0,0,0,0
ENSMUSG00000115704,Gm49171,0,0,0,0,0,0,0,0,0,0,0,0
ENSMUSG00000115411,Gm6986,3,0,2,1,1,0,1,1,4,0,0,0
ENSMUSG00000115845,4933402J15Rik,0,0,0,0,0,0,0,0,0,0,0,0
ENSMUSG00000115427,Gm49174,0,0,0,0,0,0,0,0,0,0,0,0
ENSMUSG00000068506,Gm5800,0,0,0,0,0,0,0,0,0,0,0,0
ENSMUSG00000115449,Gm49175,0,0,0,0,0,0,0,0,0,0,0,0
ENSMUSG00000115827,Gm49261,0,0,0,0,0,0,0,0,0,0,0,0
ENSMUSG00000091189,Ear-ps3,0,0,0,0,0,0,0,0,0,0,0,0
ENSMUSG00000034997,Htr2a,5,3,5,4,4,5,0,3,2,2,1,2
ENSMUSG00000115288,Gm9212,0,0,0,0,0,0,0,0,0,1,0,1
ENSMUSG00000060615,Ang4,0,0,0,0,0,0,0,0,0,0,0,0
ENSMUSG00000092107,Ear-ps4,0,0,0,0,0,0,0,0,0,0,0,0
ENSMUSG00000021810,Ecd,3721,4012,2923,2983,3160,1665,2790,3075,3710,3296,3292,3039
ENSMUSG00000050961,AY358078,1,0,0,0,0,0,1,1,1,1,0,0
ENSMUSG00000091293,Gm6047,0,0,0,0,0,0,0,0,0,0,0,0
ENSMUSG00002075148,#N/A,0,0,0,0,0,0,0,0,0,0,0,0
ENSMUSG00000091812,Ear-ps5,0,0,0,0,0,0,0,0,0,0,0,0
ENSMUSG00000062148,Ear6,0,0,0,0,0,0,0,0,0,0,0,0
ENSMUSG00000042323,Pbrm1,2890,2839,2358,2439,2499,2077,1749,2609,2464,2509,3027,2710
ENSMUSG00000115412,Gm49094,0,0,0,0,0,0,0,0,0,0,0,0
ENSMUSG00000090305,Gm5459,1,1,2,2,2,0,0,0,0,1,0,2
ENSMUSG00000058351,Smim4,36,53,39,37,57,16,45,48,54,42,45,33
ENSMUSG00000021996,Esd,1436,1734,1448,1483,1517,748,1747,1554,1443,1293,1137,1083
ENSMUSG00000071547,Nt5dc2,133,139,101,132,219,92,142,122,147,142,174,204
ENSMUSG00000004561,Mettl17,387,475,380,374,416,190,372,406,429,381,379,364
ENSMUSG00000072572,Slc39a2,7,8,6,7,12,7,9,12,4,7,22,12
ENSMUSG00000068015,Lrch1,1977,2248,1907,1912,1415,1034,1499,1945,1903,1812,1234,1044
ENSMUSG00000115002,Gm10847,0,0,0,0,0,1,1,0,0,0,0,0
ENSMUSG00000115019,Gm4278,0,0,0,0,0,1,0,0,0,0,1,0
ENSMUSG00000034959,Rubcnl,0,4,9,8,3,4,3,9,7,2,5,1
ENSMUSG00000042286,Stab1,168,161,159,148,133,36,97,132,123,118,131,147
ENSMUSG00000021997,Lrrc63,0,0,0,0,0,1,1,2,0,0,1,0
ENSMUSG00000039599,Fam149b,425,449,346,361,418,330,336,372,429,393,539,432
ENSMUSG00000114937,Gm30054,4,8,14,10,9,1,3,9,10,12,4,5
ENSMUSG00000021811,Dnajc9,1174,1110,1051,1053,1330,942,1208,1338,1257,999,1330,1234
ENSMUSG00000049960,Mrps16,457,497,432,450,518,212,481,456,472,381,513,444
ENSMUSG00000004558,Ndrg2,34,42,46,52,59,28,67,77,56,35,48,52
ENSMUSG00000021998,Lcp1,42495,47169,31887,34040,28409,19550,26017,33492,39687,37087,30201,27120
ENSMUSG00000089733,Gm15628,0,0,0,0,0,0,0,0,0,0,0,0
ENSMUSG00000090054,Gm15629,2,0,2,1,5,1,2,1,7,3,0,0
ENSMUSG00000008813,Tppp2,0,0,0,0,0,0,0,0,0,0,0,0
ENSMUSG00000068392,Rnase13,0,0,0,0,0,0,0,0,0,0,0,0
ENSMUSG00000115698,Gm49076,0,0,0,0,0,1,1,0,0,0,0,0
ENSMUSG00000021999,Cpb2,3,0,0,0,0,0,0,0,0,0,0,0
ENSMUSG00002076433,#N/A,0,0,0,0,0,0,0,0,0,0,0,0
ENSMUSG00000115789,Gm18147,4,5,4,1,9,7,4,3,8,9,7,5
ENSMUSG00000022000,Zc3h13,3378,3060,2824,2781,2942,3314,2737,3147,2966,2830,2762,2392
ENSMUSG00000115615,Gm49200,0,0,0,0,0,0,0,0,0,0,0,0
ENSMUSG00000091722,Siah3,102,118,190,156,158,105,170,242,149,119,69,60
ENSMUSG00000034913,Spert,0,0,0,1,0,1,1,0,0,0,0,0
ENSMUSG00000022002,Erich6b,0,0,0,0,0,0,0,0,0,0,0,0
ENSMUSG00000064394,Gm23622,0,0,0,0,0,0,0,0,0,0,0,0
ENSMUSG00000039543,Cfap70,1,0,0,1,0,1,0,0,0,1,0,0
ENSMUSG00000084942,7330404K18Rik,0,0,0,0,0,0,0,0,0,0,0,0
ENSMUSG00000034893,Cog3,1360,1605,1239,1190,1151,791,1035,1222,1276,1185,1038,988
ENSMUSG00002075876,#N/A,0,0,1,0,0,0,2,0,0,1,0,0
ENSMUSG00000022003,Slc25a30,584,618,505,570,591,340,513,547,495,484,463,416
ENSMUSG00000115458,Gm48931,0,0,0,0,0,0,0,1,0,0,0,0
ENSMUSG00000085829,Gm4285,24,25,21,18,17,3,25,20,22,22,13,17
ENSMUSG00000060126,Tpt1,1227,672,538,673,957,496,934,679,1942,1360,721,1077
ENSMUSG00000065147,Snora31,40,34,44,42,76,52,58,43,44,39,85,70
ENSMUSG00000067995,Gtf2f2,2098,2358,1913,2037,2044,1765,1825,2086,2451,2165,2022,1663
ENSMUSG00000046523,Kctd4,0,0,0,0,0,0,0,0,0,0,0,0
ENSMUSG00000065799,Gm25517,1,0,0,3,1,0,3,1,0,0,3,0
ENSMUSG00000022008,Gpalpp1,1606,1634,1419,1393,1245,980,1082,1380,1443,1370,1246,1156
ENSMUSG00000021814,Anxa7,1283,1438,1032,1148,939,643,1112,1180,1188,985,1041,866
ENSMUSG00000022009,Nufip1,1641,1712,1370,1486,1236,934,1369,1470,1721,1471,1372,1254
ENSMUSG00000095427,Rps2-ps6,6,3,2,4,2,1,1,4,3,4,2,3
ENSMUSG00000115625,2900040C04Rik,0,0,0,0,0,0,0,0,0,0,0,0
ENSMUSG00000021815,Mss51,11,19,29,17,41,22,22,35,25,22,35,36
ENSMUSG00000021910,Nisch,4647,4871,4005,3658,3683,2014,2955,4091,3883,3732,4460,4394
ENSMUSG00000091898,Tnnc1,6,1,1,1,1,0,3,3,1,2,0,1
ENSMUSG00000022010,Tsc22d1,453,468,507,415,493,308,483,536,414,416,504,474
ENSMUSG00000115092,E130202H07Rik,0,0,0,0,0,0,0,0,0,0,0,0
ENSMUSG00000052584,Serp2,8,7,2,2,6,1,5,5,4,6,1,6
ENSMUSG00000115143,Fkbp1a-ps1,0,1,0,1,1,0,1,1,0,0,0,0
ENSMUSG00000021904,Sema3g,0,0,0,0,0,0,0,3,0,0,0,0
ENSMUSG00000101009,1700108F19Rik,0,0,0,0,0,0,0,0,0,0,0,0
ENSMUSG00000115709,4930431P22Rik,0,0,0,0,0,0,0,0,0,0,0,0
ENSMUSG00000115817,Gm30246,0,0,0,0,0,0,0,0,0,0,0,0
ENSMUSG00000115353,Gm48968,0,0,0,0,0,0,0,0,0,0,0,0
ENSMUSG00000115596,Gm48969,0,0,0,0,0,0,0,0,0,0,0,0
ENSMUSG00000115303,Gm4291,0,4,0,0,1,0,0,0,0,0,0,0
ENSMUSG00000044350,Lacc1,82,72,64,73,62,50,47,68,61,79,90,78
ENSMUSG00000034795,Ccdc122,19,19,7,23,24,29,13,17,10,21,21,25
ENSMUSG00000021816,Ppp3cb,2212,2057,1760,1704,1676,1223,1500,1853,2124,1996,2065,1959
ENSMUSG00000021902,Phf7,219,273,173,168,291,171,178,194,259,209,259,247
ENSMUSG00000084925,1810062O18Rik,18,13,11,8,6,3,8,8,16,10,7,12
ENSMUSG00000022012,Enox1,2,7,5,6,5,2,5,3,7,6,6,2
ENSMUSG00000063556,Gm10132,0,1,0,0,3,0,0,1,0,0,0,0
ENSMUSG00000115733,Gm49001,0,0,0,0,0,0,0,0,0,0,0,0
ENSMUSG00000115244,Gm49002,0,0,0,0,0,0,0,0,0,0,0,0
ENSMUSG00000067973,Gm6994,0,0,0,0,0,0,0,0,0,0,0,0
ENSMUSG00002075302,#N/A,0,0,0,0,0,0,0,0,0,0,0,0
ENSMUSG00002076975,#N/A,0,0,0,0,0,0,0,0,0,0,0,0
ENSMUSG00000115363,Gm49003,0,0,0,0,0,0,0,0,0,0,0,0
ENSMUSG00000115257,Gm30467,0,0,0,0,0,0,0,0,0,0,0,0
ENSMUSG00000075512,Gm1587,0,0,0,0,0,0,0,0,0,0,0,0
ENSMUSG00000022013,Dnajc15,852,1069,726,774,881,994,900,882,881,731,850,759
ENSMUSG00000021901,Bap1,2187,2620,2077,2041,2156,811,1863,2072,2266,2010,1937,1912
ENSMUSG00000034235,Usp54,468,474,371,333,410,270,278,426,430,407,483,400
ENSMUSG00000099966,2810402E24Rik,81,83,83,85,75,50,71,77,104,85,70,80
ENSMUSG00000068697,Myoz1,0,0,0,0,0,2,0,3,1,3,0,0
ENSMUSG00000039376,Synpo2l,21,6,4,9,6,1,3,13,8,6,6,8
ENSMUSG00000022014,Epsti1,380,400,371,424,305,277,378,501,445,415,348,355
ENSMUSG00000115517,Gm48954,0,0,0,0,1,0,0,0,0,1,0,0
ENSMUSG00000092272,Gm19301,0,0,0,0,0,0,0,0,0,0,0,0
ENSMUSG00000115519,Gm48955,0,0,0,0,0,0,0,0,0,0,0,0
ENSMUSG00000019027,Dnah1,3,2,1,0,2,1,0,4,0,2,1,1
ENSMUSG00000045655,Fam216b,0,0,0,0,0,0,0,0,0,0,0,0
ENSMUSG00000087932,Mir1971,0,0,0,0,0,0,0,0,0,0,0,0
ENSMUSG00000115552,Gm48959,0,0,0,0,0,0,0,0,0,0,0,0
ENSMUSG00000115311,Gm35823,0,0,0,0,0,0,0,0,0,0,0,0
ENSMUSG00002075704,#N/A,0,0,0,0,0,0,0,0,0,0,0,0
ENSMUSG00000115468,Gm49217,0,0,1,0,0,0,0,0,0,0,0,0
ENSMUSG00000115445,Gm49791,0,0,0,0,0,0,0,0,0,0,0,0
ENSMUSG00000022015,Tnfsf11,17339,19168,21470,21416,22320,13010,18897,20036,17516,16007,10526,10051
ENSMUSG00002076701,#N/A,0,0,0,0,1,0,0,0,0,0,0,0
ENSMUSG00000115450,Gm4821,7,23,7,16,9,6,22,8,15,8,5,7
ENSMUSG00000004562,Arhgef40,6,11,3,3,6,3,4,9,6,6,8,9
ENSMUSG00000022016,Akap11,2375,2460,2182,2100,2153,1814,1226,2031,1919,2033,2006,1777
ENSMUSG00000097633,Gm16617,0,0,0,0,0,0,0,0,0,0,0,0
ENSMUSG00000021893,Capn7,1224,1440,1148,1015,1052,874,955,1109,1136,1125,1120,1041
ENSMUSG00000039367,Sec24c,5389,5987,4289,4387,3989,1864,3414,4153,4496,4200,4338,3967
ENSMUSG00000097577,6230400D17Rik,46,47,40,35,38,21,47,60,55,45,25,41
ENSMUSG00000098602,Mir6946,0,2,1,0,0,0,0,0,1,1,1,0
ENSMUSG00000049295,Zfp219,749,752,693,662,998,289,749,866,766,679,967,969
ENSMUSG00000039357,Fut11,186,200,139,150,156,45,113,122,180,134,183,157
ENSMUSG00000119862,#N/A,0,0,0,0,0,1,0,0,0,1,0,0
ENSMUSG00000072571,Tmem253,2,3,2,0,4,5,5,1,4,0,4,5
ENSMUSG00000063787,Chchd1,614,743,633,702,775,561,775,687,729,613,833,774
ENSMUSG00000115454,Gm49086,1,1,1,3,1,1,0,2,3,1,0,0
ENSMUSG00000115141,Gm49256,0,2,1,0,1,0,0,0,1,0,2,0
ENSMUSG00000044286,Olfr221,1,3,0,0,0,0,1,0,0,0,1,0
ENSMUSG00000065853,Gm22354,0,0,0,0,0,0,0,0,0,0,0,0
ENSMUSG00000115736,Gm8586,1,3,1,3,1,2,2,1,4,4,2,0
ENSMUSG00000115541,Gm49258,1,2,0,1,2,0,3,3,0,2,2,1
ENSMUSG00000021892,Sh3bp5,361,438,368,359,378,315,311,335,482,413,313,263
ENSMUSG00000115283,Gm49252,0,0,0,0,0,0,0,1,0,0,1,0
ENSMUSG00000034731,Dgkh,591,524,514,495,349,290,274,479,435,500,546,511
ENSMUSG00000115087,Gm48998,1,3,5,5,2,1,0,1,5,2,2,0
ENSMUSG00000084447,Gm26251,0,0,0,0,0,0,0,0,0,0,0,0
ENSMUSG00000115107,Gm18368,0,0,0,0,0,0,0,0,0,0,0,0
ENSMUSG00000115514,Gm49009,0,0,0,0,0,0,0,0,0,0,0,0
ENSMUSG00000115305,Gm30584,0,0,0,0,0,0,0,0,0,0,0,0
ENSMUSG00000115290,Gm19098,0,0,0,0,0,0,0,0,0,0,0,0
ENSMUSG00000021891,Mettl6,768,847,728,676,729,448,575,742,739,669,774,725
ENSMUSG00000021890,Eaf1,4439,4852,3831,3788,3190,1820,3047,3766,3504,3249,3097,2796
ENSMUSG00000115102,Gm49270,5,2,3,1,4,1,3,2,2,1,0,1
ENSMUSG00000058997,Vwa8,437,450,342,316,456,277,333,349,423,357,507,507
ENSMUSG00000115090,Gm49016,0,1,1,1,0,0,0,0,0,0,0,0
ENSMUSG00000115539,Gm6997,0,1,4,0,4,0,4,2,2,4,1,5
ENSMUSG00000115643,Gm49011,0,2,0,0,0,0,0,0,0,0,0,0
ENSMUSG00000115637,Gm30970,3,3,1,1,1,0,2,2,2,0,1,0
ENSMUSG00000115167,Gm49015,0,0,2,0,0,0,0,0,0,0,1,0
ENSMUSG00000115111,Gm4632,0,0,0,0,0,0,0,0,0,0,0,0
ENSMUSG00000057606,Colq,6,17,17,5,19,8,13,13,10,12,14,19
ENSMUSG00000071262,Zfp957,0,0,0,0,0,1,0,0,0,0,0,0
ENSMUSG00000115045,Gm49028,0,0,0,0,0,0,0,0,0,0,0,0
ENSMUSG00002075481,#N/A,0,0,0,0,0,0,0,0,0,0,0,0
ENSMUSG00000115022,Gm49387,0,0,0,0,0,0,0,0,0,0,0,0
ENSMUSG00000022018,Rgcc,2897,3490,2840,3222,3076,1090,2755,2560,3355,2797,1681,1800
ENSMUSG00000022020,Naa16,1513,1418,1220,1157,1165,1231,1171,1361,1212,1203,1332,1323
ENSMUSG00000022022,Mtrf1,65,68,58,74,87,82,47,74,72,68,89,67
ENSMUSG00000043881,Kbtbd7,163,148,120,97,87,70,84,90,153,128,106,118
ENSMUSG00000075502,Kbtbd6,38,55,49,55,60,51,63,61,46,41,52,43
ENSMUSG00000022023,Wbp4,1342,1381,1029,1131,1129,975,1210,1167,1257,1203,1164,1050
ENSMUSG00000036461,Elf1,1862,2000,1542,1445,1677,1243,1358,1694,1729,1634,1770,1657
ENSMUSG00002075158,#N/A,0,0,0,0,0,0,0,0,0,0,0,0
ENSMUSG00000021819,Zswim8,2958,3027,2353,2445,1748,827,1613,2161,2478,2442,1837,1824
ENSMUSG00000022024,Sugt1,1061,1235,835,901,805,669,980,1024,996,919,896,869
ENSMUSG00000060373,Hnrnpc,7587,7979,6797,7083,7107,6648,6991,7568,7618,6574,7076,6129
ENSMUSG00000021884,Hacl1,2,6,3,7,5,5,4,6,1,3,5,1
ENSMUSG00000022025,Cnmd,0,0,0,0,0,1,0,0,0,0,1,1
ENSMUSG00000115740,Gm49042,0,0,0,0,0,0,0,0,0,0,0,0
ENSMUSG00000115422,4930452G13Rik,0,0,0,0,0,1,0,0,0,0,0,0
ENSMUSG00000076453,Mir759,0,0,0,0,0,0,0,0,0,0,0,0
ENSMUSG00000021900,Btd,146,171,121,120,131,48,103,136,138,127,101,108
ENSMUSG00000036422,Pcdh8,0,0,0,0,0,0,0,1,0,0,1,0
ENSMUSG00000102774,Gm9748,0,0,0,0,0,0,0,0,0,0,0,0
ENSMUSG00000097927,Gm6999,0,0,0,0,1,0,0,0,0,0,0,0
ENSMUSG00000095959,Gm10845,0,0,0,0,0,1,1,0,0,1,0,0
ENSMUSG00000115190,Gm49542,0,0,0,0,0,0,0,0,0,0,0,0
ENSMUSG00000115291,Gm18605,0,0,0,0,0,0,0,0,0,0,0,0
ENSMUSG00000022026,Olfm4,0,0,0,0,0,0,0,0,0,0,0,0
ENSMUSG00000115334,Gm17923,0,0,0,0,0,0,0,0,0,0,0,0
ENSMUSG00000098125,Gm9578,1,0,3,0,0,0,1,0,0,0,0,1
ENSMUSG00000115036,Gm49043,0,0,0,0,0,0,0,0,0,0,0,0
ENSMUSG00000115346,Gm19120,0,0,0,0,0,0,0,0,0,0,0,0
ENSMUSG00000115716,Gm49044,0,0,0,0,0,0,0,0,0,0,0,0
ENSMUSG00000115297,Gm49045,0,0,0,0,0,0,0,0,0,0,0,0
ENSMUSG00000115542,Gm49046,0,0,0,0,0,0,0,0,0,0,0,0
ENSMUSG00000115465,Cyp2c73-ps,0,0,0,0,0,0,0,0,0,0,0,0
ENSMUSG00000115455,Gm41219,0,0,0,0,0,0,0,0,0,0,0,0
ENSMUSG00000115385,Gm19311,0,0,0,0,0,0,0,0,0,0,0,0
ENSMUSG00000115175,Gm18525,0,0,0,0,0,0,0,0,0,0,0,0
ENSMUSG00000115731,Gm19050,0,0,0,0,0,0,0,0,0,0,0,0
ENSMUSG00000115476,Gm49047,0,0,0,0,0,1,0,0,0,0,2,0
ENSMUSG00000115825,Gm49048,0,0,0,0,0,0,0,0,0,0,0,0
ENSMUSG00002075834,#N/A,0,0,0,0,0,0,0,0,0,0,0,0
ENSMUSG00000115051,Gm49049,0,0,0,0,0,0,0,0,0,0,0,0
ENSMUSG00000115847,Gm49050,0,0,0,0,0,0,0,0,0,0,0,0
ENSMUSG00000039308,Ndst2,648,676,530,544,481,202,527,531,557,573,467,470
ENSMUSG00000115031,Gm49051,0,0,0,0,0,0,0,0,0,0,0,0
ENSMUSG00000088009,Gm24774,0,0,0,0,0,0,0,0,0,0,0,0
ENSMUSG00000115393,Gm49052,0,0,0,0,0,0,0,0,0,0,0,0
ENSMUSG00000115780,Gm49053,0,0,0,0,0,0,0,0,0,0,0,0
ENSMUSG00000115006,Gm49054,0,0,0,0,0,0,0,0,0,0,0,0
ENSMUSG00000115282,Gm49055,0,0,0,0,0,0,0,0,0,0,0,0
ENSMUSG00000115043,Gm32455,0,0,0,0,0,2,0,0,0,0,0,0
ENSMUSG00000115770,Gm49056,0,0,0,0,0,0,0,0,0,0,0,0
ENSMUSG00000115612,Gm29800,0,0,0,0,0,0,0,0,0,0,0,0
ENSMUSG00000115227,Gm49057,0,0,0,0,0,0,0,0,0,0,0,0
ENSMUSG00000035566,Pcdh17,0,0,1,2,4,8,2,2,2,0,1,1
ENSMUSG00000115529,9630013A20Rik,0,0,0,0,0,2,0,0,0,0,0,0
ENSMUSG00000115743,Gm7004,0,2,0,2,2,0,0,0,0,1,1,0
ENSMUSG00000115239,Gm9264,0,0,1,0,1,0,0,1,0,0,0,0
ENSMUSG00000115653,Gm49059,0,0,0,0,0,0,0,0,0,0,0,0
ENSMUSG00000115217,Gm32729,0,0,0,0,0,0,0,0,0,0,0,0
ENSMUSG00000115836,Gm49060,0,0,0,0,0,0,0,0,0,0,0,0
ENSMUSG00000115014,Gm49061,0,0,0,0,0,0,0,0,0,0,0,0
ENSMUSG00000115128,Gm49062,0,0,0,0,0,0,0,0,0,0,0,0
ENSMUSG00000115271,4930529K09Rik,0,0,0,0,0,0,0,0,0,0,0,0
ENSMUSG00000115777,Gm32815,0,0,0,0,0,0,0,0,0,0,0,0
ENSMUSG00000115176,Gm49063,0,0,0,0,0,0,0,0,0,0,0,0
ENSMUSG00000064407,Gm23926,0,0,0,0,0,0,0,0,0,0,0,0
ENSMUSG00000115089,Gm4350,0,0,0,0,0,0,0,0,0,0,0,0
ENSMUSG00000115664,Gm32913,0,0,0,0,0,0,0,0,0,0,1,0
ENSMUSG00000087812,Gm25115,0,0,0,0,0,0,0,0,0,0,0,0
ENSMUSG00000115401,Gm49157,0,0,0,1,0,0,0,0,0,0,0,0
ENSMUSG00000115776,Gm49158,0,0,0,0,0,0,0,0,0,0,0,0
ENSMUSG00000014496,Ankrd28,1920,2103,1638,1731,1530,1020,1294,1820,1945,1691,1807,1666
ENSMUSG00000115210,Gm49308,5,4,5,6,1,4,0,5,4,7,7,5
ENSMUSG00000115812,Gm49309,0,0,0,0,0,0,0,0,0,0,0,0
ENSMUSG00000093191,Gm22876,0,0,0,0,0,0,0,0,0,0,0,0
ENSMUSG00000046005,D830044D21Rik,0,0,0,0,0,0,0,0,0,0,0,0
ENSMUSG00000115120,4930425P05Rik,0,0,0,0,0,2,0,0,0,0,0,0
ENSMUSG00002076448,#N/A,0,0,0,0,0,0,0,0,0,0,0,0
ENSMUSG00000021903,Galnt15,0,0,0,0,0,0,0,0,0,0,0,0
ENSMUSG00000115628,Gm49084,0,0,0,0,0,0,0,0,0,0,0,0
ENSMUSG00000021905,Dph3,845,1053,923,840,1000,517,914,877,971,751,812,749
ENSMUSG00000022021,Diaph3,404,388,405,417,670,504,376,484,338,293,524,482
ENSMUSG00000115306,Gm49159,0,0,2,0,0,0,0,0,0,0,0,0
ENSMUSG00002076478,#N/A,0,0,0,0,0,0,0,0,0,0,0,0
ENSMUSG00000115438,Gm49193,0,0,0,0,0,0,0,0,0,0,0,0
ENSMUSG00000102284,Gm37002,0,0,0,0,0,0,0,0,0,0,0,0
ENSMUSG00000088536,Gm23278,0,0,0,0,0,0,0,0,0,0,0,0
ENSMUSG00000057132,Rpgrip1,37,55,28,22,34,29,30,24,34,45,45,50
ENSMUSG00000022019,Tdrd3,468,490,438,406,452,334,314,391,453,476,506,432
ENSMUSG00000115564,Gm49199,3,1,0,0,0,0,5,1,1,0,1,0
ENSMUSG00000115484,Gm33121,2,0,0,0,0,0,0,0,0,0,0,0
ENSMUSG00000115184,Gm49197,1,0,1,0,0,2,1,0,3,1,0,2
ENSMUSG00000115608,Gm48922,0,0,0,0,0,0,0,0,0,0,0,0
ENSMUSG00000115452,Gm18812,0,0,0,0,0,0,0,0,0,0,0,0
ENSMUSG00000115527,Gm4355,0,0,0,0,0,0,0,0,0,0,0,0
ENSMUSG00000062611,Rps3a2,1,2,1,1,1,0,0,0,0,1,0,0
ENSMUSG00002075121,#N/A,0,0,0,0,0,0,0,0,0,0,0,0
ENSMUSG00000115479,Gm33203,0,0,0,0,0,1,0,0,0,0,0,0
ENSMUSG00000098095,Gm9274,5,4,5,5,2,1,3,3,0,0,1,2
ENSMUSG00000115533,Gm48929,0,0,0,0,0,0,0,0,0,0,0,0
ENSMUSG00000115202,Gm9275,0,0,0,0,0,0,0,0,0,0,0,0
ENSMUSG00000115114,Gm48930,0,0,0,0,0,0,0,0,0,0,0,0
ENSMUSG00000050505,Pcdh20,0,1,0,0,0,0,0,0,0,0,0,0
ENSMUSG00000115623,Gm41225,0,0,0,0,0,0,0,0,0,0,0,0
ENSMUSG00000102164,Gm36946,0,0,0,0,0,0,0,0,0,0,0,0
ENSMUSG00000115392,Gm17882,0,0,0,0,0,0,0,0,0,0,0,0
ENSMUSG00000088405,Gm25886,0,0,0,0,0,0,0,0,0,0,0,0
ENSMUSG00000077408,Gm25415,0,0,0,0,0,0,0,0,0,0,0,0
ENSMUSG00000035726,Supt16,7038,7251,5951,6160,6571,6192,4842,6713,6509,5983,6819,6146
ENSMUSG00000062093,Gm10110,29,40,28,21,24,27,45,22,36,19,23,34
ENSMUSG00000115313,Gm48941,0,0,0,0,0,0,0,0,0,0,0,0
ENSMUSG00000115001,4930474H20Rik,0,0,0,0,0,0,0,0,0,0,0,0
ENSMUSG00000077619,Gm25495,0,0,0,0,0,0,0,0,0,0,0,0
ENSMUSG00000097533,Gm26590,13,14,4,17,27,23,18,20,18,17,19,19
ENSMUSG00000115292,Gm33246,0,0,0,0,0,0,0,0,0,0,0,0
ENSMUSG00000115565,Gm18082,0,0,0,0,0,0,0,0,0,0,0,0
ENSMUSG00000088746,Gm23225,0,0,0,0,0,0,0,0,0,0,0,0
ENSMUSG00000115225,Gm7272,0,0,0,0,0,0,0,0,0,0,0,0
ENSMUSG00000115368,Gm48942,0,0,0,0,0,0,0,0,0,0,0,0
ENSMUSG00000115171,Gm48943,0,0,0,0,0,0,0,0,0,0,0,0
ENSMUSG00000115308,Gm48944,0,0,0,0,0,0,0,0,0,0,0,0
ENSMUSG00000077298,Gm24127,0,0,0,0,0,0,0,0,0,0,0,0
ENSMUSG00000103410,Gm37341,0,0,0,0,0,0,0,0,0,0,0,0
ENSMUSG00000115662,Gm7232,39,40,29,31,37,20,44,42,45,27,59,25
ENSMUSG00000115660,Gm48962,0,0,0,0,0,0,0,0,0,0,0,0
ENSMUSG00000115720,4930433E05Rik,0,0,0,0,0,0,0,0,0,0,0,0
ENSMUSG00000115444,Gm48963,0,0,0,0,0,0,0,0,0,0,0,0
ENSMUSG00000021906,Oxnad1,257,282,220,218,344,221,271,269,282,269,319,344
ENSMUSG00000021907,Msmb,0,0,0,0,0,0,0,0,0,0,0,0
ENSMUSG00000115760,Gm18909,0,0,0,0,0,0,0,0,0,0,0,0
ENSMUSG00000055421,Pcdh9,0,0,0,1,0,0,0,0,0,1,0,0
ENSMUSG00000065014,Gm23509,0,0,0,0,0,0,0,0,0,0,0,0
ENSMUSG00000115505,Gm9247,35,5,7,9,6,0,2,4,37,22,6,15
ENSMUSG00000115632,Gm17922,6,2,0,3,5,1,2,3,6,4,2,4
ENSMUSG00000115447,Gm48964,0,0,0,0,0,1,0,0,0,0,0,0
ENSMUSG00000115023,Gm48967,0,0,0,0,0,3,0,0,0,0,1,0
ENSMUSG00000115471,C230086J09Rik,0,0,0,0,0,0,0,0,0,0,0,0
ENSMUSG00000115797,Gm48981,0,0,0,0,0,0,0,0,0,0,0,0
ENSMUSG00000115613,Gm48982,0,0,0,0,0,0,0,0,0,0,0,0
ENSMUSG00000088046,Gm23324,0,0,0,0,0,0,0,0,0,0,0,0
ENSMUSG00000115059,Gm48983,0,0,0,0,0,0,0,0,0,0,0,0
ENSMUSG00000115638,Gm18074,0,0,0,0,0,1,0,0,0,0,0,0
ENSMUSG00000115822,Gm33450,0,0,0,0,0,1,0,0,0,0,0,0
ENSMUSG00000089384,Gm24680,0,0,0,0,0,0,0,0,0,0,0,0
ENSMUSG00000115331,Gm9721,0,0,0,0,0,0,0,0,0,0,0,0
ENSMUSG00000115038,Gm48989,0,0,0,0,0,0,0,0,0,0,0,0
ENSMUSG00000115379,Gm48990,0,0,0,0,0,0,0,0,1,0,0,1
ENSMUSG00000115499,Gm48991,0,0,0,0,1,0,0,0,0,0,0,0
ENSMUSG00000115396,Gm48994,0,0,0,0,1,3,2,1,1,1,1,0
ENSMUSG00000115243,Gm5207,0,1,0,1,1,0,2,1,1,0,0,0
ENSMUSG00000115679,Gm48995,0,0,0,0,0,0,0,0,0,0,0,0
ENSMUSG00000034689,Spertl,0,0,0,0,0,0,0,0,0,0,0,0
ENSMUSG00000115029,Gm18885,0,0,0,0,0,0,0,0,0,0,0,0
ENSMUSG00000115603,Gm19099,0,0,0,0,0,0,0,0,0,0,0,0
ENSMUSG00000022076,Klhl1,0,0,0,0,0,2,0,0,0,0,0,0
ENSMUSG00000083933,Gm15515,0,1,0,0,0,0,0,1,0,0,2,0
ENSMUSG00000065042,Gm24043,0,0,0,0,0,0,0,0,0,0,0,0
ENSMUSG00000064581,Gm25133,0,0,0,0,0,0,0,0,0,0,0,0
ENSMUSG00000115535,Gm49006,0,0,0,0,0,0,0,0,0,0,0,0
ENSMUSG00000115315,Gnb1-ps2,0,0,0,0,0,0,0,3,0,0,0,0
ENSMUSG00000053754,Chd8,4978,5221,4140,3988,3969,2625,3048,4346,4294,4281,4269,3896
ENSMUSG00000093044,Snord8,2,3,3,5,0,1,2,2,0,0,0,4
ENSMUSG00000105868,Gm43766,0,0,1,0,0,0,0,1,1,1,0,1
ENSMUSG00000056234,Ncoa4,192,161,128,127,121,98,92,157,183,150,130,105
ENSMUSG00000021820,Camk2g,604,609,581,519,529,261,474,602,540,464,538,516
ENSMUSG00000013701,Timm23,105,78,78,82,70,52,74,93,106,99,107,89
ENSMUSG00000114241,Gm30108,3,1,1,1,4,0,2,1,2,5,2,3
ENSMUSG00000077611,Gm23946,0,2,1,0,2,1,1,3,0,1,3,3
ENSMUSG00000022159,Rab2b,334,378,274,245,245,214,229,267,291,278,254,239
ENSMUSG00000021822,Plau,9,13,8,5,0,1,1,6,8,6,2,3
ENSMUSG00000088979,Gm23758,0,0,0,0,0,0,0,0,0,0,0,0
ENSMUSG00000114728,Gm6128,2,0,0,0,1,0,1,0,0,0,0,0
ENSMUSG00000016831,Tox4,2344,2422,1792,1768,1788,1117,1553,1858,2133,1876,1862,1632
ENSMUSG00000021823,Vcl,378,352,324,305,266,169,231,296,232,241,273,255
ENSMUSG00000021824,Ap3m1,974,1068,850,833,807,666,780,922,866,867,853,813
ENSMUSG00000022160,Mettl3,993,1045,835,908,1019,684,810,915,969,854,1051,1017
ENSMUSG00000049532,Sall2,845,929,578,565,627,260,476,579,865,764,592,590
ENSMUSG00000064755,Gm26328,0,0,0,0,0,0,0,0,0,0,0,0
ENSMUSG00000095030,Olfr1513,0,0,0,0,0,0,0,0,0,0,0,0
ENSMUSG00000105461,Gm4742,1,1,1,0,0,1,1,0,0,1,0,2
ENSMUSG00000094140,Olfr1512,0,0,0,0,0,0,0,0,0,0,0,0
ENSMUSG00000103010,Gm37504,0,0,0,0,0,0,0,0,0,0,0,0
ENSMUSG00000063867,Olfr1511,0,0,0,0,0,3,0,0,0,0,0,0
ENSMUSG00000063106,Olfr1510,0,0,0,0,0,0,0,0,0,0,0,0
ENSMUSG00000105132,Gm43250,0,0,0,0,0,0,0,0,0,0,0,0
ENSMUSG00000076758,Trav1,8,19,6,9,7,6,4,6,11,9,11,8
ENSMUSG00000035626,Olfr1509,0,0,0,0,0,2,0,0,0,0,0,0
ENSMUSG00000057564,Olfr1508,0,0,0,0,0,0,0,0,0,0,0,0
ENSMUSG00000105343,Gm43512,0,0,0,0,0,0,0,0,0,0,0,0
ENSMUSG00000021911,Parg,2129,2167,1757,1741,1617,1050,1380,1707,2005,1858,1578,1498
ENSMUSG00000115833,Gm49196,2,4,0,1,0,4,1,2,0,3,0,0
ENSMUSG00000091570,Gm7707,0,0,0,0,0,0,0,0,0,0,0,0
ENSMUSG00000090459,Gm17210,0,0,0,0,0,0,0,0,0,0,0,0
ENSMUSG00000059887,Olfr1507,0,0,0,0,0,0,0,0,0,0,0,0
ENSMUSG00000039197,Adk,539,637,427,424,644,439,414,373,510,403,761,760
ENSMUSG00000106131,Gm36382,0,0,0,0,0,0,0,0,0,0,0,0
ENSMUSG00000115813,Gm46447,12,13,8,13,3,5,10,9,13,5,4,4
ENSMUSG00002074958,#N/A,0,0,0,0,1,0,0,0,0,0,0,1
ENSMUSG00000115691,Gm48914,0,0,0,0,0,0,0,0,0,0,0,0
ENSMUSG00000114875,Gm30363,0,0,0,0,0,4,2,0,0,0,1,0
ENSMUSG00000104788,Gm36448,0,0,0,0,0,0,0,0,0,0,0,0
ENSMUSG00002074966,#N/A,0,0,0,0,0,0,0,0,0,0,0,0
ENSMUSG00000076759,Trav2,11,12,4,8,15,4,9,10,13,8,9,5
ENSMUSG00000076760,Trav3-1,4,4,7,4,6,1,4,3,5,10,4,9
ENSMUSG00000106382,Trav4-1,0,0,0,0,0,0,0,0,0,0,0,0
ENSMUSG00000076761,Trav5-1,12,13,7,8,8,10,6,12,10,7,22,9
ENSMUSG00000076762,Trav6-1,13,18,7,10,9,4,5,4,8,7,16,6
ENSMUSG00000105159,Gm42988,0,0,0,0,0,0,0,0,0,0,0,0
ENSMUSG00000104620,Trav7-1,4,4,3,3,6,5,4,5,8,1,3,4
ENSMUSG00000076764,Trav6-2,3,8,4,8,8,7,4,7,12,14,13,7
ENSMUSG00000105533,Trav7d-2,0,0,0,0,0,0,0,0,0,0,0,0
ENSMUSG00000082819,Trav4d-2,0,1,0,2,0,0,0,0,0,1,0,0
ENSMUSG00000096600,Trav6d-3,0,2,0,0,2,2,1,1,0,1,0,1
ENSMUSG00000096746,Trav7d-3,4,3,4,3,3,0,3,6,2,2,4,5
ENSMUSG00000095387,Trav6d-4,16,11,4,10,7,4,11,11,15,10,7,5
ENSMUSG00000021913,Ogdhl,1,6,5,5,2,3,0,2,3,2,1,5
ENSMUSG00000094023,Trav7d-4,4,13,3,4,3,4,3,10,8,3,6,5
ENSMUSG00000105920,Gm5408,0,1,0,0,0,0,0,0,0,0,0,0
ENSMUSG00000076770,Trav8d-1,12,14,5,9,9,3,8,11,6,5,5,8
ENSMUSG00000096478,Trav9d-1,4,4,0,2,4,0,6,1,1,2,4,0
ENSMUSG00000072473,1700024G13Rik,0,0,0,0,0,0,0,0,0,0,0,0
ENSMUSG00000095426,Trav6d-5,5,4,7,1,0,1,1,4,2,2,1,1
ENSMUSG00000094792,Trav10d,1,2,0,0,0,0,0,1,0,3,0,0
ENSMUSG00000094176,Trav6d-6,0,0,0,0,0,0,0,0,0,0,0,0
ENSMUSG00000095088,Trav11d,0,0,0,0,0,0,0,0,0,0,0,0
ENSMUSG00000105393,Trav7d-5,0,0,0,0,0,0,0,0,0,0,0,0
ENSMUSG00000095689,Trav12d-1,0,0,0,0,0,0,0,0,0,0,0,0
ENSMUSG00000076778,Trav13d-1,0,2,2,3,3,0,0,0,0,0,5,1
ENSMUSG00000095854,Trav14d-1,0,0,0,0,0,0,0,0,0,0,0,0
ENSMUSG00000115785,Gm6740,0,0,0,0,0,0,0,0,1,0,0,0
ENSMUSG00000105061,Gm6740,0,0,0,0,0,0,0,0,0,0,0,0
ENSMUSG00000096653,Trav15d-1-dv6d-1,0,0,0,0,0,0,0,0,0,0,0,0
ENSMUSG00000106533,Trav3d-2,0,0,0,0,0,0,0,0,0,0,0,0
ENSMUSG00000094914,Trav9d-2,0,0,0,0,0,0,0,0,0,0,0,0
ENSMUSG00000093939,Trav4d-3,0,0,0,0,0,0,0,0,0,0,0,0
ENSMUSG00000094974,Rps19-ps2,0,0,1,0,0,0,0,0,0,0,0,0
ENSMUSG00000104714,Trav5d-2,0,0,0,0,0,0,0,0,0,0,0,0
ENSMUSG00000096129,Trav12d-2,0,0,0,0,0,0,0,0,0,0,0,0
ENSMUSG00000095495,Trav9d-3,0,0,0,0,0,0,0,0,0,0,0,0
ENSMUSG00000105887,Trav5d-3,0,0,0,0,0,0,0,0,0,0,0,0
ENSMUSG00000094607,Trav12d-3,0,0,0,0,0,0,0,0,0,0,0,0
ENSMUSG00000094758,Trav13d-2,0,0,0,0,0,0,0,0,0,0,0,0
ENSMUSG00000095560,Trav14d-2,0,0,0,0,0,0,0,0,0,0,0,0
ENSMUSG00000105953,Trav15d-2-dv6d-2,0,0,0,0,0,0,0,0,0,0,0,0
ENSMUSG00000104613,Gm8704,0,0,0,0,0,0,0,0,0,0,0,0
ENSMUSG00000093953,Trav3d-3,0,0,0,0,0,0,0,0,0,0,0,0
ENSMUSG00000090868,Trav9d-4,0,0,0,0,0,0,0,3,0,0,0,0
ENSMUSG00000096505,Trav4d-4,0,0,0,0,0,0,0,0,0,0,0,0
ENSMUSG00000105386,Gm43104,0,0,0,0,0,0,0,0,0,0,0,0
ENSMUSG00000096106,Trav5d-4,0,0,0,0,0,0,0,0,0,0,0,0
ENSMUSG00000095756,Trav6d-7,0,0,0,0,0,0,0,0,0,0,0,0
ENSMUSG00000105721,Trav7d-6,0,0,0,0,0,0,0,0,0,0,0,0
ENSMUSG00000104598,Gm30214,2,0,0,1,3,0,0,1,2,3,0,1
ENSMUSG00000021919,Chat,1,0,0,1,1,0,0,1,1,0,1,1
ENSMUSG00000095643,Trav13d-3,0,0,0,0,0,0,0,0,0,0,0,0
ENSMUSG00000076795,Trav8d-2,12,12,6,12,10,5,8,9,15,12,16,10
ENSMUSG00000100241,Slc18a3,0,0,0,0,0,2,0,0,0,0,0,0
ENSMUSG00000097794,Gm2990,0,0,0,0,0,0,0,0,0,0,0,0
ENSMUSG00000076796,Trav16d-dv11,3,8,1,5,2,6,9,9,5,4,9,7
ENSMUSG00000096329,Trav13d-4,2,0,0,1,0,0,0,1,0,2,3,1
ENSMUSG00000094619,Trav14d-3-dv8,17,17,14,8,20,11,22,25,9,17,14,16
ENSMUSG00000106481,Trav15d-3,0,0,0,0,0,0,0,0,0,0,0,0
ENSMUSG00000095736,Trav7n-4,9,3,4,6,8,1,8,0,10,10,5,4
ENSMUSG00000092251,Trav9n-1,0,2,0,2,0,0,2,1,0,0,1,0
ENSMUSG00000076800,Trav6n-5,0,0,0,1,0,0,0,0,0,0,0,0
ENSMUSG00000095646,Trav10n,7,10,2,5,10,7,1,6,8,5,3,3
ENSMUSG00000076802,Trav6n-6,13,7,7,6,8,1,8,7,15,10,12,11
ENSMUSG00000106259,Trav11n,0,2,0,0,1,0,1,0,2,0,1,2
ENSMUSG00000105629,Trav7n-5,0,0,0,0,0,0,0,0,0,0,0,0
ENSMUSG00000054051,Ercc6,2222,2331,1939,1774,1630,1179,1234,1893,1897,1908,1770,1661
ENSMUSG00000115281,Gm49743,0,0,0,0,0,0,0,0,0,0,0,0
ENSMUSG00000096055,Trav12n-1,0,0,0,0,0,0,0,0,0,0,0,0
ENSMUSG00000104629,Trav13n-1,2,8,4,3,2,2,3,6,2,1,3,2
ENSMUSG00000096827,Trav14n-1,0,0,0,0,0,0,0,0,0,0,0,0
ENSMUSG00000105194,Gm6755,0,0,0,0,0,0,0,0,0,0,0,0
ENSMUSG00000094413,Trav15n-1,0,0,0,0,0,0,0,0,0,0,0,0
ENSMUSG00000105070,Trav3n-2,0,0,0,0,0,0,0,0,0,0,0,0
ENSMUSG00000093813,Trav9n-2,0,0,0,0,0,0,0,0,0,0,0,0
ENSMUSG00000095572,Trav4n-3,0,0,0,0,0,0,0,0,0,0,0,0
ENSMUSG00000096681,Rps19-ps1,0,0,0,0,0,0,0,0,0,0,0,0
ENSMUSG00000105956,Trav5n-2,0,0,0,0,0,0,0,0,0,0,0,0
ENSMUSG00000096531,Trav12n-2,0,0,0,0,0,0,0,0,0,0,0,0
ENSMUSG00000021767,Kat6b,280,285,210,239,240,252,203,316,283,246,303,271
ENSMUSG00000096541,Trav9n-3,0,0,0,0,0,0,0,0,0,0,0,0
ENSMUSG00000105467,Trav5n-3,0,0,0,0,0,0,0,0,0,0,0,0
ENSMUSG00000093915,Trav12n-3,0,0,0,0,0,0,0,0,0,0,0,0
ENSMUSG00000094779,Trav13n-2,0,0,0,0,0,0,0,0,0,0,0,0
ENSMUSG00000063821,Dupd1,0,0,0,0,0,0,0,0,0,0,0,0
ENSMUSG00000093801,Trav14n-2,0,0,0,0,0,0,0,0,0,0,0,0
ENSMUSG00000104915,Trav15n-2,0,0,0,0,0,0,0,0,0,0,0,0
ENSMUSG00000041730,Prrxl1,0,0,0,0,0,2,0,0,0,0,0,0
ENSMUSG00000071540,3425401B19Rik,0,0,0,0,1,0,0,0,0,0,0,0
ENSMUSG00000101086,Gm28651,0,0,0,0,0,1,0,0,0,1,0,0
ENSMUSG00000106165,Gm3922,0,0,0,0,0,0,0,0,0,0,0,0
ENSMUSG00000094877,Trav3n-3,0,0,0,0,0,0,0,0,0,0,0,0
ENSMUSG00000094231,Trav9n-4,6,2,1,5,0,0,3,2,2,0,3,4
ENSMUSG00000093969,Trav4n-4,0,0,0,0,0,0,0,0,0,0,0,0
ENSMUSG00000096168,Trav5n-4,0,0,0,0,0,0,0,0,0,0,0,0
ENSMUSG00000041707,Tmem273,4,5,5,4,4,3,12,3,3,6,4,4
ENSMUSG00000095370,Trav6n-7,0,0,0,0,0,0,0,0,0,0,0,0
ENSMUSG00000105080,Trav7n-6,0,0,0,0,0,0,0,0,0,0,0,0
ENSMUSG00000078127,Fam170b,0,0,0,0,0,0,0,0,0,0,0,0
ENSMUSG00000105418,Gm43650,3,2,1,2,2,0,1,4,0,3,2,0
ENSMUSG00000096038,Trav13n-3,1,0,0,3,0,0,1,0,2,0,1,1
ENSMUSG00000076821,Trav8n-2,10,10,7,14,10,6,5,4,11,13,7,12
ENSMUSG00000076822,Trav16n,16,16,6,8,6,3,11,5,22,16,14,10
ENSMUSG00000050666,Vstm4,0,0,0,0,0,3,0,0,0,0,0,0
ENSMUSG00000098236,Gm7734,0,5,7,4,3,1,6,11,4,2,0,0
ENSMUSG00000076823,Trav13n-4,2,6,3,1,2,5,4,1,2,2,2,1
ENSMUSG00000076824,Trav14n-3,19,30,15,24,24,18,31,13,37,41,20,36
ENSMUSG00000105548,Trav15n-3,0,0,0,0,0,0,0,0,0,0,0,0
ENSMUSG00000096417,Trav7-2,0,0,0,0,0,0,0,0,0,0,0,0
ENSMUSG00000076826,Trav4-2,8,5,1,2,8,2,2,5,6,13,5,6
ENSMUSG00000094220,Trav6-3,4,5,3,1,1,3,3,1,3,0,3,3
ENSMUSG00000096908,Trav7-3,13,8,3,6,5,3,6,9,9,10,6,10
ENSMUSG00000094468,Trav6-4,12,14,6,9,8,11,8,9,14,10,12,13
ENSMUSG00000021768,Dusp13,0,0,0,0,0,0,0,0,1,0,0,0
ENSMUSG00000094766,Trav7-4,23,13,8,14,6,6,11,20,16,18,17,17
ENSMUSG00000105666,Gm18711,0,0,0,0,0,0,0,0,0,0,0,0
ENSMUSG00000076831,Trav8-1,14,27,9,10,19,4,9,16,26,14,12,14
ENSMUSG00000084940,Gm15935,0,0,0,0,0,0,0,0,0,0,0,0
ENSMUSG00000096900,Trav9-1,14,8,8,7,10,1,3,6,15,8,4,12
ENSMUSG00000096149,Trav6-5,1,0,1,0,0,0,0,0,0,1,0,0
ENSMUSG00000096551,Trav10,13,10,11,12,8,8,13,18,14,4,4,11
ENSMUSG00000095862,Trav6-6,0,0,0,0,0,0,0,0,0,0,0,0
ENSMUSG00000096615,Trav11,0,0,0,0,0,0,0,0,0,0,0,0
ENSMUSG00000106620,Trav7-5,34,28,24,24,19,19,31,30,18,35,17,24
ENSMUSG00000096825,Trav12-1,12,16,10,8,8,2,6,10,15,7,6,5
ENSMUSG00000076839,Trav13-1,24,31,17,23,26,9,21,13,30,15,20,16
ENSMUSG00000076840,Trav14-1,16,17,17,24,12,6,14,26,33,24,15,20
ENSMUSG00000021770,Samd8,377,364,405,364,335,231,268,364,366,292,337,303
ENSMUSG00000065836,Gm23502,0,0,0,0,0,0,0,0,0,0,0,0
ENSMUSG00000094016,Trav15-1-dv6-1,12,14,13,4,6,4,6,4,3,8,4,9
ENSMUSG00000104738,Trav3-2,0,0,0,0,0,0,0,0,0,0,0,0
ENSMUSG00000094966,Trav9-2,16,13,18,10,9,7,18,9,20,21,10,13
ENSMUSG00000093966,Trav4-3,16,18,15,13,10,8,12,14,30,23,13,15
ENSMUSG00000104815,Trav5-2,0,0,0,0,0,0,0,0,0,0,0,0
ENSMUSG00000096656,Trav12-2,32,51,24,27,30,10,18,17,25,22,22,26
ENSMUSG00000095958,Trav12-3,7,16,11,11,21,1,11,16,18,17,9,9
ENSMUSG00000076846,Trav13-2,8,11,14,12,9,4,4,10,20,11,20,14
ENSMUSG00000095711,Trav14-2,49,39,38,26,21,26,19,25,38,28,37,34
ENSMUSG00000076848,Trav15-2-dv6-2,6,8,3,7,9,4,5,6,6,12,10,13
ENSMUSG00000051506,Wdfy4,16,16,4,6,11,7,8,12,12,5,9,7
ENSMUSG00000105493,Gm43551,0,1,0,1,0,0,0,0,0,0,0,0
ENSMUSG00000094828,Trav3-3,28,45,26,19,27,8,22,24,38,41,22,21
ENSMUSG00000096678,Trav9-4,9,11,8,8,12,5,13,15,12,14,16,10
ENSMUSG00000096096,Trav4-4-dv10,47,61,30,33,33,24,38,33,52,27,26,27
ENSMUSG00000104673,Gm43550,0,0,0,0,0,0,0,0,0,0,0,0
ENSMUSG00000095607,Trav5-4,17,16,14,9,19,12,13,10,17,11,19,18
ENSMUSG00000095126,Trav6-7-dv9,11,9,5,5,9,11,15,8,6,10,20,13
ENSMUSG00000096138,Trav7-6,8,11,5,10,9,8,7,18,11,11,13,11
ENSMUSG00000082663,Trav13-3,0,0,0,0,0,0,0,0,0,0,0,0
ENSMUSG00000085302,Trav8-2,9,7,2,5,7,5,3,6,8,4,2,4
ENSMUSG00000076855,Trav16,30,15,13,11,4,11,10,6,17,17,24,13
ENSMUSG00000094562,Trav13-4-dv7,5,16,10,8,5,2,4,4,7,6,2,2
ENSMUSG00000094212,Trav14-3,24,31,10,24,19,6,16,17,25,17,12,19
ENSMUSG00000041673,Lrrc18,0,0,0,0,0,0,0,0,0,0,0,0
ENSMUSG00000105090,Trav15-3,0,0,0,0,0,0,0,0,0,0,0,0
ENSMUSG00000076858,Trav3-4,5,7,5,1,2,3,1,1,3,2,3,0
ENSMUSG00000115104,Gm49029,0,0,0,0,0,0,0,0,0,0,0,0
ENSMUSG00000105380,Trav12-4,0,0,0,1,0,0,0,0,0,0,0,1
ENSMUSG00000077612,Gm25498,0,0,0,0,0,0,0,0,0,0,0,0
ENSMUSG00000087666,Trav13-5,2,0,0,1,2,2,0,1,2,0,1,1
ENSMUSG00000115523,Gm6340,0,0,0,1,0,0,1,1,0,1,0,0
ENSMUSG00000096397,Trav17,28,30,25,18,25,15,10,23,27,23,10,26
ENSMUSG00000076861,Trav18,0,1,2,0,0,0,1,0,0,1,1,0
ENSMUSG00000076862,Trav19,23,18,23,18,11,11,11,22,18,23,22,21
ENSMUSG00000086858,Trav20,0,0,0,0,1,1,0,0,1,1,1,0
ENSMUSG00000076863,Trav21-dv12,6,17,15,14,12,5,13,18,15,10,11,17
ENSMUSG00000076864,Trdv1,19,23,23,27,16,21,19,15,17,15,16,11
ENSMUSG00000105963,Gm43647,0,0,0,0,0,0,0,0,0,0,0,0
ENSMUSG00000104650,Trav22,0,0,0,0,0,0,0,0,0,0,0,0
ENSMUSG00000076865,Trdv2-1,0,0,0,1,0,0,0,0,0,0,0,0
ENSMUSG00000076866,Trdv2-2,0,7,3,5,3,0,4,3,4,0,4,3
ENSMUSG00000021771,Vdac2,3967,4825,3457,3733,3980,1891,3859,3583,4423,3668,3710,3386
ENSMUSG00000106289,Trav23,0,0,0,0,1,0,0,1,0,0,0,0
ENSMUSG00000105823,Trdv3,0,0,0,0,0,1,0,0,1,0,0,0
ENSMUSG00000104658,Gm30275,1,1,0,0,0,0,0,0,1,0,0,0
ENSMUSG00000076867,Trdv4,1,0,0,1,1,0,0,0,0,0,0,0
ENSMUSG00000096749,Trdd1,0,0,0,0,0,0,0,0,0,0,0,0
ENSMUSG00002075869,#N/A,0,0,0,0,0,0,0,0,0,0,0,0
ENSMUSG00000096176,Trdd2,0,0,0,0,0,0,0,0,0,1,0,0
ENSMUSG00000076870,Trdj1,14,16,17,22,15,15,9,13,10,10,17,10
ENSMUSG00000063506,Arhgap22,30,30,19,19,22,0,26,17,20,23,7,5
ENSMUSG00000106112,Gm43434,0,1,0,1,0,0,0,1,0,0,0,0
ENSMUSG00000115597,Gm49030,0,0,0,0,0,0,0,0,0,0,0,0
ENSMUSG00000021773,Comtd1,310,407,303,264,318,86,270,266,381,316,312,317
ENSMUSG00000087639,Gm15512,0,0,0,1,1,0,0,0,0,1,0,1
ENSMUSG00000076871,Trdj2,5,0,1,5,1,0,0,2,9,0,0,3
ENSMUSG00000090564,A430057M04Rik,36,54,40,48,53,43,30,36,34,29,45,54
ENSMUSG00000114352,4931407E12Rik,0,0,0,0,0,0,0,0,0,0,0,0
ENSMUSG00000104876,Trdc,710,752,822,829,760,648,478,545,676,615,564,542
ENSMUSG00000104232,Gm37590,0,0,0,0,0,0,0,0,0,0,0,0
ENSMUSG00000076873,Trdv5,35,39,34,31,34,22,20,23,36,22,33,47
ENSMUSG00000090574,Traj61,0,0,0,0,0,1,1,0,0,0,0,1
ENSMUSG00000039081,Zfp503,0,1,1,0,0,0,0,0,1,0,0,2
ENSMUSG00000090782,Traj60,0,0,0,1,0,0,0,0,0,0,0,0
ENSMUSG00000103160,C130012C08Rik,0,0,0,0,0,0,0,0,0,0,0,0
ENSMUSG00000076874,Traj59,0,0,1,0,0,2,0,0,0,1,0,0
ENSMUSG00000076875,Traj58,2,3,4,3,0,3,4,2,0,4,6,3
ENSMUSG00000076876,Traj57,8,8,5,11,3,5,2,6,9,5,9,4
ENSMUSG00000076877,Traj56,3,7,6,4,4,1,2,3,7,6,1,1
ENSMUSG00000091005,Traj55,1,0,0,0,0,0,0,0,0,0,0,0
ENSMUSG00000091326,Traj54,0,0,0,0,0,0,0,0,0,1,0,1
ENSMUSG00000076878,Traj53,3,3,5,3,1,0,2,6,4,1,5,3
ENSMUSG00000076879,Traj52,3,3,10,0,3,1,1,10,8,5,5,4
ENSMUSG00000076880,Traj51,1,0,0,0,0,0,0,1,1,1,0,1
ENSMUSG00000076881,Traj50,1,3,8,5,2,1,0,5,3,2,5,0
ENSMUSG00000076882,Traj49,3,7,2,4,4,5,3,3,11,11,0,1
ENSMUSG00000076883,Traj48,6,4,5,13,9,12,6,14,7,3,9,7
ENSMUSG00000063458,Lrmda,0,0,0,0,0,0,0,0,0,0,0,0
ENSMUSG00000105216,Traj47,4,3,1,0,2,0,5,2,2,8,0,3
ENSMUSG00002076409,#N/A,0,0,0,0,0,0,0,0,0,0,0,0
ENSMUSG00000076884,Traj46,0,0,1,0,0,0,0,0,0,0,0,0
ENSMUSG00000114205,Gm7480,0,0,0,0,0,0,0,0,0,0,0,0
ENSMUSG00000076885,Traj45,4,5,7,4,0,5,2,0,2,0,5,4
ENSMUSG00000114412,4930405A10Rik,0,0,0,0,0,0,0,0,0,0,0,0
ENSMUSG00000059827,Gm5670,0,0,0,0,0,0,0,0,0,0,0,0
ENSMUSG00000076886,Traj44,4,4,3,3,4,0,1,3,3,7,4,9
ENSMUSG00000114967,Gm7473,0,0,0,0,0,0,0,0,0,0,0,0
ENSMUSG00000076887,Traj43,11,5,5,5,7,9,9,9,7,11,14,3
ENSMUSG00000114496,Gm47601,0,0,0,0,1,4,0,0,0,0,0,0
ENSMUSG00000076888,Traj42,6,6,5,8,6,11,9,5,2,3,3,6
ENSMUSG00000068680,Gm10248,0,0,0,0,0,1,0,0,0,0,0,0
ENSMUSG00000076889,Traj41,2,2,1,2,1,1,2,1,1,1,1,5
ENSMUSG00000076890,Traj40,13,13,4,8,8,6,7,12,12,18,7,8
ENSMUSG00000076891,Traj39,21,14,9,28,18,12,13,20,10,24,11,12
ENSMUSG00000076892,Traj38,2,4,2,0,1,0,0,1,1,3,2,5
ENSMUSG00000076893,Traj37,28,23,16,15,22,14,25,25,26,17,16,20
ENSMUSG00000090494,Traj36,0,1,0,1,1,0,0,2,1,2,3,0
ENSMUSG00000076894,Traj35,0,4,0,3,1,2,5,5,1,0,0,2
ENSMUSG00000076895,Traj34,23,11,5,10,10,7,7,11,12,19,13,11
ENSMUSG00000076896,Traj33,8,6,3,3,2,4,3,7,5,9,7,8
ENSMUSG00000076897,Traj32,6,8,9,12,7,5,7,6,14,15,5,9
ENSMUSG00000076898,Traj31,23,24,15,15,16,9,13,31,22,25,20,18
ENSMUSG00000076899,Traj30,3,4,5,3,7,0,4,5,9,7,2,13
ENSMUSG00000076900,Traj29,0,0,0,0,0,0,0,0,0,0,0,0
ENSMUSG00000076901,Traj28,4,7,4,2,4,8,4,6,8,5,12,7
ENSMUSG00000076902,Traj27,15,18,8,14,8,7,12,9,19,18,8,11
ENSMUSG00000076903,Traj26,7,11,9,8,6,6,11,9,9,6,10,9
ENSMUSG00000076904,Traj25,0,3,1,1,2,2,1,7,4,0,2,3
ENSMUSG00000076905,Traj24,9,2,6,8,3,0,1,4,7,5,3,6
ENSMUSG00000076906,Traj23,31,18,16,17,19,47,18,21,28,21,22,20
ENSMUSG00000076907,Traj22,16,22,3,9,9,7,14,14,22,15,5,15
ENSMUSG00000076908,Traj21,12,9,20,8,12,5,9,16,13,14,13,13
ENSMUSG00000076909,Traj20,3,7,9,4,1,0,2,4,3,1,9,3
ENSMUSG00000076910,Traj19,11,2,3,11,6,8,6,7,12,6,10,5
ENSMUSG00000076911,Traj18,15,12,15,4,5,4,2,7,12,6,6,3
ENSMUSG00000076912,Traj17,21,24,13,9,7,7,10,14,12,10,12,13
ENSMUSG00000076913,Traj16,16,11,6,8,11,3,11,4,18,16,12,8
ENSMUSG00000076914,Traj15,17,19,16,12,6,18,9,15,21,15,8,20
ENSMUSG00000076915,Traj14,9,6,6,6,0,7,7,7,8,5,5,4
ENSMUSG00000076916,Traj13,3,6,4,4,4,1,3,2,6,1,5,3
ENSMUSG00000076917,Traj12,34,18,12,9,6,9,5,10,26,13,11,17
ENSMUSG00000076918,Traj11,6,8,11,7,12,4,7,5,1,10,7,14
ENSMUSG00000076919,Traj9,17,14,12,18,11,2,9,9,16,6,9,7
ENSMUSG00000076920,Traj8,0,5,0,2,0,0,0,2,1,0,0,2
ENSMUSG00000076921,Traj7,15,11,8,9,16,4,5,3,5,6,9,4
ENSMUSG00000076922,Traj6,16,15,13,7,16,10,5,9,9,7,9,6
ENSMUSG00000076923,Traj5,4,4,4,7,7,4,3,0,4,12,3,5
ENSMUSG00000076924,Traj4,10,5,6,9,1,3,2,3,5,5,0,7
ENSMUSG00000076925,Traj3,6,6,7,3,6,1,1,4,7,10,6,5
ENSMUSG00000076926,Traj2,25,14,23,11,11,9,7,7,10,12,15,12
ENSMUSG00000076927,Traj1,3,3,5,3,6,0,2,1,4,6,0,1
ENSMUSG00000076928,Trac,11216,13237,8957,9483,9280,6968,9833,10148,11498,10631,9740,8560
ENSMUSG00000022174,Dad1,1839,2041,1417,1530,1875,944,1745,1591,1773,1566,1677,1570
ENSMUSG00000021936,Mapk8,721,819,612,551,745,633,561,643,829,735,775,723
ENSMUSG00000115248,Gm49037,0,0,0,0,0,0,0,0,0,0,0,0
ENSMUSG00000115745,Gm46448,8,42,32,33,36,23,49,45,6,5,29,8
ENSMUSG00000108841,Frmpd2,0,0,0,0,0,1,0,0,0,0,0,0
ENSMUSG00000040997,Abhd4,86,86,70,80,89,41,92,80,88,93,89,79
ENSMUSG00000048153,Olfr49,0,0,0,0,0,0,0,0,0,0,0,0
ENSMUSG00000105703,Gm43305,98,98,23,22,189,119,97,174,166,185,228,162
ENSMUSG00000105294,Gm43304,0,0,0,0,0,0,0,0,0,0,0,0
ENSMUSG00000105667,Gm3945,0,0,0,0,0,0,0,0,0,0,0,0
ENSMUSG00000105501,5330426L24Rik,5,0,3,7,3,0,2,0,3,1,2,0
ENSMUSG00000021940,Ptpn20,0,0,0,0,0,0,0,0,0,0,0,0
ENSMUSG00000064446,Gm26228,0,0,0,0,0,0,0,0,0,0,0,0
ENSMUSG00000115134,Gm49108,0,0,0,0,0,0,0,0,0,0,0,0
ENSMUSG00000115751,4930503F20Rik,0,0,0,0,0,0,0,0,0,0,0,0
ENSMUSG00000021943,Gdf10,0,0,0,0,0,0,0,0,0,0,0,0
ENSMUSG00000072625,Gdf2,0,0,0,0,0,0,0,0,0,0,0,0
ENSMUSG00000041534,Rbp3,0,0,0,0,0,0,0,0,0,0,0,0
ENSMUSG00000000959,Oxa1l,1260,1407,969,1067,1129,586,1150,1161,1236,1102,1165,1037
ENSMUSG00000044519,Zfp488,0,0,0,0,0,1,0,0,0,0,0,0
ENSMUSG00000115726,Gm30083,0,0,0,0,0,1,0,0,0,0,0,0
ENSMUSG00000072624,Gm5460,0,0,0,0,0,0,0,0,0,0,0,0
ENSMUSG00000095493,A630023A22Rik,0,0,0,0,0,0,0,0,0,0,0,0
ENSMUSG00000047441,Antxrl,0,0,0,0,1,1,0,0,0,0,0,0
ENSMUSG00000115489,Gm49129,0,0,0,0,0,0,0,0,0,0,0,0
ENSMUSG00000000958,Slc7a7,12,9,9,16,14,8,11,10,7,11,14,13
ENSMUSG00000021950,Anxa8,0,0,1,0,0,0,0,0,0,0,1,0
ENSMUSG00000088533,Gm24998,0,0,0,0,0,0,0,0,0,0,0,0
ENSMUSG00000115180,Gm30556,0,0,0,0,0,0,0,0,0,0,0,0
ENSMUSG00000115101,Gm7778,0,0,0,0,0,0,0,0,0,0,0,0
ENSMUSG00000048337,Npy4r,0,0,0,0,0,0,0,0,0,0,0,0
ENSMUSG00000078126,Rpl23a-ps3,0,0,1,0,0,0,0,0,0,1,1,0
ENSMUSG00000115673,Gm18884,0,0,0,0,0,0,0,0,0,0,0,0
ENSMUSG00000010406,Mrpl52,871,1095,785,850,985,508,943,863,895,895,1031,879
ENSMUSG00000071531,Gprin2,0,1,4,1,1,5,2,2,0,1,1,0
ENSMUSG00000115299,Gm49168,3,3,2,2,5,4,4,4,6,2,3,3
ENSMUSG00000000957,Mmp14,10,10,12,7,0,3,7,8,6,8,9,9
ENSMUSG00000115270,5430430K15Rik,0,1,0,0,0,1,0,0,0,0,1,0
ENSMUSG00000118894,#N/A,0,0,4,0,0,1,3,1,0,0,1,0
ENSMUSG00000041479,Syt15,0,0,0,0,0,0,0,0,0,0,0,0
ENSMUSG00000115767,Gm10366,16,5,8,8,13,5,10,3,17,10,7,10
ENSMUSG00000115124,Gm49201,6,8,5,6,2,5,3,5,6,4,9,4
ENSMUSG00000022175,Lrp10,5590,6267,4070,4340,3856,957,3814,4135,4953,4480,3497,3499
ENSMUSG00000041471,Shld2,247,232,196,206,247,176,148,189,227,211,248,202
ENSMUSG00000115649,Gm18813,0,0,0,0,0,0,0,0,0,0,0,0
ENSMUSG00000115183,Gm49203,0,0,0,0,0,0,0,0,0,0,0,0
ENSMUSG00000115214,Gm49202,0,0,0,0,0,0,0,0,0,0,0,0
ENSMUSG00000022176,Rem2,28,37,28,27,14,7,24,30,29,16,27,16
ENSMUSG00000021794,Glud1,5128,5552,4423,4541,3716,1930,3845,4563,4629,4393,3666,3443
ENSMUSG00000115431,Gm3219,0,1,1,4,0,0,1,0,2,0,1,3
ENSMUSG00000043681,Fam25c,0,0,0,0,0,0,0,0,0,0,0,0
ENSMUSG00000023064,Sncg,1,1,0,0,0,0,0,2,0,1,0,0
ENSMUSG00000023110,Prmt5,3833,4056,3063,3315,3779,2214,3266,3822,3891,3475,3869,3468
ENSMUSG00000041445,Mmrn2,2,0,0,0,0,0,0,0,0,0,0,0
ENSMUSG00000022177,Haus4,241,222,207,229,351,156,358,357,248,210,378,340
ENSMUSG00000022178,Ajuba,570,590,336,408,313,106,295,306,459,387,485,412
ENSMUSG00000064742,Gm24705,0,0,0,0,0,0,0,0,0,0,0,0
ENSMUSG00000022179,4931414P19Rik,98,94,75,71,72,45,103,105,89,71,86,84
ENSMUSG00000021796,Bmpr1a,515,569,506,494,446,311,351,487,510,498,378,355
ENSMUSG00000090779,Gm17110,1,1,2,2,0,1,1,2,2,2,0,0
ENSMUSG00000022193,Psmb5,488,582,451,478,626,254,517,469,523,476,543,587
ENSMUSG00000076128,Mir686,0,0,0,0,0,0,0,0,0,0,0,0
ENSMUSG00000021797,9230112D13Rik,0,0,0,0,0,0,0,0,0,0,0,0
ENSMUSG00000115582,Gm48953,0,0,0,1,0,0,0,1,1,1,1,1
ENSMUSG00000072423,Psmb11,0,1,1,0,0,0,0,0,0,0,0,1
ENSMUSG00000059674,Cdh24,113,102,120,68,121,49,82,101,101,104,129,123
ENSMUSG00000091306,Gm17606,13,5,6,6,2,14,16,9,9,8,7,10
ENSMUSG00000021798,Ldb3,1,3,0,0,0,2,2,1,1,0,0,0
ENSMUSG00000021799,Opn4,0,0,0,0,0,0,0,0,0,0,0,0
ENSMUSG00000115509,Gm49012,0,0,0,0,0,0,0,0,0,0,0,0
ENSMUSG00000115575,Gm49024,0,0,0,0,0,0,0,0,0,0,0,1
ENSMUSG00000115451,Gm49025,2,2,0,0,0,2,0,0,1,1,0,0
ENSMUSG00000115007,5830448L01Rik,79,87,74,79,82,55,77,80,73,62,66,40
ENSMUSG00000041408,Wapl,4823,4832,3923,3994,4002,3840,3102,3977,4439,4259,4498,3951
ENSMUSG00000097310,A930038B10Rik,2,1,7,2,1,3,3,4,1,4,1,0
ENSMUSG00000115109,Gm49032,13,12,12,10,8,3,13,7,15,4,14,7
ENSMUSG00000041078,Grid1,1,0,0,0,1,1,0,0,1,0,1,0
ENSMUSG00000065481,Mir346,0,0,0,0,0,0,0,0,0,0,0,0
ENSMUSG00000115826,Gm49034,0,0,0,0,0,0,0,0,0,0,0,0
ENSMUSG00000115277,Gm19016,0,0,0,0,0,0,0,0,0,0,0,0
ENSMUSG00002076245,#N/A,0,0,0,0,0,0,0,0,0,0,0,0
ENSMUSG00000041068,4930596D02Rik,0,0,0,0,0,0,0,0,0,0,0,0
ENSMUSG00000115375,Gm49039,0,0,0,0,0,0,0,0,0,0,0,0
ENSMUSG00000115274,Gm49040,0,0,0,0,0,0,0,0,0,0,0,0
ENSMUSG00000115237,Gm46474,0,0,0,0,0,0,0,0,0,0,0,0
ENSMUSG00000115295,Gm19129,0,0,0,0,0,0,0,0,0,0,1,0
ENSMUSG00000072616,Gm7853,0,0,0,0,0,0,0,0,0,0,0,0
ENSMUSG00000096405,4930474N05Rik,0,0,0,0,0,0,0,0,0,0,0,0
ENSMUSG00000114494,Gm48663,0,0,0,0,0,0,0,0,0,0,0,0
ENSMUSG00000088766,Gm24394,0,0,0,0,0,0,0,0,0,0,0,0
ENSMUSG00000114779,Gm17940,0,0,0,0,0,0,0,0,0,0,0,0
ENSMUSG00000064777,Gm25204,0,0,0,0,0,0,0,0,0,0,0,0
ENSMUSG00002074864,#N/A,0,0,0,0,0,0,0,0,0,0,0,0
ENSMUSG00000022185,Acin1,10159,10295,8128,8284,8469,5199,8153,9284,9325,8508,10008,8851
ENSMUSG00000106169,Mir6948,3,4,4,4,4,0,0,3,3,3,3,1
ENSMUSG00000040840,4930579G18Rik,2,3,4,1,6,10,5,7,2,9,6,11
ENSMUSG00000040822,1700123O20Rik,466,573,448,492,497,171,499,433,480,427,455,432
ENSMUSG00000114865,Gm29776,0,0,0,0,0,2,0,0,1,0,1,0
ENSMUSG00000052435,Cebpe,1,0,0,0,0,0,0,0,0,1,0,0
ENSMUSG00000022180,Slc7a8,18,6,15,3,13,2,7,11,13,10,8,10
ENSMUSG00000115626,Gm17772,0,0,0,0,0,0,0,0,0,0,0,0
ENSMUSG00000112858,Rnf212b,0,0,0,0,0,0,0,0,0,0,0,0
ENSMUSG00000086420,Gm8865,0,0,0,0,0,0,0,0,0,0,0,0
ENSMUSG00000057156,Homez,120,111,97,92,109,52,93,91,100,94,97,92
ENSMUSG00000072494,Ppp1r3e,449,458,343,365,338,189,266,353,448,392,451,401
ENSMUSG00000058690,Ccser2,547,615,528,512,418,356,398,520,521,439,535,448
ENSMUSG00000114739,Gm47885,2,1,1,5,2,1,1,2,5,10,0,2
ENSMUSG00000089682,Bcl2l2,312,331,246,245,270,95,233,249,237,256,276,295
ENSMUSG00000092232,Gm20521,0,0,0,0,0,0,0,0,0,0,0,0
ENSMUSG00000021804,Rgr,0,0,0,0,0,0,0,0,0,0,0,0
ENSMUSG00000041044,Lrit1,0,0,0,0,0,0,0,0,0,0,0,0
ENSMUSG00000043418,Lrit2,0,0,0,0,0,0,0,0,0,0,1,0
ENSMUSG00000021803,Cdhr1,0,0,1,2,0,0,0,0,0,0,0,0
ENSMUSG00000096001,2610528A11Rik,4,2,0,3,0,7,3,2,2,3,3,0
ENSMUSG00000041028,Ghitm,4216,5040,4023,4321,3928,1989,3902,4024,4265,3941,3458,3382
ENSMUSG00000114675,Gm18834,0,0,0,0,0,0,0,0,0,0,0,0
ENSMUSG00000077306,Gm22469,0,0,0,0,0,0,0,0,0,0,0,0
ENSMUSG00000077786,Gm23909,0,0,0,0,0,0,0,0,0,0,0,0
ENSMUSG00000114741,Gm47971,0,0,0,0,0,0,0,0,0,0,0,0
ENSMUSG00000114334,Gm31393,0,0,0,0,0,0,0,0,0,0,0,0
ENSMUSG00000114766,Gm5203,0,0,0,0,0,0,0,0,0,0,0,0
ENSMUSG00000114227,Gm5204,0,0,0,0,0,0,0,0,0,0,0,0
ENSMUSG00000114339,Gm47974,0,0,0,0,0,0,0,0,0,0,0,0
ENSMUSG00000114450,Gm18523,0,0,0,0,0,0,0,0,0,0,0,0
ENSMUSG00000114219,Gm31456,0,0,0,0,0,0,0,0,0,0,0,0
ENSMUSG00000022194,Pabpn1,543,441,462,448,610,163,496,404,593,513,659,686
ENSMUSG00000041014,Nrg3,0,0,0,0,2,0,0,0,0,0,0,0
ENSMUSG00000093556,Gm20641,0,0,0,0,0,0,0,0,0,0,0,0
ENSMUSG00000093528,Nrg3os,0,0,0,0,0,0,0,0,0,0,0,0
ENSMUSG00002075617,#N/A,0,0,0,0,0,0,0,0,0,0,0,0
ENSMUSG00000093383,Gm20642,0,0,0,0,0,0,0,0,0,0,0,0
ENSMUSG00000101261,1700109I08Rik,0,0,0,0,0,0,0,0,0,0,0,0
ENSMUSG00000114848,Gm35389,0,0,0,0,0,0,0,0,0,0,0,0
ENSMUSG00000074553,Eif1-ps1,1,7,4,6,2,0,3,3,0,0,5,2
ENSMUSG00002075944,#N/A,0,0,0,0,0,0,0,0,0,0,0,0
ENSMUSG00002074948,#N/A,0,0,0,0,0,0,0,0,0,0,0,0
ENSMUSG00000114862,Gm4817,0,0,1,0,0,0,1,1,0,0,0,0
ENSMUSG00002075657,#N/A,0,0,0,0,0,0,0,0,0,0,0,0
ENSMUSG00000114543,Gm48028,0,0,0,0,0,0,0,0,0,0,0,0
ENSMUSG00000119736,#N/A,0,0,0,0,0,0,0,0,0,0,0,0
ENSMUSG00000114280,Gm2791,0,0,0,0,0,0,0,0,0,0,0,0
ENSMUSG00000098169,Gm5205,5,4,0,4,5,3,7,5,4,3,0,1
ENSMUSG00000114933,Gm48040,0,0,0,0,0,0,0,0,0,0,0,0
ENSMUSG00000037833,Sh2d4b,2,1,1,3,0,0,2,3,2,0,2,3
ENSMUSG00000037824,Tspan14,607,677,479,558,521,199,511,537,601,601,470,448
ENSMUSG00000022199,Slc22a17,19,18,18,13,25,8,14,11,15,11,21,25
ENSMUSG00000022203,Efs,0,4,0,1,1,0,0,0,0,0,2,0
ENSMUSG00000040770,Il25,0,0,0,0,0,1,0,0,0,0,0,0
ENSMUSG00000040759,Cmtm5,0,0,0,0,1,0,0,0,0,0,0,0
ENSMUSG00000115234,Gm49130,0,0,0,0,0,0,0,0,0,0,0,0
ENSMUSG00000021792,Prxl2a,383,456,216,198,141,164,178,212,246,238,283,235
ENSMUSG00000021791,Dydc2,0,0,0,0,0,0,0,0,0,0,0,0
ENSMUSG00000114196,Gm47547,0,0,0,0,0,0,0,0,0,0,0,0
ENSMUSG00000021790,Dydc1,0,0,0,0,0,0,0,0,0,0,0,0
ENSMUSG00000037798,Mat1a,0,0,0,0,0,1,0,0,0,0,0,0
ENSMUSG00000021789,Sftpa1,0,0,0,0,0,0,0,0,0,0,0,0
ENSMUSG00000114782,Gm7920,0,0,0,0,0,0,0,0,0,0,0,0
ENSMUSG00000040752,Myh6,0,0,0,0,0,1,0,1,0,0,0,0
ENSMUSG00000065432,Mir208a,0,0,0,0,0,0,0,0,0,0,0,0
ENSMUSG00000037780,Mbl1,0,0,0,0,0,2,0,0,0,0,0,0
ENSMUSG00000097652,Mhrt,0,0,0,0,0,0,0,0,0,0,0,0
ENSMUSG00000021795,Sftpd,0,0,0,0,0,0,0,0,0,0,0,0
ENSMUSG00000114927,Gm47114,0,0,0,0,0,0,0,0,0,0,0,0
ENSMUSG00000092055,Gm7925,0,0,0,0,0,0,0,0,0,0,0,0
ENSMUSG00000119656,#N/A,0,0,0,1,0,0,0,0,1,1,0,0
ENSMUSG00000091110,Gm2832,0,0,0,0,0,0,0,0,0,0,0,0
ENSMUSG00000091808,Gm9671,0,0,0,0,0,0,0,0,0,0,0,0
ENSMUSG00000094925,Gm5798,0,0,0,0,0,0,0,0,0,0,0,0
ENSMUSG00000091847,Gm2855,0,0,0,0,0,0,0,0,0,0,0,0
ENSMUSG00000091131,Gm7945,0,0,0,0,0,0,0,0,0,0,0,0
ENSMUSG00000092142,Gm6482,0,0,0,0,0,0,0,0,0,0,0,0
ENSMUSG00000091486,Gm7953,0,0,0,0,0,0,0,0,0,0,0,0
ENSMUSG00000093863,Gm7954,0,0,0,0,0,0,0,0,0,0,0,0
ENSMUSG00000091016,Gm2878,0,0,0,0,0,0,0,0,0,0,0,0
ENSMUSG00000090505,Gm3486,0,0,0,0,0,0,0,0,0,0,0,0
ENSMUSG00000079266,Gm6490,0,0,0,0,0,0,0,0,0,0,0,0
ENSMUSG00000090519,Gm17061,0,0,0,0,0,0,0,0,0,0,0,0
ENSMUSG00000093833,Gm7970,0,0,0,0,0,0,0,0,0,0,0,0
ENSMUSG00000090440,1700049E17Rik2,0,0,0,0,0,0,0,0,0,0,0,0
ENSMUSG00000091470,Gm17159,0,0,0,0,0,0,0,0,0,0,0,0
ENSMUSG00000091657,Gm3072,0,0,0,0,0,0,0,0,0,0,0,0
ENSMUSG00000091146,Gm3077,0,0,0,0,0,0,0,0,0,0,0,0
ENSMUSG00000079269,Gm3676,0,0,0,0,0,0,0,0,0,0,0,0
ENSMUSG00000091281,Gm8065,0,0,0,0,0,0,0,0,0,0,0,0
ENSMUSG00000095518,Gm8068,0,0,0,0,0,0,0,0,0,0,0,0
ENSMUSG00000091740,Gm7929,0,0,0,0,0,0,0,0,0,0,0,0
ENSMUSG00000114852,Gm47189,0,0,0,0,0,0,0,0,0,0,0,0
ENSMUSG00000092027,Gm17062,0,0,0,0,0,0,0,0,0,0,0,0
ENSMUSG00000095551,Gm7980,0,0,0,0,0,0,0,0,0,0,0,0
ENSMUSG00000079271,1700049E17Rik1,0,0,0,0,0,0,0,0,0,0,0,0
ENSMUSG00000052334,1700024B05Rik,0,0,0,0,0,0,0,0,0,0,0,0
ENSMUSG00000052790,Gm9890,0,0,0,0,0,0,0,0,0,0,0,0
ENSMUSG00000095044,Gm6401,0,0,0,0,0,0,0,0,0,0,0,0
ENSMUSG00000093945,Gm3543,0,0,0,0,0,0,0,0,0,0,0,0
ENSMUSG00000091031,Gm17063,0,0,0,0,0,0,0,0,0,0,0,0
ENSMUSG00000090772,Gm2930,0,0,0,0,0,0,0,0,0,0,0,0
ENSMUSG00000091116,Gm7991,0,0,0,0,0,0,0,0,0,0,0,0
ENSMUSG00000090462,1700091H14Rik,0,0,0,0,0,0,0,0,0,0,0,0
ENSMUSG00000095490,Gm7951,0,0,0,0,0,0,0,0,0,0,0,0
ENSMUSG00000091757,Gm17064,0,0,0,0,0,0,0,0,0,0,0,0
ENSMUSG00000093926,Gm17027,0,0,0,0,0,0,0,0,0,0,0,0
ENSMUSG00000090476,Gm17166,0,0,0,0,0,0,0,0,0,0,0,0
ENSMUSG00000091792,Gm3573,0,0,0,0,0,0,0,0,0,0,0,0
ENSMUSG00000079273,Gm17165,0,0,0,0,0,0,0,0,0,0,0,0
ENSMUSG00000091960,Gm17038,0,0,0,0,0,0,0,0,0,0,0,0
ENSMUSG00000092152,Gm17026,0,0,0,0,0,0,0,0,0,0,0,0
ENSMUSG00002075759,#N/A,0,0,0,0,0,0,0,0,0,0,0,0
ENSMUSG00002076305,#N/A,0,0,0,0,0,0,0,0,0,0,0,0
ENSMUSG00000095371,Gm9611,0,0,0,0,0,0,0,0,0,0,0,0
ENSMUSG00000094157,Gm7995,0,0,0,0,0,0,0,0,0,0,0,0
ENSMUSG00000091099,Gm17164,0,0,0,0,0,0,0,0,0,0,0,0
ENSMUSG00000090635,Gm2951,0,0,0,0,0,0,0,0,0,0,0,0
ENSMUSG00000053093,Myh7,8,12,14,13,5,16,3,10,3,6,3,5
ENSMUSG00000090731,Gm2959,0,0,0,0,0,0,0,0,0,0,0,0
ENSMUSG00000092148,Gm8005,0,0,0,0,0,0,0,0,0,0,0,0
ENSMUSG00000114402,Gm49360,0,0,0,0,0,0,0,0,0,0,0,0
ENSMUSG00000101680,Gm29015,0,0,0,0,0,0,0,0,0,0,0,0
ENSMUSG00000077928,Mir208b,0,0,0,0,0,0,0,0,0,0,0,0
ENSMUSG00000090889,Gm17428,0,0,0,0,0,0,0,0,0,0,0,0
ENSMUSG00000094954,Gm8011,0,0,0,0,0,0,0,0,0,0,0,0
ENSMUSG00000090481,Gm2966,0,0,0,0,0,0,0,0,0,0,0,0
ENSMUSG00000115610,Gm31251,0,0,0,0,0,0,0,0,0,0,0,0
ENSMUSG00000090690,Gm8020,0,0,0,0,0,0,0,0,0,0,0,0
ENSMUSG00000095318,Gm8024,0,0,0,0,0,0,0,0,0,0,0,0
ENSMUSG00000114938,Gm48134,0,0,0,0,0,0,0,0,0,0,0,0
ENSMUSG00000091788,Gm8032,0,0,0,0,0,0,0,0,0,0,0,0
ENSMUSG00000090351,Gm17204,0,0,0,0,0,0,0,0,0,0,0,0
ENSMUSG00000091140,Gm17124,0,0,0,0,0,0,0,0,0,0,0,0
ENSMUSG00002074887,#N/A,0,0,0,0,0,0,0,0,0,0,0,0
ENSMUSG00002075543,#N/A,0,0,0,0,0,0,0,0,0,0,0,0
ENSMUSG00000022204,Ngdn,1284,1525,1097,1170,1154,589,1251,1171,1347,1097,1000,1095
ENSMUSG00000095113,Gm3633,0,0,0,0,0,0,0,0,0,0,0,0
ENSMUSG00000093948,Gm10378,0,0,0,0,0,0,0,0,0,0,0,0
ENSMUSG00000072492,Gm10364,9,16,11,10,8,3,16,16,6,8,11,5
ENSMUSG00000090975,Gm17162,0,0,0,0,0,0,0,0,0,0,0,0
ENSMUSG00000091627,Gm5929,0,0,0,0,0,0,0,0,0,0,0,0
ENSMUSG00000090742,Gm3008,0,0,0,0,0,0,0,0,0,0,0,0
ENSMUSG00000093452,Zfhx2os,0,0,2,0,1,0,0,1,0,0,0,1
ENSMUSG00000091741,Gm17161,0,0,0,0,0,0,0,0,0,0,0,0
ENSMUSG00000100162,Gm20687,0,0,0,0,0,0,0,0,0,0,0,0
ENSMUSG00000095466,Gm3015,0,0,0,0,0,0,0,0,0,0,0,0
ENSMUSG00000090333,Gm3025,0,0,0,0,0,0,0,0,0,0,0,0
ENSMUSG00000095226,Gm10377,0,0,0,0,0,0,0,0,0,0,0,0
ENSMUSG00000079272,Gm7152,0,0,0,0,0,0,0,0,0,0,0,0
ENSMUSG00000040721,Zfhx2,194,200,125,102,161,83,103,121,178,149,216,240
ENSMUSG00000094804,Gm21977,0,0,0,0,0,0,0,0,0,0,0,0
ENSMUSG00000114783,Gm48217,0,0,0,0,0,0,0,0,0,0,0,0
ENSMUSG00000090947,Gm3102,0,0,0,0,0,0,0,0,0,0,0,0
ENSMUSG00000045691,Thtpa,54,55,48,53,48,20,42,46,65,58,47,50
ENSMUSG00000094349,Gm8082,0,0,0,0,0,0,0,0,0,0,0,0
ENSMUSG00000091286,Gm3111,0,0,0,0,0,0,0,0,0,0,0,0
ENSMUSG00000072605,Gm10376,0,0,0,0,0,0,0,0,0,0,0,0
ENSMUSG00000090396,Gm6536,0,0,0,0,0,0,0,0,0,0,0,0
ENSMUSG00000091961,Gm3123,0,0,0,0,0,0,0,0,0,0,0,0
ENSMUSG00000091733,Gm8094,0,0,0,0,0,0,0,0,0,0,0,0
ENSMUSG00000114317,Gm49873,0,0,0,0,0,0,0,0,0,0,0,0
ENSMUSG00000096446,Gm8104,0,0,0,0,0,0,0,0,0,0,0,0
ENSMUSG00000090389,Cdv3-ps,11,4,9,8,5,5,2,5,9,9,5,1
ENSMUSG00000115262,Gm49135,0,0,0,0,0,0,0,0,0,0,0,0
ENSMUSG00000090657,Gm8114,0,0,0,0,0,0,0,0,0,0,0,0
ENSMUSG00000090796,Gm3141,0,0,0,0,0,0,0,0,0,0,0,0
ENSMUSG00000114619,Gm49141,0,0,0,0,0,0,0,0,0,0,0,0
ENSMUSG00000094151,Gm7233,0,0,0,0,0,0,0,0,0,0,0,0
ENSMUSG00000090385,Gm7316,0,0,0,0,0,0,0,0,0,0,0,0
ENSMUSG00000094784,Gm8122,0,0,0,0,0,0,0,0,0,0,0,0
ENSMUSG00000114544,Gm49146,0,0,0,0,0,0,0,0,0,0,0,0
ENSMUSG00000090634,Gm8126,0,0,0,0,0,0,0,0,0,0,0,0
ENSMUSG00000115483,Gm9732,0,0,0,0,0,3,0,0,0,0,0,0
ENSMUSG00000091815,Gm17153,0,0,0,0,0,0,0,0,0,0,0,0
ENSMUSG00000090713,Gm8127,0,0,0,0,0,0,0,0,0,0,0,0
ENSMUSG00000091832,Gm17155,0,0,0,0,0,0,0,0,0,0,0,0
ENSMUSG00000091481,Gm17154,0,0,0,0,0,0,0,0,0,0,0,0
ENSMUSG00000095384,1700001F09Rik,0,0,0,0,0,0,0,0,0,0,0,0
ENSMUSG00000090788,Gm9597,0,0,0,0,0,0,0,0,0,0,0,0
ENSMUSG00000115213,Gm49315,0,0,0,0,0,0,0,0,0,0,0,0
ENSMUSG00000096372,Gm8138,0,0,0,0,0,0,0,0,0,0,0,0
ENSMUSG00000115511,Gm49072,0,0,0,0,0,0,0,0,0,0,0,0
ENSMUSG00000114986,Gm21162,0,0,0,0,0,0,0,0,0,0,0,0
ENSMUSG00000091477,Gm5799,0,0,0,0,0,0,0,0,0,0,0,0
ENSMUSG00000090332,Gm3216,0,0,0,0,0,0,0,0,0,0,0,0
ENSMUSG00000095743,Gm17654,0,0,0,0,0,0,0,0,0,0,0,0
ENSMUSG00000090681,Gm3221,0,0,0,0,0,0,0,0,0,0,0,0
ENSMUSG00000095528,Gm10375,0,0,0,0,0,0,0,0,0,0,0,0
ENSMUSG00000090798,Gm8046,0,0,0,0,0,0,0,0,0,0,0,0
ENSMUSG00000115050,Gm21154,0,0,0,0,0,0,0,0,0,0,0,0
ENSMUSG00000090821,Gm8161,0,0,0,0,0,0,0,0,0,0,0,0
ENSMUSG00000093968,Gm8165,0,0,0,0,0,0,0,0,0,0,0,0
ENSMUSG00000049235,Gm7324,0,1,0,2,3,1,0,0,1,0,0,0
ENSMUSG00000091990,Gm9672,0,0,0,0,0,0,0,0,0,0,0,0
ENSMUSG00000091216,Gm17208,0,0,0,0,0,0,0,0,0,0,0,0
ENSMUSG00000091718,Gm16506,0,0,0,0,0,0,0,0,0,0,0,0
ENSMUSG00000115394,Gm49078,0,0,0,0,0,0,0,0,0,0,0,0
ENSMUSG00000115675,Gm49080,0,0,0,0,0,0,0,0,0,0,0,0
ENSMUSG00000091698,Gm6526,0,0,0,0,0,3,0,0,0,0,1,0
ENSMUSG00000115272,Gm49965,0,0,0,0,0,0,0,0,0,0,0,0
ENSMUSG00000091911,Gm9587,0,0,0,0,0,0,0,0,0,0,0,0
ENSMUSG00000091584,Gm8180,0,0,0,0,0,0,0,0,0,0,0,0
ENSMUSG00000115619,Gm49082,0,0,0,0,0,0,0,0,0,0,0,0
ENSMUSG00000115844,Gm49081,0,0,0,0,0,0,0,0,0,0,0,0
ENSMUSG00000115659,Gm41138,0,0,0,0,0,0,0,0,0,0,0,0
ENSMUSG00000115354,Gm49083,0,0,0,0,0,0,0,0,0,0,0,0
ENSMUSG00000072601,Ear1,0,0,0,0,0,0,0,0,0,0,0,0
ENSMUSG00000089654,Ear-ps12,0,0,0,0,0,0,0,0,0,0,0,0
ENSMUSG00000093889,Ang-ps2,0,0,0,0,0,0,0,0,0,0,0,0
ENSMUSG00000040701,Ap1g2,998,1040,805,826,890,380,793,1034,875,831,944,876
ENSMUSG00000072600,Ear-ps9,0,0,0,0,0,0,0,0,0,0,0,0
ENSMUSG00000089816,Ear-ps8,0,0,0,0,0,0,0,0,0,0,0,0
ENSMUSG00000095873,Ang-ps3,0,0,0,0,0,0,0,0,0,0,0,0
ENSMUSG00000022208,Jph4,30,25,9,14,19,17,16,13,24,36,35,45
ENSMUSG00000090166,Ear10,0,0,0,0,0,0,0,0,0,0,0,0
ENSMUSG00000115250,Gm49020,0,0,0,0,0,0,0,0,0,0,0,0
ENSMUSG00000089901,Gm8113,1,0,0,0,0,0,1,0,0,0,0,0
ENSMUSG00000077492,Gm23596,1,0,0,0,0,0,0,0,0,0,0,0
ENSMUSG00000090265,Gm9550,0,0,0,0,0,0,0,0,0,0,0,0
ENSMUSG00000115077,Gm46455,0,0,0,0,0,0,0,0,0,0,0,0
ENSMUSG00000053961,Ang5,0,0,0,0,0,0,0,0,0,0,0,0
ENSMUSG00000089754,Ear-ps7,0,0,0,0,0,0,0,0,0,0,0,0
ENSMUSG00000115724,Gm49087,0,0,0,0,0,0,0,0,0,0,0,0
ENSMUSG00000090109,Ear-ps10,0,0,0,0,0,0,0,0,0,0,0,0
ENSMUSG00000072598,Ang6,0,0,0,0,0,0,0,0,0,0,0,0
ENSMUSG00000090051,Gm8194,0,0,0,0,0,0,0,0,0,0,0,0
ENSMUSG00000022209,Dhrs2,0,0,0,1,0,0,0,0,0,0,1,2
ENSMUSG00000115683,Gm49021,0,0,0,2,0,0,0,1,0,0,0,0
ENSMUSG00000114987,Gm49022,0,0,0,0,0,0,0,0,0,0,0,0
ENSMUSG00000115125,Gm6852,0,0,0,0,0,0,0,0,0,0,0,0
ENSMUSG00000115322,Gm49023,0,0,0,0,0,0,0,0,0,0,0,0
ENSMUSG00000060680,Gm8894,1,1,2,0,1,1,0,2,1,1,1,0
ENSMUSG00000090249,Gm3287,0,0,0,0,0,0,0,0,0,0,0,0
ENSMUSG00000072599,Ear-ps2,0,0,0,0,0,0,0,0,0,0,0,0
ENSMUSG00000090180,Ang-ps1,0,0,0,0,0,0,0,0,0,0,0,0
ENSMUSG00000115488,Gm49099,0,0,0,0,0,0,0,0,0,0,0,0
ENSMUSG00000090259,Gm16545,0,0,0,0,0,0,0,0,0,0,0,0
ENSMUSG00000115794,Gm49101,0,0,0,0,0,0,0,0,0,0,0,0
ENSMUSG00000072596,Ear2,0,0,0,0,0,0,0,0,0,0,0,0
ENSMUSG00000115235,Gm49102,0,0,0,0,0,0,0,0,0,0,0,0
ENSMUSG00000115056,Gm49103,0,0,0,0,0,0,0,0,0,0,0,0
ENSMUSG00000115713,Gm18216,0,0,0,0,0,0,0,0,0,0,0,0
ENSMUSG00000090594,Gm3327,0,0,0,0,0,0,0,0,0,0,0,0
ENSMUSG00000091048,Gm8207,0,0,0,0,0,0,0,0,0,0,0,0
ENSMUSG00000072595,4930503E14Rik,0,0,0,0,0,0,0,0,0,0,0,0
ENSMUSG00000115294,1700047E10Rik,0,0,0,0,0,0,0,0,0,0,0,0
ENSMUSG00000094543,Gm8212,0,0,0,0,0,0,0,0,0,0,0,0
ENSMUSG00000115498,Gm49104,0,0,0,0,0,0,0,0,0,0,0,0
ENSMUSG00000115536,Gm32857,0,0,0,1,0,0,0,0,0,0,0,0
ENSMUSG00000115805,Gm49110,0,0,0,0,0,0,0,0,0,0,0,0
ENSMUSG00000115160,Gm6532,0,0,0,0,0,0,0,0,0,0,0,0
ENSMUSG00000115287,Gm49111,0,0,0,0,0,0,0,0,0,0,0,0
ENSMUSG00000022210,Dhrs4,251,238,205,191,267,150,208,268,261,191,248,245
ENSMUSG00000091725,Gm8220,0,0,0,0,0,0,0,0,0,0,0,0
ENSMUSG00000115065,Gm49109,0,0,0,0,0,3,0,0,0,0,0,0
ENSMUSG00000091707,Gm8224,0,0,0,0,0,0,0,0,0,0,0,0
ENSMUSG00000079267,Gm5930,0,3,0,1,1,2,0,1,0,0,1,1
ENSMUSG00000090379,Gm8229,0,0,0,0,0,0,0,0,0,0,0,0
ENSMUSG00000092144,Gm3370,0,0,0,0,0,0,0,0,0,0,0,0
ENSMUSG00000090716,Gm3371,0,0,1,0,0,0,0,0,1,0,0,0
ENSMUSG00000091569,Gm8232,0,0,0,0,0,0,0,0,0,0,0,0
ENSMUSG00000115359,Gm49779,0,0,0,0,0,0,0,0,0,0,0,0
ENSMUSG00000096081,Gm21991,0,0,0,0,0,0,0,0,0,0,0,0
ENSMUSG00000072574,Gm17184,0,0,0,0,0,1,0,0,0,0,0,0
ENSMUSG00000072145,BC061237,0,0,0,0,0,0,0,0,0,0,0,0
ENSMUSG00000091429,Gm17093,0,0,0,0,0,0,0,0,0,0,0,0
ENSMUSG00000091466,Gm17183,0,0,0,0,0,0,0,0,0,0,0,0
ENSMUSG00000115801,AC160336.1,4,2,4,2,1,0,4,1,1,6,1,0
ENSMUSG00000092165,Gm5624,0,0,0,0,0,0,0,0,0,0,0,0
ENSMUSG00000091122,Gm8247,0,0,0,0,0,0,0,0,0,0,0,0
ENSMUSG00000072594,Gm16439,0,1,1,0,0,1,0,0,0,0,0,0
ENSMUSG00000091605,Gm8256,0,0,0,0,0,0,0,0,0,0,0,0
ENSMUSG00000090736,Gm9593,0,0,0,0,0,0,0,0,0,0,0,0
ENSMUSG00000079265,Gm8257,0,0,0,0,0,0,0,0,0,0,0,0
ENSMUSG00000093949,Gm21754,0,0,0,0,0,0,0,0,0,0,0,0
ENSMUSG00000091453,Gm6541,0,0,0,0,0,0,0,0,0,0,0,0
ENSMUSG00000091923,Gm8267,0,0,0,0,0,0,0,0,0,0,0,0
ENSMUSG00000115321,Gm34060,0,0,0,0,0,0,0,0,0,0,0,0
ENSMUSG00000114250,Gm49142,0,0,0,0,0,0,0,0,0,0,0,0
ENSMUSG00000091011,Gm17187,0,0,0,0,0,0,0,0,0,0,0,0
ENSMUSG00000115706,Gm49143,0,0,0,0,0,0,0,0,0,0,0,0
ENSMUSG00000090365,Gm17070,0,0,0,0,0,0,0,0,0,0,0,0
ENSMUSG00000115747,Gm49145,0,0,0,0,0,0,0,0,0,0,0,0
ENSMUSG00000115521,Gm34198,0,0,0,0,0,0,0,0,0,0,0,0
ENSMUSG00000071489,Ptgdr,0,0,0,0,1,0,0,0,0,0,0,0
ENSMUSG00000085500,Gm16976,0,1,0,0,0,2,0,0,0,0,0,0
ENSMUSG00000115268,Gm18524,0,0,0,0,0,0,0,0,0,0,0,0
ENSMUSG00000115487,Gm49148,0,0,0,0,0,0,0,0,0,0,0,0
ENSMUSG00000115500,Gm49147,0,0,0,0,0,0,0,0,0,0,0,0
ENSMUSG00000105372,Mir327,0,0,0,0,0,0,0,0,0,0,0,0
ENSMUSG00000075042,4930431P03Rik,17,20,10,13,15,5,11,10,13,14,17,17
ENSMUSG00000115344,Gm49364,9,6,4,8,9,6,5,12,4,10,8,7
ENSMUSG00000090709,Gm17173,308,362,265,294,259,207,205,255,230,264,231,239
ENSMUSG00000037759,Ptger2,2290,2624,1868,2096,1547,600,1543,1641,1939,1770,1476,1421
ENSMUSG00000115735,Gm49180,46,71,42,37,25,15,27,24,42,44,35,29
ENSMUSG00000114974,Gm21010,0,0,1,0,0,0,0,0,0,0,0,1
ENSMUSG00000115814,Gm49181,0,0,0,0,0,0,0,0,0,0,0,0
ENSMUSG00000115216,Gm49183,0,0,0,0,0,0,0,0,0,0,0,0
ENSMUSG00000115054,Gm49184,0,0,0,0,0,0,0,0,0,0,0,0
ENSMUSG00000022211,Carmil3,0,3,0,3,2,4,2,5,3,3,2,4
ENSMUSG00000021830,Txndc16,189,203,166,163,137,118,146,182,201,179,155,154
ENSMUSG00000082463,Gm15765,0,0,0,0,0,0,0,0,0,0,0,0
ENSMUSG00000022212,Cpne6,3,3,3,3,2,0,5,5,5,5,3,2
ENSMUSG00000049092,Gpr137c,4,7,7,6,5,1,6,6,5,13,6,7
ENSMUSG00000115373,Gm49194,0,0,0,0,0,0,0,0,0,0,0,0
ENSMUSG00000040632,Nrl,0,0,0,0,0,4,0,0,0,0,0,0
ENSMUSG00000115778,Gm10876,0,0,0,0,0,0,0,1,0,0,0,0
ENSMUSG00000115622,Gm49117,0,0,0,0,0,0,0,0,0,0,0,0
ENSMUSG00000021831,Ero1l,4663,5156,3793,3880,2877,2044,2973,3748,3950,3705,2991,2867
ENSMUSG00000021832,Psmc6,3035,3330,2643,2588,3010,2960,2830,2959,2950,2893,2990,2936
ENSMUSG00000040618,Pck2,367,425,411,460,327,98,250,282,269,247,291,253
ENSMUSG00000053588,A730061H03Rik,2,2,0,5,1,4,2,1,1,2,3,5
ENSMUSG00000053205,Styx,197,165,147,117,107,113,103,126,141,130,133,172
ENSMUSG00000037722,Gnpnat1,330,405,346,292,397,220,302,318,380,332,465,390
ENSMUSG00002075002,#N/A,0,0,0,0,0,0,0,0,0,0,0,0
ENSMUSG00000115209,Gm34250,0,0,0,0,0,0,0,0,0,0,2,0
ENSMUSG00000037712,Fermt2,2,0,0,7,5,6,3,4,2,1,0,0
ENSMUSG00002074854,#N/A,0,0,0,0,0,0,0,0,0,0,0,0
ENSMUSG00000115275,9630050E16Rik,0,0,0,0,0,2,0,0,0,0,0,0
ENSMUSG00000115324,4930527F14Rik,0,0,0,0,0,0,0,0,0,0,0,0
ENSMUSG00000115846,Gm41144,0,0,0,0,0,0,0,0,0,0,0,0
ENSMUSG00000115702,Gm5206,3,3,4,6,5,2,2,4,7,2,5,1
ENSMUSG00000115391,Gm49123,0,0,0,0,0,0,0,0,0,0,0,0
ENSMUSG00000085913,Gm15601,0,0,1,0,0,0,0,0,0,0,0,0
ENSMUSG00000115553,Gm49124,0,0,0,0,0,1,0,0,0,0,0,0
ENSMUSG00000022214,Dcaf11,502,535,423,426,404,186,435,475,488,444,466,407
ENSMUSG00000086341,Gm15932,0,0,0,0,0,6,0,0,0,0,0,0
ENSMUSG00000022215,Fitm1,0,0,0,0,0,0,0,0,0,0,0,0
ENSMUSG00000022216,Psme1,4905,5467,4380,4922,4632,4264,5545,5420,5545,4910,4736,4200
ENSMUSG00000037697,Ddhd1,1279,1428,1219,1199,1124,787,955,1271,1192,1126,928,910
ENSMUSG00000022217,Emc9,17,21,19,14,29,11,29,27,24,26,18,15
ENSMUSG00000115148,Gm49125,31,34,35,35,16,18,19,37,36,36,19,11
ENSMUSG00000093167,Mir5131,0,0,0,0,0,0,0,0,0,0,0,0
ENSMUSG00000086124,A530076I17Rik,0,0,0,0,0,0,0,0,0,0,0,0
ENSMUSG00000082475,Gm7206,0,0,1,0,0,0,0,1,1,0,0,0
ENSMUSG00000082662,Gm15516,0,0,0,0,0,0,0,0,0,0,0,1
ENSMUSG00000085866,Gm15218,0,0,0,0,0,0,0,0,0,0,0,0
ENSMUSG00000084276,Gm8317,0,0,1,0,1,0,0,0,0,0,1,0
ENSMUSG00000081840,Gm15220,1,2,0,1,0,0,1,1,1,0,1,0
ENSMUSG00000115382,Gm46475,0,0,0,0,0,0,0,0,0,0,0,0
ENSMUSG00000115000,Gm49192,0,0,0,0,0,0,0,0,0,0,0,0
ENSMUSG00000083169,Gm6580,2,0,3,0,4,0,0,1,2,3,1,4
ENSMUSG00000102763,Gm37257,0,0,0,0,0,0,0,0,0,0,0,0
ENSMUSG00000044285,Gm1821,4,13,9,4,8,14,7,3,1,5,9,4
ENSMUSG00000079261,Gm15217,0,0,0,0,0,0,0,0,0,0,0,0
ENSMUSG00000021835,Bmp4,0,1,0,0,0,1,0,0,0,0,0,0
ENSMUSG00000086746,Gm15222,0,0,0,0,0,0,0,0,0,0,0,0
ENSMUSG00000086168,Gm15221,0,0,0,0,0,0,0,0,0,0,0,0
ENSMUSG00000115168,Gm48910,0,0,0,0,0,0,0,0,0,0,0,0
ENSMUSG00000115296,Gm48911,0,0,0,0,0,0,0,0,0,0,0,0
ENSMUSG00000115083,Gm34756,0,0,0,0,0,0,0,0,0,0,0,0
ENSMUSG00000115158,Gm48912,0,0,0,0,0,0,0,0,0,0,0,0
ENSMUSG00000115781,Gm49319,0,0,0,0,0,0,0,0,0,0,0,0
ENSMUSG00000085380,E130120K24Rik,0,0,0,0,0,2,0,0,1,0,0,0
ENSMUSG00000085123,Rubie,0,0,0,0,0,0,0,0,0,0,0,0
ENSMUSG00000115665,4933425B07Rik,0,0,0,0,0,0,0,0,0,0,0,0
ENSMUSG00000115828,Gm18761,0,0,0,0,0,0,0,0,0,0,0,0
ENSMUSG00000115015,D330046F09Rik,0,0,0,0,0,0,0,0,0,0,0,0
ENSMUSG00000115421,Gm48917,0,0,0,0,0,0,0,0,0,0,0,0
ENSMUSG00000115690,Gm48924,0,0,0,0,0,1,0,0,0,0,0,0
ENSMUSG00000079197,Psme2,1226,1741,1448,1622,1416,427,1734,1506,1702,1606,1159,1097
ENSMUSG00000037628,Cdkn3,80,86,66,76,135,79,131,101,98,89,117,113
ENSMUSG00000015759,Cnih1,1726,1727,1352,1276,1373,930,1476,1478,1554,1416,1325,1241
ENSMUSG00000115003,Gm48933,2,2,4,2,1,1,0,1,0,1,0,0
ENSMUSG00000115041,Gm48939,10,1,2,4,1,0,2,11,3,2,0,1
ENSMUSG00000047098,Rnf31,954,995,749,729,692,323,701,876,874,828,798,780
ENSMUSG00000062014,Gmfb,2949,3033,2684,2591,2471,1681,2269,2677,2943,2766,2577,2471
ENSMUSG00000061510,Gm10101,5,3,8,7,11,9,10,2,1,3,8,2
ENSMUSG00000055128,Cgrrf1,127,140,108,119,114,77,138,133,131,107,72,78
ENSMUSG00000115417,Gm48949,2,2,1,2,0,1,4,6,1,0,1,2
ENSMUSG00000115100,Gm34934,0,0,1,1,0,1,1,0,0,0,0,0
ENSMUSG00000002325,Irf9,775,912,783,798,639,444,848,966,777,711,835,749
ENSMUSG00000063142,Kcnma1,0,0,0,0,0,7,2,0,0,0,0,0
ENSMUSG00000002324,Rec8,1,3,0,0,1,2,3,2,0,1,3,1
ENSMUSG00000114803,Gm46443,0,0,0,0,0,0,0,0,0,0,0,0
ENSMUSG00000114751,5430425E15Rik,0,0,0,0,0,0,0,0,0,0,0,0
ENSMUSG00000100100,Gm29626,0,0,0,0,0,0,0,0,0,0,0,0
ENSMUSG00000114953,4930519K11Rik,0,0,0,0,0,1,0,0,0,0,0,0
ENSMUSG00000114722,Gm31392,0,0,0,0,0,1,0,0,0,0,0,0
ENSMUSG00000090381,Gm6158,3,4,2,2,2,2,2,4,4,5,1,1
ENSMUSG00000118519,AC163638.2,0,3,6,4,6,45,3,11,0,4,5,7
ENSMUSG00000105723,Mir7210,0,0,0,0,0,0,0,0,0,0,0,0
ENSMUSG00000118498,AC163638.1,0,0,0,0,0,0,0,0,0,0,0,0
ENSMUSG00000002319,Ipo4,2056,2330,1668,1712,1542,673,1611,1534,1896,1764,1724,1727
ENSMUSG00000115232,Gm49378,0,0,0,0,0,0,0,0,0,0,0,0
ENSMUSG00000021838,Samd4,395,420,837,838,777,571,439,743,394,340,269,253
ENSMUSG00000115410,2810457G06Rik,0,0,3,0,1,0,1,0,0,0,0,0
ENSMUSG00000114996,Gm48958,2,5,8,3,1,5,2,5,0,3,0,1
ENSMUSG00000099036,Mir378c,0,0,0,0,0,0,0,0,0,0,0,0
ENSMUSG00000089870,Gm15562,0,0,1,0,0,2,0,0,0,2,0,0
ENSMUSG00000072589,Gm10371,0,0,0,0,0,0,0,0,0,0,0,0
ENSMUSG00000115207,Gm49132,0,0,0,0,0,0,0,0,0,0,1,0
ENSMUSG00000037580,Gch1,822,1027,1077,1253,963,308,841,860,909,744,416,464
ENSMUSG00000115098,Gm49134,0,0,1,0,0,0,0,0,1,0,0,2
ENSMUSG00000115764,Gm18811,1,2,0,1,0,0,0,0,2,0,0,0
ENSMUSG00000115566,Gm49136,0,0,0,0,0,0,0,0,0,0,0,0
ENSMUSG00000002320,Tm9sf1,1099,1130,917,911,964,336,767,852,969,807,945,858
ENSMUSG00000115222,Gm49747,27,27,30,34,39,18,16,35,29,28,65,50
ENSMUSG00000007591,Tssk4,2,6,3,0,5,1,2,4,11,5,5,2
ENSMUSG00000115600,Gm49299,0,0,0,0,0,3,0,0,0,0,0,0
ENSMUSG00000002329,Mdp1,583,641,505,532,574,261,548,468,626,520,531,524
ENSMUSG00000010376,Nedd8,1387,1719,1383,1454,1657,1121,1775,1533,1436,1248,1605,1320
ENSMUSG00000002326,Gmpr2,732,766,546,518,637,364,537,609,714,574,708,610
ENSMUSG00000007589,Tinf2,545,634,566,644,772,384,677,728,565,502,596,572
ENSMUSG00000115154,Gm49067,2,5,1,4,1,1,3,0,0,1,3,2
ENSMUSG00000088402,Gm25887,0,0,0,0,0,0,0,0,0,0,0,0
ENSMUSG00000022218,Tgm1,4,3,3,4,6,0,1,10,0,0,2,2
ENSMUSG00000040472,Rabggta,564,659,499,484,510,173,493,461,519,491,494,488
ENSMUSG00000002332,Dhrs1,92,112,90,103,127,34,110,123,90,81,100,89
ENSMUSG00000019297,Nop9,2469,2763,2159,2372,2328,878,2147,2155,2592,2407,2097,2197
ENSMUSG00000022219,Cideb,0,2,0,0,0,0,0,1,0,0,0,2
ENSMUSG00000040432,Ltb4r2,4,3,2,3,0,3,2,4,3,7,7,5
ENSMUSG00000046908,Ltb4r1,39,68,85,89,12,6,68,75,50,43,17,15
ENSMUSG00000022220,Adcy4,4,2,2,4,1,3,0,1,3,2,1,5
ENSMUSG00000022221,Ripk3,405,502,339,416,331,105,454,496,364,413,407,327
ENSMUSG00000023411,Nfatc4,0,0,0,0,0,0,0,1,0,0,0,0
ENSMUSG00000075592,Nynrin,0,2,0,1,2,0,1,1,1,0,2,0
ENSMUSG00000040380,Cbln3,4,1,1,3,2,2,1,1,1,5,0,0
ENSMUSG00000047153,Khnyn,1265,1267,1047,1101,1016,495,915,1035,1106,1117,1014,958
ENSMUSG00000022223,Sdr39u1,449,482,359,396,497,203,466,447,486,442,571,487
ENSMUSG00000114978,Gm48925,0,0,0,0,0,0,0,0,0,0,0,0
ENSMUSG00000022225,Cma1,0,0,0,0,0,0,0,0,0,0,0,1
ENSMUSG00000115592,Mcpt-ps1,0,0,0,0,0,0,0,0,0,0,0,0
ENSMUSG00000068289,Cma2,0,0,0,0,0,0,0,0,0,0,0,0
ENSMUSG00000115179,Gm48927,0,0,0,0,0,0,0,0,0,0,0,0
ENSMUSG00000115757,Gm48934,0,0,0,0,0,0,0,0,0,0,0,0
ENSMUSG00000058581,Gm5801,0,1,1,0,0,1,0,1,0,1,5,0
ENSMUSG00000022227,Mcpt1,0,0,0,0,0,0,0,0,0,0,0,0
ENSMUSG00000071361,Mcpt9,0,0,0,0,0,0,0,0,0,0,0,0
ENSMUSG00000022226,Mcpt2,0,0,0,0,0,0,0,0,0,0,0,0
ENSMUSG00000061068,Mcpt4,0,0,0,0,0,0,0,0,0,0,0,0
ENSMUSG00000022157,Mcpt8,0,0,0,1,0,0,0,0,0,0,1,1
ENSMUSG00000098961,Mir6949,0,0,0,0,0,0,0,0,0,0,0,0
ENSMUSG00000040314,Ctsg,0,0,0,0,2,0,0,0,1,0,0,1
ENSMUSG00000022156,Gzme,28,19,16,28,49,31,44,31,29,23,68,67
ENSMUSG00000059256,Gzmd,46,48,63,65,121,63,64,78,95,60,220,204
ENSMUSG00000040284,Gzmg,14,31,30,13,49,17,42,46,29,31,82,61
ENSMUSG00000114908,Gm9547,0,0,0,0,0,0,0,0,0,0,0,0
ENSMUSG00000015443,Gzmn,0,0,0,0,0,0,0,0,0,0,0,0
ENSMUSG00000114303,Gm4022,5,0,2,3,1,0,1,3,2,6,1,1
ENSMUSG00000114392,Gm8961,4,2,2,3,9,1,1,2,4,0,8,12
ENSMUSG00000114806,Gm8963,0,0,0,0,1,0,0,0,0,0,0,0
ENSMUSG00000015441,Gzmf,16,16,6,7,62,31,29,22,13,19,76,46
ENSMUSG00000079186,Gzmc,1130,1374,1406,1456,1431,587,1398,1233,1181,949,1202,1081
ENSMUSG00000077160,Gm24118,0,0,0,0,0,0,0,0,0,0,0,0
ENSMUSG00000097936,Gm4819,28,18,6,14,16,1,17,10,29,18,5,11
ENSMUSG00000015437,Gzmb,128361,139029,110037,115105,72984,54463,86024,88024,84573,73163,97867,85151
ENSMUSG00000114820,Gm48200,3,2,0,3,1,4,4,1,3,2,1,2
ENSMUSG00000022229,Atp12a,9,14,13,9,9,4,10,3,2,3,5,5
ENSMUSG00000114345,Gm10873,0,0,0,0,0,1,0,0,0,0,0,0
ENSMUSG00000000365,Rnf17,7,10,2,8,5,6,4,2,3,3,12,8
ENSMUSG00000088761,Gm24392,0,0,0,0,0,0,0,0,0,0,0,0
ENSMUSG00000064128,Cenpj,209,253,200,218,244,210,138,220,180,162,279,217
ENSMUSG00002075720,#N/A,0,0,0,0,0,0,0,0,0,0,0,0
ENSMUSG00000054509,Parp4,601,602,533,463,331,275,402,483,408,394,422,333
ENSMUSG00000090038,Gm16573,0,0,0,0,0,0,0,0,0,0,0,0
ENSMUSG00000110165,Gm4032,5,7,3,1,4,4,3,3,4,2,3,3
ENSMUSG00000079184,Mphosph8,1718,1790,1345,1436,1387,1544,1493,1434,1497,1568,1735,1469
ENSMUSG00000093814,Gm9637,0,0,0,0,0,0,0,0,0,0,0,0
ENSMUSG00000114252,Gm5630,0,0,0,0,0,0,0,0,0,0,0,0
ENSMUSG00000114877,Gm33022,0,0,0,0,0,0,0,0,0,0,0,0
ENSMUSG00000114919,Gm6122,0,0,0,0,0,0,0,0,0,0,0,0
ENSMUSG00000114304,Gm48099,0,0,0,0,0,0,0,0,0,0,0,0
ENSMUSG00000114906,Gm48098,0,0,0,0,0,0,0,0,0,0,0,0
ENSMUSG00000091557,Gm8584,0,0,0,0,0,0,0,0,0,0,0,0
ENSMUSG00000091929,Gm8582,0,0,0,0,0,0,0,0,0,0,0,0
ENSMUSG00000114819,Gm48785,0,0,0,0,0,0,0,0,0,0,0,0
ENSMUSG00000114445,Gm7089,0,0,0,0,0,0,0,0,0,0,0,0
ENSMUSG00000114636,Gm18275,0,0,0,0,0,0,0,0,0,0,0,0
ENSMUSG00000114580,Gm48782,0,0,0,0,0,0,0,0,0,0,0,0
ENSMUSG00000114318,Gm48781,0,0,0,0,0,0,0,0,0,0,0,0
ENSMUSG00000058317,Ube2e2,52,57,58,63,73,42,64,56,55,53,54,61
ENSMUSG00000083606,Gm15916,0,0,0,0,0,0,0,0,0,0,0,0
ENSMUSG00000077689,Gm22499,0,0,0,0,0,0,0,0,0,0,0,0
ENSMUSG00000114529,Gm4939,6,3,3,2,2,1,0,1,1,0,0,0
ENSMUSG00000035129,Gm6781,0,1,1,0,1,0,0,0,0,0,0,0
ENSMUSG00000065858,Gm22350,0,0,0,0,0,0,0,0,0,0,0,0
ENSMUSG00000021774,Ube2e1,1506,1609,1382,1341,1377,928,1573,1537,1791,1612,1501,1436
ENSMUSG00000021772,Nkiras1,225,236,153,167,184,151,179,150,201,170,217,178
ENSMUSG00000012405,Rpl15,744,771,639,744,789,428,691,611,794,697,714,706
ENSMUSG00000114894,Gm7084,0,0,0,0,0,0,0,0,0,0,0,0
ENSMUSG00000021775,Nr1d2,675,713,682,620,508,519,503,664,687,641,656,604
ENSMUSG00000114678,Gm48481,0,0,0,0,0,0,0,0,0,0,0,0
ENSMUSG00000098079,Gm6773,0,1,0,2,1,0,1,1,1,0,2,0
ENSMUSG00000114517,Gm19290,0,0,0,0,0,0,0,0,0,0,0,0
ENSMUSG00002076862,#N/A,0,0,0,0,0,0,0,0,0,0,0,0
ENSMUSG00000021779,Thrb,50,49,70,51,25,27,28,46,30,40,25,25
ENSMUSG00000114504,Gm48321,0,0,0,0,0,0,0,1,0,0,0,0
ENSMUSG00002074873,#N/A,0,0,0,0,0,0,0,0,0,0,0,0
ENSMUSG00000114281,Gm48320,0,1,0,0,1,0,1,1,0,0,0,0
ENSMUSG00000114769,Gm48312,0,0,0,1,0,0,0,0,0,0,0,0
ENSMUSG00000114296,Gm18927,0,0,0,0,0,0,0,0,0,0,0,0
ENSMUSG00000114202,Gm18078,24,10,7,9,8,6,13,9,21,20,11,13
ENSMUSG00000114890,Tpi-rs9,0,0,0,0,0,0,0,0,0,0,0,0
ENSMUSG00000017491,Rarb,0,0,0,0,0,0,0,0,0,0,0,0
ENSMUSG00000114463,Gm48162,0,0,0,0,0,0,0,0,0,1,0,0
ENSMUSG00000017485,Top2b,3293,3460,2806,2810,2418,2355,2081,3237,2705,2764,3128,2710
ENSMUSG00000114243,Gm48163,0,0,0,0,0,0,0,0,0,0,0,0
ENSMUSG00000021785,Ngly1,370,436,377,384,345,218,321,364,381,272,367,373
ENSMUSG00000114253,Gm47798,27,32,35,30,16,18,25,32,18,28,34,39
ENSMUSG00000114842,Gm47797,6,5,3,1,2,1,2,7,2,2,10,1
ENSMUSG00000114419,5430414B19Rik,11,8,11,7,14,15,9,8,8,10,7,13
ENSMUSG00000021786,Oxsm,321,378,283,295,374,297,278,255,314,337,373,304
ENSMUSG00000114907,Gm47794,2,4,1,2,9,3,2,3,3,5,5,7
ENSMUSG00000114698,Rpl31-ps3,0,0,0,0,0,0,0,0,0,0,0,0
ENSMUSG00000114484,Gm8517,0,1,0,0,0,1,0,0,0,0,0,0
ENSMUSG00000114390,1700062C10Rik,0,0,1,0,0,0,0,0,0,2,0,0
ENSMUSG00000114765,Gm8514,1,0,0,0,0,0,0,0,0,0,0,1
ENSMUSG00000114794,Gm47782,0,0,0,0,0,0,1,0,0,0,1,0
ENSMUSG00000114513,Gm47780,0,0,0,0,0,0,0,0,0,0,0,0
ENSMUSG00000114586,Gm31804,0,0,0,1,0,0,0,0,1,1,0,1
ENSMUSG00000114941,Gm47779,0,0,0,0,0,0,0,0,0,0,0,0
ENSMUSG00000114266,Gm10403,0,0,0,0,0,0,0,0,0,0,0,0
ENSMUSG00000097547,B230110C06Rik,0,0,0,0,0,0,0,0,0,1,0,0
ENSMUSG00000045201,Lrrc3b,0,1,0,0,1,0,1,0,2,0,0,3
ENSMUSG00000114789,Gm31577,0,0,0,0,0,0,0,0,0,0,0,0
ENSMUSG00000114683,Gm47763,0,0,0,0,0,0,0,0,0,0,0,0
ENSMUSG00000114711,Gm47759,0,0,0,0,0,0,0,0,0,0,0,0
ENSMUSG00000114323,Gm47758,0,0,0,0,0,0,0,0,0,0,0,0
ENSMUSG00000114946,Gm47756,0,0,0,0,0,0,0,0,0,0,0,0
ENSMUSG00000114770,4921522A10Rik,0,0,0,0,0,0,0,0,0,0,0,0
ENSMUSG00000114197,Gm47743,0,0,0,0,0,2,0,1,1,0,0,0
ENSMUSG00000114538,Gm31517,0,0,0,0,0,0,0,0,0,0,0,0
ENSMUSG00000114542,Gm18142,0,0,0,0,0,0,0,0,0,0,0,0
ENSMUSG00000042567,Nek10,2,3,2,0,0,2,1,1,3,1,1,0
ENSMUSG00000021733,Slc4a7,3643,3684,3503,3225,3548,2913,2063,3240,3175,3381,3212,3186
ENSMUSG00000114628,Gm19018,0,0,0,0,0,0,0,0,0,0,0,0
ENSMUSG00000114737,Gm8483,3,1,1,1,2,0,3,5,0,3,2,3
ENSMUSG00000114476,Gm21063,0,0,0,0,0,0,0,0,0,0,0,0
ENSMUSG00000091809,Olfr721-ps1,0,0,0,0,0,0,0,0,0,0,0,0
ENSMUSG00000114748,Gm6734,0,0,0,0,0,1,1,1,1,1,1,0
ENSMUSG00000068758,Il3ra,407,453,326,345,348,74,351,373,347,330,316,320
ENSMUSG00000114883,Gm48860,0,0,0,0,0,0,0,0,0,0,1,0
ENSMUSG00000072707,Olfr31,0,0,0,0,0,0,0,0,0,0,0,0
ENSMUSG00000114510,Gm48859,0,0,0,0,0,0,0,0,0,0,0,0
ENSMUSG00000114768,Gm48857,0,0,0,0,0,0,0,0,0,0,0,0
ENSMUSG00000114556,Gm3895,0,0,0,0,0,0,0,0,0,0,0,0
ENSMUSG00000114909,Csnk2a1-ps1,0,1,0,0,0,0,0,0,0,1,0,0
ENSMUSG00000052417,Olfr720,0,0,0,0,0,1,0,0,0,0,0,0
ENSMUSG00000021737,Psmd6,2686,3122,2461,2527,2635,1510,2525,2452,2856,2494,2345,2202
ENSMUSG00000021738,Atxn7,1431,1419,1227,1122,1095,774,908,1264,1256,1206,1149,1039
ENSMUSG00000053453,Thoc7,1074,1255,999,1105,1380,1325,1251,1244,1180,1137,1344,1193
ENSMUSG00000079357,Gm11100,0,1,0,2,0,0,1,0,4,1,0,1
ENSMUSG00000084902,Gm281,0,0,0,0,0,0,0,0,0,0,0,0
ENSMUSG00000087796,Gm25964,0,0,0,0,0,0,0,0,0,0,0,0
ENSMUSG00000114464,Gm18071,0,0,0,0,0,0,0,0,0,0,0,0
ENSMUSG00000045799,Gm9800,2,3,5,6,6,3,1,3,1,5,9,9
ENSMUSG00000114764,Gm20241,0,0,0,0,0,1,0,0,0,0,0,0
ENSMUSG00000097898,4930455B14Rik,0,0,0,0,1,0,0,0,0,0,0,0
ENSMUSG00000021747,4930452B06Rik,2,0,1,0,4,4,4,2,5,2,2,3
ENSMUSG00000114533,Gm8416,0,1,0,0,0,0,0,1,0,0,1,0
ENSMUSG00000021749,Oit1,0,0,0,0,0,0,0,0,0,0,0,0
ENSMUSG00000114532,2610318M16Rik,0,0,0,0,0,0,0,0,0,0,0,0
ENSMUSG00000021750,Fam107a,1,0,1,0,0,0,0,0,0,0,0,0
ENSMUSG00000021751,Acox2,1,0,0,0,0,0,0,0,0,0,0,0
ENSMUSG00000021752,Kctd6,185,215,168,158,149,103,170,175,183,163,155,145
ENSMUSG00000021748,Pdhb,1147,1289,971,996,938,571,1035,1050,1105,914,957,918
ENSMUSG00000033885,Pxk,383,385,219,253,270,188,289,298,358,275,384,331
ENSMUSG00000023156,Rpp14,1366,1458,1239,1326,1408,624,1077,1153,1458,1273,1214,1221
ENSMUSG00000025277,Abhd6,159,142,114,123,167,72,143,120,142,119,114,144
ENSMUSG00000025279,Dnase1l3,2,3,3,0,2,1,8,5,3,2,0,0
ENSMUSG00000109649,Gm45521,0,0,0,0,0,0,0,0,0,0,0,0
ENSMUSG00000025278,Flnb,3649,3558,2815,2903,3076,1418,1824,2918,2589,2570,2697,2605
ENSMUSG00000049460,Gm8396,0,0,0,0,0,0,1,0,2,0,0,0
ENSMUSG00000097169,Gm26661,0,0,0,1,0,0,0,0,0,0,0,0
ENSMUSG00000072723,Gm10044,1,1,1,1,1,6,2,1,2,3,1,2
ENSMUSG00000084775,Gm16741,0,2,1,2,1,1,0,1,0,0,1,0
ENSMUSG00000063277,Gm10128,0,0,0,0,0,0,0,0,0,0,0,0
ENSMUSG00000114236,Gm47876,0,0,0,0,0,0,0,0,0,0,0,0
ENSMUSG00000079364,Gm3558,8,13,5,7,7,5,12,6,3,4,12,10
ENSMUSG00000096579,Gm17121,0,0,0,0,0,0,0,0,0,0,0,0
ENSMUSG00000090585,4933406F09Rik,0,0,0,0,0,0,0,0,0,0,0,0
ENSMUSG00000091325,Gm3760,0,0,0,0,0,0,0,0,0,0,0,0
ENSMUSG00000091617,Gm3752,10,7,11,6,13,4,11,17,15,4,9,8
ENSMUSG00000091227,Gm3755,0,1,0,0,0,0,0,0,0,0,0,0
ENSMUSG00000090618,Gm8379,0,0,0,0,0,0,0,0,0,0,0,0
ENSMUSG00000071591,Gm10339,0,0,0,0,0,0,0,0,0,0,0,0
ENSMUSG00000091676,Gm8374,0,0,0,0,0,0,0,0,0,0,0,0
ENSMUSG00000072726,Gm5797,0,0,0,0,0,0,0,0,0,0,0,0
ENSMUSG00000091472,Gm3739,110,112,98,112,163,107,120,100,99,110,144,133
ENSMUSG00000096183,Gm3727,0,0,0,0,0,0,1,0,0,0,0,0
ENSMUSG00000094242,Gm5456,0,0,0,0,0,0,0,0,0,0,0,0
ENSMUSG00000072731,Gm3715,5,6,7,9,10,2,7,4,5,3,6,4
ENSMUSG00000095015,Gm16434,0,0,0,0,0,0,0,0,0,0,0,0
ENSMUSG00000090363,Gm3512,0,0,0,0,0,0,0,0,0,0,0,0
ENSMUSG00000096869,Gm6676,0,0,0,0,0,0,0,0,0,0,0,0
ENSMUSG00000092167,Gm3696,26,34,22,17,16,17,30,25,24,20,33,13
ENSMUSG00000114657,Gm47764,0,0,0,0,0,0,0,0,0,0,0,0
ENSMUSG00000094021,Gm3685,0,0,0,0,0,0,0,0,0,0,0,0
ENSMUSG00000093985,Gm10406,14,20,17,14,9,7,12,13,10,24,19,18
ENSMUSG00000114611,Gm47749,0,0,0,0,0,0,0,0,0,0,0,0
ENSMUSG00000091400,Gm6356,0,0,1,1,0,0,0,0,0,0,0,0
ENSMUSG00000114950,Gm47747,0,0,0,0,0,0,0,0,0,0,0,0
ENSMUSG00000090691,Gm3667,20,23,24,11,25,9,21,18,25,16,31,20
ENSMUSG00000096685,Gm3642,0,0,0,0,0,0,0,0,0,0,0,0
ENSMUSG00000097901,Gm26680,0,0,0,0,0,0,0,0,0,0,0,0
ENSMUSG00000090404,Gm8362,0,0,0,0,0,0,0,0,0,0,0,0
ENSMUSG00000091754,Gm3636,179,180,138,138,170,125,143,175,137,141,207,183
ENSMUSG00000091814,Gm8050,0,0,0,0,0,0,0,0,0,0,0,0
ENSMUSG00000096927,Gm3466,0,0,0,0,0,0,0,0,0,0,0,0
ENSMUSG00000094590,Gm10251,0,0,0,0,0,0,0,0,0,0,0,0
ENSMUSG00000096839,Gm3460,0,0,0,0,0,0,0,0,0,0,0,0
ENSMUSG00000093898,Gm3629,0,0,2,0,0,0,0,0,0,0,0,0
ENSMUSG00000090627,Gm8356,0,0,0,0,0,0,0,0,0,0,0,0
ENSMUSG00000097447,Gm26630,0,0,0,0,0,0,0,0,0,0,0,0
ENSMUSG00000095360,Gm3594,0,1,0,0,0,0,0,0,0,0,0,0
ENSMUSG00000096904,Gm3591,0,0,0,0,0,0,0,0,0,0,2,0
ENSMUSG00000072738,Gm16440,0,0,0,0,0,0,0,0,0,0,0,0
ENSMUSG00000091776,Gm8340,0,0,0,0,0,0,0,0,0,0,0,0
ENSMUSG00000096828,Gm3618,0,0,0,0,0,0,0,0,0,0,0,0
ENSMUSG00000094811,Gm21103,0,0,0,0,0,0,0,0,0,0,0,0
ENSMUSG00000079396,Gm3411,2,0,0,0,1,0,1,3,1,0,1,0
ENSMUSG00000096507,Gm21772,0,0,0,0,0,0,0,0,0,0,0,0
ENSMUSG00000094460,Gm21560,0,1,0,0,0,0,0,0,0,0,0,0
ENSMUSG00000091752,Gm3208,0,0,0,0,0,0,0,0,0,0,0,0
ENSMUSG00000097199,Gm26991,21,16,17,11,13,50,9,24,17,11,14,12
ENSMUSG00000079371,Gm3476,0,0,0,1,0,0,0,0,0,0,0,1
ENSMUSG00000094634,Gm3468,47,56,49,38,51,38,41,51,29,33,58,56
ENSMUSG00000091290,Gm3275,0,0,0,0,0,0,0,0,0,0,0,0
ENSMUSG00000091882,Gm6337,0,0,0,0,0,0,0,0,0,0,0,0
ENSMUSG00000094737,Gm17045,0,0,0,0,0,0,0,0,0,0,0,0
ENSMUSG00000091568,Gm8206,4,4,4,8,5,3,3,2,1,2,6,4
ENSMUSG00000093892,Gm3261,0,0,0,0,0,0,0,0,0,0,0,0
ENSMUSG00000090643,Gm3453,0,0,0,0,0,0,1,0,0,0,0,0
ENSMUSG00000091275,Gm3248,8,4,4,5,11,5,13,5,3,0,12,11
ENSMUSG00000095991,Gm17048,0,0,0,0,0,0,0,0,0,0,0,0
ENSMUSG00000090927,Gm17047,0,0,0,0,0,0,0,0,0,0,0,0
ENSMUSG00000079379,Gm3242,0,0,0,0,0,0,0,0,0,0,1,0
ENSMUSG00000090707,Gm8237,0,0,1,1,2,1,2,0,2,0,1,1
ENSMUSG00000091613,Gm17046,0,0,0,0,0,0,0,0,0,0,0,0
ENSMUSG00000090552,Gm17158,0,0,0,0,0,0,0,0,0,0,0,0
ENSMUSG00000090512,Gm3424,0,0,0,0,0,0,0,0,0,0,0,0
ENSMUSG00000096629,Gm3383,0,0,0,0,0,0,0,0,0,0,0,0
ENSMUSG00000097024,Gm26557,0,0,0,0,0,0,0,0,0,0,0,0
ENSMUSG00000094370,Gm3373,0,0,0,0,0,0,0,0,0,0,0,0
ENSMUSG00000107157,Gm3170,0,0,0,0,0,0,0,0,0,0,0,0
ENSMUSG00000096470,Gm9603,0,0,0,0,0,0,0,0,0,0,0,0
ENSMUSG00000090547,Gm8265,0,0,0,0,0,0,0,0,0,0,0,0
ENSMUSG00000091595,Gm3344,0,0,0,0,0,0,0,0,0,0,0,0
ENSMUSG00000097349,Gm26731,0,0,0,0,0,0,0,0,0,0,0,0
ENSMUSG00000097450,Gm26893,0,0,0,0,0,0,0,0,0,0,0,0
ENSMUSG00000096286,Gm8266,0,0,0,0,0,0,0,0,0,0,0,0
ENSMUSG00000097853,Gm3532,0,0,0,0,0,0,0,0,0,0,0,0
ENSMUSG00000097780,Gm26746,0,0,0,0,0,0,0,0,0,0,0,0
ENSMUSG00000095295,Gm3488,0,0,0,0,0,0,0,0,0,0,0,0
ENSMUSG00000094578,Gm3187,0,0,0,0,0,0,0,0,0,0,0,0
ENSMUSG00000095797,Gm8246,0,0,0,0,0,0,0,0,0,0,0,0
ENSMUSG00000094825,Gm3194,0,0,0,0,0,0,0,0,0,0,0,0
ENSMUSG00000096003,Gm3500,0,0,0,1,0,0,0,0,0,0,0,0
ENSMUSG00000106752,Gm3348,0,0,0,0,0,0,0,0,0,0,0,0
ENSMUSG00000091713,Gm17126,0,0,0,0,0,0,0,0,0,0,0,0
ENSMUSG00000096023,Gm3542,0,0,0,0,0,0,0,0,0,0,0,0
ENSMUSG00000091995,Gm3339,0,0,0,0,0,0,0,0,0,0,0,0
ENSMUSG00000094929,Gm3526,0,0,0,0,0,0,0,0,0,0,0,0
ENSMUSG00000097218,Gm26552,0,0,0,0,0,0,0,0,0,0,0,0
ENSMUSG00000090900,Gm3326,0,0,0,0,0,0,0,0,0,0,0,0
ENSMUSG00000079380,Gm8271,0,0,0,0,0,0,0,0,0,0,0,0
ENSMUSG00000091404,Gm3140,0,0,0,0,0,0,0,0,0,0,0,0
ENSMUSG00000095912,Gm3317,0,0,0,0,0,0,0,0,0,0,0,0
ENSMUSG00000079378,Gm8279,0,0,0,0,0,0,0,0,0,0,0,0
ENSMUSG00000090636,Gm17069,0,0,0,0,0,0,0,0,0,0,0,0
ENSMUSG00000095681,Gm8281,2,0,0,1,0,1,1,0,0,0,0,2
ENSMUSG00000096197,4930555G01Rik,0,0,0,0,0,0,0,0,0,0,0,0
ENSMUSG00000079383,Gm3298,2,0,7,4,11,0,2,2,0,0,4,5
ENSMUSG00000090827,Gm8297,0,0,0,0,0,0,0,0,0,0,0,0
ENSMUSG00000093827,Gm10410,0,0,0,0,0,0,0,0,0,0,0,0
ENSMUSG00000097278,Gm26650,0,0,0,0,0,0,0,0,0,0,0,0
ENSMUSG00000095196,Gm8305,0,0,0,0,0,0,0,0,0,0,0,0
ENSMUSG00000091185,Gm3278,0,0,0,0,0,0,0,0,0,0,0,0
ENSMUSG00000094132,Gm3264,0,0,0,0,0,0,0,0,0,0,0,0
ENSMUSG00000091494,Gm3269,0,0,0,0,0,0,0,0,0,0,0,0
ENSMUSG00000090465,Gm3091,0,0,0,0,0,0,0,0,0,0,0,0
ENSMUSG00000090539,Gm9602,0,0,0,0,0,0,0,0,0,0,0,0
ENSMUSG00000091221,Gm3084,0,0,0,0,0,0,0,0,0,0,0,0
ENSMUSG00000094628,Gm3252,0,0,0,0,0,0,0,0,0,1,0,0
ENSMUSG00000091700,Gm7876,0,0,0,0,0,0,0,0,0,0,0,0
ENSMUSG00000090328,Gm17073,0,0,0,0,0,0,0,0,0,0,0,0
ENSMUSG00000090872,Gm3239,0,0,0,0,0,0,0,0,0,0,0,0
ENSMUSG00000094258,Gm8159,0,0,0,0,0,0,0,0,0,0,0,0
ENSMUSG00000097798,Gm26898,0,0,0,0,0,0,0,0,0,0,0,0
ENSMUSG00000097822,Gm26655,0,0,0,0,0,0,0,0,0,0,0,0
ENSMUSG00000090598,Gm8164,0,0,0,0,0,0,0,0,0,0,0,0
ENSMUSG00000090472,Gm3047,0,0,0,0,0,0,0,0,0,0,0,0
ENSMUSG00000091894,Gm3030,0,0,0,0,0,0,0,0,0,0,0,0
ENSMUSG00000090865,Gm17074,0,0,0,0,0,0,0,0,0,0,0,0
ENSMUSG00000079386,Gm3173,0,0,0,0,0,0,0,0,0,0,0,0
ENSMUSG00000091148,Gm3182,0,0,0,0,0,0,0,0,0,0,0,0
ENSMUSG00000079392,Gm17170,0,0,0,0,0,0,0,0,0,0,0,0
ENSMUSG00000091418,Gm3164,0,1,1,1,1,0,0,1,0,0,0,0
ENSMUSG00000095056,Gm3159,0,0,0,0,0,0,0,0,0,0,0,0
ENSMUSG00000092045,Gm17086,0,0,0,0,0,0,0,0,0,0,0,0
ENSMUSG00000079388,2610042L04Rik,0,1,1,1,1,1,3,1,1,0,1,1
ENSMUSG00000079389,Gm3149,0,0,0,0,0,0,0,0,0,0,0,0
ENSMUSG00000091368,Gm17085,0,0,0,0,0,5,1,1,0,0,1,1
ENSMUSG00000091114,Gm3138,0,0,0,0,0,0,0,0,0,0,0,0
ENSMUSG00000094072,Gm11105,0,0,0,0,0,0,0,0,0,0,0,0
ENSMUSG00000079391,Gm2974,1,0,3,1,2,1,2,0,0,2,0,1
ENSMUSG00000090764,Gm3127,0,0,0,0,0,0,0,0,0,0,0,0
ENSMUSG00000090292,Gm17152,0,0,0,0,0,0,0,0,0,0,0,0
ENSMUSG00000091563,Gm8108,0,0,0,0,0,0,0,0,0,0,0,0
ENSMUSG00000091022,Gm3115,0,0,0,0,0,1,0,0,0,0,0,0
ENSMUSG00000091027,Gm11107,0,0,0,0,0,0,0,0,0,0,0,0
ENSMUSG00000096775,Gm5796,0,0,0,0,0,0,0,0,0,0,0,0
ENSMUSG00000095686,Gm3099,0,0,0,0,0,0,0,0,0,0,0,0
ENSMUSG00000091672,Gm17129,0,0,0,0,0,0,0,0,0,0,0,0
ENSMUSG00000091756,Gm3095,0,0,0,0,0,0,0,0,1,0,0,0
ENSMUSG00000096793,Gm3002,0,0,0,0,0,0,0,0,0,0,0,0
ENSMUSG00000096901,Gm3029,0,0,0,0,0,0,0,0,0,0,0,0
ENSMUSG00000096218,Gm2916,0,0,0,0,0,0,0,0,0,0,0,0
ENSMUSG00000097127,Gm26886,0,0,0,0,0,0,0,0,0,0,0,0
ENSMUSG00000097594,Gm2907,0,0,0,0,0,0,0,0,0,0,0,0
ENSMUSG00000093887,Gm3033,0,0,0,0,0,0,0,0,0,0,0,0
ENSMUSG00000096955,Gm26570,0,0,0,0,0,0,0,0,0,0,0,0
ENSMUSG00000095469,Gm21965,0,0,0,0,0,0,0,0,0,0,0,0
ENSMUSG00000096450,Gm2877,0,0,0,0,0,0,0,0,0,0,0,0
ENSMUSG00000096614,Gm2871,0,0,0,0,0,0,0,0,0,0,0,0
ENSMUSG00000090364,Gm3043,0,0,0,0,0,0,0,0,0,0,0,0
ENSMUSG00000093891,Gm2866,0,0,0,0,0,0,0,0,0,0,0,0
ENSMUSG00000079402,Gm3020,0,0,0,0,0,0,0,0,0,0,0,0
ENSMUSG00000095368,Gm3012,0,0,0,0,0,0,0,0,0,0,0,0
ENSMUSG00000091010,Gm17107,0,0,0,0,0,0,0,0,0,0,0,0
ENSMUSG00000095195,Gm3005,0,1,0,0,1,0,1,0,0,0,0,0
ENSMUSG00000094880,Gm11109,0,0,0,0,0,0,0,0,0,0,0,0
ENSMUSG00000096905,Gm8324,0,0,0,0,0,0,0,0,0,0,0,0
ENSMUSG00000090578,Gm8323,0,0,0,0,0,0,0,0,0,0,0,0
ENSMUSG00000072739,Gm10408,0,0,0,0,0,0,0,0,0,0,0,0
ENSMUSG00000097382,Gm26817,0,0,0,0,0,0,0,0,0,0,0,0
ENSMUSG00000096488,Gm10409,0,0,0,0,0,0,0,0,0,0,0,0
ENSMUSG00000095533,Gm10413,0,0,0,0,0,0,0,0,0,0,0,0
ENSMUSG00000090318,Gm17223,0,0,0,0,0,0,0,0,0,0,0,0
ENSMUSG00000096574,Gm2956,0,0,0,0,0,0,0,1,0,0,0,0
ENSMUSG00000079407,1700110I01Rik,0,0,0,0,0,0,0,0,0,0,0,0
ENSMUSG00000091849,Gm17188,0,0,0,0,0,0,0,0,0,0,0,0
ENSMUSG00000096217,Gm4904,0,0,0,0,0,0,0,0,0,0,0,0
ENSMUSG00000096039,D830030K20Rik,2,0,0,0,2,0,0,1,0,0,0,0
ENSMUSG00000095512,Gm17222,0,0,0,0,0,0,0,0,0,0,0,0
ENSMUSG00000079409,Gm5795,0,0,0,0,0,0,0,0,0,0,0,0
ENSMUSG00000090684,Gm17221,0,0,0,0,0,0,0,0,0,0,0,0
ENSMUSG00000071613,Gm10340,0,0,0,0,0,0,0,0,0,0,0,0
ENSMUSG00000091289,Gm17051,0,0,0,0,0,0,0,0,0,0,0,0
ENSMUSG00000079410,Gm2897,0,0,0,0,0,0,0,2,0,0,0,0
ENSMUSG00000079101,Esd-ps,0,0,0,0,0,0,0,0,0,0,0,0
ENSMUSG00000090487,Gm2888,0,1,0,0,0,0,0,0,0,0,0,0
ENSMUSG00000114955,Gm48109,0,0,0,0,0,0,0,0,0,0,0,0
ENSMUSG00000021868,Ppif,4407,4586,3618,3722,3571,2010,3765,3883,4350,4024,3350,3170
ENSMUSG00000114922,Ppifos,0,0,1,1,1,0,0,0,4,1,1,0
ENSMUSG00000104183,1700054O19Rik,0,0,0,0,0,0,0,0,0,0,0,0
ENSMUSG00000055538,Zcchc24,12,23,19,16,14,4,12,11,12,4,16,16
ENSMUSG00000099057,Gm27185,0,0,0,0,0,0,0,0,0,0,0,0
ENSMUSG00002076137,#N/A,0,0,0,0,0,0,0,0,0,0,0,0
ENSMUSG00000021866,Anxa11,1316,1528,1099,1227,830,366,1169,1203,1129,1054,1046,986
ENSMUSG00000098609,Anxa11os,0,1,0,0,0,1,0,0,0,0,0,1
ENSMUSG00000095304,Plac9a,0,0,0,0,0,2,0,0,0,0,0,0
ENSMUSG00000072676,Tmem254a,152,186,137,135,129,115,179,156,161,143,141,112
ENSMUSG00000095975,Cphx1,0,0,0,0,0,1,0,0,0,0,0,0
ENSMUSG00000098897,Gm19013,0,0,0,2,0,2,0,1,0,0,2,0
ENSMUSG00000048502,Duxbl1,0,0,0,0,0,0,0,0,0,0,0,0
ENSMUSG00000114921,Gm18578,0,0,0,0,0,0,0,0,0,0,0,0
ENSMUSG00000114753,Gm34059,0,0,0,0,0,0,0,0,0,0,0,0
ENSMUSG00000021874,4933413J09Rik,0,0,0,0,0,2,0,0,0,0,0,0
ENSMUSG00000089978,Crb1-ps,0,0,0,0,0,3,0,0,0,0,3,1
ENSMUSG00000090104,Slmapos2,0,1,0,1,0,0,2,0,1,0,0,0
ENSMUSG00000021870,Slmap,2155,2145,1692,1694,1744,1924,1435,1988,1916,1802,2038,1830
ENSMUSG00000065864,Gm24031,0,0,0,0,0,0,0,0,0,0,0,0
ENSMUSG00000078128,Gm2178,0,0,0,0,0,0,0,0,0,0,0,0
ENSMUSG00000107452,Gm18215,0,0,0,0,0,0,0,0,0,0,0,0
ENSMUSG00000107911,Gm7565,2,4,4,4,7,2,3,2,3,2,1,1
ENSMUSG00000021782,Dlg5,14,21,3,2,4,3,6,7,3,13,2,5
ENSMUSG00000114880,Gm49098,0,0,0,0,0,0,0,0,0,0,0,0
ENSMUSG00000091079,Gm17105,0,0,0,0,0,0,0,0,0,0,0,0
ENSMUSG00000118622,AC163638.3,0,0,0,0,0,0,0,0,0,0,0,0
ENSMUSG00000114648,Gm19034,0,0,0,0,0,0,0,0,0,0,0,0
ENSMUSG00000038925,E330034G19Rik,0,0,0,0,0,0,0,0,0,0,0,0
ENSMUSG00000118624,AC161374.3,0,0,0,0,0,0,0,0,0,0,0,0
ENSMUSG00000118605,AC161374.2,0,0,0,0,0,0,0,0,0,0,0,0
ENSMUSG00000114913,Gm18276,0,0,0,0,0,0,0,0,0,0,0,0
ENSMUSG00000118584,AC161374.1,0,0,0,0,0,0,0,0,0,0,0,0
ENSMUSG00000114567,Gm47774,0,0,0,0,0,0,0,0,0,0,0,0
ENSMUSG00000114207,Gm41109,0,0,0,0,0,0,0,0,0,0,0,0
ENSMUSG00000118592,AC154573.1,0,0,0,0,0,0,0,0,0,0,0,0
ENSMUSG00000114575,Gm47814,11,5,7,4,2,5,10,10,11,5,10,4
ENSMUSG00000025280,Polr3a,2082,2217,1682,1687,1594,841,1209,1684,1691,1627,1579,1437
ENSMUSG00000025290,Rps24,6974,8858,6263,6675,6597,3329,6721,6814,7470,6618,6523,5898
ENSMUSG00000094706,Gm10338,0,0,0,0,0,0,0,0,0,0,0,0
ENSMUSG00000053815,Olfr744,0,0,0,0,0,0,0,0,0,0,0,0
ENSMUSG00000050028,Olfr745,0,0,0,0,0,1,0,0,0,0,0,0
ENSMUSG00000108510,Gm45192,0,0,0,0,0,0,0,0,0,0,0,0
ENSMUSG00000058188,Olfr746,0,0,0,0,0,0,0,0,0,0,0,0
ENSMUSG00000115323,Gm18762,0,0,0,0,0,0,0,0,0,0,0,0
ENSMUSG00000057179,Olfr747,0,0,0,0,0,0,0,0,0,0,0,0
ENSMUSG00000060084,Olfr748,0,0,0,0,2,0,0,0,0,0,0,0
ENSMUSG00002076109,#N/A,0,0,0,0,0,0,0,0,0,0,0,0
ENSMUSG00000059069,Olfr749,0,0,0,0,0,0,0,0,0,0,0,0
ENSMUSG00000006288,Ttc5,441,482,407,346,443,207,359,365,420,385,480,375
ENSMUSG00000078125,Gm10916,0,0,0,0,1,0,0,0,0,0,0,0
ENSMUSG00000115769,Gm48938,0,0,0,0,0,0,0,0,0,0,0,0
ENSMUSG00000071470,Ccnb1ip1,0,0,1,0,0,0,0,0,0,0,0,0
ENSMUSG00000092837,Rpph1,1,5,9,2,3,2,12,4,7,7,8,3
ENSMUSG00000036023,Parp2,839,978,802,854,922,744,835,855,887,742,929,855
ENSMUSG00000006281,Tep1,600,609,471,443,425,166,386,482,486,452,510,486
ENSMUSG00000097431,Gm26782,159,160,136,127,121,115,113,188,144,134,132,123
ENSMUSG00000090799,Klhl33,0,0,1,0,0,2,0,0,0,0,1,0
ENSMUSG00000006289,Osgep,233,284,197,233,268,179,228,245,299,224,257,255
ENSMUSG00002075142,#N/A,0,0,0,0,0,0,0,0,0,0,0,0
ENSMUSG00000035960,Apex1,2353,2678,1884,2232,2127,956,2203,2221,2578,2260,2300,2176
ENSMUSG00000035953,Pip4p1,356,382,265,249,255,85,249,270,356,280,303,308
ENSMUSG00000115338,Pnp,282,380,246,287,245,120,355,261,298,249,237,249
ENSMUSG00000021871,Gm49342,0,0,0,0,0,0,0,0,0,0,0,0
ENSMUSG00000103730,Gm38316,0,0,0,0,0,0,0,0,0,0,0,0
ENSMUSG00000068417,Pnp2,3,2,1,2,2,0,7,1,0,3,0,4
ENSMUSG00000115312,Gm8518,6,3,3,1,2,2,5,6,3,3,6,5
ENSMUSG00000114997,Gm49038,0,0,0,0,0,0,0,0,0,0,0,0
ENSMUSG00000021872,Rnase10,0,0,0,0,0,0,0,0,0,0,0,0
ENSMUSG00000052382,Rnase9,0,0,0,0,0,0,0,0,0,0,0,0
ENSMUSG00000059648,Rnase11,0,0,0,0,0,0,0,0,0,0,0,0
ENSMUSG00000068407,Rnase12,0,0,0,0,0,0,0,0,0,0,0,0
ENSMUSG00000035932,Olfr750,0,0,0,0,0,0,0,0,0,0,1,0
ENSMUSG00002075936,#N/A,0,0,0,0,0,0,0,0,0,0,0,0
ENSMUSG00000063543,Gm5616,0,0,0,0,0,0,0,0,0,0,0,0
ENSMUSG00000110817,Gm47723,0,0,0,0,1,4,0,0,0,1,0,0
ENSMUSG00000097836,Gm26903,0,0,0,0,0,0,0,0,0,0,0,0
ENSMUSG00002076790,#N/A,0,0,0,0,0,0,0,0,0,0,0,0
ENSMUSG00000111119,Gm34005,0,0,0,0,0,0,1,0,0,0,0,0
ENSMUSG00002075228,#N/A,0,0,0,0,0,0,0,0,0,0,0,0
ENSMUSG00000102877,Gm38314,0,0,0,0,0,0,0,0,0,0,0,0
ENSMUSG00000031990,Jam3,1,0,0,1,0,0,0,1,1,0,0,1
ENSMUSG00000111390,Gm48796,32,27,33,36,30,26,28,58,35,39,31,33
ENSMUSG00000110836,Gm48801,0,0,0,0,0,0,0,0,0,0,0,0
ENSMUSG00000111387,Gm48803,0,0,0,0,0,0,0,0,0,0,0,0
ENSMUSG00000032026,Rexo2,1537,1617,1237,1321,1529,1852,1651,1597,1643,1397,1901,1671
ENSMUSG00000042396,Rbm7,1268,1404,1084,1030,1260,851,1024,1069,1281,1174,1327,1244
ENSMUSG00000042293,Gm5617,27,22,26,26,30,6,40,22,30,25,25,34
ENSMUSG00002076361,#N/A,0,0,0,0,0,0,0,0,0,0,0,0
ENSMUSG00000007908,Hmgcll1,0,1,0,0,0,0,0,0,0,0,0,0
ENSMUSG00000103354,Gm38083,0,0,0,0,0,0,0,0,0,0,0,0
ENSMUSG00000032271,Nnmt,0,0,0,0,0,0,0,0,0,0,0,0
ENSMUSG00000091345,Col6a5,0,0,2,4,1,0,0,0,2,1,1,0
ENSMUSG00000066687,Zbtb16,25,43,13,19,14,18,3,13,15,33,23,30
ENSMUSG00000111570,Gm32335,0,0,0,0,0,0,0,0,0,0,0,0
ENSMUSG00000059383,Gfral,0,0,0,0,0,0,0,0,0,0,0,0
ENSMUSG00000034275,Igsf9b,205,201,399,333,466,246,159,254,187,177,173,214
ENSMUSG00000110920,Gm48858,0,0,0,0,0,0,0,0,0,0,0,0
ENSMUSG00000031991,Spata19,0,0,0,0,0,1,0,0,0,0,0,0
ENSMUSG00000032572,Col6a4,0,0,0,0,0,0,0,0,0,0,0,0
ENSMUSG00000111694,Gm48901,0,0,0,0,0,0,0,0,0,0,0,0
ENSMUSG00000032360,Hcrtr2,0,0,0,0,0,6,0,0,0,0,2,0
ENSMUSG00000110892,Gm18585,0,0,0,0,0,0,0,0,0,0,0,0
ENSMUSG00000110745,Gm8106,0,0,0,0,0,0,0,0,0,0,0,0
ENSMUSG00000032269,Htr3a,0,0,0,0,0,2,0,0,0,0,0,0
ENSMUSG00000084714,Gm24631,0,0,0,0,0,0,0,0,0,0,0,0
ENSMUSG00000098894,Gm27234,0,0,0,0,0,0,0,0,0,0,0,0
ENSMUSG00000110851,Gm48902,0,0,0,0,0,0,0,0,0,0,0,0
ENSMUSG00000111796,Gm47575,0,0,0,0,1,1,0,0,0,0,0,0
ENSMUSG00000103434,Gm36993,0,0,0,0,0,0,0,0,0,0,0,0
ENSMUSG00000099717,Gm9451,0,0,0,0,0,0,0,0,0,0,0,0
ENSMUSG00000100795,Gm29208,0,0,0,0,0,2,0,0,0,0,0,0
ENSMUSG00000032358,Fam83b,0,0,0,0,0,0,0,0,0,0,0,0
ENSMUSG00000086296,D030055H07Rik,1,0,0,0,0,0,0,0,0,0,0,0
ENSMUSG00000008590,Htr3b,0,0,0,0,0,0,0,0,0,0,0,0
ENSMUSG00000098335,Gm27156,0,0,0,0,0,0,0,0,0,0,0,0
ENSMUSG00000098924,Gm27245,0,0,0,0,0,0,0,0,0,0,0,0
ENSMUSG00000077144,Gm22938,0,0,0,0,0,0,0,0,0,0,0,0
ENSMUSG00000111222,Gm34158,0,0,0,0,0,0,0,0,0,0,0,0
ENSMUSG00000099239,Gm27155,0,0,0,0,0,0,0,0,0,0,0,0
ENSMUSG00000062257,Opcml,0,0,0,0,1,1,0,0,0,0,1,0
ENSMUSG00002075166,#N/A,0,0,0,0,0,0,0,0,0,0,0,0
ENSMUSG00000110839,Gm47800,0,0,0,0,0,0,0,0,0,0,0,0
ENSMUSG00000098888,Gm18486,0,0,0,0,0,0,0,0,1,0,0,0
ENSMUSG00000087531,Gm15606,0,0,0,0,0,0,0,0,0,0,0,0
ENSMUSG00002075756,#N/A,0,0,0,0,0,0,0,0,0,0,0,0
ENSMUSG00000110741,Gm48091,0,0,0,0,0,0,0,0,0,0,0,0
ENSMUSG00000020258,Glyctk,200,210,153,174,156,69,134,158,185,142,126,136
ENSMUSG00000032357,Tinag,0,0,0,0,0,0,0,0,0,0,0,0
ENSMUSG00000065407,Mir135a-1,0,0,0,0,0,0,0,0,0,0,0,0
ENSMUSG00000098333,Gm27158,0,0,0,0,0,0,0,0,0,0,0,0
ENSMUSG00000098370,Gm19541,0,0,0,0,0,0,0,0,0,0,0,0
ENSMUSG00000099138,Gm5746,0,0,0,0,0,0,0,0,0,0,0,0
ENSMUSG00000059974,Ntm,0,0,0,0,1,0,0,0,0,0,0,0
ENSMUSG00000085449,Gm15520,0,0,0,0,0,0,0,0,0,0,0,0
ENSMUSG00000085638,Gm15521,0,0,0,0,0,1,0,0,0,0,0,0
ENSMUSG00000111175,Gm19640,0,0,0,0,0,0,0,0,0,0,0,0
ENSMUSG00000111304,Gm47677,0,0,0,0,0,0,0,0,0,0,0,0
ENSMUSG00000119318,#N/A,0,0,0,0,0,0,0,0,0,0,0,0
ENSMUSG00000111109,Gm30933,0,0,0,0,0,0,0,0,0,0,0,0
ENSMUSG00000020257,Wdr82,4236,4678,3667,3833,3975,1762,3476,3910,4011,3578,3364,3191
ENSMUSG00000065440,Mirlet7g,0,0,0,0,0,0,0,0,0,0,0,0
ENSMUSG00000031993,Snx19,1698,1661,1250,1319,1109,558,888,1293,1489,1308,1149,1107
ENSMUSG00000111260,Gm47714,0,0,0,0,0,0,0,0,0,0,0,0
ENSMUSG00000111438,Rps2-ps12,0,0,0,0,0,3,1,0,0,0,0,0
ENSMUSG00000111413,Gm47716,0,0,0,0,0,1,0,0,0,0,0,0
ENSMUSG00000111867,Gm31013,0,0,0,0,0,0,0,0,0,0,0,0
ENSMUSG00000111249,Gm47717,0,0,0,0,0,0,0,0,0,0,0,0
ENSMUSG00000033453,Adamts15,0,0,0,0,0,0,0,0,0,0,0,0
ENSMUSG00000020253,Ppm1m,228,242,181,214,238,92,184,190,219,182,293,264
ENSMUSG00000032267,Usp28,160,191,137,163,192,101,120,191,205,190,204,203
ENSMUSG00000105298,Cldn25-ps,0,0,0,0,0,0,0,0,0,0,0,0
ENSMUSG00000031994,Adamts8,0,0,0,1,0,0,0,0,0,0,0,0
ENSMUSG00000105991,1700042D02Rik,0,0,0,0,0,0,0,0,0,0,0,0
ENSMUSG00000111673,Gm29724,0,0,0,1,1,2,0,0,0,0,0,0
ENSMUSG00000032264,Zw10,789,943,760,667,996,505,753,827,765,667,869,820
ENSMUSG00000047412,Zbtb44,1845,1781,1564,1567,1462,923,1200,1651,1653,1604,1460,1317
ENSMUSG00000097701,Gm17508,0,0,0,0,0,0,0,0,0,0,0,0
ENSMUSG00000032355,Mlip,0,0,0,0,0,4,0,0,0,0,0,0
ENSMUSG00000098668,Gm27210,0,0,0,0,0,0,0,0,0,0,0,0
ENSMUSG00000102783,Gm38254,0,0,0,0,0,1,0,0,0,0,0,0
ENSMUSG00000103794,4930590H14Rik,0,0,0,0,0,0,0,0,0,0,0,0
ENSMUSG00000099170,5730403I07Rik,0,0,0,0,0,0,0,1,0,0,1,0
ENSMUSG00000031995,St14,224,228,154,210,162,65,212,243,175,184,163,145
ENSMUSG00000023277,Twf2,709,817,527,545,600,220,561,597,646,596,662,601
ENSMUSG00000081343,Gm16071,0,0,2,2,0,0,1,0,1,1,3,2
ENSMUSG00000045322,Tlr9,8,13,1,3,11,9,1,4,21,10,13,8
ENSMUSG00000032786,Alas1,1279,1319,901,944,1034,519,957,991,1098,1053,1140,1054
ENSMUSG00000097592,4930500F10Rik,3,1,2,1,2,1,3,2,2,3,3,3
ENSMUSG00000032268,Tmprss5,0,1,0,0,0,0,0,0,0,0,0,1
ENSMUSG00000054156,Gm4894,0,0,0,0,0,0,0,0,0,0,0,0
ENSMUSG00000032259,Drd2,0,0,0,0,0,0,0,0,0,0,0,0
ENSMUSG00000032257,Ankk1,0,0,0,0,0,0,0,0,0,0,0,0
ENSMUSG00000032352,Lrrc1,140,118,121,138,176,107,161,178,181,146,189,155
ENSMUSG00000099094,Gm19569,5,13,8,8,8,2,4,7,9,10,4,5
ENSMUSG00000098895,Gm21013,0,0,0,0,0,0,0,0,0,0,0,0
ENSMUSG00002076458,#N/A,0,0,0,0,0,0,0,0,0,0,0,0
ENSMUSG00000044938,Klhl31,0,0,1,0,3,3,2,0,0,0,1,0
ENSMUSG00000111225,Gm47790,0,0,0,0,0,0,0,0,0,0,0,0
ENSMUSG00000110838,Gm47789,0,0,0,0,0,0,0,0,0,0,0,0
ENSMUSG00000111014,Gm47795,0,0,0,0,0,0,0,0,0,0,0,0
ENSMUSG00000040219,Ttc12,0,2,0,1,1,0,1,0,2,1,3,0
ENSMUSG00000032350,Gclc,1897,1882,1777,1720,1631,1422,1645,1940,1774,1652,1532,1483
ENSMUSG00000111253,Gm34654,0,0,0,0,0,0,1,0,0,0,0,0
ENSMUSG00000111250,Gm47818,0,0,0,0,0,0,0,0,0,0,0,0
ENSMUSG00000111580,Gm19572,0,0,0,0,0,0,0,0,0,0,0,0
ENSMUSG00000110724,Gm47824,0,0,0,0,0,0,0,0,0,0,0,0
ENSMUSG00000023345,Poc1a,100,111,84,96,128,41,120,130,116,65,121,123
ENSMUSG00000099879,Gm29123,0,0,0,1,0,0,0,0,0,0,0,0
ENSMUSG00000032349,Elovl5,1433,1569,1612,1533,1942,1442,1539,1755,1594,1412,1427,1309
ENSMUSG00000111610,Gm34829,0,0,0,0,0,2,1,0,0,0,1,1
ENSMUSG00000077730,Gm23609,0,0,0,0,0,0,0,0,0,0,0,0
ENSMUSG00000053716,Dusp7,667,722,557,606,642,390,533,708,695,611,681,707
ENSMUSG00000111335,Gm39375,0,0,0,0,0,0,0,0,0,0,0,0
ENSMUSG00000111850,Gm47829,0,0,0,1,0,0,1,0,0,0,0,0
ENSMUSG00000031996,Aplp2,2662,2855,2193,2300,2395,1844,2118,2452,2383,2161,2070,1891
ENSMUSG00000023333,Gcm1,0,0,0,0,0,0,0,0,0,0,0,0
ENSMUSG00000111596,Gm8058,4,4,4,3,6,0,8,10,0,3,0,4
ENSMUSG00000091003,Gm7244,0,1,0,0,0,0,0,0,1,1,0,0
ENSMUSG00000111246,4930517E14Rik,0,1,3,2,0,0,2,0,1,0,1,2
ENSMUSG00000039542,Ncam1,8,5,1,3,0,10,5,3,3,2,0,0
ENSMUSG00000048758,Rpl29,679,1053,758,829,744,219,822,568,743,634,485,571
ENSMUSG00000079564,Gm11149,0,0,0,0,0,0,0,0,0,0,0,0
ENSMUSG00000119677,#N/A,0,0,0,0,0,0,0,0,0,0,0,0
ENSMUSG00000111682,Gm47543,0,0,0,0,0,0,0,0,0,0,0,0
ENSMUSG00000098012,Gm8907,2,8,3,2,1,0,5,3,6,5,3,5
ENSMUSG00000111589,Gm4042,0,0,0,0,0,0,0,0,0,0,0,0
ENSMUSG00000110916,2310003N18Rik,0,0,0,0,0,0,0,0,0,0,0,0
ENSMUSG00000111359,Gm39336,0,0,0,0,0,0,0,0,0,0,0,0
ENSMUSG00000058443,Rpl10-ps3,0,26,10,10,15,98,23,26,1,0,30,0
ENSMUSG00000101304,Plet1os,0,0,1,0,1,0,0,0,0,1,0,1
ENSMUSG00000032068,Plet1,0,0,3,4,1,6,2,0,0,0,0,1
ENSMUSG00000042496,Prdm10,249,247,203,201,234,185,162,227,215,215,340,231
ENSMUSG00000001366,Fbxo9,407,429,345,311,344,226,327,341,399,324,345,349
ENSMUSG00000032067,Pts,225,221,247,224,306,156,240,237,233,216,287,246
ENSMUSG00000111654,Gm47077,0,0,1,0,0,0,0,0,0,1,0,0
ENSMUSG00000032066,Bco2,4,8,16,18,11,5,4,12,2,5,3,2
ENSMUSG00000039217,Il18,12,15,30,33,12,6,22,34,15,8,10,9
ENSMUSG00000032065,Tex12,0,0,0,0,0,1,0,0,0,0,0,0
ENSMUSG00000009828,Ick,150,129,111,100,108,87,104,119,119,110,164,120
ENSMUSG00002076161,#N/A,1334,1962,2283,2376,2415,2089,1918,1960,2072,1819,1545,1512
ENSMUSG00000000171,Sdhd,1504,1614,1514,1575,1687,627,1771,1557,1619,1396,1372,1350
ENSMUSG00000097574,C920006O11Rik,29,22,23,29,12,14,28,30,26,22,16,20
ENSMUSG00000039016,Timm8b,561,779,592,669,870,375,738,636,695,600,670,661
ENSMUSG00000023262,Acy1,342,430,292,313,351,109,393,331,361,298,355,313
ENSMUSG00000042185,Nfrkb,1706,1796,1530,1483,1282,665,1138,1439,1471,1446,1381,1231
ENSMUSG00000032348,Gsta4,1,5,7,6,7,5,5,6,4,11,6,5
ENSMUSG00000111015,Gm3126,0,0,0,0,0,0,0,0,0,0,0,0
ENSMUSG00000074183,Gsta1,0,0,0,0,0,0,0,0,0,0,0,0
ENSMUSG00000110919,Dppa5b,0,0,0,0,0,0,0,0,0,0,0,0
ENSMUSG00000041737,Tmem45b,0,0,0,0,0,0,0,0,0,0,0,0
ENSMUSG00000111548,Gm8162,0,0,1,2,1,0,0,1,0,0,0,0
ENSMUSG00000111468,5033425B01Rik,0,0,0,0,0,0,0,0,0,0,0,0
ENSMUSG00000111709,Gm3776,0,0,0,0,0,0,0,0,0,0,0,0
ENSMUSG00000111423,Dppa5c,0,0,0,0,0,0,0,0,0,0,0,0
ENSMUSG00000111655,4930434F21Rik,0,2,0,0,0,0,0,0,0,0,0,0
ENSMUSG00000111853,Gm31408,0,0,0,0,0,0,0,0,0,0,0,0
ENSMUSG00000110952,Gm18226,0,0,0,0,0,0,0,0,0,0,0,0
ENSMUSG00000111153,Gm18820,0,0,0,0,0,0,0,0,0,0,0,0
ENSMUSG00000110853,Gm47436,0,0,0,0,0,0,0,0,0,0,0,0
ENSMUSG00000110778,Gm8171,2,0,1,0,0,1,1,0,1,0,0,2
ENSMUSG00000032033,Barx2,0,1,0,1,0,0,0,0,0,0,0,0
ENSMUSG00000059820,Nkapd1,1255,1273,1077,1033,872,791,929,1089,1104,1127,908,880
ENSMUSG00000110813,Gm31497,0,0,0,0,0,0,0,0,0,0,0,0
ENSMUSG00000091639,Gm3756,1,0,2,1,3,2,3,6,1,2,2,2
ENSMUSG00000111771,Gm47465,0,0,0,0,0,0,0,0,0,0,0,0
ENSMUSG00000074179,Gm10639,0,0,0,0,0,4,0,0,0,0,0,0
ENSMUSG00000111166,Tpi-rs4,0,0,0,0,0,0,0,0,0,0,1,0
ENSMUSG00000110845,Gm47481,0,0,1,2,2,0,0,0,0,1,0,0
ENSMUSG00002075908,#N/A,0,0,0,0,0,0,0,0,0,0,0,0
ENSMUSG00000110840,Gm47496,3,1,1,1,1,1,0,2,1,2,1,0
ENSMUSG00000066463,Omt2a,0,0,0,0,0,0,0,0,0,0,0,0
ENSMUSG00000042210,Abhd14a,308,286,225,244,348,97,291,262,337,255,351,371
ENSMUSG00000090802,Gm8074,0,0,0,0,0,0,0,0,0,0,0,0
ENSMUSG00000038750,Omt2b,0,0,0,0,0,0,0,0,0,0,0,0
ENSMUSG00000000167,Pih1d2,11,12,30,17,25,10,12,12,12,11,15,12
ENSMUSG00000000168,Dlat,1564,1669,1285,1224,1570,818,1155,1372,1567,1319,1654,1419
ENSMUSG00000057933,Gsta2,0,0,0,0,0,0,0,0,0,0,0,0
ENSMUSG00000060461,Dppa5a,0,0,0,0,0,0,0,0,0,0,0,0
ENSMUSG00000032346,Ooep,0,0,0,0,0,0,0,0,0,0,0,0
ENSMUSG00000083032,Gm8087,0,0,0,0,0,0,0,0,0,0,0,0
ENSMUSG00000042073,Abhd14b,35,26,22,21,26,19,20,24,30,25,34,38
ENSMUSG00000090724,4930542C12Rik,0,0,0,2,0,0,0,2,0,0,1,1
ENSMUSG00000100039,Gm28959,0,0,1,0,0,0,0,0,0,0,0,1
ENSMUSG00000070291,Ddx43,66,53,69,85,68,76,44,62,76,65,65,51
ENSMUSG00000087052,Gm8093,0,4,1,5,0,2,2,0,1,0,2,3
ENSMUSG00000032344,Cgas,447,472,439,455,517,396,470,523,477,466,560,532
ENSMUSG00000090317,Gm17324,0,1,1,0,3,0,0,3,1,0,0,2
ENSMUSG00000041444,Arhgap32,28,15,15,17,9,12,11,21,15,15,24,15
ENSMUSG00000111382,Gm47536,0,0,0,0,0,0,0,0,0,0,0,0
ENSMUSG00000032342,Mto1,348,404,269,281,405,214,293,345,378,344,432,400
ENSMUSG00000032034,Kcnj5,0,0,0,0,0,0,0,0,0,0,0,0
ENSMUSG00000111056,Gm39317,0,0,0,0,0,4,0,0,0,0,0,0
ENSMUSG00000041248,Kcnj1,0,0,0,0,0,0,0,0,0,0,0,0
ENSMUSG00000037742,Eef1a1,54395,66627,50535,56306,54999,22474,50024,50359,57978,50357,43701,42756
ENSMUSG00000076138,Gm26377,0,0,0,0,0,0,0,0,0,0,0,0
ENSMUSG00000016087,Fli1,837,850,640,617,546,589,631,870,798,658,903,739
ENSMUSG00000111417,Gm47430,2,1,0,0,0,1,0,0,0,1,0,2
ENSMUSG00000064492,Gm22060,1,0,0,2,2,0,0,2,1,4,1,0
ENSMUSG00000103151,Gm38292,4,7,5,5,1,3,3,7,5,4,5,5
ENSMUSG00000102352,Gm38346,2,9,7,5,1,8,4,9,14,8,5,6
ENSMUSG00000098645,Gm27201,2,2,2,0,1,4,0,2,2,4,1,5
ENSMUSG00000102153,Gm37474,5,13,8,6,2,0,7,9,3,10,3,4
ENSMUSG00000102850,Gm37082,6,4,11,6,2,7,4,10,4,9,3,2
ENSMUSG00000110844,Gm47680,0,0,0,0,0,0,0,0,0,0,0,0
ENSMUSG00000098796,Gm27163,0,0,0,0,0,0,0,0,0,0,0,0
ENSMUSG00000049624,Slc17a5,90,90,63,67,63,40,53,73,86,71,71,54
ENSMUSG00000046186,Cd109,93,131,156,158,113,69,80,127,64,72,32,23
ENSMUSG00000032035,Ets1,13223,13674,9386,9248,9236,5486,7714,9678,12312,11113,12931,11539
ENSMUSG00000091147,4921509A06Rik,0,0,0,0,0,0,0,0,0,0,0,0
ENSMUSG00000098843,Gm27240,1,3,2,1,1,0,1,1,4,0,2,2
ENSMUSG00000111139,Gm47497,0,0,0,0,0,0,0,0,0,0,0,0
ENSMUSG00000099148,Gm3331,0,0,0,0,0,1,0,0,0,0,0,0
ENSMUSG00000102467,Gm37167,0,0,0,0,0,0,0,0,0,0,0,0
ENSMUSG00000110809,Gm46138,0,0,0,0,0,0,0,0,0,0,0,0
ENSMUSG00000059422,Gm8116,14,2,3,0,4,1,2,7,8,9,3,7
ENSMUSG00000099025,Gm27162,28,27,23,31,35,29,19,18,31,24,23,14
ENSMUSG00000111081,Gm47498,0,0,0,0,0,0,1,0,0,2,0,0
ENSMUSG00000102184,Gm37192,1,0,0,0,0,0,0,0,0,0,1,0
ENSMUSG00000111309,Gm18863,0,0,0,0,0,0,0,0,0,0,0,0
ENSMUSG00000111363,Gm35024,0,0,0,0,0,0,0,0,0,0,0,0
ENSMUSG00000098519,Gm27166,5,8,2,6,3,1,0,3,0,2,2,8
ENSMUSG00000110923,Gm47499,0,0,0,0,0,0,0,0,0,0,0,0
ENSMUSG00000111645,Gm32171,0,0,0,0,0,0,0,0,0,0,0,0
ENSMUSG00000111638,Gm47501,0,0,0,0,0,0,0,0,0,0,0,0
ENSMUSG00000102712,Gm37758,0,0,0,0,0,0,0,0,0,0,0,0
ENSMUSG00000102020,Gm28620,0,0,0,0,0,0,0,0,0,0,0,0
ENSMUSG00000111467,Gm47775,0,0,0,0,0,0,0,0,0,0,0,0
ENSMUSG00000111878,Gm47777,0,0,0,0,0,0,0,0,0,0,0,0
ENSMUSG00000111670,Gm47500,0,0,0,0,0,0,0,0,0,0,0,0
ENSMUSG00000111276,Gm47778,0,0,0,0,0,0,0,0,0,0,0,0
ENSMUSG00000110856,Gm49264,0,0,0,0,0,0,0,0,0,0,0,0
ENSMUSG00000111492,Aldoa-ps3,0,0,0,0,0,0,0,0,0,0,0,0
ENSMUSG00000079884,Gm10698,21,54,41,38,53,21,32,26,28,24,31,21
ENSMUSG00000111336,Aldoa-ps4,6,19,12,14,10,0,30,8,4,1,11,4
ENSMUSG00000111265,Gm47784,0,0,0,0,0,0,0,0,0,0,0,0
ENSMUSG00000111633,Gm39377,0,0,0,0,0,0,0,0,0,0,0,0
ENSMUSG00000110771,Gm47785,0,0,0,0,0,0,0,0,0,0,0,0
ENSMUSG00000111560,Gm35262,0,0,0,0,0,0,0,0,0,0,0,0
ENSMUSG00000088905,Gm25439,0,0,0,0,0,0,0,0,0,0,0,0
ENSMUSG00000023495,Pcbp4,254,330,181,176,192,60,228,205,245,177,235,230
ENSMUSG00000099256,Gm27165,0,0,0,0,0,0,0,0,0,0,0,0
ENSMUSG00000111765,Gm10635,0,0,0,0,1,11,2,0,0,0,0,0
ENSMUSG00000111207,Gm8125,0,0,0,0,0,0,0,0,0,0,0,0
ENSMUSG00000098358,Gm27164,0,0,0,0,0,0,0,0,0,0,0,1
ENSMUSG00000098758,7630403G23Rik,0,0,0,0,0,0,0,0,0,0,0,0
ENSMUSG00000098909,Gm27161,0,0,0,0,0,0,0,0,0,0,0,0
ENSMUSG00000091735,Gpr62,9,14,7,9,7,1,6,2,10,15,3,6
ENSMUSG00000110925,Gm47858,0,0,0,0,0,2,0,0,0,0,0,1
ENSMUSG00000032064,Dixdc1,108,100,139,126,134,69,73,107,95,63,57,42
ENSMUSG00000032062,2310030G06Rik,0,0,0,0,0,0,0,0,1,0,0,0
ENSMUSG00000038086,Hspb2,0,0,0,0,0,0,0,0,0,0,0,0
ENSMUSG00000032060,Cryab,0,0,0,2,1,2,3,2,1,0,0,0
ENSMUSG00000023249,Parp3,432,458,331,355,430,236,390,413,471,379,711,602
ENSMUSG00000037971,1110032A03Rik,44,43,37,47,47,51,44,38,39,33,35,34
ENSMUSG00000041506,Rrp9,5841,6606,5000,5568,5082,1707,4627,5008,5897,5220,4906,4722
ENSMUSG00000037845,Fdxacb1,221,225,159,188,213,99,159,198,187,190,177,145
ENSMUSG00000066383,Iqcf1,1,0,4,2,6,3,2,6,7,2,5,1
ENSMUSG00000118396,Iqcf2,1,1,1,0,0,1,0,0,0,0,1,0
ENSMUSG00000066382,Iqcf5,1,0,0,0,0,0,0,0,0,0,0,0
ENSMUSG00000032059,Alg9,931,1006,708,781,720,321,764,844,781,713,603,607
ENSMUSG00001074846,#N/A,0,0,0,0,0,0,0,0,0,0,0,0
ENSMUSG00000041009,Iqcf4,2,8,3,3,2,3,2,2,3,4,2,6
ENSMUSG00000032332,Col12a1,0,6,0,0,1,2,0,0,0,0,1,0
ENSMUSG00000091129,Iqcf6,0,0,0,0,0,0,0,0,0,0,0,0
ENSMUSG00002076513,#N/A,0,0,0,0,0,0,0,0,0,0,0,0
ENSMUSG00000032036,Kirrel3,0,0,0,0,0,1,0,0,0,0,0,0
ENSMUSG00000101411,Gm28111,0,0,0,0,0,0,0,0,0,0,0,0
ENSMUSG00000103552,Gm38217,0,0,0,0,0,0,0,0,0,0,0,0
ENSMUSG00000086608,4930562D21Rik,0,0,0,0,0,0,0,0,0,0,0,0
ENSMUSG00000053889,Kirrel3os,1,0,3,0,0,0,0,0,0,0,0,2
ENSMUSG00002075887,#N/A,0,0,0,0,0,0,0,0,0,0,0,0
ENSMUSG00000032330,Cox7a2,1170,1411,1110,1260,1507,696,1447,1120,1346,1067,1146,1186
ENSMUSG00000023192,Grm2,4,2,2,2,1,7,2,0,1,0,2,0
ENSMUSG00000032328,Tmem30a,1987,2077,1613,1575,1649,1293,1486,1797,1787,1711,1945,1741
ENSMUSG00000086918,4930429F24Rik,1,0,1,0,1,1,0,3,5,2,3,3
ENSMUSG00000040813,Tex264,747,839,591,662,623,247,543,708,778,710,627,601
ENSMUSG00000034898,Filip1,108,72,74,85,111,69,49,64,83,79,85,66
ENSMUSG00000092565,Gm20477,1,0,2,6,0,0,0,0,1,3,0,0
ENSMUSG00000092581,Gm3211,0,0,0,0,0,0,0,0,0,0,0,0
ENSMUSG00000111827,Gm8131,0,0,0,0,0,0,0,0,0,0,0,0
ENSMUSG00002075539,#N/A,0,0,0,0,0,0,0,0,0,0,0,0
ENSMUSG00000111574,Gm46146,0,0,0,0,0,0,0,0,0,1,0,0
ENSMUSG00000040661,Rad54l2,3247,3212,2663,2594,2412,1376,1754,2719,2647,2679,2475,2291
ENSMUSG00000032038,St3gal4,1765,1870,1618,1741,1785,874,1761,1892,1837,1697,1650,1539
ENSMUSG00002075542,#N/A,0,0,0,0,0,0,0,0,0,0,0,0
ENSMUSG00000070315,4930581F22Rik,158,159,155,158,175,106,135,167,199,140,160,152
ENSMUSG00000032040,Dcps,509,567,494,510,866,377,561,555,606,474,720,650
ENSMUSG00000119783,#N/A,0,0,0,0,0,0,0,0,0,0,0,0
ENSMUSG00000032041,Tirap,170,146,160,160,123,60,139,165,151,120,112,108
ENSMUSG00000110774,Gm39318,2,0,1,1,0,2,1,2,0,0,2,2
ENSMUSG00000040325,Dcaf1,2934,3197,2751,2776,3014,2423,2146,2923,2981,2872,3198,2833
ENSMUSG00000032042,Srpr,4366,4699,3470,3567,3276,1718,3086,3527,4016,3521,3366,3072
ENSMUSG00000032575,Manf,4030,5018,3810,4145,3721,2948,4165,3961,3676,3038,3679,3220
ENSMUSG00000103835,Gm37612,2,0,4,2,0,1,3,3,1,6,0,4
ENSMUSG00000032058,Ppp2r1b,2620,3002,2293,2309,2402,1155,2041,2352,2509,2317,2017,1954
ENSMUSG00000074102,Rbm15b,3513,3688,2635,2693,2682,1119,2282,2886,3123,3014,2578,2553
ENSMUSG00000034252,Senp6,5557,5606,4411,4337,4262,4527,3354,4431,4878,4974,4689,4311
ENSMUSG00000088708,Gm25558,0,0,1,0,0,0,1,3,1,0,0,0
ENSMUSG00000090207,4930524O07Rik,12,11,9,15,9,3,11,6,19,10,14,14
ENSMUSG00000093779,Gm20648,0,0,0,0,0,0,0,0,0,0,0,0
ENSMUSG00000084917,Gm17477,0,0,0,0,1,1,0,0,0,0,0,0
ENSMUSG00000039048,Foxred1,675,735,596,657,727,257,586,566,697,549,749,665
ENSMUSG00000037112,Sik2,470,506,441,412,487,356,266,456,467,365,555,523
ENSMUSG00000039716,Dock3,10,13,11,10,4,5,4,12,12,10,18,17
ENSMUSG00000075469,Gm17205,0,0,0,0,0,0,0,0,0,0,0,0
ENSMUSG00000064517,Gm22454,0,0,0,0,0,0,0,0,0,0,0,0
ENSMUSG00000060594,Layn,3,0,0,0,0,2,0,0,1,0,0,0
ENSMUSG00000091669,Gm17117,0,0,0,0,0,0,0,0,0,0,0,0
ENSMUSG00000077494,Gm23595,0,0,0,0,0,0,0,0,0,0,0,0
ENSMUSG00000092125,AA543401,0,0,0,0,0,0,0,0,0,0,0,0
ENSMUSG00002076878,#N/A,0,0,0,0,0,0,0,0,0,0,0,0
ENSMUSG00000104086,1700039M15Rik,0,0,0,0,0,0,0,0,0,0,0,0
ENSMUSG00000032056,Btg4,0,0,0,1,0,4,0,0,0,0,0,0
ENSMUSG00000032057,4833427G06Rik,0,0,0,0,0,0,0,1,0,0,0,0
ENSMUSG00000065587,Mir34c,0,0,0,0,0,0,0,0,0,0,0,0
ENSMUSG00000065492,Mir34b,0,0,0,0,0,0,0,0,0,0,0,0
ENSMUSG00000110266,Gm32742,1,0,1,0,0,0,0,1,0,0,0,0
ENSMUSG00000032053,Pou2af1,2026,2072,2105,2156,1568,997,1171,1444,1858,1580,1211,1123
ENSMUSG00000111862,Gm47828,8,3,3,4,1,0,2,1,3,3,2,0
ENSMUSG00000032577,Mapkapk3,6380,7022,4540,4791,4288,2009,4078,4561,5358,5097,4136,3637
ENSMUSG00000050471,Fam118b,557,670,466,516,483,233,512,503,539,557,458,459
ENSMUSG00000091366,Gm17040,26,26,22,22,27,13,16,20,37,27,24,19
ENSMUSG00000079559,Colca2,2,8,3,5,4,3,1,4,9,5,1,1
ENSMUSG00000044694,2010007H06Rik,17,15,33,18,20,14,19,14,29,6,16,27
ENSMUSG00000032578,Cish,16589,17651,12193,12435,12740,5239,11832,12867,14332,13254,12482,11896
ENSMUSG00000090570,Gm17041,5,3,0,4,7,4,13,4,16,1,8,8
ENSMUSG00000032044,Rpusd4,627,713,575,590,557,244,614,599,596,546,488,498
ENSMUSG00000111746,4933422A05Rik,0,5,5,7,1,1,2,0,4,3,9,2
ENSMUSG00000066771,Gm5614,0,1,0,3,1,1,10,2,0,1,0,0
ENSMUSG00000111059,Gm33838,0,0,0,0,0,3,0,0,0,0,0,0
ENSMUSG00000036027,1810046K07Rik,0,0,0,0,0,0,0,0,0,0,0,0
ENSMUSG00000103259,2610105M22Rik,0,0,0,0,0,0,0,0,0,0,0,0
ENSMUSG00000078308,Gm47854,0,0,0,0,0,0,0,0,0,0,0,0
ENSMUSG00000111162,Gm7293,1,11,4,7,3,3,15,7,3,3,2,1
ENSMUSG00000110825,Gm8959,6,3,4,2,2,1,3,3,3,4,2,0
ENSMUSG00000032579,Hemk1,2018,2294,1764,1669,1600,617,1556,1630,1740,1647,1361,1362
ENSMUSG00000037977,6430571L13Rik,450,494,337,351,402,181,337,419,461,396,349,337
ENSMUSG00000102144,4930429P21Rik,1,0,1,0,3,1,0,1,1,1,2,0
ENSMUSG00000053199,Arhgap20,9,11,6,8,3,9,1,8,4,4,4,5
ENSMUSG00000038119,Cdon,2590,2610,2465,2309,2492,1398,1822,2542,2580,2415,1802,1632
ENSMUSG00000065934,Gm25630,0,1,2,2,0,1,0,1,2,0,2,0
ENSMUSG00002075331,#N/A,0,0,0,0,0,0,0,0,0,0,0,0
ENSMUSG00000098590,Gm1113,0,0,0,0,0,2,0,0,0,0,0,0
ENSMUSG00000074354,Arhgap20os,0,0,0,0,0,1,0,0,0,0,0,0
ENSMUSG00000111357,Gm6980,0,0,0,0,0,3,2,0,0,0,0,0
ENSMUSG00000111836,4933407I05Rik,0,0,0,0,0,0,0,0,0,0,0,0
ENSMUSG00000032051,Fdx1,298,320,298,273,277,117,280,288,306,287,222,228
ENSMUSG00000098076,Gm6981,15,22,16,14,18,13,15,15,22,22,14,18
ENSMUSG00000032101,Ddx25,9,5,4,10,6,2,2,8,8,4,4,6
ENSMUSG00000032103,Pus3,684,791,571,552,675,490,435,507,669,633,755,635
ENSMUSG00000050555,Hyls1,189,211,251,238,348,221,285,304,218,164,261,227
ENSMUSG00000074452,Pate2,9,6,6,4,7,1,3,8,4,11,9,5
ENSMUSG00000086984,Gm6762,0,0,0,0,0,0,0,0,0,0,0,0
ENSMUSG00000094676,Gm10105,0,0,0,1,0,0,0,0,0,0,0,0
ENSMUSG00000032099,Pate4,0,0,0,0,0,0,0,0,0,0,0,0
ENSMUSG00000032050,Rdx,6655,6895,5848,5836,6714,4981,4854,6242,6580,6193,6902,6255
ENSMUSG00000094995,Pate3,0,0,0,0,0,0,0,0,0,0,0,0
ENSMUSG00002076614,#N/A,0,0,0,0,0,0,0,0,0,0,0,0
ENSMUSG00000091215,Pate1,0,0,0,0,0,0,0,0,0,0,0,0
ENSMUSG00000091174,Pate10,0,0,0,0,0,0,0,0,0,0,0,0
ENSMUSG00000035164,Zc3h12c,825,823,634,667,595,418,337,580,635,637,404,362
ENSMUSG00000090738,Pate7,0,0,0,0,0,0,0,0,0,0,0,0
ENSMUSG00000099311,Mir6244,0,0,0,0,0,0,0,0,0,0,0,0
ENSMUSG00000077796,Gm25562,0,0,0,0,0,0,0,0,0,0,0,0
ENSMUSG00000098847,Gm27235,0,0,0,0,0,0,0,0,0,0,0,0
ENSMUSG00000111561,Gm47957,2,3,3,4,0,2,0,4,2,1,1,1
ENSMUSG00000111780,Gm47960,0,0,0,0,0,0,0,0,0,0,0,0
ENSMUSG00000111520,Gm33125,0,0,0,0,0,0,0,0,0,0,0,0
ENSMUSG00000111112,Gm49389,0,0,1,0,0,0,0,0,0,0,0,0
ENSMUSG00000032108,Pate6,0,0,0,0,0,0,0,0,0,0,0,0
ENSMUSG00000104304,Gm36974,0,0,0,0,0,0,0,0,0,0,0,0
ENSMUSG00000078307,AI593442,0,0,0,0,0,0,0,0,0,0,0,0
ENSMUSG00000111020,Gm1715,0,0,0,0,0,1,0,0,0,0,0,0
ENSMUSG00002076360,#N/A,0,0,0,0,0,0,0,0,0,0,0,0
ENSMUSG00000110833,Gm47981,0,0,0,0,0,0,0,0,0,0,0,0
ENSMUSG00000047980,Pate5,0,0,0,0,0,0,0,0,0,0,0,0
ENSMUSG00000098705,Gm3428,0,0,0,0,0,2,0,0,0,0,0,0
ENSMUSG00000078934,Pate13,0,0,0,0,0,0,0,0,0,0,0,0
ENSMUSG00000099201,Gm27187,0,0,0,0,0,0,0,0,0,0,0,0
ENSMUSG00000111619,Gm48348,0,1,1,0,0,1,1,0,1,0,0,0
ENSMUSG00000091411,Gm5916,0,0,0,0,0,0,0,0,0,0,0,0
ENSMUSG00000098390,Gm3434,0,0,0,0,0,0,0,0,0,0,0,0
ENSMUSG00000053289,Ddx10,4009,4064,3257,3316,2584,3302,2608,3490,3740,3662,3256,2710
ENSMUSG00000111023,Gm48391,0,0,0,0,0,0,0,0,0,0,0,0
ENSMUSG00000111693,Gm47986,10,15,9,8,9,1,8,12,4,4,3,4
ENSMUSG00000066767,Gm3867,0,0,0,0,0,0,0,0,0,0,0,0
ENSMUSG00000032048,4930510E17Rik,0,0,0,0,0,1,0,0,0,0,0,0
ENSMUSG00000111327,Gm48401,0,0,0,0,0,0,0,0,0,0,0,0
ENSMUSG00000110812,Gm48407,0,0,0,0,0,0,0,0,0,0,0,0
ENSMUSG00000023093,Pate12,0,0,0,0,0,0,0,0,0,0,0,0
ENSMUSG00000034584,Exph5,114,122,76,56,32,26,19,46,59,79,44,60
ENSMUSG00000090710,Pate11,0,0,0,0,0,0,0,0,0,0,0,0
ENSMUSG00000098949,Gm27160,0,0,0,0,0,0,0,0,0,0,0,0
ENSMUSG00000074448,Pate9,0,0,0,0,0,0,0,0,0,0,0,0
ENSMUSG00000099274,Gm27218,0,0,0,0,0,0,0,0,0,0,0,0
ENSMUSG00000110880,Gm48431,0,0,0,0,0,0,0,0,0,0,0,0
ENSMUSG00000034487,Poglut3,256,298,177,216,207,151,180,208,259,256,242,214
ENSMUSG00000091248,Pate8,0,0,0,0,0,1,0,0,0,0,0,0
ENSMUSG00000098362,Mir130c,0,0,0,0,0,0,0,0,0,0,0,0
ENSMUSG00000111683,Gm49367,0,0,0,0,0,0,0,0,0,0,0,0
ENSMUSG00000070313,Pate14,0,0,0,0,0,0,0,0,0,0,0,0
ENSMUSG00000005131,4930550C14Rik,7,4,4,8,1,7,6,6,4,5,10,5
ENSMUSG00000098304,1700027I24Rik,0,0,0,0,0,0,0,0,0,0,0,0
ENSMUSG00000111485,Gm48443,0,0,0,0,0,0,0,0,0,0,0,0
ENSMUSG00000032110,Acrv1,0,0,0,0,0,0,0,0,0,0,0,0
ENSMUSG00000034218,Atm,1559,1445,1199,1144,1265,837,512,1099,1228,1366,1582,1508
ENSMUSG00000033577,Myo6,108,104,106,123,84,42,64,68,90,77,44,53
ENSMUSG00000033054,Npat,1743,1800,1400,1425,1149,1093,921,1537,1308,1391,1306,1226
ENSMUSG00000099016,Gm27227,0,0,0,0,0,0,0,0,0,0,0,0
ENSMUSG00000032113,Chek1,730,709,693,693,727,618,681,834,736,645,826,826
ENSMUSG00000032047,Acat1,865,1028,769,831,773,595,820,935,791,701,949,823
ENSMUSG00000032343,Impg1,0,0,0,0,0,0,0,0,0,1,3,0
ENSMUSG00000111267,Gm18292,0,0,0,0,0,0,0,0,0,0,0,0
ENSMUSG00000111510,Gm48387,0,0,0,0,0,0,0,0,0,0,0,0
ENSMUSG00000111717,Gm39380,0,0,0,0,0,0,0,0,0,0,0,0
ENSMUSG00000098685,Gm27224,0,0,0,0,0,0,0,0,0,0,0,0
ENSMUSG00000098935,Gm27225,0,0,0,0,0,0,0,0,0,0,0,0
ENSMUSG00000097655,Gm26713,0,0,0,0,0,0,0,0,0,0,0,0
ENSMUSG00000099085,Gm8151,0,0,0,0,0,0,0,0,0,0,0,0
ENSMUSG00000098429,Gm27226,0,0,0,0,0,0,0,0,0,0,0,0
ENSMUSG00000049511,Htr1b,0,1,1,0,2,0,0,1,0,0,3,0
ENSMUSG00000097466,D430036J16Rik,0,1,0,0,0,0,0,0,0,0,0,0
ENSMUSG00000079225,Gm9531,6,9,9,10,13,36,11,13,7,6,22,3
ENSMUSG00000097241,Gm26907,0,0,0,0,0,0,0,0,0,0,0,0
ENSMUSG00000032030,Cul5,2307,2271,1845,1802,1710,1419,1358,1905,2080,1941,1910,1771
ENSMUSG00000064622,Gm22304,0,0,0,0,0,0,0,0,0,0,0,0
ENSMUSG00000086914,Gm16124,8,8,12,6,4,1,4,14,12,11,7,12
ENSMUSG00000055069,Rab39,0,1,0,0,2,1,1,0,0,0,2,1
ENSMUSG00000082465,Rps6-ps3,1,4,3,3,0,9,3,6,0,2,3,2
ENSMUSG00000043289,Mei4,1,2,1,2,1,1,5,1,0,0,2,0
ENSMUSG00000111084,Gm48292,0,0,0,0,0,0,0,0,0,0,0,0
ENSMUSG00000103536,Gm37837,0,0,0,0,0,0,0,0,0,0,0,0
ENSMUSG00000110748,Gm19228,0,0,0,0,0,0,0,0,0,0,0,0
ENSMUSG00000081273,Gm15896,0,0,0,0,0,1,0,0,0,0,4,0
ENSMUSG00000032116,Stt3a,7467,8420,6424,6628,6962,4300,5777,6588,7211,6514,6549,6173
ENSMUSG00000077415,Gm23748,0,0,0,0,0,0,0,0,0,0,0,0
ENSMUSG00000111697,Gm35548,0,0,0,0,0,0,0,0,0,0,0,0
ENSMUSG00000042195,Slc35f2,707,777,639,611,614,356,597,677,644,652,619,536
ENSMUSG00000099266,1700063H06Rik,0,0,0,0,0,0,0,0,0,0,0,0
ENSMUSG00000089066,Gm22836,0,0,0,0,0,0,0,0,0,0,0,0
ENSMUSG00000088760,Gm24393,0,0,0,0,0,0,0,0,0,0,0,0
ENSMUSG00000042045,Sln,2,0,0,1,0,0,2,0,0,0,0,0
ENSMUSG00000098420,Gm27249,0,0,0,0,0,0,0,0,0,0,0,0
ENSMUSG00000096993,Gm26787,0,0,0,0,1,0,0,0,0,1,0,0
ENSMUSG00000059830,Gm16380,0,0,1,0,2,0,0,0,0,0,0,1
ENSMUSG00000032251,Irak1bp1,101,99,83,69,78,54,80,89,85,79,114,103
ENSMUSG00000041986,Elmod1,0,1,0,0,0,1,0,0,0,0,1,0
ENSMUSG00000074345,Tnfaip8l3,0,0,0,0,1,2,0,0,0,0,0,0
ENSMUSG00000111379,Gm48346,0,0,0,0,0,0,0,0,0,0,0,0
ENSMUSG00000110854,Gm48345,0,0,0,0,0,0,0,0,0,0,0,0
ENSMUSG00000032274,Cyp19a1,0,0,0,0,0,0,0,0,0,0,0,0
ENSMUSG00000074343,Gldnos,0,0,0,0,0,0,0,0,0,0,0,0
ENSMUSG00000046167,Gldn,0,0,1,0,1,5,0,0,0,0,0,0
ENSMUSG00000032253,Phip,1114,1079,887,839,1142,1166,758,1166,794,1146,1558,1306
ENSMUSG00000111839,Gm39383,0,0,0,0,0,0,0,0,0,0,0,0
ENSMUSG00000099188,Gm27248,0,0,0,0,0,0,0,0,0,0,0,0
ENSMUSG00000111774,Gm38398,0,0,0,0,0,0,0,0,0,0,0,0
ENSMUSG00000062762,Ei24,1715,1887,1511,1573,1806,1176,1646,1699,1813,1498,1703,1649
ENSMUSG00000098985,Gm27219,4,3,1,1,1,2,2,3,1,4,3,2
ENSMUSG00000032118,Fez1,0,2,0,2,0,1,1,0,1,2,1,0
ENSMUSG00000066456,Hmgn3,114,107,92,93,143,166,127,124,107,119,135,114
ENSMUSG00000102882,Gm2065,0,0,0,0,0,2,1,0,3,1,0,0
ENSMUSG00000101144,Gm29054,0,0,0,0,0,1,0,1,0,0,0,0
ENSMUSG00000104080,Gm38279,0,0,0,0,0,1,0,0,0,0,0,0
ENSMUSG00000098747,Gm27216,0,0,0,0,0,0,0,0,0,0,0,0
ENSMUSG00000111443,Gm46123,0,0,0,0,0,0,0,0,0,0,0,0
ENSMUSG00000032258,Lca5,22,13,19,28,26,24,17,40,17,18,30,24
ENSMUSG00000058838,Rps27a-ps2,0,0,0,0,0,0,0,0,0,0,0,0
ENSMUSG00000099718,Gm2087,0,1,0,0,1,1,0,0,0,0,0,1
ENSMUSG00000103044,Gm37307,0,0,0,0,0,2,0,0,0,0,0,2
ENSMUSG00000099816,Gm28552,0,0,0,0,0,0,0,0,0,0,0,0
ENSMUSG00000100027,Gm28477,0,0,0,0,0,0,0,0,0,0,0,0
ENSMUSG00000041268,Dmxl2,171,191,224,199,169,132,114,214,150,145,85,62
ENSMUSG00000032261,Sh3bgrl2,5,7,9,8,7,7,3,5,4,3,5,5
ENSMUSG00000110950,Gm39384,0,0,0,0,0,0,0,0,0,0,0,0
ENSMUSG00000111820,Gm36120,0,0,0,0,0,0,0,0,0,0,0,0
ENSMUSG00000035934,Pknox2,2,0,0,1,5,5,0,0,1,1,0,1
ENSMUSG00000100155,Gm2109,0,0,0,0,0,0,0,0,0,0,0,0
ENSMUSG00000046460,Sh2d7,0,0,0,0,0,0,0,0,0,0,0,0
ENSMUSG00002075788,#N/A,0,0,0,0,0,0,0,0,0,0,0,0
ENSMUSG00000093721,Gm3896,0,0,0,0,0,0,0,0,0,0,0,0
ENSMUSG00002076608,#N/A,0,0,0,0,0,0,0,0,0,0,0,0
ENSMUSG00000110722,Gm48716,0,0,0,0,0,0,0,0,0,0,0,0
ENSMUSG00000111254,Gm48717,0,0,0,0,0,0,0,0,0,0,0,0
ENSMUSG00002076938,#N/A,0,0,0,0,0,0,0,0,0,0,0,0
ENSMUSG00000037493,Cib2,8,14,16,15,6,3,12,19,8,10,3,7
ENSMUSG00000032262,Elovl4,50,45,32,41,37,31,41,55,46,54,55,48
ENSMUSG00000032121,Tmem218,14,18,6,19,24,8,16,13,13,13,17,10
ENSMUSG00000032279,Idh3a,2650,2863,2072,2254,2456,1408,2088,2358,2813,2438,2648,2398
ENSMUSG00000038379,Ttk,245,289,289,279,563,345,403,434,238,221,414,387
ENSMUSG00000032281,Acsbg1,139,151,92,99,50,27,69,76,105,83,77,84
ENSMUSG00000110867,Gm7368,0,1,0,0,0,1,0,0,0,1,0,0
ENSMUSG00000111769,Gm36278,0,0,0,0,0,0,0,0,0,2,0,1
ENSMUSG00000032122,Slc37a2,577,653,688,708,439,178,440,530,445,363,188,209
ENSMUSG00000090136,Gm10177,2,0,1,3,3,9,6,2,0,0,0,0
ENSMUSG00000111797,Gm48081,0,0,0,0,0,0,0,0,1,0,0,0
ENSMUSG00000111439,Gm47633,0,0,0,0,1,0,0,0,0,0,0,0
ENSMUSG00000111681,Gm47640,0,0,0,0,0,0,0,0,0,0,0,0
ENSMUSG00000111738,Gm18329,0,0,0,0,0,0,0,0,0,0,0,0
ENSMUSG00000032285,Dnaja4,297,334,195,263,264,169,230,252,277,265,336,334
ENSMUSG00000093441,Mir5710,0,0,0,0,0,0,0,0,0,0,0,0
ENSMUSG00000032263,Bckdhb,20,23,21,21,19,17,26,25,16,17,19,33
ENSMUSG00000119127,#N/A,0,0,0,0,0,0,0,0,0,0,0,0
ENSMUSG00000101077,Gm29164,5,10,5,7,3,0,6,5,15,13,3,9
ENSMUSG00000111757,Gm46124,0,0,0,0,0,0,0,0,0,0,0,0
ENSMUSG00000077666,Gm26146,0,0,0,0,0,0,0,0,0,0,0,0
ENSMUSG00000111616,Gm18487,0,0,0,0,0,0,0,0,0,0,0,0
ENSMUSG00000099927,Gm8226,0,1,1,0,0,1,0,0,0,0,0,1
ENSMUSG00000111245,Gm39388,0,0,0,0,0,0,0,0,0,0,0,0
ENSMUSG00000065122,Gm26126,0,0,0,0,0,0,0,0,0,0,0,0
ENSMUSG00000111770,Gm48811,0,0,0,0,0,0,0,0,0,0,0,0
ENSMUSG00000099724,4930554C24Rik,0,0,0,0,0,1,0,0,0,0,0,0
ENSMUSG00000111500,Gm48820,0,0,0,0,0,0,0,0,0,0,0,0
ENSMUSG00000102064,Gm28625,0,0,0,0,0,0,0,0,0,0,0,0
ENSMUSG00000110783,Gm48821,0,0,0,0,0,0,0,0,0,0,0,0
ENSMUSG00000099779,Gm8228,11,7,3,2,3,0,2,1,7,5,4,9
ENSMUSG00000101673,Gm28070,0,0,0,0,0,0,0,0,0,0,0,0
ENSMUSG00000111281,Gm48830,0,0,0,0,0,0,0,0,0,0,0,0
ENSMUSG00000111822,Gm48831,0,0,0,0,0,0,0,0,0,0,0,0
ENSMUSG00000079433,Gm11114,0,0,0,0,0,1,0,0,1,0,0,0
ENSMUSG00000032265,Tent5a,2536,2604,3002,2949,3847,2813,3323,3823,2685,2369,3696,3359
ENSMUSG00000111840,Gm48832,0,0,0,0,0,0,0,0,0,0,0,0
ENSMUSG00000103368,Gm36927,0,0,0,0,0,0,0,0,0,0,0,0
ENSMUSG00000111663,Gm48833,0,0,0,0,0,0,0,0,0,0,0,0
ENSMUSG00000065274,Gm25125,0,0,0,0,0,0,0,0,0,0,0,0
ENSMUSG00000110956,Gm48834,0,0,0,0,0,0,0,0,0,0,0,0
ENSMUSG00000111386,Gm48842,0,0,0,0,0,0,0,0,0,0,0,0
ENSMUSG00000010066,Cacna2d2,23,20,20,24,28,11,21,20,22,13,20,26
ENSMUSG00000061559,Wdr61,1696,1754,1483,1533,1761,957,1582,1583,1798,1546,1842,1568
ENSMUSG00000032291,Crabp1,0,0,0,0,0,0,0,0,0,0,0,0
ENSMUSG00000091816,Gm17141,0,0,0,0,0,0,0,0,0,0,0,0
ENSMUSG00000111686,Rab7-ps1,5,5,4,9,1,1,5,5,6,5,6,4
ENSMUSG00000034303,Ccdc15,76,64,73,67,99,105,73,106,80,76,107,98
ENSMUSG00000091425,Gm17118,0,0,0,0,0,0,0,0,0,0,0,0
ENSMUSG00000010045,Tmem115,1066,1279,911,971,929,214,1006,981,1069,860,874,765
ENSMUSG00000111421,Gm47643,4,0,0,1,1,6,2,2,1,3,2,0
ENSMUSG00000111748,Gm34885,0,0,0,0,0,0,0,1,0,1,0,0
ENSMUSG00000111481,Gm47652,8,4,3,4,9,8,3,7,3,2,9,10
ENSMUSG00000037190,Cyb561d2,309,359,277,298,308,90,320,261,333,269,275,297
ENSMUSG00000032293,Ireb2,2322,2439,2199,2083,2123,1444,1592,2050,2097,2178,2026,1929
ENSMUSG00000046240,Hepacam,0,0,0,0,0,0,0,0,0,0,0,0
ENSMUSG00000035878,Hykk,0,0,1,2,0,3,0,1,0,0,0,1
ENSMUSG00000044820,AY074887,4,6,3,6,4,48,7,12,1,5,13,2
ENSMUSG00000010057,Nprl2,118,121,103,98,137,78,121,115,102,108,159,172
ENSMUSG00000035941,Ibtk,1893,1995,1637,1661,1767,1115,1219,1685,1602,1586,1793,1665
ENSMUSG00000103715,4933431K14Rik,37,33,28,25,30,9,15,25,26,24,15,29
ENSMUSG00000065706,Gm22830,0,0,0,0,0,0,0,0,0,0,0,0
ENSMUSG00000099980,Gm5619,11,4,6,7,6,1,4,9,14,12,5,9
ENSMUSG00000100019,Gm18766,0,0,0,0,0,0,0,0,0,0,0,0
ENSMUSG00000056031,9330154J02Rik,0,0,1,1,3,2,0,1,1,0,0,2
ENSMUSG00000010044,Zmynd10,4,0,0,3,6,2,5,6,1,0,4,1
ENSMUSG00000035274,Tpbg,74,79,90,100,90,47,46,66,33,45,23,29
ENSMUSG00000110946,Gm47604,0,0,0,0,0,0,0,0,0,0,0,0
ENSMUSG00000102300,Gm34106,4,3,3,2,2,0,2,2,1,1,4,1
ENSMUSG00000111418,Gm18016,0,0,0,0,0,0,0,0,0,0,1,0
ENSMUSG00000032415,Ube2cbp,204,225,181,196,271,106,223,193,253,222,279,228
ENSMUSG00000083731,Gm16202,1,0,1,0,0,1,0,1,0,0,1,0
ENSMUSG00000032301,Psma4,2273,2689,1992,2161,2304,3014,2251,2337,2628,2326,2361,2156
ENSMUSG00000010067,Rassf1,877,970,751,802,850,390,796,844,798,717,882,830
ENSMUSG00000097099,Gm9917,4,0,1,4,4,7,1,0,4,1,5,9
ENSMUSG00000035594,Chrna5,0,1,2,0,0,0,0,0,0,0,0,0
ENSMUSG00000010054,Tusc2,611,701,430,480,500,245,484,538,648,575,464,465
ENSMUSG00000010047,Hyal2,798,874,552,581,659,233,537,561,764,769,675,658
ENSMUSG00000089935,Gm16343,0,0,0,0,0,0,0,0,0,0,1,0
ENSMUSG00000032303,Chrna3,0,0,0,0,0,0,0,0,0,0,0,0
ENSMUSG00000035200,Chrnb4,0,0,0,0,0,0,0,1,0,0,0,0
ENSMUSG00000111050,Gm47877,0,0,0,0,0,0,0,0,0,0,0,0
ENSMUSG00000111750,Gm47886,0,0,0,0,0,0,0,0,0,0,0,0
ENSMUSG00000111157,Gm47887,0,0,0,0,0,0,0,0,0,0,0,0
ENSMUSG00000110793,Gm7395,0,0,0,0,0,0,0,0,0,0,0,0
ENSMUSG00000010051,Hyal1,11,9,6,4,15,6,16,13,11,11,13,15
ENSMUSG00000079334,Naa80,119,98,76,67,97,74,109,124,104,80,127,93
ENSMUSG00000036091,Hyal3,3,9,7,5,2,5,2,4,9,7,5,4
ENSMUSG00000032307,Ube2q2,1720,1832,1381,1457,1098,828,1131,1218,1581,1506,997,1015
ENSMUSG00000032125,Robo4,0,0,0,0,0,1,0,2,0,0,0,0
ENSMUSG00000010048,Ifrd2,2728,2985,2576,2689,2741,1023,2408,2480,2960,2575,2760,2585
ENSMUSG00000034973,Dop1a,676,697,485,494,512,343,322,493,608,545,607,561
ENSMUSG00000103409,Lsmem2,1,0,1,0,0,0,2,0,1,1,1,2
ENSMUSG00000103164,Gm38150,15,13,22,9,12,5,12,18,15,21,15,4
ENSMUSG00000032309,Fbxo22,664,681,570,539,540,371,520,589,603,630,624,578
ENSMUSG00000103731,Gm17530,18,5,9,7,16,1,4,7,8,1,6,6
ENSMUSG00000032311,Nrg4,4,5,5,2,3,3,3,3,4,5,6,11
ENSMUSG00000082744,Gm15625,0,0,0,0,0,2,0,0,0,0,0,0
ENSMUSG00000032128,Robo3,1,4,5,2,3,1,4,3,0,0,5,2
ENSMUSG00000056131,Pgm3,656,710,588,536,517,339,443,549,614,523,496,464
ENSMUSG00000111702,Gm47945,0,0,0,0,0,0,0,0,0,0,0,0
ENSMUSG00000032417,Rwdd2a,6,11,14,12,6,6,11,8,2,7,13,4
ENSMUSG00000032313,Tmem266,1,0,1,0,1,1,0,0,2,1,3,1
ENSMUSG00000042138,Msantd2,327,367,347,286,337,215,305,320,281,231,337,323
ENSMUSG00000110993,Gm47963,29,20,18,17,9,10,3,27,25,19,9,24
ENSMUSG00000032314,Etfa,707,818,581,616,723,379,751,656,725,576,721,734
ENSMUSG00000110926,Gm5917,0,1,0,1,0,0,1,0,0,0,0,0
ENSMUSG00000032418,Me1,26,53,45,61,11,9,37,33,17,19,4,8
ENSMUSG00000102259,Gm38230,0,0,0,0,0,0,0,0,0,0,0,0
ENSMUSG00000087466,A330041J22Rik,0,0,0,0,0,0,1,0,0,0,0,0
ENSMUSG00002075517,#N/A,0,0,0,0,0,0,0,0,0,0,0,0
ENSMUSG00000089373,Gm22138,0,0,0,0,0,0,0,0,0,0,0,0
ENSMUSG00000032318,Isl2,3,1,0,1,3,3,1,0,0,2,1,1
ENSMUSG00000104120,Gm37484,0,0,0,0,0,0,0,0,0,0,0,0
ENSMUSG00000090270,Gm17226,0,0,0,0,0,0,0,0,0,0,0,0
ENSMUSG00000001946,Esam,0,1,0,1,0,0,1,1,1,3,0,1
ENSMUSG00000033491,Prss35,2,4,3,12,1,0,2,1,0,1,1,0
ENSMUSG00000001943,Vsig2,1,0,0,0,0,0,0,0,0,0,1,0
ENSMUSG00000053310,Nrgn,238,237,99,136,161,107,138,117,347,271,230,181
ENSMUSG00000034007,Scaper,160,216,115,126,123,134,102,126,149,141,172,176
ENSMUSG00000064472,Gm23407,1,0,0,0,0,0,0,0,0,0,0,0
ENSMUSG00000111662,Gm7435,0,5,3,1,7,3,1,1,0,1,6,0
ENSMUSG00000001942,Siae,74,83,49,49,56,33,65,57,74,63,82,58
ENSMUSG00000050702,4930563M21Rik,0,0,0,0,0,2,0,0,0,0,0,0
ENSMUSG00000110957,Gm7439,0,0,0,0,0,0,0,0,0,0,0,0
ENSMUSG00000110989,Gm7444,0,0,0,0,0,0,0,0,0,0,0,0
ENSMUSG00000001948,Spa17,5,7,4,2,3,3,6,6,10,3,3,3
ENSMUSG00000032320,Rcn2,1382,1361,1117,1089,973,636,1134,1205,1288,1169,966,999
ENSMUSG00000011114,Tbrg1,2202,2389,1624,1757,1696,918,1774,1711,1918,1732,1861,1746
ENSMUSG00000011118,Panx3,0,0,0,0,0,0,0,0,0,0,0,0
ENSMUSG00000057969,Sema3b,13,17,16,22,21,4,13,17,16,19,5,20
ENSMUSG00000097946,Gm8343,49,78,47,55,38,5,77,54,57,48,32,35
ENSMUSG00000059252,Tpt1-ps5,12,14,10,7,3,4,10,4,7,7,6,4
ENSMUSG00000061165,Olfr160,0,0,0,0,0,0,0,0,0,0,0,0
ENSMUSG00000110526,Olfr151,0,0,0,0,0,0,0,0,0,0,0,0
ENSMUSG00000032322,Pstpip1,1222,1465,956,1102,844,509,942,1142,969,1015,897,801
ENSMUSG00000063350,Olfr874,0,0,0,0,0,0,0,0,0,0,0,0
ENSMUSG00000058628,Olfr875,0,0,0,0,0,0,0,0,0,0,0,0
ENSMUSG00000066750,Olfr876,0,0,0,0,2,0,0,0,0,0,0,0
ENSMUSG00000065620,Gm24764,0,0,0,0,0,0,0,0,0,0,0,0
ENSMUSG00000111310,Gm47005,0,0,0,0,0,0,0,0,0,0,0,0
ENSMUSG00000066749,Olfr877,0,0,0,0,0,0,0,0,0,0,0,0
ENSMUSG00000032562,Gnai2,3903,4254,2848,3293,3114,1873,4102,4447,3556,3284,3548,3127
ENSMUSG00000066748,Olfr145,0,0,0,0,0,1,0,0,0,0,0,0
ENSMUSG00000032324,Tspan3,1417,1748,1110,1146,1394,722,1202,1223,1376,1224,886,943
ENSMUSG00000102324,Gm19721,7,3,3,8,13,12,9,10,4,7,20,12
ENSMUSG00000110680,Gm6796,0,0,0,0,0,0,0,0,0,1,0,0
ENSMUSG00000066747,Olfr878,0,0,0,0,0,0,0,0,0,0,0,0
ENSMUSG00000110675,Olfr879-ps1,0,0,0,0,0,0,0,0,0,0,0,0
ENSMUSG00000110535,Olfr880-ps1,0,0,0,0,0,0,0,0,0,0,0,0
ENSMUSG00000060583,Olfr881,0,0,0,0,0,0,0,0,0,0,0,0
ENSMUSG00000110705,Gm45701,0,0,0,0,0,0,0,0,0,0,0,0
ENSMUSG00000074305,Peak1,1165,1190,922,829,682,536,575,1011,867,778,921,741
ENSMUSG00000110513,Olfr882-ps1,0,0,0,0,0,0,0,0,0,0,0,0
ENSMUSG00002075524,#N/A,0,2,1,0,0,0,1,1,0,0,0,0
ENSMUSG00000099543,Gm29322,1,1,0,0,0,0,0,0,0,0,0,1
ENSMUSG00000097111,Peak1os,0,0,3,0,0,2,0,0,0,2,0,0
ENSMUSG00000094461,Olfr883,0,0,0,0,0,0,0,0,0,0,0,0
ENSMUSG00000102617,Gm37842,0,0,0,0,0,0,0,0,0,0,0,0
ENSMUSG00000102419,Gm36940,1,5,1,0,1,6,1,1,1,1,1,1
ENSMUSG00000095893,Olfr884,0,0,0,0,0,0,0,0,0,0,0,0
ENSMUSG00000096424,Olfr885,0,0,0,0,0,0,0,0,0,0,0,0
ENSMUSG00000110602,Olfr886-ps1,0,1,0,0,0,4,1,0,0,0,0,0
ENSMUSG00000096167,Olfr887,0,0,0,0,0,0,0,0,0,0,0,0
ENSMUSG00000095527,Olfr888,0,0,0,0,0,0,0,0,0,0,0,0
ENSMUSG00000096356,Olfr889,0,0,0,0,0,0,0,0,0,0,0,0
ENSMUSG00000096409,Olfr890,0,0,0,0,0,0,0,0,0,0,0,0
ENSMUSG00000033419,Snap91,0,0,0,0,0,1,0,0,0,0,0,0
ENSMUSG00000045528,Olfr891,0,0,0,0,0,0,0,0,0,0,0,0
ENSMUSG00000098147,Gm17798,2,1,2,2,0,1,2,4,3,1,2,3
ENSMUSG00000110431,Olfr892-ps1,0,0,0,0,0,0,0,0,0,0,0,0
ENSMUSG00000103891,Gm37941,0,0,0,0,0,0,0,0,0,0,0,0
ENSMUSG00000111874,Gm36539,0,0,0,0,0,0,0,0,0,0,0,0
ENSMUSG00000093901,Olfr893,0,0,0,0,1,0,0,0,0,0,0,0
ENSMUSG00000070311,Olfr894,0,0,0,0,0,0,0,0,0,0,0,0
ENSMUSG00000047897,Ripply2,0,0,0,0,0,0,0,0,0,0,0,0
ENSMUSG00000094778,Olfr143,0,0,0,0,0,1,0,0,0,0,1,0
ENSMUSG00000096427,Olfr895,0,0,0,0,0,0,0,0,0,0,0,0
ENSMUSG00000111814,Olfr896-ps1,0,0,0,0,0,0,0,0,0,0,0,0
ENSMUSG00000110881,Olfr897-ps1,0,0,0,0,0,0,0,0,0,0,0,0
ENSMUSG00000058270,Olfr25,0,0,0,0,0,0,0,0,0,0,0,0
ENSMUSG00000094588,Olfr898,0,0,0,0,1,5,0,0,0,0,0,0
ENSMUSG00000049864,Olfr250,0,0,0,0,0,1,0,0,0,0,0,0
ENSMUSG00000032329,Hmg20a,314,341,271,269,330,186,284,326,276,289,326,302
ENSMUSG00000032872,Cyb5r4,961,1044,744,817,798,539,740,793,918,871,732,659
ENSMUSG00000096757,Olfr251,0,0,0,0,0,1,0,0,0,0,0,0
ENSMUSG00000099539,Gm8282,0,0,0,0,0,0,0,0,0,0,0,0
ENSMUSG00000118653,#N/A,8,17,3,5,10,5,7,5,6,8,8,1
ENSMUSG00000111343,Gm47175,1,0,1,0,0,0,0,0,1,1,0,0
ENSMUSG00000049098,Olfr147,0,0,0,0,0,0,0,0,0,0,0,0
ENSMUSG00000110821,Gm47176,0,0,0,0,0,0,0,0,0,0,0,0
ENSMUSG00000111201,Gm47178,0,0,0,0,0,0,0,0,0,0,0,0
ENSMUSG00000097870,Gm26868,0,0,0,0,0,0,0,0,0,0,0,0
ENSMUSG00000052058,Olfr901,0,0,0,0,0,0,0,0,0,0,0,0
ENSMUSG00000049334,Olfr902,0,0,0,0,0,0,0,0,0,0,0,0
ENSMUSG00000111032,Olfr1543-ps1,0,0,1,0,0,3,1,0,0,0,0,1
ENSMUSG00000042761,Mrap2,1,1,0,1,1,0,0,2,0,4,0,0
ENSMUSG00000102830,Gm37012,1,0,1,0,0,0,0,2,0,1,0,0
ENSMUSG00000094380,Olfr904,0,0,0,0,0,2,3,0,0,0,1,0
ENSMUSG00000010064,Slc38a3,2,0,0,1,0,1,1,1,0,0,0,1
ENSMUSG00000096794,Olfr905,0,1,1,0,0,0,0,0,0,1,0,1
ENSMUSG00000039962,Olfr906,0,0,0,0,0,0,0,0,0,0,0,0
ENSMUSG00000094810,Olfr907,0,0,0,0,0,0,0,0,0,0,0,0
ENSMUSG00000077240,Gm23271,0,0,0,0,0,0,0,0,0,0,0,0
ENSMUSG00000110991,Olfr908,0,0,0,0,0,0,0,0,0,0,0,0
ENSMUSG00000049556,Lingo1,6,6,6,10,17,14,8,9,2,6,8,9
ENSMUSG00000111037,Gm47235,0,0,0,0,0,0,0,0,0,0,0,0
ENSMUSG00000062621,Olfr911-ps1,0,0,0,0,0,0,0,0,0,0,0,0
ENSMUSG00000060114,Olfr910,0,0,0,0,0,0,0,0,0,0,0,0
ENSMUSG00000056919,Cep162,276,262,196,224,243,258,149,219,220,238,278,266
ENSMUSG00000045620,Odf3l1,0,0,0,0,0,0,0,0,0,0,0,0
ENSMUSG00000111448,Olfr912,0,0,0,1,0,5,3,0,0,0,1,0
ENSMUSG00002076616,#N/A,0,0,0,0,0,0,0,0,0,0,0,0
ENSMUSG00000099385,Gm9540,0,0,1,1,0,0,0,1,1,0,0,0
ENSMUSG00000102683,Gm37375,0,0,0,0,0,0,0,0,0,0,0,0
ENSMUSG00000059189,Olfr913,0,0,0,0,0,0,0,0,0,0,0,0
ENSMUSG00000032911,Cspg4,6,0,1,0,1,5,0,2,1,1,7,1
ENSMUSG00000047050,Olfr914,0,0,0,0,0,0,0,0,0,0,0,0
ENSMUSG00000110888,Gm47237,0,0,0,0,0,0,0,0,0,0,0,0
ENSMUSG00000057444,Olfr915,0,0,0,0,0,1,0,0,0,0,0,0
ENSMUSG00000032733,Snx33,108,104,90,83,90,53,61,92,103,72,91,113
ENSMUSG00000111629,4930442G15Rik,0,0,0,0,0,0,0,0,0,0,0,0
ENSMUSG00000111700,Gm49385,0,0,0,0,0,2,0,0,0,0,0,0
ENSMUSG00000032419,Tbx18,0,0,0,0,1,3,0,0,0,0,0,0
ENSMUSG00000034837,Gnat1,0,0,0,0,1,0,0,0,0,0,0,0
ENSMUSG00000110930,Gm19936,0,0,0,0,0,0,0,0,0,0,2,0
ENSMUSG00000103710,D030062O11Rik,0,0,0,0,0,0,0,0,0,0,0,0
ENSMUSG00000102375,A930036K24Rik,0,0,0,0,0,0,0,0,0,0,0,0
ENSMUSG00000102684,Gm37374,0,0,0,0,0,0,0,0,0,0,0,0
ENSMUSG00000032288,Imp3,1601,1914,1578,1750,1397,470,1755,1624,1707,1507,1121,1115
ENSMUSG00000102043,Gm9541,0,0,0,0,0,0,0,0,0,0,0,0
ENSMUSG00000118943,#N/A,0,0,0,0,0,0,0,0,0,0,0,0
ENSMUSG00000077553,Gm23176,0,0,0,0,0,0,0,0,0,0,0,0
ENSMUSG00000094701,Olfr916,0,0,0,0,0,0,0,0,0,0,0,0
ENSMUSG00000099584,Gm28877,0,0,0,0,0,0,0,0,0,0,0,0
ENSMUSG00000111406,Gm47449,0,0,0,0,0,0,0,0,0,0,0,0
ENSMUSG00000099886,Gm2324,0,0,0,0,0,0,0,0,0,0,0,0
ENSMUSG00000102075,Gm5368,0,0,0,0,0,0,0,0,0,0,0,0
ENSMUSG00000063225,Olfr917,0,0,0,0,0,0,0,0,0,0,0,0
ENSMUSG00000111031,Gm47458,0,0,0,0,0,0,0,0,0,0,0,0
ENSMUSG00000055334,Snupn,252,304,225,239,264,176,265,238,288,238,245,247
ENSMUSG00000100782,Gm28231,0,0,0,0,0,0,0,0,0,0,0,0
ENSMUSG00000100337,Gm5066,0,0,0,0,0,0,0,0,0,0,1,0
ENSMUSG00000046150,Olfr918,0,0,0,0,0,0,0,0,0,0,0,0
ENSMUSG00000111795,Gm47620,1,0,2,0,1,0,1,0,0,1,2,0
ENSMUSG00000111127,Gm5010,0,0,0,0,0,0,0,0,0,0,0,0
ENSMUSG00000056961,Olfr919,0,0,0,0,0,0,0,0,0,0,0,0
ENSMUSG00000032420,Nt5e,130,128,116,138,159,73,86,107,90,108,109,73
ENSMUSG00000032290,Ptpn9,1337,1449,1083,1086,938,478,940,1125,1111,1092,939,974
ENSMUSG00000074284,Gm10658,7,1,2,1,2,1,2,5,1,3,2,2
ENSMUSG00000023186,Vwa5a,246,274,215,236,147,91,219,285,216,213,164,175
ENSMUSG00000034684,Sema3f,81,81,72,99,57,15,54,61,47,45,34,40
ENSMUSG00000111764,Gm47616,0,0,0,0,0,0,0,0,0,0,0,0
ENSMUSG00000061039,Olfr920,0,2,0,2,0,5,0,4,0,0,3,0
ENSMUSG00000111582,Gm47347,0,0,0,0,0,0,0,0,0,0,0,0
ENSMUSG00000018620,Mmp20,1,0,0,0,1,0,0,1,0,0,0,0
ENSMUSG00000086381,AV064505,0,0,0,0,0,0,0,0,0,0,0,0
ENSMUSG00000110936,Gm19212,0,0,0,0,0,0,0,0,0,0,0,0
ENSMUSG00000049926,Olfr921,0,0,0,0,0,1,0,0,0,0,0,0
ENSMUSG00000111188,Gm19709,0,0,0,0,0,0,0,0,1,0,0,0
ENSMUSG00000043911,Olfr922,0,0,0,0,0,0,0,0,0,0,0,0
ENSMUSG00000018623,Mmp7,0,0,0,0,0,0,0,0,0,0,0,0
ENSMUSG00000110887,Cbx3-ps8,0,0,1,0,0,0,2,0,1,1,0,1
ENSMUSG00000074516,Gm10709,1,5,3,6,0,1,2,0,2,1,2,1
ENSMUSG00000044798,Olfr923,0,0,0,0,0,0,0,0,0,0,0,0
ENSMUSG00000062103,Olfr924,0,0,0,0,0,0,0,0,0,0,0,0
ENSMUSG00000047667,Olfr26,0,0,0,0,0,0,0,0,0,0,0,0
ENSMUSG00000111453,Olfr925-ps1,0,0,0,0,0,0,0,0,0,0,0,0
ENSMUSG00000064333,Olfr926,0,0,0,0,0,0,0,0,0,0,0,0
ENSMUSG00000111420,Olfr927-ps1,0,0,0,0,0,1,0,0,0,0,0,0
ENSMUSG00000111799,Olfr928-ps1,0,0,0,0,0,0,0,0,0,0,0,0
ENSMUSG00000111708,Olfr929-ps1,0,0,0,0,0,0,0,0,0,0,0,0
ENSMUSG00000050912,Tmem123,2659,2954,2470,2300,2337,2312,2381,2766,2545,2484,2463,2240
ENSMUSG00000093615,Mir5618,0,0,0,0,0,3,0,2,1,0,0,0
ENSMUSG00000063221,Olfr930,0,0,0,0,0,0,0,0,0,0,0,0
ENSMUSG00000110964,Gm20953,0,3,0,0,0,0,0,0,0,0,1,0
ENSMUSG00000110792,Olfr931-ps1,0,0,0,0,0,0,0,0,0,0,0,0
ENSMUSG00000110849,CT025680.1,0,0,0,0,0,0,0,0,0,0,0,0
ENSMUSG00000058515,Olfr933,0,0,0,0,0,0,0,0,0,0,0,0
ENSMUSG00000057424,Olfr934,0,0,0,0,0,0,0,0,0,0,0,0
ENSMUSG00000057367,Birc2,795,900,825,784,924,609,698,841,830,787,760,675
ENSMUSG00000059595,Olfr935,0,0,0,0,0,0,0,0,0,0,0,0
ENSMUSG00000058820,Olfr146,0,0,0,0,0,0,0,0,0,0,0,0
ENSMUSG00000095194,Olfr936,0,0,0,0,0,0,0,0,0,0,0,0
ENSMUSG00002076738,#N/A,0,0,0,0,0,0,0,0,0,0,0,0
ENSMUSG00000094182,Olfr937,0,0,0,0,0,0,0,0,0,0,0,0
ENSMUSG00000111684,Gm8543,16,7,5,5,3,0,6,2,15,1,5,3
ENSMUSG00002075940,#N/A,0,0,0,0,0,0,0,0,0,0,0,0
ENSMUSG00000048501,Olfr938,0,0,0,0,0,0,0,0,0,0,0,0
ENSMUSG00000111781,AC073947.1,0,0,0,0,0,2,0,0,0,0,1,0
ENSMUSG00000110897,Gm47085,0,0,0,0,0,0,0,0,0,0,0,0
ENSMUSG00000032000,Birc3,1421,1627,1533,1579,1141,843,1306,1669,1457,1416,1151,1029
ENSMUSG00000111018,Olfr941-ps1,0,0,0,0,0,0,0,0,0,0,0,0
ENSMUSG00000049708,Olfr27,0,0,0,0,0,0,0,0,0,0,0,0
ENSMUSG00000110736,Olfr942-ps1,0,0,0,0,0,0,0,0,0,0,0,0
ENSMUSG00000094970,Olfr943,0,0,0,0,1,0,0,0,0,0,0,0
ENSMUSG00000110875,Gm47100,0,0,0,0,0,0,0,0,0,0,0,0
ENSMUSG00000096555,Olfr944,0,0,0,0,0,0,0,0,0,0,0,0
ENSMUSG00000096109,Olfr1537,0,0,0,0,0,0,0,0,0,0,0,0
ENSMUSG00000063380,Olfr945,0,0,0,0,0,0,0,0,0,0,0,0
ENSMUSG00000111762,Olfr946-ps1,0,0,0,0,0,0,0,0,0,0,0,0
ENSMUSG00000111190,Olfr947-ps1,0,0,0,0,0,0,0,0,0,0,0,0
ENSMUSG00000057349,Olfr948,0,0,0,0,0,0,0,0,0,0,0,0
ENSMUSG00000111622,Gm21041,0,1,0,0,0,0,0,0,0,0,0,0
ENSMUSG00000110780,Olfr949-ps1,0,0,0,0,0,0,0,0,0,0,0,0
ENSMUSG00000111430,Olfr950-ps1,0,0,0,0,0,0,0,0,0,0,0,0
ENSMUSG00000094269,Olfr951,0,0,0,0,0,0,0,0,0,0,0,0
ENSMUSG00000058856,Olfr952,0,0,0,0,0,0,0,0,0,0,0,0
ENSMUSG00000110985,Olfr953-ps1,0,0,0,0,0,0,0,0,0,0,0,0
ENSMUSG00000094745,Olfr954,0,0,0,0,0,0,0,0,0,0,0,0
ENSMUSG00000063176,Olfr955,0,0,0,0,0,0,0,0,0,0,0,0
ENSMUSG00000111687,Olfr956-ps1,0,0,0,0,0,0,0,0,0,0,0,0
ENSMUSG00000062649,Olfr44,0,0,0,0,0,0,0,0,0,0,0,0
ENSMUSG00000095322,Olfr957,0,0,0,0,0,0,0,0,0,0,0,0
ENSMUSG00000077427,Gm24278,0,0,0,0,0,0,0,0,0,0,0,0
ENSMUSG00000050853,Olfr958,0,0,0,0,0,0,0,0,0,0,0,0
ENSMUSG00000059366,Olfr959,0,0,0,0,1,0,0,0,0,0,0,0
ENSMUSG00000032422,Snx14,96,109,88,89,82,95,94,102,96,81,88,98
ENSMUSG00000042557,Sin3a,2003,2078,1649,1640,1905,1641,1494,2125,1959,1849,1842,1694
ENSMUSG00000066443,Gm10163,0,0,0,0,1,0,0,0,0,0,0,0
ENSMUSG00000092541,Gm20537,0,0,0,0,0,0,0,0,0,0,0,0
ENSMUSG00000086728,Man2c1os,16,17,21,21,14,11,4,11,15,25,15,25
ENSMUSG00000101335,Gm28229,57,54,42,50,25,40,59,55,47,76,52,63
ENSMUSG00000053110,Yap1,175,209,126,140,133,78,74,88,125,104,165,157
ENSMUSG00000092185,Gm20416,0,0,0,0,0,0,0,0,0,0,0,0
ENSMUSG00000110161,Gm45494,0,0,2,0,0,0,0,0,0,0,0,0
ENSMUSG00000053070,Cfap300,12,15,12,24,14,5,11,14,11,9,16,10
ENSMUSG00000038112,AW551984,0,0,0,0,0,0,0,0,0,0,0,0
ENSMUSG00000048299,Olfr148,0,0,0,0,0,0,0,0,0,0,0,0
ENSMUSG00000059867,Olfr960,0,0,0,0,0,0,0,0,0,0,0,0
ENSMUSG00000059106,Olfr961,0,0,0,0,0,0,0,0,0,0,0,0
ENSMUSG00000111573,Olfr962-ps1,0,0,0,0,0,0,0,0,0,0,0,0
ENSMUSG00000040729,Cep126,3,3,1,3,3,2,1,2,2,1,5,2
ENSMUSG00000111353,Gm19324,0,0,0,0,0,0,0,0,0,0,0,0
ENSMUSG00000064110,Olfr963,0,0,0,0,0,0,0,0,0,0,0,0
ENSMUSG00000111845,Gm7495,0,0,0,0,0,0,0,0,0,0,0,0
ENSMUSG00000111660,Olfr964-ps1,0,0,0,0,0,0,0,0,0,0,0,0
ENSMUSG00000031998,1700128F08Rik,0,0,0,0,0,0,0,0,0,0,0,0
ENSMUSG00000084747,Mir1899,0,0,0,0,0,0,0,0,0,0,0,0
ENSMUSG00000110828,Gm47517,0,0,0,0,0,0,0,0,0,0,0,0
ENSMUSG00000062121,Olfr149,0,0,0,0,0,0,0,0,0,0,0,0
ENSMUSG00000095839,Olfr965,0,0,0,0,0,0,0,0,0,0,0,0
ENSMUSG00000111305,Olfr966-ps1,0,0,0,0,0,0,0,0,0,0,0,0
ENSMUSG00000094353,Olfr150,0,0,0,0,0,0,0,0,0,0,0,0
ENSMUSG00000055820,Olfr967,0,0,0,0,0,0,0,0,0,0,0,0
ENSMUSG00000095903,Olfr968,0,0,0,0,0,0,0,0,0,0,0,0
ENSMUSG00000094254,Olfr969,0,0,0,0,0,0,0,0,0,0,0,0
ENSMUSG00000095774,Olfr970,0,0,0,0,0,0,0,0,0,0,0,0
ENSMUSG00000111541,Gm47219,0,0,0,0,0,0,0,2,0,0,0,0
ENSMUSG00000031997,Trpc6,0,2,0,0,0,0,0,0,0,0,0,0
ENSMUSG00000111602,Gm32014,0,0,0,0,0,0,0,0,0,0,0,0
ENSMUSG00000093934,Olfr971,0,0,0,0,0,0,0,0,0,0,0,0
ENSMUSG00000094449,Olfr972,0,0,0,0,0,0,0,0,0,0,0,0
ENSMUSG00000095390,Olfr229,0,0,0,0,0,0,0,0,0,0,0,0
ENSMUSG00000111154,Gm47229,0,0,0,0,0,0,0,0,0,0,0,0
ENSMUSG00000051493,Olfr974,0,0,0,0,0,0,0,0,0,0,0,0
ENSMUSG00000043331,Olfr975,0,0,0,0,0,0,0,0,0,0,0,0
ENSMUSG00000047352,Olfr976,0,0,0,0,0,0,0,0,0,0,0,0
ENSMUSG00000111073,Olfr977-ps1,0,0,0,0,0,2,0,0,0,0,0,0
ENSMUSG00000031870,Pgr,0,0,0,0,0,0,0,0,0,0,0,0
ENSMUSG00000078117,Gm16485,0,0,0,0,0,0,0,0,0,0,0,0
ENSMUSG00000044292,Olfr978,0,0,0,0,0,0,0,0,0,0,0,0
ENSMUSG00000059473,Olfr979,0,0,0,0,0,0,0,0,0,0,0,0
ENSMUSG00000060254,Olfr980,0,0,0,0,0,0,0,0,0,0,0,0
ENSMUSG00000046678,Olfr981,0,0,0,0,0,0,0,0,0,0,0,0
ENSMUSG00000111553,Gm18892,0,0,0,0,0,0,0,0,0,0,0,0
ENSMUSG00000101963,1700001J11Rik,0,0,1,0,0,1,0,0,0,0,0,0
ENSMUSG00000049010,Olfr982,0,0,0,0,0,0,0,0,0,0,0,1
ENSMUSG00000044205,Olfr983,0,0,0,0,0,0,0,0,0,0,0,0
ENSMUSG00000050730,Arhgap42,0,2,0,0,0,2,0,1,1,0,0,0
ENSMUSG00000085253,Gm16833,0,0,0,0,0,0,0,0,0,0,0,0
ENSMUSG00000088076,Gm22815,0,0,0,0,0,0,0,0,0,0,0,0
ENSMUSG00000045812,Olfr984,0,0,0,0,0,4,0,0,0,0,0,0
ENSMUSG00000111061,Gm46102,0,0,0,0,0,0,0,0,0,0,0,0
ENSMUSG00000111317,Gm47333,0,0,0,0,0,0,0,1,0,0,0,0
ENSMUSG00000111284,Gm47334,0,0,0,0,0,0,0,0,0,0,0,0
ENSMUSG00000049073,Olfr985,0,0,0,0,0,0,0,0,0,0,0,0
ENSMUSG00000040541,Tmem225,0,0,0,0,0,0,0,0,0,0,0,0
ENSMUSG00000051095,Olfr986,0,0,0,0,0,0,0,0,0,0,0,0
ENSMUSG00000025602,Zfp202,302,355,236,246,214,156,195,195,276,276,226,240
ENSMUSG00000039488,Cntn5,0,0,0,0,0,0,0,0,0,0,0,0
ENSMUSG00002076376,#N/A,0,0,0,0,0,0,0,0,0,0,0,0
ENSMUSG00000098408,Mir6237,0,0,0,0,0,0,0,0,0,0,0,0
ENSMUSG00002076070,#N/A,0,0,0,0,0,0,0,0,0,0,0,0
ENSMUSG00002076846,#N/A,0,0,0,0,0,0,0,0,0,0,0,0
ENSMUSG00000111648,Gm46103,0,0,0,0,0,0,0,0,0,0,0,0
ENSMUSG00000111209,Gm7529,7,3,2,1,0,4,0,0,3,4,3,2
ENSMUSG00000109590,Gm32710,0,0,0,0,0,0,0,0,0,0,0,0
ENSMUSG00000111568,Gm18488,0,0,0,0,0,0,0,0,0,0,0,0
ENSMUSG00000110951,Gm47001,0,0,0,0,0,0,0,0,0,0,0,0
ENSMUSG00000111691,Gm47002,0,0,0,0,0,0,0,0,0,0,0,0
ENSMUSG00000110942,Gm47029,0,0,0,0,0,1,0,0,0,0,0,0
ENSMUSG00000110734,Gm18934,0,0,0,0,0,0,0,0,0,0,0,0
ENSMUSG00000111503,Gm47034,0,0,0,0,0,0,0,0,0,0,0,0
ENSMUSG00000110858,Gm18160,0,0,0,0,0,0,0,0,0,0,0,0
ENSMUSG00000111458,Gm47035,0,0,0,0,0,0,0,0,0,0,0,0
ENSMUSG00000111111,Gm47037,0,0,0,0,0,0,0,0,0,0,0,0
ENSMUSG00000111810,Gm29785,0,0,0,0,0,0,0,0,0,0,0,0
ENSMUSG00002074896,#N/A,0,0,0,0,0,0,0,0,0,0,0,0
ENSMUSG00000111552,Gm7570,0,0,0,0,0,0,0,0,0,0,0,0
ENSMUSG00000098228,Gm21070,0,1,1,0,0,0,0,1,1,2,0,4
ENSMUSG00000032580,Rbm5,2858,2858,2237,2226,2261,2001,1812,2369,2505,2232,2645,2167
ENSMUSG00000102899,Gm37850,0,0,0,0,0,0,0,0,0,0,0,0
ENSMUSG00000032295,Man2c1,712,664,634,595,635,255,581,711,681,575,692,716
ENSMUSG00000049281,Scn3b,0,1,1,2,0,1,1,1,0,1,0,2
ENSMUSG00000111509,Gm47266,0,0,0,0,0,0,0,0,0,1,0,0
ENSMUSG00000031925,Maml2,1294,1470,1446,1453,769,586,917,1406,1061,1207,550,535
ENSMUSG00002075655,#N/A,0,0,0,0,0,0,0,0,0,0,0,0
ENSMUSG00000111698,Gm47105,0,0,0,0,0,0,0,0,0,0,0,0
ENSMUSG00000032298,Neil1,73,89,48,52,64,23,54,61,67,49,107,103
ENSMUSG00000032299,Commd4,370,420,333,361,363,97,383,374,379,302,325,313
ENSMUSG00000100282,1700041C23Rik,0,0,0,0,0,0,0,0,0,0,0,0
ENSMUSG00000032582,Rbm6,1916,1994,1666,1650,1700,1596,1427,1792,1757,1653,1907,1688
ENSMUSG00000102670,Gm37436,3,1,8,1,1,5,2,1,4,1,1,2
ENSMUSG00000031918,Mtmr2,1376,1457,1212,1219,1124,822,946,1307,1346,1244,1074,1022
ENSMUSG00000070298,Trcg1,0,0,0,0,0,0,0,0,0,0,0,0
ENSMUSG00000032583,Mon1a,265,330,205,223,240,96,183,228,284,218,262,193
ENSMUSG00000089005,Gm23856,0,0,0,0,0,0,0,0,0,0,0,0
ENSMUSG00000032423,Syncrip,10307,9740,8219,7842,8157,8643,7328,8808,9572,9740,9936,8829
ENSMUSG00000032300,1700017B05Rik,1659,1792,1056,1072,1412,548,1036,1250,1412,1259,1913,1793
ENSMUSG00000111457,Gm18996,0,1,0,0,0,0,0,0,0,0,0,0
ENSMUSG00000066626,Gm5121,3,1,1,1,2,1,0,3,1,0,2,0
ENSMUSG00000032584,Mst1r,134,151,117,181,59,21,111,115,78,77,17,26
ENSMUSG00000066368,Actl11,1,0,0,0,0,0,0,0,0,0,0,0
ENSMUSG00000102377,Gm37974,0,0,0,0,0,0,0,0,0,0,0,0
ENSMUSG00000032936,Camkv,16,17,12,7,12,1,9,6,17,14,15,15
ENSMUSG00000097195,Snhg5,1651,1911,1729,1648,1891,1483,1821,1797,1831,1616,1770,1545
ENSMUSG00000119666,#N/A,0,0,0,0,0,0,0,0,0,0,0,0
ENSMUSG00000119432,#N/A,0,0,0,0,0,0,0,0,0,0,0,0
ENSMUSG00000084703,Gm22985,0,0,0,0,0,0,0,0,0,0,0,0
ENSMUSG00000032586,Traip,326,313,376,334,456,264,528,633,276,247,378,345
ENSMUSG00000063849,Ppcdc,294,359,306,349,372,141,290,263,278,268,313,304
ENSMUSG00000032425,Zfp949,24,50,25,41,22,23,36,37,21,34,34,31
ENSMUSG00000092805,Gm26461,0,1,0,0,0,39,0,0,0,0,6,0
ENSMUSG00000090693,Trim43a,0,0,0,0,0,0,0,0,1,0,0,0
ENSMUSG00000097073,9430037G07Rik,3,1,2,4,4,5,5,6,0,2,3,3
ENSMUSG00000099389,Gm29603,0,0,0,0,0,0,0,0,0,0,0,0
ENSMUSG00000119485,#N/A,0,0,0,0,0,0,0,0,0,0,0,0
ENSMUSG00000103967,Gm38214,0,3,0,0,0,1,1,0,0,0,1,3
ENSMUSG00000102533,Gm37226,1,1,2,3,5,2,0,1,4,0,2,1
ENSMUSG00000040722,Scamp5,7,4,4,9,6,3,1,5,2,5,6,3
ENSMUSG00000111380,D9Wsu149,0,2,3,5,4,1,3,4,0,2,0,1
ENSMUSG00000111414,Gm18103,0,0,0,0,0,1,1,0,0,1,0,1
ENSMUSG00000074280,Gm6166,19,8,13,7,4,7,7,7,20,19,11,28
ENSMUSG00000062309,Rpp25,31,37,24,41,42,26,40,35,29,30,56,52
ENSMUSG00000079427,Mthfsl,64,76,69,66,64,29,57,67,71,51,52,56
ENSMUSG00000000088,Cox5a,2260,2535,1939,2066,2213,906,2432,1953,2319,2006,2006,1961
ENSMUSG00000097445,Gm26631,2,6,5,5,1,1,1,3,5,2,3,3
ENSMUSG00000074149,Gm10634,0,0,0,0,0,0,0,0,0,0,0,1
ENSMUSG00000040111,Gramd1b,13765,13907,14757,14418,12502,7794,9952,13987,14047,13050,10874,10098
ENSMUSG00000099974,Bcl2a1d,243,304,284,303,290,240,243,264,259,222,196,164
ENSMUSG00000103165,Gm37560,1,0,1,0,0,0,0,0,0,0,0,0
ENSMUSG00000077258,Gm26082,0,0,0,0,0,0,0,0,0,0,0,0
ENSMUSG00000103837,Gm37614,0,0,0,0,0,0,0,0,0,0,0,0
ENSMUSG00000101698,Gm29562,0,0,0,0,0,0,0,0,0,0,0,0
ENSMUSG00000087047,1700110K17Rik,2,0,1,0,4,6,3,0,6,3,2,3
ENSMUSG00000111323,Gm48129,0,2,3,2,1,2,0,8,3,7,1,0
ENSMUSG00000111271,Gm48127,9,3,11,4,3,1,1,12,2,5,3,0
ENSMUSG00000032305,Fam219b,436,414,319,343,399,139,289,357,380,369,356,394
ENSMUSG00000110928,Gm48114,37,62,79,68,71,78,129,100,78,67,95,63
ENSMUSG00000111515,Gm5055,2,0,1,0,1,0,0,1,0,0,2,0
ENSMUSG00000097205,Gm17540,0,0,0,0,0,0,0,0,0,0,1,0
ENSMUSG00000110922,Gm35177,0,0,0,0,0,0,0,0,0,0,0,0
ENSMUSG00000111858,Gm48277,0,0,0,0,0,0,0,0,0,0,0,0
ENSMUSG00000111504,Gm48284,0,0,0,0,0,3,1,0,0,0,0,0
ENSMUSG00000110992,Gm35371,0,0,0,0,0,2,0,0,0,0,0,0
ENSMUSG00000094204,Gm21915,0,0,0,0,0,0,0,0,0,0,1,0
ENSMUSG00000067399,Trim43c,0,0,0,0,0,0,0,0,0,0,0,0
ENSMUSG00000111801,Gm48288,0,0,0,0,0,0,0,0,0,0,0,0
ENSMUSG00000031922,Cep57,548,602,532,496,716,602,595,563,539,529,731,638
ENSMUSG00000032024,Clmp,1,0,0,3,0,1,1,0,3,1,0,0
ENSMUSG00000111794,Gm48294,0,0,0,0,2,0,0,0,0,0,0,0
ENSMUSG00000032306,Mpi,118,147,117,120,180,70,110,108,139,112,209,178
ENSMUSG00000086014,Gm16095,0,0,0,0,0,0,0,0,0,0,0,0
ENSMUSG00000111189,Gm48293,0,1,0,1,1,2,0,3,1,0,1,1
ENSMUSG00000097177,9330159M07Rik,6,1,4,3,7,8,3,3,3,4,8,6
ENSMUSG00000101865,Gm9775,0,0,0,0,0,0,0,0,0,0,0,0
ENSMUSG00000087135,Gm16096,0,0,0,0,0,0,0,0,0,0,0,0
ENSMUSG00000119491,#N/A,0,0,0,0,0,0,0,0,0,0,0,0
ENSMUSG00000097677,Gm26611,0,0,0,0,0,0,0,0,0,0,0,1
ENSMUSG00000099930,Gm2396,1,0,0,0,0,2,0,0,0,0,0,0
ENSMUSG00000077554,Gm23707,0,0,0,0,0,0,0,0,0,0,0,0
ENSMUSG00000102037,Bcl2a1a,2,1,1,2,2,1,1,1,3,0,0,1
ENSMUSG00000103581,Gm37833,0,0,0,0,0,0,0,0,0,0,0,0
ENSMUSG00000103336,Gm37993,0,0,0,0,0,0,0,0,0,0,0,0
ENSMUSG00000118728,#N/A,0,0,0,0,0,0,0,0,0,0,0,0
ENSMUSG00000100602,Gm19498,0,0,0,0,0,0,0,0,0,0,0,0
ENSMUSG00000040188,Scamp2,2227,2502,1752,1801,1712,526,1881,1803,2129,1994,1547,1517
ENSMUSG00000037808,Fam76b,936,994,878,789,880,837,753,867,935,898,1008,897
ENSMUSG00000079162,Trim43b,0,0,0,0,0,0,0,0,0,1,0,0
ENSMUSG00000015656,Hspa8,21193,21119,16186,17348,21765,22342,17388,22588,22099,19099,27567,23053
ENSMUSG00000111012,Gm7588,4,16,12,12,10,3,13,17,6,5,14,4
ENSMUSG00000111100,Gm47535,0,0,0,0,0,0,0,0,0,0,0,0
ENSMUSG00000119805,#N/A,0,0,0,0,0,0,0,0,0,0,0,0
ENSMUSG00000111871,Gm47557,0,0,0,0,0,0,0,0,0,0,0,0
ENSMUSG00000118706,#N/A,0,0,0,0,0,0,0,0,0,0,0,0
ENSMUSG00002076818,#N/A,0,0,0,0,0,0,0,0,0,0,0,0
ENSMUSG00000110982,Gm48565,0,1,1,1,0,0,0,0,0,0,0,1
ENSMUSG00000111489,1700019J19Rik,0,0,1,0,0,2,0,1,0,1,0,1
ENSMUSG00000111479,Gm47559,0,0,0,0,0,0,0,0,0,0,0,0
ENSMUSG00000054360,Bsx,0,0,0,0,0,5,0,0,0,0,0,1
ENSMUSG00000111803,Gm47564,0,0,0,0,0,0,0,0,0,0,0,0
ENSMUSG00000111695,Gm47565,0,0,0,0,0,0,0,0,0,0,0,0
ENSMUSG00000111097,Gm34069,0,0,0,0,0,0,0,1,1,0,0,0
ENSMUSG00000074146,4930579C12Rik,0,0,0,0,0,1,1,2,0,2,0,0
ENSMUSG00000032023,Jhy,0,1,0,0,0,0,0,0,0,1,0,0
ENSMUSG00000111346,Gm18586,0,0,0,0,0,0,0,0,0,0,0,0
ENSMUSG00000077465,Gm26423,0,0,0,0,0,0,0,0,0,0,0,0
ENSMUSG00000032308,Ulk3,214,226,198,195,205,89,178,202,214,180,244,211
ENSMUSG00000089929,Bcl2a1b,399,477,436,489,462,456,474,502,416,411,396,346
ENSMUSG00000100838,Gm29094,0,0,0,0,0,0,0,0,0,0,0,0
ENSMUSG00000039714,Cplx3,1,0,2,0,0,2,0,0,1,1,0,0
ENSMUSG00000032596,Uba7,281,307,199,281,199,71,269,296,265,261,268,249
ENSMUSG00000066442,Mthfs,18,28,11,19,21,16,19,17,17,17,10,12
ENSMUSG00000103247,Gm38091,0,0,0,3,0,0,0,0,0,0,0,0
ENSMUSG00000111806,Gm47403,0,0,0,0,0,0,0,0,0,0,0,0
ENSMUSG00000056271,Lman1l,5,7,9,6,4,2,2,7,4,8,4,2
ENSMUSG00000032009,Sesn3,1575,1649,1907,1855,2110,1550,1369,1982,1799,1651,2542,2214
ENSMUSG00000032021,Crtam,9061,10068,8272,8371,6270,3712,6761,7211,7990,7032,3853,3791
ENSMUSG00000111555,Gm47326,0,0,0,0,0,0,0,0,0,0,0,0
ENSMUSG00000079323,Gm20661,0,0,1,3,2,0,0,2,0,0,0,0
ENSMUSG00000042106,Inka1,19,35,29,24,24,5,14,23,27,17,22,19
ENSMUSG00000039313,Minar1,1,0,1,0,1,3,0,0,2,0,0,0
ENSMUSG00000037419,Endod1,825,845,666,648,640,311,590,705,1031,880,454,481
ENSMUSG00002075421,#N/A,2,0,0,0,0,0,0,0,0,0,0,0
ENSMUSG00000111274,Gm47409,0,0,0,0,0,0,0,0,0,0,0,0
ENSMUSG00000111451,Gm47321,0,0,0,0,0,0,0,3,1,4,1,1
ENSMUSG00000093749,4921523L03Rik,0,0,0,0,0,0,0,0,0,0,0,0
ENSMUSG00000111569,Gm47410,0,0,0,0,0,0,0,0,0,0,0,0
ENSMUSG00000111786,Gm47319,0,0,0,0,0,0,0,0,0,0,0,0
ENSMUSG00000111426,Gm47318,0,0,0,0,0,0,0,0,0,0,0,0
ENSMUSG00000111252,Gm47317,0,0,0,0,0,0,0,0,0,0,0,0
ENSMUSG00000098832,Kdm4dl,0,0,0,0,0,0,0,0,0,1,0,0
ENSMUSG00000032353,Tmed3,570,630,475,495,613,238,541,464,637,551,632,618
ENSMUSG00000053914,Kdm4d,1,3,5,4,1,1,4,2,1,3,5,3
ENSMUSG00000047606,Ankrd34c,3,0,0,0,0,1,0,0,1,0,0,0
ENSMUSG00000100523,Gm29608,1,0,0,0,1,0,0,0,0,0,0,0
ENSMUSG00000065596,Mir184,0,0,0,0,0,0,0,0,0,0,0,0
ENSMUSG00000098727,1700017I07Rik,0,0,0,0,0,0,0,0,0,0,0,0
ENSMUSG00000098627,4930524O08Rik,0,0,0,0,0,3,0,0,0,0,0,0
ENSMUSG00000004096,Cwc15,1424,1623,1289,1472,1304,1331,1621,1885,1491,1297,1490,1118
ENSMUSG00000111612,Gm47090,0,0,0,0,0,0,0,0,0,0,0,0
ENSMUSG00000013076,Amotl1,22,23,21,20,22,7,15,8,19,13,20,6
ENSMUSG00000111540,4930584E12Rik,0,0,0,0,0,0,0,0,0,0,0,0
ENSMUSG00000032595,Cdhr4,0,0,0,1,0,0,1,1,1,0,0,0
ENSMUSG00000111198,Gm34263,0,0,0,0,0,0,0,0,0,0,0,0
ENSMUSG00000111085,Gm7607,0,0,0,0,0,0,0,0,0,0,0,0
ENSMUSG00000111330,Gm19790,1,0,0,0,0,0,0,0,1,0,0,0
ENSMUSG00000111483,Gm18997,0,0,0,0,0,0,0,0,0,0,0,0
ENSMUSG00000093456,Gm20662,0,0,0,0,0,0,0,0,0,0,0,0
ENSMUSG00000093619,4930535L15Rik,0,0,0,0,0,0,0,0,0,0,0,0
ENSMUSG00000032020,Ubash3b,2544,2936,2566,2579,2135,1006,1974,2181,2580,2418,1417,1312
ENSMUSG00000110914,Gm48611,2,1,15,4,4,7,1,11,6,4,2,10
ENSMUSG00000110747,Gm35657,1,3,1,1,4,0,0,1,0,2,0,0
ENSMUSG00000111337,Gm6885,0,0,0,0,0,1,0,0,0,2,0,0
ENSMUSG00000032356,Rasgrf1,1,4,4,8,2,4,6,1,2,0,1,2
ENSMUSG00002075791,#N/A,0,0,0,0,0,0,0,0,0,0,0,0
ENSMUSG00000100060,Gm17944,0,0,0,0,0,0,0,0,0,0,0,0
ENSMUSG00000100837,1700063D05Rik,0,0,1,1,0,0,0,0,0,0,0,0
ENSMUSG00000111308,Gm48710,0,5,1,4,3,0,0,2,3,1,0,0
ENSMUSG00000036912,Piwil4,1,4,1,6,6,0,2,2,5,1,0,1
ENSMUSG00000032312,Csk,6347,6328,4296,4326,4977,1974,4583,4990,6050,5354,5651,5217
ENSMUSG00000074508,Gm10706,0,0,0,0,0,1,0,0,0,0,0,0
ENSMUSG00000032594,Ip6k1,567,636,497,477,581,197,569,595,529,469,495,466
ENSMUSG00000102540,Gm38134,0,0,0,0,0,0,0,0,0,0,0,0
ENSMUSG00000082564,Gm15586,0,0,0,0,0,0,0,0,0,0,0,0
ENSMUSG00000049307,Fut4,260,307,269,245,378,171,249,295,321,277,282,267
ENSMUSG00000032310,Cyp1a2,0,0,0,0,0,0,0,0,0,0,0,0
ENSMUSG00000031927,1700012B09Rik,24,40,37,53,17,11,23,15,15,11,5,14
ENSMUSG00000031931,Ankrd49,896,943,806,856,940,690,739,859,932,901,989,894
ENSMUSG00000070284,Gmppb,1061,1209,811,952,748,213,755,795,884,821,651,596
ENSMUSG00000074415,Mir100hg,0,0,1,1,1,4,0,2,0,0,1,0
ENSMUSG00000064909,Gm25401,0,0,0,0,0,0,0,0,0,0,0,0
ENSMUSG00000111593,Gm48742,0,0,0,0,0,4,0,0,0,0,0,0
ENSMUSG00000032359,Ctsh,0,1,1,1,0,0,2,0,3,3,0,1
ENSMUSG00000110885,Gm48739,0,0,0,0,0,0,0,0,0,0,0,0
ENSMUSG00000111462,Gm49317,0,0,0,0,0,0,0,0,0,0,0,0
ENSMUSG00000032315,Cyp1a1,22,30,16,15,9,2,14,18,18,33,1,3
ENSMUSG00000110801,Gm48736,0,0,0,0,0,0,0,0,0,0,0,0
ENSMUSG00000093011,Mir100,0,0,0,0,0,0,0,0,0,0,0,0
ENSMUSG00000092770,Mirlet7a-2,0,0,0,0,0,0,0,0,0,0,0,0
ENSMUSG00000111854,Gm48740,0,0,0,0,1,0,0,0,0,0,0,0
ENSMUSG00000100158,Gm28119,0,0,0,0,0,0,0,0,0,0,0,0
ENSMUSG00000093354,Mir125b-1,0,0,0,0,0,0,0,0,0,0,0,0
ENSMUSG00000111107,Gm48737,0,0,0,0,0,0,0,0,0,0,0,0
ENSMUSG00000098093,Gm8707,0,0,0,0,0,0,0,0,0,0,0,0
ENSMUSG00000110727,Gm48784,0,0,0,0,0,0,0,0,0,0,0,0
ENSMUSG00000110862,Gm35835,0,0,0,0,0,1,1,0,0,0,0,0
ENSMUSG00000111511,AC160966.1,0,0,0,0,0,0,0,0,0,0,0,0
ENSMUSG00000110981,Gm35940,0,0,0,0,0,0,0,0,0,0,0,0
ENSMUSG00000111156,Gm48814,0,0,0,0,0,0,0,0,0,0,0,0
ENSMUSG00000038957,Edc3,1168,1233,955,1026,1019,407,796,1002,1129,1050,918,894
ENSMUSG00000111726,Gm40513,0,0,0,0,0,0,0,0,0,0,0,0
ENSMUSG00000049313,Sorl1,664,660,442,489,505,279,364,538,591,510,660,693
ENSMUSG00000086360,Gm16214,1,0,0,0,0,0,0,0,0,0,0,0
ENSMUSG00000111167,Gm39321,0,0,0,0,0,0,0,0,0,0,0,0
ENSMUSG00000111767,4930546K05Rik,0,0,0,0,0,0,0,1,0,0,0,1
ENSMUSG00000032018,Sc5d,1023,1208,940,976,668,542,906,962,968,910,726,682
ENSMUSG00000111074,Gm36435,0,0,0,0,0,0,0,0,0,0,0,0
ENSMUSG00000119090,#N/A,0,0,0,0,0,0,0,0,0,0,0,0
ENSMUSG00000031928,Mre11a,1376,1442,1114,1157,1307,842,1003,1176,1351,1199,1335,1234
ENSMUSG00000111817,Gm47154,0,0,0,0,0,0,0,0,0,0,0,0
ENSMUSG00000059658,Gm16379,2,2,4,4,2,0,4,1,13,8,4,2
ENSMUSG00000090023,Gm16302,4,3,2,2,1,0,1,3,3,2,3,1
ENSMUSG00000032316,Clk3,1607,1689,1340,1322,1616,977,1162,1348,1619,1354,1672,1481
ENSMUSG00000062270,Morf4l1,540,603,467,466,491,222,488,471,502,500,482,427
ENSMUSG00000096647,Gm6223,1,1,0,6,1,0,0,2,1,2,0,0
ENSMUSG00000104263,9430062P05Rik,0,0,0,0,0,0,0,0,0,0,0,0
ENSMUSG00000091908,Gm17231,3,1,1,3,0,0,2,3,2,6,2,4
ENSMUSG00000031932,Gpr83,68,52,52,38,74,38,61,42,53,54,46,46
ENSMUSG00000037705,Tecta,0,0,0,1,0,0,0,1,0,0,0,0
ENSMUSG00000110937,Gm47629,0,0,0,0,0,0,0,0,0,0,0,0
ENSMUSG00000031933,Izumo1r,700,940,555,681,683,361,757,638,792,742,567,556
ENSMUSG00000110995,Gm18789,0,0,0,0,0,0,0,0,0,0,0,0
ENSMUSG00000110766,Gm47214,0,0,0,0,0,0,0,1,0,0,0,0
ENSMUSG00000004661,Arid3b,558,570,391,429,282,180,310,471,369,377,364,319
ENSMUSG00000031934,Panx1,790,884,741,796,683,292,666,687,674,627,530,566
ENSMUSG00000031936,Hephl1,0,0,2,0,0,1,0,0,0,0,0,0
ENSMUSG00000037287,Tbcel,921,929,725,709,779,403,571,678,816,749,854,694
ENSMUSG00002076491,#N/A,0,0,0,0,0,0,0,0,0,0,0,0
ENSMUSG00000087456,Gm16322,0,0,0,0,0,0,0,0,0,0,0,0
ENSMUSG00000032017,Grik4,3,1,2,0,0,10,0,0,1,0,1,0
ENSMUSG00002076682,#N/A,0,0,0,0,0,0,0,0,0,0,0,0
ENSMUSG00002076740,#N/A,0,0,0,0,0,0,0,0,0,0,0,0
ENSMUSG00000110749,Gm47931,0,0,0,0,0,0,0,0,0,0,0,0
ENSMUSG00000055720,Ubl7,2180,2423,1821,1994,1638,738,1789,1935,1799,1566,1173,1163
ENSMUSG00000038264,Sema7a,7064,7319,5116,5282,3218,1153,3369,4205,4602,4276,2841,2572
ENSMUSG00000097604,Gm17322,311,379,178,161,121,62,130,151,224,176,103,103
ENSMUSG00000032363,Adamts7,0,0,0,1,0,4,0,0,0,0,0,0
ENSMUSG00000032323,Cyp11a1,51,69,39,32,62,19,48,58,44,29,55,42
ENSMUSG00000037410,Tbc1d2b,1139,1219,932,916,970,486,819,1039,1137,1060,1121,1088
ENSMUSG00000081520,Gm16200,2,9,3,1,6,3,1,4,2,6,4,3
ENSMUSG00000111666,Gm30849,0,0,0,0,0,0,0,0,0,0,0,0
ENSMUSG00000084652,Gm22717,0,0,0,0,0,0,0,0,0,0,0,0
ENSMUSG00000065881,Gm22866,0,0,0,0,0,0,0,0,0,0,0,0
ENSMUSG00000099366,Gm2497,0,0,0,0,0,0,0,0,0,0,0,0
ENSMUSG00000059495,Arhgef12,1463,1493,1146,1016,999,636,697,1105,1171,1165,961,978
ENSMUSG00000101938,Gm29605,0,0,0,0,0,0,0,0,0,0,0,0
ENSMUSG00000100663,Gm29604,0,0,0,0,0,0,0,0,0,0,0,0
ENSMUSG00000111133,Gm5831,0,5,0,0,0,0,1,0,0,2,1,0
ENSMUSG00000099512,Gm28703,0,0,0,0,0,0,0,0,0,0,0,0
ENSMUSG00000103547,Gm37665,0,0,0,0,0,0,0,0,0,0,0,0
ENSMUSG00000102076,Gm20561,0,0,0,0,0,0,0,0,0,0,0,0
ENSMUSG00000099406,Gm29408,0,0,0,0,0,0,0,0,0,0,0,0
ENSMUSG00000056904,Gm5620,48,17,8,6,12,55,18,15,32,33,36,31
ENSMUSG00000103938,Gm36960,0,0,0,0,0,0,0,0,0,0,0,0
ENSMUSG00000100568,Gm29602,0,0,0,0,0,0,0,0,0,0,0,0
ENSMUSG00000102814,Gm37812,0,0,0,0,0,0,0,0,0,0,0,0
ENSMUSG00000111210,Gm18378,0,0,0,0,0,0,0,0,1,0,0,0
ENSMUSG00000104286,Gm37457,0,0,0,0,0,0,0,0,0,0,0,0
ENSMUSG00000102568,Gm37040,0,0,0,0,0,0,0,0,0,0,0,0
ENSMUSG00000048503,Tmem136,7,9,7,14,15,6,11,15,9,20,12,11
ENSMUSG00000101608,Gm28652,0,0,0,0,0,0,0,0,2,1,0,0
ENSMUSG00000102406,A730094K22Rik,0,0,0,0,0,0,0,0,0,0,0,0
ENSMUSG00000032368,Zic1,0,0,0,0,0,0,0,0,0,0,1,0
ENSMUSG00000032015,Pou2f3,0,0,0,0,0,0,0,0,0,0,0,0
ENSMUSG00000111864,Rpl26-ps6,0,0,0,0,0,0,0,0,0,0,0,0
ENSMUSG00000032014,Oaf,209,241,197,194,130,30,145,146,153,111,54,69
ENSMUSG00000036972,Zic4,0,0,0,0,0,0,0,0,0,0,0,0
ENSMUSG00000102803,Gm37477,0,0,0,0,0,5,0,0,0,0,0,0
ENSMUSG00000100341,Gm29478,0,0,0,0,0,0,0,0,0,0,0,0
ENSMUSG00000104216,Gm37987,0,0,0,0,0,0,0,0,0,0,0,0
ENSMUSG00000087871,Gm26101,0,0,0,0,0,0,0,0,0,0,0,0
ENSMUSG00000095385,D630033O11Rik,0,0,0,0,1,0,0,0,0,0,0,0
ENSMUSG00000109896,Gm31409,0,0,0,0,0,0,0,0,0,0,0,0
ENSMUSG00000095654,Plscr5,0,0,0,0,0,0,0,0,0,0,0,0
ENSMUSG00000032013,Trim29,0,0,0,0,3,0,0,0,0,1,0,0
ENSMUSG00000110823,Gm36799,0,0,0,0,0,0,0,0,0,0,0,0
ENSMUSG00000111829,Gm47475,0,0,0,0,0,0,0,0,0,0,0,0
ENSMUSG00000100836,Gm28215,0,0,0,0,0,0,0,0,0,0,0,0
ENSMUSG00000111110,Gm36855,0,0,0,0,0,1,0,0,0,0,0,1
ENSMUSG00000110988,Gm29909,0,0,0,0,0,0,0,0,0,0,0,0
ENSMUSG00000111400,Gm29961,0,0,0,0,0,0,0,0,0,0,0,0
ENSMUSG00000032369,Plscr1,2272,2845,2420,2900,1842,626,1780,2141,2085,1874,1287,1270
ENSMUSG00000110808,Gm5364,2,1,0,0,1,0,2,2,0,2,1,2
ENSMUSG00000098766,Mir6386,0,0,0,0,0,0,0,0,0,0,0,0
ENSMUSG00000111334,Gm30015,0,0,0,0,0,11,1,0,0,0,1,0
ENSMUSG00000111129,Gm47542,1,2,2,1,1,16,1,1,1,1,3,0
ENSMUSG00000041528,Rnf123,1388,1444,1162,1139,1158,617,1097,1347,1345,1297,1422,1447
ENSMUSG00000032372,Plscr2,5,7,3,2,5,1,7,4,3,4,3,2
ENSMUSG00000032012,Nectin1,21,27,21,17,27,12,11,22,16,19,17,15
ENSMUSG00000101370,Gm29139,0,0,0,0,0,3,0,0,0,0,1,0
ENSMUSG00000037716,Ccdc33,3,1,1,1,1,1,1,2,3,1,0,0
ENSMUSG00000088044,Gm23326,0,0,1,0,0,0,0,0,0,0,0,0
ENSMUSG00000092218,Gm20529,0,0,0,0,0,0,0,0,0,2,0,0
ENSMUSG00000111758,Gm30373,54,76,70,60,39,50,46,76,50,50,60,60
ENSMUSG00000111637,Gm10688,11,5,14,11,10,4,11,9,8,2,5,8
ENSMUSG00000032593,Amigo3,167,153,124,160,77,38,99,103,110,104,70,46
ENSMUSG00000111283,E230034D01Rik,0,0,0,0,1,0,0,0,0,0,0,0
ENSMUSG00000086624,Gm16130,0,0,0,0,0,0,0,0,0,0,0,0
ENSMUSG00000110815,Gm47345,54,74,91,70,50,28,33,79,56,63,42,51
ENSMUSG00000111229,Gm39323,598,604,525,474,501,304,329,443,448,435,392,390
ENSMUSG00000074139,1700057G04Rik,0,0,0,0,0,1,0,0,0,0,0,0
ENSMUSG00000082623,Gm15493,0,0,0,0,0,0,0,0,1,0,0,0
ENSMUSG00000032011,Thy1,26592,28516,21126,23115,22751,17571,25603,28693,23943,21477,21619,18593
ENSMUSG00000111409,Gm49380,0,0,0,0,0,0,0,0,0,0,0,0
ENSMUSG00000111415,Gm39325,0,0,0,0,0,0,0,0,0,0,0,0
ENSMUSG00000032377,Plscr4,2,1,1,0,1,2,1,2,0,0,2,0
ENSMUSG00000077400,Gm25417,0,0,0,0,0,0,0,0,0,0,0,0
ENSMUSG00000103622,Gm38391,11,18,15,14,8,11,4,11,17,25,15,5
ENSMUSG00000099610,Gm37545,0,0,0,0,0,0,0,0,0,0,0,0
ENSMUSG00000032591,Mst1,1,2,1,5,2,2,3,4,5,5,12,3
ENSMUSG00000098787,Mir7088,0,0,0,0,0,0,0,0,0,0,0,0
ENSMUSG00000032374,Plod2,1025,1101,816,798,788,608,654,843,883,830,689,595
ENSMUSG00000101357,Gm2495,0,0,0,0,0,0,0,0,0,0,0,0
ENSMUSG00000101822,Gm29396,0,1,0,1,0,0,0,0,0,0,0,0
ENSMUSG00000101734,4933400C23Rik,0,0,0,0,0,0,0,0,0,0,0,0
ENSMUSG00000099823,Gm28054,0,0,0,0,1,1,0,0,0,0,0,0
ENSMUSG00000101309,Gm29397,1,0,0,0,0,0,0,0,0,0,0,0
ENSMUSG00000100294,1700034K08Rik,0,0,0,0,0,0,0,0,0,0,0,0
ENSMUSG00000098171,Gm9621,1,5,3,5,2,0,9,7,0,2,1,1
ENSMUSG00000111630,Gm47165,0,0,0,0,0,0,0,0,0,0,0,0
ENSMUSG00000111352,Gm5369,0,0,0,0,0,3,0,0,0,0,0,0
ENSMUSG00000058173,Smco4,409,441,359,385,482,191,469,381,514,428,444,434
ENSMUSG00000064889,Gm24200,0,0,0,0,0,0,0,0,0,0,0,0
ENSMUSG00000101949,Gm5370,0,0,0,0,0,0,0,0,0,0,0,0
ENSMUSG00000099359,Gm28934,0,0,0,0,0,0,1,0,0,0,0,0
ENSMUSG00000045414,Dipk2a,1193,1228,951,982,727,610,737,932,1016,984,816,813
ENSMUSG00000111019,Gm39404,0,0,0,0,0,0,0,0,0,0,0,0
ENSMUSG00000089551,Gm24178,0,0,0,0,0,0,0,0,0,0,0,0
ENSMUSG00000101595,Gm29395,3,3,1,2,0,1,3,2,5,8,3,2
ENSMUSG00000032590,Apeh,1112,1342,996,1031,977,357,889,990,1056,1009,944,962
ENSMUSG00000031129,Slc9a9,56,62,38,51,55,24,31,43,49,48,48,34
ENSMUSG00000089709,Gm16262,0,0,0,0,0,0,0,0,0,0,0,0
ENSMUSG00000098251,Mir7656,0,0,0,0,0,0,0,0,0,0,0,0
ENSMUSG00000111087,Gm47168,0,0,0,0,0,0,0,0,0,0,0,0
ENSMUSG00000033350,Chst2,3669,3968,2766,3131,2019,1166,1945,2205,3025,3020,1847,1828
ENSMUSG00000103755,Gm37805,13,4,0,6,2,4,2,3,6,6,3,3
ENSMUSG00000101281,Gm8449,0,0,1,0,0,0,0,0,0,0,0,0
ENSMUSG00000101459,Gm19193,0,0,0,0,0,0,0,0,0,0,0,0
ENSMUSG00000032589,Bsn,72,79,62,37,55,43,34,49,61,60,63,69
ENSMUSG00000039977,Deup1,0,0,0,0,0,0,1,0,0,0,0,0
ENSMUSG00002075765,#N/A,3,0,0,0,0,0,0,0,0,0,0,1
ENSMUSG00000111299,4930540M03Rik,0,0,0,0,0,0,0,0,0,0,0,0
ENSMUSG00000110882,Gm7642,0,1,0,0,1,0,1,0,0,0,0,0
ENSMUSG00000110786,Gm5119,0,0,0,0,0,0,0,0,1,0,0,0
ENSMUSG00000102224,4930447F24Rik,2,0,2,1,0,0,1,0,1,1,0,0
ENSMUSG00000103658,Gm37201,8,2,1,0,1,0,1,2,9,5,1,3
ENSMUSG00000103466,Gm37247,0,0,0,0,0,0,0,0,0,0,0,0
ENSMUSG00000102538,Gm37230,0,0,0,0,0,1,0,0,0,0,0,0
ENSMUSG00000039952,Dag1,739,789,555,547,499,291,496,617,622,625,583,500
ENSMUSG00000043885,Slc36a4,537,572,445,425,437,281,369,447,511,462,443,451
ENSMUSG00000111217,Gm48711,0,0,0,0,0,0,0,0,0,0,0,0
ENSMUSG00000050901,Mtnr1b,0,0,0,0,0,1,0,0,0,0,0,0
ENSMUSG00000032606,Nicn1,11,15,5,9,11,3,19,22,7,15,15,9
ENSMUSG00000032010,Usp2,443,527,371,392,434,259,355,387,399,412,361,348
ENSMUSG00000032607,Amt,8,2,1,1,1,3,2,1,1,1,2,8
ENSMUSG00000039461,Tcta,61,69,79,71,82,29,54,61,49,60,63,57
ENSMUSG00000053128,Rnf26,109,149,141,124,155,33,170,127,107,106,102,86
ENSMUSG00000074505,Fat3,0,0,0,0,0,0,0,0,0,0,0,0
ENSMUSG00000111652,Gm48726,0,0,0,0,0,0,0,0,0,0,0,0
ENSMUSG00000090602,Gm5611,15,17,25,16,24,22,17,31,13,13,21,24
ENSMUSG00000111405,Gm2594,0,0,0,0,0,0,0,0,0,0,0,0
ENSMUSG00000111534,Gm48846,0,0,0,0,0,0,0,0,0,0,0,0
ENSMUSG00000111506,Gm48848,0,0,0,0,0,0,0,0,0,0,0,0
ENSMUSG00000111613,Gm4977,41,58,41,54,36,12,36,28,52,48,34,36
ENSMUSG00000111161,Gm48849,1,1,0,1,3,0,2,5,6,2,0,4
ENSMUSG00000111263,Gm7680,0,0,0,0,0,0,0,0,0,0,0,0
ENSMUSG00000111728,Gm48850,0,0,0,0,0,0,0,0,0,0,0,0
ENSMUSG00000111743,Gm48856,1,0,0,1,1,0,0,0,0,0,0,0
ENSMUSG00002076142,#N/A,0,0,0,0,0,1,0,0,0,0,0,0
ENSMUSG00000111870,Gm7692,2,0,0,0,1,0,0,0,2,2,2,1
ENSMUSG00000007815,Rhoa,3114,3425,2584,2717,2421,1896,2500,2956,3003,2632,2660,2350
ENSMUSG00000102554,Gm37568,3,6,6,3,2,5,4,4,3,2,6,8
ENSMUSG00000104208,Gm37401,0,0,0,0,0,0,0,0,0,0,0,0
ENSMUSG00000032327,Stra6,2021,2229,1285,1398,755,368,1117,1318,943,937,459,420
ENSMUSG00000063856,Gpx1,2080,2259,1738,1793,2198,918,2095,1937,2248,1777,2286,2257
ENSMUSG00000085753,Gm16131,0,0,0,0,0,0,0,0,0,0,0,0
ENSMUSG00000037206,Islr,4,1,0,0,0,0,0,1,2,2,0,0
ENSMUSG00000110969,Gm47174,0,0,0,0,0,0,0,0,0,0,0,0
ENSMUSG00000001774,Chordc1,3608,3349,2760,2599,3046,2950,2470,2791,3607,3147,4191,3828
ENSMUSG00000110816,Gm19178,0,0,0,0,0,0,0,0,0,0,0,0
ENSMUSG00000051243,Islr2,7,8,5,5,4,3,9,5,3,3,1,5
ENSMUSG00000057818,1600029O15Rik,1,3,2,2,7,2,2,4,1,5,3,2
ENSMUSG00000034739,Mfrp,27,28,19,27,33,29,14,19,34,22,23,21
ENSMUSG00000043943,Naalad2,0,0,0,0,0,4,0,0,0,0,0,0
ENSMUSG00000110944,Gm19174,0,0,0,0,0,0,0,0,0,0,0,0
ENSMUSG00000074502,Ubtfl1,2,2,2,1,0,14,0,1,0,1,5,2
ENSMUSG00000074501,Gm5612,0,0,0,0,0,1,0,0,0,0,1,0
ENSMUSG00000047508,Mbd3l2,0,0,0,0,0,0,0,0,0,0,0,0
ENSMUSG00000032407,U2surp,4423,4709,3849,3860,3944,4356,3310,4126,4093,4216,4659,4119
ENSMUSG00000074500,Zfp558,34,26,23,19,30,24,13,26,31,35,42,36
ENSMUSG00002076071,#N/A,0,0,0,0,0,0,0,0,0,0,0,0
ENSMUSG00000101037,Gm28424,6,8,3,3,10,8,3,0,7,8,8,8
ENSMUSG00000110827,Gm32281,0,0,0,0,0,0,0,0,0,0,0,0
ENSMUSG00000079592,C1qtnf5,0,0,0,0,0,0,0,0,0,0,0,0
ENSMUSG00000064225,Paqr9,2,2,0,6,3,4,1,1,0,0,1,0
ENSMUSG00000038691,Mbd3l1,0,0,0,0,0,0,0,0,0,0,0,0
ENSMUSG00000086585,Gm16126,0,0,0,0,0,0,0,0,0,0,0,0
ENSMUSG00000101936,Gm28164,0,0,0,0,0,0,0,0,0,0,0,0
ENSMUSG00000092258,Gm20444,2,0,0,6,2,0,1,1,0,0,2,2
ENSMUSG00000065346,Gm25582,0,0,0,0,0,0,0,0,0,0,0,0
ENSMUSG00000032612,Usp4,3702,4001,2897,3056,2793,1504,2395,2853,3312,3045,2899,2625
ENSMUSG00000111632,Gm47327,0,0,0,0,0,0,2,0,0,0,0,0
ENSMUSG00000086248,Gm16127,0,0,0,0,0,0,1,0,0,0,0,0
ENSMUSG00000097467,Gm26737,15,16,17,23,22,15,17,26,8,17,12,15
ENSMUSG00000097617,Gm10687,1,1,0,0,0,0,0,0,1,0,0,0
ENSMUSG00000015354,Pcolce2,7,3,4,5,5,12,7,6,8,3,4,2
ENSMUSG00000100825,Itpa-ps2,0,0,0,0,0,0,0,0,0,0,0,0
ENSMUSG00000104280,Rps2-ps11,0,4,0,2,1,2,2,3,5,3,1,1
ENSMUSG00000104399,Gm37963,32,36,25,33,16,22,22,27,32,29,50,33
ENSMUSG00000109564,Muc16,3,9,1,3,1,2,0,0,1,0,3,2
ENSMUSG00002076788,#N/A,0,0,0,0,0,0,0,0,0,0,0,0
ENSMUSG00000089277,Gm24546,0,0,0,0,0,0,0,0,0,0,0,0
ENSMUSG00000032611,1700102P08Rik,17,17,5,12,16,7,9,8,11,9,14,18
ENSMUSG00000054141,Olfr24,0,0,0,0,0,1,0,0,0,0,0,0
ENSMUSG00000036986,Pml,936,1036,831,935,770,361,939,1102,807,740,1129,993
ENSMUSG00000078116,Olfr828,0,0,0,0,0,0,0,0,0,0,0,0
ENSMUSG00000047220,Ccdc36,1,1,0,1,0,0,1,1,0,0,0,1
ENSMUSG00000051414,Olfr829,0,0,0,0,0,0,0,0,0,0,0,0
ENSMUSG00000098886,Mir6385,0,0,0,0,0,0,0,0,0,0,0,0
ENSMUSG00000088577,Gm25456,0,0,0,0,0,0,0,0,0,0,0,0
ENSMUSG00000062868,Olfr830,0,0,0,0,0,0,0,0,0,0,0,0
ENSMUSG00000066914,Olfr831-ps1,0,0,0,0,0,0,0,0,0,0,0,0
ENSMUSG00000050641,BC048562,0,0,0,0,0,0,0,0,0,0,0,0
ENSMUSG00000095957,Olfr832,0,0,0,0,0,0,0,0,0,0,0,0
ENSMUSG00000066912,Olfr833-ps1,0,0,0,0,0,0,0,0,0,0,0,0
ENSMUSG00000095525,Olfr834,0,0,0,0,0,0,0,0,0,0,0,0
ENSMUSG00000110565,Gm45814,0,0,0,0,0,0,0,0,0,0,0,0
ENSMUSG00000045204,Olfr835,0,0,0,0,0,0,0,0,0,0,0,0
ENSMUSG00000032333,Stoml1,194,244,197,153,126,48,191,171,153,179,148,139
ENSMUSG00000059303,Olfr836,0,0,0,0,0,0,0,0,0,0,0,0
ENSMUSG00000110621,Olfr837,0,0,0,0,0,0,0,0,0,0,0,0
ENSMUSG00000110645,Olfr838-ps1,0,0,0,0,0,0,0,0,0,0,0,0
ENSMUSG00000032334,Loxl1,0,0,0,1,0,1,0,1,0,0,0,0
ENSMUSG00000110519,Olfr839-ps1,0,0,0,0,1,2,0,0,0,0,1,0
ENSMUSG00000110671,Olfr840-ps1,0,0,0,0,0,0,0,0,0,0,0,0
ENSMUSG00000110493,AC119987.1,0,0,0,0,0,0,0,0,0,0,0,0
ENSMUSG00000032135,Mcam,24,26,23,22,28,9,10,19,24,23,16,15
ENSMUSG00000048391,Olfr843,0,0,0,0,0,4,2,1,0,1,3,0
ENSMUSG00000049229,Olfr844,0,0,0,0,0,0,0,0,0,0,0,0
ENSMUSG00000032839,Trpc1,5,5,6,3,6,0,3,4,4,0,2,3
ENSMUSG00000061614,Olfr845,0,0,0,0,0,0,0,0,0,0,0,0
ENSMUSG00000032609,Klhdc8b,62,60,59,50,45,23,44,41,33,47,52,54
ENSMUSG00000058692,Olfr846,0,0,0,0,1,6,0,0,0,0,0,0
ENSMUSG00000036244,Tbc1d21,0,0,0,0,0,0,0,0,0,0,0,0
ENSMUSG00000100487,1700072B07Rik,0,0,0,0,0,0,0,0,0,0,0,0
ENSMUSG00000110527,Gm7751,0,0,0,0,0,0,0,0,0,0,0,0
ENSMUSG00000097651,4930461G14Rik,0,0,1,0,0,1,0,0,0,0,0,0
ENSMUSG00000049305,Ccdc71,872,1006,770,793,796,430,736,861,955,825,836,735
ENSMUSG00000102152,Gm37475,1,2,4,0,1,3,3,5,0,1,2,0
ENSMUSG00000066607,Insyn1,0,5,1,2,2,2,0,1,0,0,1,0
ENSMUSG00000049493,Pls1,10,9,8,5,4,2,9,11,11,17,11,4
ENSMUSG00000059821,Olfr847,0,0,0,0,0,0,0,0,0,0,0,0
ENSMUSG00000110590,Olfr848-ps1,0,0,0,0,0,0,0,0,0,0,0,0
ENSMUSG00000087862,Gm23048,0,0,0,0,0,0,0,0,0,0,0,0
ENSMUSG00000096655,1700065D16Rik,11,23,13,6,13,7,17,11,4,14,16,12
ENSMUSG00000052182,Olfr849,0,0,0,0,0,0,0,0,0,0,0,0
ENSMUSG00000094535,Olfr850,0,0,0,0,0,0,0,0,0,0,0,0
ENSMUSG00000052625,Olfr851,0,0,0,0,0,4,0,0,0,0,3,0
ENSMUSG00000110572,Olfr852-ps1,0,0,0,0,0,0,0,0,0,0,0,0
ENSMUSG00000051160,Olfr853,0,0,0,0,0,4,0,0,0,0,0,0
ENSMUSG00000035914,Cd276,20,16,13,17,15,6,10,21,22,18,10,9
ENSMUSG00000103486,Gm10657,0,0,0,0,0,0,0,0,0,1,0,0
ENSMUSG00000095667,Olfr854,0,0,0,0,0,0,0,0,0,0,0,0
ENSMUSG00000043087,Olfr855,0,0,0,0,0,0,0,0,0,0,0,0
ENSMUSG00000110571,Gm45730,0,0,0,0,0,0,0,0,0,0,0,0
ENSMUSG00000052911,Lamb2,1,0,0,2,1,0,0,2,0,0,2,0
ENSMUSG00000057551,Zfp317,744,819,631,567,599,418,459,563,645,665,678,635
ENSMUSG00000110521,Olfr856-ps1,0,0,0,0,0,0,0,0,0,0,0,0
ENSMUSG00000110610,Gm7769,0,0,0,0,0,0,0,0,1,0,0,2
ENSMUSG00000094678,Olfr857,0,0,0,0,0,0,0,0,0,0,0,0
ENSMUSG00000110578,Olfr858-ps1,0,0,0,0,0,0,0,0,0,0,0,0
ENSMUSG00000058659,Olfr58,0,0,0,0,0,0,0,0,0,0,0,0
ENSMUSG00000095448,Olfr859,0,0,0,0,0,1,0,0,0,0,0,0
ENSMUSG00000110511,Gm45699,0,0,0,0,0,0,0,0,0,0,0,0
ENSMUSG00000066905,Olfr860,0,0,0,0,0,0,0,0,0,0,0,0
ENSMUSG00000110518,Olfr861-ps1,0,0,0,0,0,0,0,0,0,0,0,0
ENSMUSG00000063842,Olfr862,0,0,0,0,2,3,0,0,1,0,0,1
ENSMUSG00000051118,Olfr77,0,0,0,1,0,1,0,0,0,0,0,0
ENSMUSG00000091460,Gm7808,7,11,11,5,6,2,2,6,9,0,8,6
ENSMUSG00000110555,Olfr863-ps1,0,0,0,0,0,0,0,0,0,0,0,0
ENSMUSG00000034342,Cbl,4211,4230,3722,3358,3503,1882,2381,3884,3288,3285,3340,3345
ENSMUSG00000110560,Olfr864-ps1,0,0,0,0,0,0,0,0,0,0,0,0
ENSMUSG00000110566,Olfr865-ps1,0,0,0,0,0,0,0,0,0,0,0,0
ENSMUSG00000050803,Olfr866,0,0,0,0,0,0,0,0,0,0,0,0
ENSMUSG00000110972,5830462O15Rik,1,1,1,2,5,0,1,8,5,6,1,4
ENSMUSG00002076003,#N/A,0,0,0,0,0,0,0,0,0,0,0,0
ENSMUSG00000110966,Gm47255,0,0,0,0,0,0,0,0,0,0,0,0
ENSMUSG00002075513,#N/A,0,0,0,0,0,0,0,0,0,0,0,0
ENSMUSG00000044454,Olfr867,0,0,0,0,0,0,0,0,0,0,0,0
ENSMUSG00000044106,Olfr868,0,0,0,0,0,0,0,0,0,0,0,0
ENSMUSG00000058491,Olfr869,0,0,0,0,0,0,0,0,0,0,0,0
ENSMUSG00000066899,Olfr870,0,0,0,0,0,0,0,0,0,0,0,0
ENSMUSG00002075678,#N/A,0,0,0,0,0,0,0,0,0,0,0,0
ENSMUSG00002075064,#N/A,0,0,0,0,0,0,0,0,0,0,0,0
ENSMUSG00000061457,Olfr871,0,0,0,0,0,0,0,0,0,0,0,0
ENSMUSG00000066897,Olfr872,0,0,0,0,0,0,0,0,0,0,0,0
ENSMUSG00000088236,Gm25425,0,0,0,0,0,0,0,0,0,0,0,0
ENSMUSG00000059623,Olfr39,0,0,0,0,0,1,0,0,0,0,2,0
ENSMUSG00000049028,Olfr873,0,0,0,0,0,1,0,0,0,0,0,1
ENSMUSG00000032336,Nptn,2663,2875,2357,2338,2405,1602,2666,2566,2702,2460,2636,2564
ENSMUSG00000066896,Olfr18,0,0,0,0,0,0,0,0,0,0,0,0
ENSMUSG00000110466,Gm45815,0,0,0,0,0,0,0,0,0,0,0,0
ENSMUSG00000045519,Zfp560,130,183,135,126,133,88,132,129,114,119,167,135
ENSMUSG00000074269,Rec114,0,0,0,1,0,0,6,1,0,0,2,0
ENSMUSG00000110910,4921534A09Rik,0,1,2,1,5,7,1,1,0,1,1,2
ENSMUSG00000093473,Gm20620,0,0,0,0,0,0,0,0,0,0,0,0
ENSMUSG00000110761,Gm29761,0,0,0,0,1,0,0,0,0,0,0,0
ENSMUSG00000032409,Atr,890,973,852,859,982,732,581,934,664,898,980,995
ENSMUSG00000110811,Gm48729,0,0,0,0,0,0,0,0,0,0,0,0
ENSMUSG00000070306,Ccdc153,0,0,0,0,0,0,0,0,0,0,0,0
ENSMUSG00000089085,Gm24004,0,0,0,0,0,0,0,0,0,0,0,0
ENSMUSG00000032338,Hcn4,0,0,0,0,0,0,0,0,0,0,0,0
ENSMUSG00000097777,Gm16794,4,4,2,1,4,3,3,2,6,4,3,10
ENSMUSG00000032105,Pdzd3,1,0,2,3,1,3,2,0,1,2,0,2
ENSMUSG00000063108,Zfp26,960,1002,851,846,835,734,594,881,822,807,996,945
ENSMUSG00000111626,Gm48738,0,1,1,2,0,0,1,3,1,0,0,4
ENSMUSG00000059475,Zfp426,899,1042,786,803,680,563,557,747,771,772,619,592
ENSMUSG00000088622,Gm23316,0,0,0,0,0,0,0,0,0,0,0,0
ENSMUSG00000032109,Nlrx1,97,114,78,92,88,31,61,95,90,95,73,66
ENSMUSG00000111685,Gm10686,1,1,2,2,2,0,1,1,1,2,1,1
ENSMUSG00000060510,Zfp266,1844,1828,1627,1575,1513,1212,1015,1505,1491,1481,1650,1560
ENSMUSG00000111661,Gm46142,4,3,3,2,0,0,6,0,2,3,2,0
ENSMUSG00000058192,Zfp846,138,127,118,112,159,114,92,114,125,125,128,123
ENSMUSG00000111547,Gm48069,3,6,7,5,1,1,1,3,5,5,3,1
ENSMUSG00000062470,Fbxl12os,9,2,6,2,12,6,3,3,8,5,1,2
ENSMUSG00000032340,Neo1,13,10,15,7,18,19,7,20,15,15,16,10
ENSMUSG00000111846,Gm47271,0,0,0,0,2,0,0,0,0,0,2,0
ENSMUSG00000066592,Gm7589,17,13,5,17,9,7,6,8,29,10,13,10
ENSMUSG00000110789,Gm33053,0,0,0,0,0,0,0,0,0,0,0,0
ENSMUSG00000066892,Fbxl12,283,311,310,262,256,153,249,279,311,261,301,260
ENSMUSG00000025236,Adpgk,2729,3069,2451,2409,2257,1160,1897,2237,2581,2431,2192,2229
ENSMUSG00000032131,Abcg4,0,0,1,0,3,1,2,5,1,0,0,5
ENSMUSG00000111291,Gm48604,54,38,47,49,32,29,44,49,37,33,49,31
ENSMUSG00000025235,Bbs4,74,87,66,97,60,45,51,69,47,59,49,48
ENSMUSG00000084786,Ubl5,1453,1766,1252,1438,1501,887,1622,1396,1616,1311,1326,1194
ENSMUSG00000006676,Usp19,4140,4232,3525,3382,3487,1415,2722,3723,3626,3384,3266,3156
ENSMUSG00000032410,Xrn1,1304,1320,1077,1077,987,793,715,1224,1158,1108,1114,1070
ENSMUSG00000032171,Pin1,1868,2236,1721,1761,1938,710,1747,1784,2074,1725,1629,1744
ENSMUSG00000101867,C78334,0,0,0,0,0,0,0,0,0,0,0,0
ENSMUSG00000032119,Hinfp,591,674,519,486,443,262,391,496,544,448,454,475
ENSMUSG00000100931,Gm28085,0,0,0,0,0,0,0,0,0,0,0,0
ENSMUSG00000103507,Gm38375,15,19,14,10,20,10,4,21,20,15,17,11
ENSMUSG00000032172,Olfm2,15,17,12,12,19,23,9,1,13,11,6,3
ENSMUSG00000025234,Arih1,4958,4896,3942,3915,3994,3065,3399,4098,4445,4263,4308,4010
ENSMUSG00000090516,Rps11-ps1,2,4,7,3,6,2,2,11,5,4,7,3
ENSMUSG00000111852,Gm33180,0,0,0,0,0,0,0,0,0,0,0,0
ENSMUSG00000049526,Tmem202,1,2,4,0,1,2,1,0,2,2,1,0
ENSMUSG00000025232,Hexa,408,434,314,333,287,140,294,351,354,375,335,328
ENSMUSG00000041440,Gk5,67,69,43,39,56,45,43,71,39,57,59,60
ENSMUSG00000004098,Col5a3,34,41,29,31,14,5,21,24,25,22,17,15
ENSMUSG00002075521,#N/A,0,0,0,0,0,0,0,0,0,0,0,0
ENSMUSG00000032120,C2cd2l,776,768,537,512,579,252,589,605,581,522,610,547
ENSMUSG00000053773,Rdh8,0,0,0,0,0,0,0,0,0,0,0,0
ENSMUSG00000118527,AC170598.1,0,0,0,0,0,0,0,0,0,0,0,0
ENSMUSG00000038884,Shfl,1194,1206,957,950,922,610,816,1048,1209,1046,1530,1391
ENSMUSG00000032123,Dpagt1,1396,1491,1081,1164,1283,571,1233,1186,1326,1232,1217,1202
ENSMUSG00000038742,Angptl6,23,26,24,22,33,9,30,29,31,21,28,17
ENSMUSG00000110740,Gm48853,0,0,0,0,0,0,0,1,0,0,1,0
ENSMUSG00000049932,H2ax,1383,1474,1507,1458,1779,553,1883,1964,1475,1352,1549,1506
ENSMUSG00002075808,#N/A,0,1,2,3,0,0,1,2,1,0,3,1
ENSMUSG00000004100,Ppan,8227,8738,6821,7331,6284,3871,6083,6896,8048,7372,6535,6090
ENSMUSG00000077702,Gm24067,0,0,0,0,0,0,0,0,0,0,0,0
ENSMUSG00000089571,Gm23008,0,0,0,0,0,0,0,0,0,0,0,0
ENSMUSG00000118421,Gm50491,0,2,2,1,2,0,3,2,2,0,1,1
ENSMUSG00000070319,Eif3g,7025,7636,5802,6318,6627,3772,6334,6366,7242,6589,6669,5885
ENSMUSG00000032297,Celf6,1,0,0,0,0,1,0,0,0,0,0,0
ENSMUSG00000032126,Hmbs,446,550,424,403,542,215,476,480,548,425,520,544
ENSMUSG00000032127,Vps11,698,758,561,542,557,242,537,596,578,574,546,548
ENSMUSG00002075510,#N/A,0,0,0,0,0,0,0,0,0,0,0,0
ENSMUSG00000060467,Gm10080,0,4,1,1,0,3,2,3,4,3,2,2
ENSMUSG00000111088,9430081H08Rik,5,8,12,4,15,8,4,13,13,7,11,11
ENSMUSG00000025237,Parp6,329,391,236,308,263,178,232,299,288,301,319,276
ENSMUSG00000032411,Tfdp2,375,366,347,341,360,205,372,494,355,303,356,367
ENSMUSG00000103611,Gm37195,0,0,0,0,0,0,0,2,0,1,1,0
ENSMUSG00000100382,Gm28924,0,0,0,0,0,0,0,0,0,0,0,0
ENSMUSG00000032412,Atp1b3,4019,4038,3283,3334,3978,3058,3569,3661,3784,3553,3839,3438
ENSMUSG00000118397,Gm50488,0,0,0,0,0,0,0,1,0,0,1,0
ENSMUSG00000056418,BC043934,0,3,2,1,3,1,1,7,2,3,6,3
ENSMUSG00000051234,Rnf7,783,872,669,729,721,460,808,767,894,683,735,681
ENSMUSG00000099564,Gm28729,0,0,0,0,0,0,0,0,0,0,0,0
ENSMUSG00002075467,#N/A,0,0,0,0,0,0,0,0,0,0,0,0
ENSMUSG00000101615,Gm8495,0,0,0,0,1,2,0,0,0,0,0,0
ENSMUSG00000032115,Hyou1,12254,12252,9735,9597,9594,4273,7997,9742,9789,8742,9246,8744
ENSMUSG00000032413,Rasa2,2285,2530,1989,1925,1689,1479,1428,1702,1985,1904,1639,1639
ENSMUSG00002075067,#N/A,1,2,4,0,2,0,0,2,3,2,1,3
ENSMUSG00000032604,Qars,2594,2715,2252,2217,2273,1175,2145,2356,2276,2087,2203,2208
ENSMUSG00000100522,Gm19280,0,0,0,0,0,0,0,0,0,0,0,0
ENSMUSG00000088398,Gm26306,0,0,0,0,0,0,0,0,0,0,0,0
ENSMUSG00000040433,Zbtb38,779,758,659,548,520,373,442,669,638,595,567,526
ENSMUSG00000102097,A930006L05Rik,6,2,8,5,3,7,7,4,7,8,4,5
ENSMUSG00000101581,C430002N11Rik,39,58,45,44,33,13,26,41,50,38,24,29
ENSMUSG00000100383,Gm28688,5,2,0,1,1,1,0,2,0,2,0,0
ENSMUSG00000100922,Gm8520,1,1,9,0,3,1,1,0,1,1,0,2
ENSMUSG00000032114,Slc37a4,156,184,123,147,234,65,198,176,178,145,232,233
ENSMUSG00000099309,Mir7085,0,0,0,0,0,0,0,0,0,0,0,2
ENSMUSG00000006673,Qrich1,3886,4314,3339,3275,3198,2257,2981,3591,3894,3556,3433,3027
ENSMUSG00000103621,Gm38366,20,23,28,23,10,5,32,16,28,22,11,28
ENSMUSG00000103970,Gm37678,5,5,5,2,6,0,6,7,5,5,4,4
ENSMUSG00000032294,Pkm,21116,24754,20312,23275,15949,5983,23181,25380,19988,18089,14286,13254
ENSMUSG00000032112,Trappc4,1314,1548,1099,1189,1179,369,1243,1081,1287,1188,976,1085
ENSMUSG00000111394,Gm49759,614,603,542,491,525,335,407,626,522,553,697,680
ENSMUSG00000004099,Dnmt1,6142,5980,5677,5224,6092,4094,5018,6918,5660,4978,6630,6129
ENSMUSG00000009927,Rps25,435,543,479,553,773,287,841,564,539,452,579,385
ENSMUSG00000099147,Mir7081,2,0,2,1,0,0,1,2,0,1,1,3
ENSMUSG00000043587,Pxylp1,101,120,76,72,94,51,62,82,84,74,72,62
ENSMUSG00000043895,S1pr2,1126,1186,813,874,638,189,700,794,990,895,567,513
ENSMUSG00000062867,Impdh2,721,905,692,761,918,283,671,593,726,616,743,751
ENSMUSG00000062933,Gm10123,0,0,0,0,0,0,0,0,0,0,0,0
ENSMUSG00000101209,Gm8524,1,0,0,1,0,0,0,0,0,0,0,0
ENSMUSG00000046997,Spsb4,0,0,0,0,0,4,0,0,0,0,0,0
ENSMUSG00000070283,Ndufaf3,181,180,117,93,103,39,144,109,160,140,123,125
ENSMUSG00000103103,4833445I07Rik,32,41,42,44,44,17,46,40,31,34,23,32
ENSMUSG00000085541,Gm16010,0,0,0,0,0,0,0,0,0,0,0,0
ENSMUSG00002076293,#N/A,0,0,0,0,0,0,0,0,0,0,0,0
ENSMUSG00000101376,Gm18291,0,0,0,0,0,0,0,0,0,0,0,0
ENSMUSG00000105497,Mir191,0,0,0,0,0,0,0,0,0,0,0,0
ENSMUSG00000101365,Gm19325,1,10,5,2,3,3,4,1,2,2,1,0
ENSMUSG00000065579,Mir425,0,0,0,0,0,0,0,0,0,0,0,0
ENSMUSG00000074259,Gramd2,0,0,2,0,1,0,0,0,0,0,0,0
ENSMUSG00000003299,Mrpl4,739,889,598,692,776,238,695,709,758,666,759,708
ENSMUSG00000051705,Senp8,80,85,56,78,90,90,66,75,85,74,94,91
ENSMUSG00000032449,Slc25a36,805,836,751,657,633,534,563,656,682,656,717,655
ENSMUSG00000019039,Dalrd3,401,463,371,352,509,219,393,396,415,354,519,513
ENSMUSG00000084911,Gm16185,0,0,0,0,0,0,0,0,0,0,0,0
ENSMUSG00000101502,Rpl7a-ps10,2,6,3,2,1,0,4,4,3,1,2,1
ENSMUSG00000101000,Gm5371,0,0,0,0,0,0,0,0,0,0,0,0
ENSMUSG00000101953,Gm29241,0,1,2,0,1,0,0,0,0,2,0,1
ENSMUSG00000099444,Gm29240,0,0,1,0,1,0,0,0,0,2,0,2
ENSMUSG00000104167,A030012G06Rik,0,0,0,0,0,3,0,0,0,0,0,0
ENSMUSG00000066357,Wdr6,549,600,389,387,434,120,377,514,498,416,432,467
ENSMUSG00000032451,Trim42,0,0,0,0,0,1,0,0,0,0,0,0
ENSMUSG00000087167,Gm15891,0,0,0,0,0,0,0,0,0,0,0,0
ENSMUSG00000077208,Gm25607,0,0,0,0,0,0,0,0,0,0,0,0
ENSMUSG00000037405,Icam1,1646,1987,1729,1794,1012,401,1445,1632,1313,1278,876,770
ENSMUSG00000110790,Gm47079,7,8,2,10,6,2,3,8,3,5,5,5
ENSMUSG00000001014,Icam4,3,3,1,3,5,0,2,1,2,1,0,2
ENSMUSG00000006675,P4htm,153,182,111,116,92,24,127,147,176,126,143,166
ENSMUSG00000102770,Gm38163,1,0,3,1,0,0,0,3,0,1,0,2
ENSMUSG00000115688,Gm49209,0,0,0,0,0,0,1,0,0,0,0,0
ENSMUSG00000032452,Clstn2,0,0,0,0,0,0,0,0,0,0,0,0
ENSMUSG00000104462,Gm37661,0,0,0,0,0,0,0,0,0,0,0,0
ENSMUSG00000032174,Icam5,131,172,117,126,149,36,83,89,174,186,156,167
ENSMUSG00000084663,Mir1900,0,0,0,0,0,0,0,0,0,0,0,0
ENSMUSG00000090255,4921534H16Rik,0,0,0,0,0,0,0,0,0,0,0,0
ENSMUSG00000097535,Gm26592,1,0,0,0,0,1,0,0,0,1,0,3
ENSMUSG00000046995,2610303G11Rik,0,0,0,0,0,0,0,0,0,0,0,0
ENSMUSG00000079681,Zglp1,2,0,0,0,1,2,0,0,1,2,1,3
ENSMUSG00000111692,Gm49373,14,10,16,15,13,4,4,6,9,10,18,9
ENSMUSG00000111497,Gm38431,32,28,25,36,27,25,16,34,13,26,16,13
ENSMUSG00000032456,Nmnat3,155,158,117,149,104,56,114,131,135,123,101,99
ENSMUSG00000101452,Gm28530,15,15,13,13,11,3,19,9,20,10,14,17
ENSMUSG00000046402,Rbp1,8,9,5,7,0,1,1,7,5,4,1,3
ENSMUSG00000079677,Fdx2,34,24,31,23,25,21,21,31,29,26,32,27
ENSMUSG00000043923,Ccdc84,241,273,262,195,261,185,246,273,256,258,259,226
ENSMUSG00000032454,Rbp2,0,0,0,0,0,0,0,0,0,0,0,0
ENSMUSG00000064145,Arih2,1127,1131,997,999,861,499,793,902,953,859,764,765
ENSMUSG00000103579,Gm37113,0,0,0,0,0,0,0,0,0,0,0,0
ENSMUSG00000010205,Raver1,0,0,0,0,0,0,0,0,0,0,0,0
ENSMUSG00000111849,Gm47186,0,0,0,0,0,0,0,0,0,0,0,0
ENSMUSG00000051074,4930579K19Rik,1,1,1,2,1,0,1,1,2,1,1,2
ENSMUSG00000098907,Mir7082,1,5,3,3,3,0,2,0,3,2,3,2
ENSMUSG00002076266,#N/A,0,0,0,0,0,0,0,0,0,0,0,0
ENSMUSG00000086016,1700084C06Rik,11,6,3,9,10,3,8,8,6,13,7,11
ENSMUSG00000032602,Slc25a20,596,641,476,501,443,242,452,412,536,529,369,348
ENSMUSG00000074397,Foxr1,0,1,0,0,0,0,0,0,0,0,0,0
ENSMUSG00000041523,Upk2,0,0,0,0,0,1,0,0,0,0,0,0
ENSMUSG00000094437,Gm9830,1,0,0,0,0,0,0,0,0,0,0,0
ENSMUSG00000060380,C030014I23Rik,0,0,0,0,0,1,1,0,0,0,0,2
ENSMUSG00000032458,Copb2,4378,4719,3669,3605,3599,2535,3182,4022,4197,3869,3646,3336
ENSMUSG00000088793,Gm22540,0,0,0,0,0,0,0,0,0,0,0,0
ENSMUSG00000111777,Gm47147,0,0,0,0,0,0,0,0,0,0,0,0
ENSMUSG00000110980,Gm47204,2,10,2,5,3,4,3,4,6,5,5,3
ENSMUSG00000111312,Gm47205,0,1,1,0,1,0,1,1,0,1,1,0
ENSMUSG00000032459,Mrps22,810,838,607,642,733,593,664,708,786,712,664,742
ENSMUSG00000102861,Gm37637,2,1,3,1,2,1,1,2,0,0,3,0
ENSMUSG00002076308,#N/A,0,0,0,0,0,0,0,0,0,0,0,0
ENSMUSG00000102458,Pisrt1,0,0,0,0,0,0,0,0,0,0,0,0
ENSMUSG00000102013,E330023G01Rik,0,0,0,0,0,0,0,0,0,0,0,0
ENSMUSG00000102889,Gm37282,0,0,0,0,0,0,0,0,0,0,0,0
ENSMUSG00000103276,Gm37917,0,0,0,0,0,0,0,0,0,0,0,0
ENSMUSG00000103949,Gm38226,0,0,0,0,0,0,0,0,0,0,0,0
ENSMUSG00000091080,Prr23a1,0,0,0,0,0,0,0,0,0,0,0,0
ENSMUSG00000063058,Prr23a2,0,0,0,0,0,0,0,0,0,0,0,0
ENSMUSG00000090470,Prr23a3,0,0,0,0,0,0,0,0,0,0,0,0
ENSMUSG00000100839,Gm5920,0,0,0,0,1,0,0,0,0,1,0,0
ENSMUSG00000110788,Gm33700,0,0,0,0,0,0,0,0,0,0,0,0
ENSMUSG00000074123,7420426K07Rik,0,0,0,0,0,0,0,0,0,0,0,0
ENSMUSG00000111411,Gm33778,0,0,0,0,0,0,0,0,0,0,0,0
ENSMUSG00000101240,Gm28266,1,0,0,1,0,0,1,0,0,2,0,0
ENSMUSG00000032601,Prkar2a,3325,3435,2659,2632,2823,1854,2176,2769,3087,2752,3217,2964
ENSMUSG00000097072,Foxl2os,0,0,0,2,3,2,1,0,2,0,1,0
ENSMUSG00000065674,Gm24259,0,0,0,0,0,0,0,0,0,0,0,0
ENSMUSG00000050397,Foxl2,0,0,0,0,0,2,0,0,1,1,0,0
ENSMUSG00000063382,Bcl9l,453,383,302,269,305,113,320,406,310,354,401,282
ENSMUSG00000039585,Myo9a,954,939,677,650,691,656,436,708,678,863,796,759
ENSMUSG00000087239,Gm7613,0,0,2,1,0,0,1,0,0,0,0,0
ENSMUSG00000110803,Gm20275,7,7,13,9,10,10,3,8,9,7,5,5
ENSMUSG00000047880,Cxcr5,44,45,19,21,23,14,27,34,56,44,31,33
ENSMUSG00000085116,Gm2735,4,2,2,0,0,0,0,1,1,0,0,0
ENSMUSG00000111833,Gm48805,0,2,0,1,1,0,0,0,0,1,1,0
ENSMUSG00000111378,Gm47230,0,1,0,0,1,10,0,0,0,0,0,0
ENSMUSG00000110721,Gm47231,0,0,0,0,0,0,0,0,1,2,0,0
ENSMUSG00000111656,Gm47232,3,10,4,6,8,3,9,4,5,3,10,10
ENSMUSG00000032463,Faim,714,778,602,620,630,762,689,777,786,705,739,655
ENSMUSG00000044860,Gm1123,1,7,1,0,1,1,0,1,0,2,3,1
ENSMUSG00000032292,Nr2e3,0,0,0,0,0,0,0,0,0,0,0,0
ENSMUSG00000084913,Gm7616,0,0,0,0,0,0,0,0,0,0,0,0
ENSMUSG00000084847,Gm15507,0,0,0,0,0,0,0,0,0,0,0,0
ENSMUSG00000032097,Ddx6,6192,5978,5279,5050,5117,3331,3704,5404,5880,5268,5044,4849
ENSMUSG00000111301,Gm30671,0,1,0,2,0,0,1,1,0,0,1,0
ENSMUSG00000111264,E030022I16Rik,66,63,67,53,6,21,15,57,67,50,28,22
ENSMUSG00000111030,Gm47234,6,1,3,6,2,1,5,5,8,7,1,1
ENSMUSG00000111060,Gm47238,0,0,0,0,0,0,0,2,0,0,0,0
ENSMUSG00000111326,Gm3953,2,0,1,1,1,6,0,1,0,1,0,0
ENSMUSG00000110755,BC049987,0,0,0,0,0,0,0,0,0,0,0,0
ENSMUSG00000032175,Tyk2,1986,2096,1793,1800,1466,547,1421,1773,1799,1647,1353,1404
ENSMUSG00000032462,Pik3cb,325,330,248,272,250,173,206,292,290,259,262,222
ENSMUSG00000101498,Gm2950,0,0,0,0,0,0,0,0,0,0,0,0
ENSMUSG00000096316,Faiml,0,0,0,0,0,0,0,0,0,0,0,0
ENSMUSG00000103638,Gm38327,0,0,0,0,1,0,0,0,0,0,0,0
ENSMUSG00000019471,Cdc37,8256,9112,6657,7141,7687,5134,6810,8080,8932,7700,8332,6980
ENSMUSG00000032098,Treh,0,0,0,0,0,0,0,0,0,0,0,0
ENSMUSG00000032289,Thsd4,0,0,0,0,0,4,0,0,0,0,0,0
ENSMUSG00002075160,#N/A,0,0,0,0,0,0,0,0,0,0,0,0
ENSMUSG00000111296,2010001M07Rik,0,0,0,0,0,0,0,0,0,0,0,0
ENSMUSG00000111065,Gm47676,0,0,0,0,0,0,0,0,0,0,0,0
ENSMUSG00000088550,Gm22099,0,0,0,0,0,0,0,0,0,0,0,0
ENSMUSG00000111761,9230112J17Rik,0,0,0,0,0,0,0,0,0,0,0,0
ENSMUSG00000111809,Gm49334,0,0,0,0,0,0,0,0,0,0,0,0
ENSMUSG00000111667,Gm47740,0,0,1,0,0,0,0,0,0,0,0,0
ENSMUSG00000111512,Gm17853,0,0,0,0,0,0,0,0,0,0,0,0
ENSMUSG00000056267,Cep70,122,160,104,93,132,153,121,133,123,130,157,124
ENSMUSG00000111651,Gm47199,0,0,0,0,0,0,0,0,0,0,0,0
ENSMUSG00000111383,Gm18914,0,0,0,0,0,0,0,0,0,0,0,0
ENSMUSG00000100281,4930422M22Rik,0,0,0,0,0,0,0,0,0,0,0,0
ENSMUSG00000103857,Gm37249,4,2,3,3,5,1,1,2,2,4,6,7
ENSMUSG00000032177,Pde4a,157,155,66,59,86,42,39,49,144,130,98,117
ENSMUSG00000097439,Gm16754,14,25,23,29,9,2,30,23,16,19,6,4
ENSMUSG00000037681,Esyt3,0,4,0,1,0,0,0,2,0,0,1,1
ENSMUSG00000103452,1700008A23Rik,0,0,0,0,0,0,0,0,0,0,0,0
ENSMUSG00000100123,Gm28087,0,0,0,0,0,9,0,1,0,1,0,0
ENSMUSG00000003308,Keap1,1689,1708,1244,1241,1392,608,1257,1407,1431,1428,1388,1378
ENSMUSG00000032470,Mras,9,6,8,5,7,2,10,7,5,11,6,1
ENSMUSG00000045087,S1pr5,1,0,0,0,1,0,0,2,0,0,2,0
ENSMUSG00000111623,Gm48303,0,0,0,0,0,2,0,0,0,0,0,0
ENSMUSG00000046242,Nme9,0,0,0,0,0,0,0,0,0,0,0,0
ENSMUSG00000002820,Atg4d,840,913,645,730,732,228,642,662,789,692,617,609
ENSMUSG00000047766,Lrrc49,39,58,39,29,41,40,41,57,28,28,26,29
ENSMUSG00000034839,Larp6,1,0,1,0,0,0,0,1,0,1,0,0
ENSMUSG00000095956,1700036A12Rik,0,0,0,0,0,0,0,0,0,0,0,0
ENSMUSG00000032468,Armc8,1149,1263,994,1066,1013,653,842,1018,1127,1063,1028,918
ENSMUSG00000032469,Dbr1,1115,1083,935,893,906,661,920,1013,1034,896,884,869
ENSMUSG00000037953,A4gnt,0,0,0,0,0,0,0,0,0,0,0,0
ENSMUSG00000034485,Uaca,3,2,1,3,2,3,0,5,2,2,2,2
ENSMUSG00000052143,Gm9869,0,0,0,0,0,0,0,0,0,0,0,0
ENSMUSG00000111444,Gm47923,0,0,0,0,0,0,0,0,0,0,0,0
ENSMUSG00000025650,Col7a1,42,27,50,38,28,11,24,36,42,30,30,40
ENSMUSG00000111290,Gm5122,15,1,3,8,3,3,3,0,8,8,2,1
ENSMUSG00000111147,Gm33699,2,0,1,1,0,0,0,0,0,0,0,0
ENSMUSG00000111180,Gm39348,0,0,0,0,0,0,0,0,0,0,0,0
ENSMUSG00000111169,Gm34004,0,0,0,0,0,0,0,0,0,0,0,0
ENSMUSG00000111354,Gm33914,0,0,0,0,0,0,0,0,0,0,0,0
ENSMUSG00000076142,Mir711,0,0,0,0,0,0,0,0,0,0,0,0
ENSMUSG00000111807,4933433G08Rik,0,0,0,0,0,0,0,0,0,0,0,0
ENSMUSG00000049699,Ucn2,0,0,1,0,2,0,1,0,1,1,0,0
ENSMUSG00000110998,I730028E13Rik,0,0,2,0,0,0,0,0,0,0,0,0
ENSMUSG00000103811,Gm38004,0,0,0,0,1,0,0,0,1,0,0,1
ENSMUSG00000111449,Gm34105,0,0,0,0,0,0,0,0,0,0,0,0
ENSMUSG00000111658,B930092H01Rik,0,0,0,0,0,0,0,0,0,0,0,0
ENSMUSG00000074256,Gm10655,2,5,2,1,5,3,4,4,1,4,1,2
ENSMUSG00000037784,Dzip1l,0,0,0,0,0,4,0,0,0,0,0,0
ENSMUSG00000048537,Phldb1,688,829,531,620,663,251,442,638,692,669,471,435
ENSMUSG00000032473,Cldn18,0,1,0,0,0,1,0,0,0,0,0,0
ENSMUSG00000089655,Gm16004,0,0,0,0,0,0,0,0,0,0,0,0
ENSMUSG00000077215,Gm23949,0,0,0,0,0,0,0,0,0,0,0,0
ENSMUSG00000111280,Gm47239,0,0,0,0,0,0,0,0,0,0,0,0
ENSMUSG00000110929,Gm47757,0,0,0,0,0,0,0,0,0,0,0,0
ENSMUSG00000064658,Gm24166,0,0,0,0,0,0,0,0,0,0,0,0
ENSMUSG00000053747,Sox14,0,0,0,0,0,0,0,0,0,0,0,0
ENSMUSG00000077495,Gm23594,0,0,0,0,0,0,0,0,0,0,0,0
ENSMUSG00000099631,Gm8641,0,1,0,1,1,0,3,2,0,1,0,1
ENSMUSG00000101584,4930519F24Rik,0,0,0,0,0,0,0,0,0,0,0,0
ENSMUSG00000103407,4930540E01Rik,0,0,0,0,0,1,0,0,0,0,0,0
ENSMUSG00000101042,Gm28167,0,0,0,0,0,0,0,0,0,0,0,0
ENSMUSG00000111258,Gm34397,0,0,0,0,0,0,0,0,0,0,0,0
ENSMUSG00000100122,Gm28267,0,0,0,0,0,0,0,0,0,0,0,0
ENSMUSG00000101287,Gm28166,0,0,0,0,0,0,0,0,0,0,0,0
ENSMUSG00000044244,Il20rb,60,64,47,44,23,13,48,66,68,66,37,36
ENSMUSG00000032096,Arcn1,4342,4587,3534,3512,3419,2527,2850,3524,3916,3612,3514,3216
ENSMUSG00000111345,Gm48562,10,8,5,13,4,11,11,11,10,13,12,7
ENSMUSG00000025648,Pfkfb4,31,44,44,23,31,10,27,27,19,21,27,24
ENSMUSG00000032475,Nck1,470,562,384,413,430,355,393,505,490,446,494,433
ENSMUSG00000100176,Gm28586,0,0,1,0,0,0,0,0,0,0,0,2
ENSMUSG00000070287,Slc35g2,0,0,0,0,0,0,0,0,0,0,0,0
ENSMUSG00000002031,Ift46,94,124,93,99,119,62,111,103,93,88,118,101
ENSMUSG00000002032,Tmem25,5,14,6,6,3,4,9,6,3,6,11,8
ENSMUSG00000110750,Gm48702,0,3,0,2,0,0,1,1,0,0,0,1
ENSMUSG00000025647,Shisa5,9204,10596,7965,9744,5906,2960,10361,11472,9133,8982,6607,5855
ENSMUSG00000039438,Ttc36,4,7,3,5,1,0,3,3,2,0,1,2
ENSMUSG00000049734,Trex1,0,0,0,0,0,0,0,0,0,0,0,0
ENSMUSG00000025646,Atrip,664,749,596,654,492,243,457,593,535,606,476,457
ENSMUSG00000091537,Tma7,269,294,252,275,283,91,330,253,307,261,299,257
ENSMUSG00000025645,Ccdc51,205,229,192,160,229,84,151,178,227,171,224,215
ENSMUSG00000025644,Gm7628,0,0,0,0,1,0,0,0,0,1,0,0
ENSMUSG00000002028,Kmt2a,4968,4788,4597,4042,4113,3122,2935,5142,3915,3921,4374,4202
ENSMUSG00000037286,Stag1,1925,2083,1775,1762,2057,1394,1366,1944,1945,1790,1977,1777
ENSMUSG00000111017,Gm48314,12,4,20,8,3,10,3,26,9,16,10,15
ENSMUSG00000110773,Gm39326,4,3,3,5,1,0,2,6,4,5,5,5
ENSMUSG00000080358,Gm26249,0,0,0,0,0,0,0,0,0,0,0,0
ENSMUSG00000111164,Gm47803,0,0,0,0,0,0,0,0,0,0,0,0
ENSMUSG00000086225,Gm8661,7,14,13,16,12,3,16,10,7,9,8,2
ENSMUSG00000103657,Gm37204,3,3,5,4,3,4,2,6,4,9,1,5
ENSMUSG00000104272,Gm38297,2,1,0,0,0,2,3,1,2,2,1,2
ENSMUSG00000103624,Gm3081,4,3,5,2,1,3,2,6,1,1,1,2
ENSMUSG00000053646,Plxnb1,17,12,6,11,14,4,15,14,8,10,16,12
ENSMUSG00000038717,Atp5l,260,210,193,165,163,186,177,188,212,188,217,157
ENSMUSG00000111082,Gm30934,0,0,2,0,0,1,2,0,2,1,0,1
ENSMUSG00000047237,Fbxw21,0,0,0,0,0,0,0,0,0,0,0,0
ENSMUSG00000032527,Pccb,271,281,201,189,178,104,241,252,292,207,225,198
ENSMUSG00000049314,Fbxw13,0,0,0,0,0,0,0,0,0,0,0,0
ENSMUSG00000100563,Gm3096,0,0,0,0,0,0,0,0,0,0,0,0
ENSMUSG00000066415,Msl2,2831,2849,2354,2185,2457,1782,1748,2389,2674,2478,2588,2363
ENSMUSG00000104383,Gm37553,16,19,9,6,13,10,6,5,12,5,29,15
ENSMUSG00000061701,Fbxw20,0,0,0,0,0,1,0,0,0,0,0,0
ENSMUSG00000043154,Ppp2r3a,2041,2152,1723,1720,1946,1676,1297,1912,1581,1683,1677,1508
ENSMUSG00000104392,Gm37962,3,0,2,2,1,2,2,2,2,3,0,2
ENSMUSG00000103672,Gm37621,5,0,1,2,0,0,0,2,1,2,2,3
ENSMUSG00000104061,Gm37953,0,1,0,1,0,0,0,1,0,0,2,1
ENSMUSG00000102452,Gm38344,2,8,5,3,0,0,0,0,3,5,2,3
ENSMUSG00000104094,Gm37314,13,5,4,7,2,6,6,8,5,7,10,6
ENSMUSG00000077393,Gm24338,0,0,0,0,0,0,0,0,0,0,0,0
ENSMUSG00000101001,Gm3121,0,0,0,0,0,0,0,0,0,0,0,0
ENSMUSG00000099947,Gm28660,0,0,0,0,0,0,0,0,0,0,0,0
ENSMUSG00000101941,Gm28979,0,0,0,0,0,0,0,0,0,0,0,0
ENSMUSG00000119713,#N/A,0,0,0,0,0,0,0,0,0,0,0,0
ENSMUSG00000101550,Gm29385,0,0,0,0,0,0,0,0,0,0,0,0
ENSMUSG00000061486,Gm5161,1,0,1,1,0,0,0,0,1,2,0,1
ENSMUSG00000111696,Gm47932,0,0,0,0,0,0,0,0,0,0,0,0
ENSMUSG00000111269,Gm47933,0,0,0,0,0,0,0,0,0,0,0,0
ENSMUSG00000105589,Fbxw14,0,0,0,0,0,0,0,0,0,0,0,0
ENSMUSG00000111672,Gm47934,0,0,0,0,0,0,0,0,0,0,0,0
ENSMUSG00000119686,#N/A,0,0,0,0,0,0,0,0,0,0,0,0
ENSMUSG00000100807,Gm29521,0,0,0,0,0,1,0,0,0,0,0,0
ENSMUSG00000057710,9630041A04Rik,0,0,0,0,1,1,0,0,0,0,0,0
ENSMUSG00000104282,Gm37460,0,0,0,0,1,1,0,0,0,0,0,0
ENSMUSG00000059890,Ube4a,1821,1867,1668,1637,1523,892,1149,1613,1484,1334,1491,1285
ENSMUSG00000111241,Gm19121,0,0,0,0,0,0,0,0,0,0,0,0
ENSMUSG00000002033,Cd3g,5206,6481,4573,5234,4604,3142,5513,5458,5478,5032,4259,3894
ENSMUSG00000054087,Fbxw28,0,0,0,0,0,0,0,0,0,0,0,0
ENSMUSG00000119395,#N/A,0,0,0,0,0,0,0,0,0,0,0,0
ENSMUSG00000119199,#N/A,0,0,0,0,0,0,0,0,0,0,0,0
ENSMUSG00000032094,Cd3d,3636,4954,3326,3806,3597,1481,4021,3677,4055,3765,2933,2921
ENSMUSG00000032537,Ephb1,0,0,0,0,0,0,0,0,0,0,1,0
ENSMUSG00000070324,Fbxw22,0,0,0,0,0,0,0,0,0,0,0,0
ENSMUSG00000103026,Gm31326,0,0,0,0,0,0,0,0,0,0,0,0
ENSMUSG00000104041,Gm37562,0,0,0,0,0,0,0,1,0,0,1,0
ENSMUSG00000065107,n-R5s88,0,0,0,0,0,0,0,0,0,0,0,0
ENSMUSG00000101648,Gm29388,0,0,0,0,0,0,0,0,0,0,0,0
ENSMUSG00000102963,Gm37945,0,0,0,0,0,0,0,0,0,0,0,0
ENSMUSG00000102702,Gm37260,0,0,0,0,0,0,0,0,0,0,0,0
ENSMUSG00000098521,Mir7243,0,0,0,0,0,0,0,0,0,0,0,0
ENSMUSG00002075265,#N/A,0,0,0,0,0,0,0,0,0,0,0,0
ENSMUSG00000074062,Fbxw16,0,0,0,0,0,0,0,0,0,0,0,0
ENSMUSG00000111859,Gm47983,0,0,0,0,0,0,0,0,0,0,0,0
ENSMUSG00000032093,Cd3e,5512,5927,4427,4713,4625,5449,5429,5496,4803,4322,5194,4214
ENSMUSG00000105162,Gm42494,0,0,0,0,0,0,0,0,0,0,0,0
ENSMUSG00000106134,Gm42493,0,0,0,0,0,1,0,0,0,0,0,0
ENSMUSG00000111203,Gm48719,3,0,0,1,1,1,2,1,3,0,3,1
ENSMUSG00000111690,Gm48720,8,10,13,8,8,9,2,13,8,16,5,19
ENSMUSG00000074061,Fbxw19,0,0,0,0,0,0,0,0,0,0,0,0
ENSMUSG00000035606,Ky,0,0,0,1,0,1,0,2,0,1,0,0
ENSMUSG00002075918,#N/A,0,0,0,0,0,0,0,0,0,0,0,0
ENSMUSG00000104572,Fbxw23,0,0,0,0,0,0,0,0,0,0,0,0
ENSMUSG00000101563,Gm7364,0,0,0,0,0,0,0,0,0,0,0,0
ENSMUSG00000104674,Gm42756,0,0,0,0,0,0,0,0,0,0,0,0
ENSMUSG00000102126,Gm29143,0,0,0,0,0,0,0,0,0,0,0,0
ENSMUSG00000105948,Gm43089,0,0,0,0,0,0,0,0,0,0,0,0
ENSMUSG00000100279,Gm29387,0,0,0,0,0,0,0,0,0,0,0,0
ENSMUSG00000110739,Gm17950,0,0,0,0,0,0,0,0,0,0,0,0
ENSMUSG00000032092,Mpzl2,1458,1660,1466,1542,1896,1123,998,1178,1360,1233,875,800
ENSMUSG00000110899,Gm48840,18,12,9,8,8,3,11,7,9,3,7,6
ENSMUSG00000070305,Mpzl3,1872,2145,1703,1868,1651,905,1407,1930,1570,1607,1160,1069
ENSMUSG00000074060,Fbxw15,0,0,0,0,0,1,0,0,0,0,0,0
ENSMUSG00000106495,Gm42755,0,0,0,0,0,0,0,0,0,0,0,0
ENSMUSG00000062275,Fbxw24,0,0,0,0,0,0,0,0,0,0,0,0
ENSMUSG00000094992,Fbxw25,0,0,0,0,0,0,0,0,0,0,0,0
ENSMUSG00000048534,Jaml,1200,1476,1422,1559,1234,687,1247,1483,1112,1010,882,787
ENSMUSG00000074059,Fbxw18,0,0,0,0,0,0,0,0,0,0,0,0
ENSMUSG00000104567,Gm43209,0,0,0,0,0,3,0,0,0,0,0,0
ENSMUSG00000074385,Gm10684,1,0,0,1,1,0,1,0,0,1,0,0
ENSMUSG00000111070,Gm47596,0,0,0,0,0,1,0,0,0,0,0,0
ENSMUSG00000059547,Fbxw26,0,0,0,0,0,1,0,0,0,0,0,0
ENSMUSG00000070304,Scn2b,40,27,25,16,27,22,18,19,25,22,20,24
ENSMUSG00000046480,Scn4b,9,15,11,2,12,2,8,8,15,15,4,8
ENSMUSG00000032534,Cep63,633,736,593,626,656,451,578,612,659,622,642,583
ENSMUSG00000104614,Fbxw27,0,0,0,0,0,0,0,0,0,0,0,0
ENSMUSG00000111811,Gm39327,0,0,0,0,0,0,1,0,0,0,0,0
ENSMUSG00000050074,Spink8,0,0,0,0,0,0,0,0,0,0,0,0
ENSMUSG00000070282,3000002C10Rik,79,82,75,76,80,27,75,59,93,77,78,69
ENSMUSG00000035048,Anapc13,188,209,212,191,242,241,221,245,223,218,234,228
ENSMUSG00000099491,4930533D04Rik,0,0,0,0,0,0,0,0,0,0,0,0
ENSMUSG00000102200,Gm36957,0,0,0,0,0,0,0,0,0,0,0,0
ENSMUSG00000032091,Tmprss4,2,1,1,1,1,0,0,1,1,5,0,3
ENSMUSG00000091659,Gm17099,0,0,0,0,0,0,0,0,0,0,0,0
ENSMUSG00000091996,BC049352,3,1,3,4,1,0,2,5,2,0,1,0
ENSMUSG00000032478,Nme6,224,205,175,185,229,81,216,191,200,171,222,187
ENSMUSG00000032089,Il10ra,802,1002,895,892,773,377,1000,1318,932,868,619,564
ENSMUSG00000093722,Gm20612,0,0,0,0,0,0,1,0,0,1,0,0
ENSMUSG00000098361,Mir7086,1,0,0,0,0,0,0,0,0,0,0,0
ENSMUSG00000111075,Gm47964,1,0,0,0,0,0,0,0,0,0,0,0
ENSMUSG00000085831,Lncbate3,0,0,0,0,0,0,0,0,0,0,0,0
ENSMUSG00000038357,Camp,0,0,0,0,0,1,0,0,0,0,0,0
ENSMUSG00000037129,Tmprss13,1,0,0,0,1,0,2,3,1,2,0,1
ENSMUSG00000066705,Fxyd6,2,0,0,0,0,0,1,0,0,1,0,0
ENSMUSG00000032477,Cdc25a,3411,3489,2809,2886,2997,1450,2837,3377,2951,2706,3002,2725
ENSMUSG00000032531,Amotl2,19,22,14,16,11,7,7,6,16,16,12,7
ENSMUSG00000098490,Mir7089,0,4,1,1,0,0,0,0,2,0,0,2
ENSMUSG00000105191,Gm4644,0,0,0,0,0,0,0,0,0,0,0,0
ENSMUSG00000093812,Gm5627,0,0,0,0,0,0,0,0,0,0,0,0
ENSMUSG00000102204,Gm36958,0,0,0,0,0,0,0,0,0,0,0,0
ENSMUSG00000110884,Gm47416,0,0,0,0,0,0,0,0,0,0,0,0
ENSMUSG00000111395,Gm18655,0,0,0,0,0,0,0,0,0,0,0,0
ENSMUSG00000032280,Tle3,13401,13791,10459,10666,7576,3391,7242,9703,11857,11719,6443,6157
ENSMUSG00000111033,Gm34322,0,0,0,0,0,0,0,0,0,0,0,0
ENSMUSG00000111635,Gm47240,0,0,0,0,1,0,0,0,0,1,0,1
ENSMUSG00000111381,Gm34424,0,0,0,0,0,0,0,0,0,0,0,0
ENSMUSG00000111739,Gm47241,0,0,0,0,0,0,0,0,0,0,0,0
ENSMUSG00000110968,Gm19208,0,0,0,1,0,0,0,0,0,0,0,0
ENSMUSG00000007892,Rplp1,15954,19719,14321,16639,16463,4907,17934,17064,18346,14722,16005,14637
ENSMUSG00000032547,Ryk,1444,1348,1075,1097,1179,833,1074,1164,1382,1166,983,922
ENSMUSG00000110877,Gm47427,1,0,0,2,0,0,1,1,2,1,0,1
ENSMUSG00000059412,Fxyd2,0,0,0,2,1,1,0,0,1,0,0,0
ENSMUSG00000111186,Gm48135,0,0,0,0,0,0,0,0,0,0,0,0
ENSMUSG00000097074,4833428L15Rik,0,0,0,0,0,0,0,0,0,0,0,0
ENSMUSG00000032254,Kif23,1264,1255,1425,1309,2146,1694,1532,1862,1195,1105,1706,1582
ENSMUSG00000032548,Slco2a1,2,1,0,0,0,0,0,1,1,0,1,0
ENSMUSG00002076769,#N/A,0,0,0,0,0,0,0,0,0,0,0,0
ENSMUSG00002075362,#N/A,0,0,0,0,0,0,0,0,0,0,0,0
ENSMUSG00000077438,Gm22595,0,0,0,0,0,0,0,0,0,0,0,0
ENSMUSG00000110765,Gm47468,0,0,0,0,0,0,0,0,0,0,0,0
ENSMUSG00000032278,Paqr5,1,2,0,0,0,0,0,0,0,0,0,0
ENSMUSG00002075495,#N/A,0,0,0,0,0,0,0,0,0,0,0,0
ENSMUSG00000032549,Rab6b,56,77,53,54,53,48,39,55,71,66,99,84
ENSMUSG00000102461,Gm37166,3,3,3,4,5,1,2,0,2,2,5,7
ENSMUSG00000032252,Glce,616,750,619,680,621,305,477,625,608,564,487,453
ENSMUSG00000092696,Mir5133,0,0,0,0,0,0,0,0,0,0,0,0
ENSMUSG00000110826,Gm47262,0,0,0,0,0,2,0,0,0,0,0,0
ENSMUSG00000111232,A730043L09Rik,0,0,0,0,0,0,0,0,0,0,0,0
ENSMUSG00002076714,#N/A,0,0,0,0,0,0,0,0,0,0,0,0
ENSMUSG00000046846,Spesp1,0,0,0,0,0,0,0,0,0,0,0,0
ENSMUSG00000111193,Gm35288,0,0,0,0,0,1,0,0,0,0,0,0
ENSMUSG00000032553,Srprb,2194,2400,1813,1899,1939,819,1827,1923,2178,1847,1563,1615
ENSMUSG00000032087,Dscaml1,2,4,2,1,1,2,1,0,0,1,1,0
ENSMUSG00000119912,#N/A,0,0,0,0,0,0,0,0,0,0,0,0
ENSMUSG00000032249,Anp32a,6041,6232,5027,5450,5072,5263,5493,6358,5864,5256,5112,4238
ENSMUSG00000041729,Coro2b,9,18,14,11,3,5,8,14,11,7,2,4
ENSMUSG00002075135,#N/A,0,0,0,0,0,0,0,0,0,0,0,0
ENSMUSG00000032554,Trf,57,64,39,34,19,6,26,29,39,38,20,25
ENSMUSG00000032243,Itga11,2,1,1,0,0,0,0,1,1,0,0,0
ENSMUSG00000111537,Gm7653,0,0,0,0,0,0,1,0,0,0,0,0
ENSMUSG00000033688,1300017J02Rik,1,2,0,0,3,1,1,3,1,2,2,1
ENSMUSG00000032244,Fem1b,1913,2165,2166,2051,2353,1361,1456,1973,1914,1866,2024,1982
ENSMUSG00000043987,Cep164,250,213,206,212,216,132,190,238,205,176,234,226
ENSMUSG00000032245,Cln6,355,383,252,277,285,123,316,321,320,312,280,284
ENSMUSG00000110997,2610028D06Rik,3,3,6,0,0,0,0,1,3,1,0,5
ENSMUSG00000074250,Gm10653,2,6,1,6,2,1,2,2,4,7,3,4
ENSMUSG00000098194,Gm7286,13,10,7,6,9,1,8,16,7,9,4,6
ENSMUSG00000111805,Gm47274,0,0,0,0,0,0,0,0,0,0,0,0
ENSMUSG00000032479,Map4,2500,2550,1885,1824,1782,1235,1516,2162,2009,1885,1933,1821
ENSMUSG00000032246,Calml4,0,0,0,0,3,0,0,0,0,0,0,0
ENSMUSG00000106208,Gm4734,3,1,1,1,2,0,1,0,4,3,0,6
ENSMUSG00000105856,Gm43732,0,0,0,0,0,0,0,0,0,0,0,0
ENSMUSG00000105230,Gm42433,0,0,2,0,1,0,0,0,4,0,0,0
ENSMUSG00000105962,Gm42432,0,2,5,0,3,3,4,2,3,5,3,7
ENSMUSG00000032555,Topbp1,4793,4967,5037,4740,5434,3674,3969,5571,4546,4107,5278,4945
ENSMUSG00000032086,Bace1,0,0,1,1,0,2,2,0,2,1,0,0
ENSMUSG00000089810,Gm16536,39,50,29,49,62,29,51,45,34,38,54,43
ENSMUSG00000111128,Gm49338,84,88,66,59,62,44,58,68,65,64,82,54
ENSMUSG00000032405,Pias1,815,956,725,702,774,719,742,771,795,772,788,715
ENSMUSG00000064855,Gm24526,0,0,0,0,0,0,0,0,0,0,0,0
ENSMUSG00000111144,Gm48193,0,0,0,0,0,0,0,0,0,0,0,0
ENSMUSG00000111297,Gm6082,0,0,0,0,0,0,0,0,0,0,0,0
ENSMUSG00000118764,#N/A,0,0,0,0,0,0,0,0,0,0,0,0
ENSMUSG00000032803,Cdv3,6376,6521,5328,5484,5131,2407,4060,4826,6164,5437,4896,5025
ENSMUSG00000101419,Gm29600,0,0,0,0,0,0,0,0,0,0,0,0
ENSMUSG00000111399,Gm47328,0,0,0,0,1,2,0,0,0,0,0,0
ENSMUSG00000086236,5830418P13Rik,6,7,2,3,8,1,2,4,10,2,5,6
ENSMUSG00000022245,Skor1,1,0,0,0,0,0,0,0,0,0,1,0
ENSMUSG00000032556,Bfsp2,0,3,0,2,0,0,0,1,0,1,1,1
ENSMUSG00000085168,Gm16252,0,0,0,0,0,0,1,0,0,0,0,0
ENSMUSG00000058444,Map2k5,588,658,477,488,521,362,516,502,614,547,574,496
ENSMUSG00000032403,2300009A05Rik,153,179,131,137,148,81,140,145,142,136,131,131
ENSMUSG00000042757,Tmem108,35,43,20,22,16,25,52,29,32,27,22,24
ENSMUSG00000111278,Gm32743,0,0,0,0,0,0,0,0,0,0,0,0
ENSMUSG00000086539,Gm16759,2,0,0,0,0,2,2,0,0,0,0,1
ENSMUSG00002076725,#N/A,0,0,0,0,0,0,0,0,0,0,0,0
ENSMUSG00000102257,Gm37649,0,0,0,0,0,0,1,0,0,0,1,0
ENSMUSG00000099616,4932413F04Rik,0,0,0,0,0,0,0,0,0,0,0,0
ENSMUSG00000102441,Gm38032,0,0,0,0,1,0,0,0,0,0,0,1
ENSMUSG00000100266,Gm5372,0,0,0,0,0,0,0,0,0,0,0,0
ENSMUSG00000099722,Gm29154,0,0,0,1,0,0,0,0,0,0,0,0
ENSMUSG00000111035,Gm33054,0,0,0,0,0,0,0,0,0,0,1,0
ENSMUSG00000042790,Rnf214,409,387,308,290,331,273,264,322,335,314,383,350
ENSMUSG00000087734,Gm24646,0,0,0,1,0,1,1,1,0,0,0,1
ENSMUSG00000032558,Nphp3,61,74,67,69,66,42,66,93,53,58,68,65
ENSMUSG00000101152,Gm28305,0,0,0,0,0,0,0,0,0,0,0,0
ENSMUSG00000103062,Gm37200,1,3,1,5,3,0,4,1,1,2,1,2
ENSMUSG00000035382,Pcsk7,493,518,389,386,391,167,338,437,442,360,431,395
ENSMUSG00000037801,Iqch,2,0,0,0,0,1,1,0,0,0,2,0
ENSMUSG00000093137,Gm25995,0,0,0,0,0,0,0,0,0,0,0,0
ENSMUSG00000091866,Gm6257,0,0,0,0,0,0,1,0,0,0,0,0
ENSMUSG00000032085,Tagln,4,2,8,12,2,4,9,4,4,5,2,1
ENSMUSG00000111521,Gm48529,71,97,60,70,50,39,54,75,73,80,48,46
ENSMUSG00000037257,Aagab,937,1176,901,843,929,374,756,873,1009,907,860,826
ENSMUSG00000032557,Uba5,1684,1860,1351,1366,1174,706,1265,1326,1406,1345,1167,1033
ENSMUSG00000104268,Gm37750,0,0,0,0,0,0,0,0,0,0,0,0
ENSMUSG00000032402,Smad3,2026,2014,1485,1478,1344,747,888,1325,1756,1728,1167,1039
ENSMUSG00000111137,Gm2553,0,0,0,0,0,0,0,0,0,0,0,0
ENSMUSG00000110768,Gm18541,0,1,0,2,0,0,1,0,0,0,1,0
ENSMUSG00000111058,Gm36033,0,0,0,0,0,0,0,0,0,0,0,0
ENSMUSG00000036867,Smad6,0,0,1,0,1,0,0,0,0,0,0,1
ENSMUSG00000093616,1700055C04Rik,0,0,0,0,0,0,0,0,0,0,0,0
ENSMUSG00002076536,#N/A,0,0,0,0,0,0,0,0,0,0,0,0
ENSMUSG00000093759,Scarletltr,0,0,0,0,0,0,0,0,0,0,0,0
ENSMUSG00000090150,Acad11,191,175,131,133,121,63,96,135,120,105,150,133
ENSMUSG00000032198,Dock6,104,100,71,80,50,25,47,60,67,52,49,50
ENSMUSG00000079355,Ackr4,0,0,0,0,0,0,0,0,0,0,0,1
ENSMUSG00000111039,Gm47000,0,1,0,2,0,2,0,0,0,1,0,0
ENSMUSG00000111218,Gm46999,0,1,1,0,0,0,0,1,1,1,0,0
ENSMUSG00000098473,Mir7083,0,0,0,0,0,0,0,0,0,0,0,0
ENSMUSG00000032401,Lctl,2,7,2,11,0,2,6,2,3,3,2,0
ENSMUSG00000047822,Angptl8,0,0,0,0,0,0,0,0,0,0,0,0
ENSMUSG00000111766,Gm47873,0,0,0,0,0,0,0,0,0,0,0,0
ENSMUSG00000032480,Dhx30,3620,4239,3054,3133,3182,1237,2703,3016,3504,3106,3037,2919
ENSMUSG00002075921,#N/A,0,0,0,0,0,0,0,0,0,0,0,0
ENSMUSG00000019066,Rab3d,32,39,19,18,24,12,28,31,25,21,26,21
ENSMUSG00000040883,Tmem205,25,29,19,32,23,1,28,39,16,27,24,17
ENSMUSG00000032560,Dnajc13,2898,2980,2436,2405,2324,1837,1591,2460,2528,2439,2514,2212
ENSMUSG00000099773,Hmgb1-rs16,4,8,5,2,3,2,4,7,3,3,3,5
ENSMUSG00000104040,Gm37563,2,1,0,4,1,1,1,3,3,1,1,0
ENSMUSG00000032400,Zwilch,319,367,455,449,705,494,440,530,353,326,569,504
ENSMUSG00000006241,Ccdc159,5,2,5,4,1,0,1,5,3,1,1,0
ENSMUSG00000034908,Sidt2,4660,4999,3787,3752,3346,1357,3145,3955,4261,4114,2900,2923
ENSMUSG00000098327,Mir7087,1,0,1,0,0,0,0,0,0,1,0,0
ENSMUSG00000111329,A830035O19Rik,7,5,8,7,7,2,3,5,12,12,2,4
ENSMUSG00000032399,Rpl4,57109,68074,48167,53724,49442,40418,49613,55946,57020,51197,51417,44467
ENSMUSG00000065752,Gm23344,8,4,11,12,2,2,5,2,5,12,3,5
ENSMUSG00000119388,#N/A,0,0,0,0,0,0,0,0,0,0,0,0
ENSMUSG00000064918,Gm22571,26,16,27,18,10,3,15,18,24,23,16,13
ENSMUSG00000119765,#N/A,20,19,16,13,9,1,7,10,16,10,9,8
ENSMUSG00000064514,Gm22455,6,4,2,2,2,1,3,2,2,4,2,4
ENSMUSG00000032398,Snapc5,235,261,185,178,199,167,234,211,218,230,242,230
ENSMUSG00000032561,Acpp,41,35,28,19,10,9,16,10,19,19,11,13
ENSMUSG00000100346,Gm28996,0,0,0,0,0,0,0,0,0,0,0,0
ENSMUSG00000099599,Gm28548,0,0,0,0,0,0,0,0,0,0,0,0
ENSMUSG00000089406,Mir2136,0,0,0,0,0,0,0,0,0,0,0,0
ENSMUSG00000089116,Gm25904,0,0,0,0,0,0,0,0,0,0,0,0
ENSMUSG00000040563,Plppr2,14,10,10,8,11,3,15,19,13,7,13,6
ENSMUSG00000051238,Swsap1,105,135,109,118,98,26,105,104,143,110,90,71
ENSMUSG00000004936,Map2k1,1012,1193,867,817,1022,414,907,951,1078,882,1070,939
ENSMUSG00000006235,Epor,27,34,45,33,41,9,35,38,24,24,29,35
ENSMUSG00002075562,#N/A,0,0,0,0,0,1,0,0,0,0,0,0
ENSMUSG00000111160,Gm48855,0,0,0,0,0,3,1,0,0,0,0,0
ENSMUSG00000035337,Uchl4,11,17,17,7,18,13,13,5,4,12,20,14
ENSMUSG00000003131,Pafah1b2,3230,3256,2748,2559,2704,1747,2592,2979,3065,2548,2658,2564
ENSMUSG00000032397,Tipin,1714,1866,1505,1596,1893,1609,2008,1928,1766,1533,2082,1776
ENSMUSG00000088254,Gm24289,5,1,0,1,2,1,0,1,1,0,0,1
ENSMUSG00000032564,Cpne4,0,0,0,0,0,1,0,0,0,0,0,0
ENSMUSG00002076590,#N/A,0,0,0,0,0,0,0,0,0,0,0,0
ENSMUSG00000040146,Rgl3,0,0,0,0,0,0,0,0,0,0,1,0
ENSMUSG00000039632,Ccdc151,1,0,0,0,0,0,0,0,0,0,2,3
ENSMUSG00000032563,Mrpl3,2539,3027,2201,2301,2441,1178,2125,2121,2716,2398,2229,2100
ENSMUSG00000104344,Gm38077,263,239,230,222,149,87,114,221,213,243,153,152
ENSMUSG00000111044,Gm47106,0,0,0,0,0,0,0,0,0,0,0,0
ENSMUSG00000111472,Gm47103,0,0,0,0,0,0,0,0,0,0,0,0
ENSMUSG00000111824,Gm47102,0,0,0,0,0,0,0,0,0,0,0,0
ENSMUSG00000032481,Smarcc1,6606,6856,5883,5823,6549,5356,4765,6664,6476,6082,6538,5783
ENSMUSG00000105187,Gm23377,0,0,0,0,0,0,0,0,0,0,0,0
ENSMUSG00000064877,Gm23377,0,0,0,0,0,0,0,0,0,0,0,0
ENSMUSG00000032565,Nudt16,212,241,182,182,198,75,216,182,197,198,169,164
ENSMUSG00000034135,Sik3,6701,6948,6476,6432,5127,3593,5052,6981,5226,5049,4669,4219
ENSMUSG00000032566,Nudt16l2,0,0,0,0,0,0,0,0,0,0,0,0
ENSMUSG00000032083,Apoa1,0,2,1,0,0,0,0,0,0,2,0,0
ENSMUSG00000032482,Cspg5,16,10,14,11,11,12,6,13,11,6,11,13
ENSMUSG00000104988,Gm43622,0,0,0,0,0,0,0,0,0,0,0,0
ENSMUSG00000098973,Mir6236,9184,8507,15276,12073,8906,16355,24123,25378,7974,8432,6013,5577
ENSMUSG00000105484,Gm42775,0,0,0,0,0,0,0,0,0,0,0,0
ENSMUSG00000032081,Apoc3,0,0,0,0,0,0,0,0,0,0,0,0
ENSMUSG00000111282,Gm47528,0,0,0,0,0,0,0,0,0,0,0,0
ENSMUSG00000032080,Apoa4,0,0,0,0,0,0,0,0,0,0,0,0
ENSMUSG00000074373,Gm10680,0,0,0,0,0,0,0,0,0,0,0,0
ENSMUSG00000032396,Dis3l,929,1002,691,697,809,542,694,742,933,794,907,771
ENSMUSG00000035032,Nek11,2,2,2,2,7,1,1,2,2,3,3,0
ENSMUSG00000103118,Gm37582,0,0,0,0,0,0,0,0,0,0,0,0
ENSMUSG00000093590,Gm20643,0,0,0,0,0,0,0,0,0,0,0,0
ENSMUSG00000085430,Gm15619,0,0,0,0,0,0,0,0,0,0,0,0
ENSMUSG00000054836,Elp6,274,315,245,243,278,82,260,232,298,216,216,195
ENSMUSG00000106123,Gm42638,0,2,2,1,1,5,0,1,3,1,4,2
ENSMUSG00000032079,Apoa5,0,0,0,0,0,0,0,0,0,0,0,0
ENSMUSG00000111403,Gm47544,0,0,0,0,0,0,0,0,0,0,0,0
ENSMUSG00000003402,Prkcsh,3828,4399,3284,3437,3287,1459,3281,3355,3289,3008,3066,2770
ENSMUSG00000032567,Aste1,577,662,529,531,476,259,453,464,495,514,406,380
ENSMUSG00000032485,Scap,4504,4620,3553,3737,3736,1239,3024,3711,4235,3907,3318,3328
ENSMUSG00000091102,5830462I19Rik,2,0,0,2,2,1,1,1,0,0,0,3
ENSMUSG00000003410,Elavl3,1,4,3,1,3,3,1,5,0,0,3,0
ENSMUSG00000111842,Gm49318,0,0,0,0,0,0,0,0,0,0,0,0
ENSMUSG00000036057,Ptpn23,1378,1518,1107,1055,1033,660,893,1175,1125,1071,1204,1088
ENSMUSG00000038895,Zfp653,479,528,394,420,402,235,396,411,476,369,440,389
ENSMUSG00000032484,Ngp,0,0,0,0,0,0,0,0,0,0,0,0
ENSMUSG00000096981,Gm16845,58,47,49,64,36,16,69,49,52,43,38,52
ENSMUSG00000032078,Zpr1,2832,3296,2391,2666,2339,997,2101,2252,2684,2464,2245,2157
ENSMUSG00000066839,Ecsit,610,729,505,514,602,287,444,533,617,504,629,580
ENSMUSG00000111446,Gm6581,0,4,3,1,5,1,0,3,4,4,3,2
ENSMUSG00000032077,Bud13,924,994,784,699,763,579,731,927,946,875,813,703
ENSMUSG00000054792,Klhl18,280,297,231,238,247,160,206,259,251,240,271,248
ENSMUSG00000056617,4931429L15Rik,0,0,0,0,0,0,0,0,0,0,0,0
ENSMUSG00000111126,Gm39329,2,0,0,0,0,0,0,0,0,0,0,0
ENSMUSG00000097463,4930448E22Rik,0,0,0,0,0,0,0,0,3,0,0,0
ENSMUSG00000110864,Gm31374,0,0,0,0,0,0,0,0,0,0,0,0
ENSMUSG00000110802,Gm47141,0,0,0,0,0,0,0,0,0,0,0,0
ENSMUSG00000111115,Gm47144,0,0,0,0,0,0,0,0,0,0,0,0
ENSMUSG00000110767,Gm31432,0,0,0,0,0,0,0,0,0,0,0,0
ENSMUSG00000077383,Gm22659,0,0,0,0,0,0,0,0,0,0,0,0
ENSMUSG00000111649,Gm48945,0,0,0,0,0,0,0,0,0,0,0,0
ENSMUSG00000064673,Gm22805,0,0,0,0,0,0,0,0,0,0,0,0
ENSMUSG00000111800,Gm31557,0,0,0,0,0,0,0,0,0,0,0,0
ENSMUSG00000111783,Gm8863,0,0,0,0,0,0,0,0,0,0,0,0
ENSMUSG00000111236,Gm31614,0,0,0,0,0,2,0,0,0,0,1,0
ENSMUSG00000001349,Cnn1,2,0,0,0,0,0,0,0,0,0,0,0
ENSMUSG00000099696,2900052N01Rik,0,0,0,0,0,0,0,0,0,0,0,0
ENSMUSG00000111482,Gm47153,0,0,0,0,0,0,0,0,0,0,0,0
ENSMUSG00000094893,Gm4791,0,0,0,0,0,0,0,0,0,0,0,0
ENSMUSG00000036466,Megf11,10,16,5,6,2,2,8,3,10,4,4,0
ENSMUSG00000111669,Gm31698,0,0,0,0,0,0,0,0,0,0,0,0
ENSMUSG00000013822,Elof1,600,689,493,561,691,257,615,535,604,541,585,561
ENSMUSG00000109844,Gm31816,0,0,0,0,0,0,0,0,0,0,1,0
ENSMUSG00000098646,Mir7084,0,0,0,0,0,0,0,0,0,0,0,0
ENSMUSG00000111755,Gm47160,0,0,0,0,0,0,0,0,0,0,0,0
ENSMUSG00000111703,Gm47161,0,0,0,0,0,2,0,1,0,0,0,0
ENSMUSG00000111856,6530413G14Rik,0,0,4,0,0,1,0,0,2,1,0,0
ENSMUSG00000118913,#N/A,0,0,0,0,0,0,0,0,0,0,0,0
ENSMUSG00000004771,Rab11a,819,776,634,683,690,542,760,770,813,743,717,656
ENSMUSG00002076457,#N/A,0,0,0,0,0,0,0,0,0,0,0,0
ENSMUSG00000001348,Acp5,335,477,303,342,231,59,394,419,341,317,249,204
ENSMUSG00000010607,Pigyl,67,72,47,53,66,15,59,74,56,58,55,54
ENSMUSG00000109765,Gm18227,0,0,0,0,0,0,0,0,0,0,0,0
ENSMUSG00000061167,Rpl15-ps3,0,0,0,0,0,0,0,0,0,0,0,0
ENSMUSG00000074472,Zfp872,0,0,0,0,0,0,0,0,0,0,0,0
ENSMUSG00000090925,1810064F22Rik,0,0,0,0,0,2,0,0,0,0,0,0
ENSMUSG00000110757,Gm18228,0,0,0,0,0,0,0,0,0,0,0,0
ENSMUSG00000053641,Dennd4a,2121,1960,1860,1831,1499,1143,1118,1725,1637,1633,1825,1666
ENSMUSG00000089336,Gm24347,0,0,0,0,0,0,0,0,0,0,0,0
ENSMUSG00000057982,Zfp809,831,714,678,640,753,884,538,750,765,753,870,762
ENSMUSG00000111424,Gm48478,10,10,18,15,11,16,7,14,15,18,16,17
ENSMUSG00000034452,Slc24a1,0,0,0,0,0,0,0,0,0,0,0,0
ENSMUSG00000062794,Zfp599,156,163,113,117,194,220,116,181,137,147,207,190
ENSMUSG00000111205,Gm39307,1,1,0,1,1,1,0,0,1,0,2,0
ENSMUSG00000032489,Kif9,5,7,9,8,5,1,3,8,3,4,5,7
ENSMUSG00000066829,Zfp810,69,55,39,52,54,28,41,57,58,42,62,61
ENSMUSG00000111292,Gm48627,3,1,1,5,1,1,0,1,3,4,2,1
ENSMUSG00000111808,Gm18225,0,0,0,1,0,0,0,1,1,2,1,2
ENSMUSG00000094627,Gm10182,0,0,0,0,0,0,0,0,0,0,0,0
ENSMUSG00000110759,Gm6607,0,0,1,0,2,0,2,1,0,1,0,1
ENSMUSG00000034263,Ints14,1586,1695,1319,1398,1434,794,1362,1482,1522,1454,1316,1282
ENSMUSG00002075215,#N/A,0,0,0,0,0,0,0,0,0,0,0,0
ENSMUSG00000033629,Hacd3,2657,2954,2457,2286,2935,1411,2258,2419,2796,2430,2534,2436
ENSMUSG00000036777,Anln,376,407,443,401,891,641,505,728,388,327,691,650
ENSMUSG00000111069,Gm48646,0,0,5,2,2,2,1,7,2,4,0,7
ENSMUSG00000110873,Gm48652,0,0,0,0,0,0,0,1,0,0,1,0
ENSMUSG00000032239,Rp9,816,819,643,661,773,545,903,804,844,740,895,792
ENSMUSG00000044791,Setd2,3487,3522,2708,2900,2612,2313,1859,3197,2906,3022,2787,2533
ENSMUSG00000104983,Gm42763,1,3,1,3,1,2,3,4,3,8,4,5
ENSMUSG00000036411,9530077C05Rik,6,2,1,6,7,5,1,4,3,3,5,4
ENSMUSG00000091159,Gm17545,0,0,0,0,0,0,0,0,0,0,0,0
ENSMUSG00000032491,Nradd,21,28,22,18,25,9,27,7,18,13,17,19
ENSMUSG00000032076,Cadm1,11,9,7,8,4,11,6,8,7,7,4,6
ENSMUSG00000032393,Dpp8,4393,4623,3780,3615,3725,2466,2798,3776,4004,3873,3870,3467
ENSMUSG00000110959,Gm47198,0,0,0,0,0,0,0,0,0,0,0,0
ENSMUSG00000111155,Gm47197,0,0,0,0,0,0,0,0,0,0,0,0
ENSMUSG00000111668,Gm47213,0,0,0,0,0,0,0,0,0,0,0,0
ENSMUSG00000111294,Gm47215,0,0,0,0,0,0,0,0,0,0,1,0
ENSMUSG00000111471,Gm47350,0,0,0,0,0,0,0,0,0,0,0,0
ENSMUSG00000111437,Gm47236,2,0,3,0,1,0,1,1,0,1,1,0
ENSMUSG00000111117,A730065G17Rik,0,0,0,0,0,0,0,0,0,0,0,0
ENSMUSG00000110924,Gm40518,0,0,0,0,0,0,0,0,0,0,0,0
ENSMUSG00000044229,Nxpe4,0,0,1,0,1,0,3,0,0,0,0,0
ENSMUSG00000032028,Nxpe2,0,0,0,0,0,3,0,0,0,0,0,0
ENSMUSG00000109675,Nxpe1-ps,3,0,0,0,0,0,0,0,0,0,0,0
ENSMUSG00000032816,Igdcc4,2,2,0,0,2,4,5,0,1,1,1,1
ENSMUSG00000032570,Atp2c1,2865,2819,2204,2119,1985,1540,1877,2214,2484,2317,2113,2000
ENSMUSG00000099373,Gm19667,0,0,0,0,0,0,0,0,0,0,0,0
ENSMUSG00000101464,Gm7436,0,1,0,0,0,0,0,0,2,1,0,0
ENSMUSG00000101597,Gm5621,1,2,1,1,1,0,2,1,2,0,0,1
ENSMUSG00000032394,Igdcc3,0,0,0,0,0,0,0,0,0,0,0,2
ENSMUSG00000035919,Bbs9,61,32,38,60,55,29,57,61,41,36,37,32
ENSMUSG00000032392,Parp16,19,17,14,8,11,2,14,16,14,15,8,9
ENSMUSG00000118734,#N/A,0,0,0,0,0,0,0,0,0,0,0,0
ENSMUSG00000119286,#N/A,0,0,0,0,0,1,3,0,0,1,0,1
ENSMUSG00000090067,Gm2976,0,1,1,3,0,0,2,0,6,0,1,0
ENSMUSG00000089958,Gm16165,0,0,0,0,0,0,0,0,0,0,0,0
ENSMUSG00000089909,Gm16164,0,0,0,0,0,0,0,0,0,0,0,0
ENSMUSG00002076498,#N/A,0,0,0,0,0,0,0,0,0,0,0,0
ENSMUSG00000042254,Cilp,0,0,0,0,0,2,0,0,0,0,0,0
ENSMUSG00000031963,Bmper,0,0,0,0,0,2,0,0,0,0,0,0
ENSMUSG00000111041,Gm3011,0,1,0,0,0,0,0,0,0,0,0,0
ENSMUSG00000110829,Gm47638,1,1,1,1,0,0,0,0,0,0,0,0
ENSMUSG00000111572,Gm3028,0,0,0,0,0,0,0,0,0,0,0,0
ENSMUSG00000110848,Gm47663,0,0,0,0,0,0,0,0,0,0,0,0
ENSMUSG00000111477,Gm47668,0,0,0,0,0,0,0,0,0,0,0,0
ENSMUSG00000111135,Gm47670,0,0,0,0,0,0,0,0,0,0,0,0
ENSMUSG00000032571,Pik3r4,872,953,775,740,684,366,594,796,769,712,640,622
ENSMUSG00000084659,Gm22720,0,0,0,0,0,0,0,0,0,0,0,0
ENSMUSG00000015357,Clpx,827,929,747,787,710,469,713,805,877,751,714,711
ENSMUSG00000059571,Gm16218,0,0,0,0,0,0,0,0,0,0,0,0
ENSMUSG00000111712,Gm39363,1,8,1,0,0,1,1,1,0,0,2,1
ENSMUSG00000111725,Gm19219,0,0,0,0,0,0,0,0,0,0,0,0
ENSMUSG00000110913,Gm47192,0,0,0,0,0,0,0,0,0,0,0,0
ENSMUSG00000043659,Npsr1,1,1,0,0,1,0,1,0,1,0,0,0
ENSMUSG00000111002,Gm47674,0,0,0,0,0,0,0,0,0,0,0,0
ENSMUSG00000085969,Gm15600,0,0,0,0,0,0,0,0,0,0,0,0
ENSMUSG00000041837,Pdcd7,1143,1175,865,862,1101,514,872,907,1081,989,1055,1044
ENSMUSG00000074465,Gm10701,0,0,0,0,0,0,0,0,0,0,0,0
ENSMUSG00000088104,Gm22380,0,0,0,0,0,0,0,0,0,0,0,0
ENSMUSG00000086228,Ubap1l,8,9,8,4,6,10,6,9,7,9,3,6
ENSMUSG00000056724,Nbeal2,1644,1826,1374,1352,1357,510,1021,1455,1430,1353,1435,1414
ENSMUSG00000111092,Gm17875,2,4,1,2,1,2,0,3,2,1,0,4
ENSMUSG00000054978,Kbtbd13,16,27,10,13,21,10,7,10,19,14,15,7
ENSMUSG00000041696,Rasl12,2,1,3,1,1,0,0,4,0,0,0,1
ENSMUSG00000099275,Mir8107,0,0,0,0,0,0,0,0,0,0,0,0
ENSMUSG00000105127,Gm42470,0,0,0,0,0,1,0,0,0,1,0,0
ENSMUSG00000053862,Slc51b,0,0,0,0,0,0,0,0,0,0,0,0
ENSMUSG00000019659,Ccdc12,399,443,378,382,420,122,461,371,448,367,359,352
ENSMUSG00000059183,Mtfmt,732,802,671,640,688,427,558,710,703,672,714,632
ENSMUSG00000111722,Gm47270,13,12,16,13,8,6,4,7,13,12,17,12
ENSMUSG00000104945,Gm35715,0,0,0,0,0,0,0,0,0,0,0,0
ENSMUSG00000043719,Col6a6,0,0,0,0,0,0,0,0,0,0,0,0
ENSMUSG00000043067,Dpy19l1,1877,1915,1588,1533,1563,986,1325,1579,1717,1534,1562,1494
ENSMUSG00000111365,Gm47772,10,18,14,15,8,4,8,19,14,13,18,16
ENSMUSG00000085576,Dpy19l2,0,0,0,0,0,1,0,0,0,0,0,0
ENSMUSG00000047995,Cypt4,0,0,0,0,0,0,0,0,0,0,0,0
ENSMUSG00000032492,Pth1r,0,0,0,0,0,1,0,0,3,1,0,0
ENSMUSG00000032388,Spg21,1224,1283,1016,1051,1192,596,1097,1122,1261,1198,1153,1089
ENSMUSG00000066510,Ankdd1a,0,0,0,0,0,1,1,0,0,0,0,0
ENSMUSG00000111818,Gm17749,1,0,0,0,0,0,0,0,0,0,0,0
ENSMUSG00000031965,Tbx20,0,0,0,0,1,6,0,1,0,0,1,0
ENSMUSG00000111275,Gm29824,0,0,0,0,0,0,0,0,0,0,0,0
ENSMUSG00000111507,Amd-ps6,3,2,0,0,0,1,0,0,1,0,0,0
ENSMUSG00000110872,Gm48255,0,0,0,0,0,0,0,0,0,0,0,0
ENSMUSG00000111680,Gm18377,0,0,0,0,0,0,0,0,0,0,0,0
ENSMUSG00002075645,#N/A,0,0,0,0,0,0,0,0,0,0,0,0
ENSMUSG00000111866,E130101E03Rik,0,0,0,0,0,0,0,0,0,0,0,0
ENSMUSG00000111751,Gm48256,0,0,0,0,0,0,0,0,0,0,0,0
ENSMUSG00000050721,Plekho2,1675,1738,1077,1027,794,330,861,1049,1139,1043,808,704
ENSMUSG00000059741,Myl3,0,0,0,0,0,0,0,0,0,0,0,0
ENSMUSG00000066810,Gm10181,0,0,0,0,0,0,0,0,0,0,0,0
ENSMUSG00000066809,Gm10180,0,0,0,0,0,0,0,0,0,0,0,0
ENSMUSG00000044664,Prss42,0,0,0,0,0,0,3,0,2,0,2,0
ENSMUSG00000008429,Herpud2,770,730,621,613,633,427,660,676,752,694,609,618
ENSMUSG00000100002,Gm29642,2,1,0,0,0,0,0,0,1,1,2,0
ENSMUSG00000111459,Gm8031,1,0,0,1,0,3,4,0,0,2,0,1
ENSMUSG00000032493,Prss44,0,1,2,1,0,0,0,0,1,1,0,1
ENSMUSG00000058398,Prss43,0,0,0,0,0,1,0,1,0,0,0,1
ENSMUSG00000047257,Prss45,0,1,0,0,0,0,0,0,2,0,0,0
ENSMUSG00000049719,Prss46,6,2,3,3,3,1,0,5,4,7,1,1
ENSMUSG00000048752,Prss50,9,17,3,5,5,1,4,6,13,9,6,1
ENSMUSG00000001833,44811,7656,7717,5811,5678,5923,7949,5388,6805,6974,7359,7915,6775
ENSMUSG00000111004,Gm48272,0,0,0,0,0,0,0,0,0,0,0,0
ENSMUSG00000049555,Tmie,20,16,9,6,16,4,9,14,18,18,26,31
ENSMUSG00000111558,Gm18891,0,0,0,0,0,0,0,0,0,0,0,1
ENSMUSG00000111600,Gm8049,0,0,0,0,0,0,1,0,0,0,0,0
ENSMUSG00000036611,Eepd1,3,5,9,9,8,4,9,5,9,4,2,2
ENSMUSG00000088876,Gm25861,0,0,0,0,0,0,0,0,0,0,0,0
ENSMUSG00000077697,Gm25346,0,0,0,0,0,0,0,0,0,0,0,0
ENSMUSG00000110857,Gm48330,0,0,0,0,0,0,0,0,0,0,0,0
ENSMUSG00000111416,Gm48331,0,0,0,0,0,0,0,0,0,0,0,0
ENSMUSG00000111760,Gm48337,0,0,0,0,0,0,0,0,1,0,2,0
ENSMUSG00002075050,#N/A,0,0,0,0,0,0,0,0,0,0,0,0
ENSMUSG00000110866,Gm48362,1,0,0,0,0,0,0,0,0,0,0,0
ENSMUSG00000111240,Gm39312,0,0,0,0,0,0,0,0,0,0,0,0
ENSMUSG00000111238,Gm19113,0,0,0,0,0,0,0,0,0,0,0,0
ENSMUSG00000111124,Gm48373,0,0,0,0,0,0,0,0,0,0,0,0
ENSMUSG00000111066,Gm30313,0,0,0,0,0,0,0,0,0,0,0,0
ENSMUSG00000110901,Gm48393,0,0,0,0,0,0,0,0,0,0,0,0
ENSMUSG00000041064,Pif1,233,223,280,228,390,186,283,368,191,204,333,343
ENSMUSG00000045994,B3gat1,0,0,0,0,0,0,0,0,0,0,0,0
ENSMUSG00000032387,Rbpms2,58,60,70,67,74,58,62,82,56,42,51,34
ENSMUSG00000044037,Als2cl,201,208,157,159,200,71,157,233,210,177,314,247
ENSMUSG00000105140,Gm43127,0,0,0,0,0,0,0,0,0,0,0,0
ENSMUSG00000096393,Fam240a,0,1,0,1,1,0,0,2,2,0,5,1
ENSMUSG00002074938,#N/A,0,0,0,0,0,0,0,0,0,0,0,0
ENSMUSG00000040652,Oaz2,64,96,77,68,71,45,68,84,60,48,81,66
ENSMUSG00000032494,Tdgf1,0,0,2,2,0,0,0,1,4,6,1,2
ENSMUSG00000040524,Zfp609,2274,2239,1842,1762,1632,1195,1310,2098,1779,1748,2145,1926
ENSMUSG00000032495,Lrrc2,1,2,1,0,1,1,2,1,1,1,0,1
ENSMUSG00000106234,Gm43535,0,0,0,0,0,0,0,0,0,0,0,0
ENSMUSG00000066319,Rtp3,0,0,0,0,0,0,0,0,0,0,0,0
ENSMUSG00000102060,1700061E17Rik,0,0,0,0,0,0,0,0,0,0,0,0
ENSMUSG00000057802,Gm10030,0,0,0,0,0,0,0,0,0,0,1,0
ENSMUSG00000036395,Glb1l2,0,0,0,0,0,0,0,0,0,0,0,0
ENSMUSG00000032496,Ltf,0,0,0,1,0,3,0,0,2,2,1,1
ENSMUSG00000104654,Gm43814,0,3,0,0,2,0,1,0,0,0,0,0
ENSMUSG00000031966,Glb1l3,0,0,0,0,0,1,0,0,0,0,0,0
ENSMUSG00000043953,Ccrl2,13,16,19,21,19,10,31,35,21,15,13,4
ENSMUSG00000097529,Rp31-ps19,0,0,1,1,0,0,1,2,1,0,0,0
ENSMUSG00000088296,Gm26409,0,0,0,0,0,0,0,0,0,0,0,0
ENSMUSG00000032386,Trip4,773,837,666,650,508,381,504,589,708,674,548,566
ENSMUSG00000079644,Gm1110,0,0,0,0,1,8,0,0,0,0,0,0
ENSMUSG00000111151,Gm5120,0,0,0,2,0,0,3,1,1,1,0,0
ENSMUSG00002075972,#N/A,0,1,1,0,0,0,2,0,0,0,4,0
ENSMUSG00000079915,Gm16073,0,5,3,2,2,4,2,3,4,7,4,2
ENSMUSG00000040204,Pclaf,679,658,607,606,999,770,908,838,598,534,933,789
ENSMUSG00000065301,Gm23248,0,3,0,1,0,0,0,1,0,0,1,0
ENSMUSG00000031969,Acad8,172,182,154,145,152,63,185,156,188,131,153,169
ENSMUSG00000035443,Thyn1,813,912,703,695,920,656,823,805,863,793,989,924
ENSMUSG00000031988,Vps26b,1800,1981,1335,1391,1528,735,1316,1486,1646,1501,1536,1426
ENSMUSG00000111505,Gm48673,3,4,2,1,0,2,2,4,2,8,2,2
ENSMUSG00000032497,Lrrfip2,620,608,493,578,516,515,493,511,576,469,482,444
ENSMUSG00000035024,Ncapd3,750,899,928,794,1140,705,772,1074,801,723,987,909
ENSMUSG00000032498,Mlh1,715,763,598,584,750,457,510,617,716,616,785,659
ENSMUSG00002076749,#N/A,0,0,1,3,1,0,0,1,0,0,0,5
ENSMUSG00000046785,Epm2aip1,862,928,849,771,830,692,524,794,842,854,941,901
ENSMUSG00000032384,Csnk1g1,1299,1396,1134,1119,1172,908,755,1124,1193,1051,1314,1210
ENSMUSG00000077385,Gm22657,0,0,0,0,0,0,0,0,0,0,0,0
ENSMUSG00000032383,Ppib,4227,4904,3553,3900,3789,2337,4275,4024,4283,3642,3703,3380
ENSMUSG00000062296,Trank1,1,0,1,0,0,8,3,1,0,0,3,2
ENSMUSG00000039452,Snx22,9,7,7,8,16,5,11,6,14,7,7,9
ENSMUSG00000105592,Gm42527,0,0,0,0,0,0,0,0,0,0,0,0
ENSMUSG00000032500,Dclk3,0,0,0,0,0,0,0,0,0,0,0,0
ENSMUSG00000106647,Gm42523,0,0,0,0,0,0,0,0,0,0,0,0
ENSMUSG00000106232,Gm43236,0,0,0,0,0,0,0,0,0,0,0,0
ENSMUSG00000032382,Snx1,1061,1209,937,950,1160,592,869,1051,1145,1002,1156,1160
ENSMUSG00000032381,Ciao2a,1130,1223,915,1013,1094,686,1046,937,1304,1081,1082,1106
ENSMUSG00000032502,Stac,0,0,0,0,0,0,0,0,0,0,0,0
ENSMUSG00002075053,#N/A,0,0,0,0,0,0,0,0,0,0,0,0
ENSMUSG00000111054,4930545L08Rik,0,0,0,0,0,0,0,0,0,0,0,0
ENSMUSG00000032380,Dapk2,5,5,4,6,3,2,9,5,6,5,5,4
ENSMUSG00000038664,Herc1,1649,1567,1516,1368,1403,1073,821,1430,1425,1438,1630,1489
ENSMUSG00000084437,Gm23428,0,0,0,0,0,0,0,0,0,0,0,0
ENSMUSG00000100130,Gm28379,0,0,0,0,2,0,0,0,0,0,0,0
ENSMUSG00000050503,Fbxl22,16,27,18,18,19,20,23,15,24,13,22,17
ENSMUSG00000032376,Usp3,960,947,776,814,766,590,719,885,871,804,727,650
ENSMUSG00000086387,Gm15563,0,0,0,0,0,0,0,0,0,0,0,0
ENSMUSG00000032373,Car12,2665,2988,2786,2744,2330,1351,2092,2698,2639,2422,2204,2038
ENSMUSG00000032375,Aph1b,2,12,4,8,2,1,6,8,7,6,0,7
ENSMUSG00000074232,Gm10647,0,2,0,0,1,1,0,0,0,0,0,0
ENSMUSG00000092131,BC050972,1,0,0,0,0,1,0,1,0,0,0,0
ENSMUSG00000059237,Ppp1r2-ps4,0,0,0,0,0,0,0,0,0,0,0,0
ENSMUSG00000053040,Aph1c,4,2,4,2,0,0,3,4,2,7,1,0
ENSMUSG00000091745,Gm17098,3,1,0,2,1,0,1,0,0,0,0,0
ENSMUSG00000036943,Rab8b,5663,5978,5516,5672,5522,5061,4778,6171,5518,5598,5069,4448
ENSMUSG00000036781,Rps27l,1088,1270,1058,1080,1433,1096,1236,1092,1253,1094,1124,1249
ENSMUSG00000032370,Lactb,462,508,376,352,441,271,376,380,465,396,359,360
ENSMUSG00002076756,#N/A,0,0,0,0,0,1,0,0,0,0,0,0
ENSMUSG00000032503,Arpp21,1,0,0,2,1,5,0,0,1,0,2,1
ENSMUSG00000065441,Mir128-2,0,0,0,0,0,0,0,0,0,0,0,0
ENSMUSG00000089718,2310075C17Rik,0,0,0,0,0,0,0,0,0,0,0,0
ENSMUSG00000087038,2900079G21Rik,0,0,0,0,0,1,0,0,0,0,0,0
ENSMUSG00000110876,4933411E02Rik,0,0,0,0,0,0,0,0,0,0,0,0
ENSMUSG00002075622,#N/A,0,0,0,0,0,0,0,0,0,0,0,0
ENSMUSG00000119291,#N/A,0,0,0,0,0,0,0,0,0,0,0,0
ENSMUSG00000110996,Gm36251,0,0,0,0,0,0,0,0,0,0,0,0
ENSMUSG00000111235,Gm4657,0,0,0,0,0,0,0,0,0,0,0,0
ENSMUSG00000111022,Gm36367,0,0,0,0,0,0,0,0,0,0,0,0
ENSMUSG00000110784,Gm39436,0,0,0,0,0,0,0,0,0,0,0,0
ENSMUSG00002076554,#N/A,0,0,0,0,0,0,0,0,0,0,0,0
ENSMUSG00000111532,Gm36485,0,0,0,0,1,0,0,0,0,0,0,0
ENSMUSG00000111199,Gm47875,0,0,0,0,0,0,0,0,0,0,0,0
ENSMUSG00000109890,AU023762,0,0,0,0,0,0,0,0,0,0,0,0
ENSMUSG00000111388,Gm7183,19,8,8,6,4,1,9,10,12,15,11,6
ENSMUSG00000111364,Gm36745,0,0,0,0,0,5,0,0,0,1,0,0
ENSMUSG00000032504,Pdcd6ip,5053,5071,4145,4070,3712,2537,3553,4436,4222,3955,3727,3525
ENSMUSG00000033392,Clasp2,1164,1102,1127,1158,1293,797,926,1282,1083,962,1082,1093
ENSMUSG00000087992,Gm25059,0,0,0,0,0,0,0,0,0,0,0,0
ENSMUSG00000009741,Ubp1,2987,3170,2638,2692,2521,1868,2208,2702,2818,2761,2655,2429
ENSMUSG00000032366,Tpm1,1440,1548,1409,1501,1408,1129,1321,1521,1490,1302,1039,992
ENSMUSG00000111825,Gm10646,0,0,0,0,1,0,0,0,0,0,1,0
ENSMUSG00000088021,Gm22145,0,0,0,0,0,0,0,0,0,0,0,0
ENSMUSG00000111556,Gm19299,0,0,0,0,0,0,0,0,0,0,0,0
ENSMUSG00000032507,Fbxl2,4,3,5,6,7,0,0,5,3,4,6,4
ENSMUSG00000111793,Gm47950,0,0,0,0,0,0,2,0,0,0,0,0
ENSMUSG00000086596,Susd5,0,0,0,0,0,0,0,0,0,0,0,0
ENSMUSG00000118582,AC157997.1,0,0,0,0,0,0,0,0,0,0,0,0
ENSMUSG00000111734,Gm29825,0,0,0,0,0,0,0,0,0,0,0,0
ENSMUSG00000064299,4921528I07Rik,0,0,0,0,0,0,0,0,0,0,0,0
ENSMUSG00000053820,Bcl2a1c,10,12,7,17,12,1,14,5,10,7,6,1
ENSMUSG00000074039,4930520O04Rik,53,49,50,44,51,37,47,47,62,47,47,62
ENSMUSG00000032431,Crtap,971,1087,749,803,930,376,869,817,923,844,797,728
ENSMUSG00000045594,Glb1,740,846,668,695,639,218,737,731,675,649,677,550
ENSMUSG00000079260,Tmppe,538,594,471,463,518,202,326,437,511,470,557,569
ENSMUSG00000047898,Ccr4,2727,2979,2064,2152,2621,1413,2359,2732,2538,2314,3013,2861
ENSMUSG00000079259,Trim71,36,61,54,65,89,46,66,61,33,46,78,82
ENSMUSG00000097821,C130032M10Rik,0,0,0,0,0,0,0,0,0,0,0,0
ENSMUSG00000056167,Cnot10,1801,1858,1516,1543,1714,1023,1321,1620,1716,1565,1665,1614
ENSMUSG00002075474,#N/A,0,1,0,0,0,1,1,0,0,1,1,1
ENSMUSG00000111744,Gm7780,1,2,0,0,1,0,0,0,0,1,1,0
ENSMUSG00000032435,Dync1li1,1699,1774,1367,1307,1277,916,1236,1369,1530,1347,1277,1123
ENSMUSG00000032434,Cmtm6,1902,2128,1729,1790,1549,851,1576,1790,1769,1567,1561,1463
ENSMUSG00000032436,Cmtm7,770,1070,859,892,811,255,912,696,817,760,565,591
ENSMUSG00000052724,Gm9888,3,2,4,5,4,2,2,3,4,2,0,2
ENSMUSG00000041012,Cmtm8,0,3,3,1,1,0,1,1,1,2,1,0
ENSMUSG00000084638,Gm23889,0,0,0,0,0,0,0,0,0,0,0,0
ENSMUSG00000050627,Gpd1l,510,514,421,397,484,230,402,465,529,462,570,562
ENSMUSG00000040875,Osbpl10,1,0,0,2,0,3,1,0,0,0,0,0
ENSMUSG00000050621,Rps27rt,1,27,18,16,10,91,24,28,7,4,26,0
ENSMUSG00000098127,Gm4665,0,0,0,0,0,0,0,0,0,0,0,0
ENSMUSG00000098191,Gm26962,0,0,0,0,0,0,0,0,0,0,0,0
ENSMUSG00000097967,Gm27002,0,0,0,0,0,0,0,0,0,0,0,0
ENSMUSG00000032437,Stt3b,7653,8103,6365,6414,6317,3416,5391,6545,7116,6634,5446,5056
ENSMUSG00000111564,Stmn1-rs1,0,2,2,0,0,1,0,3,1,2,0,0
ENSMUSG00000080409,Mir467h,0,0,0,0,0,0,0,0,0,0,0,0
ENSMUSG00002075264,#N/A,0,0,0,0,0,0,0,0,0,0,0,0
ENSMUSG00002075081,#N/A,0,0,0,0,0,0,0,0,0,0,0,0
ENSMUSG00000111530,Gm9487,27,11,10,11,8,4,16,4,15,10,9,8
ENSMUSG00002075131,#N/A,0,0,0,0,0,0,0,0,0,0,0,0
ENSMUSG00000074034,Gm5921,6,2,5,9,8,0,7,5,5,2,4,5
ENSMUSG00000119822,#N/A,0,0,0,0,0,0,0,0,0,0,0,0
ENSMUSG00000052698,Tln2,15,15,13,5,28,17,12,5,12,5,28,22
ENSMUSG00000111398,D330037F02Rik,0,0,0,0,0,1,0,0,0,0,0,1
ENSMUSG00000110905,Gm48007,0,0,0,0,0,0,0,0,0,0,0,0
ENSMUSG00000076379,Mir190a,0,0,0,0,0,0,0,0,0,0,0,0
ENSMUSG00000111412,Gm47047,0,0,0,0,0,0,0,0,0,0,0,0
ENSMUSG00000111819,Gm47110,0,0,0,0,0,0,0,0,0,0,0,0
ENSMUSG00000098937,Mir7241,0,0,0,0,0,0,0,0,0,0,0,0
ENSMUSG00000098446,Mir7242,0,0,0,0,0,0,0,0,0,0,0,0
ENSMUSG00000111272,Gm7787,0,0,0,0,0,0,0,0,0,0,0,0
ENSMUSG00000055125,M5C1000I18Rik,2,1,1,1,3,1,1,1,1,2,0,0
ENSMUSG00000091956,C2cd4b,26,34,127,131,190,35,202,221,72,91,27,23
ENSMUSG00000047990,C2cd4a,0,0,1,1,0,0,1,1,1,3,0,0
ENSMUSG00000111324,Gm31410,4,5,0,3,4,2,0,5,6,5,1,1
ENSMUSG00000110752,D730003K21Rik,0,0,0,0,0,0,1,0,0,0,0,0
ENSMUSG00000035284,Vps13c,271,290,279,209,304,180,128,238,245,255,288,239
ENSMUSG00000111841,Gm20745,0,0,0,0,0,4,0,0,0,0,1,0
ENSMUSG00000101345,Gm28195,0,0,0,0,0,0,0,0,0,0,0,0
ENSMUSG00000088810,Gm22382,0,0,0,0,0,0,0,0,0,0,0,0
ENSMUSG00000111562,Gm19987,0,0,0,0,0,0,1,0,0,0,0,0
ENSMUSG00000118816,#N/A,0,1,0,0,0,0,0,0,0,0,0,0
ENSMUSG00000111303,4930502A04Rik,0,0,0,1,0,0,0,0,0,0,0,0
ENSMUSG00002075243,#N/A,0,0,0,0,0,0,0,0,0,0,0,0
ENSMUSG00000111404,Gm47169,0,0,0,0,0,0,0,0,0,0,0,0
ENSMUSG00000032238,Rora,1055,1073,1112,1116,945,842,705,989,1054,1076,688,642
ENSMUSG00000086648,Gm15511,0,0,0,0,0,0,0,0,0,0,0,0
ENSMUSG00000032235,Ice2,540,568,441,451,613,387,358,476,501,524,609,579
ENSMUSG00000111621,Gm7802,0,0,0,0,0,0,0,0,0,0,0,0
ENSMUSG00000111484,Gm18587,0,0,0,0,0,0,0,0,0,0,0,0
ENSMUSG00000062874,Gm4978,19,32,38,36,22,13,24,20,32,33,19,30
ENSMUSG00000032231,Anxa2,9092,10174,9767,11035,6428,3069,9496,10203,7110,6603,4170,3851
ENSMUSG00000093042,Mir3109,0,0,0,0,0,0,1,1,0,0,0,0
ENSMUSG00000086399,Gm16144,0,0,0,0,0,0,0,0,0,0,0,0
ENSMUSG00000111096,Gm47203,0,0,0,0,0,0,0,0,0,0,0,0
ENSMUSG00000059246,Foxb1,4,3,4,4,0,0,2,1,3,5,4,2
ENSMUSG00000097623,B230323A14Rik,0,0,0,0,1,1,0,0,0,0,0,0
ENSMUSG00000111286,Gm18745,0,0,0,0,0,0,0,0,0,0,0,0
ENSMUSG00000101555,Gm28731,2,2,2,4,0,1,1,1,1,2,1,2
ENSMUSG00000011958,Bnip2,2145,2198,1765,1797,1799,1387,1708,1767,1987,1713,1768,1578
ENSMUSG00000033543,Gtf2a2,660,563,547,586,678,481,655,582,645,590,666,613
ENSMUSG00000032226,Gcnt3,0,0,1,2,0,1,1,1,0,0,0,0
ENSMUSG00000111176,Gm47233,0,0,0,0,0,1,0,0,0,0,0,0
ENSMUSG00000111043,2210414F02Rik,0,0,0,0,0,0,0,0,0,0,0,0
ENSMUSG00000039607,Rbms3,0,2,1,0,2,8,0,0,1,0,1,0
ENSMUSG00000032224,Fam81a,11,9,27,29,43,28,27,24,16,9,18,13
ENSMUSG00000077660,Gm24257,0,0,0,0,0,0,0,0,0,0,0,0
ENSMUSG00000092184,Gm18489,0,0,0,0,0,0,0,0,0,0,0,0
ENSMUSG00000092516,Gm20397,0,0,0,0,0,0,0,0,0,0,0,0
ENSMUSG00000079669,Gm17396,0,0,0,0,0,0,0,0,0,0,0,0
ENSMUSG00000092504,Gm20396,0,0,0,0,0,0,0,0,0,0,0,0
ENSMUSG00000097240,Gm26614,1,0,0,0,1,1,1,0,1,2,0,0
ENSMUSG00000032443,Zcwpw2,0,0,0,0,2,0,2,0,0,0,1,0
ENSMUSG00002076953,#N/A,0,0,0,0,0,0,0,0,0,0,0,0
ENSMUSG00000032220,Myo1e,481,424,650,578,522,330,336,425,449,373,326,307
ENSMUSG00000093763,Mir5626,0,0,0,0,0,0,0,0,0,0,0,0
ENSMUSG00000032218,Ccnb2,317,352,329,308,645,340,473,495,390,287,599,551
ENSMUSG00000039285,Azi2,1560,1691,1252,1362,1445,973,1140,1381,1478,1439,1370,1317
ENSMUSG00000039163,Cmc1,172,157,130,154,153,100,192,162,156,128,143,125
ENSMUSG00000097402,Gm17399,6,4,5,2,6,2,8,4,10,8,6,14
ENSMUSG00002075534,#N/A,1,1,2,2,3,0,3,1,1,1,0,0
ENSMUSG00000103968,2610509F24Rik,2,3,1,2,5,4,1,1,3,6,6,2
ENSMUSG00000098161,Platr11,2,4,1,1,2,3,3,1,5,1,3,2
ENSMUSG00000111843,4933432G23Rik,0,0,0,1,0,2,0,0,1,0,0,0
ENSMUSG00000084515,Gm22479,0,0,0,0,0,2,0,0,0,0,0,0
ENSMUSG00000032446,Eomes,1695,1674,2448,2386,3368,2709,1859,2175,2282,1923,2249,1973
ENSMUSG00000110692,Gm33460,7,9,12,4,12,7,12,11,6,12,9,9
ENSMUSG00000032217,Rnf111,1223,1259,1062,1028,1009,982,844,1167,1030,1040,1159,1057
ENSMUSG00000065202,Gm24615,0,0,0,0,0,0,0,0,0,0,0,0
ENSMUSG00002076837,#N/A,0,0,0,0,0,0,0,0,0,0,0,0
ENSMUSG00000119759,#N/A,0,0,0,0,0,0,0,0,0,0,0,0
ENSMUSG00000064921,Gm22229,0,0,0,0,0,0,0,0,0,0,0,0
ENSMUSG00000038708,Golga4,3798,3862,3429,3253,3166,3041,2246,3409,3265,3405,3413,3063
ENSMUSG00000110627,Gm18935,0,0,0,0,0,0,0,0,0,0,0,0
ENSMUSG00000110676,Gm45897,0,0,0,0,0,0,0,0,0,0,0,0
ENSMUSG00000032212,Sltm,3126,3180,2630,2489,2935,3629,2776,2749,2724,2616,3319,2715
ENSMUSG00000039115,Itga9,88,112,91,98,51,16,81,99,87,92,24,22
ENSMUSG00000066270,Gm10157,1,0,0,0,0,0,0,0,0,0,0,0
ENSMUSG00000086119,Gm2415,7,3,1,4,6,4,3,8,5,2,7,5
ENSMUSG00000087041,Gm16295,0,0,0,0,0,0,0,0,0,0,0,0
ENSMUSG00000047409,Ctdspl,35,39,33,40,53,31,63,80,40,29,51,38
ENSMUSG00000042444,Mindy2,332,343,253,255,233,187,228,319,287,299,236,244
ENSMUSG00000065513,Mir26a-1,0,0,1,0,0,0,0,0,0,0,0,0
ENSMUSG00000074213,Gm10642,3,0,6,3,1,0,2,5,2,3,0,1
ENSMUSG00000054693,Adam10,6802,6985,6731,6675,6188,4738,4993,7062,7539,7172,4804,4509
ENSMUSG00000032207,Lipc,0,0,0,0,0,0,0,0,0,0,0,0
ENSMUSG00002075566,#N/A,0,0,0,0,0,0,0,0,0,0,0,0
ENSMUSG00000096160,Gm3436,3,2,2,0,2,2,2,3,3,3,3,4
ENSMUSG00000111631,Gm32017,0,0,0,0,0,0,0,0,0,0,0,0
ENSMUSG00000032204,Aqp9,56,66,76,99,38,19,52,46,45,43,20,39
ENSMUSG00000111618,Gm47268,0,0,0,0,0,0,0,0,0,0,0,0
ENSMUSG00000111429,Gm32511,0,0,0,0,0,0,0,0,0,0,0,0
ENSMUSG00000038775,Vill,59,68,51,69,59,17,40,76,48,51,29,27
ENSMUSG00000013584,Aldh1a2,0,3,4,1,6,3,1,3,2,2,4,6
ENSMUSG00000111181,Gm48124,0,1,0,0,0,0,0,0,1,0,0,0
ENSMUSG00000032199,Polr2m,3941,4078,3305,3384,3406,2589,3210,3399,3870,3493,3448,3039
ENSMUSG00000010660,Plcd1,14,11,16,17,4,3,10,10,5,7,4,11
ENSMUSG00000041361,Myzap,8,4,6,0,2,3,6,2,3,3,4,7
ENSMUSG00000111815,Gm6018,0,0,0,0,0,0,0,0,0,0,0,0
ENSMUSG00000038060,Dlec1,1,0,0,0,0,4,2,0,0,0,0,2
ENSMUSG00000010651,Acaa1b,0,2,0,1,2,2,0,0,0,0,1,3
ENSMUSG00000074029,Gm47289,0,0,0,0,0,0,0,0,0,0,0,0
ENSMUSG00000111197,Gm10608,0,4,3,3,3,3,0,4,4,2,2,1
ENSMUSG00000070280,Slc22a14,0,0,0,0,0,0,0,0,0,0,0,0
ENSMUSG00000074028,Slc22a13,0,0,0,0,0,0,0,0,0,0,0,0
ENSMUSG00000092212,Slc22a13b,3,2,4,2,3,1,0,0,0,3,3,3
ENSMUSG00000032232,Cgnl1,0,1,0,0,0,2,1,0,2,1,2,0
ENSMUSG00000099220,Gm27220,0,0,0,0,0,0,0,0,0,0,0,0
ENSMUSG00000104467,Gm37660,10,12,24,17,5,7,13,23,17,13,4,2
ENSMUSG00000036737,Oxsr1,2219,2346,1955,1819,2095,1254,1540,1965,2155,1957,2239,1972
ENSMUSG00002075779,#N/A,0,0,0,0,0,0,0,0,0,0,0,0
ENSMUSG00000032508,Myd88,1038,1193,837,895,881,346,917,939,949,796,871,779
ENSMUSG00000036138,Acaa1a,264,275,241,228,260,116,247,227,252,222,273,276
ENSMUSG00000035769,Xylb,29,25,20,17,38,48,33,34,32,28,56,33
ENSMUSG00000061393,Acvr2b,14,23,8,15,9,10,10,7,6,5,18,10
ENSMUSG00000111204,Gm47320,0,0,0,0,0,0,0,0,0,0,0,0
ENSMUSG00000097504,4930516B21Rik,0,0,0,0,0,0,0,0,0,0,0,0
ENSMUSG00000042787,Exog,295,277,222,249,308,113,273,289,250,234,273,261
ENSMUSG00000032511,Scn5a,3,3,3,1,4,3,4,1,7,4,2,4
ENSMUSG00000034533,Scn10a,0,0,0,0,0,0,0,0,0,0,0,0
ENSMUSG00000034115,Scn11a,1,0,0,0,0,0,0,1,0,0,0,1
ENSMUSG00000097223,Gm2449,32,36,29,22,24,26,14,34,26,23,9,17
ENSMUSG00000032228,Tcf12,2436,2448,1847,1856,1980,1585,1547,2052,2286,2113,2042,1847
ENSMUSG00000102143,Gm38057,7,14,8,2,12,21,3,6,12,18,28,19
ENSMUSG00000102939,Gm38111,0,0,0,0,0,1,0,2,1,2,0,0
ENSMUSG00000098761,Gm18821,1,2,2,0,1,2,1,1,0,1,1,0
ENSMUSG00000104107,Gm37879,5,4,2,7,0,8,6,5,3,6,8,5
ENSMUSG00000099313,Gm27152,0,0,0,0,0,0,0,0,0,0,0,0
ENSMUSG00000104469,Gm37663,1,0,0,0,0,1,1,2,3,2,0,0
ENSMUSG00000104078,Gm37023,0,0,1,0,0,0,0,0,4,2,0,0
ENSMUSG00000104432,A430027C01Rik,3,8,3,8,1,0,2,1,8,5,5,9
ENSMUSG00002076016,#N/A,0,0,0,0,0,0,0,0,0,0,0,0
ENSMUSG00000102874,Gm37137,0,0,1,0,0,8,3,0,1,0,3,0
ENSMUSG00000098915,Rpl15-ps2,0,0,0,0,0,0,0,0,0,0,0,0
ENSMUSG00000084619,Gm25045,0,0,0,0,0,0,0,0,0,0,0,0
ENSMUSG00000099253,Gm7863,0,3,0,4,2,0,2,3,1,2,2,0
ENSMUSG00000061390,Uba52-ps,0,0,0,0,1,0,0,0,0,0,0,2
ENSMUSG00000099020,Gm27159,0,0,0,0,0,0,0,0,0,0,0,0
ENSMUSG00000099190,Gm27188,0,0,0,0,0,0,0,0,0,0,0,0
ENSMUSG00000098412,Gm7870,0,0,0,0,2,0,0,0,1,1,1,1
ENSMUSG00000089530,Gm25163,0,0,0,0,0,0,0,0,0,0,0,0
ENSMUSG00000098340,Gm27253,1,2,0,0,1,0,0,1,0,0,0,0
ENSMUSG00000032512,Wdr48,1959,2122,1727,1920,1744,1206,1424,1936,1862,1749,1717,1495
ENSMUSG00000052336,Cx3cr1,10,9,5,8,8,7,4,6,6,8,4,4
ENSMUSG00000032513,Gorasp1,196,240,160,155,158,55,114,131,218,152,178,221
ENSMUSG00000032514,Ttc21a,0,0,1,3,1,1,0,0,0,2,0,0
ENSMUSG00000032515,Csrnp1,2403,2477,2171,2260,1719,424,1810,1890,1816,1624,1529,1532
ENSMUSG00000111639,1700019L13Rik,1,2,9,4,3,3,4,6,1,8,2,4
ENSMUSG00000111369,Gm47043,0,1,0,0,1,1,0,0,1,0,0,0
ENSMUSG00000111089,Gm49427,1,0,0,0,1,3,0,0,2,0,1,0
ENSMUSG00000079243,Xirp1,2,1,4,2,1,0,0,0,0,4,2,1
ENSMUSG00000111792,Gm33858,2,0,0,0,1,0,1,0,0,0,0,0
ENSMUSG00000042262,Ccr8,1149,1339,965,1094,1962,648,1152,1203,1554,1369,1676,1641
ENSMUSG00000111546,Gm47050,306,257,279,244,440,571,395,342,367,325,496,448
ENSMUSG00000032519,Slc25a38,390,480,302,284,437,135,346,320,419,362,431,406
ENSMUSG00000032518,Rpsa,700,791,648,648,513,270,635,570,722,608,458,430
ENSMUSG00000065041,Gm24044,0,0,0,0,0,0,0,0,0,0,0,0
ENSMUSG00000064380,Gm26448,47,25,18,15,19,12,16,28,35,40,18,28
ENSMUSG00000064925,Snora62,18,24,9,21,10,2,21,15,16,24,10,5
ENSMUSG00000111028,Gm5922,0,0,0,0,0,0,0,0,0,0,0,0
ENSMUSG00000038535,Zfp280d,1020,1059,878,851,912,924,615,974,814,946,989,937
ENSMUSG00000032517,Mobp,0,0,0,0,0,0,0,0,0,0,0,0
ENSMUSG00000111219,Gm38642,0,0,0,0,0,0,0,0,0,0,0,0
ENSMUSG00000098492,Gm19353,6,7,0,7,2,2,1,4,7,1,2,5
ENSMUSG00000104494,Gm37111,0,0,0,0,1,1,0,0,0,0,0,0
ENSMUSG00000098893,Gm17828,0,5,8,0,5,5,5,6,1,0,3,0
ENSMUSG00000111360,Gm38642,0,0,0,0,0,0,0,0,0,0,0,0
ENSMUSG00000102225,Gm37983,3,4,6,2,2,0,2,7,6,3,3,8
ENSMUSG00000111498,Gm47059,0,0,0,0,0,0,0,0,0,0,0,0
ENSMUSG00000103133,Gm37303,33,35,38,38,33,19,13,37,32,24,48,37
ENSMUSG00000103388,Gm37581,20,15,24,9,23,16,17,18,17,15,25,14
ENSMUSG00000097211,BC065403,0,0,0,0,0,0,0,0,0,0,0,0
ENSMUSG00000102925,Gm37150,0,0,0,0,0,0,0,0,0,0,0,0
ENSMUSG00000098959,Gm27230,0,0,0,0,0,0,0,0,0,0,0,0
ENSMUSG00000098801,Gm27255,0,0,0,0,0,0,0,0,0,0,0,0
ENSMUSG00000099019,Gm27254,0,0,2,0,0,0,1,1,0,0,0,1
ENSMUSG00000041794,Myrip,0,2,0,0,0,1,0,0,0,0,0,0
ENSMUSG00000032221,Mns1,169,159,127,128,260,340,168,197,150,118,298,258
ENSMUSG00000103445,Gm36948,6,5,7,7,5,11,6,18,8,10,6,10
ENSMUSG00000083772,Gm15566,0,0,1,0,0,0,0,0,1,0,0,0
ENSMUSG00000098778,Gm27231,0,0,0,0,0,0,0,1,0,0,0,1
ENSMUSG00000082356,Gm15565,0,0,0,0,0,0,0,0,0,0,0,0
ENSMUSG00000111828,D830035M03Rik,8,11,6,8,17,7,11,7,12,7,7,8
ENSMUSG00000006941,Eif1b,947,1079,806,851,875,479,839,792,983,966,961,816
ENSMUSG00000111816,Gm7229,0,0,0,0,0,0,0,0,0,0,0,0
ENSMUSG00000041608,Entpd3,3,3,0,1,1,1,4,0,1,2,1,0
ENSMUSG00000025794,Rpl14,4106,5105,3971,4220,4003,5423,4509,4178,4202,3792,3769,3708
ENSMUSG00000052658,5830454E08Rik,3,7,2,3,5,2,3,4,3,1,2,4
ENSMUSG00000110962,Gm47062,0,0,0,0,0,0,0,0,0,0,0,0
ENSMUSG00000110760,Gm39456,0,0,0,0,0,0,0,0,0,0,0,0
ENSMUSG00000111533,Gm39458,0,0,0,0,0,1,0,0,0,0,1,0
ENSMUSG00000111679,Gm47063,0,0,0,0,0,0,0,0,0,0,0,0
ENSMUSG00000111831,Gm47064,0,0,0,0,0,0,0,0,0,0,0,0
ENSMUSG00000110726,Gm18101,0,0,0,1,0,0,2,0,1,2,1,1
ENSMUSG00002076330,#N/A,0,0,0,0,0,0,0,0,0,0,0,0
ENSMUSG00000111270,Gm47066,0,0,0,0,0,0,0,0,0,0,0,0
ENSMUSG00000111720,Gm39459,0,0,0,0,0,0,0,0,0,0,0,0
ENSMUSG00000110911,Gm47068,0,0,0,0,0,0,0,0,0,0,0,0
ENSMUSG00000111233,Gm47069,0,0,0,0,0,0,0,0,0,0,0,0
ENSMUSG00000110730,Gm19385,0,0,0,0,0,1,0,1,0,0,0,0
ENSMUSG00000111094,Gm34425,0,0,0,0,0,0,0,0,0,0,0,0
ENSMUSG00000111445,Gm47070,0,0,0,0,0,0,0,0,0,0,0,0
ENSMUSG00000111528,Gm39460,0,0,0,0,0,0,0,0,0,0,0,0
ENSMUSG00000100146,1700020M21Rik,0,0,0,0,0,0,0,0,0,0,0,0
ENSMUSG00000086365,4930593C16Rik,0,0,0,0,0,0,0,0,1,0,0,0
ENSMUSG00000006932,Ctnnb1,6923,7609,6346,6274,7230,3977,5796,6985,7139,6467,6645,6118
ENSMUSG00000106193,Mir7090,0,0,0,1,0,0,0,0,2,0,0,0
ENSMUSG00000090626,Tex9,72,90,44,49,40,69,55,58,57,50,57,84
ENSMUSG00002076294,#N/A,0,0,0,0,0,0,0,0,0,0,0,0
ENSMUSG00000096986,4930509E16Rik,11,7,4,6,3,0,5,6,4,5,4,5
ENSMUSG00000037674,Rfx7,3356,3411,2992,2781,2849,2740,2100,3176,3086,3037,3382,3040
ENSMUSG00000099310,Gm19427,1,3,2,1,2,1,0,0,0,0,1,0
ENSMUSG00000102672,Gm37105,11,10,6,6,4,8,4,12,6,8,12,15
ENSMUSG00000098275,Gm18014,0,0,0,0,0,0,0,0,0,0,0,0
ENSMUSG00000099051,Gm27241,1,0,0,0,0,1,0,1,0,0,0,2
ENSMUSG00000098573,Gm27232,0,0,0,0,1,0,0,1,0,0,0,0
ENSMUSG00000064735,Gm23057,0,0,0,0,0,0,0,0,0,0,0,0
ENSMUSG00000040936,Ulk4,1,2,3,1,4,4,3,0,1,4,1,7
ENSMUSG00002076558,#N/A,0,0,0,0,0,0,0,0,0,0,0,0
ENSMUSG00000091336,Gm17157,0,0,0,0,0,0,0,0,0,0,0,0
ENSMUSG00000110863,Gm34655,3,0,0,0,1,0,0,0,1,4,1,0
ENSMUSG00000032216,Nedd4,686,636,540,517,463,275,425,548,561,484,789,747
ENSMUSG00000104273,A530064N14Rik,1,1,1,2,1,2,1,2,0,0,1,4
ENSMUSG00000102573,Gm7265,0,1,0,0,0,1,0,0,0,0,1,1
ENSMUSG00000104066,Gm37955,0,0,0,0,1,0,0,0,0,0,0,0
ENSMUSG00000102411,Gm36936,9,10,7,4,5,0,1,12,8,5,11,12
ENSMUSG00000098294,Gm27204,0,0,0,0,0,0,0,0,0,0,0,0
ENSMUSG00000036030,Prtg,4,6,7,4,11,6,5,9,14,16,8,9
ENSMUSG00000098471,Gm27203,0,0,0,0,0,0,0,0,0,0,0,0
ENSMUSG00000102971,A730062M13Rik,0,0,0,0,0,0,0,0,0,0,0,0
ENSMUSG00000102330,Gm37234,0,0,0,0,0,1,0,1,0,0,0,0
ENSMUSG00000034910,Pygo1,0,1,0,0,1,5,1,0,0,0,2,0
ENSMUSG00000092192,Dnaaf4,10,33,22,14,17,7,16,18,23,19,18,15
ENSMUSG00000089865,Gm44503,0,0,0,0,0,0,0,0,0,0,0,0
ENSMUSG00000118977,#N/A,0,0,0,0,0,0,0,0,0,0,0,0
ENSMUSG00000102797,Gm37710,0,2,0,0,0,0,0,0,0,0,0,0
ENSMUSG00000086158,Ccpg1os,1,3,2,12,5,7,6,6,4,8,7,2
ENSMUSG00000032536,Trak1,2290,2397,1863,1860,1567,813,1408,1986,2116,1913,1703,1572
ENSMUSG00000110751,C230053D17Rik,5,2,3,4,6,7,5,4,2,0,5,5
ENSMUSG00000110738,Gm47092,1,0,2,1,0,0,0,2,0,0,0,0
ENSMUSG00000032532,Cck,0,0,3,0,0,0,0,0,0,0,0,0
ENSMUSG00000111598,Gm47095,0,0,0,0,0,0,0,0,0,0,0,0
ENSMUSG00000110814,Gm38661,0,0,0,0,0,0,0,0,0,0,0,0
ENSMUSG00000032530,Lyzl4,0,0,0,0,0,0,0,0,0,0,0,0
ENSMUSG00000084995,Lyzl4os,0,0,0,0,0,0,0,0,0,0,0,0
ENSMUSG00000111844,Gm47097,0,2,0,0,0,0,0,0,0,0,0,0
ENSMUSG00000034563,Ccpg1,8,3,2,7,10,5,7,4,6,7,4,18
ENSMUSG00002075273,#N/A,0,0,0,0,0,0,0,0,0,0,1,0
ENSMUSG00000032528,Vipr1,43,52,30,28,27,25,35,36,54,33,49,34
ENSMUSG00000061536,Sec22c,64,78,67,54,72,46,59,87,78,72,123,86
ENSMUSG00000079469,Pigb,401,448,360,365,535,456,372,461,496,437,625,522
ENSMUSG00000032526,Ss18l2,219,268,213,207,226,100,238,195,195,185,173,154
ENSMUSG00000102305,Gm38192,0,0,1,0,0,0,0,0,0,0,0,1
ENSMUSG00000098332,2310009A05Rik,93,111,101,100,152,86,102,127,117,109,117,94
ENSMUSG00000032202,Rab27a,1437,1540,1198,1230,862,515,985,1286,1084,1056,977,889
ENSMUSG00000098468,Gm27186,3,1,2,0,0,0,0,0,3,1,1,0
ENSMUSG00000092622,Khdc3,3,4,1,2,4,1,2,1,0,1,0,1
ENSMUSG00000092310,Gm20509,0,0,0,0,0,0,0,0,0,0,0,0
ENSMUSG00000032215,Rsl24d1,995,1299,1063,1190,1082,492,1126,1100,999,916,957,813
ENSMUSG00000032525,Nktr,4460,4506,3951,3691,3908,3427,2592,4089,3672,3839,4319,4045
ENSMUSG00000103556,Gm38215,2,3,1,4,1,2,4,2,0,0,8,4
ENSMUSG00000066478,Gm5745,0,0,0,0,0,0,0,0,0,0,0,0
ENSMUSG00000098875,Gm27211,0,0,0,0,0,0,0,0,0,0,0,0
ENSMUSG00000097820,E530011L22Rik,0,0,0,1,2,0,1,0,0,0,2,1
ENSMUSG00000013419,Zfp651,6,6,5,3,8,5,1,1,8,3,4,7
ENSMUSG00000111000,Gm47108,0,0,0,0,0,0,0,0,0,0,0,0
ENSMUSG00000074001,Klhl40,0,0,0,0,0,0,0,0,0,0,0,0
ENSMUSG00000062151,Unc13c,0,0,0,0,0,2,0,0,0,0,0,0
ENSMUSG00000103832,Gm37611,0,0,0,0,0,1,0,0,0,0,0,0
ENSMUSG00000099064,Gm27148,0,0,0,0,0,0,0,0,0,0,0,0
ENSMUSG00002076471,#N/A,0,0,0,0,0,0,0,0,0,0,0,0
ENSMUSG00000103202,Gm37326,0,0,0,0,0,1,0,0,0,0,0,0
ENSMUSG00000119155,#N/A,0,0,0,0,0,0,0,0,0,0,0,0
ENSMUSG00000032523,Hhatl,0,0,0,0,0,0,0,0,0,0,0,0
ENSMUSG00000044976,Wdr72,0,0,0,0,0,1,0,0,0,0,0,0
ENSMUSG00000084725,Gm24141,0,0,0,0,0,0,0,0,0,0,0,0
ENSMUSG00000098313,Nr1h2-ps,0,0,0,0,0,0,0,0,0,0,0,0
ENSMUSG00000101526,Gm28622,0,0,0,0,0,0,0,0,0,0,0,0
ENSMUSG00000098748,Gm27189,0,0,0,0,0,0,0,0,0,0,0,0
ENSMUSG00000098272,Gm27233,0,0,0,0,0,0,0,0,0,0,0,0
ENSMUSG00000079235,Ccdc13,0,0,0,0,2,1,0,0,0,1,0,0
ENSMUSG00000088635,Gm22315,0,0,0,0,0,0,0,0,0,0,0,0
ENSMUSG00000066477,Gm16551,0,0,1,0,0,1,0,0,0,0,0,0
ENSMUSG00000093662,Gm20649,0,0,0,0,0,0,0,0,0,0,0,0
ENSMUSG00000092042,Gm17163,0,0,0,0,0,0,0,0,0,0,0,0
ENSMUSG00000101596,Gm28182,0,0,0,0,2,0,0,0,0,0,0,0
ENSMUSG00000111341,Gm47111,6,3,6,1,3,1,8,1,4,3,3,0
ENSMUSG00000043013,Onecut1,0,0,0,0,0,0,0,0,0,0,0,0
ENSMUSG00000038412,Higd1a,340,373,316,384,421,190,437,454,372,310,378,343
ENSMUSG00000111079,Gm47112,6,2,4,3,5,5,3,6,5,5,6,6
ENSMUSG00000111465,Gm47113,4,1,3,0,7,15,0,3,2,2,6,1
ENSMUSG00000044534,Ackr2,12,7,10,9,20,7,8,9,4,6,4,4
ENSMUSG00000050445,Cyp8b1,0,0,0,0,0,0,0,0,0,0,0,0
ENSMUSG00000111141,Gm47115,0,0,0,0,0,0,0,0,0,0,0,0
ENSMUSG00000043773,1700048O20Rik,45,33,39,40,23,16,43,45,12,14,48,36
ENSMUSG00000111053,Gm49343,0,0,0,0,0,0,0,0,0,0,0,0
ENSMUSG00000034858,Fam214a,75,72,57,46,44,37,52,65,45,36,71,57
ENSMUSG00000038233,Gask1a,21,10,14,12,46,24,17,15,11,17,39,17
ENSMUSG00000066235,Pomgnt2,30,29,21,17,35,9,30,15,18,26,42,38
ENSMUSG00000111873,Gm39463,0,0,0,0,0,0,0,0,0,0,0,0
ENSMUSG00000110729,Gm47117,0,0,0,0,0,1,0,0,0,0,0,0
ENSMUSG00000111389,Gm39465,0,0,0,0,0,1,0,0,0,0,0,0
ENSMUSG00000111785,Gm39464,0,1,0,1,0,0,1,0,1,1,0,0
ENSMUSG00000007656,Arpp19,1712,1924,1565,1806,1909,1471,1806,1897,1827,1575,1941,1667
ENSMUSG00000111027,Gm2981,10,3,5,6,1,4,1,3,8,6,4,4
ENSMUSG00000038145,Snrk,550,568,471,425,434,205,384,429,506,470,409,396
ENSMUSG00000111003,Gm47122,0,1,0,2,2,2,2,0,0,1,1,2
ENSMUSG00000111605,4632418H02Rik,7,5,7,6,4,2,5,7,11,3,3,10
ENSMUSG00000111434,Gm47121,0,0,2,1,0,1,1,0,0,0,1,1
ENSMUSG00000034593,Myo5a,2607,2723,2357,2163,2197,1714,1535,2440,2316,2293,2409,2179
ENSMUSG00000037949,Ano10,168,191,131,142,119,45,115,140,137,139,99,106
ENSMUSG00000090001,Gm9719,0,0,0,0,0,0,0,0,0,0,0,0
ENSMUSG00000089651,Gm16353,0,0,0,0,0,0,0,0,0,0,0,0
ENSMUSG00000098922,Mir8106,0,0,0,0,0,0,0,0,0,0,0,0
ENSMUSG00000097572,Gm26797,2,1,1,3,2,0,0,1,2,0,1,0
ENSMUSG00000111268,Gm47126,0,0,0,0,0,0,1,0,0,0,0,0
ENSMUSG00000032540,Abhd5,250,304,176,222,217,110,208,201,248,201,228,215
ENSMUSG00000033590,Myo5c,0,5,0,0,2,2,0,3,0,1,1,1
ENSMUSG00000093598,A730085K08Rik,0,0,0,0,0,0,0,0,0,0,0,0
ENSMUSG00000111192,Gm47128,0,0,0,1,0,0,0,0,0,0,0,0
ENSMUSG00000111146,Gm35454,0,0,0,0,0,0,0,0,0,0,0,0
ENSMUSG00000110725,Gm47129,0,0,0,1,0,0,1,0,0,0,0,0
ENSMUSG00000111244,Gm47130,0,0,0,0,0,0,0,0,0,0,0,0
ENSMUSG00000110984,Gm47131,0,0,0,0,0,1,0,0,0,0,0,0
ENSMUSG00000111221,Gm47133,0,0,0,0,0,0,0,0,0,0,0,0
ENSMUSG00000097736,9530059O14Rik,0,0,0,0,0,0,0,0,0,0,0,0
ENSMUSG00000111143,Gm47134,0,0,0,0,0,0,0,0,0,0,0,0
ENSMUSG00000111837,Gm47135,0,0,0,0,0,0,0,0,0,0,0,0
ENSMUSG00000065414,Mir138-1,0,0,0,0,0,0,0,0,0,0,0,0
ENSMUSG00000111068,Gm35501,0,0,0,0,0,0,0,0,0,0,0,0
ENSMUSG00000111577,Gm47136,0,0,0,0,0,0,0,0,0,0,0,0
ENSMUSG00000111441,Gm47137,0,0,0,0,0,0,0,0,0,0,0,0
ENSMUSG00000094985,Topaz1,0,0,0,1,0,1,0,0,0,0,0,0
ENSMUSG00000032192,Gnb5,452,480,529,583,335,157,452,464,416,355,204,192
ENSMUSG00000111348,Gm19531,61,73,70,106,39,12,51,58,45,48,9,9
ENSMUSG00000110824,Gm48677,0,0,0,0,0,0,0,0,0,0,0,0
ENSMUSG00000032191,Bcl2l10,2,1,0,3,0,0,0,1,4,1,0,0
ENSMUSG00000042688,Mapk6,4400,4760,3602,3744,2801,2241,2611,3364,3816,3515,2964,2714
ENSMUSG00000111545,Gm18015,0,0,0,0,0,0,0,0,0,0,0,0
ENSMUSG00000111495,Gm5366,0,0,0,0,0,0,0,0,0,0,0,0
ENSMUSG00000097021,4933433G15Rik,9,12,4,7,5,8,6,9,6,5,5,7
ENSMUSG00000042487,Leo1,1315,1384,1040,1076,1062,1080,959,1207,1185,1129,1274,1053
ENSMUSG00000109032,Gm7972,18,17,18,15,6,3,14,22,15,20,12,13
ENSMUSG00000058587,Tmod3,2771,2939,2348,2340,2141,1835,1948,2478,2602,2314,2499,2140
ENSMUSG00000111228,Gm48789,1,0,0,0,0,0,0,0,4,1,0,1
ENSMUSG00000036768,Kif15,1016,1016,1291,1267,1419,1474,1108,1529,1009,1042,1232,1080
ENSMUSG00000111617,Gm47148,0,1,2,3,4,4,1,1,0,0,1,1
ENSMUSG00000110945,Gm9856,129,141,142,138,179,119,140,152,135,131,173,145
ENSMUSG00000066233,Tmem42,133,185,122,135,175,74,148,159,186,143,140,136
ENSMUSG00000111789,Gm49323,0,0,0,0,0,0,0,0,0,0,0,0
ENSMUSG00000025787,Tgm4,0,2,1,2,4,3,2,5,4,2,3,1
ENSMUSG00000032186,Tmod2,34,30,43,41,39,47,20,47,37,39,36,42
ENSMUSG00000110895,Gm48822,0,0,0,0,0,2,1,0,0,0,0,0
ENSMUSG00000032184,Lysmd2,286,299,246,242,261,165,301,260,280,270,294,306
ENSMUSG00000025786,Zdhhc3,3315,3645,2698,2917,2596,1205,2393,2977,3257,2878,2602,2391
ENSMUSG00000025785,Exosc7,1030,1154,1001,983,1230,673,1049,985,1141,956,1295,1185
ENSMUSG00000111490,Gm47159,0,2,3,3,4,3,4,0,1,4,4,1
ENSMUSG00000032181,Scg3,0,0,0,0,0,0,0,0,0,0,0,0
ENSMUSG00000025784,Clec3b,4,2,1,6,1,1,0,1,4,2,4,5
ENSMUSG00000077659,Gm23323,0,0,0,0,0,0,0,0,0,0,0,0
ENSMUSG00000102176,Gm37871,0,0,0,0,0,0,0,0,0,0,0,0
ENSMUSG00000098232,Gm3671,23,25,19,24,12,2,29,20,20,16,10,15
ENSMUSG00000035498,Cdcp1,16,19,9,12,17,6,13,12,12,1,2,13
ENSMUSG00000032179,Bmp5,0,0,0,0,1,3,0,0,0,0,0,0
ENSMUSG00000054871,Tmem158,225,218,194,233,240,64,262,263,270,268,154,176
ENSMUSG00000058492,Scp2-ps2,1,4,2,2,3,2,2,1,3,0,2,0
ENSMUSG00000111371,Gm47162,0,0,0,0,0,0,0,0,0,0,0,0
ENSMUSG00000035202,Lars2,9059,7427,13629,10664,9532,3800,20759,14719,8171,8436,4212,5343
ENSMUSG00000025241,Fyco1,245,269,220,188,214,185,120,209,209,213,223,241
ENSMUSG00000060509,Xcr1,0,0,1,0,0,0,0,0,0,1,0,0
ENSMUSG00000111148,Gm2774,1,4,4,1,3,2,1,2,7,7,1,1
ENSMUSG00000025804,Ccr1,21,29,24,23,4,2,7,7,16,14,12,8
ENSMUSG00000064039,Ccr1l1,0,0,0,0,0,0,0,0,0,0,0,0
ENSMUSG00000035448,Ccr3,6,4,12,3,2,1,1,3,0,1,1,1
ENSMUSG00000049103,Ccr2,175,166,184,209,80,47,97,121,109,133,88,101
ENSMUSG00000079227,Ccr5,642,769,713,809,269,193,419,553,452,430,294,261
ENSMUSG00000110834,Gm39469,18,26,16,25,21,17,16,17,20,28,38,35
ENSMUSG00000074829,2010315B03Rik,101,111,86,82,78,88,70,84,95,100,126,116
ENSMUSG00000111194,Gm47180,0,0,0,0,0,0,0,0,0,0,0,0
ENSMUSG00000110795,Gm47179,0,0,0,0,0,0,0,0,0,1,0,0
ENSMUSG00000111733,Gm47181,0,0,0,0,0,0,0,0,0,0,0,0
ENSMUSG00000079741,Nlrp4g,0,0,0,0,0,0,0,0,0,0,0,0
ENSMUSG00000046603,Tcaim,104,89,70,56,86,40,48,80,90,89,134,108
ENSMUSG00002074902,#N/A,1,0,0,1,0,1,1,0,0,0,0,1
ENSMUSG00000107504,Gm35549,0,0,0,0,0,0,0,0,0,0,0,0
ENSMUSG00000047036,Zfp445,2721,2969,2439,2352,2946,2008,1651,2297,2370,2565,2795,2738
ENSMUSG00000111325,Gm47140,1,4,4,5,1,6,1,9,3,4,5,0
ENSMUSG00000097322,A530083I20Rik,0,1,0,0,1,1,1,1,2,0,3,0
ENSMUSG00000063488,Zkscan7,79,75,73,63,112,83,59,65,58,82,117,108
ENSMUSG00000118660,#N/A,0,0,0,0,0,0,0,0,0,0,0,0
ENSMUSG00000111063,Zkscan7,0,0,0,1,0,0,0,0,1,0,0,0
ENSMUSG00000111710,Gm47145,0,0,0,0,0,0,0,0,0,0,0,0
ENSMUSG00000057895,Zfp105,21,20,19,19,8,9,12,16,17,11,10,17
ENSMUSG00000111163,Gm46136,0,0,0,2,0,0,0,0,0,0,0,0
ENSMUSG00000111428,Gm47146,0,0,0,0,0,0,0,0,0,0,0,0
ENSMUSG00000032551,1110059G10Rik,292,283,274,228,259,268,329,296,260,252,267,233
ENSMUSG00000025239,Limd1,3094,3788,2807,2953,2454,869,2482,2869,2740,2630,2057,2004
ENSMUSG00000025240,Sacm1l,1969,2029,1567,1568,1505,1320,1460,1714,1820,1819,1841,1670
ENSMUSG00000025243,Slc6a20b,1,0,0,0,0,2,3,0,1,0,0,0
ENSMUSG00000036814,Slc6a20a,0,0,0,0,0,0,0,0,0,0,0,0
ENSMUSG00000091172,Gm17120,0,0,0,0,0,0,0,0,0,0,0,0
ENSMUSG00000110735,Gm47173,0,0,0,0,0,0,0,0,0,0,0,0
ENSMUSG00000111340,Gm47171,0,0,0,0,0,8,0,0,0,0,0,0
ENSMUSG00000090608,Gm17200,0,0,0,0,0,1,0,0,0,0,0,0
ENSMUSG00000029530,Ccr9,0,0,1,1,1,3,2,1,0,0,0,0
ENSMUSG00000058922,Gm10052,1,0,1,1,0,2,1,0,3,3,1,1
ENSMUSG00000025245,Lztfl1,140,184,129,138,164,141,130,165,122,130,138,154
ENSMUSG00000091149,Gm17020,0,0,0,0,0,0,0,0,0,0,0,0
ENSMUSG00000091661,Gm17021,0,3,0,0,1,0,0,0,0,0,0,0
ENSMUSG00000048521,Cxcr6,951,1092,949,957,660,318,636,623,837,756,543,601
ENSMUSG00000047562,Mmp10,147,188,93,139,30,17,55,57,54,42,12,13
ENSMUSG00000005800,Mmp8,0,0,0,0,0,0,0,0,0,0,0,0
ENSMUSG00000070323,Mmp27,0,0,0,0,0,0,0,0,0,0,0,0
ENSMUSG00000043089,Mmp1a,0,0,0,0,0,0,0,0,0,0,0,0
ENSMUSG00000111830,4930568E12Rik,0,0,0,0,0,0,0,0,0,0,0,0
ENSMUSG00000111285,Gm47051,0,0,0,0,0,0,0,0,0,0,0,0
ENSMUSG00000079083,Jrkl,117,124,113,110,107,125,77,136,104,108,143,106
ENSMUSG00000119149,#N/A,1,0,0,0,0,0,0,0,0,0,0,0
ENSMUSG00000111212,Gm47087,27,18,36,32,14,21,17,28,30,25,4,15
ENSMUSG00000031802,Phxr4,5,5,9,1,4,12,11,8,2,6,9,10
ENSMUSG00000090592,Gm17571,0,0,0,0,0,0,0,0,0,0,0,0
ENSMUSG00000111223,Gm47089,0,5,5,3,0,0,3,4,4,2,0,0
ENSMUSG00000079084,Ccdc82,216,218,159,214,193,237,157,237,172,189,230,212
ENSMUSG00000032599,Ip6k2,241,214,179,211,212,142,182,190,195,200,197,196
ENSMUSG00000088626,Gm23034,0,0,0,0,0,0,0,0,0,0,0,0
ENSMUSG00000032598,Nckipsd,251,249,211,168,225,105,191,211,247,213,259,242
ENSMUSG00000103785,Gm35025,0,0,0,0,0,0,0,0,0,0,0,0
ENSMUSG00000102244,Gm37714,0,0,0,0,0,0,0,0,0,2,0,0
ENSMUSG00000023473,Celsr3,4,6,1,2,1,2,1,0,0,1,4,2
ENSMUSG00002076383,#N/A,0,0,0,0,0,0,0,0,0,0,0,0
ENSMUSG00000025652,Tmem89,0,0,1,1,0,2,0,2,0,3,1,1
ENSMUSG00000025651,Uqcrc1,3468,4049,2853,3126,3393,1470,3126,2988,3737,3332,3245,3183
ENSMUSG00000103754,Gm37284,0,0,0,0,0,0,0,0,0,0,0,0
ENSMUSG00000023259,Slc26a6,190,235,130,155,199,47,147,172,218,174,169,197
ENSMUSG00000111350,Gm47182,0,0,0,0,0,0,0,0,0,0,0,0
ENSMUSG00000111523,Gm47183,0,0,0,0,0,0,0,0,0,0,0,0
ENSMUSG00000111025,Gm47185,0,0,0,0,0,0,0,0,0,0,0,0
ENSMUSG00000096734,Gm21836,0,0,0,0,0,0,0,0,0,0,0,0
ENSMUSG00000093803,Ppp2r3d,672,729,698,645,642,253,638,648,702,595,575,641
ENSMUSG00000091028,Gm10722,0,0,0,0,3,12,0,0,0,0,1,0
ENSMUSG00000096385,Gm11168,0,0,0,0,1,1,0,0,0,0,0,0
ENSMUSG00000096519,Gm10721,0,0,0,0,0,0,0,0,0,0,0,0
ENSMUSG00000074564,Gm10720,0,0,0,0,0,2,0,0,0,0,1,0
ENSMUSG00000095547,Gm10719,0,0,0,1,1,11,0,0,0,0,1,0
ENSMUSG00000095186,Gm10718,0,0,0,0,1,3,0,0,0,0,0,0
ENSMUSG00000095891,Gm10717,0,3,0,2,5,30,6,0,0,0,7,1
ENSMUSG00000096736,Gm17535,0,0,0,0,1,3,0,0,0,0,0,0
ENSMUSG00000096201,Gm10715,0,0,0,0,1,3,0,0,0,0,0,0
ENSMUSG00000106183,Mir101c,0,0,0,0,0,0,0,0,0,0,0,0
ENSMUSG00000042360,4930433N12Rik,0,0,0,0,0,0,0,0,0,0,0,0
ENSMUSG00000110425,Gm32390,0,0,0,0,0,0,0,0,0,0,0,0
ENSMUSG00000110587,Gm7344,0,0,0,0,0,0,0,0,0,0,0,0
ENSMUSG00000110491,Gm31138,0,0,0,0,0,0,0,0,0,0,0,0
ENSMUSG00000110646,Olfr369-ps1,0,0,0,0,0,0,0,0,0,0,0,0
ENSMUSG00002075464,#N/A,0,0,0,0,0,0,0,0,0,0,0,0
ENSMUSG00000025899,Alkbh8,1001,1098,719,745,793,660,652,874,849,846,912,878
ENSMUSG00000064956,Gm24918,0,0,0,0,0,0,0,1,0,0,0,0
ENSMUSG00000077248,Gm23275,0,0,0,0,0,0,0,0,0,0,0,0
ENSMUSG00000025898,Cwf19l2,319,388,277,294,311,305,247,286,283,338,371,347
ENSMUSG00000110660,Gm5362,0,0,1,0,0,0,0,0,0,0,0,0
ENSMUSG00000041624,Gucy1a2,0,0,0,0,0,0,0,0,0,0,0,0
ENSMUSG00000110691,Gm5363,0,0,0,0,0,0,0,0,0,0,0,0
ENSMUSG00000110461,Gm45860,0,0,0,0,0,0,1,0,0,0,0,0
ENSMUSG00002075932,#N/A,0,0,0,0,0,0,0,0,0,0,0,0
ENSMUSG00000025894,Aasdhppt,778,755,634,567,718,503,649,627,799,741,827,786
ENSMUSG00000025893,Kbtbd3,21,22,16,22,18,14,28,17,15,11,30,25
ENSMUSG00002076927,#N/A,0,0,0,0,0,0,0,0,0,0,0,0
ENSMUSG00000041124,Msantd4,886,811,689,685,648,480,611,698,787,716,621,541
ENSMUSG00000025892,Gria4,0,0,0,0,0,0,0,0,0,0,0,0
ENSMUSG00002075667,#N/A,0,0,0,0,0,0,0,0,0,0,0,0
ENSMUSG00000110644,Gm7390,0,3,7,3,1,0,5,2,2,4,3,6
ENSMUSG00000084690,Gm24896,0,0,0,0,0,0,0,0,0,0,0,0
ENSMUSG00000025888,Casp1,369,426,307,422,322,215,294,332,327,356,292,291
ENSMUSG00000033538,Casp4,1501,1791,1819,1767,1464,1353,1236,1388,1662,1603,1181,992
ENSMUSG00000025887,Casp12,0,1,0,0,2,2,0,0,0,0,0,0
ENSMUSG00000110927,Gm48506,0,0,0,0,0,0,0,0,0,0,0,0
ENSMUSG00000111191,Gm6015,0,0,0,0,0,0,0,0,0,0,0,0
ENSMUSG00000110932,Gm48640,0,0,0,0,0,0,0,0,0,0,0,0
ENSMUSG00000111707,Gm9662,0,0,0,0,0,0,0,0,0,0,0,0
ENSMUSG00000032006,Pdgfd,0,0,0,0,0,1,0,0,0,0,0,0
ENSMUSG00000047619,Ddi1,0,0,0,0,0,0,0,0,0,0,2,0
ENSMUSG00000111257,Gm21089,0,0,2,0,0,0,0,0,0,1,0,0
ENSMUSG00000110732,Gm48674,0,0,0,0,0,0,0,0,0,0,0,0
ENSMUSG00000065382,Gm23097,0,0,0,0,0,0,0,0,0,0,0,0
ENSMUSG00000111464,Gm48675,0,0,0,0,0,0,0,0,0,0,0,0
ENSMUSG00000047193,Dync2h1,188,218,211,226,156,115,88,184,134,141,191,173
ENSMUSG00000032002,Dcun1d5,3026,3757,2727,2989,3154,1901,2831,2961,3409,3149,3096,2874
ENSMUSG00000111615,Gm47741,0,0,0,0,0,0,0,0,0,0,0,0
ENSMUSG00000050578,Mmp13,238,342,336,361,68,45,138,167,181,193,14,26
ENSMUSG00000049723,Mmp12,4,4,0,1,1,1,2,4,2,0,0,1
ENSMUSG00000041620,Mmp1b,0,0,0,0,0,0,0,0,0,0,0,0
ENSMUSG00000043613,Mmp3,0,0,0,0,0,0,0,0,0,0,0,0
ENSMUSG00000077384,Gm22658,0,0,0,0,0,0,0,0,0,0,0,0
ENSMUSG00000031937,Vstm5,1,4,3,1,2,0,0,0,1,1,1,2
ENSMUSG00000031935,Med17,1705,1899,1572,1666,1531,1100,1349,1636,1766,1547,1627,1419
ENSMUSG00000031938,4931406C07Rik,57,92,53,46,64,53,59,68,70,53,91,77
ENSMUSG00000031939,Taf1d,3772,4067,3631,3429,3931,3985,3651,3967,3655,3470,4346,3780
ENSMUSG00002075197,#N/A,0,0,0,0,0,0,0,0,0,0,0,0
ENSMUSG00000105847,Mir7650,0,0,0,0,0,0,0,0,0,0,0,0
ENSMUSG00000065282,Gm24455,0,0,0,0,0,0,0,0,0,0,0,0
ENSMUSG00000088929,Gm24299,0,0,0,0,0,0,0,0,0,0,0,0
ENSMUSG00002076879,#N/A,0,0,0,0,0,0,0,0,0,0,0,0
ENSMUSG00000065226,Gm25791,0,0,0,0,0,0,0,0,0,0,0,0
ENSMUSG00000064634,Gm22620,0,0,0,0,0,0,0,0,0,0,0,0
ENSMUSG00000064797,Gm24357,0,0,0,0,0,0,0,0,0,0,0,0
ENSMUSG00000065265,Gm23455,0,0,0,0,0,0,0,0,0,0,0,0
ENSMUSG00000065663,Gm22579,0,0,0,0,0,0,0,0,0,0,0,0
ENSMUSG00000046111,Cep295,2010,2202,1984,1971,2107,1877,1384,2258,1708,1868,2035,1791
ENSMUSG00000111132,Gm48142,0,0,0,0,0,0,0,0,0,0,0,0
ENSMUSG00000111529,Gm48141,0,0,0,0,0,0,0,0,0,0,0,0
ENSMUSG00000077506,Scarna9,2,2,4,5,3,0,4,3,3,0,1,1
ENSMUSG00000077394,Gm24339,2,0,3,3,4,1,2,1,3,4,0,2
ENSMUSG00000089702,Gm16568,0,1,0,0,0,1,0,0,0,0,0,2
ENSMUSG00000111763,Gm34973,0,0,0,0,0,0,0,0,0,0,0,0
ENSMUSG00000111823,Gm2517,0,0,0,0,0,0,0,0,0,0,0,0
ENSMUSG00000111508,Gm48634,0,0,0,0,0,0,0,0,0,0,0,0
ENSMUSG00000056880,Gadl1,0,1,1,0,0,1,0,0,0,0,0,0
ENSMUSG00000087469,Gm16142,2,0,3,1,2,2,0,1,4,2,1,0
ENSMUSG00000080848,Gm9385,0,2,5,1,2,1,3,1,5,5,2,1
ENSMUSG00000032440,Tgfbr2,2608,3059,2381,2448,2266,1272,1870,2410,2798,2671,1651,1694
ENSMUSG00000111243,Gm4668,4,4,3,4,3,2,1,0,4,4,3,0
ENSMUSG00000111729,Gm48038,0,0,0,0,0,0,0,0,0,0,0,0
ENSMUSG00000035047,Kri1,2407,2531,2136,2172,1851,1274,1960,2371,2135,1992,1968,1671
ENSMUSG00000096472,Cdkn2d,96,109,92,106,157,36,156,146,105,83,118,121
ENSMUSG00000003309,Ap1m2,4,2,2,7,6,4,6,7,1,7,5,9
ENSMUSG00000111172,Gm39302,0,2,2,0,1,0,1,2,4,1,2,0
ENSMUSG00000057193,Slc44a2,1081,1084,903,920,799,310,964,1059,999,1032,1192,1073
ENSMUSG00000110915,Gm36198,0,0,0,2,1,2,2,5,0,0,0,4
ENSMUSG00000032178,Ilf3,3450,3530,2821,2769,2981,1633,2424,2956,3406,3127,3014,2966
ENSMUSG00000097665,Gm16853,2,1,3,4,2,3,0,2,3,4,5,1
ENSMUSG00000002825,Qtrt1,954,1014,862,919,801,359,817,802,911,864,750,782
ENSMUSG00000033335,Dnm2,2624,2710,2027,2077,1895,959,1891,2418,2227,1917,2107,1909
ENSMUSG00000065547,Mir199a-1,0,0,0,0,0,0,0,0,0,0,0,0
ENSMUSG00000032180,Tmed1,39,55,32,34,31,8,35,37,46,42,46,47
ENSMUSG00000092261,Gm20519,0,0,1,0,0,0,0,0,0,0,0,0
ENSMUSG00000032185,Carm1,3486,3562,2761,2892,3253,1694,2580,3120,3419,3159,3579,3401
ENSMUSG00000032182,Yipf2,97,101,99,107,104,43,97,104,117,110,105,114
ENSMUSG00000048429,Timm29,1387,1532,1132,1261,968,469,1032,1220,1275,1064,1080,935
ENSMUSG00000111812,Gm7904,0,1,2,0,0,0,1,0,1,0,0,1
ENSMUSG00000088478,Mir1946b,0,0,0,1,0,0,0,0,0,0,2,1
ENSMUSG00000032187,Smarca4,8976,8878,6683,6727,7168,4711,5648,7616,7927,7368,7813,7142
ENSMUSG00002075151,#N/A,1,0,0,0,0,1,0,0,0,0,0,0
ENSMUSG00000097155,Gm26511,0,0,0,2,0,3,0,0,0,0,0,0
ENSMUSG00000032193,Ldlr,1671,1845,1686,1791,656,266,1252,1682,1390,1312,671,619
ENSMUSG00000074476,Spc24,236,261,284,306,491,284,366,376,273,210,345,350
ENSMUSG00000032194,Kank2,10,5,2,4,2,9,0,3,8,5,3,3
ENSMUSG00000057191,AB124611,42,48,43,44,21,8,39,50,35,37,32,15
ENSMUSG00000088495,Gm24398,0,0,0,0,0,0,0,0,0,0,0,0
ENSMUSG00000085586,Gm11613,34,38,26,39,22,12,26,21,28,26,15,21
ENSMUSG00002075001,#N/A,0,0,0,0,0,0,0,0,0,0,0,0
ENSMUSG00000059279,Olfr224,0,0,0,0,0,0,0,0,0,0,0,0
ENSMUSG00000108156,Olfr326-ps1,0,0,0,0,0,0,0,0,0,0,0,0
ENSMUSG00000060765,Olfr325,0,0,0,0,0,0,0,0,0,0,0,0
ENSMUSG00000056564,Olfr324,0,0,0,0,0,0,0,0,0,0,0,0
ENSMUSG00000037145,2210407C18Rik,0,0,0,0,0,0,0,0,0,0,0,0
ENSMUSG00000043880,Olfr323,0,0,0,0,0,0,0,0,0,0,0,0
ENSMUSG00000038437,Mllt6,6370,6625,6240,6282,5070,1960,4900,6955,5431,5247,5052,4922
ENSMUSG00000037124,Trim58,0,0,0,0,0,1,0,0,0,0,0,0
ENSMUSG00000098881,Mir6927,0,0,0,1,0,0,0,0,2,0,0,0
ENSMUSG00000020739,Nup85,2059,2273,2263,2065,2536,1030,2282,2369,2021,1805,2059,2264
ENSMUSG00000078695,Cisd3,161,192,130,170,156,44,230,186,143,122,175,187
ENSMUSG00000000751,Rpa1,1703,1875,1563,1583,2268,895,1868,1928,1782,1438,2052,1793
ENSMUSG00002076300,#N/A,0,0,0,0,0,0,1,0,0,0,0,0
ENSMUSG00000063549,Olfr322,0,1,0,0,0,0,0,0,0,0,0,0
ENSMUSG00000119150,#N/A,0,0,0,0,0,0,0,0,0,0,0,0
ENSMUSG00000107711,Olfr320,0,0,0,0,0,0,0,0,0,0,0,0
ENSMUSG00000082495,Gm12570,0,0,0,0,0,0,0,0,0,1,0,0
ENSMUSG00000064044,Olfr319,0,0,0,0,0,0,0,0,0,0,0,0
ENSMUSG00000108265,Olfr318,0,0,0,0,0,0,0,0,0,0,0,0
ENSMUSG00000018809,Smyd4,49,75,60,57,90,45,74,75,65,43,97,77
ENSMUSG00000060030,Olfr317,0,0,0,0,0,0,0,0,0,0,0,0
ENSMUSG00000107677,Olfr316,0,0,0,0,0,0,0,0,0,0,0,0
ENSMUSG00000056959,Olfr315,0,0,0,0,0,0,0,0,0,0,0,0
ENSMUSG00000020290,Xpo1,4515,4590,4787,4451,5834,5019,4308,5606,4752,4627,6385,5884
ENSMUSG00000059504,Olfr314,0,0,0,0,0,0,0,0,0,0,0,0
ENSMUSG00000018537,Pcgf2,455,402,337,318,404,317,399,386,404,379,549,407
ENSMUSG00000069744,Psmb3,683,863,729,805,870,371,886,733,800,634,691,603
ENSMUSG00000049154,Fam183b,39,65,50,45,5,5,45,54,30,28,2,2
ENSMUSG00000020740,Gga3,1214,1269,1087,1009,1109,576,897,982,1082,1017,1252,1087
ENSMUSG00000089476,Gm25364,0,0,0,0,0,0,0,0,0,0,0,0
ENSMUSG00000070438,Olfr313,0,0,0,0,0,0,0,0,0,0,0,0
ENSMUSG00000096806,Olfr312,0,0,0,0,0,0,0,0,0,0,0,0
ENSMUSG00000018547,Pip4k2b,2996,3085,2372,2231,2428,1199,1996,2596,2732,2417,2557,2331
ENSMUSG00000085145,Gm11614,0,0,0,0,0,0,0,0,0,0,0,0
ENSMUSG00000098919,Mir8102,3,6,4,2,4,0,5,7,5,2,4,2
ENSMUSG00000094805,Olfr311,0,0,0,0,0,0,0,0,0,0,0,0
ENSMUSG00000046756,Mrps7,2059,2302,1686,1835,1917,659,1813,1723,2080,1920,1781,1677
ENSMUSG00000072915,Gm12258,16,27,17,19,47,24,19,18,14,17,40,42
ENSMUSG00000085744,Gm12259,0,0,0,1,0,0,0,0,2,2,2,0
ENSMUSG00000020491,2810021J22Rik,122,127,104,114,97,74,80,120,120,96,116,130
ENSMUSG00000018541,Cwc25,1024,1019,862,764,678,458,777,857,846,788,697,656
ENSMUSG00000084168,Atp5l2-ps,0,0,0,0,0,0,0,0,0,0,0,0
ENSMUSG00000037001,Zfp39,150,147,120,134,96,86,109,148,117,124,120,83
ENSMUSG00000000753,Serpinf1,260,262,107,141,109,59,151,146,159,174,91,74
ENSMUSG00000087654,Gm12256,0,0,0,0,1,0,1,0,0,2,0,0
ENSMUSG00000086063,Gm12257,0,0,0,0,1,0,0,0,0,0,0,0
ENSMUSG00000018543,1700001P01Rik,6,7,2,2,5,2,4,1,2,4,4,8
ENSMUSG00000085359,Gm12336,0,0,0,0,0,0,0,0,0,0,0,0
ENSMUSG00000084224,Gm12337,0,0,0,0,0,0,0,0,0,0,0,0
ENSMUSG00000071415,Rpl23,5068,5329,4060,4280,4023,7366,4566,5475,5281,4887,5116,4289
ENSMUSG00002075586,#N/A,18,36,16,16,15,12,11,15,19,11,19,16
ENSMUSG00000064901,Snora21,13,17,11,11,7,4,4,19,12,8,8,6
ENSMUSG00000020743,Mif4gd,1213,1376,921,1037,1270,730,1046,1094,1243,1197,1192,1221
ENSMUSG00000038224,Serpinf2,5,1,2,5,1,1,2,0,1,1,0,2
ENSMUSG00000020744,Slc25a19,979,1105,823,784,1064,432,801,894,1021,919,1020,1024
ENSMUSG00000038366,Lasp1,3254,3484,2269,2276,2067,1050,1920,2127,2767,2637,1838,1647
ENSMUSG00000050538,B230217C12Rik,6,10,8,6,6,2,8,10,5,2,5,3
ENSMUSG00000070336,Fbxo47,3,4,3,4,5,3,3,0,2,6,2,2
ENSMUSG00000045374,Wdr81,1033,1045,727,719,486,134,462,609,827,778,567,517
ENSMUSG00000086917,Gm11630,0,0,0,1,0,0,0,1,0,0,0,0
ENSMUSG00000085148,Mir22hg,219,245,263,213,221,106,169,176,193,170,141,123
ENSMUSG00000038217,Tlcd2,54,66,39,52,38,32,51,52,36,54,38,38
ENSMUSG00000065529,Mir22,0,0,0,0,0,0,0,0,0,0,0,0
ENSMUSG00000059923,Grb2,2784,3051,2364,2427,2373,1028,2459,2574,2778,2436,2009,1951
ENSMUSG00000084277,Gm11702,0,0,0,0,0,0,0,0,0,0,0,0
ENSMUSG00000083394,Gm11703,4,7,5,3,7,7,6,6,8,8,13,6
ENSMUSG00000089460,Gm23699,0,0,0,0,0,0,0,0,0,0,0,0
ENSMUSG00000084130,Gm11704,0,0,0,0,0,0,0,0,0,0,0,0
ENSMUSG00000056342,Usp34,8020,7871,4541,4415,5954,5070,3698,6305,6531,7099,6684,6172
ENSMUSG00000017417,Plxdc1,2,6,10,9,2,4,6,9,2,3,4,1
ENSMUSG00002076152,#N/A,0,0,0,0,0,0,0,0,0,0,0,0
ENSMUSG00000082715,Gm11633,0,1,0,0,2,0,0,0,2,1,0,0
ENSMUSG00000065591,Gm22753,1,1,2,1,0,1,0,5,0,1,1,1
ENSMUSG00000038352,Arl5c,20,15,14,17,21,3,22,29,11,15,23,15
ENSMUSG00000020288,Ahsa2,606,668,506,531,651,434,574,579,563,532,719,733
ENSMUSG00000106362,Gm47279,0,0,0,1,0,0,0,0,0,0,0,0
ENSMUSG00000086459,1700030C12Rik,3,1,1,1,1,0,0,0,4,2,4,1
ENSMUSG00000020747,Tmem94,467,489,403,361,513,185,369,460,393,336,540,490
ENSMUSG00000093539,Mir5621,0,0,0,0,0,0,0,0,0,0,0,0
ENSMUSG00000020286,1700093K21Rik,0,0,0,0,0,1,0,0,0,0,0,1
ENSMUSG00000085415,Selenok-ps1,1,2,1,0,3,0,0,0,1,0,2,1
ENSMUSG00000020850,Prpf8,18499,19609,14856,14600,14790,7997,11718,16657,16681,15549,15450,14065
ENSMUSG00000038195,Rilp,2,7,5,0,8,3,9,9,5,13,4,5
ENSMUSG00000034471,Caskin2,49,52,37,27,33,12,38,37,38,26,52,46
ENSMUSG00000038188,Scarf1,6,8,6,10,7,5,3,7,7,2,9,7
ENSMUSG00000109715,Gm45606,9,7,3,6,7,1,3,8,8,8,4,9
ENSMUSG00000020882,Cacnb1,30,27,21,22,24,22,22,27,26,19,33,20
ENSMUSG00000086716,Gm11629,4,1,2,2,3,2,1,4,6,2,3,3
ENSMUSG00000020781,Tsen54,964,1065,777,861,858,219,777,733,931,834,725,763
ENSMUSG00000038178,Slc43a2,67,84,58,50,62,23,80,85,52,38,93,88
ENSMUSG00000017404,Rpl19,66,76,55,65,59,31,55,63,77,54,52,39
ENSMUSG00000093100,Mir3971,0,0,0,0,0,0,0,0,0,0,0,0
ENSMUSG00002076889,#N/A,0,0,0,0,0,0,0,0,0,0,0,0
ENSMUSG00000017400,Stac2,19,34,18,27,6,5,15,21,14,12,1,1
ENSMUSG00000084079,Gm11631,2,4,0,0,0,0,2,0,3,5,0,4
ENSMUSG00000017781,Pitpna,5477,5547,3780,3922,3812,3001,3893,4396,5042,4710,4117,3809
ENSMUSG00000085088,4931413K12Rik,0,0,0,0,0,0,0,0,0,0,0,0
ENSMUSG00000042208,0610010F05Rik,846,840,633,602,656,588,493,645,648,662,628,540
ENSMUSG00000081485,Gm12338,0,0,1,0,2,0,1,1,0,0,0,0
ENSMUSG00002075061,#N/A,0,0,1,0,0,0,0,0,0,0,0,0
ENSMUSG00000020283,Pex13,377,421,337,324,397,261,321,331,433,345,331,337
ENSMUSG00000020883,Fbxl20,206,240,221,212,181,102,164,215,217,177,207,201
ENSMUSG00000084896,Gm11632,0,0,0,0,0,0,0,0,0,0,0,0
ENSMUSG00000020782,Llgl2,364,428,299,255,238,56,230,288,324,316,244,188
ENSMUSG00000006127,Inpp5k,368,351,336,309,321,208,357,358,392,349,294,303
ENSMUSG00000020280,Pus10,1558,1753,1347,1284,1337,901,1036,1381,1489,1460,1498,1459
ENSMUSG00000020275,Rel,10561,10632,10171,9659,8203,7144,5811,8572,8907,8840,6873,6165
ENSMUSG00002075124,#N/A,0,0,0,0,0,0,0,0,0,0,0,0
ENSMUSG00000034427,Myo15b,6,5,9,5,4,0,3,2,5,2,2,1
ENSMUSG00000020273,Papolg,1121,1187,948,946,1033,868,722,1048,1058,994,1000,901
ENSMUSG00000084769,Gm12061,0,0,0,0,1,1,1,1,1,0,0,0
ENSMUSG00000084206,Gm12062,0,1,0,0,0,0,0,0,0,0,0,0
ENSMUSG00002075760,#N/A,0,0,0,0,0,0,0,0,0,0,0,0
ENSMUSG00000055010,A830031A19Rik,0,0,0,0,0,0,0,0,0,0,0,0
ENSMUSG00000085167,Gm12063,0,0,0,0,0,0,0,0,0,0,0,0
ENSMUSG00000018160,Med1,3433,3586,3219,2906,2805,1764,2232,3185,2971,2858,3066,2684
ENSMUSG00000085897,Gm11604,0,0,1,2,0,0,0,0,0,2,0,0
ENSMUSG00000061462,Obscn,2,2,0,0,1,5,2,1,0,0,0,0
ENSMUSG00000049287,Iba57,371,398,293,306,294,82,276,291,365,329,264,273
ENSMUSG00000043448,Gjc2,0,2,1,0,0,0,1,0,0,1,0,1
ENSMUSG00000000861,Bcl11a,1,1,2,3,4,4,0,1,0,1,3,1
ENSMUSG00000020752,Recql5,669,746,633,654,596,227,533,602,609,597,600,535
ENSMUSG00000086612,Gm12064,0,0,0,0,0,0,0,0,0,0,0,0
ENSMUSG00000085516,4930538E20Rik,0,0,0,0,0,2,0,0,0,0,0,0
ENSMUSG00000086117,Gm12065,0,0,0,0,0,0,0,0,0,0,0,0
ENSMUSG00000048442,Smim5,0,3,0,1,0,0,0,2,0,0,0,0
ENSMUSG00000075420,Smim6,0,0,0,0,0,0,0,0,0,0,0,0
ENSMUSG00000085579,Gm12066,0,0,0,0,0,4,0,0,0,0,0,0
ENSMUSG00000087085,Gm12068,0,0,0,0,0,0,0,0,0,0,0,0
ENSMUSG00000087072,Recql5os1,0,0,0,0,0,1,0,0,0,0,0,0
ENSMUSG00000086892,4933430M04Rik,0,0,0,0,0,0,0,0,0,0,0,0
ENSMUSG00000081767,Gm12067,0,0,0,0,0,0,0,0,0,0,0,0
ENSMUSG00002076333,#N/A,0,0,0,0,0,0,0,0,0,0,0,0
ENSMUSG00002075301,#N/A,0,0,0,0,0,0,0,0,0,0,0,0
ENSMUSG00000073103,Gm10466,0,0,0,0,0,0,0,0,0,0,0,0
ENSMUSG00000087145,Gm12665,0,0,0,0,0,0,0,0,0,0,0,0
ENSMUSG00000020444,Guk1,486,555,424,480,468,279,462,419,563,442,549,542
ENSMUSG00000085882,2610507I01Rik,37,43,27,32,41,19,23,26,26,25,53,52
ENSMUSG00000033015,4933427E13Rik,0,0,0,0,0,0,0,0,0,0,0,0
ENSMUSG00000077669,Gm24255,0,0,0,0,0,0,0,0,0,0,0,0
ENSMUSG00000086439,Gm12069,0,0,0,0,0,0,0,0,0,0,0,0
ENSMUSG00000020755,Sap30bp,1384,1446,1104,1328,1256,785,1113,1359,1387,1287,1248,1126
ENSMUSG00000087064,Sap30bpos,0,0,0,0,1,0,0,0,0,0,0,0
ENSMUSG00000032985,5730522E02Rik,1,0,0,0,0,2,0,0,0,0,0,0
ENSMUSG00000064761,Gm23514,0,0,0,0,0,0,0,0,0,0,0,0
ENSMUSG00000099015,Mir6372,0,0,0,0,0,0,0,0,0,0,0,0
ENSMUSG00000119883,#N/A,0,0,0,0,0,0,0,0,0,0,0,0
ENSMUSG00000036860,Mrpl55,357,386,287,293,389,163,344,308,431,377,379,348
ENSMUSG00000072898,Gm10434,10,9,12,12,4,1,13,7,5,8,7,3
ENSMUSG00000020441,2310033P09Rik,410,375,288,331,449,264,330,328,470,370,501,427
ENSMUSG00000003119,Cdk12,3602,3611,2830,2807,2832,2504,1904,3127,3116,3059,3131,2898
ENSMUSG00002075227,#N/A,0,1,0,0,0,1,0,0,0,0,0,0
ENSMUSG00000093176,Mir5119,4,1,0,1,0,0,1,0,1,1,2,3
ENSMUSG00002074991,#N/A,0,0,0,0,0,0,0,0,0,0,0,0
ENSMUSG00000093673,Gm20644,5,8,3,3,3,14,1,1,5,5,6,0
ENSMUSG00000048076,Arf1,5682,6404,4863,5166,5047,2369,4949,5236,5643,4845,5149,4474
ENSMUSG00000038255,Neurod2,0,0,0,0,0,3,0,0,0,0,0,0
ENSMUSG00000009900,Wnt3a,0,0,0,0,0,1,0,0,0,0,0,0
ENSMUSG00000000126,Wnt9a,1,1,0,1,0,0,0,0,0,1,1,0
ENSMUSG00002076465,#N/A,0,0,0,0,0,0,0,0,0,0,0,0
ENSMUSG00000004018,Fancl,155,158,105,131,165,127,133,136,182,138,160,161
ENSMUSG00000049291,Prss38,0,0,0,0,0,0,0,0,0,0,0,0
ENSMUSG00000086910,Gm15755,0,0,0,0,0,0,0,0,0,0,0,0
ENSMUSG00000081811,Gm12713,0,0,0,0,0,0,0,0,1,1,3,0
ENSMUSG00000061718,Ppp1r1b,3,2,1,0,4,0,1,1,2,4,1,1
ENSMUSG00000085944,1700003D09Rik,0,0,0,0,0,0,0,0,0,0,0,0
ENSMUSG00000009894,Snap47,242,251,213,172,292,111,192,203,247,187,270,283
ENSMUSG00000064090,Vrk2,200,212,226,227,187,134,230,231,203,213,166,174
ENSMUSG00000068314,Gm6899,3,1,2,1,3,2,1,2,2,0,0,0
ENSMUSG00000082038,Gm12071,0,0,0,0,0,0,0,0,0,0,0,0
ENSMUSG00000069939,Gm12070,29,10,6,13,6,1,9,13,28,19,10,11
ENSMUSG00000082294,Gm12072,0,0,0,0,0,0,0,0,0,0,0,0
ENSMUSG00000080987,Gm12073,0,0,0,0,0,0,0,0,0,0,0,0
ENSMUSG00000018167,Stard3,1020,1068,738,909,593,175,716,789,822,785,514,445
ENSMUSG00000083895,Gm12074,0,0,1,1,0,0,0,0,0,0,0,0
ENSMUSG00002074890,#N/A,0,0,0,0,0,0,0,0,0,0,0,0
ENSMUSG00000088654,Gm24850,0,0,0,0,0,0,0,0,0,0,0,0
ENSMUSG00000119065,#N/A,0,0,0,0,0,0,0,0,0,0,0,0
ENSMUSG00000080735,Gm12075,1,0,0,0,0,0,0,0,0,0,0,0
ENSMUSG00000007877,Tcap,0,0,2,1,1,2,0,1,0,1,0,1
ENSMUSG00000081658,Gm12077,0,0,0,0,0,0,0,0,0,0,0,0
ENSMUSG00000082243,Gm3810,0,0,0,0,1,2,0,0,0,0,0,0
ENSMUSG00000084064,Gm12079,0,0,0,0,0,0,0,0,0,0,0,0
ENSMUSG00000038216,Pnmt,0,0,0,0,0,0,0,0,0,0,0,0
ENSMUSG00000083201,Gm12080,0,0,0,0,0,0,0,0,0,0,0,0
ENSMUSG00000032889,Gm6685,0,0,0,0,0,0,0,0,1,2,0,1
ENSMUSG00000084905,Gm12081,0,0,0,0,0,0,0,0,0,0,0,0
ENSMUSG00000036819,Jmjd4,823,820,585,617,692,366,517,634,753,623,633,686
ENSMUSG00000054519,Zfp867,56,64,47,43,39,28,41,46,63,44,46,53
ENSMUSG00000084145,Gm12263,7,3,2,6,1,0,1,1,2,2,3,2
ENSMUSG00000038208,Pgap3,264,209,174,150,160,70,179,161,230,192,177,180
ENSMUSG00000083234,Gm12262,0,0,0,0,0,0,0,0,0,0,0,0
ENSMUSG00000032878,Ccdc85a,0,0,0,0,0,0,0,0,0,0,0,0
ENSMUSG00000017774,Myo1c,2555,2638,1834,1874,1551,652,1466,1846,2191,2027,1695,1600
ENSMUSG00000084966,2810471M01Rik,0,0,0,0,0,1,0,0,0,0,0,0
ENSMUSG00000076318,Mir216b,0,0,0,0,0,0,0,0,0,0,0,0
ENSMUSG00000106400,Mir216c,0,0,0,0,0,0,0,0,0,0,0,0
ENSMUSG00000085510,Gm12082,0,0,0,0,0,0,0,0,0,0,0,0
ENSMUSG00000065539,Mir216a,0,0,0,0,0,0,0,0,0,0,0,0
ENSMUSG00000065415,Mir217,0,0,0,0,0,0,0,0,0,0,0,0
ENSMUSG00000020467,Efemp1,0,0,0,0,0,0,0,0,0,0,0,0
ENSMUSG00000081695,Rpsa-ps5,0,1,1,0,2,0,2,0,1,0,1,1
ENSMUSG00000017776,Crk,1439,1463,1332,1235,1522,810,1162,1244,1417,1257,1346,1397
ENSMUSG00000062312,Erbb2,1,0,0,0,0,1,0,0,0,0,1,0
ENSMUSG00002076412,#N/A,0,0,0,0,0,0,0,0,0,0,0,0
ENSMUSG00000002580,Mien1,508,661,416,422,515,146,478,357,518,446,527,436
ENSMUSG00000084835,Gm12352,1,0,0,0,3,0,1,0,0,0,0,0
ENSMUSG00000020472,Zkscan17,1466,1614,1080,1111,1124,452,1191,1182,1376,1233,1117,1091
ENSMUSG00000020849,Ywhae,11336,12073,9941,10590,11501,12402,11034,11719,11395,10163,11450,10015
ENSMUSG00000020848,Doc2b,0,0,0,0,0,0,0,0,0,0,0,0
ENSMUSG00000087059,Gm12339,0,0,0,0,0,0,0,0,0,0,0,0
ENSMUSG00000019312,Grb7,2,5,1,9,2,2,7,0,9,3,1,3
ENSMUSG00000072893,4933439C10Rik,49,47,37,38,70,34,32,43,46,46,76,37
ENSMUSG00000018168,Ikzf3,1943,1970,1574,1635,1276,1011,863,1271,1685,1777,1459,1365
ENSMUSG00000084621,Gm25106,0,0,0,0,0,1,0,0,0,0,0,2
ENSMUSG00000020464,Pnpt1,1986,2241,1718,1629,1676,1502,1491,1881,1815,1837,1942,1778
ENSMUSG00000086725,A630052C17Rik,43,39,43,43,69,41,29,38,32,56,69,45
ENSMUSG00000020847,Rph3al,51,79,46,51,73,23,55,57,67,64,87,95
ENSMUSG00000087322,Gm16075,0,0,0,0,0,0,0,0,0,0,0,0
ENSMUSG00000053783,1700016K19Rik,1,0,0,0,2,0,0,0,0,0,0,0
ENSMUSG00000032691,Nlrp3,40,60,75,87,31,11,50,82,27,32,14,14
ENSMUSG00000020846,Rflnb,18,20,28,18,18,8,23,21,16,14,29,27
ENSMUSG00000059610,Olfr222,0,0,0,0,0,0,0,0,0,0,0,0
ENSMUSG00000081262,Gm12261,0,1,1,0,0,1,0,0,0,1,0,1
ENSMUSG00000048919,Olfr223,0,0,0,0,0,0,0,0,0,0,0,0
ENSMUSG00000108457,Gm5027,0,0,0,0,0,0,0,0,0,0,0,0
ENSMUSG00000044061,Olfr225,0,0,0,0,0,0,0,0,0,0,0,0
ENSMUSG00000017195,Zpbp2,3,6,6,3,4,2,7,5,2,6,6,1
ENSMUSG00000020463,Ppp4r3b,3219,3396,2574,2679,2419,2170,1928,2789,2607,2894,2882,2526
ENSMUSG00000038150,Ormdl3,505,495,395,357,417,135,359,428,458,424,403,412
ENSMUSG00000086545,Lrrc3c,0,0,0,0,0,0,0,0,0,0,0,0
ENSMUSG00000078134,Gm12355,4,8,4,6,9,61,8,17,2,4,10,3
ENSMUSG00000020462,Cfap36,202,239,138,152,138,164,193,219,204,154,182,164
ENSMUSG00000064224,Gsdma3,0,0,0,0,0,0,0,0,0,0,0,0
ENSMUSG00000083298,Gm12085,0,0,0,0,0,0,0,0,0,0,0,0
ENSMUSG00000080517,Gm23109,0,0,0,0,0,0,0,0,0,0,0,0
ENSMUSG00000080827,Gm12086,0,0,0,0,0,0,0,0,0,0,0,0
ENSMUSG00000082721,Gm12087,0,0,0,0,0,0,0,0,0,0,0,0
ENSMUSG00000017211,Gsdma2,0,0,0,0,0,0,0,0,0,0,0,0
ENSMUSG00000017204,Gsdma,0,1,0,0,0,1,0,0,0,0,0,0
ENSMUSG00000017221,Psmd3,5844,6090,4670,4923,5102,1993,4819,5218,5804,5281,5090,4796
ENSMUSG00000085955,Gm12356,4,2,3,5,6,0,5,4,6,6,5,3
ENSMUSG00000038067,Csf3,0,0,0,0,0,0,2,0,0,0,0,0
ENSMUSG00000032740,Ccdc88a,157,155,153,138,171,245,127,183,109,126,146,119
ENSMUSG00000032673,Prorsd1,122,132,100,120,85,62,106,109,133,117,87,118
ENSMUSG00000085165,Gm12089,0,0,0,0,0,0,0,0,0,0,0,2
ENSMUSG00000020758,Itgb4,0,4,0,0,0,0,1,0,1,0,2,1
ENSMUSG00000020459,Mtif2,783,859,724,631,712,596,575,685,780,725,856,724
ENSMUSG00000017210,Med24,1232,1395,1173,1158,1171,509,1071,1274,1204,1109,1289,1169
ENSMUSG00000020460,Rps27a,630,606,497,522,470,220,506,494,562,493,416,407
ENSMUSG00000088169,Gm22059,0,0,0,0,0,0,0,0,0,0,0,0
ENSMUSG00000020766,Galk1,1392,1648,1163,1309,1457,342,1434,1407,1609,1326,1537,1504
ENSMUSG00000020461,Clhc1,2,1,3,1,0,1,0,2,1,0,2,2
ENSMUSG00000081575,Gm12090,1,0,0,0,0,0,1,0,0,0,1,0
ENSMUSG00000086707,Gm12088,0,0,1,0,0,0,0,0,0,0,0,0
ENSMUSG00000085893,Gm12091,16,20,13,10,10,6,14,7,16,19,5,17
ENSMUSG00000084850,Gm12092,0,0,0,0,0,0,0,0,0,0,0,0
ENSMUSG00000083917,Gm12093,0,0,0,0,0,0,0,0,0,0,0,0
ENSMUSG00000016559,H3f3b,7079,7625,6503,6626,6635,3519,6766,6567,7290,6529,5736,5599
ENSMUSG00000058756,Thra,46,37,34,44,29,14,40,35,28,35,39,32
ENSMUSG00000020889,Nr1d1,112,106,101,95,76,57,88,95,104,87,96,112
ENSMUSG00000017288,Vps53,958,1078,784,817,757,369,739,833,849,772,843,724
ENSMUSG00000020770,Unk,654,700,539,534,599,273,481,608,639,600,653,681
ENSMUSG00000052915,Msl1,2575,2579,1933,1950,2198,1301,1997,2170,2518,2172,2472,2424
ENSMUSG00000075576,Gm12359,28,25,33,35,38,16,30,36,28,36,21,27
ENSMUSG00000078676,Casc3,2652,2777,2384,2452,2207,1631,2173,2714,2419,2267,2313,1998
ENSMUSG00000038020,Rapgefl1,12,12,8,10,10,8,7,17,16,10,12,9
ENSMUSG00000038013,Wipf2,1533,1545,1222,1163,1308,779,1052,1343,1202,1113,1364,1191
ENSMUSG00002075277,#N/A,0,0,0,0,0,0,0,0,0,0,0,0
ENSMUSG00000017286,Glod4,545,575,417,486,572,298,475,486,577,450,518,525
ENSMUSG00000080701,Gm12340,7,5,0,0,4,0,2,0,4,5,3,1
ENSMUSG00000020458,Rtn4,2585,2800,2266,2401,1970,1093,2079,2268,2343,2204,1780,1838
ENSMUSG00000005417,Mprip,1438,1462,1280,1182,1322,690,1138,1362,1302,1165,1225,1244
ENSMUSG00000086330,1700007J10Rik,0,0,0,0,0,0,0,0,0,0,0,0
ENSMUSG00000086536,Gm12264,0,0,0,0,0,1,0,1,1,0,0,0
ENSMUSG00000017499,Cdc6,915,884,862,866,1019,557,1031,1144,796,684,948,904
ENSMUSG00000069808,Fam57a,267,282,198,184,167,107,184,230,197,180,194,152
ENSMUSG00000043648,Pld6,3,2,1,0,0,1,1,0,4,0,0,2
ENSMUSG00000049396,Gemin4,9,10,8,5,7,4,10,7,7,10,11,6
ENSMUSG00000038057,Dbil5,3,3,1,2,1,1,0,2,3,0,0,4
ENSMUSG00000038046,Mrm3,540,615,504,482,522,319,452,460,581,533,588,498
ENSMUSG00000020844,Nxn,526,628,452,450,564,186,442,433,561,475,577,556
ENSMUSG00000044072,Eml6,20,8,13,13,23,9,9,18,16,7,16,18
ENSMUSG00000078157,Fem1al,2,2,1,1,0,0,3,0,0,3,1,2
ENSMUSG00000080851,Gm12094,0,0,0,0,1,0,0,0,0,0,0,0
ENSMUSG00000032633,Flcn,815,950,770,794,827,234,753,682,863,704,696,658
ENSMUSG00000088135,Gm22588,0,0,0,0,0,0,0,0,0,0,0,0
ENSMUSG00000080906,Gm12095,0,0,0,0,0,0,0,0,0,0,0,0
ENSMUSG00000087249,Gm16062,17,26,42,43,44,26,48,41,34,29,27,28
ENSMUSG00002075476,#N/A,0,0,1,0,3,0,2,1,0,0,1,0
ENSMUSG00000020843,Timm22,573,653,515,610,578,259,596,568,615,529,458,466
ENSMUSG00000037992,Rara,1200,1240,814,855,663,274,679,809,1082,1018,788,746
ENSMUSG00000118885,#N/A,1,0,2,0,0,2,1,0,0,2,0,2
ENSMUSG00000047197,Gjd3,13,13,6,10,8,0,6,2,9,10,10,8
ENSMUSG00000020914,Top2a,6618,6684,7158,6625,11175,8055,7243,9419,6041,5504,9047,8268
ENSMUSG00002076326,#N/A,0,0,0,0,0,0,0,0,0,0,0,0
ENSMUSG00000065262,Gm23451,0,0,0,0,0,0,0,0,0,0,0,0
ENSMUSG00000019373,Cops3,1232,1505,1031,1041,1136,831,1151,1270,1267,1128,1196,1122
ENSMUSG00000017493,Igfbp4,305,300,346,461,267,110,469,538,253,237,220,203
ENSMUSG00000032615,Nt5m,259,286,226,241,211,69,268,206,276,211,196,216
ENSMUSG00000084766,Gm12714,0,0,0,0,0,0,0,0,0,0,0,0
ENSMUSG00000085551,1810063I02Rik,0,0,0,0,0,0,0,0,0,0,0,0
ENSMUSG00000085260,Med9os,0,0,0,0,1,1,0,0,0,0,0,0
ENSMUSG00000017607,Tns4,3,13,5,5,2,4,9,11,4,5,7,6
ENSMUSG00000057948,Unc13d,2240,2337,1657,1655,1471,530,1565,1774,1998,1789,1639,1645
ENSMUSG00000037944,Ccr7,805,1018,3017,3349,3897,1331,4456,4548,1723,1361,1725,1648
ENSMUSG00000061650,Med9,445,567,385,414,440,150,455,430,425,430,373,365
ENSMUSG00000049892,Rasd1,14,18,18,14,13,13,25,20,12,17,7,12
ENSMUSG00000037935,Smarce1,1023,1026,900,911,966,1467,938,1070,966,934,1124,869
ENSMUSG00000035849,Krt222,18,24,27,27,26,26,23,22,35,26,16,22
ENSMUSG00000034341,Wbp2,652,773,410,478,467,297,572,638,649,598,609,525
ENSMUSG00000000301,Pemt,60,86,71,70,66,24,103,95,103,75,67,41
ENSMUSG00002076193,#N/A,0,0,0,0,0,0,0,0,0,0,0,0
ENSMUSG00000020913,Krt24,0,0,0,2,0,0,0,0,3,1,0,0
ENSMUSG00000083666,Gm12358,0,0,0,0,0,1,0,0,0,0,0,0
ENSMUSG00000035831,Krt25,0,0,0,0,0,0,0,0,0,0,0,0
ENSMUSG00000075570,Krt26,0,0,0,0,0,0,0,0,0,0,0,0
ENSMUSG00000017588,Krt27,0,0,0,0,0,0,0,0,0,0,0,0
ENSMUSG00000055937,Krt28,0,0,0,0,0,0,0,0,0,0,0,0
ENSMUSG00000020773,Trim47,15,17,6,14,5,4,17,14,12,11,15,10
ENSMUSG00000062115,Rai1,4286,4080,3463,3438,3181,1362,2361,3616,3687,3513,3314,3431
ENSMUSG00000051008,4930412M03Rik,0,0,0,0,2,1,1,1,1,1,0,1
ENSMUSG00000019761,Krt10,52,42,26,39,46,27,43,35,40,36,47,48
ENSMUSG00000087692,Gm11940,0,1,0,0,3,4,0,0,0,0,4,0
ENSMUSG00000054517,Trim65,312,298,291,235,319,216,236,284,357,331,493,410
ENSMUSG00000020912,Krt12,6,2,1,6,1,2,3,0,1,0,0,1
ENSMUSG00000084890,A830036E02Rik,0,0,0,0,0,0,0,0,0,0,0,0
ENSMUSG00000035775,Krt20,0,1,0,0,0,0,0,0,0,3,1,0
ENSMUSG00000006777,Krt23,0,0,1,1,1,0,0,0,0,0,2,0
ENSMUSG00000020775,Mrpl38,1358,1461,1068,1100,1274,575,1180,1247,1409,1140,1275,1260
ENSMUSG00000064165,Krt39,0,0,0,0,0,0,0,0,0,0,0,0
ENSMUSG00000020315,Sptbn1,2003,2015,1818,1688,2047,1438,1371,2200,1954,1863,2060,1902
ENSMUSG00000059169,Krt40,0,0,0,0,0,0,0,0,0,0,0,0
ENSMUSG00000101872,Gm29237,0,0,0,0,0,0,0,0,0,0,0,0
ENSMUSG00000069722,Krtap3-3,0,0,0,0,0,0,0,0,0,0,0,0
ENSMUSG00000073073,Gm8098,0,0,0,1,0,2,1,2,1,0,0,0
ENSMUSG00000069721,Krtap3-2,0,0,0,0,0,0,0,0,0,0,0,0
ENSMUSG00000078132,Gm11939,0,0,0,0,0,0,0,0,0,0,0,0
ENSMUSG00000047564,Krtap3-1,0,0,0,0,0,0,0,0,0,0,0,0
ENSMUSG00000047253,Krtap1-5,0,0,0,0,0,0,0,0,0,0,0,0
ENSMUSG00000075567,Krtap1-4,0,0,0,0,0,0,0,0,0,0,0,0
ENSMUSG00000078131,Krtap1-3,0,0,0,0,0,0,0,0,0,0,0,0
ENSMUSG00000040919,4930505A04Rik,0,0,0,0,0,0,0,0,0,0,0,0
ENSMUSG00000049809,Krtap9-3,0,0,0,0,0,0,0,0,0,0,0,0
ENSMUSG00000057674,Gm11938,0,0,0,0,0,0,0,0,0,0,0,0
ENSMUSG00000058725,Gm11937,0,0,0,0,0,0,0,0,0,0,0,0
ENSMUSG00000060923,Acyp2,5,7,7,7,7,3,5,10,7,8,9,10
ENSMUSG00000060756,Krtap2-4,0,0,0,0,0,0,0,0,0,0,0,0
ENSMUSG00000081712,Gm12096,1,1,0,0,0,0,0,0,0,0,1,0
ENSMUSG00000082078,Gm12098,0,0,2,0,0,0,0,0,0,0,0,0
ENSMUSG00000062278,Gm11562,0,0,0,0,0,0,0,0,0,0,0,0
ENSMUSG00000081887,Gm12097,3,3,4,1,0,1,0,4,4,2,2,1
ENSMUSG00000083655,Gm12099,0,0,0,0,0,0,0,1,0,0,0,0
ENSMUSG00000063251,Krtap4-1,0,0,0,0,0,0,0,0,0,0,0,0
ENSMUSG00000087474,Gm12100,0,0,0,0,0,0,0,0,0,0,0,0
ENSMUSG00000083990,Gm12101,0,0,0,0,0,0,0,0,0,0,0,0
ENSMUSG00000044649,Krtap4-2,0,0,0,0,0,0,0,0,0,0,0,0
ENSMUSG00000017631,Abr,993,1013,766,686,539,315,644,849,708,692,535,505
ENSMUSG00000045109,Krtap4-7,0,0,0,0,0,0,0,0,0,0,0,0
ENSMUSG00000080763,Gm12341,1,2,0,1,0,0,2,5,2,4,5,2
ENSMUSG00000078130,Gm11555,0,0,0,0,0,0,0,0,0,0,0,0
ENSMUSG00000024205,Rpl36-ps2,0,0,1,1,1,10,1,1,0,0,0,4
ENSMUSG00000069718,Gm11563,0,0,0,0,0,0,0,0,0,0,0,0
ENSMUSG00000082020,Gm14182,0,0,0,0,0,0,0,0,0,0,0,0
ENSMUSG00000044243,Bhlha9,0,0,0,0,0,0,0,0,0,0,0,0
ENSMUSG00000075566,Krtap4-6,0,0,0,0,0,0,0,0,0,0,0,0
ENSMUSG00000082900,Gm11557,12,13,4,7,10,1,8,4,7,2,4,5
ENSMUSG00000046275,Trarg1,0,1,0,0,0,0,0,0,0,0,0,0
ENSMUSG00000082344,4930415H17Rik,0,0,0,0,0,0,0,0,0,0,0,0
ENSMUSG00000078276,Gm14190,0,0,0,0,0,0,0,0,0,0,0,0
ENSMUSG00000118602,AL590997.1,0,0,0,0,0,0,0,0,0,0,0,0
ENSMUSG00000118634,AL590997.3,0,0,0,0,0,0,0,0,0,0,0,0
ENSMUSG00000118639,AL590997.4,0,0,0,0,0,0,0,0,0,0,0,0
ENSMUSG00000083581,Gm14186,0,0,0,0,0,0,0,0,0,0,0,0
ENSMUSG00000078270,Gm14193,0,0,0,0,0,0,0,0,0,0,0,0
ENSMUSG00000078269,Gm14180,0,0,0,0,0,0,0,0,0,0,0,0
ENSMUSG00000118609,AL590997.2,0,0,0,0,0,0,0,0,0,0,0,0
ENSMUSG00000078263,Gm14188,0,0,0,0,0,0,0,0,0,0,0,0
ENSMUSG00000010392,Gosr1,1166,1325,1008,1077,1087,806,914,1180,1117,1004,1195,981
ENSMUSG00000078668,Gm11595,0,0,0,0,0,0,0,0,0,0,0,0
ENSMUSG00000089724,Krtap4-8,0,0,0,0,0,0,0,0,0,0,0,0
ENSMUSG00000078262,Krtap4-9,0,0,0,0,0,0,0,0,0,0,0,0
ENSMUSG00000078261,Gm11596,0,0,0,0,0,0,0,0,0,0,0,0
ENSMUSG00000078260,Gm11569,0,0,0,0,0,0,0,0,0,0,0,0
ENSMUSG00000078259,Gm11554,0,0,0,0,0,0,0,0,0,0,0,0
ENSMUSG00000020538,Srebf1,1819,2233,1677,1777,1383,402,1530,1737,1651,1661,1333,1387
ENSMUSG00000048294,Krtap4-13,0,0,0,0,0,0,0,0,0,0,0,0
ENSMUSG00000098547,Mir6921,0,0,0,1,1,0,1,0,3,2,1,1
ENSMUSG00000078258,Gm11564,0,0,0,0,0,0,0,0,0,0,0,0
ENSMUSG00000099259,Mir6922,0,0,0,0,0,0,0,0,0,0,0,0
ENSMUSG00000078257,2300003K06Rik,0,0,0,0,0,1,0,0,0,0,0,0
ENSMUSG00000082531,Gm11556,0,0,0,0,0,1,0,0,1,0,0,0
ENSMUSG00000046474,Krtap4-16,0,0,0,0,0,0,0,0,0,0,0,0
ENSMUSG00000119936,#N/A,0,0,0,0,0,0,0,0,0,0,0,0
ENSMUSG00000069717,Gm11568,0,0,0,0,0,0,0,0,0,0,0,0
ENSMUSG00000090225,Gm11559,0,0,0,0,0,0,0,0,0,0,0,0
ENSMUSG00000070335,Krtap9-1,0,0,0,0,0,0,0,0,0,0,0,0
ENSMUSG00000020841,Cpd,3806,4243,3360,3445,3142,2053,1824,2988,2989,2986,2272,2291
ENSMUSG00000059845,Gm11567,0,0,0,0,0,0,0,0,0,0,0,0
ENSMUSG00000082993,Gm11566,0,0,0,0,0,0,0,0,0,0,0,0
ENSMUSG00000070334,Krtap31-1,0,0,0,0,0,0,0,0,0,0,0,0
ENSMUSG00000078256,Gm11565,0,0,0,0,0,0,0,0,0,0,0,0
ENSMUSG00000086688,Gm11560,13,7,13,6,8,16,7,10,5,11,12,8
ENSMUSG00000051481,Krtap31-2,0,0,0,0,0,0,0,0,0,0,0,0
ENSMUSG00000078255,Krtap9-5,0,0,0,0,0,0,0,0,0,0,0,0
ENSMUSG00000082798,Gm11561,0,0,0,0,0,0,0,0,0,0,0,0
ENSMUSG00000081547,Gm11553,0,0,0,0,0,0,0,0,0,0,0,0
ENSMUSG00000078254,Krtap29-1,0,0,0,0,0,0,0,0,0,0,0,0
ENSMUSG00000078253,Krtap16-1,0,0,0,0,0,0,0,0,0,0,0,0
ENSMUSG00000082591,Gm11558,0,0,0,0,0,0,0,0,0,0,0,0
ENSMUSG00000078252,Krtap17-1,0,0,0,0,0,0,0,0,0,0,0,0
ENSMUSG00000020839,Tmigd1,0,0,0,0,0,0,0,0,0,0,0,0
ENSMUSG00000020776,Fbf1,420,434,333,312,419,232,312,442,369,333,468,451
ENSMUSG00000040850,Psme4,2166,2314,1841,1726,2041,1256,1211,1576,1878,1905,1966,1785
ENSMUSG00000105120,Gm26413,0,0,0,0,0,0,0,0,0,0,0,0
ENSMUSG00000035592,Krt33a,0,0,0,0,0,0,0,0,0,0,0,0
ENSMUSG00002074894,#N/A,0,0,0,0,0,0,0,0,0,0,0,0
ENSMUSG00000057723,Krt33b,0,0,0,0,0,0,0,0,0,0,0,0
ENSMUSG00000086986,Gm12103,0,0,0,0,0,0,0,0,0,0,0,0
ENSMUSG00000043999,Gpr75,0,2,0,0,0,0,0,0,0,0,0,0
ENSMUSG00000043485,Krt34,0,0,0,0,0,0,0,0,0,0,0,0
ENSMUSG00000048981,Krt31,0,0,0,0,0,0,0,0,0,0,0,0
ENSMUSG00000087581,Gm11571,0,0,0,0,0,0,0,0,0,0,0,0
ENSMUSG00000118536,AL592545.1,0,0,0,0,0,0,0,0,0,0,0,0
ENSMUSG00000046095,Krt32,0,0,0,0,0,0,0,0,0,0,0,0
ENSMUSG00000048013,Krt35,0,0,0,0,0,0,0,0,0,0,0,0
ENSMUSG00000020840,Blmh,2180,2381,1955,2161,2043,1254,1864,1946,2116,1912,1781,1665
ENSMUSG00000020916,Krt36,0,0,0,0,0,0,0,0,0,0,0,0
ENSMUSG00000086702,Gm12347,0,0,0,0,0,0,0,0,0,0,0,0
ENSMUSG00002075624,#N/A,1,5,0,1,2,2,2,1,1,1,0,4
ENSMUSG00000020305,Asb3,245,278,227,241,292,140,187,240,262,217,242,225
ENSMUSG00000084146,Gm12104,0,0,2,1,0,0,0,1,0,1,0,1
ENSMUSG00000044041,Krt13,0,0,0,1,0,0,0,0,0,0,0,0
ENSMUSG00000054146,Krt15,0,0,0,0,0,1,0,0,0,0,0,1
ENSMUSG00000020911,Krt19,0,0,0,0,0,1,0,0,0,0,0,0
ENSMUSG00000020838,Slc6a4,0,0,1,0,0,1,0,0,0,0,0,0
ENSMUSG00000087398,Gm12343,0,0,0,0,0,0,0,0,0,0,0,0
ENSMUSG00000051617,Krt9,0,0,0,0,0,0,0,0,0,0,0,0
ENSMUSG00000020311,Erlec1,528,530,414,399,375,415,399,495,493,469,408,398
ENSMUSG00000020777,Acox1,212,239,152,143,145,86,143,168,192,165,166,175
ENSMUSG00000045545,Krt14,0,0,0,0,0,1,0,0,0,1,0,0
ENSMUSG00000020309,Chac2,88,84,67,77,67,101,74,78,80,89,79,107
ENSMUSG00000082213,Gm12102,0,0,0,0,0,0,0,0,0,0,0,0
ENSMUSG00000082049,Gm12105,0,0,0,0,0,0,0,0,0,0,1,0
ENSMUSG00000084257,Gm11597,0,0,0,0,0,0,0,0,0,0,0,0
ENSMUSG00000037958,Nsrp1,1067,1173,893,974,985,1360,1001,1027,876,991,1251,961
ENSMUSG00000079890,Gm12106,0,0,0,0,0,0,0,0,0,0,0,0
ENSMUSG00000082456,Gm11598,0,1,0,0,0,0,1,0,0,0,0,0
ENSMUSG00000077639,Gm22772,0,0,0,0,0,0,0,0,0,0,0,0
ENSMUSG00000091195,Gm17332,0,0,0,0,0,0,0,0,0,0,0,0
ENSMUSG00000065518,Mir423,0,0,0,0,0,0,0,0,0,1,0,2
ENSMUSG00000020778,Ten1,200,214,177,168,182,77,192,150,198,176,181,164
ENSMUSG00000053797,Krt16,0,1,2,3,7,2,5,2,1,0,0,4
ENSMUSG00000020303,Stc2,546,583,342,381,444,278,390,508,438,547,481,427
ENSMUSG00000092300,Cdk3,10,8,7,2,13,5,10,5,4,7,13,7
ENSMUSG00000044502,Bod1,305,353,242,308,269,110,306,266,340,335,285,300
ENSMUSG00000035557,Krt17,10,18,15,10,16,5,24,15,11,22,3,10
ENSMUSG00000103635,Gm38061,0,0,0,0,0,0,0,0,0,0,0,0
ENSMUSG00000085772,D630024D03Rik,0,0,0,0,0,0,0,0,0,0,0,0
ENSMUSG00000034282,Evpl,9,20,17,11,9,0,9,7,9,16,11,8
ENSMUSG00000086335,Gm12107,0,1,0,0,1,0,2,0,2,0,0,3
ENSMUSG00000053654,Krt42,0,0,0,0,0,0,0,0,0,0,0,0
ENSMUSG00000086163,Gm14206,0,0,0,0,1,0,0,0,0,0,0,0
ENSMUSG00000087265,Gm12349,0,0,0,0,0,0,0,0,0,0,0,0
ENSMUSG00000050944,Efcab5,1,0,1,3,4,9,6,5,1,3,6,6
ENSMUSG00000082550,Gm12344,0,0,0,1,0,0,0,0,0,0,1,0
ENSMUSG00000102038,Gm12345,0,0,0,0,0,0,0,0,0,0,0,0
ENSMUSG00000109010,Gm45027,0,0,0,0,0,1,0,0,0,1,0,1
ENSMUSG00000035530,Eif1,5039,4775,3874,4367,3829,1995,4776,4191,5198,4376,3456,3542
ENSMUSG00000020780,Srp68,3664,4208,3292,3587,3271,1930,3054,3400,3733,3330,3027,2831
ENSMUSG00000017165,Gast,0,0,0,0,0,0,0,0,0,0,0,0
ENSMUSG00000020793,Galr2,0,0,0,0,0,0,0,1,0,0,0,0
ENSMUSG00000118502,AL645861.1,0,0,0,0,0,0,0,0,0,0,0,0
ENSMUSG00000020300,Cpeb4,679,675,594,553,378,326,333,545,465,478,383,358
ENSMUSG00000020299,4930524B15Rik,0,0,0,0,0,0,0,0,0,0,0,0
ENSMUSG00000037926,Ssh2,441,453,399,405,472,305,374,575,410,311,563,449
ENSMUSG00000077649,Gm24989,0,0,0,0,0,0,0,0,0,0,0,0
ENSMUSG00000000538,Tom1l2,164,199,121,144,125,51,113,137,146,126,118,126
ENSMUSG00000083899,Gm12346,14,7,7,12,9,10,9,16,11,13,8,15
ENSMUSG00000020297,Nsg2,37,43,69,84,65,40,86,70,56,58,55,56
ENSMUSG00000086386,Gm12108,0,0,0,0,0,0,0,0,1,0,0,0
ENSMUSG00000081613,Gm12109,3,12,1,8,15,1,3,8,3,4,7,5
ENSMUSG00000085132,Gm12265,0,0,0,0,1,0,0,0,0,0,0,0
ENSMUSG00002076024,#N/A,0,0,0,0,0,0,0,0,0,1,0,0
ENSMUSG00000082148,Gm12266,11,15,16,15,9,6,12,24,15,9,5,6
ENSMUSG00000006930,Hap1,5,10,3,5,6,1,4,5,7,3,5,4
ENSMUSG00000092509,Gm20394,0,1,0,0,0,2,4,0,1,0,0,0
ENSMUSG00000091478,Gm10039,15,10,6,1,9,2,8,6,19,11,15,8
ENSMUSG00000020279,Il9r,3,11,2,2,1,1,2,4,3,4,1,1
ENSMUSG00000040767,Snrnp25,191,227,203,218,218,86,301,276,183,131,191,160
ENSMUSG00000001552,Jup,45,51,27,30,10,8,21,19,27,19,12,8
ENSMUSG00000086031,Gm12348,0,0,0,0,0,0,1,0,0,0,0,0
ENSMUSG00000056598,Drc3,6,4,7,2,4,1,4,1,2,3,2,3
ENSMUSG00000006931,P3h4,10,13,8,4,7,0,3,3,6,2,6,7
ENSMUSG00000020836,Coro6,0,0,1,2,0,1,0,2,0,0,2,0
ENSMUSG00000020282,Rhbdf1,61,69,56,61,48,17,49,49,41,47,49,46
ENSMUSG00000001555,Fkbp10,0,1,0,1,4,1,1,0,2,1,2,1
ENSMUSG00000042709,Atpaf2,798,837,706,677,680,383,644,731,776,694,734,659
ENSMUSG00000018415,Gid4,1420,1572,1251,1251,1326,799,1069,1300,1510,1385,1481,1417
ENSMUSG00000083412,Gm12268,0,0,0,1,1,1,2,0,0,0,0,0
ENSMUSG00000084249,Gm12267,1,3,1,2,1,0,3,2,3,0,3,1
ENSMUSG00000020537,Drg2,1851,2202,1625,1677,1818,849,1663,1831,1903,1703,1622,1576
ENSMUSG00000037907,Ankrd13b,1669,1759,1382,1305,1655,774,1113,1422,1741,1561,2184,2021
ENSMUSG00000020289,Nprl3,610,688,553,534,570,215,492,512,608,513,514,500
ENSMUSG00000020792,Exoc7,626,639,540,522,520,286,530,592,586,501,564,542
ENSMUSG00002075039,#N/A,0,0,0,0,0,0,0,0,0,0,0,0
ENSMUSG00000034227,Foxj1,16,25,25,20,21,2,23,21,25,21,11,13
ENSMUSG00000017176,Nt5c3b,669,756,527,575,592,350,637,695,752,677,665,678
ENSMUSG00000020287,Mpg,370,363,285,347,360,133,284,310,327,346,347,337
ENSMUSG00000055609,Hba-x,0,0,0,0,0,0,0,0,0,1,0,0
ENSMUSG00000001558,Klhl10,1,1,1,1,5,2,0,3,1,0,3,4
ENSMUSG00002076313,#N/A,0,0,0,0,0,3,0,0,0,0,0,0
ENSMUSG00000048732,Klhl11,384,396,354,333,350,226,164,313,349,334,309,336
ENSMUSG00000069919,Hba-a1,0,0,0,0,0,0,0,0,0,0,0,0
ENSMUSG00000073063,Hbq1b,0,0,0,0,0,0,0,0,0,0,0,0
ENSMUSG00000069917,Hba-a2,0,0,0,0,0,0,0,0,0,0,0,0
ENSMUSG00000020295,Hbq1a,0,0,0,0,0,0,0,0,0,0,0,0
ENSMUSG00000011877,Git1,3107,3183,2262,2330,2278,1084,2040,2541,2797,2572,2653,2448
ENSMUSG00000044328,Trp53i13,104,99,64,81,68,11,103,81,72,91,93,95
ENSMUSG00000000686,Abhd15,7,12,12,8,5,2,5,9,2,4,6,7
ENSMUSG00000072673,Gm10392,2,0,1,1,0,0,0,0,0,1,1,0
ENSMUSG00000040711,Sh3pxd2b,67,61,36,23,18,14,13,49,30,19,30,29
ENSMUSG00000044949,Ubtd2,225,276,211,246,203,126,147,256,232,240,171,150
ENSMUSG00000044056,Efcab9,4,4,3,2,9,6,3,3,2,2,3,7
ENSMUSG00000020272,Stk10,1570,1596,1199,1220,1186,716,1213,1456,1365,1159,1398,1278
ENSMUSG00000052949,Rnf157,1446,1461,1228,1223,936,505,862,1127,1240,1147,874,859
ENSMUSG00000081929,Rps11-ps2,2,1,2,2,1,0,6,0,1,3,4,3
ENSMUSG00000050628,Ubald2,350,455,402,464,319,75,431,319,389,318,182,191
ENSMUSG00000017291,Taok1,1894,1711,1566,1400,1592,1372,966,1619,1462,1521,1820,1650
ENSMUSG00000081451,Gm12734,0,0,2,0,0,1,0,1,0,0,0,0
ENSMUSG00000020917,Acly,10999,11894,9633,9823,8031,3607,7116,9016,9301,8390,7554,7270
ENSMUSG00000082646,Gm12732,1,0,0,1,2,0,2,0,1,3,1,1
ENSMUSG00000081543,Gm12733,1,1,0,0,0,0,0,0,0,0,1,0
ENSMUSG00000118748,#N/A,0,0,0,0,0,0,0,0,0,0,0,0
ENSMUSG00000104854,Mir7116,0,2,2,1,1,0,0,0,0,1,0,0
ENSMUSG00000037857,Nufip2,2526,2509,2433,2115,2628,2370,1766,2423,2101,2069,2835,2502
ENSMUSG00000070331,Qrich2,0,0,0,0,0,0,2,0,1,1,0,2
ENSMUSG00000000724,Cryba1,0,0,0,0,0,0,0,0,0,0,0,0
ENSMUSG00000081924,Gm11191,0,0,0,0,0,2,0,0,1,0,0,0
ENSMUSG00000086826,Gm11739,0,0,0,1,0,0,0,0,0,0,0,0
ENSMUSG00000020271,Fbxw11,4082,4332,3286,3352,2740,1232,2371,3002,3390,3130,2507,2203
ENSMUSG00000098054,Gm8192,11,18,18,17,15,3,32,26,14,15,9,5
ENSMUSG00000006784,Ttc25,2,1,5,2,2,1,0,1,0,1,0,0
ENSMUSG00000085676,4930555O08Rik,0,0,0,0,0,0,0,0,0,0,0,0
ENSMUSG00000118532,BX842667.1,0,0,0,0,0,0,0,0,0,0,0,0
ENSMUSG00000006782,Cnp,233,247,206,262,212,80,346,347,209,230,214,190
ENSMUSG00000020270,Smim23,0,0,0,0,0,0,0,0,0,0,0,0
ENSMUSG00000083303,Gm12110,0,0,0,0,0,0,0,0,0,0,0,0
ENSMUSG00000085402,Gm12111,0,0,0,0,0,0,0,0,0,0,0,0
ENSMUSG00000081254,Gm12112,1,0,0,0,1,0,0,0,0,0,0,0
ENSMUSG00002075522,#N/A,0,0,0,0,0,0,0,0,0,0,0,0
ENSMUSG00000081076,Rpsa-ps4,18,14,7,7,6,1,2,7,21,13,7,9
ENSMUSG00000087318,Gm12114,0,0,0,0,0,0,0,0,0,0,0,0
ENSMUSG00000057967,Fgf18,238,212,139,136,83,57,117,102,147,141,44,44
ENSMUSG00000015869,Prpsap1,1474,1522,1183,1232,1396,524,1212,1324,1437,1251,1346,1288
ENSMUSG00000081318,Rpl36-ps1,0,0,0,0,0,0,0,0,0,0,0,0
ENSMUSG00000100779,Gm29292,3,3,0,0,4,0,0,0,4,0,1,0
ENSMUSG00000061878,Sphk1,217,277,213,210,87,20,102,111,174,139,47,24
ENSMUSG00000040594,Ranbp17,3,2,8,2,2,4,2,2,4,3,5,0
ENSMUSG00000069913,Anp32-ps,2,1,0,1,1,0,1,0,0,0,0,0
ENSMUSG00000083471,Gm12118,1,0,0,0,2,0,0,0,2,0,0,0
ENSMUSG00000020159,Gabrp,0,0,0,0,0,1,0,0,0,0,0,0
ENSMUSG00000073052,D130052B06Rik,0,0,0,0,0,0,0,0,0,0,0,0
ENSMUSG00000020802,Ube2o,2712,2785,2071,2099,1884,733,1513,2064,2438,2271,1959,1829
ENSMUSG00000083314,Gm11742,0,0,0,0,0,0,0,0,0,0,0,0
ENSMUSG00000014195,Dnajc7,3865,3916,3220,3109,3585,3345,3116,3607,3855,3481,3793,3266
ENSMUSG00000020804,Aanat,1,0,1,0,0,0,1,0,0,0,0,0
ENSMUSG00000053519,Kcnip1,0,1,3,2,0,1,0,0,0,0,0,0
ENSMUSG00000085240,Gm12119,0,0,0,0,0,0,0,0,0,0,0,0
ENSMUSG00000087328,Gm12120,0,0,0,0,1,9,0,0,0,0,0,0
ENSMUSG00000020155,Kcnmb1,2,5,5,2,6,6,3,4,6,3,1,3
ENSMUSG00000017837,Nkiras2,439,533,378,366,390,127,374,383,471,378,327,322
ENSMUSG00000042678,Myo15,8,4,17,5,2,1,7,13,5,10,3,1
ENSMUSG00000085684,4930469K13Rik,5,9,4,5,5,0,2,2,5,12,1,5
ENSMUSG00000014198,Zfp385c,0,0,0,0,0,0,0,0,1,0,0,0
ENSMUSG00000109112,Gm44544,0,0,0,0,0,0,0,0,0,0,0,0
ENSMUSG00000085604,Dhx58os,0,0,0,0,0,0,0,0,0,0,0,0
ENSMUSG00000020806,Rhbdf2,2159,2258,1379,1456,815,284,970,1164,1326,1255,739,719
ENSMUSG00000042650,Alkbh5,3335,3458,2778,2653,2935,1096,2214,2777,3139,2564,2871,2719
ENSMUSG00000096745,Gm12622,0,0,0,0,0,0,0,0,0,0,0,0
ENSMUSG00000020810,Cygb,5,3,3,2,0,0,3,2,2,2,3,3
ENSMUSG00000084273,Gm12628,0,0,0,0,0,0,0,0,0,0,0,0
ENSMUSG00000093924,Gm12623,0,0,0,1,0,0,0,0,0,1,0,0
ENSMUSG00000096363,Gm12621,0,0,0,0,0,0,0,0,0,0,0,0
ENSMUSG00000095680,Gm12627,0,0,0,0,0,0,0,0,0,0,0,0
ENSMUSG00000095291,Gm12613,0,0,0,0,0,0,0,0,0,0,0,0
ENSMUSG00000096088,Gm12614,0,0,0,0,0,0,0,0,0,0,0,0
ENSMUSG00000096483,Gm12615,0,0,0,0,0,0,0,0,0,0,0,0
ENSMUSG00000094278,Gm12626,0,0,0,0,0,0,0,0,0,0,0,0
ENSMUSG00000094005,Gm12625,0,0,0,0,0,0,0,0,0,0,0,0
ENSMUSG00000084335,Gm12619,0,0,0,0,0,0,0,0,0,0,0,0
ENSMUSG00000017830,Dhx58,64,77,85,95,77,25,119,116,47,52,74,69
ENSMUSG00000095605,Gm12624,0,0,0,0,0,0,0,0,0,0,0,0
ENSMUSG00000093978,Gm12612,0,0,0,0,0,0,0,0,0,0,0,0
ENSMUSG00000095136,Gm12616,0,0,0,0,0,0,0,0,0,0,0,0
ENSMUSG00000075410,Prcd,0,0,0,0,0,0,0,0,0,0,0,0
ENSMUSG00000094566,Gm12620,0,0,1,0,0,0,0,0,1,0,0,0
ENSMUSG00000084034,Gm12617,0,0,0,0,0,0,0,0,0,0,0,0
ENSMUSG00000002699,Lcp2,23883,25081,15878,16510,14164,12179,14509,17386,19541,18658,17510,15339
ENSMUSG00000086243,Gm12121,2,6,2,1,3,0,0,0,0,0,3,0
ENSMUSG00000047861,Foxi1,3,1,2,3,1,0,0,0,4,6,1,2
ENSMUSG00000020812,Snhg16,782,897,768,798,536,142,691,688,752,704,522,524
ENSMUSG00000065640,Snord1c,0,0,0,0,0,0,0,0,0,0,0,0
ENSMUSG00000077604,Snord1b,0,0,0,0,0,0,0,0,0,0,0,0
ENSMUSG00000065094,Snord1a,0,0,0,0,0,0,0,0,0,0,0,0
ENSMUSG00000057286,St6galnac2,16,14,2,7,9,0,5,8,8,9,5,3
ENSMUSG00000110170,St6galnac2,0,3,0,3,0,4,0,3,2,2,1,2
ENSMUSG00000020918,Kat2a,2808,3193,2487,2458,3052,1268,2542,2792,3005,2720,3020,2903
ENSMUSG00000078586,Gm11735,0,0,0,0,0,1,0,0,0,0,0,0
ENSMUSG00000017832,Hspb9,0,0,1,2,0,0,0,1,0,2,2,0
ENSMUSG00000056032,BC018473,0,0,1,0,0,0,0,0,0,0,0,0
ENSMUSG00000020143,Dock2,4969,5307,3602,3571,3375,2298,2687,3843,4606,4532,4064,3952
ENSMUSG00000087122,4930403D09Rik,0,0,0,0,0,2,0,0,0,0,0,0
ENSMUSG00000009588,St6galnac1,0,0,0,0,0,0,0,0,0,0,0,0
ENSMUSG00000020536,Llgl1,969,1081,806,844,819,251,769,895,1016,905,844,888
ENSMUSG00000069911,Insyn2b,0,0,0,0,0,0,0,0,0,0,0,0
ENSMUSG00000019173,Rab5c,3041,3476,2367,2546,2514,1209,2586,2752,3169,2827,2765,2470
ENSMUSG00000020814,Mxra7,0,3,1,0,2,2,2,2,1,0,2,0
ENSMUSG00000069910,Spdl1,420,506,511,496,759,615,611,691,414,341,547,479
ENSMUSG00000077543,Gm22022,0,0,0,0,0,0,0,0,0,0,0,0
ENSMUSG00000085090,Gm12711,1,1,0,0,1,2,0,1,0,0,0,0
ENSMUSG00000119023,#N/A,0,0,0,0,0,0,0,0,0,0,0,0
ENSMUSG00000056962,Jmjd6,1492,1527,1151,1196,1511,746,1130,1227,1514,1294,1696,1558
ENSMUSG00002076427,#N/A,0,0,0,0,0,0,0,0,0,0,0,0
ENSMUSG00000035355,Kcnh4,286,362,266,254,224,88,167,206,322,359,140,140
ENSMUSG00000045471,Hcrt,0,0,0,0,0,0,0,0,0,1,0,0
ENSMUSG00000090266,Mettl23,294,401,308,311,399,188,315,260,354,307,330,362
ENSMUSG00000056427,Slit3,0,0,0,3,0,4,0,0,1,3,0,0
ENSMUSG00000088125,Gm26070,0,0,0,0,0,0,0,0,0,0,0,0
ENSMUSG00000082309,Gm12123,0,0,0,0,0,0,0,0,0,0,0,1
ENSMUSG00000002812,Flii,3095,3365,2438,2488,1980,1018,2162,2806,2571,2543,2200,2069
ENSMUSG00000086311,Gm12122,0,0,0,0,0,0,0,0,0,0,0,0
ENSMUSG00000065583,Mir218-2,0,0,0,0,0,0,0,0,0,0,0,0
ENSMUSG00000017747,Ghdc,59,59,25,40,38,22,30,20,39,46,36,30
ENSMUSG00002076748,#N/A,0,4,0,2,0,2,1,2,2,1,0,0
ENSMUSG00000018846,Pank3,3017,2773,2871,2694,2276,1597,1593,2424,2753,2772,2423,2347
ENSMUSG00000034120,Srsf2,17831,18717,14884,15700,17857,8628,15838,16178,19869,18046,16903,17620
ENSMUSG00000065553,Mir103-1,0,0,0,0,0,0,0,0,0,0,0,0
ENSMUSG00000018599,Mief2,182,224,156,149,127,40,130,152,179,187,108,154
ENSMUSG00000092734,Mir5100,0,2,0,0,0,0,0,0,0,1,0,0
ENSMUSG00000082688,Gm12124,0,0,0,0,0,0,0,0,0,0,0,0
ENSMUSG00000089581,Gm23341,0,0,0,0,0,0,0,0,0,0,0,0
ENSMUSG00000051062,Fbll1,0,0,0,0,1,0,0,0,0,0,0,0
ENSMUSG00000018848,Rars,5446,6216,4746,4864,4864,4170,4099,5008,5445,5059,5186,4369
ENSMUSG00000020919,Stat5b,6586,7338,5464,5935,6141,2648,4515,5770,6139,6022,5126,4903
ENSMUSG00000018849,Wwc1,26,22,7,20,14,2,22,21,19,14,8,5
ENSMUSG00000081571,Gm12125,0,0,0,0,0,0,0,0,0,0,0,0
ENSMUSG00000020818,Mfsd11,278,336,217,227,245,78,221,210,311,252,225,249
ENSMUSG00000049336,Tenm2,1,0,0,0,0,0,0,0,0,0,0,0
ENSMUSG00000087245,Gm12126,0,0,0,0,0,0,0,0,0,0,0,0
ENSMUSG00000086375,Gm12127,0,0,0,0,0,0,0,0,0,0,0,0
ENSMUSG00000065173,Gm22127,0,0,0,0,0,0,0,0,0,0,0,0
ENSMUSG00000087388,Gm12128,0,0,0,0,0,0,0,0,0,0,0,0
ENSMUSG00000043857,Mgat5b,0,0,2,0,0,0,1,0,0,0,0,0
ENSMUSG00002076187,#N/A,0,0,0,0,0,0,0,0,0,0,0,0
ENSMUSG00000082587,Gm12129,1,0,4,0,4,1,0,0,1,5,1,6
ENSMUSG00000086902,Gm11728,0,0,0,0,0,0,0,0,0,0,0,0
ENSMUSG00000087296,Gm12130,0,0,0,0,0,0,0,0,0,0,0,0
ENSMUSG00000119681,#N/A,0,0,0,0,0,0,0,0,0,0,0,0
ENSMUSG00000085104,Gm11731,0,0,0,0,0,0,0,0,0,0,0,0
ENSMUSG00000083806,Gm12131,0,0,0,0,0,0,0,0,0,0,0,0
ENSMUSG00000088603,Gm24192,0,0,0,0,0,0,0,0,0,0,0,0
ENSMUSG00000085301,Gm12132,0,0,0,0,0,0,0,0,0,0,0,0
ENSMUSG00000082295,Gm12133,0,0,0,0,0,0,0,0,0,0,0,1
ENSMUSG00000080749,Gm12134,0,0,0,0,0,0,0,0,0,0,0,0
ENSMUSG00000086859,Snhg20,337,423,351,341,395,151,379,369,331,306,366,346
ENSMUSG00000085588,3110004A20Rik,0,0,0,0,0,0,0,0,0,0,0,0
ENSMUSG00000081097,Gm12135,0,0,0,0,0,0,0,0,0,0,0,0
ENSMUSG00000082390,Gm12136,0,1,0,0,0,0,0,0,0,0,2,0
ENSMUSG00002076896,#N/A,0,0,0,0,0,0,0,0,0,0,0,0
ENSMUSG00000080835,Gm12137,0,0,0,0,0,0,0,0,0,0,0,0
ENSMUSG00000104740,Mir6516,0,0,0,0,0,0,0,0,0,0,0,0
ENSMUSG00000002814,Top3a,453,527,423,456,435,202,359,475,442,429,448,394
ENSMUSG00002076742,#N/A,0,0,0,0,0,0,0,0,0,0,0,0
ENSMUSG00000087057,Gm11730,0,0,0,0,0,0,0,0,0,0,0,0
ENSMUSG00000049323,Smcr8,1609,1615,1277,1230,1143,605,892,1324,1387,1322,1078,1066
ENSMUSG00000082087,Gm12138,0,0,0,0,1,0,1,0,0,0,1,1
ENSMUSG00000004043,Stat5a,20261,22791,18438,18942,16039,8321,14610,17752,17826,17532,11891,11827
ENSMUSG00000042032,Mat2b,1256,1436,1123,1239,1090,548,1152,1134,1441,1227,1160,1052
ENSMUSG00000020823,Sec14l1,537,564,419,519,376,197,379,465,435,449,383,337
ENSMUSG00000020330,Hmmr,624,643,664,635,1225,1345,714,1027,578,566,1194,1042
ENSMUSG00002076234,#N/A,0,0,0,0,0,0,0,0,0,0,0,0
ENSMUSG00000084052,Gm11745,0,0,0,1,1,0,0,0,0,0,0,0
ENSMUSG00000020328,Nudcd2,2093,2086,1882,1839,2111,1552,2076,1916,2155,1981,2266,1977
ENSMUSG00000020534,Shmt1,4326,4588,3937,4296,4467,1823,3693,3876,4342,3999,4129,4123
ENSMUSG00002076148,#N/A,0,0,0,0,0,0,0,0,0,0,0,0
ENSMUSG00000081578,Gm12611,2,2,1,0,1,0,0,1,1,1,2,0
ENSMUSG00000083016,Gm12618,1,1,0,0,6,1,2,1,0,0,0,0
ENSMUSG00000020326,Ccng1,4982,4967,4135,4054,4547,3855,3761,4565,4649,4181,5264,4797
ENSMUSG00000065916,Gm24446,0,0,0,0,0,0,0,0,0,0,0,0
ENSMUSG00000084129,Hmgb1-ps1,0,0,0,0,0,0,0,0,0,0,0,0
ENSMUSG00000086475,Platr13,0,0,0,0,0,0,0,0,0,0,0,0
ENSMUSG00000081112,Gm12140,0,0,1,0,1,0,0,0,0,0,0,0
ENSMUSG00000058809,Hspd1-ps3,18,12,16,12,15,16,12,19,22,24,11,21
ENSMUSG00000081847,Gm12142,0,1,0,0,0,0,0,1,0,0,0,0
ENSMUSG00000087306,A230004M16Rik,0,0,0,0,0,0,0,0,0,0,0,0
ENSMUSG00000042569,Dhrs7b,525,691,497,549,631,224,562,570,521,441,481,521
ENSMUSG00000084293,Gm12143,0,0,0,0,0,0,0,0,0,0,0,0
ENSMUSG00000043284,Tmem11,1549,1714,1000,1065,956,622,2064,2158,2299,2045,1833,1742
ENSMUSG00000018931,Natd1,171,145,122,135,108,47,117,109,141,90,86,90
ENSMUSG00000042549,Map2k3os,96,110,97,112,113,81,99,90,77,57,89,77
ENSMUSG00000059248,44813,12836,13230,8964,9288,8835,4676,7969,9359,10598,9355,8636,7921
ENSMUSG00000086050,Gm16045,0,1,2,0,0,0,1,1,2,1,1,0
ENSMUSG00000086588,Gm11729,0,0,0,0,0,0,0,0,0,0,0,0
ENSMUSG00000018932,Map2k3,7642,8997,8120,9019,6217,2553,7739,8162,6951,6455,4107,3759
ENSMUSG00000083705,Gm8624,2,0,1,0,0,1,1,4,3,1,1,3
ENSMUSG00000085336,Gm11732,0,0,0,0,0,0,0,0,0,0,0,0
ENSMUSG00000110653,Gm34418,0,0,1,0,0,0,0,0,0,1,0,0
ENSMUSG00000069588,Gm11733,0,0,0,0,0,0,0,0,0,0,0,0
ENSMUSG00000085419,Gm11734,0,0,0,0,0,0,0,0,0,0,0,0
ENSMUSG00000042529,Kcnj12,3,1,0,1,1,1,1,2,1,1,0,3
ENSMUSG00000054418,2900041M22Rik,2,0,1,2,2,0,3,0,0,0,0,0
ENSMUSG00000020436,Gabrg2,0,0,0,0,1,0,0,0,0,0,0,0
ENSMUSG00000010142,Tnfrsf13b,401,456,327,313,319,179,308,334,367,276,335,321
ENSMUSG00000080912,Gm12269,1,2,0,2,0,0,1,0,5,1,0,2
ENSMUSG00000042506,Usp22,566,644,550,545,605,263,522,599,602,553,579,535
ENSMUSG00000082626,Rps13-ps5,0,0,1,0,0,0,0,0,0,0,0,0
ENSMUSG00000025571,Tnrc6c,1487,1363,1063,1026,1040,632,812,1186,1207,1127,1249,1241
ENSMUSG00000010803,Gabra1,0,0,0,0,0,0,0,0,0,0,0,0
ENSMUSG00000019102,Aldh3a1,15,13,25,20,25,15,30,20,14,7,16,4
ENSMUSG00000020428,Gabra6,0,0,0,0,0,0,0,0,0,0,0,0
ENSMUSG00000004040,Stat3,4573,5007,5516,5781,5302,2572,5004,6364,4074,3741,3770,3640
ENSMUSG00000010025,Aldh3a2,460,537,415,456,346,206,355,404,484,442,384,388
ENSMUSG00000004044,Cavin1,62,82,75,92,30,26,36,42,29,33,13,16
ENSMUSG00000007653,Gabrb2,0,0,0,0,0,1,0,0,0,0,1,0
ENSMUSG00002076784,#N/A,0,0,0,0,0,0,0,0,0,0,0,0
ENSMUSG00000055456,Gm9972,0,0,0,0,0,0,0,0,0,0,0,0
ENSMUSG00000085951,Gm12145,0,0,0,0,0,0,0,0,0,0,0,0
ENSMUSG00000069855,Slc47a2,0,0,0,0,0,0,0,0,0,0,0,0
ENSMUSG00000025572,Tmc6,2053,2278,1386,1412,980,291,1175,1208,1679,1606,906,960
ENSMUSG00000119377,#N/A,0,0,0,0,0,0,0,0,0,0,0,0
ENSMUSG00000055415,Atp10b,0,0,0,0,0,0,0,0,0,0,0,0
ENSMUSG00000085533,Gm12146,0,0,0,0,0,0,0,0,0,0,0,0
ENSMUSG00000086170,Gm12144,0,0,0,0,0,0,0,0,0,0,0,0
ENSMUSG00000086791,Gm12147,0,0,0,0,0,0,0,0,0,0,0,0
ENSMUSG00000065601,Mir146,3,0,0,4,2,0,0,2,5,2,3,1
ENSMUSG00000084889,Gm12148,0,0,0,0,0,0,0,0,0,0,0,0
ENSMUSG00000010122,Slc47a1,0,0,0,0,2,0,0,0,0,0,0,0
ENSMUSG00000109829,Gm45605,0,2,2,3,2,6,4,1,2,0,1,0
ENSMUSG00000082032,Gm12271,0,0,0,0,0,0,0,0,0,0,0,0
ENSMUSG00000020415,Pttg1,280,352,275,342,360,162,407,373,304,275,340,287
ENSMUSG00000050106,Tmc8,1441,1444,983,865,683,368,801,846,1138,966,742,749
ENSMUSG00000087486,Gm11723,0,0,0,0,0,0,2,0,0,0,0,0
ENSMUSG00000087669,Gm11724,0,0,0,0,0,0,0,0,0,0,0,0
ENSMUSG00000025573,6030468B19Rik,0,0,0,0,0,0,0,1,0,0,0,1
ENSMUSG00000093485,Gm20708,1,2,0,0,0,0,0,3,1,3,0,0
ENSMUSG00000048277,Syngr2,3232,3389,2393,2625,2362,741,2892,2934,2921,2735,2280,2207
ENSMUSG00000025574,Tk1,244,199,237,239,359,115,300,338,254,176,365,360
ENSMUSG00000020409,Slu7,1723,1966,1493,1564,1488,1328,1383,1715,1699,1648,1443,1242
ENSMUSG00000084307,Gm12151,1,0,0,0,0,0,0,1,1,0,0,0
ENSMUSG00000046491,C1qtnf2,0,0,0,0,0,0,0,0,0,0,0,0
ENSMUSG00000044707,Ccnjl,7,2,10,8,11,1,9,5,10,8,5,15
ENSMUSG00000085239,Gm12150,0,0,0,0,0,0,0,0,0,0,0,0
ENSMUSG00000017718,Afmid,44,36,42,28,41,7,31,34,28,33,29,39
ENSMUSG00000045877,4933415A04Rik,0,0,0,0,1,0,0,0,0,1,1,0
ENSMUSG00000010086,Rnf112,0,0,0,0,0,0,0,0,0,0,0,0
ENSMUSG00000020405,Fabp6,0,0,0,0,0,0,0,0,0,0,0,0
ENSMUSG00000082614,Gm12149,0,0,0,0,0,0,0,0,0,0,0,0
ENSMUSG00000083662,Gm12152,1,2,1,4,0,0,2,1,0,0,1,1
ENSMUSG00000017716,Birc5,460,472,486,498,917,800,815,826,420,385,846,832
ENSMUSG00000070330,Tmem235,2,0,0,0,0,0,0,0,0,0,1,0
ENSMUSG00000044950,Pwwp2a,786,822,793,760,786,765,633,747,803,697,891,753
ENSMUSG00000017713,Tha1,28,17,17,15,27,12,22,24,20,18,23,27
ENSMUSG00000085434,Gm11725,0,0,0,0,0,0,1,1,0,0,2,1
ENSMUSG00000082562,Gm11726,0,0,0,0,0,0,0,0,0,0,0,0
ENSMUSG00000042436,Mfap4,0,0,0,0,0,0,0,0,0,0,0,0
ENSMUSG00000053113,Socs3,239,258,262,259,245,82,289,334,175,193,300,278
ENSMUSG00000041278,Ttc1,916,981,760,785,731,504,756,768,798,694,695,623
ENSMUSG00000050541,Adra1b,0,0,0,2,0,1,0,0,0,0,0,0
ENSMUSG00000087172,Gm12153,0,0,0,0,1,0,0,0,0,0,0,0
ENSMUSG00000086738,Gm12154,0,0,0,0,0,0,0,0,0,0,0,0
ENSMUSG00000082790,Gm12155,0,0,0,0,1,0,0,0,1,0,0,0
ENSMUSG00000004296,Il12b,0,0,0,0,1,0,0,0,0,0,0,1
ENSMUSG00000041231,Ublcp1,53,64,54,57,82,75,57,67,72,60,60,70
ENSMUSG00000017715,Pgs1,1815,1974,1612,1641,1282,449,1301,1485,1564,1521,1239,1276
ENSMUSG00002075244,#N/A,0,0,0,0,0,0,0,0,0,0,0,0
ENSMUSG00000082750,Gm12156,0,0,0,0,0,0,0,0,0,0,0,0
ENSMUSG00000098958,Mir6933,0,0,0,0,0,0,0,0,0,0,0,0
ENSMUSG00000001034,Mapk7,641,706,481,482,466,188,436,550,575,545,427,464
ENSMUSG00000060808,B9d1os,1,0,1,0,2,0,0,0,0,1,1,0
ENSMUSG00000019189,Rnf145,4214,4727,3755,3910,3271,1706,3185,3941,3930,3495,2937,2679
ENSMUSG00000086501,4930597A21Rik,0,0,0,0,0,0,0,0,0,0,0,0
ENSMUSG00000001039,B9d1,28,34,20,23,22,14,22,36,27,21,25,33
ENSMUSG00000102563,Gm37695,1,0,0,0,0,0,0,0,0,0,0,0
ENSMUSG00000019302,Atp6v0a1,64,62,51,42,43,37,36,35,63,31,65,62
ENSMUSG00000057098,Ebf1,154,150,77,73,49,70,75,95,74,73,69,60
ENSMUSG00000085784,Gm12158,0,0,0,0,0,0,0,0,0,0,0,0
ENSMUSG00000084773,Gm12159,0,0,0,0,0,0,0,0,0,0,0,0
ENSMUSG00000087089,Gm12160,0,0,0,0,0,0,0,0,0,0,0,0
ENSMUSG00000098415,Mir6928,0,0,0,0,0,0,0,0,0,0,0,0
ENSMUSG00000103248,Gm38087,0,0,0,0,0,0,0,0,0,0,0,0
ENSMUSG00000104099,Gm37312,0,0,0,0,0,0,0,0,0,0,0,0
ENSMUSG00000080981,Gm12161,0,1,0,1,1,0,0,0,0,0,3,0
ENSMUSG00000085476,Gm12162,0,0,0,0,0,0,1,0,0,0,0,0
ENSMUSG00000077320,Gm22284,0,0,0,0,0,0,0,0,0,0,0,0
ENSMUSG00000086686,F630206G17Rik,0,0,0,0,0,0,0,0,0,0,0,0
ENSMUSG00000083017,Gm12163,0,0,0,0,0,0,0,0,0,0,0,0
ENSMUSG00000001751,Naglu,157,186,102,107,180,48,109,113,150,151,156,143
ENSMUSG00000081251,Gm12164,0,0,0,1,0,0,0,1,0,4,0,1
ENSMUSG00002075680,#N/A,0,0,0,0,0,0,0,0,0,0,0,0
ENSMUSG00000019301,Hsd17b1,3,1,2,1,5,0,0,5,1,1,2,1
ENSMUSG00000001755,Coasy,467,487,371,445,417,154,380,407,504,433,443,433
ENSMUSG00000006169,Clint1,4743,4988,3839,3895,3914,3105,3151,4206,4532,4186,4321,3795
ENSMUSG00000033987,Dnah17,9,9,6,6,2,3,4,10,7,4,3,6
ENSMUSG00000085511,Gm11738,0,0,1,0,0,3,1,0,0,0,0,1
ENSMUSG00000044847,Lsm11,424,406,391,432,523,154,448,475,410,435,469,440
ENSMUSG00000011254,Thg1l,625,624,526,488,643,577,527,638,651,557,706,582
ENSMUSG00000040489,Sox30,1,1,7,0,3,0,0,0,4,1,1,6
ENSMUSG00000082870,Gm12165,0,0,0,0,0,1,0,0,0,0,0,0
ENSMUSG00000069899,Gm12166,6,4,2,4,6,9,9,5,10,10,7,3
ENSMUSG00000001036,Epn2,471,550,273,295,283,145,209,251,340,320,382,304
ENSMUSG00000085459,Gm12272,0,0,0,0,0,0,0,0,0,0,0,0
ENSMUSG00000017801,Mlx,1061,1160,830,820,930,409,877,926,1054,972,887,912
ENSMUSG00000004837,Grap,3585,4388,3202,3390,3296,1201,3340,3580,3921,3705,2971,2931
ENSMUSG00000011256,Adam19,1782,1910,1301,1280,1472,789,878,1290,1141,1096,1315,1314
ENSMUSG00000098942,Mir8100,0,0,0,0,0,0,0,0,0,0,0,0
ENSMUSG00000086998,Gm16033,0,0,1,0,0,2,0,0,0,0,0,0
ENSMUSG00000087607,Gm16034,0,0,0,0,0,0,0,0,0,0,0,0
ENSMUSG00000020411,Nipal4,13,15,10,10,11,2,6,9,8,5,12,7
ENSMUSG00000099331,Mir7239,0,0,0,0,0,0,0,0,0,0,0,0
ENSMUSG00000019303,Psmc3ip,223,203,203,212,255,206,273,265,238,176,298,243
ENSMUSG00000042371,Slc5a10,4,2,3,3,2,1,4,2,3,4,1,0
ENSMUSG00000017132,Cyth1,1135,1219,734,837,971,457,790,902,1144,1097,1256,1204
ENSMUSG00000042377,Fam83g,2199,2322,1517,1826,1072,444,1059,1389,1581,1450,553,589
ENSMUSG00002075283,#N/A,2,0,3,0,2,1,0,4,3,3,4,0
ENSMUSG00000080810,Gm11737,0,0,0,0,1,2,1,1,2,1,0,0
ENSMUSG00000017802,Retreg3,767,864,698,725,726,245,614,702,728,675,705,650
ENSMUSG00000035198,Tubg1,537,547,423,420,583,377,534,537,495,429,602,596
ENSMUSG00002074941,#N/A,0,0,0,0,0,0,1,0,0,0,0,0
ENSMUSG00000020528,Prpsap2,385,454,382,337,375,176,403,366,404,379,325,339
ENSMUSG00000045007,Tubg2,20,17,11,13,13,3,14,6,9,17,15,13
ENSMUSG00000033909,Usp36,5580,6124,4587,4567,3995,2233,3491,4466,4672,4475,4543,4414
ENSMUSG00000017466,Timp2,754,787,444,491,363,230,401,401,650,591,316,270
ENSMUSG00000076433,Cep295nl,11,8,10,9,4,8,3,5,5,11,1,1
ENSMUSG00000033880,Lgals3bp,1789,2318,1519,1879,1325,675,1985,2264,1910,1629,1805,1549
ENSMUSG00000004798,Ulk2,396,393,362,338,326,222,277,372,380,378,330,327
ENSMUSG00000072847,A530017D24Rik,89,104,64,71,71,75,92,91,82,71,73,49
ENSMUSG00000098196,Gm26964,0,0,0,0,0,1,0,0,0,0,0,0
ENSMUSG00000020340,Cyfip2,2829,3124,2218,2336,1560,1039,1935,2843,2096,2084,2023,1864
ENSMUSG00000048721,Fndc9,1,1,1,0,0,0,0,0,1,0,0,0
ENSMUSG00000081078,Gm12568,1,1,1,0,2,0,2,1,1,1,0,0
ENSMUSG00000035172,Plekhh3,2,4,1,6,3,2,1,1,4,4,0,4
ENSMUSG00000025575,Cant1,1244,1277,983,1063,1151,547,894,1046,1234,1116,1165,1178
ENSMUSG00000017446,C1qtnf1,2,0,2,1,3,0,2,2,2,2,2,0
ENSMUSG00000086514,Gm11747,0,0,0,0,0,0,0,0,0,0,0,0
ENSMUSG00000087036,Gm11748,0,1,0,0,1,1,1,2,2,1,0,2
ENSMUSG00000017167,Cntnap1,6,3,4,2,8,6,2,3,2,6,8,5
ENSMUSG00000047804,Akap10,1003,1089,806,788,801,429,681,878,874,880,810,789
ENSMUSG00000044052,Ccr10,0,0,1,0,0,0,0,0,0,0,0,0
ENSMUSG00000119501,#N/A,0,0,0,0,0,0,0,0,0,0,0,0
ENSMUSG00000084805,Gm12273,0,0,0,0,0,0,0,0,0,0,0,0
ENSMUSG00000033857,Engase,206,238,160,151,193,36,166,165,222,205,179,180
ENSMUSG00000020395,Itk,18981,21606,15336,15916,14213,7256,12201,15607,15979,15076,14661,13259
ENSMUSG00000085853,Gm12167,3,2,0,2,4,2,3,2,2,0,2,2
ENSMUSG00000020401,Fam71b,1773,1856,1257,1334,1108,1048,1170,1386,1401,1366,1315,1115
ENSMUSG00000020397,Med7,677,631,587,538,604,382,544,565,587,524,593,502
ENSMUSG00000082530,Gm12168,2,2,2,1,2,1,0,1,3,3,1,3
ENSMUSG00000020399,Havcr2,4521,5007,4066,4071,3118,2316,2672,3269,3008,2811,2781,2297
ENSMUSG00000078924,Gm12169,1,1,1,0,0,0,1,0,0,0,0,0
ENSMUSG00000081713,Gm12170,0,0,0,0,0,0,0,0,0,0,0,0
ENSMUSG00000086981,Gm12171,0,0,2,2,1,1,1,2,1,0,0,0
ENSMUSG00000082749,Rpl9-ps2,0,0,0,0,0,0,0,0,0,0,0,0
ENSMUSG00000046974,BC053393,0,2,0,0,0,0,0,0,0,0,0,0
ENSMUSG00000064010,Dppa1,2,0,1,1,1,0,1,3,0,1,0,0
ENSMUSG00000086909,Gm4926,1,0,0,0,0,3,0,0,0,0,0,0
ENSMUSG00000006920,Ezh1,427,449,364,318,391,223,270,381,400,379,455,434
ENSMUSG00000080970,Gm12173,0,0,0,0,0,0,0,0,0,0,0,0
ENSMUSG00000001240,Ramp2,4,12,1,2,5,1,3,2,1,4,7,2
ENSMUSG00000040413,Timd2,32,38,37,36,53,55,28,24,28,27,49,33
ENSMUSG00000080776,Gm12174,7,3,5,9,4,1,6,4,4,5,4,4
ENSMUSG00000078656,Vps25,21,13,6,23,16,3,12,19,15,15,13,18
ENSMUSG00000042331,Specc1,367,343,322,367,239,229,322,385,313,329,252,210
ENSMUSG00000083212,Gm12274,0,0,0,0,0,0,0,0,0,0,0,0
ENSMUSG00000025576,Rbfox3,0,0,1,0,0,9,0,0,0,0,0,0
ENSMUSG00000118644,#N/A,0,0,0,0,0,0,0,0,0,0,0,0
ENSMUSG00000085059,Gm11750,0,0,0,0,0,0,0,0,0,0,0,0
ENSMUSG00000018500,Adora2b,347,392,385,386,320,117,378,362,347,305,308,285
ENSMUSG00002075579,#N/A,0,0,0,0,0,0,0,0,0,0,0,0
ENSMUSG00000040405,Havcr1,1,0,0,0,0,3,0,0,0,0,0,0
ENSMUSG00000084887,Gm11749,0,0,0,0,0,0,0,0,0,0,0,0
ENSMUSG00000014243,Zswim7,161,189,152,173,204,55,197,162,161,124,150,165
ENSMUSG00000055546,Timd4,0,0,0,0,0,1,0,0,0,0,0,0
ENSMUSG00000046697,Enpp7,0,0,1,0,0,0,0,0,0,0,0,0
ENSMUSG00000082818,Gm12175,0,0,0,0,0,0,0,0,0,0,0,0
ENSMUSG00000025577,Cbx2,249,268,230,210,346,152,238,344,272,234,390,337
ENSMUSG00000035112,Wnk4,7,11,8,13,8,13,4,4,15,6,6,9
ENSMUSG00000085083,Gm11615,0,0,0,0,0,0,0,0,0,0,0,0
ENSMUSG00000020354,Sgcd,0,0,0,0,0,0,0,0,0,0,0,0
ENSMUSG00000082792,Gm12176,22,11,10,9,9,1,6,5,19,10,10,9
ENSMUSG00000017188,Coa3,442,474,361,416,495,172,420,442,474,366,432,409
ENSMUSG00000065804,Gm23039,0,0,0,0,0,0,0,0,0,0,0,0
ENSMUSG00000025578,Cbx8,159,162,101,113,164,87,126,146,158,131,196,183
ENSMUSG00000081952,Gm12178,1,1,0,1,0,0,0,0,0,0,1,1
ENSMUSG00000083954,Gm12179,0,0,0,0,0,0,0,0,0,0,0,0
ENSMUSG00000083159,Gm12180,0,0,1,0,0,0,1,0,1,0,0,0
ENSMUSG00000082250,Gm12181,0,0,0,0,0,0,0,0,0,0,0,0
ENSMUSG00000088425,Gm24422,0,0,0,0,0,0,0,0,0,0,0,0
ENSMUSG00000083460,Gm12182,71,91,57,64,47,10,73,48,66,56,25,37
ENSMUSG00000082454,Gm12183,32,33,32,38,42,21,28,31,37,36,36,40
ENSMUSG00000042298,Ttc19,743,684,700,713,709,505,635,701,746,682,577,595
ENSMUSG00000078653,Cntd1,0,0,3,3,4,6,1,3,2,0,3,4
ENSMUSG00000081340,Gm12275,2,3,2,10,0,1,2,2,2,2,0,0
ENSMUSG00000039989,Cbx4,734,741,615,631,837,454,656,741,766,654,999,978
ENSMUSG00000086306,Gm11754,0,0,0,0,0,0,0,0,0,0,0,0
ENSMUSG00000086547,Gm11755,0,1,0,0,0,0,0,0,0,0,2,0
ENSMUSG00000020372,Rack1,46272,57692,40811,45036,43595,13573,43264,40858,49290,43635,36013,36352
ENSMUSG00000064500,Gm25296,0,0,0,0,0,0,0,0,0,0,0,0
ENSMUSG00000064725,Snord96a,0,0,0,0,0,0,0,0,0,0,0,0
ENSMUSG00000064780,Snord95,0,0,0,0,0,0,0,0,0,0,0,0
ENSMUSG00000039976,Tbc1d16,21,31,24,29,37,15,22,30,30,20,41,28
ENSMUSG00000098704,Mir6934,0,0,0,0,0,0,0,0,0,0,0,0
ENSMUSG00000085548,Gm11753,0,0,2,0,0,0,0,0,0,0,0,0
ENSMUSG00000087404,Gm11752,0,0,0,0,0,0,0,0,0,0,0,0
ENSMUSG00000040365,Trim41,544,540,397,429,396,205,398,442,470,443,483,438
ENSMUSG00000078154,Gm12184,6,10,3,15,7,108,16,13,10,2,17,7
ENSMUSG00000040350,Trim7,8,4,6,2,6,2,8,3,7,3,3,6
ENSMUSG00000086245,Gm16170,0,0,0,0,0,2,0,0,0,1,0,0
ENSMUSG00000046879,Irgm1,1065,1380,877,959,429,225,1309,1400,1130,986,738,607
ENSMUSG00000058163,Gm5431,0,0,0,0,0,4,3,1,0,1,1,0
ENSMUSG00000048852,Gm12185,42,62,45,42,26,15,42,67,62,53,26,15
ENSMUSG00000078153,Psme2b,60,57,50,61,43,46,73,64,66,61,48,38
ENSMUSG00000035086,Becn1,2926,3223,2662,2788,2322,1398,2295,2547,2788,2499,2450,2135
ENSMUSG00000084152,Gm11617,0,0,0,0,0,0,0,0,0,0,0,0
ENSMUSG00000069893,9930111J21Rik1,1,9,6,4,2,4,5,11,4,5,4,7
ENSMUSG00000039963,Ccdc40,261,314,175,209,221,125,239,278,233,239,301,261
ENSMUSG00000040328,Olfr56,13,17,11,12,9,11,12,26,12,19,14,7
ENSMUSG00000078922,Tgtp1,96,113,88,96,36,27,158,142,96,123,76,50
ENSMUSG00000084153,Gm12186,1,2,1,1,3,0,2,2,1,0,2,0
ENSMUSG00000069892,9930111J21Rik2,6,10,3,8,5,7,6,13,6,19,4,9
ENSMUSG00000078921,Tgtp2,54,65,36,45,18,13,60,79,49,49,46,40
ENSMUSG00000083178,Gm12187,0,0,0,0,0,0,0,0,0,0,0,0
ENSMUSG00000000631,Myo18a,1187,1120,899,839,941,550,804,1089,976,886,939,864
ENSMUSG00000078652,Psme3,15237,16637,11951,12461,12927,9838,10790,13238,15002,13611,14013,12482
ENSMUSG00000078651,Aoc2,493,523,476,459,456,193,387,493,455,430,439,487
ENSMUSG00000078920,Ifi47,1039,1499,1124,1332,760,281,1635,1614,1408,1316,1067,988
ENSMUSG00000082116,Gm12188,0,0,4,0,1,0,0,3,1,5,0,2
ENSMUSG00000047511,Olfr1396,0,0,0,0,0,0,0,0,0,0,0,0
ENSMUSG00000069804,Gm10277,0,1,0,0,0,3,0,0,0,0,0,2
ENSMUSG00000019326,Aoc3,35,46,31,33,21,19,43,35,30,15,23,27
ENSMUSG00000101925,Gm28156,0,0,0,0,0,0,0,0,0,0,0,0
ENSMUSG00000050763,Olfr1395,0,0,0,0,0,4,0,0,0,0,0,0
ENSMUSG00000083991,Gm11618,0,0,0,0,0,1,0,0,0,0,0,0
ENSMUSG00000082478,Gm11619,2,1,0,0,0,1,1,1,2,3,0,0
ENSMUSG00000048378,Olfr1394,0,0,0,0,0,0,0,0,0,0,0,0
ENSMUSG00002075388,#N/A,0,0,0,0,0,0,0,0,0,0,0,0
ENSMUSG00000025579,Gaa,1009,916,573,594,750,277,592,675,877,756,899,890
ENSMUSG00000118571,AL590969.1,0,0,0,0,0,0,0,0,0,0,0,0
ENSMUSG00000017453,Pipox,5,4,10,6,6,11,3,3,1,2,3,3
ENSMUSG00000055045,Gm11190,0,0,0,0,0,0,0,0,0,0,0,0
ENSMUSG00000078650,G6pc,0,0,0,0,0,0,0,0,0,0,0,0
ENSMUSG00000064759,Gm25475,0,0,0,0,0,0,0,0,0,0,0,0
ENSMUSG00000025580,Eif4a3,3002,3375,2552,2732,3113,1565,2817,2881,3323,2861,2969,2819
ENSMUSG00000097239,Gm27029,3,5,4,9,2,3,5,6,4,9,8,10
ENSMUSG00000075528,Aarsd1,34,43,37,37,37,23,28,53,53,39,55,61
ENSMUSG00000040283,Btnl9,2,2,1,0,5,5,1,4,3,1,1,2
ENSMUSG00000013483,Card14,0,0,0,0,0,0,0,0,0,0,0,0
ENSMUSG00000097487,Ptges3l,17,7,12,12,9,4,17,9,14,20,10,14
ENSMUSG00000098600,Mir6929,0,0,0,0,0,0,0,0,0,0,0,0
ENSMUSG00000035007,Rundc1,537,588,399,355,450,238,394,506,474,416,448,401
ENSMUSG00000000632,Sez6,0,0,1,0,0,1,0,0,1,2,0,0
ENSMUSG00000005043,Sgsh,309,283,210,228,243,89,222,250,292,228,231,238
ENSMUSG00000046311,Zfp62,2942,3070,2308,2275,2498,2735,1623,2428,2559,3006,2642,2307
ENSMUSG00000063316,Rpl27,775,811,655,678,816,195,667,675,871,758,825,740
ENSMUSG00000010358,Ifi35,781,877,688,801,700,294,818,847,778,726,752,748
ENSMUSG00000086347,Gm11626,0,0,0,0,1,0,0,0,1,0,0,0
ENSMUSG00000020346,Mgat1,1410,1599,1083,1174,1076,293,1089,1136,1302,1196,934,1000
ENSMUSG00000059864,Olfr1393,0,1,0,0,1,0,2,0,0,2,0,0
ENSMUSG00000039908,Slc26a11,46,44,19,29,29,10,15,35,38,25,27,24
ENSMUSG00000088015,Mir1932,0,0,0,0,0,0,0,0,0,0,0,0
ENSMUSG00000034993,Vat1,592,579,366,364,256,89,300,389,507,428,360,377
ENSMUSG00000101750,Olfr1392,0,0,0,0,0,0,0,0,0,0,0,0
ENSMUSG00000100923,Olfr10,0,0,0,0,0,0,0,0,0,0,0,0
ENSMUSG00000101874,Olfr1391,0,0,0,0,0,0,0,0,0,0,0,0
ENSMUSG00000045421,Olfr1390,0,0,0,0,0,0,0,0,0,0,0,0
ENSMUSG00000001313,Rnd2,18,18,18,13,10,3,14,16,17,12,9,12
ENSMUSG00000084278,Gm12189,0,0,0,0,0,0,0,0,0,0,0,0
ENSMUSG00000080839,Gm11625,0,0,0,0,0,0,0,0,2,0,1,1
ENSMUSG00000037791,Phf12,2087,2085,1691,1570,1825,1236,1593,2005,1832,1718,2220,1985
ENSMUSG00000087050,Dhrs13os,10,2,9,8,10,10,5,4,9,11,3,14
ENSMUSG00000107573,Olfr1389,0,0,0,0,0,0,0,0,0,0,0,0
ENSMUSG00000047702,Olfr1388,0,0,0,0,0,0,0,0,0,0,0,0
ENSMUSG00000063386,Olfr1387,0,0,0,0,0,0,0,0,0,0,0,0
ENSMUSG00000108167,Olfr1386,0,0,0,0,0,0,0,0,0,0,0,0
ENSMUSG00000059729,Olfr1385,0,0,0,0,0,0,1,0,0,0,0,0
ENSMUSG00000020834,Dhrs13,499,602,526,585,529,185,532,557,551,522,470,495
ENSMUSG00000044170,Olfr1384,0,0,0,0,0,0,0,0,0,0,0,0
ENSMUSG00000107417,Olfr1383,0,0,0,0,0,0,0,0,0,0,0,0
ENSMUSG00000063827,Olfr1382,0,0,0,0,0,0,0,0,0,0,0,0
ENSMUSG00000070327,Rnf213,1255,1259,1377,1324,1188,657,1025,1958,1116,1180,1991,1846
ENSMUSG00000109408,A930037H05Rik,49,59,49,35,56,62,36,50,55,64,88,75
ENSMUSG00000017146,Brca1,442,431,421,365,595,464,367,595,324,331,472,486
ENSMUSG00000095187,Olfr1381,0,0,0,0,0,0,0,0,0,0,0,0
ENSMUSG00000107645,Olfr1380,0,0,0,0,0,0,0,0,0,0,0,0
ENSMUSG00000069890,1700024J04Rik,0,0,0,0,0,0,0,0,0,0,0,0
ENSMUSG00000081791,Gm12190,0,1,1,0,0,1,0,0,0,0,0,0
ENSMUSG00000020357,Flt4,1,1,2,0,0,0,2,1,0,4,0,0
ENSMUSG00000064057,Scgb3a1,1,0,0,1,0,0,0,2,1,0,1,0
ENSMUSG00000039850,Endov,460,482,376,363,383,205,302,383,448,412,432,432
ENSMUSG00000020362,Cnot6,2597,2581,2256,2211,2695,2005,1931,2477,2482,2441,2820,2759
ENSMUSG00000083061,Gm12191,0,0,0,0,0,0,0,0,0,0,0,0
ENSMUSG00000081570,Gm12192,0,0,0,0,0,1,0,0,0,0,0,0
ENSMUSG00002076248,#N/A,0,0,0,0,0,0,0,0,0,0,0,0
ENSMUSG00000081934,Gm12193,1,0,0,0,0,0,0,0,0,0,0,0
ENSMUSG00000025582,Nptx1,2,1,2,1,2,2,1,5,7,1,2,1
ENSMUSG00000087675,Gm11762,0,0,0,0,0,0,0,0,0,0,0,0
ENSMUSG00000061981,Flot2,449,510,334,360,248,156,389,470,357,359,243,266
ENSMUSG00000020363,Gfpt2,32,37,27,17,23,32,21,40,18,15,24,14
ENSMUSG00000065401,Mir144,0,0,0,0,0,0,0,0,0,0,0,0
ENSMUSG00000118889,#N/A,0,0,0,0,0,0,0,0,0,0,0,0
ENSMUSG00000118991,#N/A,0,0,0,0,0,0,0,1,0,0,0,0
ENSMUSG00000020832,Eral1,590,718,577,609,585,247,585,609,678,545,481,428
ENSMUSG00000037750,Fam222b,787,746,603,594,568,338,506,663,664,600,668,561
ENSMUSG00000060727,Gm12571,0,1,1,2,2,0,1,0,3,1,2,0
ENSMUSG00000017386,Traf4,2216,2268,1740,1964,1991,811,2155,2071,2033,1820,1922,1842
ENSMUSG00000017405,Nek8,300,395,350,360,360,134,352,424,374,301,284,301
ENSMUSG00000025583,Rptor,2555,2648,2142,2098,2038,925,1558,2306,2383,2136,2144,2049
ENSMUSG00000019437,Tlcd1,240,271,262,262,283,130,323,326,286,222,321,269
ENSMUSG00000099101,Mir7653,0,0,0,0,0,0,0,0,0,0,0,0
ENSMUSG00000083870,Gm11761,0,0,0,0,0,5,0,0,1,0,0,0
ENSMUSG00002076802,#N/A,1,1,4,0,0,0,0,1,1,0,0,1
ENSMUSG00000085081,Rptoros,0,0,0,0,0,0,0,0,0,0,0,0
ENSMUSG00000058546,Rpl23a,91,106,82,76,68,65,76,91,71,73,83,67
ENSMUSG00000064540,Snord42a,12,12,17,11,11,18,21,10,13,18,6,7
ENSMUSG00000077625,Snord4a,16,26,11,18,14,5,19,12,17,9,12,7
ENSMUSG00000065676,Snord42b,4,9,6,3,5,1,2,6,5,7,2,1
ENSMUSG00000025371,Chmp6,655,761,584,607,583,252,601,568,727,653,556,548
ENSMUSG00000085207,Gm11767,4,3,0,1,3,2,2,3,2,0,4,1
ENSMUSG00000086924,Gm11766,0,0,0,0,0,1,0,0,0,0,0,0
ENSMUSG00000018501,Ncor1,6414,6382,5044,4795,4960,4495,3946,5718,5690,5355,5727,5106
ENSMUSG00000081944,Gm12276,16,23,9,10,20,9,17,20,9,8,16,21
ENSMUSG00000014245,Pigl,156,172,190,144,196,123,139,166,170,130,140,163
ENSMUSG00000086310,Gm12278,1,4,1,0,0,1,0,0,0,0,0,3
ENSMUSG00000086636,Gm12949,0,0,0,0,0,0,0,0,1,0,1,0
ENSMUSG00000002059,Rab34,165,223,149,161,198,63,211,202,174,129,140,109
ENSMUSG00000044122,Proca1,1,1,0,1,1,9,2,1,0,0,0,0
ENSMUSG00000020366,Mapk9,1319,1307,954,993,923,661,920,1067,1148,970,1011,1009
ENSMUSG00000018509,Cenpv,437,479,387,409,510,317,451,435,518,453,562,464
ENSMUSG00000087120,Gm12279,1,0,1,0,1,0,0,2,1,0,0,2
ENSMUSG00002074879,#N/A,0,0,0,0,0,0,0,0,0,0,0,0
ENSMUSG00000019505,Ubb,2852,3136,2482,2626,2922,1752,2931,3027,3003,2718,3243,2766
ENSMUSG00000085748,Gm12280,0,0,0,0,0,0,0,0,0,0,1,0
ENSMUSG00000017119,Nbr1,633,656,589,592,557,361,512,671,563,496,561,498
ENSMUSG00000002052,Supt6,8634,8998,6470,6508,5766,4615,4727,7143,7229,6846,6449,5422
ENSMUSG00000002064,Sdf2,399,478,365,414,402,175,371,390,433,417,378,354
ENSMUSG00000018507,Trpv2,645,811,516,614,253,80,576,645,495,442,289,245
ENSMUSG00000086841,2410006H16Rik,1255,1439,1276,1335,1130,400,1394,1226,1233,1108,983,937
ENSMUSG00000064437,Snord49b,32,35,26,43,15,7,32,30,22,33,25,12
ENSMUSG00000065734,Snord49a,96,86,83,95,56,20,75,83,69,57,74,42
ENSMUSG00000077457,Snord65,47,59,55,56,47,12,63,38,49,43,30,44
ENSMUSG00000020374,Rasgef1c,0,0,0,0,0,0,0,0,0,0,0,0
ENSMUSG00000025372,Baiap2,554,635,504,510,433,189,438,499,551,464,407,373
ENSMUSG00000046417,Lrrc75a,68,61,51,57,90,37,86,59,85,59,88,76
ENSMUSG00000085762,Lrrc75aos2,8,1,4,7,2,0,2,8,8,3,0,8
ENSMUSG00000085170,Lrrc75aos1,0,0,0,0,0,0,0,0,0,0,0,0
ENSMUSG00000048497,Mmgt2,429,428,378,377,431,222,452,426,457,404,380,380
ENSMUSG00000081852,Gm12281,0,0,0,0,0,0,0,0,0,0,0,0
ENSMUSG00000020376,Rnf130,289,387,267,239,272,186,287,280,283,264,332,280
ENSMUSG00000065417,Mir340,0,0,0,1,0,0,0,0,0,0,0,0
ENSMUSG00000034947,Tmem106a,78,110,49,67,35,19,80,74,87,65,51,28
ENSMUSG00000084302,Gm12194,0,1,2,0,3,1,0,1,0,2,0,0
ENSMUSG00000085486,Gm11634,0,0,0,0,0,0,0,0,0,0,0,0
ENSMUSG00000118859,#N/A,0,0,0,0,0,0,0,0,0,1,0,0
ENSMUSG00000086617,Gm11635,0,0,0,0,0,0,0,0,0,0,0,0
ENSMUSG00000010277,2610507B11Rik,5836,5855,4755,4544,4812,2643,3545,5188,5215,4760,5582,5204
ENSMUSG00000086586,Gm11192,0,0,0,0,0,0,0,0,0,0,0,0
ENSMUSG00000005267,Zfp287,157,160,117,117,96,102,109,147,126,117,130,119
ENSMUSG00000098292,Gm27194,26,35,44,46,34,16,38,61,32,32,8,14
ENSMUSG00000084020,Wsb2-ps,0,0,1,1,0,0,0,0,1,1,1,1
ENSMUSG00000010362,Rdm1,95,146,130,185,218,71,211,161,139,96,117,119
ENSMUSG00000119776,#N/A,7,6,11,8,4,0,16,11,5,7,3,7
ENSMUSG00000118718,#N/A,0,0,0,0,0,0,0,0,0,0,0,0
ENSMUSG00000119892,#N/A,0,0,0,0,0,0,0,0,0,0,0,0
ENSMUSG00000118837,#N/A,3,0,0,0,1,0,0,1,1,0,2,1
ENSMUSG00000034936,Arl4d,49,52,56,58,75,27,60,56,84,50,50,44
ENSMUSG00000037593,Rskr,23,10,17,9,19,20,26,30,17,16,28,36
ENSMUSG00000087295,Gm3948,0,0,0,0,0,1,0,0,0,0,0,0
ENSMUSG00000047342,Zfp286,37,49,23,29,48,42,29,43,32,38,56,26
ENSMUSG00000096083,Gm10428,0,0,0,0,0,0,0,0,0,0,0,0
ENSMUSG00000086674,Zfp286os,0,0,0,0,0,0,0,0,0,0,0,0
ENSMUSG00000064692,Gm24151,0,0,0,0,0,0,0,0,0,0,1,0
ENSMUSG00000036644,Tbc1d9b,1237,1233,989,1017,1052,494,872,1060,1095,951,1023,1018
ENSMUSG00000085192,Gm12195,0,0,0,0,0,0,0,0,0,0,0,0
ENSMUSG00000002055,Spag5,600,679,731,691,1224,643,800,1008,676,552,988,861
ENSMUSG00000020381,Mrnip,20,21,15,25,29,23,24,25,11,17,32,16
ENSMUSG00000047821,Trim16,311,353,422,423,291,189,365,419,281,292,178,133
ENSMUSG00000034931,Dhx8,2617,2836,2108,2253,1959,1232,1620,2199,2290,2277,2029,1813
ENSMUSG00000017390,Aldoc,1119,1489,1203,1512,699,311,1555,1767,1009,931,318,312
ENSMUSG00000025375,Aatk,0,0,0,0,0,0,0,0,0,0,0,0
ENSMUSG00000041958,Pigs,1370,1365,1066,1068,1067,474,1007,1190,1216,1129,1031,1050
ENSMUSG00000015837,Sqstm1,4558,4966,4090,4575,3698,1372,4185,4604,4698,4133,3012,2835
ENSMUSG00000065600,Mir338,0,0,0,0,0,0,0,0,0,0,0,0
ENSMUSG00000105524,Mir3065,0,0,0,0,0,0,0,0,0,0,0,0
ENSMUSG00000113114,Gm47846,0,0,0,0,0,0,0,0,0,0,0,0
ENSMUSG00000090173,Fbxw10,16,11,5,12,8,3,7,17,11,4,6,6
ENSMUSG00000002058,Unc119,338,361,266,241,341,80,302,282,366,274,359,360
ENSMUSG00000014177,Tvp23b,676,762,611,584,703,427,556,605,624,611,690,600
ENSMUSG00000086677,Tvp23bos,0,0,0,0,0,0,0,0,0,0,0,0
ENSMUSG00000036620,Mgat4b,152,164,170,157,135,50,178,175,188,192,213,183
ENSMUSG00000087039,Cdrt4os2,0,0,0,0,0,0,0,0,0,0,0,0
ENSMUSG00000098474,Mir6919,0,0,0,0,0,0,0,0,0,0,0,0
ENSMUSG00000042200,Cdrt4,0,0,0,0,0,0,0,0,0,0,0,0
ENSMUSG00000087604,Cdrt4os1,0,0,0,0,0,0,0,0,0,0,0,0
ENSMUSG00000002057,Foxn1,0,0,0,0,0,0,0,0,0,0,1,0
ENSMUSG00000085747,Slc13a2os,0,0,0,0,0,0,0,0,0,0,0,0
ENSMUSG00000042189,Tekt3,0,0,0,0,0,0,0,0,0,0,0,0
ENSMUSG00000020377,Ltc4s,2,1,0,2,1,0,0,0,0,0,1,2
ENSMUSG00000097887,Gm26542,0,2,0,1,4,3,1,2,2,1,4,1
ENSMUSG00000001095,Slc13a2,0,0,1,0,0,0,0,0,0,0,0,0
ENSMUSG00000086380,Gm11195,0,0,0,0,0,0,0,0,0,0,0,0
ENSMUSG00000017724,Etv4,106,115,96,77,90,30,90,86,108,90,127,87
ENSMUSG00000020829,Slc46a1,53,76,41,44,57,22,58,60,66,51,60,55
ENSMUSG00000050567,Maml1,930,977,721,667,619,308,541,744,744,735,618,572
ENSMUSG00000001493,Meox1,0,0,0,0,1,0,0,0,0,1,0,2
ENSMUSG00000085594,Gm11551,0,0,0,0,1,1,0,0,0,0,0,0
ENSMUSG00000082171,Rpl27-ps2,0,0,1,0,1,0,0,0,1,0,1,0
ENSMUSG00000018217,Pmp22,0,0,0,0,0,0,1,1,0,1,0,0
ENSMUSG00000085532,B430319H21Rik,0,0,0,0,0,2,0,0,0,0,0,0
ENSMUSG00000071818,4930417O22Rik,0,0,0,0,0,0,0,0,0,0,0,0
ENSMUSG00000083052,Gm12285,0,0,0,0,0,0,0,0,0,0,0,0
ENSMUSG00000081600,Gm12286,32,35,24,25,15,3,42,26,20,19,6,15
ENSMUSG00000001494,Sost,0,0,0,0,1,4,1,0,0,0,0,0
ENSMUSG00000085113,B130011K05Rik,0,0,0,0,0,0,0,0,0,0,0,0
ENSMUSG00000082256,Gm12287,0,0,0,0,0,0,0,0,0,0,0,0
ENSMUSG00000083142,Gm12288,0,0,0,0,0,0,0,0,0,0,0,0
ENSMUSG00000081455,Hmgb1-ps3,4,3,1,1,1,1,1,2,6,10,7,10
ENSMUSG00000070407,Hs3st3b1,182,204,168,148,138,70,139,181,165,131,186,147
ENSMUSG00000050132,Sarm1,11,13,4,5,16,5,14,10,9,8,15,25
ENSMUSG00000042148,Cox10,1302,1330,1021,1141,987,543,1149,1240,1262,1128,1040,945
ENSMUSG00000020368,Canx,13712,14077,12254,11993,13298,9953,10854,12542,12998,11770,14266,12166
ENSMUSG00000003518,Dusp3,202,219,134,162,110,34,115,146,138,132,86,95
ENSMUSG00000086359,9630013K17Rik,0,0,0,0,0,2,0,0,0,0,0,0
ENSMUSG00000093467,Gm20659,0,0,0,0,0,0,0,0,0,0,0,0
ENSMUSG00000082545,Gm12196,0,0,0,0,0,0,0,0,0,1,0,0
ENSMUSG00000084884,Gm12289,0,0,0,0,0,0,0,0,0,0,0,0
ENSMUSG00000050087,Cby3,0,1,2,1,0,0,0,0,1,0,0,0
ENSMUSG00000076450,Mir804,0,0,0,0,0,0,1,0,0,0,0,0
ENSMUSG00000087497,2810001G20Rik,23,29,22,20,33,16,20,34,34,18,36,36
ENSMUSG00000087622,Gm12290,0,0,0,0,0,0,0,0,0,0,0,0
ENSMUSG00000039781,Cep131,86,62,43,43,81,38,29,48,65,47,92,80
ENSMUSG00000017344,Vtn,0,0,0,0,0,2,0,0,0,0,0,0
ENSMUSG00000047759,Hs3st3a1,0,0,1,1,0,0,0,0,1,1,0,0
ENSMUSG00002076830,#N/A,0,0,0,0,0,0,0,0,0,0,0,0
ENSMUSG00000081756,Gm12291,0,0,0,0,0,0,0,0,0,0,0,0
ENSMUSG00002076968,#N/A,0,0,0,0,0,0,0,0,0,0,0,0
ENSMUSG00000086490,Gm12292,0,0,0,1,0,0,0,0,0,0,0,0
ENSMUSG00000010841,Cfap97d1,0,0,0,0,0,0,0,0,0,0,0,0
ENSMUSG00000001103,Sebox,0,0,0,0,0,0,0,0,0,0,0,0
ENSMUSG00000051232,Tmem199,511,557,506,482,558,257,485,481,492,417,561,503
ENSMUSG00000025377,Tepsin,472,610,482,486,392,157,377,381,471,447,380,433
ENSMUSG00000078572,Ndufaf8,305,351,304,309,339,64,330,276,390,313,269,324
ENSMUSG00000001100,Poldip2,1516,1510,1162,1235,1366,538,1200,1360,1484,1368,1387,1369
ENSMUSG00000007850,Hnrnph1,10403,9897,8803,8511,10603,10569,8349,10054,10005,9647,12090,10979
ENSMUSG00000020375,Rufy1,329,340,250,269,244,236,185,244,270,268,300,247
ENSMUSG00000017615,Tnfaip1,626,761,522,473,573,246,511,488,615,511,550,568
ENSMUSG00002074926,#N/A,0,0,0,0,0,0,0,0,0,0,0,0
ENSMUSG00000085564,Gm12198,0,0,0,0,0,0,0,0,0,0,1,0
ENSMUSG00000052373,Mpp3,2,7,10,5,6,5,4,2,2,3,4,10
ENSMUSG00000087216,E130111B04Rik,0,0,0,0,0,0,0,0,0,0,0,0
ENSMUSG00000001105,Ift20,341,395,290,288,348,233,303,276,335,322,389,365
ENSMUSG00000036545,Adamts2,0,0,0,0,0,3,0,0,0,0,0,0
ENSMUSG00000037278,Tmem97,720,856,748,793,853,510,971,947,791,705,746,671
ENSMUSG00000083176,D11Bhm181e,1,0,0,0,0,0,0,0,0,0,0,0
ENSMUSG00000087080,Gm12199,0,0,0,0,0,0,0,0,0,0,0,0
ENSMUSG00000089184,Gm22947,1,0,0,0,0,0,0,0,0,0,0,0
ENSMUSG00000085902,Gm12200,0,0,0,0,0,0,0,0,0,0,0,0
ENSMUSG00002076575,#N/A,0,0,0,0,0,0,0,0,0,0,0,0
ENSMUSG00000020549,Elac2,4059,4575,3452,3518,3069,1477,2857,3267,3768,3407,3135,2862
ENSMUSG00000044807,Zfp354c,25,16,23,13,12,13,14,19,15,11,18,23
ENSMUSG00000017376,Nlk,469,429,342,318,392,219,320,332,371,353,478,489
ENSMUSG00000080180,Gm17235,0,0,0,0,0,0,0,0,1,0,0,0
ENSMUSG00000082110,Gm11196,2,0,0,0,0,0,0,0,0,0,0,0
ENSMUSG00000085115,Gm11197,0,0,0,0,0,1,0,0,0,0,0,0
ENSMUSG00000044296,Zfp879,0,1,1,2,3,1,1,1,0,1,3,3
ENSMUSG00000049489,Ccnq,386,446,290,343,350,163,365,322,382,328,332,302
ENSMUSG00002075383,#N/A,0,0,1,1,0,3,0,0,0,1,0,0
ENSMUSG00000088748,Gm23219,0,0,0,0,0,0,0,0,0,0,0,0
ENSMUSG00000072640,Lyrm9,275,297,218,228,327,206,230,270,340,278,391,346
ENSMUSG00000000617,Grm6,1,1,0,2,1,1,0,0,1,1,0,0
ENSMUSG00000086226,Gm12660,0,0,0,0,0,0,0,0,0,0,0,0
ENSMUSG00000017309,Cd300lg,0,0,0,0,0,0,0,0,0,0,0,0
ENSMUSG00000048728,Zfp454,0,0,0,0,0,0,0,0,0,1,0,0
ENSMUSG00000049321,Zfp2,13,24,9,13,12,15,21,22,20,9,34,31
ENSMUSG00000017314,Mpp2,58,68,74,62,61,32,76,76,78,67,67,50
ENSMUSG00000020335,Zfp354b,0,0,0,0,0,1,0,0,0,0,0,0
ENSMUSG00000072983,4933414I15Rik,0,0,0,0,0,0,0,0,0,0,0,0
ENSMUSG00000020826,Nos2,39,25,36,37,21,10,19,14,17,20,8,14
ENSMUSG00000017316,Ppy,0,0,0,0,0,0,0,0,0,0,0,0
ENSMUSG00000044542,Prop1,0,0,0,0,0,0,0,0,0,0,0,0
ENSMUSG00000083542,Olfr1379-ps1,0,0,0,0,0,0,0,0,0,0,0,0
ENSMUSG00000033389,Arhgap44,0,0,0,0,0,1,0,0,0,0,0,0
ENSMUSG00000083935,Gm12294,0,0,0,0,0,0,0,0,0,0,0,0
ENSMUSG00000050343,Olfr1378,2,0,0,0,0,0,0,0,0,0,0,0
ENSMUSG00000082074,Gm12661,0,0,0,0,0,0,0,0,0,0,0,0
ENSMUSG00000061952,Olfr1377,0,0,0,0,0,1,0,0,0,0,0,0
ENSMUSG00000083825,Olfr1376-ps1,0,0,0,0,0,0,0,0,0,0,0,0
ENSMUSG00000017311,Pyy,0,0,0,0,0,0,0,0,0,0,0,0
ENSMUSG00000084200,Gm11584,0,0,0,0,0,0,0,0,0,0,0,0
ENSMUSG00000060918,Olfr51,0,0,0,0,0,1,0,0,0,0,0,0
ENSMUSG00000082045,Gm11585,0,0,0,0,0,0,0,0,0,0,0,0
ENSMUSG00002076772,#N/A,0,0,0,0,0,0,0,0,0,0,0,0
ENSMUSG00000059397,Olfr54,0,0,0,0,0,0,0,0,0,0,0,0
ENSMUSG00000057890,Olfr1375,0,0,0,0,0,0,0,0,0,0,0,0
ENSMUSG00000020548,1700086D15Rik,0,0,0,0,0,0,0,0,0,0,0,0
ENSMUSG00000118601,AL663045.1,0,0,0,0,0,0,0,0,0,0,0,0
ENSMUSG00000082857,Gm12293,0,0,0,0,0,0,0,0,0,0,0,0
ENSMUSG00000048217,Nags,2,1,3,3,4,0,3,2,2,4,3,0
ENSMUSG00000087339,Gm11586,0,0,0,0,0,0,0,0,0,0,0,0
ENSMUSG00000020364,Zfp354a,0,0,0,0,0,0,0,0,0,0,0,0
ENSMUSG00000072982,9230009I02Rik,0,0,0,0,0,0,0,0,0,0,0,0
ENSMUSG00000020921,Tmem101,242,286,244,241,232,92,265,242,257,214,231,193
ENSMUSG00000080918,Gm12202,0,0,0,0,0,0,0,0,0,0,0,0
ENSMUSG00000083156,Gm12201,0,0,0,0,0,0,0,0,1,0,0,0
ENSMUSG00000083312,Olfr1374-ps1,0,0,0,0,0,0,0,0,0,0,0,0
ENSMUSG00000081296,Gm12203,0,0,0,0,0,0,0,0,0,0,0,0
ENSMUSG00000086646,Platr20,0,0,0,0,0,1,0,0,0,0,0,0
ENSMUSG00000061469,Gm12569,0,0,0,0,0,0,0,0,0,0,0,0
ENSMUSG00000020922,Lsm12,1821,2140,1578,1607,1786,1514,1645,1973,1864,1719,1959,1770
ENSMUSG00000045942,BC049762,1,0,2,0,0,3,1,1,1,0,0,3
ENSMUSG00000001123,Lgals9,359,408,364,414,446,254,542,611,445,386,538,481
ENSMUSG00000061306,Slc38a10,3668,4130,2941,3151,2970,1253,2508,3125,3414,3235,2825,2709
ENSMUSG00000034793,G6pc3,780,907,702,688,789,325,743,639,813,706,769,761
ENSMUSG00000085636,Gm11769,2,4,4,0,1,0,5,2,3,1,4,2
ENSMUSG00000075389,2810410L24Rik,6,5,5,6,3,0,3,6,4,12,6,3
ENSMUSG00000086750,Gm11770,1,0,0,0,0,0,0,0,0,0,0,0
ENSMUSG00000043993,2900052L18Rik,2,8,6,9,5,2,9,6,7,6,3,1
ENSMUSG00000020542,Myocd,0,0,0,0,1,4,0,0,0,0,0,0
ENSMUSG00000085162,Gm12295,0,0,0,0,0,2,0,0,0,0,0,1
ENSMUSG00000065104,Gm26128,0,0,0,0,0,0,0,0,0,0,0,0
ENSMUSG00000020385,Clk4,803,883,733,682,923,839,667,713,801,729,1034,934
ENSMUSG00002076304,#N/A,4,4,4,4,4,1,3,2,6,5,4,2
ENSMUSG00000033352,Map2k4,1925,1977,1573,1546,1428,879,1532,1808,1727,1509,1346,1289
ENSMUSG00000076460,Mir744,0,0,0,0,0,0,0,1,0,0,0,0
ENSMUSG00000039741,Bahcc1,17,22,26,25,18,5,14,14,23,14,23,20
ENSMUSG00000085501,Gm11772,1,0,0,1,0,1,3,3,0,0,0,0
ENSMUSG00002076666,#N/A,0,0,0,0,0,0,0,0,0,0,0,0
ENSMUSG00000018334,Ksr1,4963,5245,4502,4588,3604,1866,2848,4280,4203,4062,3050,2923
ENSMUSG00000063564,Col23a1,6,4,2,2,2,0,2,3,1,6,2,3
ENSMUSG00000085941,Gm11201,0,2,0,1,0,0,0,0,0,1,1,1
ENSMUSG00000081000,Gm11200,0,0,0,0,1,1,0,0,0,0,0,1
ENSMUSG00000018347,Zkscan6,328,315,226,276,221,89,227,228,243,258,276,227
ENSMUSG00000062825,Actg1,87,101,97,84,84,33,59,75,93,63,103,101
ENSMUSG00002076664,#N/A,1,0,0,0,1,0,0,0,0,0,0,0
ENSMUSG00000098955,Mir6935,0,0,0,0,0,0,0,0,0,0,0,0
ENSMUSG00000043644,0610009L18Rik,5,9,6,8,6,3,6,4,6,4,4,5
ENSMUSG00000017677,Wsb1,2013,2100,1815,1736,1932,1236,1616,1833,1852,1767,1693,1688
ENSMUSG00000108822,Gm44787,0,0,0,0,0,0,0,0,0,0,0,0
ENSMUSG00000055072,Gm9964,0,0,0,0,1,0,0,0,0,0,0,0
ENSMUSG00000025380,Fscn2,0,0,0,0,1,0,1,0,1,1,1,1
ENSMUSG00000056752,Dnah9,0,0,0,0,0,8,0,0,0,0,0,0
ENSMUSG00000020359,Phykpl,254,249,216,167,164,130,153,209,225,202,221,221
ENSMUSG00000084967,Gm12296,0,0,0,0,0,6,0,0,0,0,0,0
ENSMUSG00000053930,Shisa6,0,0,0,0,0,0,0,0,0,0,0,0
ENSMUSG00000080978,Gm12297,0,4,0,0,0,0,0,1,0,1,0,0
ENSMUSG00000072834,Gm12298,0,0,0,0,0,0,0,0,0,0,0,0
ENSMUSG00000025384,Faap100,533,628,459,496,533,161,448,536,561,449,553,618
ENSMUSG00000048070,Pirt,0,0,0,0,0,0,0,0,0,0,0,0
ENSMUSG00000085683,Tmem238l,0,0,0,0,0,0,0,0,0,0,0,0
ENSMUSG00000085926,Gm12299,0,0,0,0,0,0,0,0,0,0,0,0
ENSMUSG00000020358,Hnrnpab,47475,47490,38517,39040,43612,30168,37569,42236,49631,44497,43738,42324
ENSMUSG00000001056,Nhp2,4806,5666,4589,4829,5246,2380,5040,5330,5515,4669,4996,4380
ENSMUSG00000050270,Tmem220,5,6,3,5,2,0,4,10,10,5,4,2
ENSMUSG00000001054,Rmnd5b,359,408,285,280,297,119,304,328,352,282,303,331
ENSMUSG00000020910,Adprm,397,503,455,411,384,235,429,469,436,364,451,365
ENSMUSG00000001053,N4bp3,308,313,232,244,263,87,206,261,265,215,250,255
ENSMUSG00000069844,Sco1,542,667,575,597,450,269,531,553,549,484,527,463
ENSMUSG00000052563,D930048N14Rik,23,18,15,6,21,9,18,18,12,19,16,32
ENSMUSG00000007777,0610009B22Rik,71,102,78,70,125,72,85,82,71,82,113,135
ENSMUSG00000039703,Nploc4,4284,4717,3791,3887,3531,1425,3325,4194,3996,3689,3032,2938
ENSMUSG00000039691,Tspan10,0,0,2,0,0,0,0,0,0,2,0,0
ENSMUSG00000025386,Pde6g,0,5,2,8,6,4,1,3,4,5,14,13
ENSMUSG00000039670,Oxld1,38,38,34,18,44,9,38,35,30,29,22,40
ENSMUSG00000049957,Ccdc137,1179,1286,1034,1053,1083,581,1047,1032,1113,1024,1261,1002
ENSMUSG00000057594,Arl16,181,185,172,180,187,97,189,182,194,192,182,154
ENSMUSG00000008855,Hdac5,181,255,124,145,115,48,133,190,146,119,164,145
ENSMUSG00000020908,Myh3,9,12,5,1,6,7,4,3,5,6,10,5
ENSMUSG00000098855,Mir6923,0,0,0,0,0,0,0,0,0,0,0,0
ENSMUSG00000087410,2310065F04Rik,0,0,0,0,0,1,0,0,0,0,0,0
ENSMUSG00000036391,Sec24a,1495,1531,1358,1190,1043,1003,918,1352,1254,1216,1266,1150
ENSMUSG00000119011,#N/A,3,0,0,0,3,0,0,1,0,3,1,5
ENSMUSG00000098863,Mir8101,0,0,0,0,0,0,0,0,0,0,0,0
ENSMUSG00000020386,Sar1b,1036,1159,893,835,866,590,1007,946,1145,977,991,946
ENSMUSG00000034773,BC030867,251,236,248,234,416,187,294,370,173,183,318,315
ENSMUSG00000034768,Asb16,24,31,22,21,30,16,41,40,32,23,43,36
ENSMUSG00000025793,Hgs,1516,1615,1187,1366,1113,562,1156,1337,1391,1157,957,917
ENSMUSG00000020387,Jade2,8600,8572,6388,6306,6020,2605,4802,6035,7441,7394,5107,4870
ENSMUSG00000110618,Gm39822,0,1,4,0,1,0,0,0,3,2,0,0
ENSMUSG00000093325,Gm26061,0,0,0,0,0,0,0,0,0,0,0,0
ENSMUSG00000034757,Tmub2,315,434,326,326,291,84,289,308,333,292,307,246
ENSMUSG00000020392,Cdkn2aipnl,1701,1811,1411,1505,1813,1257,1482,1570,1809,1549,1620,1600
ENSMUSG00000039640,Mrpl12,2681,3139,2383,2733,2937,1447,2822,2608,3135,2579,2635,2648
ENSMUSG00000086929,Gm11788,0,0,0,0,0,0,0,0,0,0,0,0
ENSMUSG00000033196,Myh2,2,0,0,0,0,2,0,0,0,0,0,0
ENSMUSG00000020390,Ube2b,809,1010,814,877,945,632,1014,1000,938,868,895,868
ENSMUSG00000086493,Gm12204,0,0,0,0,0,0,0,0,0,0,0,0
ENSMUSG00000085479,9430073C21Rik,0,0,0,0,0,1,0,0,0,0,0,0
ENSMUSG00000025792,Slc25a10,158,143,119,101,214,53,170,188,163,145,170,224
ENSMUSG00000084983,Gm11789,0,0,0,0,0,0,0,0,0,0,0,0
ENSMUSG00000020716,Nf1,734,736,597,530,571,431,425,685,593,601,558,596
ENSMUSG00000082304,Gm11198,13,13,9,13,12,2,12,12,7,10,8,4
ENSMUSG00000082529,Gm11199,0,0,0,0,0,0,0,0,0,0,0,0
ENSMUSG00000091523,AU040972,0,0,0,1,0,0,0,0,0,0,0,0
ENSMUSG00000025127,Gcgr,0,0,0,0,0,0,0,0,0,0,0,0
ENSMUSG00000049612,Omg,0,1,0,0,0,0,1,1,1,0,0,0
ENSMUSG00000061111,Mcrip1,588,719,472,570,608,233,559,487,620,560,641,616
ENSMUSG00000070354,Evi2,7,5,6,10,5,7,8,5,6,7,3,3
ENSMUSG00000025129,Ppp1r27,0,0,1,0,0,0,0,0,0,0,0,0
ENSMUSG00000093938,Evi2b,0,0,0,0,0,0,0,0,0,0,0,0
ENSMUSG00000078771,Evi2a,60,65,57,66,31,18,46,66,34,52,42,32
ENSMUSG00000017639,Rab11fip4,4534,4400,3870,3763,2942,1247,2428,3596,3489,3401,1889,1884
ENSMUSG00000064486,Gm23293,0,0,0,0,0,0,0,0,0,0,0,0
ENSMUSG00000087434,Rab11fip4os1,6,11,11,14,18,2,5,9,14,7,10,7
ENSMUSG00000088879,Gm25867,0,0,0,0,0,0,0,0,0,0,0,0
ENSMUSG00000077574,Gm24887,0,0,0,0,0,0,0,0,0,0,0,0
ENSMUSG00000086569,Rab11fip4os2,0,0,0,0,0,0,0,0,0,0,0,0
ENSMUSG00000084969,Gm11205,1,2,0,1,0,2,0,1,0,0,0,0
ENSMUSG00000025130,P4hb,9753,10294,7453,7625,8046,3920,7288,7934,8630,7593,8667,8249
ENSMUSG00000065395,Mir193a,1,0,2,2,1,0,1,1,0,0,0,1
ENSMUSG00000065489,Mir365-2,4,3,1,0,3,1,2,3,2,2,3,1
ENSMUSG00000086474,9130204K15Rik,0,1,1,1,0,0,0,0,2,1,1,2
ENSMUSG00000065283,Gm24454,0,0,0,0,0,0,0,0,0,0,0,0
ENSMUSG00000083395,Gm11203,0,0,0,0,0,0,0,0,0,0,0,0
ENSMUSG00000082252,Gm11204,0,0,0,0,0,0,0,0,0,0,0,0
ENSMUSG00000056328,Myh1,0,0,0,0,1,1,0,0,0,0,0,0
ENSMUSG00000059995,Atxn7l3,3330,3615,2450,2506,2769,771,2485,2826,2945,2831,2840,2784
ENSMUSG00000085348,Myhas,0,0,0,0,0,0,0,0,0,0,0,0
ENSMUSG00000025132,Arhgdia,17529,18619,11865,13119,12409,4989,12940,13896,15808,14172,13186,12690
ENSMUSG00000102881,Gm3807,1,5,3,9,5,2,4,5,5,3,3,7
ENSMUSG00000025134,Alyref,3629,4194,3503,3637,3593,1993,3688,4036,3979,3284,3489,3262
ENSMUSG00000025135,Anapc11,550,596,534,561,599,234,679,540,554,457,555,559
ENSMUSG00000044034,Npb,8,14,7,6,6,6,11,5,5,2,9,5
ENSMUSG00000035575,Utp6,3656,3807,3187,3209,3295,2274,2703,3318,3565,3278,3216,3122
ENSMUSG00000057003,Myh4,0,0,0,0,0,1,0,0,0,0,0,0
ENSMUSG00000025137,Pcyt2,846,980,754,785,582,204,683,743,940,764,675,630
ENSMUSG00000017548,Suz12,5207,5373,4659,4510,4750,3919,3693,4785,4915,4674,5015,4522
ENSMUSG00000055775,Myh8,0,0,0,0,0,2,0,0,0,0,0,0
ENSMUSG00000017561,Crlf3,1558,1774,1412,1419,1661,852,1381,1541,1605,1384,1670,1550
ENSMUSG00000025138,Sirt7,1302,1568,1255,1271,1040,425,1078,1150,1315,1164,1073,1067
ENSMUSG00000098282,Mir6936,0,0,0,0,0,0,0,0,0,0,0,0
ENSMUSG00000051510,Mafg,1994,2079,1930,1880,1819,660,1650,1862,1881,1692,1799,1833
ENSMUSG00000017550,Atad5,913,795,874,824,971,746,685,1029,724,728,963,901
ENSMUSG00000020389,Cdkl3,28,34,29,32,31,26,19,43,30,16,38,32
ENSMUSG00000060180,Myh13,0,0,0,0,0,3,0,0,0,0,0,0
ENSMUSG00000025140,Pycr1,177,181,183,180,125,67,149,161,121,100,100,105
ENSMUSG00000084800,Gm12205,0,0,0,0,0,0,0,0,0,0,0,0
ENSMUSG00000046909,Tefm,353,383,323,353,319,194,322,291,381,321,258,257
ENSMUSG00000025141,Myadml2,0,0,0,0,0,0,0,0,0,0,0,0
ENSMUSG00000084822,Myadml2os,0,0,0,0,0,0,0,0,1,0,0,0
ENSMUSG00000020349,Ppp2ca,9152,9744,8094,8386,8730,5572,8132,8547,9307,8133,8073,7636
ENSMUSG00002076463,#N/A,2,0,1,1,7,0,1,3,4,1,1,1
ENSMUSG00000092870,Mir3061,0,0,0,0,0,0,0,0,0,0,0,0
ENSMUSG00000062204,Olfr1373,0,0,0,0,0,0,0,0,0,0,0,0
ENSMUSG00000020709,Adap2,2,1,4,0,0,2,0,0,1,1,3,0
ENSMUSG00000108218,Olfr1372-ps1,0,0,0,0,1,1,0,0,0,0,0,0
ENSMUSG00000086507,Adap2os,0,0,0,0,0,1,0,0,0,0,0,0
ENSMUSG00000083175,Gm12206,0,0,0,0,0,0,0,0,0,0,0,0
ENSMUSG00000060170,Olfr1371,0,0,0,0,0,0,0,0,0,0,0,0
ENSMUSG00000020707,Rnf135,28,44,28,27,34,7,22,28,29,21,39,19
ENSMUSG00000042988,Notum,0,0,0,0,1,0,0,0,0,0,0,0
ENSMUSG00000053613,Notumos,0,0,0,0,0,0,0,0,0,0,0,0
ENSMUSG00000036309,Skp1a,1997,2327,1884,1927,2278,1384,2032,1820,2210,1893,2057,1816
ENSMUSG00000086920,Gm12207,6,7,11,8,5,9,4,6,10,5,6,4
ENSMUSG00000000782,Tcf7,791,807,1193,1242,1405,913,1418,1700,912,757,1070,989
ENSMUSG00000086395,A630014C17Rik,3,3,5,6,7,5,5,10,0,1,9,2
ENSMUSG00000020905,Usp43,0,0,2,2,0,1,0,0,0,1,0,0
ENSMUSG00000055134,9130017K11Rik,0,0,0,0,0,1,0,0,1,0,1,1
ENSMUSG00000020904,Cfap52,0,0,0,0,0,0,0,0,0,0,0,0
ENSMUSG00000020402,Vdac1,3163,3457,2868,3014,3249,1550,3209,3451,3160,2751,3116,2926
ENSMUSG00000036275,9530068E07Rik,2434,2732,1998,2067,2313,1113,2135,2349,2484,2169,2345,2130
ENSMUSG00000080951,Gm12208,3,4,3,1,1,0,1,3,1,3,7,1
ENSMUSG00000081297,Gm12209,0,0,0,0,0,0,0,0,0,0,0,0
ENSMUSG00000083129,Gm12210,0,0,0,0,0,0,0,0,0,0,0,0
ENSMUSG00000020903,Stx8,378,454,297,321,317,209,322,314,387,357,327,281
ENSMUSG00000082266,Gm12303,3,0,0,0,0,0,2,1,1,2,0,0
ENSMUSG00002076000,#N/A,0,0,0,0,1,0,0,0,0,0,0,0
ENSMUSG00000083924,Gm12304,0,0,0,0,0,0,1,0,0,0,0,0
ENSMUSG00000087242,C78197,0,0,0,0,0,0,0,0,0,0,0,0
ENSMUSG00000036264,Fstl4,1,4,0,1,1,2,2,1,2,1,0,1
ENSMUSG00000087668,Gm11186,0,0,0,0,0,0,0,0,0,0,0,0
ENSMUSG00000020902,Ntn1,14,8,14,3,25,6,13,18,16,13,5,7
ENSMUSG00000058073,Gm11189,2,1,2,0,0,0,0,0,1,0,0,0
ENSMUSG00000099174,Mir6406,0,0,0,0,0,0,0,0,0,0,0,0
ENSMUSG00000084993,Gm12305,0,0,0,0,0,0,0,0,0,0,0,0
ENSMUSG00000020901,Pik3r5,2009,2068,2224,2261,1886,1039,1709,2112,1500,1395,1260,1166
ENSMUSG00000020361,Hspa4,15106,15675,12659,12635,13972,13100,10846,13364,14926,13666,15434,13674
ENSMUSG00000018239,Zcchc10,542,507,472,460,506,447,594,535,535,489,539,519
ENSMUSG00000082263,Gm11188,0,0,0,0,0,2,0,0,0,0,0,0
ENSMUSG00000049470,Aff4,2291,2437,1936,1973,1804,1269,1271,2193,2096,1888,1738,1679
ENSMUSG00000064719,Gm25930,0,0,0,0,0,0,0,1,0,0,0,0
ENSMUSG00000105908,Mir6920,0,0,0,0,1,0,0,0,0,0,0,0
ENSMUSG00000036216,Leap2,0,0,0,1,0,0,0,0,0,1,0,0
ENSMUSG00000044894,Uqcrq,1239,1390,1253,1395,1481,402,1331,1160,1500,1273,1137,1278
ENSMUSG00000046207,Pik3r6,140,170,91,109,69,26,42,64,89,93,42,39
ENSMUSG00000018238,Gdf9,8,8,6,9,3,4,4,5,6,8,2,9
ENSMUSG00000072963,Gm10447,0,0,0,0,0,1,0,0,0,0,0,0
ENSMUSG00000048329,Mfsd6l,4,7,2,5,0,1,5,3,6,6,4,0
ENSMUSG00000085937,Ccdc42os,0,0,0,0,0,2,0,0,0,0,0,0
ENSMUSG00000045915,Ccdc42,0,0,0,0,0,0,1,0,0,0,0,0
ENSMUSG00000018387,Shroom1,0,0,0,1,0,0,0,0,0,0,0,0
ENSMUSG00000085707,Gm12212,0,0,0,0,1,3,0,0,0,0,0,0
ENSMUSG00000049427,Gm9837,0,0,0,0,0,0,0,0,0,0,0,0
ENSMUSG00000044352,Sowaha,0,0,0,0,0,0,0,0,0,0,0,0
ENSMUSG00000054450,Gm9945,0,0,0,0,0,0,0,0,0,0,0,0
ENSMUSG00000085718,Rpl9-ps3,12,27,23,22,28,2,29,31,29,19,13,16
ENSMUSG00000017686,Rhot1,1781,1876,1361,1378,1340,900,1216,1397,1527,1425,1336,1317
ENSMUSG00000017692,Rhbdl3,101,104,75,89,73,41,64,92,74,69,63,49
ENSMUSG00000057181,5730455P16Rik,431,516,377,365,413,297,320,412,429,391,406,388
ENSMUSG00000020923,Ubtf,14731,15182,11532,11709,12693,7859,11043,13963,14751,13254,13089,11438
ENSMUSG00000025142,Aspscr1,670,760,666,686,630,201,655,761,765,648,589,639
ENSMUSG00000090758,Gm17178,0,0,1,1,1,0,1,1,0,0,0,0
ENSMUSG00000018398,44812,146,165,114,116,140,80,127,159,150,128,137,144
ENSMUSG00000086851,A430108G06Rik,0,0,0,0,0,2,1,0,0,0,1,0
ENSMUSG00000025144,Cenpx,187,223,136,209,248,221,254,232,199,187,252,254
ENSMUSG00000025145,Lrrc45,284,289,298,217,363,203,224,299,303,236,362,381
ENSMUSG00000006574,Slc4a1,0,0,0,0,0,2,0,0,1,0,0,0
ENSMUSG00000087330,Bloodlinc,0,0,0,0,0,0,0,0,0,0,0,0
ENSMUSG00000018012,Rac3,17,26,13,25,16,7,13,21,21,25,17,24
ENSMUSG00000039450,Dcxr,84,92,67,100,88,31,112,85,77,78,44,58
ENSMUSG00000025150,Cbr2,0,0,0,0,0,0,0,0,0,0,0,0
ENSMUSG00000078249,Hmga1b,15,22,9,7,14,2,8,12,14,10,10,11
ENSMUSG00000083618,Gm11771,0,0,0,0,0,0,0,0,0,0,0,0
ENSMUSG00000018395,Kif3a,160,175,103,88,138,153,161,140,119,103,159,142
ENSMUSG00000020900,Myh10,270,272,355,303,392,301,232,341,261,219,171,169
ENSMUSG00000025158,Rfng,449,401,319,261,353,98,273,336,328,292,378,319
ENSMUSG00000000869,Il4,211,260,190,193,368,234,205,199,225,196,339,319
ENSMUSG00000020383,Il13,2083,2209,1448,1622,1794,846,1179,1329,1568,1387,1524,1308
ENSMUSG00000084373,Rps2-ps4,1,0,0,2,2,0,0,1,2,0,0,0
ENSMUSG00000017421,Zfp207,7643,7647,5930,5963,7322,7535,6070,7030,7573,7089,8436,7403
ENSMUSG00000006575,Rundc3a,48,61,29,32,35,22,29,43,67,46,51,51
ENSMUSG00000018736,Ndel1,1516,1690,1185,1237,1112,717,1045,1223,1273,1170,1097,1011
ENSMUSG00000046490,Rnf222,0,0,0,0,0,0,0,0,0,0,0,0
ENSMUSG00000060938,Rpl26,2175,4010,2616,2909,2928,1128,2820,2193,2570,2247,1871,1785
ENSMUSG00000119488,#N/A,0,0,2,0,0,0,0,0,0,0,0,0
ENSMUSG00000032921,Odf4,0,0,0,0,0,6,0,0,0,0,0,0
ENSMUSG00000025156,Gps1,653,637,486,508,516,176,423,462,658,584,503,545
ENSMUSG00000020380,Rad50,1282,1239,1135,1060,1531,1913,1008,1384,1249,1152,1907,1590
ENSMUSG00002075965,#N/A,0,0,0,0,0,0,0,0,0,0,0,0
ENSMUSG00000052921,Arhgef15,0,0,0,0,0,2,0,0,0,0,0,0
ENSMUSG00000036117,Il5,18,35,30,29,110,90,30,30,44,36,86,86
ENSMUSG00000086595,Gm12214,0,0,0,0,0,0,0,0,0,0,1,0
ENSMUSG00000083986,Gm12213,0,1,1,1,0,1,0,1,0,0,1,0
ENSMUSG00000099153,Mir7671,1,0,1,0,0,0,0,0,0,0,0,0
ENSMUSG00000018740,Slc25a35,8,10,8,6,14,14,9,11,19,9,16,16
ENSMUSG00000032892,Rangrf,71,58,43,50,51,23,48,67,76,41,77,78
ENSMUSG00000017428,Psmd11,3410,3595,3211,3141,3527,2210,3207,3300,3416,3061,3362,3036
ENSMUSG00000048895,Cdk5r1,445,462,568,593,438,193,371,365,370,331,182,185
ENSMUSG00000020899,Pfas,6155,6676,5706,5457,5836,2128,4330,5659,5506,5112,5596,5408
ENSMUSG00000092727,Mir3062,2,0,0,1,6,0,1,1,1,3,0,0
ENSMUSG00000119033,#N/A,0,0,0,0,0,0,0,0,0,0,0,0
ENSMUSG00000018677,Slc25a39,1843,1838,1362,1439,1725,559,1651,1533,1929,1637,1846,1740
ENSMUSG00000025155,Dus1l,1858,1968,1723,1853,1747,783,1601,1788,1913,1860,1893,1766
ENSMUSG00000098774,Mir6930,0,0,0,0,0,0,0,0,0,0,1,1
ENSMUSG00000035441,Myo1d,180,196,139,159,134,77,102,133,136,128,74,91
ENSMUSG00000085078,C030013C21Rik,0,0,2,1,2,0,0,1,0,0,0,1
ENSMUSG00000035413,Tmem98,2,1,1,1,2,0,0,0,1,0,0,0
ENSMUSG00000081663,Gm11207,0,0,0,0,0,0,0,0,0,0,0,0
ENSMUSG00000018899,Irf1,1362,1590,1073,1164,818,402,1456,1716,1359,1308,1244,1056
ENSMUSG00000086703,4930507D10Rik,0,0,0,0,0,0,0,0,0,0,0,0
ENSMUSG00000091191,Gm17334,3,5,3,10,2,11,0,1,0,6,5,3
ENSMUSG00000053184,Spaca3,0,0,0,0,0,0,0,0,0,0,0,0
ENSMUSG00000081769,Gm12216,14,23,12,18,10,8,17,12,23,15,34,16
ENSMUSG00000020704,Asic2,0,0,0,0,3,3,0,2,0,0,0,0
ENSMUSG00000082027,Gm11416,0,0,0,0,0,0,0,0,0,0,0,0
ENSMUSG00000085130,Gm11417,0,0,0,0,0,0,0,0,0,0,0,0
ENSMUSG00000086971,4930527B05Rik,0,0,0,0,0,0,0,0,0,0,0,0
ENSMUSG00000018900,Slc22a5,153,209,138,180,116,58,138,191,170,147,150,152
ENSMUSG00000080980,1700071K01Rik,0,1,0,0,0,0,0,0,0,0,0,0
ENSMUSG00000087534,Gm11418,0,0,0,0,0,0,0,0,0,0,0,0
ENSMUSG00000082271,Gm12217,0,0,0,0,0,0,0,0,0,0,0,0
ENSMUSG00000082380,Gm12218,0,0,0,0,0,0,0,1,0,0,0,0
ENSMUSG00000020703,5530401A14Rik,0,0,0,0,0,0,0,0,0,0,0,0
ENSMUSG00000118395,Gm50459,0,0,0,0,0,0,0,0,0,0,0,0
ENSMUSG00000109297,Gm31522,0,0,0,0,0,0,0,0,0,0,0,0
ENSMUSG00000081098,Gm12220,0,0,0,0,0,0,0,0,0,0,0,0
ENSMUSG00000084996,Gm11419,0,0,0,0,0,0,0,0,0,0,0,0
ENSMUSG00000092157,Gm17268,0,0,0,0,0,0,0,0,0,0,0,0
ENSMUSG00000034708,Grn,186,212,142,162,102,55,175,180,132,146,147,145
ENSMUSG00000035385,Ccl2,0,0,0,0,0,0,0,0,0,0,0,0
ENSMUSG00000035373,Ccl7,0,0,0,0,0,1,0,0,0,0,0,0
ENSMUSG00000063652,Slc22a21,30,34,40,39,26,12,24,28,25,20,20,15
ENSMUSG00000020676,Ccl11,0,0,0,0,0,0,0,0,0,0,0,0
ENSMUSG00000080768,Gm12219,4,1,4,1,0,0,1,1,0,2,1,2
ENSMUSG00000034685,Fam171a2,0,0,0,0,1,0,0,0,0,1,1,2
ENSMUSG00000035352,Ccl12,0,0,0,0,0,0,0,0,1,0,0,0
ENSMUSG00000009185,Ccl8,0,0,0,0,0,0,0,0,0,0,0,0
ENSMUSG00000020334,Slc22a4,0,0,0,0,0,0,0,0,0,0,0,0
ENSMUSG00000020702,Ccl1,18326,21123,19920,21139,18808,16946,21369,20188,17888,15461,5182,4842
ENSMUSG00000113710,Gm38577,0,0,0,0,0,0,0,0,0,0,0,0
ENSMUSG00000020388,Pdlim4,11,12,17,10,5,8,5,8,14,12,1,10
ENSMUSG00000020701,Tmem132e,1,1,1,4,1,0,0,0,0,1,0,0
ENSMUSG00000119381,#N/A,0,0,0,0,0,0,0,0,0,0,0,0
ENSMUSG00000069796,Gm11426,0,0,0,0,0,0,0,0,0,0,0,0
ENSMUSG00000034664,Itga2b,18,16,19,17,17,7,16,20,19,22,12,14
ENSMUSG00002076051,#N/A,0,0,0,0,0,0,0,0,0,0,0,0
ENSMUSG00000025153,Fasn,29647,31024,25914,25368,22038,8032,18399,26094,24253,23951,22369,22129
ENSMUSG00000034621,Gpatch8,2309,2362,1856,1873,1714,1461,1598,2117,1886,1954,1951,1649
ENSMUSG00000082487,Gm11628,1,0,0,0,0,2,1,2,1,0,2,1
ENSMUSG00000020698,Cct6b,2,2,5,1,3,2,0,1,6,0,0,0
ENSMUSG00000081677,Mdk-ps1,0,0,0,0,0,0,0,0,0,0,0,0
ENSMUSG00000065657,Gm25337,0,1,0,0,0,1,0,0,0,0,0,0
ENSMUSG00000083203,Gm11421,0,0,0,0,0,0,0,0,0,0,0,0
ENSMUSG00000083371,Gm11422,0,0,0,0,0,0,0,0,0,0,0,0
ENSMUSG00000081828,Gm11420,0,0,0,0,0,0,0,0,0,0,0,0
ENSMUSG00000046010,Zfp830,500,527,462,493,540,421,491,588,530,437,507,460
ENSMUSG00000078640,Gm11627,0,0,0,0,1,0,0,0,1,0,1,0
ENSMUSG00000085175,Gm11423,18,14,17,23,31,17,25,25,16,22,31,26
ENSMUSG00000050288,Fzd2,0,1,0,0,2,3,0,0,0,0,0,0
ENSMUSG00000086105,Gm11636,1,0,0,0,1,0,0,0,0,0,0,0
ENSMUSG00000020898,Ctc1,297,335,300,311,448,223,306,376,282,272,431,396
ENSMUSG00000048445,Ccdc57,38,46,45,48,23,27,42,59,33,33,41,47
ENSMUSG00000086283,2810433D01Rik,0,0,0,0,0,0,0,0,0,0,0,0
ENSMUSG00000087638,Gm11773,0,0,0,0,0,0,0,0,0,0,0,0
ENSMUSG00000080992,Psmb5-ps,1,0,1,0,0,0,0,0,0,1,0,0
ENSMUSG00002076487,#N/A,0,0,0,0,0,0,0,0,0,0,0,0
ENSMUSG00000051455,Meioc,0,0,0,0,0,0,0,0,0,0,0,0
ENSMUSG00000025161,Slc16a3,414,419,390,441,432,119,532,554,432,461,457,440
ENSMUSG00000020897,Aurkb,598,628,708,731,1254,535,1003,969,662,461,954,801
ENSMUSG00000072809,9330160F10Rik,0,5,10,8,13,10,2,4,7,6,5,11
ENSMUSG00000045176,Borcs6,271,274,190,213,185,65,183,193,229,263,188,206
ENSMUSG00000020925,Ccdc43,1239,1347,1158,1160,1124,795,1096,1212,1201,1069,1169,1090
ENSMUSG00000084375,Gm11637,0,0,0,0,0,0,0,0,0,0,0,0
ENSMUSG00000086162,Gm16342,0,0,0,0,0,0,0,0,0,0,0,0
ENSMUSG00000020895,Tmem107,47,51,48,45,59,17,60,55,43,42,60,46
ENSMUSG00000064899,Snord118,0,0,2,0,4,1,0,1,0,1,1,0
ENSMUSG00000084069,Gm12306,0,0,0,0,0,0,0,0,0,0,0,0
ENSMUSG00002076525,#N/A,0,0,0,0,0,0,0,0,0,0,0,0
ENSMUSG00000020894,Vamp2,596,587,472,501,585,529,530,567,505,488,761,694
ENSMUSG00000018906,P4ha2,368,409,357,447,240,112,408,481,249,241,150,122
ENSMUSG00000036045,Gm12221,4,4,4,4,3,1,0,7,5,4,0,3
ENSMUSG00000086209,4933405E24Rik,2,7,2,5,1,1,1,2,1,10,2,1
ENSMUSG00000060068,Gm12222,0,0,0,0,0,0,0,0,0,0,0,0
ENSMUSG00000018916,Csf2,5669,6107,5161,5494,6168,7564,4896,5221,3842,3649,2950,2582
ENSMUSG00000085585,Gm12223,1,1,1,1,4,6,0,0,0,1,1,1
ENSMUSG00000025162,Csnk1d,4926,5464,4469,4520,4825,1936,4143,4640,4859,4381,4016,3900
ENSMUSG00000018914,Il3,9323,10173,15167,16247,13572,9189,10531,11148,7402,6092,3509,3083
ENSMUSG00000100629,Gm28192,0,0,0,0,0,0,0,2,0,0,0,0
ENSMUSG00000081686,Gm11774,0,0,0,0,0,0,0,0,0,0,0,0
ENSMUSG00000086835,Gm11775,0,0,0,0,0,0,0,0,0,0,0,0
ENSMUSG00000080616,Gm22152,0,0,0,0,0,2,0,0,0,0,0,0
ENSMUSG00000020926,Adam11,0,0,0,0,0,2,0,0,0,0,0,0
ENSMUSG00000025163,Cd7,147,188,202,251,150,112,135,139,157,162,62,83
ENSMUSG00000034520,Gjc1,2,7,4,7,8,8,1,6,8,1,3,6
ENSMUSG00000064788,Gm22683,0,0,0,0,0,0,0,0,0,0,0,0
ENSMUSG00000039364,Sectm1b,0,0,0,1,0,0,0,0,0,0,0,0
ENSMUSG00000020928,Higd1b,0,0,0,0,0,0,0,0,0,0,0,0
ENSMUSG00000025165,Sectm1a,0,0,1,0,0,1,1,0,0,0,0,0
ENSMUSG00000083137,Gm11792,0,0,0,0,0,0,0,0,0,0,0,0
ENSMUSG00000084853,Gm11791,0,0,0,0,0,0,0,0,0,0,0,0
ENSMUSG00000082510,Gm11793,4,4,2,3,2,1,0,0,0,0,1,2
ENSMUSG00000039337,Tex19.2,1,0,0,0,0,0,2,0,0,0,0,0
ENSMUSG00000039329,Tex19.1,0,0,1,3,0,0,1,0,0,0,0,0
ENSMUSG00000039321,Uts2r,0,0,0,0,0,0,0,0,0,0,0,0
ENSMUSG00000081835,Gm11790,0,0,0,0,0,0,0,1,0,0,0,0
ENSMUSG00000025169,Ogfod3,129,111,93,84,69,43,81,116,115,102,89,97
ENSMUSG00000039307,Hexdc,61,59,47,55,54,26,54,48,62,54,59,66
ENSMUSG00000020893,Per1,2304,2212,1767,1711,1386,863,1334,1725,1818,1782,1559,1485
ENSMUSG00000097386,9130213A22Rik,0,0,0,0,0,4,0,0,0,0,0,0
ENSMUSG00000023781,Hes7,0,0,0,0,0,1,0,0,0,0,0,2
ENSMUSG00000020892,Aloxe3,5,2,4,3,1,2,3,1,1,2,2,1
ENSMUSG00000032807,Alox12b,44,39,39,36,30,15,27,22,37,31,11,10
ENSMUSG00000039294,Cybc1,820,896,684,676,686,253,616,630,744,692,703,754
ENSMUSG00000020929,Eftud2,8006,8584,6689,7139,7541,4084,6059,7320,7944,7279,7332,6649
ENSMUSG00000020697,Lig3,4003,4211,3282,3393,3400,2118,2578,3472,3920,3736,3281,3017
ENSMUSG00000020930,Ccdc103,2,0,0,1,0,0,3,0,1,0,3,1
ENSMUSG00000075510,Fam187a,0,0,0,0,0,0,0,0,0,0,0,0
ENSMUSG00000000056,Narf,31,25,29,33,43,18,37,36,24,15,43,37
ENSMUSG00000039275,Foxk2,3888,4007,3063,3055,3455,1909,2800,3421,3794,3243,3422,3170
ENSMUSG00000020891,Alox8,4,5,10,10,8,2,2,6,5,6,5,6
ENSMUSG00000020932,Gfap,1,4,0,0,2,0,3,2,1,0,0,2
ENSMUSG00000025173,Wdr45b,920,989,747,717,731,391,681,767,824,719,685,634
ENSMUSG00000051378,Kif18b,580,600,682,666,1033,516,833,1025,566,529,855,765
ENSMUSG00000045532,C1ql1,2,3,2,0,3,7,5,2,2,4,1,5
ENSMUSG00000025170,Rab40b,2,0,0,2,2,1,0,1,2,0,0,1
ENSMUSG00000085338,2410004I01Rik,0,0,0,0,0,0,0,0,0,0,0,0
ENSMUSG00000098981,Mir7236,0,0,0,0,0,0,0,0,0,1,0,0
ENSMUSG00000083155,Gm11866,0,0,0,0,0,0,0,0,0,0,0,0
ENSMUSG00000039253,Fn3krp,82,82,77,68,93,58,82,96,88,67,88,78
ENSMUSG00000020935,Dcakd,864,890,656,699,746,405,737,774,835,792,767,762
ENSMUSG00000020890,Gucy2e,36,24,45,24,35,32,22,27,42,29,30,28
ENSMUSG00000098613,Mir6931,0,0,0,0,0,0,0,0,0,0,0,0
ENSMUSG00000089438,Gm23194,0,0,0,0,0,0,0,0,0,0,0,0
ENSMUSG00000087003,Cntrobos,0,0,0,0,0,0,0,0,0,0,0,0
ENSMUSG00000025175,Fn3k,0,0,0,0,0,0,2,0,1,0,0,0
ENSMUSG00000032782,Cntrob,150,152,125,114,190,127,140,145,169,155,193,199
ENSMUSG00000020696,Rffl,225,243,161,218,171,73,136,166,200,194,151,154
ENSMUSG00000049299,Trappc1,215,237,183,186,203,117,225,200,213,193,205,193
ENSMUSG00000039230,Tbcd,1561,1610,1275,1331,1142,463,1292,1442,1470,1292,1147,1185
ENSMUSG00000039238,Zfp750,10,5,13,7,11,4,6,13,4,5,4,3
ENSMUSG00000018470,Kcnab3,13,5,7,10,9,4,12,10,16,8,12,4
ENSMUSG00000086900,Kcnab3os,0,0,0,0,0,0,0,0,0,0,0,0
ENSMUSG00000043419,Rnf227,100,114,84,62,108,72,65,69,125,94,98,107
ENSMUSG00000018841,Rad51d,761,825,617,593,654,251,542,645,712,607,594,604
ENSMUSG00000018844,Fndc8,0,0,0,0,0,0,0,0,0,0,0,0
ENSMUSG00000046605,B3gntl1,195,212,137,160,123,91,134,145,190,140,175,154
ENSMUSG00000020692,Nle1,2077,2196,1679,1805,1687,551,1599,1741,2009,1746,1661,1630
ENSMUSG00000039208,Metrnl,30,39,89,89,55,26,84,63,45,40,44,28
ENSMUSG00000085126,Gm12589,0,0,0,0,0,0,0,0,0,0,0,0
ENSMUSG00000099690,Gm29513,0,0,0,0,0,0,0,0,0,0,0,0
ENSMUSG00000085970,Gm15643,0,0,0,0,0,0,0,0,0,0,0,0
ENSMUSG00000039198,Ptchd3,0,0,0,0,0,0,0,0,0,0,0,0
ENSMUSG00000084401,Gm12586,0,0,0,0,0,0,0,0,0,0,0,0
ENSMUSG00000086684,Gm12590,0,0,0,0,0,0,0,0,0,0,0,0
ENSMUSG00000082947,Gm12587,2,0,0,1,0,0,2,1,0,1,0,1
ENSMUSG00000082831,Gm12591,0,0,0,1,0,0,0,0,0,0,0,0
ENSMUSG00000018845,Unc45b,3,5,3,4,6,7,0,5,10,3,2,1
ENSMUSG00000086058,Unc45bos,0,0,0,0,0,0,0,0,0,0,0,0
ENSMUSG00000086327,Slfn5os,0,0,0,0,0,0,0,0,0,0,0,0
ENSMUSG00000018474,Chd3,3382,3508,2895,3031,3043,1910,2209,3265,3688,3649,3585,3269
ENSMUSG00000054404,Slfn5,227,239,164,210,97,221,155,227,210,248,138,123
ENSMUSG00000087881,Gm22442,1,1,4,2,0,1,3,1,2,4,0,5
ENSMUSG00000082726,Gm11424,1,0,0,0,0,0,1,0,0,0,0,0
ENSMUSG00000111857,1190001M18Rik,0,3,0,2,6,0,1,0,0,0,0,0
ENSMUSG00000044795,Cyb5d1,85,79,64,59,65,35,35,73,61,63,77,56
ENSMUSG00000059278,Naa38,279,318,257,272,380,159,345,310,317,303,363,315
ENSMUSG00000045377,Tmem88,10,6,13,15,28,7,13,13,13,6,7,11
ENSMUSG00000069793,Slfn9,531,499,434,457,453,454,369,607,414,518,398,312
ENSMUSG00000119469,#N/A,0,0,0,0,2,0,0,0,0,1,0,0
ENSMUSG00000018476,Kdm6b,9047,8921,7987,8018,8257,5115,5738,8291,7639,7374,6733,6221
ENSMUSG00000085178,Kdm6bos,5,2,1,0,1,6,1,2,1,6,0,8
ENSMUSG00000035208,Slfn8,627,734,560,598,441,417,389,630,664,720,756,603
ENSMUSG00000082419,Gm11425,52,20,23,22,28,17,29,22,29,26,33,21
ENSMUSG00000072621,Slfn10-ps,994,1077,840,848,836,803,533,730,776,772,815,697
ENSMUSG00002075620,#N/A,4,4,10,4,0,3,0,2,2,4,4,9
ENSMUSG00000110908,Gm48434,1,0,0,0,0,0,0,0,0,1,0,0
ENSMUSG00000072620,Slfn2,29261,33009,25200,27392,22455,11496,22563,24213,29308,26358,17852,16975
ENSMUSG00000111713,Gm20234,3,3,4,2,2,4,0,6,2,1,0,0
ENSMUSG00000111016,Gm48462,0,0,1,0,0,0,0,0,0,0,0,0
ENSMUSG00000078763,Slfn1,840,1090,883,1010,640,527,1016,1223,1133,1016,859,748
ENSMUSG00000111344,Gm48467,0,0,0,0,0,0,0,0,0,0,0,0
ENSMUSG00000111168,Gm48468,0,0,0,0,0,0,0,0,0,0,0,0
ENSMUSG00000020333,Acsl6,1288,1381,1466,1659,1258,905,1146,1316,1001,935,748,659
ENSMUSG00000111480,Gm48469,0,0,0,0,0,0,0,0,0,0,0,0
ENSMUSG00000110941,Gm48477,0,0,0,0,0,0,0,0,0,0,0,0
ENSMUSG00000111152,Gm48490,0,0,0,0,0,0,0,0,0,0,0,0
ENSMUSG00000085888,Gm12224,0,0,0,0,1,0,0,0,0,2,0,1
ENSMUSG00000000204,Slfn4,4,4,6,6,6,4,8,5,6,5,3,6
ENSMUSG00000020332,Meikin,0,0,0,0,0,0,0,0,0,0,0,0
ENSMUSG00000078151,Gm12226,0,0,0,0,0,0,0,1,0,1,1,1
ENSMUSG00000018986,Slfn3,240,290,259,254,280,203,183,307,277,273,283,226
ENSMUSG00000084212,Gm12225,0,0,0,0,0,0,0,0,0,0,0,0
ENSMUSG00000087107,AI662270,1657,1781,1531,1536,1659,2350,1857,1896,1706,1589,1791,1589
ENSMUSG00000083161,Gm11427,158,147,174,180,170,182,166,191,115,133,169,157
ENSMUSG00000119838,#N/A,1,1,1,0,3,0,1,0,2,1,1,0
ENSMUSG00000082101,Slfn14,1,0,0,0,0,1,0,0,0,0,0,0
ENSMUSG00000093483,AA465934,18,27,17,20,29,12,28,24,7,21,23,23
ENSMUSG00000065715,Snord7,2,4,4,1,5,3,1,2,7,2,8,5
ENSMUSG00000005237,Dnah2,0,2,1,1,0,8,0,0,0,0,1,0
ENSMUSG00000086591,Dnah2os,0,0,0,0,0,0,0,0,0,0,0,0
ENSMUSG00002076081,#N/A,0,0,0,0,0,0,0,0,0,0,0,0
ENSMUSG00000003934,Efnb3,23,29,25,13,45,19,16,28,26,11,27,39
ENSMUSG00000035992,Fnip1,1295,1275,1029,975,849,666,658,942,1055,1024,1130,998
ENSMUSG00000088437,Gm24198,1,0,2,0,1,0,0,0,0,0,0,0
ENSMUSG00000018733,Pex12,532,580,447,422,498,311,392,426,533,502,443,456
ENSMUSG00000041346,Wrap53,618,686,458,498,504,160,468,456,592,510,445,470
ENSMUSG00000078632,Lrrc37a,0,0,0,0,0,0,0,0,0,0,0,0
ENSMUSG00000034239,Gm884,0,0,1,0,0,0,0,0,0,0,0,0
ENSMUSG00000081676,Gm11643,0,0,2,2,0,1,0,0,0,2,0,0
ENSMUSG00000020945,Lyzl6,1,0,0,0,0,0,0,0,0,0,0,0
ENSMUSG00000046215,Rprml,1,2,0,0,3,2,0,3,3,1,1,0
ENSMUSG00000020946,Gosr2,2789,3153,2521,2641,2305,1026,1948,2479,2576,2368,1865,1757
ENSMUSG00000085154,C130046K22Rik,29,31,25,22,24,12,19,24,21,24,14,19
ENSMUSG00000086794,Gm11642,2,0,0,0,0,2,1,1,1,1,0,1
ENSMUSG00000018486,Wnt9b,44,38,26,44,13,7,20,19,16,17,1,9
ENSMUSG00000000125,Wnt3,180,158,173,171,122,68,68,111,139,150,37,30
ENSMUSG00000059552,Trp53,2555,2762,2143,2300,2579,1264,2449,2596,2547,2191,2732,2431
ENSMUSG00000041329,Atp1b2,142,121,85,84,48,51,55,60,117,92,46,38
ENSMUSG00000005202,Shbg,0,0,0,0,0,2,0,0,0,0,0,0
ENSMUSG00000034187,Nsf,1829,2036,1613,1667,1561,1037,1419,1753,1629,1419,1572,1421
ENSMUSG00000092540,Gm8738,3,7,4,2,3,0,1,6,7,3,2,8
ENSMUSG00000069835,Sat2,0,0,0,0,0,0,0,0,0,0,0,2
ENSMUSG00000083485,Gm12308,0,0,0,0,0,0,0,0,0,0,0,0
ENSMUSG00000083300,Gm12309,0,0,1,0,0,0,0,0,0,0,0,0
ENSMUSG00000062421,Arf2,156,207,153,165,166,64,153,159,149,130,112,110
ENSMUSG00000018634,Crhr1,0,0,0,0,0,0,0,0,0,0,0,0
ENSMUSG00000018765,Fxr2,3731,3707,2626,2817,3046,1253,2554,3025,3409,2999,3183,3028
ENSMUSG00000049506,Sppl2c,0,0,0,0,0,3,0,0,0,0,0,0
ENSMUSG00000080573,Mir467f,0,0,0,0,0,0,0,0,0,0,0,0
ENSMUSG00000041287,Sox15,3,6,6,1,1,5,6,2,8,5,3,5
ENSMUSG00000037533,Rapgef6,5762,6302,5430,5432,4145,2863,3039,5034,4854,5109,3604,3426
ENSMUSG00002075026,#N/A,0,0,0,0,0,0,0,0,0,0,0,0
ENSMUSG00000052298,Cdc42se2,1049,1105,960,992,1003,393,963,1073,996,862,892,827
ENSMUSG00000086039,Gm12227,1,0,1,0,0,0,2,1,0,0,0,0
ENSMUSG00000082503,Gm12229,0,0,0,0,4,1,0,2,0,0,1,1
ENSMUSG00000086789,Lyrm7os,0,0,0,0,0,1,0,0,0,0,0,0
ENSMUSG00000018761,Mpdu1,676,748,594,641,624,260,708,687,584,575,546,549
ENSMUSG00000088752,Mir1934,0,0,0,0,0,0,0,0,0,1,0,0
ENSMUSG00000035152,Ap2b1,3724,4012,2728,2895,2966,1481,2202,3002,3350,2942,3380,3005
ENSMUSG00000020268,Lyrm7,27,31,27,21,46,48,47,39,44,22,51,51
ENSMUSG00000077217,Gm23951,0,0,0,0,0,0,0,0,0,0,0,0
ENSMUSG00002075772,#N/A,0,0,0,0,0,0,0,0,0,0,0,0
ENSMUSG00000020267,Hint1,2447,2983,2542,2896,3265,1383,3297,3182,2800,2414,2836,2595
ENSMUSG00000018774,Cd68,68,82,55,71,45,43,52,54,56,64,44,38
ENSMUSG00000018339,Gpx3,0,0,0,0,0,0,0,0,0,0,0,0
ENSMUSG00000020684,Rasl10b,2,2,1,0,1,0,1,0,0,1,0,0
ENSMUSG00000020686,Gas2l2,0,0,0,0,0,4,0,0,0,0,0,0
ENSMUSG00000035085,1700020L24Rik,8,10,3,5,0,3,5,5,6,7,3,4
ENSMUSG00000059796,Eif4a1,4238,4676,3895,3893,4670,1928,3909,3918,4758,4279,4642,4388
ENSMUSG00000065862,Gm24029,0,0,0,0,0,0,0,0,0,0,0,0
ENSMUSG00000089542,Gm25835,28,29,29,32,42,5,24,22,24,25,28,22
ENSMUSG00000119662,#N/A,0,0,0,0,0,0,0,0,0,0,0,0
ENSMUSG00000020682,Mmp28,10,15,6,8,1,0,1,3,5,13,3,4
ENSMUSG00000005204,Senp3,3499,3867,2856,3089,3105,1232,2667,3165,3506,2990,3378,2998
ENSMUSG00000085890,Tnfsf13os,1,2,0,1,3,2,0,2,1,1,5,1
ENSMUSG00000020680,Taf15,2356,2254,1942,1897,2167,2200,1763,1887,2096,2006,2443,2048
ENSMUSG00000018752,Tnfsfm13,0,0,0,0,0,0,0,0,0,0,0,0
ENSMUSG00000018411,Mapt,0,2,2,0,0,2,0,1,2,0,1,0
ENSMUSG00000085134,Gm11659,0,0,0,0,0,4,0,0,0,0,0,0
ENSMUSG00000065379,Gm22743,0,0,0,0,0,0,0,0,0,0,0,0
ENSMUSG00002075610,#N/A,0,0,0,0,0,0,0,0,0,0,0,0
ENSMUSG00000089669,Tnfsf13,0,0,0,0,0,0,0,0,0,0,0,0
ENSMUSG00000097328,Tnfsf12,1,0,0,1,0,0,1,0,0,0,0,1
ENSMUSG00000081333,Gm12307,0,0,0,0,0,0,1,1,0,0,0,0
ENSMUSG00000083163,Gm11429,0,0,0,0,0,0,0,0,0,0,0,0
ENSMUSG00000069792,Wfdc17,0,0,0,0,0,0,0,0,0,0,0,0
ENSMUSG00000000983,Wfdc18,0,0,0,2,1,0,0,0,0,0,0,0
ENSMUSG00000051748,Wfdc21,0,1,0,0,0,0,0,0,0,0,1,0
ENSMUSG00000018412,Kansl1,2365,2470,2018,2021,1840,1229,1555,2055,2185,2131,1842,1746
ENSMUSG00002076008,#N/A,0,0,0,0,0,0,0,0,0,0,0,0
ENSMUSG00000083782,Gm11660,0,0,0,0,0,0,0,0,0,0,0,0
ENSMUSG00000000976,Heatr6,1580,1569,1230,1230,1120,574,1068,1230,1423,1256,1205,1136
ENSMUSG00002075093,#N/A,0,0,0,0,0,0,0,0,0,0,0,0
ENSMUSG00000081342,Gm11434,0,0,1,1,0,0,0,0,0,0,1,0
ENSMUSG00000085235,Gm12576,0,0,0,0,0,0,0,0,0,0,0,0
ENSMUSG00002075327,#N/A,0,0,0,0,0,0,0,0,0,0,0,0
ENSMUSG00000005198,Polr2a,8172,8072,7132,6627,8217,10804,6293,8548,6678,6154,10132,8112
ENSMUSG00000018776,Slc35g3,0,0,0,0,0,0,0,0,0,0,0,0
ENSMUSG00000018750,Zbtb4,188,176,136,131,162,80,126,148,159,141,192,148
ENSMUSG00000020687,Cdc27,2200,2211,1859,1963,2200,1988,1400,2183,1945,1934,2111,1820
ENSMUSG00000041189,Chrnb1,34,28,28,25,11,9,22,13,16,13,29,18
ENSMUSG00000020679,Hnf1b,0,0,0,1,2,1,0,0,0,0,0,0
ENSMUSG00000042826,Fgf11,7,6,9,5,3,2,4,1,1,5,8,4
ENSMUSG00000089876,Tmem102,1,0,2,1,0,0,0,0,0,0,0,1
ENSMUSG00000109737,Gm39566,0,0,0,2,0,0,1,1,2,1,0,0
ENSMUSG00000044084,Spem2,1,0,0,0,0,0,0,0,0,0,0,0
ENSMUSG00000041165,Spem1,1,2,1,4,0,1,3,3,0,5,1,2
ENSMUSG00000020677,Ddx52,2077,2423,1975,2025,1786,1280,1872,1995,2056,2047,1567,1524
ENSMUSG00000061086,Myl4,16,22,19,18,11,10,13,19,10,14,18,8
ENSMUSG00000086222,Gm11665,0,0,0,0,0,0,0,0,0,0,0,0
ENSMUSG00000086932,Gm22000,0,0,0,0,0,0,0,0,0,0,0,0
ENSMUSG00000081588,Gm11661,0,0,0,0,0,0,0,0,0,0,0,0
ENSMUSG00000082706,Gm11663,0,0,0,0,0,0,0,0,0,0,0,0
ENSMUSG00000051790,Nlgn2,1921,1937,1462,1577,1195,495,1239,1555,1472,1344,1541,1513
ENSMUSG00000070394,Tmem256,195,285,282,260,308,38,323,260,243,203,178,189
ENSMUSG00000020689,Itgb3,191,219,329,323,638,308,347,457,276,234,447,392
ENSMUSG00000083748,Gm11662,0,0,0,0,0,1,0,0,0,0,0,0
ENSMUSG00000020400,Tnip1,3463,3783,3125,3253,2860,1871,3108,3916,3468,3219,2496,2258
ENSMUSG00000082180,Gm12230,0,1,0,0,0,0,0,0,1,0,0,0
ENSMUSG00000019461,Plscr3,472,515,351,412,350,135,398,385,378,330,377,319
ENSMUSG00000040838,Gm11639,0,1,0,0,1,0,0,1,0,0,0,0
ENSMUSG00000081513,Gm11623,0,0,0,0,0,0,0,0,0,0,0,0
ENSMUSG00000080694,Gm11621,0,0,0,0,0,0,0,0,0,0,0,0
ENSMUSG00000082767,Gm11622,0,0,0,0,0,0,0,0,0,0,0,0
ENSMUSG00000084120,Gm11624,0,0,0,0,0,0,0,0,1,0,0,1
ENSMUSG00000020690,Efcab3,0,0,0,1,0,0,0,0,0,0,0,0
ENSMUSG00000089479,Gm25362,0,0,0,0,0,0,0,0,0,0,0,0
ENSMUSG00000020691,Mettl2,1302,1277,1000,1063,1032,680,916,992,1208,1049,1030,1027
ENSMUSG00002076775,#N/A,0,1,1,1,3,0,0,4,0,1,1,1
ENSMUSG00000081965,Gm11620,0,1,1,1,1,1,2,1,3,0,0,1
ENSMUSG00000034940,Synrg,1137,1237,782,769,751,377,612,742,938,872,903,837
ENSMUSG00000099681,1700052K11Rik,141,139,114,124,89,49,95,113,143,161,85,87
ENSMUSG00000001583,Tnk1,1,0,0,3,0,0,0,0,0,0,0,0
ENSMUSG00000094845,Tmem95,4,3,3,2,2,0,3,3,0,0,3,1
ENSMUSG00000046731,Kctd11,54,53,45,40,45,11,36,35,34,46,47,57
ENSMUSG00000018648,Dusp14,336,363,256,277,303,121,249,246,312,314,222,175
ENSMUSG00000001588,Acap1,2538,2940,2199,2306,1843,657,2012,2144,2291,2050,2125,1986
ENSMUSG00000104996,Mir6924,1,0,6,4,5,9,5,7,1,3,11,5
ENSMUSG00000018340,Anxa6,5159,6005,4101,4791,3404,1540,4806,5807,4672,4457,3666,3177
ENSMUSG00000018651,Tada2a,656,771,611,634,712,564,598,677,666,629,719,720
ENSMUSG00000049588,Ccdc69,169,225,105,98,139,81,150,156,157,143,143,121
ENSMUSG00000000594,Gm2a,5036,5735,3591,4004,2350,1099,3126,3789,3625,3391,2699,2343
ENSMUSG00000044751,Atp5pb-ps,6,6,2,3,4,3,0,3,3,0,2,5
ENSMUSG00000080738,Mup-ps22,0,0,0,0,0,0,0,0,0,1,1,0
ENSMUSG00000018570,2810408A11Rik,3,5,3,5,4,3,4,2,3,2,9,2
ENSMUSG00000049491,Slc36a3,3,5,2,5,3,2,4,1,2,6,0,1
ENSMUSG00000085531,Slc36a3os,15,25,10,12,13,1,10,8,10,13,10,8
ENSMUSG00000082286,Pisd-ps1,60,65,46,36,67,10,40,42,58,41,73,48
ENSMUSG00000020264,Slc36a2,0,0,0,0,0,0,0,0,0,0,0,0
ENSMUSG00000084980,Slc36a1os,0,0,0,0,0,0,1,0,0,0,0,0
ENSMUSG00000020261,Slc36a1,253,257,196,187,158,61,156,184,180,168,164,163
ENSMUSG00000055333,Fat2,0,2,0,1,1,0,0,0,0,0,0,0
ENSMUSG00000020532,Acaca,1829,1971,1601,1485,1695,844,1073,1613,1628,1616,1703,1674
ENSMUSG00000051452,Gm11437,0,0,0,0,0,1,0,0,0,0,0,0
ENSMUSG00000103122,Gm37391,1,0,3,0,0,0,0,0,2,0,0,1
ENSMUSG00000018697,Aatf,3367,3214,2563,2730,2466,2073,2422,2780,3240,2923,2775,2627
ENSMUSG00000018698,Lhx1,0,0,0,0,0,0,0,1,0,0,0,0
ENSMUSG00000087211,Lhx1os,0,0,0,0,0,0,0,0,0,0,0,0
ENSMUSG00000085044,1700109G15Rik,0,0,0,0,0,0,0,0,0,0,0,0
ENSMUSG00000087407,Gm11431,0,0,0,0,0,0,0,0,0,0,0,0
ENSMUSG00000018593,Sparc,1,0,5,13,1,2,6,7,0,1,0,0
ENSMUSG00000018405,Mrm1,260,297,213,221,276,91,207,221,267,265,294,304
ENSMUSG00000018585,Atox1,346,452,322,338,416,121,384,323,448,276,296,325
ENSMUSG00000081107,Gm12235,0,0,0,1,0,0,0,0,0,0,0,0
ENSMUSG00000034449,Dhrs11,226,257,206,189,160,77,218,211,225,204,199,181
ENSMUSG00000086799,4930502E09Rik,1,0,1,3,2,1,4,1,2,1,1,3
ENSMUSG00000018583,G3bp1,11100,11725,9483,9771,10119,4306,9174,9738,11356,10076,10179,9989
ENSMUSG00000065061,Gm22884,0,0,1,0,0,0,0,0,3,0,0,0
ENSMUSG00000087342,Gm12238,0,0,0,0,0,0,0,0,0,0,0,0
ENSMUSG00000098906,Mir7652,0,0,0,0,0,0,0,0,0,0,0,0
ENSMUSG00000020694,Tlk2,1772,1840,1382,1565,1521,1539,1245,1590,1483,1475,1543,1351
ENSMUSG00000000263,Glra1,0,0,0,0,0,0,0,0,0,0,0,0
ENSMUSG00000086460,Gm12236,0,0,0,0,0,0,0,0,0,0,0,0
ENSMUSG00000083363,Gm12237,0,0,0,0,0,0,0,0,0,0,0,0
ENSMUSG00000086020,Gm12239,0,0,0,0,0,0,0,0,0,0,1,0
ENSMUSG00000037393,Nmur2,0,0,0,0,0,0,0,0,0,0,1,0
ENSMUSG00000084169,Gm12240,0,0,0,0,0,0,0,0,0,0,0,0
ENSMUSG00000065635,Gm24253,0,0,0,0,0,0,0,0,0,0,0,0
ENSMUSG00000081749,Gm12241,0,0,0,0,0,0,0,0,0,0,0,0
ENSMUSG00000088228,Gm22603,0,0,0,0,0,0,0,0,0,0,0,0
ENSMUSG00000020695,Mrc2,0,0,0,1,0,1,0,1,0,0,1,2
ENSMUSG00000047284,Neurl4,1296,1390,1055,1070,1173,444,919,1152,1238,1089,1287,1177
ENSMUSG00000078627,44630,0,0,0,0,0,0,1,1,0,0,1,0
ENSMUSG00000086487,Gm11638,0,0,0,0,0,0,0,0,0,0,0,0
ENSMUSG00000086089,Gm11640,0,0,0,0,0,2,0,0,0,0,0,0
ENSMUSG00000023170,Gps2,682,738,593,552,623,644,670,706,721,632,741,687
ENSMUSG00000023764,Sfi1,151,164,133,114,185,129,109,120,147,142,206,201
ENSMUSG00000087111,Gm11399,1,0,0,0,0,0,1,0,0,0,0,0
ENSMUSG00000081208,Gm11400,14,17,18,16,18,9,13,20,27,19,24,24
ENSMUSG00000020524,Gria1,0,0,0,0,0,0,0,0,0,0,0,0
ENSMUSG00000082476,Gm12242,0,0,1,0,0,0,0,0,0,1,0,0
ENSMUSG00000020457,Drg1,2458,2756,2121,2242,2455,1170,2254,2211,2553,2371,2404,2148
ENSMUSG00000053580,Tanc2,141,156,154,141,118,90,82,114,104,119,103,99
ENSMUSG00000086049,Gm12735,5,6,9,8,4,13,3,4,4,7,11,8
ENSMUSG00000082658,Fau-ps2,0,0,0,1,0,3,0,2,0,0,1,0
ENSMUSG00002075898,#N/A,0,0,0,0,0,0,0,0,0,0,0,0
ENSMUSG00000083465,Gm11652,6,6,13,11,4,3,5,7,7,2,2,5
ENSMUSG00000081270,Gm11653,0,0,0,0,0,0,0,0,0,0,0,0
ENSMUSG00000020530,Ggnbp2,2428,2686,2138,2183,2069,1630,2084,2228,2343,2169,2186,1949
ENSMUSG00000045140,Pigw,289,289,268,232,317,198,203,227,282,283,261,295
ENSMUSG00000019590,Cyb561,25,32,21,14,31,3,14,11,19,25,30,36
ENSMUSG00000103469,Gm9910,1,0,1,0,0,0,0,1,0,0,2,2
ENSMUSG00000085297,Gm11651,0,0,1,0,0,5,0,0,0,0,0,0
ENSMUSG00000020523,Fam114a2,1332,1442,1120,1165,1112,790,1155,1135,1294,1189,1090,994
ENSMUSG00000020522,Mfap3,833,935,796,776,940,538,658,811,803,726,804,852
ENSMUSG00000086028,Gm12243,1,0,0,0,0,2,0,0,0,0,0,0
ENSMUSG00000085719,4933424L21Rik,0,0,0,0,0,0,0,0,0,0,0,0
ENSMUSG00000020527,Myo19,1470,1536,1187,1162,1140,695,849,1212,1239,1207,1263,1183
ENSMUSG00002075861,#N/A,6,7,1,1,3,0,1,3,3,1,7,6
ENSMUSG00000020526,Znhit3,281,342,339,339,334,186,385,353,317,267,297,282
ENSMUSG00000020520,Galnt10,393,454,315,302,336,130,315,289,319,299,325,338
ENSMUSG00000086933,4933426K07Rik,0,0,0,0,0,0,0,0,0,0,0,0
ENSMUSG00000077155,Gm24582,0,0,1,0,0,0,0,1,0,0,0,0
ENSMUSG00002075530,#N/A,0,0,0,0,0,0,0,0,0,0,0,0
ENSMUSG00000087165,2010001A14Rik,14,13,25,24,25,18,20,18,18,24,19,16
ENSMUSG00000020519,Sap30l,634,556,494,513,499,233,519,543,629,565,483,496
ENSMUSG00000000805,Car4,0,0,0,0,0,0,0,0,0,0,0,0
ENSMUSG00000037335,Hand1,0,0,0,0,0,0,0,0,0,0,0,0
ENSMUSG00000084223,Gm12244,1,0,0,0,0,0,0,0,0,0,1,1
ENSMUSG00000083657,Gm12245,0,0,0,0,0,0,0,0,1,0,0,0
ENSMUSG00002076709,#N/A,0,0,0,0,0,0,0,0,0,0,0,0
ENSMUSG00000020681,Ace,30,34,19,21,3,7,19,30,14,22,1,0
ENSMUSG00000086666,Gm12249,0,0,0,0,0,0,0,0,0,0,0,0
ENSMUSG00000101605,Ace3,0,0,0,0,1,0,0,0,0,0,0,0
ENSMUSG00000037331,Larp1,26399,26154,21217,21266,19157,11171,19013,22444,22603,22366,21228,19467
ENSMUSG00000000804,Usp32,634,647,462,441,416,336,317,475,512,525,476,421
ENSMUSG00000086962,Gm12248,0,0,0,0,0,0,0,0,0,0,0,0
ENSMUSG00000081223,Gm12247,0,0,0,0,1,0,1,0,0,1,1,0
ENSMUSG00000082917,Gm11440,1,1,0,0,0,0,0,1,0,0,0,0
ENSMUSG00000083876,Gm11439,1,1,0,0,0,0,0,0,0,1,1,1
ENSMUSG00000082806,Rpl13-ps1,0,0,0,0,0,0,1,0,2,0,5,1
ENSMUSG00000001901,Kcnh6,0,1,1,0,2,2,0,0,0,0,0,1
ENSMUSG00000119257,#N/A,0,0,0,0,0,0,0,0,0,0,0,0
ENSMUSG00000078812,Eif5a,25194,28195,21455,23013,25851,10120,24241,23728,27728,23007,24587,22404
ENSMUSG00000020515,Cnot8,1190,1125,902,967,1023,618,892,987,1108,934,1026,928
ENSMUSG00000049354,Dcaf7,4748,5136,4111,4061,4239,1884,3444,4499,4313,4196,3996,3850
ENSMUSG00000018479,1700125H20Rik,1,0,0,0,0,0,0,0,2,0,0,0
ENSMUSG00000085033,Gm11646,0,0,0,0,0,0,0,0,0,0,0,1
ENSMUSG00000085255,Taco1os,4,6,6,12,6,3,6,6,3,8,0,1
ENSMUSG00000001983,Taco1,304,312,259,278,344,144,236,249,282,273,322,265
ENSMUSG00000020454,Eif4enif1,2924,2975,2498,2429,2657,2177,2352,2780,2843,2706,3531,2954
ENSMUSG00000018481,Appbp2,2477,2694,2302,2194,2377,1577,1928,2363,2522,2338,2287,2162
ENSMUSG00000080791,Akirin1-ps,0,0,0,0,0,1,0,0,0,0,1,0
ENSMUSG00000020700,Map3k3,399,425,347,334,384,161,310,454,427,357,429,402
ENSMUSG00000085229,Gm11672,0,0,0,0,0,0,0,0,0,0,0,0
ENSMUSG00000085628,Appbp2os,6,4,6,4,14,2,6,5,14,8,12,16
ENSMUSG00002075649,#N/A,0,0,0,0,0,0,0,0,0,0,0,0
ENSMUSG00000018554,Ybx2,1,6,1,2,3,2,3,5,2,2,5,2
ENSMUSG00000040699,Limd2,3349,3990,2478,2683,2522,758,3118,2992,4121,3652,3208,2899
ENSMUSG00000020525,Ppm1d,558,583,483,467,461,363,476,535,535,504,517,452
ENSMUSG00000075480,Gm10840,4,0,2,0,1,2,0,3,4,0,0,1
ENSMUSG00000020453,Patz1,946,949,709,734,792,340,745,887,859,762,1001,904
ENSMUSG00000069631,Strada,365,366,244,205,345,202,263,273,336,288,437,371
ENSMUSG00000053263,Gm12592,0,0,1,0,0,1,1,0,1,0,1,0
ENSMUSG00000018566,Slc2a4,0,0,0,0,0,0,0,1,1,2,1,1
ENSMUSG00000084941,Gm11944,15,16,12,18,15,11,7,21,14,19,31,29
ENSMUSG00002076211,#N/A,0,0,0,0,0,0,0,0,0,0,0,0
ENSMUSG00000084251,Gm12310,0,0,0,0,0,0,0,0,0,0,0,0
ENSMUSG00000018569,Cldn7,0,3,0,2,0,3,2,1,0,0,0,0
ENSMUSG00000037275,Gemin5,4797,5150,4111,4186,3826,1756,3017,4193,4298,4033,3819,3638
ENSMUSG00000087629,Gm12246,0,0,0,0,0,0,0,0,0,0,0,0
ENSMUSG00000078622,Ccdc47,1770,1879,1389,1402,1736,1268,1240,1391,1643,1571,1778,1694
ENSMUSG00000020514,Mrpl22,327,347,312,261,343,257,358,360,339,299,336,305
ENSMUSG00000082292,Gm12250,232,321,238,255,95,62,347,329,298,259,184,180
ENSMUSG00000034614,Pik3ip1,24,37,41,30,14,6,36,48,39,23,19,23
ENSMUSG00000078853,Igtp,1634,2013,1521,1830,899,387,2238,2379,1579,1680,1520,1310
ENSMUSG00000069874,Irgm2,258,284,222,279,131,79,322,398,261,272,242,178
ENSMUSG00000118428,Gm5038,0,0,0,0,0,0,0,0,0,0,0,0
ENSMUSG00000020705,Ddx42,3425,3637,2721,2851,2960,2304,2271,3020,3324,2965,3181,2974
ENSMUSG00000069873,4930438A08Rik,0,0,0,0,0,0,0,0,0,0,0,0
ENSMUSG00000037243,Zfp692,329,358,287,302,459,204,348,306,309,295,473,458
ENSMUSG00000018565,Elp5,1538,1834,1374,1627,1521,683,1658,1590,1479,1352,1279,1152
ENSMUSG00002075075,#N/A,5,7,1,6,6,0,6,0,1,3,1,3
ENSMUSG00000020706,Ftsj3,8560,9343,6947,7505,7193,5235,6199,7411,8558,7692,8010,7008
ENSMUSG00000049755,Zfp672,530,592,458,520,633,242,467,493,543,475,578,578
ENSMUSG00000087347,1700047K16Rik,0,2,1,2,3,1,2,3,1,0,4,1
ENSMUSG00000018559,Ctdnep1,2301,2732,1803,2044,2095,845,2086,2060,2172,2003,1987,1909
ENSMUSG00000013646,Sh3bp5l,647,635,486,531,492,176,497,527,643,506,476,459
ENSMUSG00000020708,Psmc5,3955,4286,3247,3537,3749,1798,3635,3416,3916,3495,3575,3241
ENSMUSG00000065162,Gm23645,5,7,3,3,3,1,3,3,1,1,4,9
ENSMUSG00000018567,Gabarap,1983,2391,1713,1762,1423,543,1925,1946,1925,1717,1563,1275
ENSMUSG00000013643,Lypd8,0,0,0,0,0,0,0,0,0,0,0,0
ENSMUSG00000084384,Gm12251,0,1,2,0,0,0,0,0,2,0,1,0
ENSMUSG00000082181,Gm12252,0,0,0,0,0,0,0,0,0,0,0,0
ENSMUSG00000013653,1810065E05Rik,0,0,0,0,0,0,0,0,0,0,0,0
ENSMUSG00000058287,Gm12253,0,0,0,0,0,0,0,0,0,0,0,0
ENSMUSG00000052642,Lypd9,0,0,0,0,0,0,0,0,0,0,0,0
ENSMUSG00000043314,Olfr30,0,0,0,0,0,0,0,0,0,0,0,0
ENSMUSG00000081287,Olfr333-ps1,0,0,0,0,0,0,0,0,0,0,0,0
ENSMUSG00000050813,Olfr332,0,0,0,0,0,0,0,0,0,0,0,0
ENSMUSG00000058807,Olfr331,0,0,0,0,0,0,0,0,0,0,0,0
ENSMUSG00000085342,Gm12254,6,1,5,4,1,1,5,4,4,9,1,6
ENSMUSG00000050818,Olfr330,0,0,0,0,0,1,0,0,0,0,1,0
ENSMUSG00000018572,Phf23,2732,2726,2044,2162,2333,1064,2136,2366,2618,2271,2364,2162
ENSMUSG00000083501,Gm12255,0,0,0,0,0,0,0,0,0,0,0,0
ENSMUSG00000064252,Olfr329,0,0,0,0,0,0,0,0,0,0,0,0
ENSMUSG00000078619,Smarcd2,2517,2662,2003,2190,2223,984,1929,2218,2367,2263,2223,1980
ENSMUSG00000057654,Olfr328,0,0,0,0,0,0,0,0,0,0,0,0
ENSMUSG00000020712,Tcam1,12,10,9,10,17,5,10,9,8,10,20,19
ENSMUSG00000020713,Gh,0,0,0,0,0,0,0,0,0,0,0,0
ENSMUSG00000020451,Limk2,806,889,596,629,520,198,625,664,654,567,621,556
ENSMUSG00000040592,Cd79b,8,9,6,5,7,2,2,11,9,6,10,10
ENSMUSG00000087055,Gm11948,1,11,6,8,0,0,5,3,3,5,3,3
ENSMUSG00000001027,Scn4a,0,1,1,0,0,3,1,0,1,0,1,0
ENSMUSG00000059439,Bcas3,92,116,81,89,101,75,80,85,83,86,125,129
ENSMUSG00000020448,Rnf185,284,316,247,267,224,94,196,252,245,228,214,183
ENSMUSG00000020888,Dvl2,606,514,345,344,422,140,387,424,522,486,503,553
ENSMUSG00002076933,#N/A,1,0,0,0,0,0,0,0,0,0,0,0
ENSMUSG00000086199,Bcas3os1,0,0,0,0,0,0,0,0,0,0,0,0
ENSMUSG00000034587,8430429K09Rik,61,69,35,43,63,76,32,47,42,40,62,60
ENSMUSG00000093278,Mir5110,0,0,0,0,0,0,0,0,0,0,0,0
ENSMUSG00000081059,Gm11945,2,1,2,1,0,0,4,0,2,4,0,0
ENSMUSG00000085514,Bcas3os2,0,0,0,0,0,0,0,0,0,0,0,0
ENSMUSG00002075829,#N/A,0,2,2,0,0,0,3,0,1,0,4,4
ENSMUSG00002076069,#N/A,0,0,0,0,0,0,0,0,0,0,0,0
ENSMUSG00000087013,2610027K06Rik,0,0,0,0,0,0,0,0,0,0,0,0
ENSMUSG00000009210,Prr29,0,0,0,0,0,0,0,1,0,0,0,0
ENSMUSG00000034579,Pla2g3,0,1,5,2,0,0,1,2,1,5,3,3
ENSMUSG00000000093,Tbx2,2,0,0,1,0,0,0,0,1,1,2,1
ENSMUSG00000069785,Gm11444,0,0,0,0,0,0,0,0,0,0,0,0
ENSMUSG00000001029,Icam2,290,372,307,305,372,131,306,297,284,290,336,365
ENSMUSG00000000094,Tbx4,0,0,0,0,0,0,0,0,0,0,0,0
ENSMUSG00000081632,Gm11443,0,0,0,1,0,0,0,1,0,0,0,1
ENSMUSG00000034570,Inpp5j,0,0,1,0,1,0,0,0,0,0,0,1
ENSMUSG00000020715,Ern1,620,599,505,479,431,306,342,479,412,413,439,476
ENSMUSG00000065126,Snord104,71,74,63,88,90,18,67,68,89,61,50,61
ENSMUSG00002076990,#N/A,3,1,0,0,1,0,0,0,0,1,0,0
ENSMUSG00000080540,Gm22711,0,0,0,0,0,0,0,0,0,0,0,0
ENSMUSG00000034329,Brip1,209,237,230,204,328,321,235,330,189,185,291,237
ENSMUSG00000075702,Selenom,22,20,10,28,6,6,13,19,15,19,5,12
ENSMUSG00000080823,Atp5l-ps2,0,0,0,0,0,0,0,0,0,0,0,0
ENSMUSG00000085208,Brip1os,839,849,749,752,880,518,864,924,677,622,729,685
ENSMUSG00000018574,Acadvl,845,902,732,756,824,376,756,812,793,695,890,791
ENSMUSG00000065534,Mir324,0,0,0,0,0,0,0,0,0,0,0,0
ENSMUSG00000040548,Tex2,1243,1349,1058,1077,1092,660,1010,1250,1229,1147,1140,1130
ENSMUSG00000018068,Ints2,1948,1998,1633,1589,1581,1080,1230,1695,1748,1649,1792,1706
ENSMUSG00000034297,Med13,3161,3148,2717,2483,2503,2312,1642,2742,2435,2591,2639,2373
ENSMUSG00002074849,#N/A,0,0,0,0,0,0,0,0,0,0,0,0
ENSMUSG00002075568,#N/A,0,0,0,0,0,0,0,0,0,0,0,0
ENSMUSG00000064526,Gm26439,0,0,0,0,0,0,0,0,0,0,0,0
ENSMUSG00000020521,Rnft1,900,935,835,847,769,556,808,907,949,913,829,701
ENSMUSG00000020516,Rps6kb1,2204,2196,1827,1828,2040,1986,1806,1959,2071,2052,2165,2088
ENSMUSG00000020717,Pecam1,478,490,300,320,417,318,311,388,360,332,596,494
ENSMUSG00000020439,Smtn,39,54,34,36,35,29,36,63,39,46,52,52
ENSMUSG00000020513,Tubd1,64,55,52,44,61,43,39,62,61,55,89,55
ENSMUSG00000087291,Gm11946,1,0,0,0,0,1,0,0,0,0,0,0
ENSMUSG00000084962,Gm11947,0,0,0,0,0,0,0,0,0,0,0,0
ENSMUSG00000018171,Vmp1,1662,1898,1514,1603,1881,1187,1606,1585,1656,1511,1744,1676
ENSMUSG00000065455,Mir21a,0,0,0,0,0,0,0,0,0,0,0,0
ENSMUSG00000083992,Gm11478,187,299,197,250,242,239,285,268,225,216,167,158
ENSMUSG00000072582,Ptrh2,407,523,425,432,437,185,528,447,511,414,369,390
ENSMUSG00000040528,Milr1,81,97,69,74,90,48,111,124,58,76,62,61
ENSMUSG00002076787,#N/A,0,0,0,0,0,0,0,0,0,0,0,0
ENSMUSG00000020718,Polg2,118,124,119,86,133,89,101,96,99,84,141,138
ENSMUSG00000020719,Ddx5,17990,18837,15273,15161,17595,12904,13986,15391,18262,17147,17636,17024
ENSMUSG00000093273,Mir3064,0,0,0,0,0,0,0,0,0,0,0,0
ENSMUSG00002076984,#N/A,0,0,0,0,0,0,0,0,0,0,0,0
ENSMUSG00000047126,Cltc,9832,10190,8389,8509,6828,4092,5663,8071,8246,7556,6728,6277
ENSMUSG00000020435,Osbp2,1,0,1,2,3,1,1,5,0,0,0,2
ENSMUSG00000018372,Cep95,299,318,256,257,358,345,214,289,278,301,346,329
ENSMUSG00000088352,Gm24013,0,0,0,0,0,0,0,0,0,0,0,0
ENSMUSG00000084077,Gm11952,1,0,0,2,0,3,3,1,0,1,2,1
ENSMUSG00000084930,Gm11706,0,1,5,0,0,0,0,2,1,0,0,1
ENSMUSG00000020434,4921536K21Rik,1,1,2,1,0,2,0,0,1,1,1,2
ENSMUSG00000047205,Dusp18,34,38,21,28,28,9,20,26,34,23,25,20
ENSMUSG00000048807,Slc35e4,49,40,31,33,21,9,29,39,30,24,19,18
ENSMUSG00000018425,Dhx40,565,641,503,482,436,326,419,535,520,454,461,457
ENSMUSG00000018427,Ypel2,16,17,9,12,11,5,9,22,10,7,7,14
ENSMUSG00000088816,Gm22387,0,0,0,0,0,0,0,0,0,0,0,0
ENSMUSG00000061666,Gdpd1,21,16,19,12,12,12,12,19,9,10,32,31
ENSMUSG00000085991,Gm11479,0,1,0,0,0,0,0,0,0,0,0,0
ENSMUSG00000020495,Smg8,1440,1549,1215,1223,1070,541,1051,1196,1295,1193,1018,1020
ENSMUSG00000082507,Gm9378,2,0,0,0,0,0,0,0,0,0,0,0
ENSMUSG00000018363,Smurf2,640,753,555,518,638,432,461,613,595,584,694,615
ENSMUSG00002076856,#N/A,0,0,0,0,0,0,0,0,0,0,0,0
ENSMUSG00000020493,Prr11,537,558,467,456,790,976,583,725,482,498,839,736
ENSMUSG00000086481,Gm11707,5,7,4,0,6,0,2,0,0,5,2,2
ENSMUSG00000020492,Ska2,223,239,208,221,332,267,312,356,184,156,274,268
ENSMUSG00000065589,Mir301,0,0,0,0,0,0,0,1,0,0,0,0
ENSMUSG00000085310,Gm11491,2,1,0,0,0,0,1,2,2,3,2,1
ENSMUSG00000020432,Tcn2,117,138,89,101,99,59,74,77,100,98,78,79
ENSMUSG00000034493,4930556J24Rik,0,0,0,1,3,0,2,0,1,0,1,0
ENSMUSG00000082816,Gm11953,19,40,24,36,21,7,27,42,24,15,11,11
ENSMUSG00000018362,Kpna2,485,490,401,415,566,442,430,548,462,379,581,461
ENSMUSG00000083356,Gm11708,0,0,1,0,1,1,0,0,0,0,0,0
ENSMUSG00000078607,1810010H24Rik,3,2,0,4,4,0,6,1,1,6,4,3
ENSMUSG00000020430,Pes1,3944,4401,3185,3373,3216,1873,3091,3603,4012,3527,3428,2899
ENSMUSG00000018548,Trim37,546,568,501,482,701,539,517,628,580,556,776,714
ENSMUSG00000049721,Gal3st1,4,4,7,11,11,1,2,2,6,7,7,9
ENSMUSG00000046442,Ppm1e,8,15,7,9,19,14,1,9,9,11,23,12
ENSMUSG00000080976,Gm11490,0,0,0,0,0,0,0,0,0,0,0,0
ENSMUSG00000084170,Gm11954,0,0,0,0,1,0,3,0,0,0,0,0
ENSMUSG00000088001,Gm22883,0,0,0,0,0,0,0,0,0,0,0,0
ENSMUSG00000019368,Sec14l4,0,1,0,1,0,6,0,0,1,1,2,1
ENSMUSG00000040481,Bptf,5168,5094,4118,3729,3906,3639,3263,4779,4458,4401,4756,4099
ENSMUSG00000087596,Gm11715,0,0,0,0,0,0,0,0,0,0,0,0
ENSMUSG00000007646,Rad51c,24,25,17,15,32,14,14,18,32,15,28,39
ENSMUSG00000054986,Sec14l3,0,0,0,0,0,0,0,0,0,0,0,0
ENSMUSG00000004748,Mtfp1,92,78,65,57,108,48,87,71,106,73,110,127
ENSMUSG00000010342,Tex14,13,12,6,4,14,11,11,7,6,5,9,9
ENSMUSG00000119476,#N/A,1,1,0,3,1,0,0,0,0,0,0,0
ENSMUSG00000118815,#N/A,0,0,0,0,1,0,0,1,1,0,0,0
ENSMUSG00002076650,#N/A,0,0,0,0,0,0,0,0,0,0,0,0
ENSMUSG00000119262,#N/A,0,0,0,0,0,0,0,0,0,0,0,0
ENSMUSG00000118968,#N/A,0,0,0,0,0,0,0,0,0,0,0,0
ENSMUSG00002075453,#N/A,0,0,0,0,0,0,0,0,0,0,0,0
ENSMUSG00000018433,Nol11,3460,3688,3032,3107,2948,1949,2608,3042,3439,3097,3034,2692
ENSMUSG00000119648,#N/A,0,0,0,0,0,0,0,0,0,0,0,0
ENSMUSG00000020886,Dlg4,930,922,658,633,600,343,671,858,757,688,868,825
ENSMUSG00002074955,#N/A,0,0,0,0,0,0,0,0,0,0,0,0
ENSMUSG00000003585,Sec14l2,29,25,21,21,19,8,10,21,18,19,19,17
ENSMUSG00000119851,#N/A,0,0,0,0,0,0,0,0,0,0,0,0
ENSMUSG00000083894,Gm11489,0,5,4,2,3,2,2,0,2,0,0,7
ENSMUSG00000082364,Gm11955,0,0,0,1,0,0,0,1,0,0,0,0
ENSMUSG00002075931,#N/A,0,0,0,0,0,0,0,0,0,0,0,0
ENSMUSG00000081103,Rps12-ps26,16,11,13,8,19,11,10,6,13,12,13,8
ENSMUSG00000083838,Gm11957,0,1,2,0,2,0,1,1,0,0,4,1
ENSMUSG00000081360,Gm11718,0,0,0,0,1,0,0,0,0,0,0,0
ENSMUSG00000119761,#N/A,0,0,0,0,0,0,0,0,0,0,0,0
ENSMUSG00000003581,Rnf215,248,307,251,230,267,92,238,239,281,210,234,266
ENSMUSG00000093080,Mir3060,2,0,0,0,1,0,0,3,0,2,1,2
ENSMUSG00000040430,Pitpnc1,201,188,177,175,155,142,192,229,143,141,206,182
ENSMUSG00000081995,Gm11719,0,0,0,0,0,0,0,0,0,0,0,0
ENSMUSG00000086298,Gm11716,0,0,0,0,0,0,0,0,0,0,0,0
ENSMUSG00000087683,Gm11712,0,0,0,0,0,0,0,0,0,0,0,0
ENSMUSG00000085245,Gm11713,0,0,0,0,0,0,0,0,0,0,0,0
ENSMUSG00000087113,Gm11714,7,1,5,7,1,0,4,3,5,6,4,5
ENSMUSG00000051427,Ccdc157,81,76,79,76,68,28,58,72,73,71,73,55
ENSMUSG00000020884,Asgr1,1,0,0,0,0,0,0,0,0,0,0,0
ENSMUSG00000002129,Sf3a1,7031,6856,5623,5424,5442,3935,5292,6417,6281,5531,6243,5442
ENSMUSG00000020720,Psmd12,3408,3706,2891,3022,3488,2776,2946,3344,3454,3005,3343,3011
ENSMUSG00000086442,Gm11722,2,1,3,3,6,1,5,3,5,6,5,11
ENSMUSG00000085864,C330019F10Rik,0,0,0,1,0,0,0,0,0,0,0,1
ENSMUSG00000059706,A830035A12Rik,0,0,0,0,0,1,0,2,0,0,0,0
ENSMUSG00000083996,Gm11649,0,0,0,0,0,0,0,0,0,0,0,0
ENSMUSG00000040963,Asgr2,1,3,0,2,0,0,1,3,1,3,0,1
ENSMUSG00000081515,Gm12311,0,1,0,0,0,0,0,0,0,0,0,0
ENSMUSG00000034412,Tbc1d10a,997,1059,898,929,1047,320,984,1046,1031,967,849,850
ENSMUSG00000020424,Castor1,140,185,156,154,187,32,165,159,128,126,192,180
ENSMUSG00000084012,Gm11956,1,1,0,1,1,0,1,1,3,5,1,5
ENSMUSG00000040950,Mgl2,4,5,5,1,5,2,5,4,1,2,5,2
ENSMUSG00000058755,Osm,891,974,859,848,850,274,924,868,778,725,913,835
ENSMUSG00000034394,Lif,2105,2397,2301,2441,1994,890,2271,2497,1783,1638,2473,2118
ENSMUSG00000085559,Gm11959,0,0,2,0,0,0,0,0,0,0,0,0
ENSMUSG00000085512,Gm11958,0,0,0,0,0,0,0,0,0,1,0,0
ENSMUSG00000119807,#N/A,0,0,0,0,1,0,0,0,0,0,0,0
ENSMUSG00000020419,Hormad2,31,42,14,10,28,14,10,6,5,8,6,6
ENSMUSG00000020486,44808,1,3,6,1,3,2,4,1,0,0,0,1
ENSMUSG00000000318,Clec10a,4,6,1,4,2,2,4,4,0,0,2,1
ENSMUSG00000020721,Helz,1276,1226,979,903,960,884,843,1222,1069,888,1164,1067
ENSMUSG00000098497,Mir6932,0,0,0,0,0,0,0,0,0,0,0,0
ENSMUSG00000020722,Cacng1,0,0,1,0,0,0,0,0,0,0,0,0
ENSMUSG00000040938,Slc16a11,5,7,11,13,9,3,17,14,20,7,13,12
ENSMUSG00000020723,Cacng4,78,89,77,98,113,80,73,86,60,39,41,45
ENSMUSG00000087184,Gm11650,1,0,0,0,0,1,1,1,1,0,0,0
ENSMUSG00002076694,#N/A,0,0,0,0,0,0,0,0,0,0,0,0
ENSMUSG00002076898,#N/A,0,0,0,0,0,0,0,0,0,0,0,0
ENSMUSG00000044367,Slc16a13,268,337,270,283,294,97,251,275,273,212,246,260
ENSMUSG00000040373,Cacng5,0,0,0,0,0,1,0,0,0,0,0,0
ENSMUSG00000000317,Bcl6b,28,27,19,23,41,31,29,30,37,24,29,30
ENSMUSG00000070109,Mir497b,0,0,0,0,0,0,0,0,0,0,0,0
ENSMUSG00000105220,Mir497,0,0,0,0,0,0,0,0,0,0,0,0
ENSMUSG00000065411,Mir195a,0,0,0,0,0,0,0,0,0,0,0,0
ENSMUSG00000040904,Gm21988,1,4,0,1,2,0,2,6,4,1,6,2
ENSMUSG00000034354,Mtmr3,1290,1399,1088,1099,1026,449,900,1162,1118,1152,1240,1155
ENSMUSG00000081974,Gm11960,14,51,40,42,26,6,52,58,19,17,27,10
ENSMUSG00000079010,Gm11032,0,0,0,0,0,1,0,0,0,0,0,0
ENSMUSG00000056288,Gm11961,1,0,0,0,0,3,2,0,0,0,0,0
ENSMUSG00000050965,Prkca,5217,5341,4337,4102,5531,3978,3452,4582,4829,4214,5627,5131
ENSMUSG00000118606,AL645535.1,1,5,5,0,1,0,1,1,1,2,1,3
ENSMUSG00000086078,Gm11657,0,0,0,0,0,0,0,0,0,0,0,0
ENSMUSG00000098989,Mir7223,0,0,0,0,0,0,0,0,0,0,0,0
ENSMUSG00000084978,Gm11655,0,1,4,1,0,1,0,0,0,1,0,0
ENSMUSG00000000049,Apoh,0,0,0,0,0,0,0,0,0,0,0,0
ENSMUSG00000084916,Gm11656,0,0,0,0,0,0,0,0,0,0,0,0
ENSMUSG00000082544,Gm11667,0,0,0,0,0,0,0,0,0,0,0,0
ENSMUSG00000020412,Ascc2,2558,2713,2186,2165,2106,1159,1751,2286,2406,2218,2286,2054
ENSMUSG00000059534,Uqcr10,793,1063,867,1022,1190,415,1137,873,1096,876,935,874
ENSMUSG00000018401,Mtmr4,611,679,441,463,556,253,408,560,496,514,606,513
ENSMUSG00000009076,Zmat5,200,248,208,204,226,96,197,164,230,171,235,221
ENSMUSG00000009075,Cabp7,1,0,0,0,0,1,0,0,0,1,0,0
ENSMUSG00000070345,Hsf5,1,1,0,0,1,0,2,3,0,0,0,1
ENSMUSG00000020831,0610010K14Rik,11,13,20,21,24,7,21,15,18,21,25,28
ENSMUSG00000093989,Rnasek,7,0,4,1,4,0,1,1,2,4,1,5
ENSMUSG00000000320,Alox12,0,0,0,0,0,2,1,0,0,0,0,0
ENSMUSG00000018907,Alox12e,0,0,2,0,0,0,0,0,0,0,0,0
ENSMUSG00000034177,Rnf43,38,64,27,23,27,18,33,33,49,42,69,56
ENSMUSG00000087792,Gm25968,0,0,0,0,0,0,0,0,0,0,0,0
ENSMUSG00000085972,1110028F11Rik,1,0,0,1,2,0,0,0,0,1,0,0
ENSMUSG00000018924,Alox15,12,10,6,5,1,0,5,5,3,6,3,1
ENSMUSG00000082145,Gm12312,1,2,2,3,0,1,2,2,1,2,1,1
ENSMUSG00000020485,Supt4a,247,306,201,217,255,157,265,294,300,244,312,238
ENSMUSG00000084796,Mir142hg,420,431,349,355,483,118,379,351,445,396,464,469
ENSMUSG00000065420,Mir142b,0,0,3,0,0,0,0,2,2,0,3,0
ENSMUSG00000105196,Mir142,46,49,49,52,46,13,46,49,54,52,49,53
ENSMUSG00000018921,Pelp1,3050,3405,2583,2584,2756,1567,2709,3019,2902,2777,3085,2854
ENSMUSG00000082370,Gm12313,0,0,0,0,0,1,0,0,0,0,0,0
ENSMUSG00000080814,Gm12314,0,0,0,0,0,1,0,0,0,0,0,0
ENSMUSG00000020728,Cep112,2,1,6,3,0,0,0,2,1,0,2,0
ENSMUSG00000086761,Cep112os1,0,0,0,0,0,0,0,0,0,0,0,0
ENSMUSG00000081016,Olfr1397-ps1,0,0,0,0,0,0,0,0,0,0,0,0
ENSMUSG00000083723,Rpl23a-ps14,0,2,0,0,1,0,1,0,0,1,1,0
ENSMUSG00000085811,Cep112it,0,0,0,0,0,0,0,0,0,0,0,0
ENSMUSG00000034156,Tspoap1,108,108,100,105,75,41,92,111,86,84,76,79
ENSMUSG00000000142,Axin2,135,186,152,152,158,99,148,193,182,176,152,129
ENSMUSG00000086268,Gm11670,0,0,0,0,0,0,0,0,0,0,0,0
ENSMUSG00000081392,Gm11668,0,0,0,0,0,0,0,0,0,0,0,0
ENSMUSG00000119031,#N/A,0,0,0,0,0,0,0,0,0,0,0,0
ENSMUSG00000078605,E030025P04Rik,0,0,0,0,0,0,0,0,0,0,0,0
ENSMUSG00000081524,Gm11658,11,4,2,9,6,2,3,11,6,3,6,4
ENSMUSG00000060216,Arrb2,886,1013,726,774,699,378,852,915,846,754,893,780
ENSMUSG00000099109,Mir7115,0,0,0,0,0,0,0,0,0,0,0,0
ENSMUSG00000018923,Med11,642,763,595,669,708,285,691,695,730,700,712,636
ENSMUSG00000018920,Cxcl16,34,42,28,44,13,10,11,29,26,22,10,13
ENSMUSG00000009073,Nf2,2603,2525,1942,2028,2063,1093,1927,2342,2304,2073,2367,2138
ENSMUSG00000009350,Mpo,1,0,4,0,0,2,1,0,0,0,1,1
ENSMUSG00000085872,Gm11505,0,0,0,0,0,0,0,0,0,0,0,0
ENSMUSG00000020599,Rgs9,199,192,210,197,124,93,97,145,183,198,69,56
ENSMUSG00000040829,Zmynd15,7,7,4,3,1,0,3,1,4,5,4,2
ENSMUSG00000099630,1700096J18Rik,0,0,0,0,0,0,0,0,0,0,0,0
ENSMUSG00000034285,Nipsnap1,495,548,427,389,441,189,452,418,477,441,445,444
ENSMUSG00000056687,Gm11696,99,115,44,82,58,53,58,80,104,103,66,63
ENSMUSG00000098296,Mir6918,0,0,0,0,0,0,0,0,0,0,0,0
ENSMUSG00000018919,Tm4sf5,47,41,27,35,31,17,47,48,35,43,25,42
ENSMUSG00000009356,Lpo,0,0,0,0,0,0,0,0,0,1,0,0
ENSMUSG00000020611,Gna13,8560,9293,6258,6315,4587,2215,4275,5317,7651,7436,4194,4141
ENSMUSG00000020830,Vmo1,0,0,1,0,0,0,0,0,0,0,0,0
ENSMUSG00000081690,Gm12317,0,0,0,0,0,0,0,0,0,0,0,0
ENSMUSG00000045065,9930022D16Rik,35,31,10,14,14,15,10,8,25,23,10,5
ENSMUSG00000046811,Gltpd2,0,0,0,0,0,0,0,0,0,0,0,0
ENSMUSG00000018286,Psmb6,2834,2995,2253,2542,2772,1460,2810,2810,3223,2829,2718,2717
ENSMUSG00000109833,Gm40193,0,0,0,0,0,0,0,0,0,0,0,0
ENSMUSG00000072768,Gm10418,0,0,0,0,0,0,0,0,0,0,0,0
ENSMUSG00000020610,Amz2,893,1112,844,918,841,480,776,836,966,987,611,575
ENSMUSG00000034121,Mks1,149,205,160,154,152,85,133,131,183,142,161,168
ENSMUSG00000085326,Gm15642,0,0,0,0,1,0,0,1,0,1,0,0
ENSMUSG00000052234,Epx,0,0,0,0,0,0,0,0,0,0,0,0
ENSMUSG00000093839,Olfr462,0,0,0,0,0,1,1,0,0,0,0,0
ENSMUSG00000041920,Slc16a6,2463,2681,2022,1916,1779,989,1689,1976,2240,2071,1946,1761
ENSMUSG00000093920,Olfr463,0,0,0,0,0,0,0,0,0,0,1,0
ENSMUSG00002076680,#N/A,0,0,0,0,0,0,0,0,0,0,0,0
ENSMUSG00000034274,Thoc5,1896,2073,1571,1745,1692,1035,1595,1644,1972,1738,1915,1828
ENSMUSG00000060787,Olfr464,0,0,0,0,0,0,0,0,0,0,0,0
ENSMUSG00000083135,Gm11504,0,0,0,0,0,0,0,0,0,0,0,0
ENSMUSG00000044639,Gm11507,0,0,0,0,0,0,0,0,0,0,0,0
ENSMUSG00000084381,AA413626,14,12,12,19,4,3,4,7,14,12,7,8
ENSMUSG00000020396,Nefh,3029,2773,2152,2175,3677,3474,2132,2324,3393,2720,5369,4827
ENSMUSG00000020483,Dynll2,2150,1867,1771,1675,2474,1286,2062,2048,2176,1828,2447,2369
ENSMUSG00000086193,Gm11508,9,7,7,7,13,1,9,16,14,9,14,10
ENSMUSG00000020604,Arsg,27,22,19,14,24,12,19,25,37,11,23,25
ENSMUSG00000088106,Gm22378,0,0,0,0,0,0,0,0,0,0,0,0
ENSMUSG00000020828,Pld2,78,89,64,74,28,15,31,59,67,47,35,26
ENSMUSG00000018379,Srsf1,15883,14891,14441,13610,16535,10344,13632,15337,16870,15134,17074,15936
ENSMUSG00000087373,Gm15892,4,6,1,4,1,5,2,7,5,2,1,2
ENSMUSG00000018377,Vezf1,819,885,857,817,876,861,750,964,750,743,873,747
ENSMUSG00000018378,Cuedc1,110,108,138,110,86,47,113,163,116,99,123,89
ENSMUSG00000009090,Ap1b1,2070,2201,1448,1436,1397,556,1254,1488,1696,1593,1468,1489
ENSMUSG00002076930,#N/A,0,0,0,0,0,0,0,0,0,0,0,0
ENSMUSG00000088634,Gm24958,0,0,0,0,0,0,0,0,0,0,0,0
ENSMUSG00000041895,Wipi1,5,4,5,9,2,5,4,1,10,1,2,2
ENSMUSG00000086733,Gm11685,0,0,0,0,0,0,0,0,0,0,0,0
ENSMUSG00000023723,Mrps23,1353,1507,1202,1315,1136,621,1256,1223,1316,1224,1124,1172
ENSMUSG00000108634,Gm38534,0,0,0,0,0,0,0,0,0,0,0,0
ENSMUSG00000034031,Ccdc182,0,0,0,0,0,0,0,0,0,0,0,0
ENSMUSG00000081304,Gm11509,0,0,0,0,0,0,0,0,0,0,0,0
ENSMUSG00000020612,Prkar1a,11686,12576,9460,9673,8752,5599,8929,10494,11276,9948,8917,8500
ENSMUSG00000034201,Gas2l1,87,93,44,60,35,22,44,52,61,67,51,44
ENSMUSG00000034209,Rasl10a,0,2,0,0,1,1,0,0,1,1,0,0
ENSMUSG00000020614,Fam20a,123,122,109,118,55,24,92,90,80,75,70,75
ENSMUSG00000085734,Gm11684,0,0,0,1,0,0,0,0,0,0,0,0
ENSMUSG00000020617,1700012B07Rik,1,1,1,0,0,0,0,0,1,0,0,3
ENSMUSG00000087139,Gm11683,0,0,1,1,0,0,0,1,1,0,0,0
ENSMUSG00000087393,1700023C21Rik,0,0,0,0,0,0,0,0,0,0,0,0
ENSMUSG00000069769,Msi2,2031,2123,1841,1686,1912,1513,1476,2034,1961,1833,1943,1889
ENSMUSG00000092985,Mir378b,0,0,0,0,0,0,0,0,0,0,0,0
ENSMUSG00000085246,Gm15893,0,0,0,0,0,0,0,0,0,0,0,0
ENSMUSG00000084411,Gm11510,1,0,3,5,2,2,6,1,3,9,1,4
ENSMUSG00000087574,C030037D09Rik,42,38,37,28,41,18,32,32,44,40,43,46
ENSMUSG00000085646,Gm11493,0,0,0,0,0,0,0,0,0,0,0,0
ENSMUSG00000018428,Akap1,3016,3169,2122,2141,2253,1077,1867,2325,2828,2502,2782,2512
ENSMUSG00000020620,Abca8b,1,3,0,0,0,2,0,0,0,0,1,0
ENSMUSG00000009079,Ewsr1,7666,7667,6261,6313,6368,4681,5599,6959,7624,7072,6794,6402
ENSMUSG00000092399,4930556N13Rik,0,0,0,0,0,0,0,0,0,0,0,0
ENSMUSG00000065012,Gm23507,0,0,0,0,0,0,0,0,0,0,0,0
ENSMUSG00000087338,Scpep1os,0,0,0,0,0,0,0,0,0,0,0,0
ENSMUSG00000085629,Gm11697,0,0,0,0,0,0,0,0,0,0,0,0
ENSMUSG00000000278,Scpep1,412,547,403,437,365,249,486,560,426,391,324,306
ENSMUSG00000057534,Elobl,0,0,0,0,0,0,0,0,0,0,0,0
ENSMUSG00000033983,Coil,604,706,487,528,509,238,535,567,628,590,550,490
ENSMUSG00000081766,2210409E12Rik,0,0,0,0,0,0,0,0,0,0,0,0
ENSMUSG00000085152,Gm11496,0,0,0,0,0,0,0,0,0,0,0,0
ENSMUSG00000034175,Rhbdd3,142,134,143,141,133,29,121,136,141,124,155,153
ENSMUSG00000000275,Trim25,2427,2711,2164,2366,1915,1077,1890,2536,2303,2152,2102,1828
ENSMUSG00000000276,Dgke,986,1065,937,835,767,480,748,947,923,895,710,704
ENSMUSG00000063109,Dgkeos,0,0,0,0,0,1,0,0,0,0,0,0
ENSMUSG00000034164,Emid1,7,3,6,1,3,1,0,6,2,3,8,5
ENSMUSG00000072553,Gm525,0,0,0,0,0,0,1,0,0,0,0,0
ENSMUSG00000088798,Gm22534,0,0,0,0,0,0,0,0,0,0,0,0
ENSMUSG00000086919,Gm11497,0,0,0,0,0,0,0,0,0,0,0,0
ENSMUSG00002074916,#N/A,0,0,0,0,0,0,0,0,0,0,0,0
ENSMUSG00000041828,Abca8a,0,0,0,0,0,1,0,0,0,0,0,0
ENSMUSG00000048616,Nog,0,0,0,0,0,0,0,0,0,0,0,0
ENSMUSG00000085798,Gm2018,0,0,0,0,0,0,0,0,0,0,0,0
ENSMUSG00000020827,Mink1,1850,1916,1544,1511,1399,828,1217,1800,1781,1654,1725,1623
ENSMUSG00000020393,Kremen1,243,310,274,264,181,62,185,270,223,233,213,220
ENSMUSG00000064632,Gm25142,0,0,0,0,0,0,0,0,0,0,0,0
ENSMUSG00000118486,Gm30172,0,0,0,0,0,0,0,0,0,0,0,0
ENSMUSG00000086976,Gm12316,0,0,2,0,1,0,0,2,0,0,0,1
ENSMUSG00000041961,Znrf3,860,852,841,705,675,417,570,784,740,740,730,766
ENSMUSG00000047773,Ankfn1,0,0,0,0,0,0,0,0,0,0,0,0
ENSMUSG00000085232,Gm11962,0,0,0,0,0,0,0,0,0,0,0,0
ENSMUSG00000085189,Gm11963,1,2,0,3,1,0,0,1,1,1,4,1
ENSMUSG00000041797,Abca9,0,0,0,0,0,1,0,0,0,0,0,0
ENSMUSG00000014609,Chrne,3,2,2,4,1,0,3,2,5,0,0,4
ENSMUSG00000020553,Pctp,16,27,28,25,26,11,22,32,27,25,18,23
ENSMUSG00000069763,Tmem100,0,0,0,0,0,1,0,0,0,0,0,0
ENSMUSG00000085074,Gm11494,0,0,0,0,0,0,0,0,0,0,0,0
ENSMUSG00002076440,#N/A,0,0,0,0,0,0,0,0,0,0,0,0
ENSMUSG00000087279,4930544D05Rik,0,0,0,1,0,0,1,8,3,3,1,0
ENSMUSG00000085952,Gm12315,0,0,0,0,0,0,0,0,0,0,0,0
ENSMUSG00000110344,Gm45716,220,273,210,182,196,107,195,187,205,256,176,185
ENSMUSG00000050675,Gp1ba,0,0,1,1,1,2,0,1,0,0,0,0
ENSMUSG00000109967,Gm45883,0,0,0,0,0,0,0,0,0,0,0,0
ENSMUSG00000020484,Xbp1,4890,5496,4229,4468,4103,1789,4408,4441,4308,3737,3452,3222
ENSMUSG00000020482,Ccdc117,461,496,453,429,648,293,437,434,537,487,697,717
ENSMUSG00000003948,Mmd,1468,1362,1051,1035,1038,843,1049,1047,1226,1050,1180,1142
ENSMUSG00000077304,Gm22471,0,0,0,0,0,0,0,0,0,0,0,0
ENSMUSG00000014606,Slc25a11,582,675,432,469,633,219,536,499,603,536,653,647
ENSMUSG00000003949,Hlf,91,68,66,56,53,40,37,42,62,52,48,39
ENSMUSG00000044749,Abca6,0,0,0,0,0,1,0,0,0,0,0,0
ENSMUSG00000040746,Rnf167,280,322,285,284,366,135,331,307,323,267,379,283
ENSMUSG00000018293,Pfn1,21800,24451,17678,19949,19283,14206,22270,21335,22667,19673,20140,18466
ENSMUSG00000087523,Gm12319,10,5,6,9,5,3,9,12,10,6,6,6
ENSMUSG00000020546,Stxbp4,48,47,50,42,49,29,28,45,39,25,56,47
ENSMUSG00000083268,Gm11511,0,0,0,1,1,1,0,0,0,0,3,2
ENSMUSG00000081043,Gm11512,0,0,0,0,1,1,1,1,1,1,2,0
ENSMUSG00000020481,Ankrd36,0,0,0,0,0,2,0,0,0,0,0,0
ENSMUSG00000081021,Gm11964,0,6,4,5,6,8,12,7,1,2,5,0
ENSMUSG00000081691,Gm11965,0,1,0,0,0,0,0,0,0,0,0,0
ENSMUSG00000020544,Cox11,366,446,328,353,332,106,298,297,369,369,326,327
ENSMUSG00000020477,Mrps24,844,1031,780,930,1130,307,952,862,1019,821,987,981
ENSMUSG00000018800,Abca5,30,47,20,22,14,11,12,28,27,19,21,24
ENSMUSG00000060600,Eno3,252,329,232,253,340,112,309,316,387,296,319,259
ENSMUSG00000049680,Urgcp,1071,1199,882,933,894,306,791,942,986,890,773,716
ENSMUSG00000018287,Spag7,786,794,683,742,694,512,737,771,774,676,783,693
ENSMUSG00000083844,Ube2d-ps,224,253,184,177,222,97,206,201,223,199,235,210
ENSMUSG00000020623,Map2k6,15,13,9,9,12,15,13,17,11,12,27,12
ENSMUSG00000085985,Gm11682,0,0,0,0,0,0,0,0,0,0,0,0
ENSMUSG00000020541,Tom1l1,3,9,1,3,2,7,3,5,4,2,2,1
ENSMUSG00000051497,Kcnj16,0,0,0,0,0,1,0,0,0,1,0,0
ENSMUSG00000041695,Kcnj2,2,0,1,4,0,1,1,2,1,0,0,1
ENSMUSG00000088020,Gm22762,0,0,0,0,0,0,0,0,0,0,0,0
ENSMUSG00000082272,Gm11675,24,55,41,45,45,17,39,44,28,22,48,18
ENSMUSG00000082448,Gm11676,0,0,0,0,0,0,0,0,0,1,0,0
ENSMUSG00000085940,4930405D11Rik,0,0,0,0,1,1,0,0,0,0,0,0
ENSMUSG00000081666,Gm11677,0,0,0,0,0,0,0,0,0,0,0,0
ENSMUSG00000083764,Gm11516,2,1,1,5,1,0,1,5,6,8,4,3
ENSMUSG00000086752,Gm11674,0,1,1,0,0,0,0,1,5,1,1,0
ENSMUSG00000081088,Gm11679,0,0,0,0,0,0,0,0,0,0,0,0
ENSMUSG00000046755,Kif2b,0,0,0,0,0,0,0,0,0,0,0,0
ENSMUSG00000081630,Gm11498,0,0,0,0,0,0,0,0,0,0,0,0
ENSMUSG00000085324,Gm11680,0,0,0,0,0,0,0,0,0,0,0,0
ENSMUSG00002075953,#N/A,0,0,0,0,0,0,0,0,0,0,0,0
ENSMUSG00000081363,Gm11500,0,0,0,0,0,0,0,0,0,0,4,0
ENSMUSG00000081141,Gm11501,0,0,0,0,0,0,0,0,0,0,0,0
ENSMUSG00000087810,Gm25113,0,0,0,0,0,0,0,0,0,0,0,0
ENSMUSG00000041674,BC006965,0,0,0,0,0,0,0,0,0,0,0,0
ENSMUSG00000000567,Sox9,6,1,2,3,0,7,0,2,2,0,1,0
ENSMUSG00000075437,Gm11681,0,0,0,0,0,0,0,0,0,0,0,0
ENSMUSG00000020624,4933434M16Rik,0,0,0,0,0,0,0,0,0,0,0,0
ENSMUSG00000056158,Car10,0,0,0,0,0,0,0,0,0,0,0,0
ENSMUSG00000087259,2610035D17Rik,10,16,14,12,16,4,18,11,4,4,11,17
ENSMUSG00000119015,#N/A,0,0,0,0,0,0,0,0,0,0,0,0
ENSMUSG00000085421,4732490B19Rik,0,0,1,0,0,0,1,0,0,0,0,0
ENSMUSG00000082453,Gm11502,0,0,0,0,0,0,0,0,0,0,0,0
ENSMUSG00000080872,Gm11506,0,0,0,0,0,0,0,0,0,0,0,0
ENSMUSG00000054079,Utp18,4180,4574,3687,3765,3952,2375,3458,3793,4477,4068,4141,3640
ENSMUSG00000020476,Dbnl,3140,3257,2300,2496,2425,1292,2363,2623,2951,2557,2757,2640
ENSMUSG00000020475,Pgam2,0,0,0,0,0,0,0,0,0,0,0,0
ENSMUSG00000080904,Gm11966,2,0,0,1,0,0,1,2,1,1,0,2
ENSMUSG00000020474,Polm,632,739,542,602,525,284,474,511,623,514,577,525
ENSMUSG00000041654,Slc39a11,351,349,195,195,315,105,267,289,327,266,395,364
ENSMUSG00000078251,Gm16487,0,0,0,0,0,0,0,0,0,0,0,0
ENSMUSG00000047904,Sstr2,1,4,0,1,1,0,1,0,1,2,0,1
ENSMUSG00000020473,Aebp1,159,159,124,127,117,78,96,96,140,127,125,121
ENSMUSG00000059474,Mbtd1,1058,1064,999,926,992,842,905,1075,966,986,1055,987
ENSMUSG00000018661,Cog1,1266,1280,853,929,863,437,816,1002,1127,971,949,887
ENSMUSG00000020857,Nme2,35,25,25,23,28,2,29,29,40,21,24,12
ENSMUSG00000020471,Pold2,1949,2045,1681,1940,2277,1014,2055,2193,2174,1958,2155,2061
ENSMUSG00000091228,Gm20390,0,0,0,0,0,0,0,0,0,0,0,0
ENSMUSG00000041629,Fam104a,668,717,525,684,729,387,648,697,795,667,673,632
ENSMUSG00000083339,Gm11693,3,2,0,5,1,3,1,3,4,4,0,3
ENSMUSG00000020469,Myl7,0,2,1,0,1,2,0,0,1,0,0,1
ENSMUSG00000037601,Nme1,1993,2323,1808,1896,2050,1247,1981,1638,2056,1755,1954,1938
ENSMUSG00000041623,D11Wsu47e,602,642,481,544,536,244,424,516,617,529,478,495
ENSMUSG00000041798,Gck,0,0,0,1,2,0,2,0,0,0,1,1
ENSMUSG00000018727,Cpsf4l,0,0,0,0,0,0,0,0,0,0,0,0
ENSMUSG00000084819,Gm11967,0,0,0,0,0,1,0,0,0,0,0,0
ENSMUSG00000041598,Cdc42ep4,18,17,21,27,40,9,35,39,33,19,16,30
ENSMUSG00000083090,Gm11736,0,0,0,0,0,0,0,0,0,0,0,0
ENSMUSG00000002741,Ykt6,2231,2333,1766,1968,1794,844,1868,1912,2127,1856,1743,1639
ENSMUSG00000040712,Camta2,484,513,312,320,392,175,259,388,381,351,494,458
ENSMUSG00000041592,Sdk2,0,0,0,0,0,3,0,0,0,0,0,0
ENSMUSG00000086760,1700025D23Rik,0,0,0,0,0,0,0,0,0,0,0,0
ENSMUSG00000086135,1700001J04Rik,0,0,0,0,0,0,0,0,0,0,0,0
ENSMUSG00000078600,1700092K14Rik,0,0,0,0,0,0,0,0,0,0,0,0
ENSMUSG00000085844,Gm11690,0,0,0,0,0,0,0,0,0,0,0,0
ENSMUSG00000075431,Gm11691,0,0,0,0,0,0,0,0,0,0,0,0
ENSMUSG00000081548,Gm11692,0,0,0,0,0,0,0,0,0,0,0,0
ENSMUSG00000062391,4932435O22Rik,0,0,0,0,0,0,0,0,0,0,0,0
ENSMUSG00000083769,Gm11689,0,0,0,0,0,0,0,0,0,0,0,0
ENSMUSG00000057322,Rpl38,43,40,37,41,57,14,56,41,48,62,39,34
ENSMUSG00000057054,Inca1,0,1,4,3,2,0,4,6,5,0,1,2
ENSMUSG00000034714,Ttyh2,12,20,4,14,10,4,4,5,7,5,5,7
ENSMUSG00000034706,Dnaic2,1,0,0,0,0,2,0,0,0,0,0,0
ENSMUSG00000010021,Kif19a,1,4,1,1,2,1,1,1,0,0,1,1
ENSMUSG00000000202,Btbd17,0,0,0,0,0,0,0,0,0,0,0,0
ENSMUSG00000034677,Gpr142,0,0,0,0,0,0,0,0,0,0,0,0
ENSMUSG00000051043,Gprc5c,0,3,0,1,1,0,1,3,5,5,2,0
ENSMUSG00000034652,Cd300a,0,1,0,1,1,0,1,3,0,0,0,0
ENSMUSG00000020821,Kif1c,1568,1469,1030,1054,1005,492,895,1227,1368,1277,1218,1019
ENSMUSG00000083237,Gm11698,0,0,0,0,0,0,0,0,0,0,0,0
ENSMUSG00000105932,Mir6925,1,0,0,0,0,0,0,0,0,0,0,0
ENSMUSG00000085502,Gm12320,0,0,0,0,0,0,0,0,0,0,0,0
ENSMUSG00000082983,Gm12318,0,0,0,0,0,0,0,0,0,0,0,0
ENSMUSG00002075516,#N/A,0,0,0,0,0,0,0,0,0,0,0,0
ENSMUSG00000043602,Zfp3,40,35,25,39,44,20,34,36,36,42,44,46
ENSMUSG00000063193,Cd300lb,0,1,1,0,0,0,1,0,0,0,0,2
ENSMUSG00000083677,Gm11699,0,0,0,0,0,0,0,0,0,0,0,0
ENSMUSG00000057135,Scimp,73,98,47,52,12,7,34,30,50,50,16,14
ENSMUSG00000058728,Cd300c,0,0,1,0,0,0,0,0,0,0,0,0
ENSMUSG00000034641,Cd300ld,0,0,0,0,0,0,0,0,0,0,0,0
ENSMUSG00000044811,Cd300c2,0,0,0,0,0,0,0,0,0,0,0,0
ENSMUSG00000089753,Cd300ld2,0,0,0,0,0,0,0,0,0,0,0,0
ENSMUSG00000069609,Cd300ld4,0,0,0,0,0,0,0,0,0,0,0,0
ENSMUSG00000089722,Cd300ld5,0,0,0,0,0,0,0,0,0,0,0,0
ENSMUSG00000069607,Cd300ld3,0,0,0,0,0,0,0,0,0,0,0,0
ENSMUSG00000048498,Cd300e,0,0,0,0,0,0,0,0,0,0,0,0
ENSMUSG00000057897,Camk2b,116,97,62,94,45,27,58,86,111,72,52,45
ENSMUSG00000020732,Rab37,145,126,82,96,110,52,101,83,148,139,118,81
ENSMUSG00000053838,Nudcd3,1336,1410,1126,1102,1000,399,1047,1240,1288,1165,968,1005
ENSMUSG00000083022,Rps15a-ps6,5,9,3,2,3,26,4,6,1,6,6,5
ENSMUSG00000083209,Gm11969,0,1,6,2,1,2,3,2,4,1,0,3
ENSMUSG00000096923,A730071L15Rik,0,6,4,1,3,4,2,1,1,2,0,0
ENSMUSG00000020447,Npc1l1,0,1,0,1,0,0,0,1,0,1,0,0
ENSMUSG00000081153,Gm11401,2,1,1,0,0,0,0,0,2,1,0,0
ENSMUSG00000047798,Cd300lf,3,5,1,0,0,2,2,5,2,3,1,1
ENSMUSG00000004393,Ddx56,3193,3584,2832,3020,2776,888,2615,2712,3318,2986,2536,2515
ENSMUSG00000020733,Slc9a3r1,1104,1154,982,1037,1097,462,1048,1081,1048,922,967,853
ENSMUSG00000004394,Tmed4,523,622,497,503,629,252,597,550,565,479,616,588
ENSMUSG00002076960,#N/A,0,0,0,0,0,0,0,0,0,0,0,0
ENSMUSG00000015542,Nat9,62,70,47,39,55,30,36,37,82,53,81,85
ENSMUSG00000045980,Tmem104,459,420,344,368,416,195,332,349,379,372,359,400
ENSMUSG00000020817,Rabep1,2136,2291,1695,1765,1600,1339,1353,1685,1935,1874,1769,1593
ENSMUSG00000020734,Grin2c,1,0,1,4,1,0,0,1,1,2,1,0
ENSMUSG00002076450,#N/A,0,0,0,0,0,0,0,0,0,0,0,0
ENSMUSG00000093858,Gm19967,1,4,3,4,2,6,0,5,1,1,6,3
ENSMUSG00000081968,Rpl23a-ps2,1,5,0,3,0,0,1,1,5,0,0,1
ENSMUSG00000084139,Gm12322,0,1,0,2,0,0,0,0,1,1,0,0
ENSMUSG00000018861,Fdxr,419,479,355,338,406,144,362,325,446,320,408,414
ENSMUSG00000044788,Fads6,215,214,149,172,260,79,130,161,215,182,240,225
ENSMUSG00000050201,Otop2,1,0,0,0,0,0,0,0,0,0,0,0
ENSMUSG00000020859,Spag9,2339,2454,2093,2117,1600,1241,1357,2060,2051,2079,1592,1448
ENSMUSG00000045288,Ush1g,0,0,0,0,0,2,0,0,0,0,0,0
ENSMUSG00000018862,Otop3,0,0,0,0,0,0,0,0,0,0,0,0
ENSMUSG00000081604,Gm11518,0,0,0,0,0,0,0,0,0,1,2,0
ENSMUSG00000086003,B230206L02Rik,0,6,4,3,3,2,3,0,2,2,3,0
ENSMUSG00000037573,Tob1,316,308,320,320,291,214,293,314,302,285,255,224
ENSMUSG00000044177,Wfikkn2,111,117,130,125,78,29,80,72,117,106,118,127
ENSMUSG00000094091,Gm21885,0,0,0,0,0,0,0,0,0,0,0,0
ENSMUSG00000040667,Nup88,2203,2339,1847,1885,2362,1380,1873,2079,2179,2017,2042,2058
ENSMUSG00000020456,Ogdh,3826,3935,2888,2851,3231,1815,2570,3150,3338,2859,3403,3199
ENSMUSG00000034586,Hid1,39,30,43,34,28,13,21,26,37,24,31,23
ENSMUSG00000050910,Cdr2l,25,16,14,19,18,12,5,21,11,12,28,14
ENSMUSG00000018449,Rpain,104,74,77,93,98,77,73,89,94,74,108,95
ENSMUSG00000018858,Mrpl58,482,485,370,446,499,305,446,455,514,428,517,478
ENSMUSG00000085072,Ict1os,0,1,0,0,0,0,0,1,0,1,0,1
ENSMUSG00000020863,Luc7l3,3680,3898,3222,3323,4139,4850,3662,3880,3663,3508,4754,4066
ENSMUSG00000018446,C1qbp,8493,8702,6801,7011,7959,4656,7553,7155,8743,8036,7760,7719
ENSMUSG00000034566,Atp5h,627,773,559,606,722,377,640,697,675,560,676,573
ENSMUSG00000020864,Ankrd40,2260,2319,1690,1773,1839,1104,1660,1922,2186,1961,2054,1842
ENSMUSG00000016940,Kctd2,305,355,209,235,317,107,208,239,315,276,303,309
ENSMUSG00000040620,Dhx33,4012,4242,3225,3271,2917,1545,2289,3112,3501,3314,3044,2881
ENSMUSG00000065246,Gm22297,0,2,6,0,1,0,0,1,0,3,1,4
ENSMUSG00000070332,Trim80,0,0,0,0,0,0,0,0,0,0,0,0
ENSMUSG00000093096,Mir3968,0,0,0,0,0,0,0,0,0,0,0,0
ENSMUSG00000085651,Gm11695,0,0,0,0,0,0,0,0,0,0,0,0
ENSMUSG00000045775,Slc16a5,0,1,0,0,0,0,0,0,0,0,0,0
ENSMUSG00000041164,Zmiz2,5818,6199,4136,4261,4181,1990,3909,4850,5107,4978,4844,4301
ENSMUSG00000057219,Armc7,169,178,153,169,168,73,117,170,161,148,205,218
ENSMUSG00000098516,Mir7651,0,0,1,0,6,0,0,2,2,0,1,4
ENSMUSG00000018442,Derl2,1166,1226,983,1048,1053,548,944,1105,1153,1064,1060,969
ENSMUSG00000020736,Nt5c,1258,1389,1140,1305,1223,673,1271,1331,1306,1144,1347,1182
ENSMUSG00000071866,Ppia,928,920,893,948,1215,338,843,925,1105,954,925,1020
ENSMUSG00000081376,Gm11694,0,2,1,1,0,0,1,0,0,1,1,2
ENSMUSG00000040599,Mis12,1018,1034,926,914,1168,759,762,1013,1075,858,1061,991
ENSMUSG00000018451,6330403K07Rik,7,11,9,10,5,5,7,9,5,8,5,1
ENSMUSG00000041126,H2az2,339,404,461,532,621,359,616,626,416,392,379,369
ENSMUSG00000083171,Gm12321,0,0,0,0,0,0,0,0,1,1,1,0
ENSMUSG00000020737,Jpt1,2400,2888,2247,2347,2900,888,2701,2461,2594,2298,2258,2310
ENSMUSG00000082098,Gm15377,0,0,0,0,0,0,0,0,0,0,0,0
ENSMUSG00000079988,Gm11970,39,24,22,24,17,22,16,20,48,34,20,40
ENSMUSG00000083693,Gm11971,0,0,0,0,0,0,1,0,0,0,0,0
ENSMUSG00000084280,Gm11972,0,0,0,0,0,1,0,0,0,0,0,0
ENSMUSG00000094483,Purb,11642,11388,9645,9511,8307,5645,7446,9360,10993,10611,8192,8352
ENSMUSG00000092885,Gm22123,0,0,0,0,0,0,0,0,0,0,0,0
ENSMUSG00000086839,Gm11973,57,65,35,44,40,18,39,42,47,48,41,35
ENSMUSG00000069830,Nlrp1a,13,12,10,12,9,9,15,15,9,5,2,3
ENSMUSG00000020738,Sumo2,42,32,35,46,37,41,33,47,32,45,32,55
ENSMUSG00000020865,Abcc3,5,8,3,3,7,9,5,6,9,4,7,5
ENSMUSG00000070390,Nlrp1b,0,1,1,1,2,0,0,1,2,2,1,2
ENSMUSG00000119133,#N/A,0,0,0,0,0,0,0,0,0,0,0,0
ENSMUSG00000092528,Nlrp1c-ps,0,0,0,0,0,0,0,0,0,0,0,0
ENSMUSG00000119355,#N/A,0,0,0,0,0,0,0,0,0,0,0,0
ENSMUSG00000085230,Gm16013,0,0,0,0,0,0,0,0,0,0,1,0
ENSMUSG00000020437,Myo1g,7113,8209,6853,7434,5482,2461,5972,7221,6701,6264,4789,4439
ENSMUSG00000072753,9230020A06Rik,0,0,0,0,1,0,0,0,0,0,0,0
ENSMUSG00000111450,Gm33351,0,0,0,0,0,0,0,0,0,0,0,0
ENSMUSG00000087116,Gm12324,0,0,0,0,0,1,0,0,0,0,0,0
ENSMUSG00000111373,Gm48818,0,0,0,0,0,0,0,0,0,0,0,0
ENSMUSG00000085659,Gm12325,0,0,0,0,0,0,0,0,0,0,0,0
ENSMUSG00000085251,Gm12326,0,0,0,0,0,0,0,0,0,0,0,0
ENSMUSG00000085156,Snhg15,1430,1730,1651,1631,1412,767,1600,1547,1541,1307,1192,1081
ENSMUSG00000064513,Snora9,0,0,0,0,0,0,0,0,0,0,0,0
ENSMUSG00000088688,Gm24000,1,3,1,1,1,0,1,0,0,0,0,1
ENSMUSG00000020811,Wscd1,2,0,0,1,0,0,2,1,0,0,0,0
ENSMUSG00000077456,Gm22927,0,0,0,0,0,1,0,0,0,0,0,0
ENSMUSG00000085528,4930401O10Rik,0,0,0,0,0,0,0,0,0,0,0,0
ENSMUSG00000080577,Gm23226,0,0,0,0,0,0,0,0,0,0,0,0
ENSMUSG00000040554,Aipl1,4,3,3,2,11,4,2,4,2,6,4,2
ENSMUSG00000020808,Pimreg,37,42,28,43,60,25,102,78,30,19,64,63
ENSMUSG00000000378,Ccm2,701,765,634,687,745,306,675,733,743,615,615,541
ENSMUSG00000084231,Gm11975,0,1,1,1,0,0,0,0,2,0,0,0
ENSMUSG00000041073,Nacad,0,2,0,2,0,0,0,0,1,0,0,0
ENSMUSG00000040543,Pitpnm3,0,0,0,0,0,0,0,0,0,0,0,0
ENSMUSG00000020807,4933427D14Rik,3,3,1,3,3,2,3,2,2,3,1,2
ENSMUSG00000107877,Gm43951,20,7,18,8,12,9,11,21,11,19,7,15
ENSMUSG00000020803,Txndc17,1078,1246,898,957,841,578,1069,974,1056,976,918,829
ENSMUSG00000020801,Med31,130,145,128,137,186,137,183,143,153,145,141,144
ENSMUSG00000053574,4930563E22Rik,3,6,7,6,12,9,3,6,7,7,13,20
ENSMUSG00000000384,Tbrg4,3888,4488,3659,3867,3862,1495,3407,3694,3905,3659,3446,3335
ENSMUSG00000064495,Gm24313,6,7,5,3,4,1,4,1,2,3,2,3
ENSMUSG00000065686,Snora5c,7,1,5,5,0,7,0,3,8,4,4,1
ENSMUSG00000000381,Wap,0,0,0,0,0,0,0,0,0,0,0,0
ENSMUSG00000020805,Slc13a5,0,0,0,0,0,0,0,0,0,0,0,0
ENSMUSG00000086373,Gm11978,0,0,0,1,0,0,0,0,0,0,0,0
ENSMUSG00000086951,1700051A21Rik,0,0,0,0,0,0,0,0,0,0,0,0
ENSMUSG00000041046,Ramp3,83,71,238,254,304,77,413,315,103,61,55,47
ENSMUSG00002074889,#N/A,0,0,0,0,0,0,0,0,0,0,0,0
ENSMUSG00000083075,Gm11980,0,0,0,1,0,0,0,0,0,1,0,0
ENSMUSG00000086808,Gm11981,0,0,0,0,0,0,0,0,0,0,0,0
ENSMUSG00000080833,Gm11976,0,0,0,0,0,0,0,0,0,0,0,0
ENSMUSG00000083819,Gm11977,0,0,0,1,0,0,1,2,1,0,0,0
ENSMUSG00000082579,Gm11979,9,16,15,9,7,9,10,20,15,7,22,10
ENSMUSG00000040483,Xaf1,56,53,92,84,37,39,97,112,61,53,77,58
ENSMUSG00000070388,Fbxo39,1,0,5,0,0,0,0,0,0,0,1,0
ENSMUSG00002075082,#N/A,0,0,0,0,0,0,0,0,0,0,0,0
ENSMUSG00000020431,Adcy1,3,4,0,1,0,1,1,0,3,0,1,1
ENSMUSG00000087512,Ccdc201,0,0,0,0,0,0,0,0,0,0,0,0
ENSMUSG00000020429,Igfbp1,0,0,0,0,0,0,0,0,0,0,0,0
ENSMUSG00000020427,Igfbp3,0,0,0,0,0,0,0,0,0,0,0,0
ENSMUSG00000020799,Tekt1,0,0,0,0,0,1,0,0,0,0,0,0
ENSMUSG00000098658,Mir6338,0,0,0,0,0,0,0,0,0,0,0,0
ENSMUSG00000087637,Gm11986,0,0,0,0,0,1,0,0,0,0,0,0
ENSMUSG00000098853,Gm27393,0,0,0,0,0,0,0,0,0,0,0,0
ENSMUSG00000084318,Gm11987,0,0,0,0,0,0,0,0,0,0,0,0
ENSMUSG00002076646,#N/A,0,0,0,0,0,0,0,0,0,0,0,0
ENSMUSG00000082459,Gm11988,0,0,0,0,0,0,0,0,0,0,0,0
ENSMUSG00000083553,Gm11989,31,3,5,4,6,11,4,3,24,13,11,29
ENSMUSG00000045667,Smtnl2,3,3,3,5,9,4,6,7,3,3,2,1
ENSMUSG00000040471,Ggt6,0,0,0,0,0,1,0,0,0,0,0,0
ENSMUSG00000020422,Tns3,12,8,3,15,9,4,4,6,6,17,7,4
ENSMUSG00000040463,Mybbp1a,27663,31408,23883,24802,24691,12477,19307,25343,26581,24329,24764,22106
ENSMUSG00000040447,Spns2,35,36,26,39,9,6,17,16,15,18,6,11
ENSMUSG00000081539,Gm11990,0,0,0,0,1,4,1,0,0,0,0,0
ENSMUSG00000020798,Spns3,2,4,2,2,2,3,2,5,4,4,5,3
ENSMUSG00000081675,Gm12712,0,0,0,3,0,0,0,0,1,1,2,0
ENSMUSG00000046634,Pkd1l1,0,0,1,0,4,0,0,0,0,0,0,0
ENSMUSG00000082095,Gm11991,0,0,0,0,0,0,0,0,0,0,0,0
ENSMUSG00000020794,Ube2g1,1892,2043,1802,1624,1620,1522,1612,1769,2000,1765,1734,1627
ENSMUSG00000064567,Gm24143,0,0,0,0,0,0,0,0,0,0,0,0
ENSMUSG00002075341,#N/A,0,0,0,0,0,0,0,0,0,0,0,0
ENSMUSG00000020413,Hus1,964,977,859,808,1007,537,756,909,879,917,1054,908
ENSMUSG00000020790,Ankfy1,1743,1950,1565,1504,1370,907,1131,1577,1540,1512,1338,1274
ENSMUSG00000040985,Sun3,0,0,0,0,0,0,0,0,0,0,0,0
ENSMUSG00000040978,Gm11992,1,1,0,0,0,0,0,0,0,0,3,0
ENSMUSG00000057778,Cyb5d2,70,82,73,52,60,27,55,56,92,50,67,76
ENSMUSG00000020407,Upp1,177,252,131,180,49,20,130,148,108,93,49,62
ENSMUSG00000101841,Gm11993,1,0,0,1,0,0,0,0,0,1,1,1
ENSMUSG00000004668,Abca13,0,0,0,0,0,6,0,0,2,0,0,0
ENSMUSG00000104137,Gm36954,0,0,0,0,0,0,0,0,0,0,0,0
ENSMUSG00000081629,Eif3s6-ps1,1,7,3,9,6,1,2,1,0,3,1,1
ENSMUSG00000082312,Gm11996,1,2,1,3,3,0,1,1,4,0,3,0
ENSMUSG00000084045,Gm11997,0,0,0,0,0,0,0,0,0,0,0,0
ENSMUSG00000050830,Vwc2,0,0,0,0,0,0,0,0,0,0,0,0
ENSMUSG00002076988,#N/A,0,0,0,0,0,0,0,0,0,0,0,0
ENSMUSG00000055670,Zzef1,1485,1646,1157,987,953,464,678,1035,1117,1131,1004,1052
ENSMUSG00000020193,Zpbp,19,13,12,7,16,10,11,5,11,15,15,22
ENSMUSG00000082875,Gm12598,0,0,0,0,1,0,0,0,0,0,0,0
ENSMUSG00000064766,Gm26458,0,0,0,0,0,2,0,0,0,0,0,0
ENSMUSG00000081325,Gm12599,2,2,0,0,1,0,2,0,0,0,1,0
ENSMUSG00002075446,#N/A,0,0,0,0,0,0,0,0,0,1,0,0
ENSMUSG00000084329,Gm6733,2,2,2,3,3,0,2,3,5,1,1,4
ENSMUSG00000020191,Spata48,23,25,23,21,21,13,22,29,16,32,18,17
ENSMUSG00000065298,Gm26121,0,0,0,0,0,0,1,0,1,0,0,0
ENSMUSG00002075500,#N/A,0,0,0,0,1,0,0,0,0,0,0,0
ENSMUSG00000087452,Gm11998,8,18,12,16,9,19,9,11,17,13,12,14
ENSMUSG00000062511,4930512M02Rik,0,0,0,0,0,0,0,0,0,0,0,1
ENSMUSG00000085652,Gm11999,10,4,5,8,2,0,5,6,2,5,0,3
ENSMUSG00000018654,Ikzf1,11300,12181,8499,8550,7673,4954,6342,8576,10586,10210,8554,7841
ENSMUSG00000073145,Gm12000,0,1,3,2,0,0,1,1,2,2,0,3
ENSMUSG00000035455,Fignl1,915,1069,1120,958,1410,858,1035,1293,1033,902,1217,1155
ENSMUSG00000020182,Ddc,10,10,11,14,7,7,13,12,9,4,20,11
ENSMUSG00000086391,1700042O10Rik,3,0,4,2,1,2,4,3,0,1,0,1
ENSMUSG00000087990,Gm25058,0,0,0,0,0,0,0,0,0,0,0,0
ENSMUSG00000020788,Atp2a3,5824,6563,4433,5155,3090,1203,4290,5474,4897,4932,2532,2507
ENSMUSG00000020866,Cacna1g,0,1,0,0,1,5,0,2,0,1,0,0
ENSMUSG00000020787,P2rx1,8,9,13,7,1,2,9,12,10,8,1,0
ENSMUSG00000086943,4732414G09Rik,0,0,0,0,0,0,0,0,0,0,0,0
ENSMUSG00000020176,Grb10,7,18,9,10,8,3,10,12,8,4,7,12
ENSMUSG00000064802,Gm24036,0,0,0,0,0,0,0,0,0,0,0,0
ENSMUSG00000083527,Gm12001,0,0,0,0,0,0,0,0,0,0,0,0
ENSMUSG00000020785,Camkk1,40,37,26,23,26,14,37,27,29,35,22,23
ENSMUSG00000020867,Spata20,0,0,0,0,0,0,0,0,0,0,0,0
ENSMUSG00000010080,Epn3,0,0,0,0,0,1,0,0,0,0,0,0
ENSMUSG00000020783,Ncbp3,1205,1336,1013,1131,1107,759,921,1084,1202,1119,1202,1009
ENSMUSG00000039110,Mycbpap,0,0,0,0,1,2,0,0,0,1,1,0
ENSMUSG00000039096,Rsad1,375,450,325,300,430,218,259,334,374,397,372,417
ENSMUSG00000005947,Itgae,34,35,7,23,10,7,4,8,36,21,25,12
ENSMUSG00000076435,Acsf2,38,38,22,25,37,32,34,43,24,28,56,58
ENSMUSG00000050107,Haspin,254,287,278,304,367,197,338,347,254,223,272,268
ENSMUSG00000039084,Chad,1,1,0,0,0,0,0,2,2,0,0,1
ENSMUSG00000082945,Gm11540,0,1,0,0,0,0,0,0,1,0,1,0
ENSMUSG00000020869,Lrrc59,8358,8827,6856,7063,6965,3982,6660,7461,7333,6809,6619,6053
ENSMUSG00000005950,P2rx5,27,27,33,30,21,9,19,16,28,18,5,12
ENSMUSG00000039055,Eme1,176,204,225,207,369,247,289,320,227,184,305,320
ENSMUSG00000047260,Emc6,1870,2132,1720,1919,1736,533,1778,1801,2089,1781,1629,1534
ENSMUSG00000024414,Mrpl27,257,244,235,202,239,112,208,220,238,212,182,194
ENSMUSG00000040158,Tax1bp3,1,1,1,2,1,9,4,0,5,7,2,3
ENSMUSG00000020173,Cobl,0,0,0,0,1,0,0,0,0,0,0,0
ENSMUSG00000086584,Gm12002,0,0,0,0,0,0,0,0,0,0,0,0
ENSMUSG00000089034,Gm22156,0,0,0,0,0,0,0,0,0,0,0,0
ENSMUSG00000088509,Gm22789,0,0,0,0,0,0,0,0,0,0,0,0
ENSMUSG00000083859,Gm12003,1,0,0,1,1,0,1,0,0,0,1,0
ENSMUSG00000020868,Xylt2,581,605,448,459,430,192,368,550,535,461,504,478
ENSMUSG00000084055,Gm12004,0,0,0,0,0,0,0,0,0,0,0,0
ENSMUSG00000085452,4930554G24Rik,0,0,0,0,0,0,0,0,0,0,0,0
ENSMUSG00000081631,Gm12005,2,0,3,0,0,0,4,2,3,1,0,0
ENSMUSG00000080734,Gm12006,0,0,0,0,0,0,0,0,0,0,0,0
ENSMUSG00000085051,Gm11542,0,0,0,1,0,3,0,0,0,0,0,0
ENSMUSG00000085561,1700046C09Rik,0,0,0,0,0,0,0,0,0,0,0,0
ENSMUSG00000084135,Pom121l12,0,0,0,0,0,0,0,0,0,0,0,0
ENSMUSG00000056008,Gm11541,0,0,1,0,0,0,3,0,1,0,1,1
ENSMUSG00000083427,Gm12007,0,0,0,1,0,1,0,0,0,0,0,0
ENSMUSG00000082156,Gm12008,0,0,0,0,0,0,0,0,0,0,0,0
ENSMUSG00000084183,Gm12009,16,17,3,9,13,2,8,10,14,10,12,4
ENSMUSG00000020870,Cdc34b,2,4,2,1,5,1,4,4,2,0,2,1
ENSMUSG00000119754,#N/A,0,0,0,0,0,2,0,0,0,0,0,0
ENSMUSG00000075611,Gm11545,0,0,0,0,0,0,0,0,0,0,0,0
ENSMUSG00000089359,Gm25490,0,0,0,0,0,0,0,0,0,0,0,0
ENSMUSG00000083292,Gm12010,0,0,0,0,0,0,0,0,0,0,0,0
ENSMUSG00000104323,Gm37319,0,0,0,0,0,0,0,0,0,0,0,0
ENSMUSG00000082410,Gm12011,0,0,0,0,1,0,0,0,0,1,0,0
ENSMUSG00000005949,Ctns,46,56,40,32,29,16,33,40,39,31,40,28
ENSMUSG00000075610,Tmem92,0,0,0,0,1,1,0,0,0,0,0,0
ENSMUSG00000048834,Vstm2a,0,0,0,0,0,0,0,0,0,0,0,0
ENSMUSG00000083227,Gm11546,0,0,0,0,0,0,0,0,0,0,0,0
ENSMUSG00000005951,Shpk,27,28,20,17,24,6,11,9,17,18,16,26
ENSMUSG00000081478,AA623943,0,0,0,0,0,0,0,0,0,0,0,0
ENSMUSG00000081007,Gm11543,0,0,0,0,0,0,0,0,0,0,0,0
ENSMUSG00000083925,Gm12012,0,0,0,0,0,0,0,0,0,0,0,0
ENSMUSG00000081586,Gm11544,0,0,0,0,0,0,0,0,0,0,0,0
ENSMUSG00000043522,A430060F13Rik,0,0,0,0,0,0,0,0,0,0,0,0
ENSMUSG00000082405,Gm16021,1,0,1,0,0,0,0,0,0,0,0,0
ENSMUSG00000064512,Gm22456,0,0,0,0,0,1,0,0,0,0,0,0
ENSMUSG00000078974,Sec61g,12,19,20,15,9,24,12,16,15,10,16,16
ENSMUSG00000084347,Akt2-ps,17,16,11,5,12,0,7,12,11,10,15,12
ENSMUSG00000101316,Gm12663,0,0,0,0,1,0,0,0,0,0,0,0
ENSMUSG00000081332,Gm12664,0,0,0,0,0,0,1,0,0,0,0,0
ENSMUSG00002075576,#N/A,0,0,0,0,0,0,0,0,0,0,0,0
ENSMUSG00000119782,#N/A,0,0,0,0,0,0,0,0,0,0,0,0
ENSMUSG00000001506,Col1a1,2,1,6,3,6,10,1,2,3,2,7,4
ENSMUSG00002075548,#N/A,0,0,0,0,0,0,0,0,0,0,0,0
ENSMUSG00000005952,Trpv1,0,0,0,0,0,0,0,0,0,0,0,0
ENSMUSG00000020122,Egfr,30,24,27,16,23,20,31,35,20,12,12,14
ENSMUSG00000085091,Egfros,0,0,0,0,0,1,0,0,0,0,1,0
ENSMUSG00000043029,Trpv3,0,1,0,1,1,3,0,0,1,0,0,0
ENSMUSG00000087060,Eldr,16,9,14,8,35,15,12,12,2,8,17,8
ENSMUSG00000001508,Sgca,0,0,0,1,1,0,0,0,0,0,0,0
ENSMUSG00000044966,Fbxo48,32,43,41,41,60,59,27,40,28,43,65,59
ENSMUSG00000038994,Hils1,0,0,0,0,0,0,0,0,0,0,0,0
ENSMUSG00000020774,Aspa,0,0,0,0,0,0,0,0,0,0,0,0
ENSMUSG00000069825,Gm49340,0,0,0,0,0,0,0,0,0,0,0,0
ENSMUSG00000112920,Spata22,0,0,0,0,0,0,0,0,0,0,0,0
ENSMUSG00000062128,Olfr20,0,0,0,0,0,0,0,0,0,0,0,0
ENSMUSG00000020120,Plek,6904,7264,6618,6724,3522,2938,3606,4714,4983,4619,3385,3070
ENSMUSG00000038976,Ppp1r9b,4231,3959,2681,2648,1894,1259,2087,2480,3127,2959,2477,2287
ENSMUSG00000083752,Gm12014,0,0,0,0,0,0,0,0,0,1,0,0
ENSMUSG00000063881,Olfr376,0,0,0,0,0,1,0,0,0,0,0,0
ENSMUSG00000069824,Olfr377-ps1,0,0,0,0,0,0,0,0,0,0,0,0
ENSMUSG00000108577,Gm17811,0,0,0,0,0,0,0,0,0,0,0,0
ENSMUSG00000044629,Cnrip1,8,4,2,5,5,7,7,5,4,4,7,2
ENSMUSG00000082099,Gm12013,3,2,2,0,1,1,2,0,2,4,0,2
ENSMUSG00000069823,Olfr1,0,0,0,0,0,0,0,0,0,0,0,0
ENSMUSG00000086278,Olfr75-ps1,0,0,0,0,0,0,0,0,0,0,0,0
ENSMUSG00000108673,Gm44922,0,0,0,0,0,0,0,0,0,0,0,0
ENSMUSG00000055971,Olfr378,0,0,0,0,0,0,0,0,0,0,0,0
ENSMUSG00000033953,Ppp3r1,2788,2651,2177,2120,1985,1408,2151,2159,2616,2300,2309,2121
ENSMUSG00000047181,Samd14,0,2,1,2,0,2,2,1,1,1,0,3
ENSMUSG00000084387,Olfr379-ps1,0,0,0,0,0,0,0,0,0,0,0,0
ENSMUSG00000072709,Olfr380,0,0,0,0,0,2,0,0,0,0,0,0
ENSMUSG00000108742,Gm44923,0,0,0,0,0,0,0,0,0,0,0,0
ENSMUSG00000072708,Olfr381,0,0,0,0,0,0,0,0,0,0,0,0
ENSMUSG00000095312,Olfr382,0,0,0,0,0,0,0,0,0,0,0,0
ENSMUSG00000078970,Wdr92,542,645,515,484,591,336,494,473,545,444,451,425
ENSMUSG00000081961,Olfr383-ps1,0,0,0,0,0,0,0,0,0,0,0,0
ENSMUSG00000095095,Olfr385,0,0,0,0,0,0,0,0,0,0,0,0
ENSMUSG00000060335,Olfr384,0,0,0,0,0,0,0,0,0,0,0,0
ENSMUSG00000082338,Gm12327,0,0,0,0,0,0,0,0,0,0,0,0
ENSMUSG00000038967,Pdk2,178,202,137,122,87,57,87,111,175,150,62,59
ENSMUSG00000061246,Olfr387-ps1,0,0,0,0,0,0,0,0,0,0,0,0
ENSMUSG00000060630,Zfp735,0,0,0,0,0,0,0,0,0,0,0,0
ENSMUSG00000087630,Gm11513,0,0,0,0,0,0,0,0,0,0,0,0
ENSMUSG00000108598,Gm44665,0,0,0,0,0,0,0,0,0,0,0,0
ENSMUSG00000020116,Pno1,4999,5896,4275,4349,4235,2194,4004,4233,5499,4813,4353,3964
ENSMUSG00000080781,Olfr388-ps1,0,0,0,0,0,0,0,0,0,0,0,0
ENSMUSG00000088811,Gm22381,0,0,0,0,0,0,0,0,0,0,0,0
ENSMUSG00000081552,Gm12328,2,4,1,4,2,4,3,2,2,0,4,2
ENSMUSG00000070383,Olfr389,0,0,0,0,0,0,0,0,0,0,0,0
ENSMUSG00000069818,Olfr390,0,0,0,0,0,0,0,0,0,0,0,0
ENSMUSG00000000581,C1d,728,791,672,619,682,538,668,730,885,769,742,746
ENSMUSG00000070382,Olfr391,0,0,0,0,0,0,0,0,0,0,0,0
ENSMUSG00000082797,Gm12015,0,0,0,0,0,0,0,0,0,0,0,0
ENSMUSG00002075230,#N/A,0,0,0,0,0,0,0,0,0,0,0,0
ENSMUSG00000082411,Gm12016,0,0,0,0,0,0,0,0,0,0,0,0
ENSMUSG00000061984,Olfr392,0,0,0,0,0,0,0,0,0,0,0,0
ENSMUSG00000081698,Gm12329,0,0,0,0,0,0,0,0,0,0,0,0
ENSMUSG00000094488,Olfr393,0,0,0,0,0,0,0,0,0,0,0,0
ENSMUSG00000108735,Gm44638,0,0,0,0,0,0,0,0,0,0,0,0
ENSMUSG00000016984,Etaa1,769,901,774,749,786,623,650,776,830,775,812,691
ENSMUSG00000056921,Olfr394,0,0,0,0,2,0,0,0,0,0,0,0
ENSMUSG00000108707,Gm44575,0,0,0,0,0,0,0,0,0,0,0,0
ENSMUSG00000086468,Etaa1os,4,3,2,2,2,1,2,4,2,2,6,5
ENSMUSG00000062186,Olfr395,0,0,0,0,0,0,0,0,0,0,0,0
ENSMUSG00000084413,Gm12017,25,53,23,32,18,9,26,34,18,10,14,12
ENSMUSG00000085453,Gm12018,0,0,0,0,0,0,0,0,0,0,0,0
ENSMUSG00000108605,Olfr396-ps1,0,0,0,0,0,0,0,0,0,0,0,0
ENSMUSG00000080826,Gm12019,0,0,0,0,0,0,0,0,0,0,0,0
ENSMUSG00000081302,Gm12020,27,20,15,22,23,20,29,17,31,36,21,27
ENSMUSG00000102178,Gm37869,0,0,0,0,0,0,0,0,0,0,0,0
ENSMUSG00000069816,Olfr23,0,0,0,0,0,0,0,0,0,0,0,0
ENSMUSG00000085675,Gm12022,0,0,0,0,0,0,0,0,0,0,0,0
ENSMUSG00000082852,Gm12021,0,1,0,1,1,0,0,0,0,0,0,0
ENSMUSG00000079875,Olfr22-ps1,0,0,0,0,0,0,0,0,0,0,0,0
ENSMUSG00000081101,Gm12024,0,0,0,0,1,0,0,0,0,0,0,0
ENSMUSG00000085806,Gm12023,0,0,0,0,1,5,0,0,0,0,0,0
ENSMUSG00000065384,Gm23093,0,0,0,0,0,0,0,0,0,0,0,0
ENSMUSG00000057050,Olfr397,0,0,0,0,0,0,0,0,0,0,0,1
ENSMUSG00000099449,Gm28401,0,0,0,0,0,0,0,0,0,0,0,0
ENSMUSG00000089390,Gm23021,0,0,0,0,0,0,0,0,0,0,0,0
ENSMUSG00000049041,Olfr398,0,0,0,0,0,1,0,0,0,0,0,0
ENSMUSG00000085743,8430419K02Rik,0,0,0,0,0,1,0,0,0,0,0,0
ENSMUSG00000047444,Olfr139,0,0,0,0,0,0,0,0,0,0,0,0
ENSMUSG00000043692,Olfr399,0,0,0,0,0,0,0,0,0,0,0,0
ENSMUSG00000069476,Zfp616,0,0,0,0,0,0,0,0,0,0,0,0
ENSMUSG00000081932,Gm12331,1,0,0,0,2,0,0,0,1,1,0,1
ENSMUSG00000081162,Olfr400-ps1,0,0,0,0,0,0,0,0,0,0,0,0
ENSMUSG00000070380,Olfr401,0,0,0,0,0,0,0,0,0,0,1,0
ENSMUSG00000070379,Olfr402,0,0,0,0,0,1,0,0,0,0,0,0
ENSMUSG00000070378,Olfr403,0,0,0,0,0,1,0,0,0,0,0,0
ENSMUSG00000070377,Olfr43,0,0,0,0,0,0,0,0,0,0,0,0
ENSMUSG00000083188,Olfr404-ps1,0,0,0,0,0,0,0,0,0,0,0,0
ENSMUSG00000081864,Olfr405-ps1,0,0,0,0,0,0,0,0,0,0,0,0
ENSMUSG00000070375,Olfr406,0,0,0,0,0,0,0,0,0,0,0,1
ENSMUSG00000081498,Olfr407-ps1,0,0,0,0,0,1,0,0,0,0,0,0
ENSMUSG00000070374,Olfr59,0,0,0,0,0,2,0,0,0,0,0,0
ENSMUSG00000082378,Olfr408-ps1,0,0,0,0,0,0,0,0,0,0,0,0
ENSMUSG00000083886,Olfr409-ps1,0,0,0,0,0,0,0,0,0,0,0,0
ENSMUSG00000119837,#N/A,0,0,1,0,1,0,0,0,0,0,0,0
ENSMUSG00000083299,Gm12332,2,7,8,9,4,4,7,21,2,3,4,3
ENSMUSG00000063116,Olfr410,0,0,0,0,0,1,0,0,0,0,0,0
ENSMUSG00000054406,Olfr411,0,0,0,0,0,0,0,0,0,0,0,0
ENSMUSG00000001507,Itga3,1818,1924,1712,1858,888,359,1056,1487,1223,1193,522,528
ENSMUSG00000058275,Olfr412,0,0,0,0,0,1,0,0,0,0,0,0
ENSMUSG00000001510,Dlx3,0,0,1,0,0,2,0,0,0,0,1,0
ENSMUSG00000020871,Dlx4,0,1,1,2,2,3,0,1,1,0,0,1
ENSMUSG00000086552,Dlx4os,0,0,0,0,0,0,0,0,0,0,0,0
ENSMUSG00000083548,Gm11514,0,0,1,0,0,0,0,0,0,0,0,0
ENSMUSG00000085992,Gm11515,0,0,0,0,0,0,0,0,0,0,0,0
ENSMUSG00000020872,Tac4,1,0,0,2,3,0,1,0,2,1,0,2
ENSMUSG00000020160,Meis1,0,0,0,0,1,6,0,4,0,3,0,0
ENSMUSG00000104184,Gm37818,0,0,3,0,0,0,0,0,0,0,1,0
ENSMUSG00000104244,2900018N21Rik,0,0,0,0,0,0,0,0,0,0,0,0
ENSMUSG00000103828,2610001A08Rik,0,0,0,0,0,0,0,0,0,0,0,0
ENSMUSG00000084085,Gm16140,0,0,0,0,0,0,0,0,0,0,0,0
ENSMUSG00000087507,Gm16141,0,0,0,0,0,0,0,0,0,0,0,0
ENSMUSG00000086025,4933406G16Rik,0,0,0,0,0,1,0,0,0,0,0,0
ENSMUSG00000102585,Gm37439,0,0,0,0,0,0,0,0,0,0,0,0
ENSMUSG00000038807,Rap1gap2,7,20,14,32,12,1,11,18,12,11,9,9
ENSMUSG00000081054,Gm12025,0,0,1,0,0,0,0,0,0,0,0,1
ENSMUSG00000082737,Gm12026,0,0,0,0,0,0,1,0,0,0,0,0
ENSMUSG00000086911,Gm12027,0,0,0,0,0,0,0,0,0,0,0,0
ENSMUSG00002076252,#N/A,0,0,0,0,0,0,0,0,0,0,0,0
ENSMUSG00000089210,Gm23386,0,0,0,0,0,0,0,0,0,0,0,0
ENSMUSG00000082100,Glns-ps1,1,0,1,0,0,0,0,0,0,0,0,0
ENSMUSG00000083601,Gm12028,0,0,1,0,0,0,0,0,0,0,1,0
ENSMUSG00000069814,Ccdc92b,1,0,1,1,0,0,0,0,0,0,0,0
ENSMUSG00000081820,Gm12029,0,0,0,0,0,0,0,0,0,0,0,0
ENSMUSG00000045671,Spred2,368,326,265,320,354,199,283,366,320,265,372,343
ENSMUSG00000020152,Actr2,7880,8510,6630,6517,5890,3455,5398,6200,7258,6766,5912,5693
ENSMUSG00000081346,Gm12030,0,0,0,0,0,0,0,0,0,0,0,0
ENSMUSG00000085035,Gm12031,0,0,0,0,0,0,0,0,0,0,0,0
ENSMUSG00000084442,Gm26253,0,0,1,0,0,0,0,0,0,0,0,0
ENSMUSG00000020149,Rab1a,2624,2764,2274,2331,2207,1735,2352,2473,2573,2432,2295,2113
ENSMUSG00000020741,Cluh,11377,12368,10202,10489,9844,3693,8146,10623,10683,10175,9338,8879
ENSMUSG00000044066,Cep68,992,994,804,848,793,411,645,870,896,853,900,825
ENSMUSG00000083792,Rpl12-ps2,0,0,0,0,0,0,0,0,0,0,0,0
ENSMUSG00000020142,Slc1a4,813,886,757,894,468,204,451,532,575,546,412,406
ENSMUSG00000020745,Pafah1b1,4245,4277,3490,3333,3759,2454,3178,3590,4103,3726,3992,3680
ENSMUSG00000078965,Gm12033,2,0,1,0,0,0,1,0,0,0,2,1
ENSMUSG00000083878,Gm12034,0,1,0,0,0,0,1,0,0,1,0,0
ENSMUSG00000088889,Gm24211,0,0,0,0,0,0,0,0,0,0,0,0
ENSMUSG00000081252,Gm16032,0,0,0,0,0,0,0,0,0,0,0,0
ENSMUSG00000049800,Sertad2,1030,1070,913,903,885,432,705,981,929,876,681,621
ENSMUSG00000083555,Gm12035,0,1,0,0,0,0,0,0,0,0,0,0
ENSMUSG00000038909,Kat7,2531,2666,2107,2152,2269,1318,2100,2508,2364,2176,2103,1950
ENSMUSG00000085143,Gm11520,0,2,3,0,2,2,0,0,0,0,0,2
ENSMUSG00000085509,Gm11521,1,0,0,0,0,0,1,0,0,1,0,0
ENSMUSG00000010554,Mettl16,2427,2524,2115,2056,2378,1704,1709,2014,2453,2146,2391,2322
ENSMUSG00000038893,Fam117a,186,153,170,164,193,69,200,186,173,173,190,219
ENSMUSG00000000282,Mnt,2360,2280,1937,2021,1201,605,1713,2221,1963,1993,1519,1326
ENSMUSG00000101258,Gm29477,0,0,0,0,0,1,0,0,0,0,0,0
ENSMUSG00000049659,Aftph,1963,2100,1710,1759,1555,1219,1298,1592,1912,1855,1762,1633
ENSMUSG00000084252,Gm12036,0,0,0,0,0,0,0,0,0,1,0,0
ENSMUSG00000042363,Lgalsl,1174,1215,889,989,873,712,769,990,1155,1146,867,801
ENSMUSG00000020873,Slc35b1,1197,1403,1052,1099,1091,467,1171,1067,1085,1007,968,857
ENSMUSG00000086749,Gm12037,0,0,0,0,0,0,0,0,0,0,0,0
ENSMUSG00000082157,Gm12038,0,1,0,1,0,0,0,1,0,4,0,0
ENSMUSG00000064671,Gm22807,0,0,0,0,0,0,0,0,0,0,0,0
ENSMUSG00002075334,#N/A,0,0,0,0,0,0,0,0,0,0,0,0
ENSMUSG00000038351,Sgsm2,143,153,116,85,174,59,110,124,135,117,240,208
ENSMUSG00000020134,Peli1,2996,3186,2349,2350,2536,1919,1907,2251,2521,2336,2792,2676
ENSMUSG00000098317,Mir6926,0,0,0,0,0,0,0,0,0,0,0,0
ENSMUSG00000084362,2610024D14Rik,1,3,1,0,1,3,0,0,6,2,1,1
ENSMUSG00002076722,#N/A,0,0,0,0,0,0,0,0,0,0,0,0
ENSMUSG00000084259,Gm12040,0,0,0,0,0,0,0,0,0,0,0,0
ENSMUSG00000082898,Gm12041,0,0,0,0,0,0,0,0,0,0,0,0
ENSMUSG00000057522,Spop,969,1074,744,798,951,583,735,758,962,878,1159,1032
ENSMUSG00000083208,Gm11522,0,0,1,0,0,0,0,0,0,0,0,0
ENSMUSG00000046719,Nxph3,0,3,0,0,1,0,2,2,2,1,0,2
ENSMUSG00000038335,Tsr1,6227,6815,5278,5455,5249,3025,4437,4877,6061,5543,5069,4698
ENSMUSG00000000120,Ngfr,1,0,0,1,0,1,1,0,1,1,2,0
ENSMUSG00000084856,Gm11528,0,0,0,0,0,0,0,0,0,0,0,0
ENSMUSG00000077493,Snord91a,7,11,7,12,7,2,9,6,5,6,7,7
ENSMUSG00000077637,Gm22771,9,10,9,10,8,0,8,9,8,10,7,10
ENSMUSG00000038845,Phb,748,876,653,697,849,406,796,655,900,755,869,764
ENSMUSG00000045075,Gm9796,1,0,0,0,0,1,1,1,0,0,0,0
ENSMUSG00000086191,Zfp652os,0,0,0,0,0,0,0,0,0,0,0,0
ENSMUSG00000075595,Zfp652,416,468,400,387,461,311,382,538,448,411,473,425
ENSMUSG00000082981,Polr2k-ps,2,4,2,0,0,0,0,3,1,2,0,0
ENSMUSG00000050860,Phospho1,3,0,2,0,1,0,0,1,1,1,3,0
ENSMUSG00000020128,Vps54,2221,2243,1836,1750,1644,1270,1439,1887,2080,2020,1887,1846
ENSMUSG00000018381,Abi3,79,90,60,69,50,18,83,62,87,93,66,60
ENSMUSG00000089155,Gm23582,0,0,0,0,0,0,0,0,0,0,0,0
ENSMUSG00000081868,Gm12039,1,0,0,0,0,0,0,0,0,0,0,0
ENSMUSG00000084048,Gm12042,0,1,0,1,0,1,0,1,0,0,1,0
ENSMUSG00000001323,Srr,57,82,82,60,52,59,52,86,64,80,81,62
ENSMUSG00000038811,Gngt2,112,173,119,148,103,47,134,147,110,129,91,85
ENSMUSG00000085578,Gm11527,12,6,8,1,1,0,7,9,4,8,4,3
ENSMUSG00000086015,4833417C18Rik,29,28,24,24,26,14,13,31,25,24,24,26
ENSMUSG00000013418,B4galnt2,0,0,1,0,0,0,0,0,0,0,0,0
ENSMUSG00000086255,Gm11534,9,5,8,10,14,5,5,7,7,4,9,5
ENSMUSG00000088854,Gm24725,0,0,0,0,0,0,0,0,0,0,0,0
ENSMUSG00000001891,Ugp2,981,1152,847,889,1013,600,873,909,1026,909,858,851
ENSMUSG00000089555,Mir1933,0,0,0,1,0,0,0,0,0,0,0,0
ENSMUSG00000087253,Gm12043,0,0,0,0,0,0,1,0,0,0,1,1
ENSMUSG00000084412,Gm12044,0,0,0,0,0,0,0,0,0,0,0,0
ENSMUSG00000082607,Gm12045,0,0,0,0,0,0,2,0,0,0,0,1
ENSMUSG00000082040,Gm12046,0,0,0,0,0,0,1,0,0,0,0,0
ENSMUSG00000078962,4932414J04Rik,0,0,0,1,0,1,0,0,0,0,0,0
ENSMUSG00000013415,Igf2bp1,2,3,0,2,5,0,1,1,0,1,0,3
ENSMUSG00000038290,Smg6,974,971,782,704,815,630,646,914,862,845,892,796
ENSMUSG00000093358,Mir3063,0,0,0,0,0,0,0,0,0,0,0,0
ENSMUSG00000099928,Gm29202,0,0,0,0,0,0,0,0,0,0,0,0
ENSMUSG00000103376,Gm37179,0,0,0,0,0,0,0,0,0,0,0,0
ENSMUSG00000088719,Gm22733,0,0,0,0,0,0,0,0,0,0,0,0
ENSMUSG00000101295,Gm28180,0,0,0,0,0,0,0,0,0,0,0,0
ENSMUSG00000085765,Gm12333,0,0,0,0,0,2,0,0,0,0,1,0
ENSMUSG00000085738,Gm12335,0,0,0,0,0,0,0,0,1,0,0,0
ENSMUSG00000082481,Rps12-ps19,0,1,0,0,2,0,1,0,5,1,4,1
ENSMUSG00000014351,Gip,0,0,0,1,0,0,0,0,1,0,0,0
ENSMUSG00000119079,#N/A,0,0,0,0,0,0,0,0,0,0,0,0
ENSMUSG00000020321,Mdh1,1230,1492,1284,1383,1812,872,1691,1626,1278,1152,1384,1341
ENSMUSG00002076145,#N/A,0,0,0,0,0,0,0,0,0,1,0,0
ENSMUSG00000006058,Snf8,924,1051,807,906,871,407,929,880,1069,882,785,786
ENSMUSG00000014349,Ube2z,2995,3159,2394,2524,2687,1047,2446,2535,2854,2518,2407,2341
ENSMUSG00000020319,Wdpcp,6,9,1,5,7,2,3,7,3,1,1,5
ENSMUSG00000083761,Pgam1-ps1,0,1,1,1,0,0,1,0,1,0,0,0
ENSMUSG00000084004,Gm12047,0,0,0,0,0,0,1,0,0,0,0,0
ENSMUSG00000082874,Rpl15-ps1,3,0,2,1,0,0,0,1,1,1,0,1
ENSMUSG00000005917,Otx1,72,63,84,88,169,138,79,93,71,62,61,51
ENSMUSG00000006057,Atp5g1,60,39,31,40,64,37,48,46,65,38,51,58
ENSMUSG00000064795,Gm22423,0,0,0,0,0,0,0,0,0,0,0,0
ENSMUSG00000006056,Calcoco2,0,0,0,0,0,0,0,0,0,0,0,0
ENSMUSG00000038756,Ttll6,0,0,0,0,0,0,0,0,0,0,0,0
ENSMUSG00000086337,Gm11535,0,0,0,0,0,0,0,0,0,0,0,0
ENSMUSG00000042302,Ehbp1,20,10,23,26,28,20,23,25,23,15,25,18
ENSMUSG00000049604,Hoxb13,0,0,0,0,0,0,0,0,0,0,0,0
ENSMUSG00002075973,#N/A,0,0,0,0,0,0,0,0,0,0,0,0
ENSMUSG00002076964,#N/A,0,0,0,0,0,0,0,0,0,0,0,0
ENSMUSG00000083337,Gm11539,9,26,13,21,18,33,13,24,9,4,13,7
ENSMUSG00000083580,Rpsa-ps3,0,0,0,0,0,0,0,0,0,1,0,0
ENSMUSG00000085856,Gm12050,0,0,0,0,0,0,0,0,0,0,0,0
ENSMUSG00000078706,Gm53,0,0,0,0,0,0,0,0,0,0,0,0
ENSMUSG00000085021,Gm12051,0,0,0,0,0,0,0,0,0,0,0,0
ENSMUSG00000065546,Mir196a-1,0,0,0,0,0,0,0,0,0,0,0,0
ENSMUSG00000049904,Tmem17,31,27,20,18,19,25,26,27,28,23,19,19
ENSMUSG00000086256,Gm12052,0,0,0,0,0,0,0,0,0,0,0,0
ENSMUSG00000020875,Hoxb9,2,1,3,1,6,9,0,2,1,2,1,2
ENSMUSG00000083008,Gm12053,0,0,0,0,0,0,0,0,0,0,0,0
ENSMUSG00000085979,Gm12055,0,0,0,0,0,0,0,0,0,0,0,0
ENSMUSG00000085803,Gm12056,0,0,1,0,0,0,0,0,0,0,0,0
ENSMUSG00000084081,Gm12057,1,4,2,1,2,1,3,1,1,2,7,1
ENSMUSG00000056648,Hoxb8,0,0,0,0,1,4,1,0,1,0,1,1
ENSMUSG00000051650,B3gnt2,190,123,107,146,126,24,88,127,192,172,130,161
ENSMUSG00000038721,Hoxb7,0,0,0,0,0,0,0,0,0,0,2,0
ENSMUSG00000082576,Gm12058,5,1,5,4,2,2,6,3,2,1,2,2
ENSMUSG00000085645,Hoxb5os,0,0,0,0,0,0,0,0,0,0,0,0
ENSMUSG00000098650,Gm28048,2,0,0,0,0,0,0,0,1,0,0,0
ENSMUSG00000092455,Gm20456,0,0,0,0,0,0,0,1,0,0,0,3
ENSMUSG00002074900,#N/A,0,0,0,0,0,0,0,0,0,0,0,0
ENSMUSG00000092626,9130230N09Rik,26,35,36,32,31,24,26,35,46,24,32,34
ENSMUSG00000000690,Hoxb6,1,0,0,0,0,0,0,0,0,0,0,0
ENSMUSG00000065869,Gm24917,0,0,0,0,1,1,0,0,0,0,0,0
ENSMUSG00000038700,Hoxb5,0,0,0,1,0,0,0,0,0,0,0,0
ENSMUSG00000065519,Mir10a,0,0,0,0,0,0,0,0,0,0,0,0
ENSMUSG00000038692,Hoxb4,47,32,22,37,38,21,37,33,40,21,45,48
ENSMUSG00000051355,Commd1,208,224,182,197,234,149,222,190,201,185,231,204
ENSMUSG00000044068,Zrsr1,228,223,194,189,232,217,207,270,208,189,271,203
ENSMUSG00000048763,Hoxb3,0,0,1,0,0,2,1,1,0,2,0,2
ENSMUSG00000075589,Gm11536,0,0,0,0,0,0,0,0,0,0,0,0
ENSMUSG00000084844,Hoxb3os,1,2,0,0,0,0,1,0,0,1,0,0
ENSMUSG00000075588,Hoxb2,0,0,0,0,0,1,1,1,3,4,0,0
ENSMUSG00000018973,Hoxb1,0,0,1,0,0,2,0,0,1,0,0,0
ENSMUSG00000075587,Gm11531,0,2,0,1,0,0,1,2,3,2,1,0
ENSMUSG00000075586,Gm11529,1,0,0,0,0,0,0,0,1,0,1,0
ENSMUSG00000007739,Cct4,9897,11746,8781,9159,10503,5242,8256,8676,10614,9730,10281,9732
ENSMUSG00000049811,Fam161a,1,5,0,0,3,3,1,1,0,4,6,0
ENSMUSG00002075325,#N/A,0,0,0,0,0,0,0,0,0,0,0,0
ENSMUSG00000085665,Gm12059,0,0,0,0,1,0,0,0,0,0,1,3
ENSMUSG00000086366,1700061J23Rik,0,0,0,0,0,0,0,0,0,0,0,0
ENSMUSG00000057058,Skap1,737,910,680,881,765,426,908,1067,847,815,745,694
ENSMUSG00000085242,Gm11537,0,3,0,0,0,0,1,0,1,1,1,0
ENSMUSG00000020876,Snx11,798,912,725,714,698,230,552,639,732,690,609,579
ENSMUSG00000018666,Cbx1,1454,1491,1224,1297,1650,1097,1375,1472,1431,1176,1715,1577
ENSMUSG00000081249,Gm11517,4,6,2,6,5,2,11,8,7,2,2,5
ENSMUSG00000038615,Nfe2l1,4825,4825,3913,4062,3405,1754,3074,3831,4135,3826,3273,3134
ENSMUSG00000018672,Copz2,7,15,8,16,5,0,13,9,7,5,4,3
ENSMUSG00000065515,Mir152,0,0,0,0,0,0,0,0,0,0,0,0
ENSMUSG00000087117,Gm11523,0,0,0,0,0,0,0,0,0,0,0,0
ENSMUSG00000083651,Gm11524,0,0,2,2,1,0,2,0,2,0,0,0
ENSMUSG00000018669,Cdk5rap3,498,540,519,497,467,237,488,545,481,457,462,441
ENSMUSG00000078700,D030028A08Rik,857,883,712,669,895,455,537,664,851,807,1107,1095
ENSMUSG00000085307,Gm11525,1,1,0,0,0,0,1,2,1,0,0,0
ENSMUSG00000047040,Prr15l,0,0,0,0,0,1,0,0,0,0,0,0
ENSMUSG00000018659,Pnpo,472,504,362,398,384,142,353,362,551,522,480,503
ENSMUSG00000018678,Sp2,1004,969,753,832,796,641,808,1117,850,783,800,705
ENSMUSG00000038560,Sp6,31,25,24,24,35,7,9,21,35,46,25,27
ENSMUSG00000087067,Gm11532,0,1,1,0,0,2,0,0,1,0,1,1
ENSMUSG00000020877,Scrn2,129,153,108,87,171,59,127,113,157,126,195,193
ENSMUSG00000020878,Lrrc46,1,0,1,1,1,0,0,0,3,1,0,1
ENSMUSG00000081860,Gm11533,1,1,0,3,0,0,1,0,0,0,0,1
ENSMUSG00000001445,Mrpl10,937,1106,814,881,948,321,887,912,1020,807,852,916
ENSMUSG00000085262,Gm11574,1,3,3,2,2,0,0,3,3,1,1,3
ENSMUSG00000038534,Osbpl7,388,404,278,288,299,98,284,298,315,296,386,346
ENSMUSG00000098769,Mir8103,0,0,0,0,0,0,0,0,0,1,0,0
ENSMUSG00000084068,Gm11573,0,0,0,0,0,0,0,0,0,0,0,0
ENSMUSG00000001444,Tbx21,3948,4256,2863,3017,2184,827,2539,2770,3132,2857,2419,2207
ENSMUSG00000084368,Gm11572,0,0,0,0,0,0,0,0,0,0,1,0
ENSMUSG00000038517,Tbkbp1,1245,1233,959,987,627,259,683,864,1049,941,918,854
ENSMUSG00000099286,Mir7235,0,0,0,0,0,0,0,0,0,0,0,0
ENSMUSG00000001440,Kpnb1,20155,21347,16181,16227,18282,11023,13207,18408,19490,17868,19647,17855
ENSMUSG00000084936,Gm11583,0,0,0,0,0,0,0,0,0,1,0,0
ENSMUSG00000001441,Npepps,1510,1646,1387,1271,1533,912,1325,1491,1482,1382,1495,1454
ENSMUSG00000086680,Gm11592,1,6,4,3,4,0,2,1,2,1,4,0
ENSMUSG00000018882,Mrpl45,1387,1491,1175,1294,1416,701,1451,1376,1462,1280,1343,1245
ENSMUSG00000081958,Gm11594,0,0,0,0,0,0,0,0,0,0,0,0
ENSMUSG00000070337,Gpr179,27,23,15,17,22,17,20,18,20,30,42,37
ENSMUSG00000038485,Socs7,2592,2574,1939,1975,2110,845,1535,1932,2324,2174,1864,1923
ENSMUSG00000049807,Arhgap23,25,25,32,26,21,16,12,17,13,23,10,12
ENSMUSG00000047988,4933428G20Rik,0,0,0,0,0,2,0,0,1,0,0,0
ENSMUSG00000038453,Srcin1,2,6,4,1,4,11,5,2,2,1,9,2
ENSMUSG00000087042,Gm11611,0,0,0,0,0,0,0,0,0,0,0,0
ENSMUSG00000085860,2410003L11Rik,1,0,0,0,0,0,1,0,0,2,2,4
ENSMUSG00000043439,Epop,4259,4441,2953,3017,3592,829,2897,3134,4381,3766,4046,4107
ENSMUSG00000084211,Gm11949,0,0,0,0,0,0,0,0,0,2,0,0
ENSMUSG00000084310,Gm11950,0,0,0,0,0,0,0,0,1,0,0,0
ENSMUSG00000079889,Gm11951,1,0,0,0,1,0,0,1,0,0,0,0
ENSMUSG00000056579,Tug1,2012,1922,1635,1566,1438,1144,1029,1497,1816,1808,1596,1467
ENSMUSG00002075304,#N/A,0,0,0,0,0,0,0,0,0,0,0,0
ENSMUSG00002076556,#N/A,0,0,0,0,0,0,0,0,0,0,0,0
ENSMUSG00002076847,#N/A,0,0,0,0,0,0,0,0,0,0,0,0
ENSMUSG00002075685,#N/A,0,0,0,0,0,0,0,0,0,0,0,0
ENSMUSG00000034543,Morc2a,3355,3510,2852,2892,2497,1819,1944,2705,3156,2988,2903,2688
ENSMUSG00002076258,#N/A,0,0,0,0,0,0,0,0,0,0,0,0
ENSMUSG00000083015,Gm16518,0,0,0,0,0,1,0,0,0,0,0,0
ENSMUSG00000082897,Gm11982,0,0,0,0,0,0,0,0,0,0,0,0
ENSMUSG00000082333,Gm11984,0,0,0,0,0,0,0,0,0,0,0,0
ENSMUSG00000099102,Gm11983,0,1,0,0,2,1,0,0,0,0,1,0
ENSMUSG00000057113,Npm1,21433,21711,18409,18758,22760,22219,19947,20476,21709,21091,23574,21455
ENSMUSG00000099902,Gm12115,2,1,1,1,1,2,1,1,1,3,2,2
ENSMUSG00000040610,Tlx3,0,0,1,0,0,0,0,0,0,0,0,0
ENSMUSG00000087501,Gm12116,0,0,0,0,0,2,0,0,0,0,0,0
ENSMUSG00000098456,Gm12117,0,3,1,6,2,1,2,0,0,0,0,2
ENSMUSG00000018925,Heatr9,4,11,15,16,2,1,3,9,9,6,1,1
ENSMUSG00000119339,#N/A,0,0,0,0,0,0,0,0,0,0,0,0
ENSMUSG00000035042,Ccl5,1234,1273,1304,1395,837,293,915,716,858,708,546,497
ENSMUSG00000019122,Ccl9,1624,1616,1331,1386,777,519,665,579,1145,932,529,463
ENSMUSG00000051832,E230016K23Rik,5,6,1,1,1,0,0,2,0,1,1,0
ENSMUSG00000018927,Ccl6,3,0,0,1,0,1,0,0,3,1,0,1
ENSMUSG00000000982,Ccl3,65571,72625,47416,48899,34647,25459,32288,34873,44224,39717,32095,28543
ENSMUSG00000018930,Ccl4,36600,48394,32472,36039,18373,7245,20552,19603,26825,24646,13098,12440
ENSMUSG00000083664,Gm11433,0,0,0,0,0,0,0,0,0,0,0,0
ENSMUSG00000083932,Gm11438,0,0,0,0,0,0,0,0,0,0,0,0
ENSMUSG00000081449,Gm11432,0,0,0,0,0,0,0,0,0,0,0,0
ENSMUSG00000080927,Gm11430,0,0,0,1,0,1,0,0,1,0,0,0
ENSMUSG00000081906,Rpl9-ps1,0,3,1,2,3,0,0,2,0,1,1,0
ENSMUSG00000020936,Nmt1,2941,3466,2682,2839,2957,1534,3066,3005,3161,2874,2821,2629
ENSMUSG00000020937,Plcd3,5,3,2,1,2,2,2,2,4,3,2,3
ENSMUSG00000056938,Acbd4,67,79,51,40,52,19,51,63,51,35,58,49
ENSMUSG00000048878,Hexim1,1567,1666,1419,1448,1676,816,1414,1638,1703,1447,1639,1470
ENSMUSG00000043372,Hexim2,68,94,59,59,99,41,68,69,78,60,62,54
ENSMUSG00000055805,Fmnl1,7474,7345,6139,6104,6008,3300,5942,7268,6015,5459,6535,5708
ENSMUSG00000092371,Gm20511,3,0,0,1,3,1,0,1,1,0,2,2
ENSMUSG00000020940,Efcab15,0,0,0,0,0,0,0,0,3,1,0,0
ENSMUSG00000044787,Spata32,1,0,2,0,3,1,1,0,1,2,3,1
ENSMUSG00000020941,Map3k14,1058,1058,823,847,598,288,770,874,771,726,595,617
ENSMUSG00000078635,1700028N14Rik,1,3,5,3,3,7,2,4,4,1,1,5
ENSMUSG00000085887,Arhgap27os3,78,76,59,51,68,70,37,54,61,59,93,94
ENSMUSG00000085360,Arhgap27os2,13,11,6,9,1,0,12,7,12,9,4,5
ENSMUSG00000085733,Arhgap27os1,1,0,0,1,0,0,1,0,1,0,0,0
ENSMUSG00000034247,Plekhm1,531,567,461,470,445,210,400,527,460,423,438,445
ENSMUSG00000110636,Gm39397,0,0,0,0,0,0,0,0,0,0,0,0
ENSMUSG00000034255,Arhgap27,705,749,504,503,523,208,439,535,555,582,584,603
ENSMUSG00000020490,Btnl10,0,0,0,0,0,4,0,0,0,0,0,0
ENSMUSG00000020496,Rnf187,2684,2821,1924,2015,2623,617,2147,2193,2880,2376,2895,2805
ENSMUSG00000036964,Trim17,1,0,0,0,0,0,0,0,1,1,0,0
ENSMUSG00002075890,#N/A,0,0,2,0,0,2,0,0,0,0,0,2
ENSMUSG00000085379,2310058D17Rik,30,31,40,23,33,26,26,39,33,29,51,41
ENSMUSG00000020455,Trim11,706,740,618,636,609,340,556,643,676,586,702,706
ENSMUSG00000072902,Gm10435,0,0,0,0,0,0,0,0,0,0,0,0
ENSMUSG00000080152,H3f4,1,0,0,0,0,0,1,0,0,0,0,0
ENSMUSG00000056895,H2bu2,5,8,12,22,13,3,19,29,17,13,2,2
ENSMUSG00000080712,H2bu1-ps,2,0,4,3,5,2,3,3,1,2,1,3
ENSMUSG00000078851,H2aw,9,11,4,10,8,8,5,6,6,8,2,5
ENSMUSG00002076393,#N/A,0,0,0,0,0,0,0,0,0,0,0,0
ENSMUSG00000087058,Gm12301,0,0,0,0,0,0,0,0,0,0,0,0
ENSMUSG00000049928,Glp2r,0,0,0,0,0,1,0,0,0,0,0,0
ENSMUSG00000020907,Rcvrn,0,0,0,0,0,0,0,0,0,0,0,0
ENSMUSG00000097886,Gsg1l2,0,0,0,0,0,0,0,0,0,0,0,0
ENSMUSG00000033044,Dhrs7c,0,0,0,0,0,1,0,0,0,0,0,0
ENSMUSG00000033066,Gas7,4,4,3,3,2,2,0,4,0,4,1,1
ENSMUSG00000085609,1700016P03Rik,13,22,17,15,19,18,23,15,17,12,11,15
ENSMUSG00000065590,Mir212,6,6,1,4,0,0,4,1,3,3,1,1
ENSMUSG00000065537,Mir132,1,0,2,1,4,0,0,1,4,4,0,1
ENSMUSG00000038268,Ovca2,489,577,425,439,482,273,424,463,495,473,435,424
ENSMUSG00000078789,Dph1,637,685,587,603,554,129,369,473,614,569,415,421
ENSMUSG00000045287,Rtn4rl1,62,81,62,50,58,24,41,54,76,76,35,32
ENSMUSG00000043099,Hic1,848,816,719,782,833,194,633,631,768,708,671,687
ENSMUSG00000113934,Gm48609,0,2,1,0,0,1,0,0,0,2,0,1
ENSMUSG00000094597,Gm4810,0,0,0,0,0,0,0,0,0,1,1,0
ENSMUSG00000114381,Gm47361,0,0,0,0,0,0,0,0,0,0,0,0
ENSMUSG00000065256,Gm23972,0,0,0,0,0,0,0,0,0,0,0,0
ENSMUSG00000113609,Gm47190,0,0,0,0,0,0,0,0,0,0,0,0
ENSMUSG00000114957,Gm47316,0,0,0,0,0,0,0,0,0,0,0,0
ENSMUSG00000113850,Gm47191,0,0,0,0,0,0,0,0,0,0,0,0
ENSMUSG00000113124,Gm47193,0,0,0,0,0,0,0,0,0,0,0,0
ENSMUSG00000052075,1700029F12Rik,0,0,0,0,0,2,0,0,0,0,0,0
ENSMUSG00000113753,Gm5791,4,13,8,8,8,3,16,11,5,7,10,6
ENSMUSG00000113405,Gm4935,0,0,0,0,0,0,0,0,0,0,0,0
ENSMUSG00000114168,Gm47194,0,0,0,0,0,0,0,0,0,0,0,0
ENSMUSG00000113469,Gm7065,3,1,1,3,1,0,5,1,4,2,3,1
ENSMUSG00000033063,Cntnap3,0,0,0,0,0,0,0,0,0,0,0,0
ENSMUSG00000114179,Eif1-ps2,2,1,1,1,4,0,2,1,0,0,2,3
ENSMUSG00000047094,Ofcc1,0,0,0,0,0,1,0,0,0,0,0,0
ENSMUSG00000041817,Fam169a,4,4,1,4,7,3,2,3,2,10,4,2
ENSMUSG00000056223,Spata31,0,0,0,0,0,0,0,0,0,0,0,0
ENSMUSG00000114248,Gm8352,0,0,0,0,0,0,0,0,0,0,0,0
ENSMUSG00000113263,Gm4811,2,1,1,5,0,1,4,0,1,0,2,1
ENSMUSG00000114215,Gm47038,0,0,0,0,0,0,0,0,0,0,0,0
ENSMUSG00000114198,Gm47039,0,0,0,0,0,0,0,0,0,0,0,0
ENSMUSG00000113807,Gm6888,0,0,0,0,0,0,0,0,0,0,0,0
ENSMUSG00000057762,Gm6169,14,5,2,5,1,0,5,1,9,1,1,3
ENSMUSG00000114322,Gm47041,0,0,0,0,1,0,0,0,0,0,1,0
ENSMUSG00000055732,Gm9979,0,0,0,0,0,0,0,0,0,0,0,0
ENSMUSG00000074849,Spata31d1c,0,0,0,0,0,0,0,0,0,0,0,0
ENSMUSG00000060739,Nsa2,1282,1417,1100,1137,958,671,1212,1262,1307,1135,1048,926
ENSMUSG00000090658,Prss47,0,0,0,0,1,0,0,0,0,0,0,0
ENSMUSG00000038212,Mfsd14b,1462,1451,1157,1045,1162,742,1023,1175,1324,1227,1123,1213
ENSMUSG00000114162,Gm3785,0,0,0,0,0,0,0,0,0,0,0,0
ENSMUSG00000114189,9330199G10Rik,0,0,0,0,0,0,0,0,0,0,0,0
ENSMUSG00000108426,Olfr465-ps1,0,0,0,0,0,0,0,0,0,0,0,0
ENSMUSG00000113251,Gm18363,0,1,0,0,0,0,0,0,0,0,0,0
ENSMUSG00000049806,Olfr466,0,0,0,0,0,0,0,0,0,0,0,0
ENSMUSG00000089161,Gm24130,0,0,0,0,0,0,0,0,0,0,0,0
ENSMUSG00000002808,Epdr1,5,2,2,4,2,3,1,5,3,3,1,1
ENSMUSG00000021359,Tfap2a,13,11,7,5,13,13,19,7,12,11,20,10
ENSMUSG00000114936,Gm47061,1,1,5,0,2,3,2,1,3,3,3,1
ENSMUSG00000097752,Gm26688,0,0,0,0,0,0,0,0,0,0,1,0
ENSMUSG00000021319,Sfrp4,0,0,0,0,0,1,0,0,0,0,0,0
ENSMUSG00000114597,Gm47067,0,0,0,0,0,0,0,0,0,0,1,0
ENSMUSG00000114640,Gm48107,0,0,0,0,0,0,0,0,0,0,0,0
ENSMUSG00000090475,Gm6245,0,1,3,1,0,0,4,1,0,4,0,2
ENSMUSG00000114263,Gm7201,0,0,0,0,0,1,0,0,0,0,0,0
ENSMUSG00000114560,Gm35160,0,0,0,0,0,0,0,0,0,0,0,0
ENSMUSG00000032999,Nlrp4f,0,1,0,0,0,0,0,0,0,0,0,0
ENSMUSG00000113500,Gm47249,0,0,0,0,0,0,0,0,0,0,0,0
ENSMUSG00000110393,Gm36445,73,63,71,74,52,78,64,84,62,58,75,58
ENSMUSG00000113946,Gm47250,0,0,0,0,0,0,0,0,0,0,0,0
ENSMUSG00000113238,Gm47251,0,0,0,0,2,0,0,0,0,1,0,0
ENSMUSG00000074847,Gm10775,0,0,0,0,0,0,0,0,0,0,1,0
ENSMUSG00000112960,Gm47254,0,0,0,0,1,0,0,1,0,2,1,0
ENSMUSG00000021360,Gcnt2,12,14,21,19,11,18,13,10,12,15,16,14
ENSMUSG00000093269,Mir5124a,0,0,0,0,0,0,0,0,0,0,0,0
ENSMUSG00000114672,Gm48192,0,0,0,0,0,0,0,0,0,0,0,0
ENSMUSG00000114662,Gm31683,0,0,0,1,0,0,0,0,0,0,0,0
ENSMUSG00000114601,Gm48188,0,0,0,0,0,0,0,0,0,0,0,0
ENSMUSG00000114723,5530402G07Rik,0,0,0,0,0,1,0,0,0,0,0,0
ENSMUSG00000086693,A730081D07Rik,0,0,0,0,0,0,2,0,0,0,0,1
ENSMUSG00000021514,Zfp369,284,258,264,238,250,145,182,220,210,232,281,283
ENSMUSG00000114016,Gm47258,5,14,8,7,7,2,2,4,3,7,10,5
ENSMUSG00000114194,Gm3800,1,1,0,1,0,0,4,1,1,0,1,0
ENSMUSG00000113990,Gm47263,0,0,0,0,0,0,0,0,0,0,0,0
ENSMUSG00000113406,Gm7762,0,0,0,0,0,0,0,0,0,0,0,0
ENSMUSG00000114142,Gm47264,0,0,0,0,0,0,0,0,0,0,0,0
ENSMUSG00000113145,Vmn2r-ps95,0,0,0,0,0,0,0,0,0,0,0,0
ENSMUSG00000113551,Gm7768,0,0,0,0,0,0,0,0,0,0,0,0
ENSMUSG00000112935,Gm40983,0,0,0,0,0,0,0,0,0,0,0,0
ENSMUSG00000113301,Gm48103,0,0,0,0,0,0,0,0,0,0,0,0
ENSMUSG00000113911,Gm21930,0,0,0,0,0,0,0,0,0,0,0,0
ENSMUSG00000113388,Gm48111,0,0,0,0,0,0,0,0,0,0,0,0
ENSMUSG00000113207,Cbx3-ps5,0,0,0,0,0,0,0,0,0,0,0,0
ENSMUSG00000114065,Vmn2r-ps96,0,0,0,0,0,0,0,0,0,0,0,0
ENSMUSG00000041138,Nme8,0,0,0,0,0,2,0,0,0,0,0,0
ENSMUSG00000113709,Hmgb1-ps11,0,0,0,0,0,0,0,0,0,0,0,0
ENSMUSG00000038683,Pak1ip1,2193,2510,1929,2083,1771,1291,1950,1911,2297,2049,1786,1658
ENSMUSG00000114031,Gm48136,0,0,0,0,0,0,0,0,0,0,0,0
ENSMUSG00000113468,Gm48165,0,0,0,0,0,0,0,0,0,0,0,0
ENSMUSG00000114009,Gm47606,0,0,0,0,0,1,0,0,1,0,0,0
ENSMUSG00000113955,Gm48168,0,0,0,0,0,0,0,0,0,0,0,0
ENSMUSG00000113618,Gm48166,0,0,0,0,0,0,0,0,0,0,0,0
ENSMUSG00000047462,Gpr141b,0,0,0,0,1,0,0,0,0,0,1,0
ENSMUSG00000063905,Gm10139,0,0,0,0,0,0,0,0,0,0,0,0
ENSMUSG00000113008,Gm48171,0,0,0,0,0,0,0,0,0,0,0,0
ENSMUSG00000021361,Tmem14c,914,1010,783,833,1022,432,927,849,967,799,997,1004
ENSMUSG00000113661,Gm48169,0,0,0,0,0,0,0,0,0,0,0,0
ENSMUSG00000113482,Gm48167,0,0,0,0,0,0,0,0,0,0,0,0
ENSMUSG00000113565,Cbx3-ps2,0,0,0,0,0,0,0,0,0,0,0,0
ENSMUSG00000113381,Vmn2r-ps97,0,0,0,0,0,0,0,0,0,0,0,0
ENSMUSG00000113118,Gm3829,0,0,0,0,0,0,0,0,0,0,0,0
ENSMUSG00000053101,Gpr141,147,147,127,135,62,43,55,71,63,92,76,69
ENSMUSG00000097562,Gm26639,0,0,0,0,0,0,0,0,0,0,0,0
ENSMUSG00000113542,Gm19154,0,0,0,0,0,0,0,0,0,0,0,0
ENSMUSG00000113135,Gm48170,0,0,0,0,0,1,0,0,0,0,0,0
ENSMUSG00000050243,Gm5446,8,0,9,3,3,2,1,4,5,5,10,2
ENSMUSG00000113641,Gm48164,0,0,0,0,0,0,0,0,0,0,0,0
ENSMUSG00000113870,Gm48185,0,0,0,0,0,0,0,0,0,0,0,0
ENSMUSG00000113461,Gm48186,0,0,0,0,0,0,0,0,0,0,0,0
ENSMUSG00000113260,Gm19428,0,0,0,0,0,0,0,0,0,0,0,0
ENSMUSG00000113513,Gm19118,0,0,0,0,0,0,0,0,0,0,0,0
ENSMUSG00000117836,Vmn2r-ps98,0,0,0,0,0,0,0,0,0,0,0,0
ENSMUSG00000113712,Gm38428,0,0,0,0,0,0,0,0,0,0,0,0
ENSMUSG00000041112,Elmo1,5008,5244,3858,3677,4858,3213,3363,3810,4193,3820,5765,5062
ENSMUSG00000113649,Gm47665,4,1,6,3,3,4,1,14,7,3,3,5
ENSMUSG00000113313,Gm32036,0,0,0,0,2,0,0,0,0,0,0,0
ENSMUSG00000113183,Gm47664,7,10,12,9,4,15,16,11,6,4,3,9
ENSMUSG00000113557,Gm47657,7,8,10,5,7,4,3,7,7,1,9,6
ENSMUSG00000113130,Gm47721,0,0,0,0,0,0,0,0,0,0,0,0
ENSMUSG00000097951,Gm7611,14,10,8,10,3,0,9,11,8,11,6,8
ENSMUSG00000113168,Gm7614,2,0,4,1,7,0,1,0,4,2,0,4
ENSMUSG00000114226,Gm48412,0,0,1,0,1,8,0,0,0,0,2,0
ENSMUSG00000114353,Gm7896,0,0,0,0,0,0,0,0,0,0,0,0
ENSMUSG00000114314,Gm48413,0,0,0,0,0,0,0,0,0,0,0,0
ENSMUSG00000117784,Vmn2r-ps108,0,0,0,0,0,0,0,0,0,0,0,0
ENSMUSG00000114793,Gm48414,0,0,0,0,0,0,0,0,0,0,0,0
ENSMUSG00000114816,Gm10323,0,0,0,0,0,0,0,0,0,0,0,0
ENSMUSG00000071294,Cbx3-ps4,0,0,0,0,0,0,0,0,0,0,0,0
ENSMUSG00000021322,Aoah,2,4,1,1,0,2,4,2,1,2,6,2
ENSMUSG00000114489,Vmn2r-ps109,0,0,0,0,0,0,0,0,0,0,0,0
ENSMUSG00000095847,Gm5451,2,2,5,2,1,0,2,3,2,3,0,1
ENSMUSG00000114070,Gm47727,0,2,0,0,0,0,1,0,0,0,0,0
ENSMUSG00000114374,Gm7911,0,0,0,0,0,0,0,1,0,0,3,0
ENSMUSG00002076378,#N/A,0,0,0,0,0,0,0,0,0,0,0,0
ENSMUSG00000042869,Olfr1370,0,0,0,0,0,0,0,0,0,0,0,0
ENSMUSG00000021520,Uqcrb,205,256,201,204,279,88,241,214,211,207,191,201
ENSMUSG00000074826,Gm10767,3,12,4,14,15,7,11,5,14,13,18,14
ENSMUSG00000060404,Olfr1369-ps1,0,0,0,0,0,0,0,0,0,0,1,0
ENSMUSG00000071522,Olfr263,0,0,0,0,0,0,0,0,0,0,0,0
ENSMUSG00000045474,Olfr1368,0,0,0,0,0,0,0,0,0,0,0,0
ENSMUSG00000113104,Gm47806,0,0,0,0,0,0,0,0,0,0,0,0
ENSMUSG00000021363,Mak,1,2,2,0,0,0,1,2,0,1,2,2
ENSMUSG00000114385,Gm48344,0,0,0,0,0,0,0,0,0,0,0,0
ENSMUSG00000021326,Trim27,3264,3595,2777,2794,2941,1243,2697,2757,3260,2954,2926,2855
ENSMUSG00000021666,Gfm2,772,842,660,605,836,580,566,705,691,698,939,887
ENSMUSG00000021362,Gcm2,1,2,4,0,0,0,0,2,0,1,0,0
ENSMUSG00000021519,Mterf3,608,688,625,600,574,425,587,635,674,553,561,557
ENSMUSG00000004344,Gpx5,0,0,0,0,0,0,0,0,0,0,0,0
ENSMUSG00000084414,Gm11270,0,0,0,0,0,0,1,1,0,0,0,0
ENSMUSG00000004341,Gpx6,0,0,0,0,0,0,0,0,0,0,0,0
ENSMUSG00000045508,Olfr1367,0,0,0,0,0,0,0,0,0,0,0,0
ENSMUSG00000038651,Sycp2l,0,0,0,1,1,0,0,0,0,0,0,0
ENSMUSG00000118616,BX001068.1,0,0,0,0,0,0,0,0,0,0,0,0
ENSMUSG00000114388,Gm48510,0,0,0,0,0,1,0,0,0,0,0,0
ENSMUSG00000021665,Hexb,572,677,644,722,453,195,808,877,524,494,288,262
ENSMUSG00000114583,Gm48881,0,0,0,0,0,0,0,0,0,0,0,0
ENSMUSG00000036721,Zscan12,259,307,234,239,260,235,217,264,278,250,229,242
ENSMUSG00000081191,Gm11271,0,0,0,0,0,0,0,0,0,0,0,0
ENSMUSG00000041773,Enc1,2269,2254,2316,2189,1962,1032,1380,1790,1876,1840,995,1041
ENSMUSG00000097932,C430039J16Rik,0,0,0,0,0,0,0,0,0,0,0,0
ENSMUSG00000114425,Gm33447,0,0,0,0,0,0,0,0,0,0,0,1
ENSMUSG00000078952,Lncenc1,0,1,2,2,0,2,0,0,1,0,1,1
ENSMUSG00000098238,Gm8756,51,52,29,52,41,28,64,67,53,48,35,33
ENSMUSG00000021518,Ptdss1,1870,2228,1639,1792,1634,713,1547,1641,1825,1673,1439,1432
ENSMUSG00000114926,Gm2379,0,0,0,0,0,0,0,0,0,0,0,0
ENSMUSG00000114415,Gm41030,0,0,0,0,0,0,0,0,0,0,0,0
ENSMUSG00000114837,Gm48090,0,0,0,0,0,0,0,0,0,0,0,0
ENSMUSG00000021364,Elovl2,4,0,4,4,5,7,4,1,4,2,5,2
ENSMUSG00000114362,4933433G19Rik,0,0,0,1,1,2,0,0,0,1,0,0
ENSMUSG00000110235,Gm5086,0,0,1,2,0,7,0,0,1,4,1,0
ENSMUSG00000114238,Rps17-ps1,0,0,0,0,1,0,0,0,0,0,0,0
ENSMUSG00000114599,Gm48070,0,0,0,0,0,0,0,0,0,0,0,0
ENSMUSG00000114247,Gm32063,0,0,0,0,0,1,1,0,0,0,0,0
ENSMUSG00000090641,Zfp712,56,50,52,55,64,76,30,74,59,36,74,94
ENSMUSG00000114834,Gm48705,0,0,0,1,0,0,0,0,1,0,0,0
ENSMUSG00000054944,5330416C01Rik,0,0,0,0,0,2,0,0,0,0,1,0
ENSMUSG00000097346,Rps18-ps4,0,0,0,0,1,0,1,0,0,0,0,0
ENSMUSG00000114516,Gm46440,0,0,1,0,0,4,2,0,0,1,1,1
ENSMUSG00000091264,Smim13,789,861,649,709,707,445,567,737,768,744,668,598
ENSMUSG00000069117,Gm10260,6,6,3,4,3,3,5,2,4,2,6,7
ENSMUSG00000090853,Gm17364,0,0,0,0,0,0,0,0,0,0,0,0
ENSMUSG00000114294,Gm47577,0,0,0,0,0,0,0,0,0,0,0,0
ENSMUSG00000114348,Gm41031,0,0,0,0,0,0,1,1,1,2,0,3
ENSMUSG00000114474,Gm34388,0,0,0,0,0,0,0,0,0,0,0,0
ENSMUSG00000058883,Zfp708,0,0,0,0,0,0,0,0,0,0,0,0
ENSMUSG00000021327,Zkscan3,646,746,648,556,930,578,516,627,594,633,864,814
ENSMUSG00000098790,Mir6942,4,2,3,3,3,0,3,6,1,6,3,4
ENSMUSG00000118467,Gm50481,0,0,0,0,0,0,0,0,0,0,0,0
ENSMUSG00000100235,Gm28557,2,8,3,5,3,1,6,1,2,2,4,6
ENSMUSG00000114603,Gm17938,6,8,5,2,4,11,5,9,8,2,19,5
ENSMUSG00000074824,Rslcan18,0,9,3,3,2,5,0,1,3,1,2,2
ENSMUSG00000021365,Nedd9,6955,7459,5408,5643,3618,2618,3767,4986,5406,5128,3303,3081
ENSMUSG00000097373,Gm26877,4,2,7,9,5,3,6,5,9,2,2,2
ENSMUSG00000055313,Pgbd1,14,11,15,15,20,13,9,16,10,9,24,18
ENSMUSG00000114914,Gm48571,0,0,0,0,0,0,0,0,0,0,0,0
ENSMUSG00000114552,Gm48570,0,0,0,0,0,0,0,0,0,0,0,0
ENSMUSG00000085788,4930470G03Rik,2,3,1,2,0,2,2,0,2,3,1,2
ENSMUSG00000114537,Gm48569,3,9,10,3,1,3,2,3,1,2,0,1
ENSMUSG00000057396,Zfp759,58,57,61,38,56,66,40,59,65,70,54,57
ENSMUSG00000114585,Gm32401,8,13,4,8,4,10,9,7,7,6,4,13
ENSMUSG00000114568,Gm48732,0,0,0,0,0,0,0,0,0,0,0,0
ENSMUSG00000114545,Gm32184,0,0,0,1,0,0,0,0,0,0,0,0
ENSMUSG00000114677,Gm48733,0,0,0,0,0,0,0,0,0,0,0,0
ENSMUSG00002076455,#N/A,0,0,0,0,0,0,0,0,0,0,0,0
ENSMUSG00000022228,Zscan26,690,674,576,569,559,479,433,595,562,535,725,699
ENSMUSG00000084590,Mir1896,0,0,0,0,0,0,0,0,0,0,0,0
ENSMUSG00000087370,Tmem170b,779,834,748,692,735,527,521,756,716,664,700,705
ENSMUSG00000054258,Gm5082,0,1,0,0,0,0,0,0,0,0,0,1
ENSMUSG00000058900,Rsl1,189,198,119,134,139,102,136,135,190,160,152,163
ENSMUSG00000114870,Gm49646,0,0,0,0,0,0,1,1,0,0,0,0
ENSMUSG00000114805,Gm9626,0,0,2,1,1,0,0,1,1,0,0,1
ENSMUSG00000051037,Zfp455,52,55,42,32,37,45,23,41,39,37,52,47
ENSMUSG00000114771,Gm49064,1,0,0,0,1,0,0,0,0,1,0,3
ENSMUSG00000055480,Zfp458,66,38,45,45,40,76,32,51,44,44,53,60
ENSMUSG00000114442,F630042J09Rik,0,0,0,1,1,6,0,0,0,1,2,0
ENSMUSG00000055341,Zfp457,2,4,1,4,8,3,1,1,2,3,4,5
ENSMUSG00000114863,Gm48824,2,2,1,3,1,1,2,1,0,3,1,4
ENSMUSG00000057842,Zfp595,279,211,224,218,272,267,159,208,201,224,328,286
ENSMUSG00000098781,Gm28044,1,1,0,2,0,0,0,0,0,1,0,1
ENSMUSG00000058022,Adtrp,0,2,1,0,2,0,0,2,0,0,1,0
ENSMUSG00000098905,Zfp953,225,228,136,171,171,133,100,170,169,196,212,179
ENSMUSG00000085759,1700061E18Rik,0,0,0,0,0,0,0,0,0,0,0,0
ENSMUSG00000099672,Gm28564,0,0,0,0,0,0,0,0,0,0,0,0
ENSMUSG00000103479,Gm37698,0,0,0,0,0,0,0,0,0,0,0,0
ENSMUSG00000098692,Gm28041,0,2,0,0,0,0,1,0,0,0,0,0
ENSMUSG00000092103,Gm17039,1,0,0,0,0,0,0,0,0,0,0,0
ENSMUSG00000113856,Gm10790,0,0,0,0,0,2,0,0,0,0,1,0
ENSMUSG00000089035,Gm22157,0,0,0,0,0,0,0,0,0,0,0,0
ENSMUSG00000100071,Gm28707,3,0,1,1,1,1,3,1,1,0,1,0
ENSMUSG00000078995,Zfp456,76,71,64,50,75,58,43,58,62,59,69,88
ENSMUSG00000021366,Hivep1,2641,2769,2981,2773,3108,2076,2010,3424,2707,2795,2044,2001
ENSMUSG00000021367,Edn1,31,24,31,46,23,28,13,8,13,14,10,5
ENSMUSG00000113619,Gm47118,0,0,0,0,0,0,0,0,0,0,0,0
ENSMUSG00000113000,Gm6049,0,0,0,0,0,0,0,0,0,0,0,0
ENSMUSG00000113367,Gm47125,0,0,0,0,0,0,0,0,0,0,0,0
ENSMUSG00000078994,Zfp429,158,132,108,98,126,60,99,117,109,107,118,114
ENSMUSG00002076214,#N/A,0,0,0,0,0,0,0,0,0,0,0,0
ENSMUSG00000114726,Gm48900,0,0,0,0,0,0,0,0,0,0,0,0
ENSMUSG00000055560,Zfp459,36,48,24,17,50,32,25,20,38,34,70,41
ENSMUSG00000069307,Hist1h2bq,0,0,0,0,0,0,0,0,0,0,0,0
ENSMUSG00000094248,Hist1h2ao,0,0,0,0,0,0,0,0,0,0,0,0
ENSMUSG00002075597,#N/A,0,0,0,0,0,0,0,0,0,0,0,0
ENSMUSG00000069306,Hist1h4m,0,0,0,0,0,0,0,0,0,0,0,0
ENSMUSG00000069305,Hist1h4n,1,0,2,2,1,0,1,3,1,0,0,0
ENSMUSG00000094777,Hist1h2ap,0,0,0,0,0,0,0,0,0,0,0,0
ENSMUSG00002076367,#N/A,0,0,0,0,0,0,0,0,0,0,0,0
ENSMUSG00000069303,Hist1h2br,0,0,0,0,0,0,0,0,0,0,0,0
ENSMUSG00000080770,Gm11278,0,0,0,0,0,0,0,0,0,0,0,0
ENSMUSG00000088148,Mir1983,0,0,0,0,1,0,0,0,0,0,0,0
ENSMUSG00000081576,Gm11279,0,0,0,0,0,0,0,0,0,0,0,0
ENSMUSG00002076138,#N/A,0,0,0,0,0,0,0,0,0,0,0,0
ENSMUSG00000085393,Gm11280,0,0,0,0,0,3,0,0,0,0,0,0
ENSMUSG00000069206,Zfp874a,85,125,116,104,92,65,95,121,124,107,140,94
ENSMUSG00000103398,Gm38307,0,0,0,0,0,0,0,0,0,0,0,0
ENSMUSG00000097244,Gm7928,0,0,0,1,0,1,0,0,0,0,1,0
ENSMUSG00000021662,Arhgef28,3,1,1,0,0,4,1,0,0,0,1,1
ENSMUSG00000006720,Zfp184,3,1,1,4,1,4,2,4,2,0,8,3
ENSMUSG00000059839,Zfp874b,77,87,69,85,87,54,80,90,77,80,82,97
ENSMUSG00000078917,Gm11281,19,6,4,6,4,5,2,1,13,8,1,12
ENSMUSG00000114788,Gm48899,0,0,0,0,0,0,0,0,0,0,0,0
ENSMUSG00000081265,Gm11282,0,0,0,0,0,0,0,0,0,0,0,0
ENSMUSG00000016982,Pom121l2,0,1,1,0,0,0,0,2,1,0,1,0
ENSMUSG00000006179,Prss16,46,43,36,33,58,28,42,65,49,38,79,98
ENSMUSG00000071291,Zfp58,93,68,76,91,105,79,76,103,115,80,85,98
ENSMUSG00000085827,Gm11290,0,2,0,0,0,0,0,0,0,0,2,0
ENSMUSG00000097565,Gm26965,0,0,0,0,0,0,0,0,0,0,0,0
ENSMUSG00000043145,Gm11292,0,1,0,0,0,1,0,0,0,0,0,0
ENSMUSG00000069302,H2ac12,0,1,1,4,8,3,3,2,1,4,3,2
ENSMUSG00002076329,#N/A,0,0,0,0,0,0,0,0,0,0,0,0
ENSMUSG00000041747,Utp15,3864,4154,3279,3430,3226,1955,2926,3344,3572,3242,3180,2949
ENSMUSG00000062727,H2bc12,10,10,12,18,18,7,22,19,22,6,9,11
ENSMUSG00000060639,H4c9,55,84,74,67,70,16,101,78,70,57,29,30
ENSMUSG00000069301,H2ac11,2,5,5,5,7,7,10,13,8,3,2,0
ENSMUSG00002075113,#N/A,0,0,0,0,0,2,0,0,0,0,0,0
ENSMUSG00000069300,H2bc11,18,24,30,26,39,14,46,32,21,24,21,19
ENSMUSG00000114817,Gm48356,0,2,1,0,0,0,0,1,1,0,0,0
ENSMUSG00000083873,Vmn1r-ps92,0,0,0,0,0,0,0,0,0,0,0,0
ENSMUSG00000082869,Vmn1r-ps93,0,0,0,0,0,0,0,0,0,0,0,0
ENSMUSG00000084072,Gm11285,0,1,1,0,0,0,1,0,2,0,0,1
ENSMUSG00002075366,#N/A,0,0,0,0,0,0,0,0,0,0,0,0
ENSMUSG00000097333,Zfp87,297,372,232,269,297,184,207,263,276,294,283,275
ENSMUSG00000069299,Vmn1r188,0,0,0,0,0,0,0,0,0,0,0,0
ENSMUSG00000081334,Vmn1r-ps94,0,0,0,0,0,0,0,0,0,0,0,0
ENSMUSG00000095432,Zfp748,384,391,286,302,359,325,221,323,353,366,416,417
ENSMUSG00000099611,Vmn1r189,0,0,0,0,0,0,0,0,0,0,0,0
ENSMUSG00000081469,Vmn1r-ps95,0,0,0,0,0,0,0,0,0,0,0,0
ENSMUSG00000114620,Vmn1r-ps96,0,0,0,0,0,0,0,0,0,0,0,0
ENSMUSG00000083167,Vmn1r-ps97,0,0,0,0,0,0,0,0,0,0,0,0
ENSMUSG00000089973,Vmn1r190-ps,0,0,0,0,0,0,0,0,0,0,0,0
ENSMUSG00000083319,Gm11284,0,0,0,0,0,0,0,0,0,0,1,0
ENSMUSG00000097360,9430065F17Rik,0,2,2,2,2,5,1,6,2,1,2,3
ENSMUSG00000095916,Vmn1r191,0,0,0,0,0,0,0,0,0,0,0,0
ENSMUSG00000083348,Vmn1r-ps99,0,0,0,0,0,0,0,0,0,0,0,0
ENSMUSG00000099787,Vmn1r192,0,0,0,0,0,0,0,0,0,0,0,0
ENSMUSG00002076520,#N/A,0,0,0,0,0,0,0,0,0,0,0,0
ENSMUSG00002075763,#N/A,0,0,0,0,0,0,0,0,0,0,0,0
ENSMUSG00000058093,Zfp729b,272,287,193,196,224,259,206,254,204,295,266,212
ENSMUSG00000114923,Gm49345,0,0,0,0,0,0,0,0,0,0,0,0
ENSMUSG00000046932,Vmn1r193,0,0,0,0,0,0,0,0,0,0,0,0
ENSMUSG00000069297,Vmn1r194,0,0,0,0,0,0,0,0,0,0,0,0
ENSMUSG00000069296,Vmn1r195,0,0,0,0,0,0,0,0,0,0,0,0
ENSMUSG00000021510,Zfp729a,414,441,347,335,341,330,233,389,335,411,405,365
ENSMUSG00000084038,Gm11295,0,0,0,0,0,0,0,1,0,0,0,0
ENSMUSG00000114264,Gm48095,0,0,0,0,0,0,0,0,0,0,0,0
ENSMUSG00000069295,Vmn1r196,0,0,0,0,0,0,0,0,0,0,0,0
ENSMUSG00000082785,Vmn1r-ps100,0,0,0,0,0,0,0,0,0,0,0,0
ENSMUSG00000054728,Phactr1,0,0,0,1,1,1,1,1,0,0,0,0
ENSMUSG00000069294,Vmn1r197,1,0,0,0,0,0,0,0,0,0,0,0
ENSMUSG00000114499,Gm48489,0,0,0,0,0,0,0,0,0,0,0,0
ENSMUSG00000089710,Gm15810,0,0,0,0,0,0,0,0,0,0,0,0
ENSMUSG00000085276,Gm15812,0,0,0,1,0,1,1,0,1,0,0,0
ENSMUSG00000090135,Gm15809,0,0,0,0,0,0,0,0,0,0,0,0
ENSMUSG00002075558,#N/A,0,0,0,0,0,0,0,0,0,0,0,0
ENSMUSG00000095125,Vmn1r198,0,0,0,0,0,0,0,0,0,0,0,0
ENSMUSG00000114666,Vmn1r-ps101,0,0,0,0,0,0,0,0,0,0,0,0
ENSMUSG00000087202,Gm15813,0,0,0,0,0,0,0,0,0,0,0,0
ENSMUSG00000048280,Zfp738,373,344,247,272,251,276,180,306,263,367,324,277
ENSMUSG00000069292,Vmn1r199,0,0,0,0,0,0,0,0,0,0,0,0
ENSMUSG00000097470,Gm26587,4,2,4,1,1,0,2,1,1,3,1,1
ENSMUSG00000021661,Ankra2,457,490,383,381,361,258,377,343,403,413,395,378
ENSMUSG00000081080,Vmn1r-ps102,0,0,0,0,0,0,0,0,0,0,0,0
ENSMUSG00000097371,Gm26875,2,3,0,1,0,0,3,0,0,1,0,0
ENSMUSG00000096330,Gm21976,0,0,0,0,0,1,0,0,0,1,0,0
ENSMUSG00000101073,Vmn1r200,0,0,0,0,0,1,0,0,0,0,0,0
ENSMUSG00000084924,Vmn1r-ps103,0,0,0,0,0,0,0,0,0,0,0,0
ENSMUSG00000081283,Vmn1r-ps104,0,0,0,0,0,0,0,0,0,0,0,0
ENSMUSG00000083940,Gm11298,0,0,0,0,0,1,0,0,0,0,0,0
ENSMUSG00000071281,Zfp65,284,270,208,250,241,226,161,249,230,228,275,219
ENSMUSG00000114887,Gm48894,0,0,0,1,0,0,0,0,0,0,0,0
ENSMUSG00000094898,Vmn1r201,0,0,0,0,0,0,0,0,0,0,0,0
ENSMUSG00000081717,Vmn1r-ps106,0,0,0,0,0,0,0,0,0,0,0,0
ENSMUSG00000080697,Vmn1r-ps107,0,0,0,0,0,0,0,1,0,0,0,0
ENSMUSG00000044081,Zfp85os,6,5,1,2,2,3,2,1,7,0,2,2
ENSMUSG00000081495,Vmn1r-ps108,0,0,0,0,0,0,0,0,0,0,0,0
ENSMUSG00000094379,Vmn1r202,0,0,0,0,0,0,0,0,0,0,0,0
ENSMUSG00000058331,Zfp85,63,97,55,63,63,61,36,63,74,68,61,60
ENSMUSG00000069289,Vmn1r203,0,0,0,1,0,6,0,0,0,0,0,0
ENSMUSG00000087688,Gm11300,0,0,0,0,0,0,0,0,0,0,0,0
ENSMUSG00000052909,Gm9894,0,0,0,0,0,1,0,0,0,0,0,0
ENSMUSG00000094637,Vmn1r204,0,0,0,0,0,0,0,0,0,0,0,0
ENSMUSG00000100296,Vmn1r205,0,0,0,0,0,0,0,0,0,0,0,0
ENSMUSG00000101578,Vmn1r206,0,0,0,0,0,0,0,0,0,0,0,0
ENSMUSG00000081914,Vmn1r-ps109,0,0,0,0,0,0,0,0,0,0,0,0
ENSMUSG00000083413,Vmn1r-ps110,0,0,0,0,0,0,0,0,0,0,0,0
ENSMUSG00000082178,Gm11307,2,2,1,0,0,0,2,2,4,0,0,0
ENSMUSG00000083673,Vmn1r-ps111,0,0,0,0,0,0,0,0,0,0,0,0
ENSMUSG00000090659,Zfp493,47,50,29,26,60,38,20,36,35,45,59,64
ENSMUSG00000085221,Gm11309,0,0,0,0,0,0,0,0,0,0,0,0
ENSMUSG00000097276,4930525G20Rik,0,2,0,0,2,0,0,1,0,0,0,0
ENSMUSG00000097906,Gm9625,678,274,183,212,191,61,209,213,667,640,241,566
ENSMUSG00000084136,Vmn1r207,0,0,0,0,0,1,0,0,0,0,0,0
ENSMUSG00000082540,Vmn1r-ps112,0,0,0,0,0,0,0,0,0,0,0,0
ENSMUSG00000021660,Btf3,3015,3107,2444,2692,2847,1320,2645,2392,3742,3160,2529,2816
ENSMUSG00000081531,Vmn1r-ps113,0,0,0,0,0,0,0,0,0,0,0,0
ENSMUSG00000080730,Gm11313,0,0,0,0,2,0,1,0,0,1,0,0
ENSMUSG00000048603,Gm9828,27,16,14,13,15,13,17,18,23,12,19,18
ENSMUSG00000071493,Vmn1r208,0,0,0,0,0,1,0,0,0,0,0,0
ENSMUSG00000087643,Gm11314,0,0,0,0,0,0,0,0,0,0,0,0
ENSMUSG00000078302,Foxd1,0,1,1,1,0,0,1,3,0,1,1,0
ENSMUSG00000030446,Zfp273,37,39,36,36,54,36,18,37,47,32,58,32
ENSMUSG00000098113,Gm2445,15,33,23,31,18,3,28,26,14,19,15,13
ENSMUSG00000099446,2310005E17Rik,0,0,0,0,0,0,0,0,0,0,0,0
ENSMUSG00000071491,Vmn1r209,0,0,0,0,0,0,0,0,0,0,0,0
ENSMUSG00000100416,Gm29501,0,0,0,0,0,0,0,0,0,0,0,0
ENSMUSG00000061296,Vmn1r210,0,0,0,0,0,0,0,0,0,0,0,0
ENSMUSG00000092116,Gm10320,0,1,0,0,0,0,1,0,2,1,0,0
ENSMUSG00000083297,Vmn1r-ps114,0,0,0,0,0,0,0,0,0,0,0,0
ENSMUSG00000104430,Gm37425,0,0,0,0,0,0,0,0,0,0,0,0
ENSMUSG00000021368,Tbc1d7,187,227,165,146,177,92,157,175,194,189,187,186
ENSMUSG00000114912,Gm48049,0,0,0,0,0,0,0,0,0,0,0,0
ENSMUSG00002075340,#N/A,0,0,0,0,0,0,0,0,0,0,0,0
ENSMUSG00000063998,Vmn1r211,0,0,0,0,0,0,0,0,0,0,0,0
ENSMUSG00000114521,Gm48050,0,0,0,0,0,0,0,0,0,0,0,0
ENSMUSG00000082037,Vmn1r-ps116,0,0,0,0,0,0,0,0,0,0,0,0
ENSMUSG00000058246,Gm10037,1,0,2,0,2,1,0,2,1,0,1,3
ENSMUSG00000114733,Gm4815,0,0,0,0,0,3,2,2,1,1,1,0
ENSMUSG00000089615,Gm23774,0,0,0,0,0,0,0,0,0,0,0,0
ENSMUSG00000064063,BC048507,0,0,0,0,0,0,0,0,0,2,0,1
ENSMUSG00000071490,Vmn1r212,0,0,0,0,0,0,0,0,0,0,0,0
ENSMUSG00000046082,Tmem174,0,0,0,0,0,0,0,0,0,0,0,0
ENSMUSG00000114527,Vmn1r-ps117,0,0,0,0,0,0,0,0,0,0,0,0
ENSMUSG00000113095,Gm7969,0,0,0,0,0,0,0,0,0,0,0,0
ENSMUSG00000051335,Gfod1,9649,9877,8922,8546,7267,3555,5799,7987,9069,8079,5810,5591
ENSMUSG00000094264,Gm11320,0,0,0,0,0,0,0,0,0,0,0,0
ENSMUSG00000082340,Gm11321,0,0,0,0,0,0,0,0,0,0,0,0
ENSMUSG00000112984,Gm48419,0,0,0,0,0,0,0,0,0,0,0,0
ENSMUSG00000082268,Vmn1r-ps120,0,0,0,0,0,0,0,0,0,0,0,0
ENSMUSG00000113273,Gm48423,0,0,0,0,0,0,0,0,0,0,0,0
ENSMUSG00000094485,Gm11322,0,0,0,0,0,0,0,0,0,0,0,0
ENSMUSG00000113365,Gm48424,0,0,0,0,0,0,0,0,0,0,0,0
ENSMUSG00000081060,Gm11318,0,0,0,0,0,0,0,0,0,0,0,0
ENSMUSG00000113342,AA414992,0,0,0,0,0,0,0,0,0,0,0,0
ENSMUSG00000079064,Vmn1r-ps123,0,0,0,0,0,0,0,0,0,0,0,0
ENSMUSG00000052485,Tmem171,3,10,22,7,7,3,9,14,9,6,3,4
ENSMUSG00000114689,Gm9465,1,2,3,3,0,0,0,0,1,0,0,0
ENSMUSG00000113050,Gm8016,0,0,0,0,0,0,0,0,0,0,0,0
ENSMUSG00000113382,Gm48429,0,0,0,0,0,0,0,0,0,0,0,0
ENSMUSG00000113394,Gm48436,0,0,0,0,0,0,0,0,0,0,0,0
ENSMUSG00000060024,Vmn1r213,0,0,0,0,0,0,0,0,0,0,0,0
ENSMUSG00000082656,Vmn1r-ps125,0,0,0,0,0,0,0,0,0,0,0,0
ENSMUSG00000061829,Vmn1r214,0,0,0,0,0,0,0,0,0,0,0,0
ENSMUSG00000114394,Gm19153,0,0,0,0,0,0,0,0,0,0,0,0
ENSMUSG00000083124,Vmn1r-ps126,0,0,0,0,0,0,0,0,0,0,0,0
ENSMUSG00000099917,Vmn1r215,0,0,0,0,0,0,0,0,0,0,0,0
ENSMUSG00000115697,Vmn1r216,0,0,0,0,0,3,0,0,0,0,0,0
ENSMUSG00000116057,Vmn1r216,0,0,0,0,0,0,0,0,0,0,0,0
ENSMUSG00000080861,Gm11325,0,0,0,0,0,0,0,0,0,0,0,0
ENSMUSG00000081912,Vmn1r-ps127,0,0,0,0,0,0,0,0,0,0,0,0
ENSMUSG00000115791,Vmn1r217,0,0,0,0,0,0,0,0,0,0,0,0
ENSMUSG00000084315,Vmn1r-ps128,0,0,0,0,0,0,0,0,0,0,0,0
ENSMUSG00000115020,Vmn1r218,0,0,0,0,0,0,0,0,0,0,0,0
ENSMUSG00000061376,Vmn1r219,0,0,0,0,0,0,0,0,0,0,0,0
ENSMUSG00000096099,Vmn1r220,0,0,0,0,0,0,0,0,0,0,0,0
ENSMUSG00000114699,Vmn1r-ps131,0,0,0,0,0,0,0,0,0,0,0,0
ENSMUSG00000080794,Vmn1r-ps132,0,0,0,0,0,0,0,0,0,0,0,0
ENSMUSG00000082316,Vmn1r221,0,0,0,0,0,0,0,0,0,0,0,0
ENSMUSG00000114811,Vmn1r-ps133,0,0,0,0,0,0,0,0,0,0,0,0
ENSMUSG00000054021,Sirt5,110,124,95,92,104,39,72,99,137,119,118,116
ENSMUSG00000061022,Vmn1r222,0,0,0,0,0,0,0,0,0,0,0,0
ENSMUSG00000069280,Vmn1r223,0,0,0,0,0,0,0,0,0,0,0,0
ENSMUSG00000082593,Gm11331,0,0,0,0,0,0,0,0,0,0,0,0
ENSMUSG00000084096,Vmn1r-ps135,0,0,0,0,0,0,0,0,0,0,0,0
ENSMUSG00000085488,4930557F10Rik,0,0,0,0,0,0,0,0,0,0,0,0
ENSMUSG00000034617,Mtrr,1821,1990,1525,1591,1772,1048,1231,1453,2017,1805,1952,1769
ENSMUSG00000085122,4933404K08Rik,0,0,0,0,0,0,0,0,0,0,0,0
ENSMUSG00000080698,Gm11333,0,0,0,0,0,0,0,0,0,0,0,0
ENSMUSG00000087097,4930586N03Rik,0,0,0,0,0,1,1,0,0,0,0,0
ENSMUSG00000063200,Nol7,3652,3889,3159,3319,3075,2981,3124,3374,3856,3582,3312,3012
ENSMUSG00000021532,Fastkd3,1185,1312,1066,1040,1096,512,972,1148,1071,1051,1045,1021
ENSMUSG00000112985,Gm48556,0,0,0,0,0,0,0,0,0,0,0,0
ENSMUSG00000046351,Zfp322a,604,616,464,467,690,556,364,462,519,557,692,587
ENSMUSG00000083667,Gm11334,0,0,1,0,0,0,1,1,0,0,0,0
ENSMUSG00000021534,1700001L19Rik,0,0,1,0,0,0,0,0,0,0,0,0
ENSMUSG00000036376,Abt1,867,1117,835,922,914,411,814,944,983,830,836,753
ENSMUSG00000085024,C230035I16Rik,10,2,6,6,3,0,4,8,4,1,10,3
ENSMUSG00000113440,Gm46404,1,1,0,2,0,5,0,5,0,2,2,3
ENSMUSG00000000706,Btn1a1,0,0,0,0,0,0,0,1,1,2,1,1
ENSMUSG00000021536,Adcy2,0,0,0,0,0,2,0,0,0,0,0,0
ENSMUSG00000098242,Gm26929,36,6,5,8,10,1,15,16,23,32,8,10
ENSMUSG00000038546,Ranbp9,2422,2539,1966,1797,1999,1289,1649,1958,2243,2122,1980,1820
ENSMUSG00000113859,Gm7979,0,0,0,0,0,0,0,0,0,0,0,0
ENSMUSG00000113505,Gm48593,0,0,0,0,0,0,0,0,0,0,0,0
ENSMUSG00000112942,Gm47597,0,0,2,0,0,0,0,0,0,0,0,0
ENSMUSG00000065315,Gm26064,1,5,5,6,0,0,0,2,5,1,0,1
ENSMUSG00000113891,Gm47683,0,0,0,0,0,0,0,0,0,0,0,0
ENSMUSG00000113121,Gm35161,0,0,0,0,0,1,0,0,0,0,0,0
ENSMUSG00000113177,Gm7214,0,0,0,0,0,0,0,0,0,0,0,0
ENSMUSG00000103035,Gm37122,0,0,0,0,0,0,0,0,0,0,0,0
ENSMUSG00000112983,Gm32939,0,0,0,0,0,1,0,0,0,0,0,0
ENSMUSG00000097522,Gm26844,0,0,0,0,0,0,0,0,0,0,0,0
ENSMUSG00000098227,Gm4812,16,3,8,14,7,4,12,21,11,2,9,13
ENSMUSG00000113595,Gm35514,0,0,0,0,0,0,0,0,0,0,0,0
ENSMUSG00000041685,Fcho2,372,347,359,307,349,370,279,393,355,387,463,487
ENSMUSG00002075290,#N/A,0,0,0,0,0,0,0,0,0,0,0,0
ENSMUSG00000114612,Gm47550,0,0,0,0,0,0,0,0,0,0,0,0
ENSMUSG00000114598,D130062J10Rik,0,3,0,1,4,2,5,4,3,5,4,0
ENSMUSG00000114458,Gm47551,0,0,0,2,0,0,0,0,0,0,0,0
ENSMUSG00000114719,Gm18134,0,0,0,0,0,0,1,0,0,0,0,0
ENSMUSG00000021371,Mcur1,1545,1773,1407,1479,1426,888,1221,1452,1588,1549,1263,1118
ENSMUSG00000044164,Rnf182,0,0,1,5,2,2,1,1,0,0,0,0
ENSMUSG00000114121,Gm47728,0,0,0,0,0,0,0,0,0,0,0,0
ENSMUSG00000110016,Gm20751,0,0,0,0,0,2,0,0,0,0,2,0
ENSMUSG00000015396,Cd83,1373,1653,1367,1498,2036,978,1217,1361,1387,1272,1047,967
ENSMUSG00000114192,Gm33115,0,0,0,0,0,0,0,0,0,0,0,0
ENSMUSG00000113780,Gm33195,8,12,7,7,5,7,11,14,4,4,8,1
ENSMUSG00000053216,Btn2a2,1,4,0,1,1,0,0,1,0,2,0,2
ENSMUSG00000089107,Gm23117,0,0,0,0,0,0,0,0,0,0,0,0
ENSMUSG00000113671,Gm2233,0,0,0,0,0,0,0,0,0,0,0,0
ENSMUSG00002076655,#N/A,0,0,0,0,0,0,0,0,0,0,0,0
ENSMUSG00000113252,Gm33489,0,0,0,0,0,0,0,0,0,0,0,0
ENSMUSG00000113276,Gm33630,0,0,0,0,0,0,0,0,0,0,0,0
ENSMUSG00000089815,Gm5083,0,0,0,0,0,1,0,0,0,0,0,0
ENSMUSG00000113458,Gm33684,0,0,0,0,0,0,0,0,0,0,0,0
ENSMUSG00000113186,A330076C08Rik,0,2,2,1,0,6,1,0,0,0,0,1
ENSMUSG00000113727,Gm47781,0,0,0,0,0,0,0,0,0,0,0,0
ENSMUSG00000113689,Gm29676,9,4,4,10,6,4,3,9,5,5,4,3
ENSMUSG00000034575,Tent4a,1970,2220,1616,1578,1784,970,1406,1760,1869,1682,1733,1562
ENSMUSG00000112936,Gm33958,0,0,0,0,0,0,0,0,0,0,0,0
ENSMUSG00000113486,Gm48676,0,0,0,0,1,0,0,0,0,0,0,0
ENSMUSG00000098107,Gm27007,0,0,0,0,0,1,0,0,0,0,0,1
ENSMUSG00000098124,Gm27036,0,0,0,0,0,0,0,0,0,0,0,0
ENSMUSG00000098144,1700029N11Rik,0,0,0,0,0,1,1,0,0,0,0,0
ENSMUSG00000113010,Gm34084,6,3,7,5,1,2,7,7,3,10,4,3
ENSMUSG00000113492,Gm47792,0,2,0,2,0,2,1,0,0,1,4,0
ENSMUSG00000113977,Gm34276,4,1,3,1,1,0,6,7,6,2,0,4
ENSMUSG00000113730,Gm47805,0,0,0,0,0,0,0,0,0,0,0,0
ENSMUSG00000006611,Hfe,0,0,0,1,0,0,1,2,0,0,0,0
ENSMUSG00000083206,Gm11338,0,0,0,0,1,0,0,0,0,0,0,0
ENSMUSG00000036181,H1f2,81,100,156,173,106,57,174,147,91,68,53,51
ENSMUSG00000069310,H3c3,6,7,9,4,15,2,12,14,3,4,3,12
ENSMUSG00000080999,H2ac5-ps,0,0,0,0,5,3,0,0,0,0,0,0
ENSMUSG00002076299,#N/A,0,0,0,0,0,0,0,0,0,0,0,0
ENSMUSG00000075031,H2bc3,5,2,6,5,8,6,12,9,5,6,4,1
ENSMUSG00000061615,H2ac4,3,5,3,3,9,2,11,5,3,4,1,5
ENSMUSG00002076907,#N/A,0,0,0,0,0,0,0,0,0,0,0,0
ENSMUSG00000069267,H3c2,0,2,5,2,7,3,10,2,1,3,3,1
ENSMUSG00000075029,4930558J22Rik,0,0,0,1,2,0,0,1,0,0,0,0
ENSMUSG00000069266,H4c2,9,8,11,3,17,4,14,11,3,9,2,4
ENSMUSG00000060093,H4c1,0,0,1,3,6,6,10,5,1,0,2,1
ENSMUSG00000009470,Tnpo1,4883,4731,4658,4150,4239,3329,3247,4464,4317,4160,4888,4494
ENSMUSG00000069265,H3c1,4,18,9,24,22,13,26,19,16,17,8,11
ENSMUSG00000062461,Gm5453,3,2,2,2,3,1,3,2,1,3,0,0
ENSMUSG00000049539,H1f1,31,23,70,91,167,82,129,92,50,67,58,54
ENSMUSG00000114569,Gm35215,0,0,0,0,0,2,0,0,0,0,0,0
ENSMUSG00000114873,Gm47052,0,0,0,0,0,0,0,0,0,0,0,0
ENSMUSG00000045022,1700024P04Rik,0,0,0,0,0,0,0,0,0,0,0,0
ENSMUSG00000114203,Gm35279,0,0,0,0,1,0,0,1,0,0,0,1
ENSMUSG00000114414,A930014D07Rik,0,0,0,0,0,0,0,0,0,0,0,0
ENSMUSG00000114283,Gm47057,0,1,0,0,0,0,0,1,0,0,0,0
ENSMUSG00002075116,#N/A,0,0,0,0,0,0,0,0,0,0,0,0
ENSMUSG00000100410,2310020H05Rik,0,0,0,0,0,0,0,0,0,0,0,0
ENSMUSG00000097848,Gm807,0,0,0,1,1,0,1,1,1,0,0,0
ENSMUSG00000064140,Trim38,0,0,0,0,0,0,0,0,0,0,0,0
ENSMUSG00000087173,Gm11337,0,0,0,0,0,0,0,0,0,0,0,0
ENSMUSG00000050919,Zfp366,1,0,0,0,0,0,0,0,0,2,0,0
ENSMUSG00000021650,Ptcd2,1064,1215,894,925,990,520,921,936,1066,982,977,954
ENSMUSG00000021595,Nsun2,14176,15130,11500,12333,11696,6768,9607,11816,14159,12805,12064,11337
ENSMUSG00000051805,A530095I07Rik,0,0,0,0,0,0,0,0,0,0,0,0
ENSMUSG00000036110,Slc17a2,0,0,0,0,0,0,0,0,0,0,0,0
ENSMUSG00000041632,Mrps27,807,939,737,737,755,401,705,812,831,744,802,737
ENSMUSG00000021594,Srd5a1,29,29,34,25,50,27,39,51,35,21,31,43
ENSMUSG00000097828,6430562O15Rik,3,1,2,0,0,3,1,1,2,0,0,0
ENSMUSG00000091133,Gm17108,30,18,11,16,14,13,15,19,35,26,25,14
ENSMUSG00000113790,Gm17872,2,1,0,0,0,2,0,2,0,0,0,0
ENSMUSG00000113635,Gm48816,0,0,0,0,0,0,0,0,0,0,0,0
ENSMUSG00000114037,Gm48817,0,0,0,0,0,0,0,0,0,0,0,0
ENSMUSG00000114171,Gm18313,0,0,0,0,0,1,0,0,0,0,0,0
ENSMUSG00000113299,Gm35618,0,0,0,0,0,0,0,0,0,0,0,0
ENSMUSG00000113324,Gm48819,0,0,0,0,0,2,0,0,0,0,0,0
ENSMUSG00000052727,Map1b,61,48,26,35,24,30,26,37,26,35,40,37
ENSMUSG00000114282,5330431K02Rik,1,0,0,0,0,0,0,0,0,0,0,0
ENSMUSG00000052981,Ube2ql1,0,0,0,0,0,0,0,2,1,1,0,0
ENSMUSG00000097027,Gm26559,0,0,0,0,0,0,0,0,0,0,0,0
ENSMUSG00000112957,4930547H16Rik,0,0,0,0,0,0,0,0,0,0,0,0
ENSMUSG00000114578,Gm47158,0,0,0,0,0,0,0,0,0,0,0,0
ENSMUSG00000113639,Gm20288,0,0,0,0,0,0,0,0,0,0,0,0
ENSMUSG00000103545,1700012J22Rik,0,0,0,0,0,0,0,0,0,0,0,0
ENSMUSG00000077673,Gm24471,0,0,0,0,0,0,0,0,0,0,0,0
ENSMUSG00000021647,Cartpt,0,0,0,0,0,0,0,0,0,0,0,0
ENSMUSG00000038518,Jarid2,3030,3344,2903,2807,1965,1199,2143,3043,2688,2531,1905,1700
ENSMUSG00000021598,Med10,880,1088,838,771,745,351,865,786,808,726,656,609
ENSMUSG00002075018,#N/A,0,0,0,0,0,0,0,0,0,0,0,0
ENSMUSG00000113802,4933416O17Rik,0,0,0,0,0,0,1,0,0,0,0,0
ENSMUSG00000099639,1700084F23Rik,0,0,0,0,0,1,0,0,0,0,0,0
ENSMUSG00000113980,Gm47655,0,0,0,0,0,0,1,0,0,1,0,0
ENSMUSG00000113074,Gm3772,0,0,0,0,0,0,0,0,0,0,0,0
ENSMUSG00000112998,Gm47656,0,0,0,0,0,0,0,0,0,0,0,0
ENSMUSG00000113573,AU017674,0,0,0,0,0,7,0,0,0,0,0,0
ENSMUSG00000077594,Gm26018,0,0,0,0,0,0,0,0,0,0,0,0
ENSMUSG00000021646,Mccc2,106,100,95,79,90,64,118,123,122,100,128,111
ENSMUSG00000113463,4930520P13Rik,0,0,0,0,0,0,0,0,0,0,0,0
ENSMUSG00000114054,Gm47706,2,1,1,1,2,5,1,2,1,2,2,1
ENSMUSG00000036083,Slc17a3,0,0,0,0,0,2,0,0,0,0,0,0
ENSMUSG00000034525,Ice1,4114,4400,3595,3535,2842,1628,2266,3519,3563,3594,3004,2690
ENSMUSG00000101051,1700100L14Rik,0,0,0,0,0,0,0,0,0,0,0,0
ENSMUSG00000113334,D030007L05Rik,0,0,0,0,0,0,0,0,0,0,0,0
ENSMUSG00000113909,Gm36377,0,0,0,0,0,0,0,0,0,0,0,0
ENSMUSG00000113796,Gm36426,0,0,0,0,0,0,0,0,0,0,0,0
ENSMUSG00000113794,Gm36607,0,0,0,0,0,2,0,0,0,0,0,0
ENSMUSG00000057531,Dtnbp1,252,316,252,252,319,194,266,304,333,261,306,283
ENSMUSG00000065656,Gm23104,0,0,0,0,0,0,0,0,0,0,0,0
ENSMUSG00000078915,Hsp25-ps1,0,0,0,0,0,0,0,0,0,0,0,0
ENSMUSG00000021335,Slc17a1,0,0,0,0,0,0,0,0,0,0,0,0
ENSMUSG00000047061,Gm9817,0,0,0,0,0,0,0,0,0,0,0,0
ENSMUSG00000113553,Gm40932,0,0,0,0,0,0,0,0,0,0,0,0
ENSMUSG00000098136,Gm8513,9,11,4,7,7,2,8,5,11,6,4,1
ENSMUSG00000113772,Gm47448,0,0,0,0,0,0,0,0,0,0,0,0
ENSMUSG00000113919,Gm34466,0,0,0,0,0,0,0,0,0,0,0,0
ENSMUSG00002076563,#N/A,0,0,0,0,0,0,0,0,1,0,0,0
ENSMUSG00000021336,Slc17a4,0,0,0,0,0,2,0,0,0,0,0,0
ENSMUSG00000082558,Snrp1c-ps2,0,0,0,0,0,0,0,0,0,0,0,0
ENSMUSG00000050799,H2bc1,0,0,0,0,0,0,0,0,0,0,0,0
ENSMUSG00000060081,H2ac1,0,0,1,0,0,1,1,1,0,0,0,0
ENSMUSG00002075403,#N/A,0,0,0,0,0,0,0,0,0,0,0,0
ENSMUSG00000049658,Bdp1,4659,4589,3657,3561,3517,3606,2209,3951,3611,3980,3937,3594
ENSMUSG00000038175,Mylip,96,92,67,78,117,65,64,79,77,77,116,97
ENSMUSG00000113446,Gm47455,0,0,0,0,0,0,0,0,0,0,0,0
ENSMUSG00002075730,#N/A,0,0,0,0,0,0,0,0,0,0,0,0
ENSMUSG00000097022,BC001981,0,0,0,0,0,1,4,2,2,1,2,1
ENSMUSG00000049538,Adamts16,0,0,1,0,0,3,0,1,0,0,0,0
ENSMUSG00000113771,Gm36529,0,0,0,0,0,1,0,0,0,0,0,0
ENSMUSG00000021337,Scgn,0,0,0,0,0,0,0,0,0,0,0,0
ENSMUSG00000021600,8030423J24Rik,0,0,0,0,0,0,0,0,0,0,0,0
ENSMUSG00000087603,Gm11339,0,0,0,0,0,0,0,0,0,0,0,0
ENSMUSG00000102303,Gm38191,0,0,0,0,0,0,0,0,0,0,0,0
ENSMUSG00000080580,Mir466f-4,0,0,0,0,0,0,0,0,0,0,0,0
ENSMUSG00000021643,Serf1,177,180,131,119,161,150,133,163,195,175,219,199
ENSMUSG00000113358,1700112M02Rik,0,0,0,0,0,0,0,0,0,0,0,0
ENSMUSG00000113305,Gm47811,0,0,0,0,0,0,0,0,0,0,0,0
ENSMUSG00000113034,Gm47812,0,0,0,0,0,0,0,0,0,0,0,0
ENSMUSG00000114038,Gm40999,0,0,0,0,0,0,0,0,0,0,0,0
ENSMUSG00000000253,Gmpr,1,1,1,0,0,2,0,0,1,0,0,0
ENSMUSG00000060969,Irx1,0,0,0,0,0,1,0,0,0,0,0,0
ENSMUSG00000113594,Gm4052,0,1,0,0,0,1,0,0,0,0,0,0
ENSMUSG00000113172,Gm47836,0,0,0,0,0,0,0,0,0,0,0,0
ENSMUSG00000094989,Rpl9-ps4,0,2,1,0,0,0,0,2,1,0,0,0
ENSMUSG00000113375,Gm47838,0,0,0,0,0,0,1,0,0,0,0,0
ENSMUSG00000113858,Gm4057,0,1,0,0,1,0,0,0,0,0,0,0
ENSMUSG00000093587,Gm20554,0,0,0,0,0,0,0,0,0,0,0,0
ENSMUSG00000021645,Smn1,2065,2152,1616,1766,1815,1788,1878,1908,2055,1814,1910,1531
ENSMUSG00000001504,Irx2,0,0,0,0,0,0,0,0,0,0,0,0
ENSMUSG00000113697,Gm47890,0,0,0,0,0,0,0,0,0,0,0,0
ENSMUSG00000113837,Gm47902,0,0,0,0,0,0,0,0,0,0,0,0
ENSMUSG00000113082,D730050B12Rik,0,0,0,0,0,0,0,0,0,0,0,0
ENSMUSG00000113952,Rpl31-ps2,0,0,0,1,0,0,0,0,0,0,0,0
ENSMUSG00000046876,Atxn1,4481,4403,3857,3316,2714,1704,2348,3430,3786,3824,2596,2549
ENSMUSG00000114131,Gm47460,0,0,0,0,0,0,0,0,0,0,0,0
ENSMUSG00000113987,4930453C13Rik,0,0,1,0,1,2,0,0,0,1,0,0
ENSMUSG00000038152,5033430I15Rik,113,129,83,92,70,26,96,72,104,98,67,63
ENSMUSG00000113860,Gm45949,0,0,0,0,0,0,0,0,0,0,0,0
ENSMUSG00000062282,Gm10113,0,0,0,0,1,0,0,0,0,0,0,0
ENSMUSG00000021604,Irx4,0,0,0,0,0,0,0,0,0,0,1,0
ENSMUSG00000113485,Gm48000,0,0,0,0,0,0,0,0,0,0,0,0
ENSMUSG00000063529,Stmnd1,0,0,0,0,0,0,0,0,0,0,0,0
ENSMUSG00000066407,Gm10263,0,0,1,0,0,2,0,0,2,0,0,0
ENSMUSG00000038132,Rbm24,6,1,2,1,4,4,2,1,5,3,0,1
ENSMUSG00000114752,Gm35110,0,0,0,0,0,0,0,0,0,0,0,0
ENSMUSG00000021606,Ndufs6,461,499,375,426,501,572,534,497,515,422,583,538
ENSMUSG00000021607,Mrpl36,784,947,821,779,906,272,879,751,876,825,738,783
ENSMUSG00000113346,Eprn,0,0,0,0,0,1,0,0,0,0,0,0
ENSMUSG00000021373,Cap2,19,9,9,2,7,2,6,10,12,10,10,6
ENSMUSG00002076569,#N/A,0,0,0,0,0,0,0,0,0,0,0,0
ENSMUSG00000114596,Gm47523,0,0,0,0,0,0,0,0,0,0,0,0
ENSMUSG00000069237,Fam8a1,628,610,424,407,433,258,403,435,547,476,460,423
ENSMUSG00000078945,Naip2,52,56,51,40,32,15,36,49,56,42,27,22
ENSMUSG00000113292,Gm18413,0,0,2,0,0,1,0,0,0,0,0,0
ENSMUSG00000071203,Naip5,1,2,1,0,3,1,1,1,0,1,3,0
ENSMUSG00000021338,Carmil1,75,77,56,44,34,28,58,70,65,63,32,38
ENSMUSG00000114576,Naip3-ps1,0,0,0,0,0,0,0,0,0,0,0,0
ENSMUSG00000021374,Nup153,8007,8618,7235,6907,7690,4729,5177,7301,7753,7165,7653,6904
ENSMUSG00000081707,Gm11343,0,0,1,0,0,0,0,0,1,0,1,0
ENSMUSG00000083409,Gm11340,0,0,0,0,0,0,0,0,0,0,0,0
ENSMUSG00000089580,Gm23340,0,0,0,0,0,0,0,0,0,0,0,0
ENSMUSG00000081909,Gm11341,0,0,0,0,0,0,0,0,0,1,0,0
ENSMUSG00000118631,AL590864.1,0,0,0,0,0,0,0,1,0,0,0,1
ENSMUSG00000078942,Naip6,2,0,0,0,0,5,2,5,0,3,0,0
ENSMUSG00000021608,Lpcat1,1129,1078,917,972,1028,432,981,1128,1095,958,935,926
ENSMUSG00000082956,Naip3,0,0,0,0,1,0,0,0,0,0,0,0
ENSMUSG00000112978,Gm18601,0,0,0,0,0,0,0,0,0,0,0,0
ENSMUSG00000021609,Slc6a3,0,1,0,0,0,0,0,0,0,0,0,0
ENSMUSG00000021640,Naip1,0,0,0,0,0,0,0,0,0,0,0,0
ENSMUSG00000051723,Rpl31-ps13,0,3,1,0,2,7,1,2,0,1,5,0
ENSMUSG00000021375,Kif13a,395,406,310,250,299,200,266,357,326,265,299,305
ENSMUSG00000021610,Clptm1l,6725,7830,5775,5970,6358,2979,5368,5617,6829,6160,5761,5409
ENSMUSG00000064558,Gm24620,0,0,0,0,0,0,0,1,0,0,0,0
ENSMUSG00000114917,Gm48250,0,0,0,0,0,0,0,0,0,0,0,0
ENSMUSG00000084466,Gm22960,0,0,0,0,0,0,0,0,0,0,0,0
ENSMUSG00000114449,Gm48325,0,0,0,0,0,0,0,0,0,0,0,0
ENSMUSG00000051606,2010001K21Rik,0,0,0,0,0,0,0,1,0,0,0,0
ENSMUSG00002075605,#N/A,0,0,0,0,0,0,0,0,0,0,0,0
ENSMUSG00000114858,Gm5790,11,7,9,3,5,3,7,12,10,4,5,4
ENSMUSG00000044231,Nhlrc1,189,187,131,138,118,35,114,131,176,170,117,104
ENSMUSG00000021611,Tert,35,36,29,23,27,29,25,23,27,25,43,50
ENSMUSG00000021376,Tpmt,13,15,11,13,20,25,14,13,9,15,7,10
ENSMUSG00000114376,Gm18807,0,0,0,0,0,0,0,0,0,0,0,0
ENSMUSG00000021639,Gtf2h2,946,1115,932,937,930,799,886,942,999,951,1012,996
ENSMUSG00000113596,Gm48452,0,1,1,0,0,0,0,0,1,0,0,0
ENSMUSG00000016756,Cmah,67,93,93,82,54,30,70,73,77,59,71,64
ENSMUSG00000038080,Kdm1b,1087,1135,880,882,918,673,726,973,1080,1008,1075,908
ENSMUSG00000084788,Gm11342,2,0,5,2,4,4,1,7,4,2,1,2
ENSMUSG00000083165,Gm11344,1,0,0,0,0,0,0,0,0,0,0,0
ENSMUSG00000089413,Gm22013,0,0,0,0,0,0,0,0,0,0,0,0
ENSMUSG00000021638,Ocln,7,11,15,23,13,2,12,15,4,10,1,2
ENSMUSG00000114360,Gm48596,0,0,0,0,1,0,0,0,0,0,0,0
ENSMUSG00000114332,Gm8847,0,0,0,0,0,1,0,0,0,0,0,0
ENSMUSG00000021377,Dek,3809,3885,3421,3376,4284,5199,4006,4430,3411,3913,4669,4224
ENSMUSG00000114681,1700026N04Rik,1,0,5,0,1,2,0,0,0,0,0,2
ENSMUSG00000038068,Rnf144b,2,3,2,1,6,2,2,2,6,0,0,0
ENSMUSG00000114961,A930002C04Rik,6,1,0,0,2,0,0,0,1,3,1,0
ENSMUSG00000114882,Gm48581,0,0,0,0,0,2,0,0,0,0,0,0
ENSMUSG00000114958,Gm48612,0,0,0,0,0,0,0,0,0,0,0,0
ENSMUSG00000114843,Gm35733,0,0,0,0,0,0,0,0,0,0,0,0
ENSMUSG00000114509,4930471G24Rik,0,0,0,0,0,0,0,0,0,0,0,0
ENSMUSG00000021636,Marveld2,78,133,83,110,70,28,122,150,72,62,54,43
ENSMUSG00000114959,G630093K05Rik,0,0,0,0,0,0,0,0,0,0,0,0
ENSMUSG00000065678,Gm24261,0,0,0,0,0,0,0,0,0,0,0,0
ENSMUSG00000047324,4931429P17Rik,0,0,0,0,0,0,0,0,0,0,0,0
ENSMUSG00000114810,Gm36101,0,0,0,0,0,0,0,0,0,0,0,0
ENSMUSG00000097622,A330033J07Rik,0,0,0,0,0,0,0,0,0,0,0,0
ENSMUSG00000114457,Gm36346,0,0,0,0,0,6,0,0,0,0,0,0
ENSMUSG00000114860,Gm49291,0,0,0,0,1,1,0,0,0,0,0,0
ENSMUSG00000021379,Id4,0,0,0,0,0,0,1,0,0,0,0,0
ENSMUSG00000097326,A330048O09Rik,0,0,0,0,0,0,0,0,0,0,0,0
ENSMUSG00000114881,Gm8588,1,0,1,2,2,0,0,1,0,0,4,0
ENSMUSG00000114695,Gm48648,0,0,0,0,0,0,0,0,0,0,0,0
ENSMUSG00000021635,Rad17,1270,1311,1058,1029,1119,840,830,1048,1133,1095,1115,1041
ENSMUSG00000050954,Zfp169,196,171,167,168,200,149,104,168,169,157,233,211
ENSMUSG00000053181,A830005F24Rik,2,4,2,4,6,1,2,3,2,4,4,2
ENSMUSG00000097375,6720427I07Rik,95,87,85,73,107,135,99,114,95,86,145,152
ENSMUSG00000065453,Mirlet7d,0,0,0,0,0,0,0,0,0,0,0,0
ENSMUSG00000078941,Ak6,596,665,617,542,757,539,703,611,621,490,727,680
ENSMUSG00002075428,#N/A,0,0,0,0,0,0,0,0,0,0,0,0
ENSMUSG00000105621,Mirlet7f-1,0,0,0,0,0,0,0,0,0,0,0,0
ENSMUSG00000065421,Mirlet7a-1,0,0,0,0,0,0,0,0,0,0,0,0
ENSMUSG00000103373,Gm37238,8,7,7,2,11,14,8,24,15,9,8,18
ENSMUSG00000119268,#N/A,0,0,0,0,0,0,0,0,0,0,0,0
ENSMUSG00000052293,Taf9,13,13,8,12,12,6,7,17,15,7,17,17
ENSMUSG00000048924,Ccdc125,51,45,40,41,35,42,55,47,49,30,63,68
ENSMUSG00000038042,Ptpdc1,54,73,66,44,65,35,47,33,50,55,77,62
ENSMUSG00000113037,Gm36550,0,0,0,0,0,0,0,0,0,0,0,0
ENSMUSG00000021381,Barx1,1,0,1,1,1,4,0,1,0,1,0,0
ENSMUSG00000113297,Rpl17-ps6,0,0,0,0,0,0,0,0,0,0,0,0
ENSMUSG00000038025,Phf2,2958,2935,2251,2088,2533,1340,1833,2592,2614,2357,2743,2526
ENSMUSG00000086889,Phf2os1,13,6,13,8,17,15,15,17,13,4,20,12
ENSMUSG00000069089,Cdk7,1159,1311,1068,1081,1012,713,1016,1057,1195,999,1051,947
ENSMUSG00000021612,Slc6a18,0,0,0,0,0,0,0,0,0,0,0,0
ENSMUSG00000038014,Fam120a,10707,10251,8728,8149,8175,6425,7040,9318,9675,9056,9080,8685
ENSMUSG00000061474,Mrps36,35,34,24,22,39,23,31,63,27,22,42,33
ENSMUSG00000045273,Cenph,171,154,169,153,274,231,239,246,122,148,203,193
ENSMUSG00000085340,Gm16335,0,1,1,0,0,1,1,1,0,1,0,0
ENSMUSG00000036006,Ripor2,128,157,143,128,120,78,95,145,113,126,139,142
ENSMUSG00000085603,Gm11346,3,4,3,2,4,13,6,6,2,1,4,1
ENSMUSG00000085861,Armh2,0,0,0,0,1,0,0,0,0,0,1,0
ENSMUSG00000021565,Slc6a19,6,3,3,5,2,2,1,2,2,1,0,0
ENSMUSG00000021566,Slc6a19os,0,0,0,0,0,0,0,0,0,0,0,0
ENSMUSG00000041431,Ccnb1,418,429,531,471,821,489,683,660,453,361,618,527
ENSMUSG00000006715,Gmnn,495,566,543,519,670,539,749,713,517,427,596,518
ENSMUSG00000019132,BC005537,4096,4174,3593,3389,4149,2676,3577,4015,3927,3597,4541,4061
ENSMUSG00000064811,Gm22358,0,0,0,0,0,0,0,0,0,0,0,0
ENSMUSG00000006717,Acot13,57,88,76,93,83,87,91,107,88,72,89,84
ENSMUSG00000021629,Slc30a5,2648,3020,2227,2303,2196,1228,2136,2364,2580,2358,2199,2130
ENSMUSG00000100596,Gm29502,0,0,0,0,0,0,0,0,0,0,1,0
ENSMUSG00000104450,Gm37830,0,0,0,0,0,0,0,0,0,0,0,0
ENSMUSG00000114738,Gm41041,1,1,0,0,1,0,0,0,0,1,0,2
ENSMUSG00000114759,Gm10257,0,0,0,0,0,0,0,0,0,0,0,0
ENSMUSG00000098005,Gm6114,0,4,2,2,4,0,3,5,5,4,0,0
ENSMUSG00000096722,Hmgb1-ps9,3,5,0,1,2,2,3,6,1,1,3,2
ENSMUSG00000114590,5930438M14Rik,0,1,0,0,0,0,0,0,0,0,0,0
ENSMUSG00000100733,4932411K12Rik,0,1,1,1,3,1,0,0,0,0,1,0
ENSMUSG00000035958,Tdp2,685,742,688,650,744,665,660,756,738,631,754,789
ENSMUSG00000114295,Gm2534,0,0,0,1,0,0,0,0,0,0,0,0
ENSMUSG00000103437,Gm36994,0,0,0,0,0,0,0,0,0,0,0,0
ENSMUSG00000114652,Gm41043,0,0,0,0,0,0,0,1,0,1,0,0
ENSMUSG00000114400,Gm47533,0,0,0,0,0,0,0,0,0,0,0,0
ENSMUSG00000114700,Gm19010,0,0,0,0,0,0,0,0,0,0,0,0
ENSMUSG00000099774,Gm29341,0,0,0,0,0,0,0,0,0,0,0,0
ENSMUSG00000017756,Slc12a7,550,589,541,531,512,246,448,617,518,510,418,477
ENSMUSG00000006711,D130043K22Rik,0,0,0,0,1,2,1,0,2,4,2,0
ENSMUSG00000086796,4932702P03Rik,0,0,0,0,0,0,0,0,0,0,0,0
ENSMUSG00000041417,Pik3r1,1064,1032,891,888,885,727,803,1113,897,854,817,750
ENSMUSG00000104214,Gm36638,9,6,15,7,6,9,5,6,8,8,6,10
ENSMUSG00000102635,Gm36638,1,1,1,0,5,0,1,1,1,0,0,1
ENSMUSG00000114223,Gm19108,0,0,0,0,0,0,0,0,0,0,0,0
ENSMUSG00000114762,Gm47007,0,0,0,0,0,0,0,0,0,0,0,0
ENSMUSG00000114717,Gm17832,0,0,0,0,0,0,0,0,0,0,0,0
ENSMUSG00000102542,Gm38133,0,0,0,0,0,1,0,0,0,0,0,0
ENSMUSG00002076822,#N/A,0,0,0,0,0,0,0,0,0,0,0,0
ENSMUSG00000114444,Gm47008,0,0,0,0,0,0,0,0,0,0,0,0
ENSMUSG00000035936,Aldh5a1,16,18,7,14,24,16,12,25,17,22,10,18
ENSMUSG00000114846,Gm29927,0,0,0,0,0,0,0,0,2,0,0,0
ENSMUSG00000114730,Gm47014,0,0,0,0,0,0,0,0,0,0,0,0
ENSMUSG00000086448,9330162012Rik,0,0,1,0,0,2,0,0,0,0,1,0
ENSMUSG00000021624,Cd180,0,4,0,1,0,0,0,0,1,0,0,0
ENSMUSG00000021567,Nkd2,41,71,37,42,43,14,34,49,42,37,30,41
ENSMUSG00000066714,Gm8062,1,1,0,3,0,0,1,0,0,0,0,1
ENSMUSG00000021569,Trip13,632,732,815,771,1060,770,929,1034,631,556,764,731
ENSMUSG00002076824,#N/A,0,0,0,0,0,0,0,0,0,0,0,0
ENSMUSG00000021340,Gpld1,66,83,87,140,64,26,176,156,57,66,35,34
ENSMUSG00000021339,Mrs2,1764,1728,1377,1313,1504,818,1091,1390,1452,1356,1442,1391
ENSMUSG00000114228,Gm47605,0,0,0,0,0,0,0,0,0,0,0,0
ENSMUSG00000035910,Dcdc2a,0,0,0,0,0,0,0,0,0,1,0,0
ENSMUSG00000082667,Gm11348,0,0,0,0,0,0,0,0,0,0,0,0
ENSMUSG00000048978,Nrsn1,0,0,0,0,1,1,0,0,0,0,0,0
ENSMUSG00000114427,F830002E08Rik,0,0,0,0,0,0,0,0,0,0,0,0
ENSMUSG00000083919,Tpi-rs8,0,0,0,0,0,0,0,0,0,0,0,0
ENSMUSG00000080840,Gm11349,4,1,2,3,1,2,2,5,2,1,2,0
ENSMUSG00000082161,Gm11350,0,0,0,0,0,0,0,0,0,0,0,0
ENSMUSG00000086531,Gm11351,0,0,0,0,0,0,0,0,0,0,0,0
ENSMUSG00000084358,Gm11352,0,0,0,0,0,0,0,0,0,0,0,0
ENSMUSG00000084811,1700092E19Rik,0,0,0,0,0,1,0,0,0,0,0,0
ENSMUSG00000114660,Gm47881,0,0,0,0,0,0,0,0,0,0,0,0
ENSMUSG00000060198,Gm11353,2,1,0,0,0,0,0,0,0,0,0,0
ENSMUSG00000114225,Gm47883,0,0,0,0,0,0,0,0,0,0,0,0
ENSMUSG00000045835,Hdgfl1,0,0,0,0,0,3,0,0,0,0,1,0
ENSMUSG00000114342,4921520N01Rik,0,0,0,0,0,0,0,0,0,0,0,0
ENSMUSG00000081653,Gm11354,0,0,0,0,0,0,0,0,0,0,0,0
ENSMUSG00000057649,Brd9,733,773,742,710,756,539,794,944,663,628,712,635
ENSMUSG00000082236,Gm11355,0,0,0,0,0,0,0,0,0,0,0,0
ENSMUSG00000114646,Gm47888,0,0,0,0,0,0,0,0,0,0,0,0
ENSMUSG00000113274,Gm41002,0,0,0,0,0,0,0,0,0,0,0,0
ENSMUSG00000069189,Zdhhc11,0,0,0,0,0,0,0,0,0,0,0,0
ENSMUSG00000021342,Prl,0,0,0,0,0,2,0,0,0,0,0,0
ENSMUSG00000113923,Gm10126,0,0,0,1,0,0,0,0,0,0,0,0
ENSMUSG00000085881,Gm15912,0,0,0,0,0,0,0,0,0,0,0,0
ENSMUSG00000021573,Tppp,8,14,2,5,4,4,3,4,9,7,3,7
ENSMUSG00000080966,Gm6263,0,0,1,0,0,0,0,1,0,0,0,0
ENSMUSG00000057170,Prl3d1,0,0,0,0,0,0,0,0,0,0,0,0
ENSMUSG00000062737,Prl3d2,0,0,0,0,0,0,0,0,0,0,0,0
ENSMUSG00000037989,Wnk2,92,70,45,49,72,28,40,50,78,66,62,55
ENSMUSG00000062201,Prl3d3,0,0,0,0,0,0,0,0,0,0,0,0
ENSMUSG00000017922,Prl3c1,0,0,0,0,0,0,0,0,0,0,0,0
ENSMUSG00000037966,Ninj1,154,222,175,145,171,47,197,213,177,184,178,164
ENSMUSG00000038891,Prl3b1,0,0,0,0,0,0,0,0,0,0,0,0
ENSMUSG00000021572,Cep72,34,46,41,56,71,42,57,88,55,47,47,65
ENSMUSG00000038883,Prl3a1,0,0,0,0,0,0,0,0,0,0,0,0
ENSMUSG00000086698,4930511O05Rik,0,0,0,0,1,0,0,0,0,0,0,0
ENSMUSG00000118612,AL589679.1,0,0,0,0,0,0,0,0,0,0,0,0
ENSMUSG00000083096,Gm11356,0,0,0,0,0,0,0,0,0,0,0,0
ENSMUSG00000037960,Card19,120,144,120,106,86,68,111,135,107,69,79,82
ENSMUSG00000069259,Prl6a1,0,0,0,0,0,0,0,0,0,0,0,0
ENSMUSG00000089749,Gm11357,0,0,0,0,0,0,0,0,0,0,0,0
ENSMUSG00000082306,Gm11358,0,0,0,0,0,0,0,0,0,0,0,0
ENSMUSG00000021384,Susd3,121,154,124,148,131,50,139,159,143,122,92,121
ENSMUSG00000036123,Slc9a3,0,0,0,0,0,5,0,0,0,0,0,1
ENSMUSG00000018259,Prl8a2,0,0,0,0,0,0,0,0,0,0,0,0
ENSMUSG00000069258,Prl2b1,0,0,0,0,0,0,0,0,0,0,0,0
ENSMUSG00000034152,Exoc3,1552,1730,1167,1250,1188,714,1058,1239,1411,1412,1280,1239
ENSMUSG00000021345,Prl8a6,0,0,0,0,0,2,0,0,0,0,0,0
ENSMUSG00000037946,Fgd3,251,194,171,198,153,49,143,162,163,157,212,174
ENSMUSG00000021575,Ahrr,11,7,7,8,7,1,12,9,7,8,7,3
ENSMUSG00000034751,Mast4,133,138,78,80,78,60,44,84,75,74,62,77
ENSMUSG00000091906,1700099I09Rik,0,0,0,0,1,0,0,0,0,0,0,0
ENSMUSG00000090329,Gm17160,0,0,0,0,0,0,0,0,0,0,0,0
ENSMUSG00000091577,Gm6211,0,0,0,0,0,1,1,1,0,0,1,0
ENSMUSG00000047643,Gm5454,3,0,0,1,1,0,0,0,1,0,3,1
ENSMUSG00000021576,Pdcd6,1700,1868,1502,1623,1413,687,1592,1501,1650,1536,1242,1270
ENSMUSG00002075671,#N/A,0,0,0,0,0,0,0,0,0,0,0,0
ENSMUSG00000021346,Prl8a8,0,0,0,0,0,0,0,0,0,0,0,0
ENSMUSG00000095940,Gm16416,1,1,3,1,2,0,0,2,0,1,1,1
ENSMUSG00002076400,#N/A,0,0,0,0,0,0,0,0,0,0,0,0
ENSMUSG00000114206,Gm30551,1,0,0,0,0,1,0,0,0,0,0,0
ENSMUSG00000119233,#N/A,0,0,0,0,0,0,0,0,0,0,0,0
ENSMUSG00000006490,Prl8a9,0,0,0,0,0,0,0,0,0,0,0,0
ENSMUSG00000037933,Bicd2,2591,2775,2220,2236,2184,1301,1772,2386,2515,2234,2326,2190
ENSMUSG00000019756,Prl8a1,0,0,0,0,0,0,0,0,0,0,0,0
ENSMUSG00000021347,Prl7b1,0,0,0,0,0,0,0,0,0,0,0,0
ENSMUSG00000021577,Sdha,3788,3845,2938,2902,3401,2131,2681,3061,3711,3203,3690,3481
ENSMUSG00000090004,Gm16125,0,0,1,0,0,0,0,0,0,0,0,0
ENSMUSG00000021385,Ippk,930,1002,755,779,693,427,669,826,864,813,643,627
ENSMUSG00000006488,Prl7a1,0,0,0,0,0,0,0,0,0,0,0,0
ENSMUSG00000046899,Prl7a2,0,0,0,0,0,0,0,0,0,0,0,0
ENSMUSG00000083946,Gm11359,0,0,0,0,0,0,0,0,0,0,0,0
ENSMUSG00000021391,Cenpp,44,39,49,39,65,53,43,59,36,25,66,67
ENSMUSG00000113255,Tes3-ps,2,2,3,5,4,3,1,10,7,6,3,3
ENSMUSG00000032621,Srek1,2141,2134,1768,1758,1850,1657,1633,1931,1954,1789,2225,1903
ENSMUSG00000021578,Ccdc127,1095,1182,947,939,1026,760,820,990,1203,1058,1116,901
ENSMUSG00000021579,Lrrc14b,0,0,0,0,0,0,0,0,0,0,0,0
ENSMUSG00000069184,Zfp72,34,24,15,23,31,31,23,22,24,30,31,48
ENSMUSG00000043631,Ecm2,2,3,1,4,1,1,2,1,0,3,1,4
ENSMUSG00000113315,Gm8227,2,0,0,0,0,0,0,0,2,0,2,0
ENSMUSG00000021348,Prl7d1,0,0,0,0,0,0,0,0,0,0,0,0
ENSMUSG00000062382,Ftl1-ps1,0,0,1,0,0,2,0,1,0,0,1,0
ENSMUSG00000113311,Gm47428,0,0,0,0,0,0,0,0,0,0,0,0
ENSMUSG00000076033,Mir692-3,0,0,0,0,0,0,0,0,0,0,0,0
ENSMUSG00000060738,Prl7c1,0,0,0,0,0,0,0,0,0,0,0,0
ENSMUSG00000112964,E430024I08Rik,36,32,37,27,43,31,18,43,30,41,38,43
ENSMUSG00000113212,Gm47435,0,0,0,0,0,0,0,1,0,0,0,0
ENSMUSG00000116765,Gm49762,0,0,0,0,0,0,0,1,0,0,0,0
ENSMUSG00000022886,Prl2a1,0,0,0,0,0,0,0,0,0,0,0,0
ENSMUSG00000021388,Aspn,8,6,8,6,4,6,7,7,4,5,3,3
ENSMUSG00000069208,Zfp825,88,71,58,45,93,78,71,68,82,71,52,48
ENSMUSG00000116646,Gm49763,0,1,0,0,3,3,0,0,0,0,0,0
ENSMUSG00000113019,Gm47467,0,0,0,0,0,0,0,0,1,0,0,1
ENSMUSG00000113660,Gm5626,4,4,2,2,1,0,2,0,1,3,1,4
ENSMUSG00000062551,Prl2c1,0,0,0,0,0,0,0,0,0,0,0,0
ENSMUSG00000048368,Omd,0,0,0,0,0,1,0,0,0,0,0,0
ENSMUSG00002075635,#N/A,0,0,0,0,0,0,0,0,0,0,0,0
ENSMUSG00000113672,Gm34165,0,0,0,0,0,0,0,0,0,0,0,0
ENSMUSG00000113047,Gm47469,16,7,7,10,17,15,15,12,10,14,12,22
ENSMUSG00000113279,Gm47470,0,0,0,0,0,0,0,0,0,0,0,0
ENSMUSG00000113281,Gm11360,0,0,0,0,0,0,0,0,0,0,0,0
ENSMUSG00000113916,Gm18881,0,0,0,0,0,0,0,0,0,0,0,0
ENSMUSG00000005891,Prl4a1,0,0,0,0,0,0,0,0,0,0,0,0
ENSMUSG00000021390,Ogn,0,0,0,0,1,0,0,0,0,0,0,0
ENSMUSG00000114182,Gm47019,0,0,0,0,0,0,0,0,0,0,0,0
ENSMUSG00000113204,Gm46430,98,103,107,79,95,97,72,115,116,89,102,117
ENSMUSG00000017064,Prl5a1,0,0,0,0,0,0,0,0,0,0,0,0
ENSMUSG00000113061,Rps18-ps5,1,2,0,0,1,1,1,3,2,2,2,1
ENSMUSG00000113418,Gm47172,0,0,0,0,0,0,0,0,0,0,0,0
ENSMUSG00000113216,Gm40841,0,1,2,1,2,3,0,3,0,2,4,1
ENSMUSG00000085936,2610307P16Rik,1,1,3,2,1,0,0,0,0,1,0,0
ENSMUSG00000086785,Gm6081,0,0,0,0,0,0,0,0,0,0,0,0
ENSMUSG00000099158,Mir6368,0,0,0,0,0,0,0,0,0,0,0,0
ENSMUSG00000092093,Gm17528,0,0,0,0,0,0,0,0,0,0,0,0
ENSMUSG00000082861,Gm11362,0,0,2,2,0,0,0,0,0,0,2,1
ENSMUSG00000113352,Gm34639,0,0,0,0,0,0,0,0,0,0,0,0
ENSMUSG00000076431,Sox4,1504,1429,1122,1119,799,416,623,709,979,943,733,696
ENSMUSG00000086363,A330102I10Rik,0,0,0,0,0,0,0,0,0,0,0,2
ENSMUSG00000082730,Gm11363,0,1,3,0,1,0,0,0,0,0,0,0
ENSMUSG00000021583,Erap1,7561,8684,6175,6635,6312,4254,4806,6369,7880,7429,6637,6159
ENSMUSG00000021392,Nol8,4311,4731,3337,3664,3340,2999,2604,3374,3049,3818,3933,3459
ENSMUSG00000006191,Cdkal1,313,290,227,208,295,238,242,252,276,276,360,272
ENSMUSG00000086423,Gm11364,0,0,0,0,0,0,0,0,0,0,0,0
ENSMUSG00000016477,E2f3,1304,1343,1344,1294,1338,796,1175,1521,1173,1038,1179,1007
ENSMUSG00000086893,Gm11365,0,0,0,0,0,0,0,0,0,0,0,0
ENSMUSG00000085188,Gm11368,0,0,0,0,0,0,0,0,0,0,0,0
ENSMUSG00000113366,Gm47259,0,0,0,0,0,3,0,0,0,0,0,0
ENSMUSG00000083676,Gm11367,0,0,0,0,0,0,0,0,0,0,0,0
ENSMUSG00000038732,Mboat1,366,419,319,334,289,169,373,420,334,268,304,300
ENSMUSG00000084669,Gm23206,0,0,0,0,0,0,0,0,0,0,0,0
ENSMUSG00000082648,Gm11366,0,0,0,0,0,0,0,0,1,0,0,0
ENSMUSG00000037851,Iars,7481,8142,6892,7003,6062,4307,4628,6183,6677,6006,5943,5365
ENSMUSG00000087963,Gm25394,0,0,2,1,0,0,1,0,2,1,0,0
ENSMUSG00000077360,Gm23482,0,0,1,0,2,0,0,1,0,1,1,0
ENSMUSG00000049115,Agtr1a,0,0,0,0,1,0,0,0,0,0,0,0
ENSMUSG00000113424,Gm48161,0,0,0,0,0,0,0,0,0,0,0,0
ENSMUSG00000118398,Gm19334,1,2,2,3,0,1,1,2,0,1,0,0
ENSMUSG00000083882,Gm11369,0,0,0,0,0,0,0,0,0,0,0,0
ENSMUSG00000113823,Gm270,0,0,0,0,0,0,0,0,0,0,0,0
ENSMUSG00000114073,Gm30302,0,0,0,0,0,0,0,0,0,0,0,0
ENSMUSG00000038462,Uqcrfs1,2461,3152,2421,2624,2486,849,2644,2284,2642,2369,2088,1963
ENSMUSG00000112995,Gm47977,0,0,0,0,0,0,0,0,0,0,0,0
ENSMUSG00000086263,4930519D14Rik,1,2,0,0,0,0,0,0,1,0,1,1
ENSMUSG00000069236,Gm7251,32,15,15,14,8,11,21,14,19,14,9,9
ENSMUSG00000113254,Gm272,0,0,0,0,0,0,0,0,0,0,0,0
ENSMUSG00000113530,Gm8672,0,0,0,0,0,0,0,0,0,0,0,0
ENSMUSG00000113333,Gm19011,0,0,0,0,0,0,0,0,0,0,0,0
ENSMUSG00000113782,Gm48009,0,0,0,0,0,0,0,0,0,0,0,0
ENSMUSG00000093976,Gm8674,0,0,0,0,0,0,0,0,0,0,0,0
ENSMUSG00000094886,Gm10784,1,0,0,0,0,0,0,0,0,0,0,0
ENSMUSG00000114175,Gm48051,0,0,0,0,0,0,0,0,0,0,0,0
ENSMUSG00000090497,Gm17611,0,0,0,0,0,0,0,0,0,0,0,0
ENSMUSG00000113963,Gm6554,0,1,0,1,0,0,0,0,1,0,0,0
ENSMUSG00000113312,Gm48052,0,0,0,0,0,0,0,0,0,0,0,0
ENSMUSG00000113888,LOC667541,0,0,0,0,0,0,0,0,0,0,0,0
ENSMUSG00000113007,Gm8700,0,0,0,0,0,0,0,0,0,0,0,0
ENSMUSG00002076947,#N/A,0,0,0,0,0,0,0,0,0,0,0,0
ENSMUSG00000113921,Gm48054,0,0,0,0,0,0,0,0,0,0,0,0
ENSMUSG00000113227,4933433N18Rik,0,0,0,0,0,0,0,0,0,0,0,0
ENSMUSG00000113437,Gm47412,0,0,0,0,0,0,0,0,0,0,0,0
ENSMUSG00000113718,Gm2645,0,0,0,0,0,0,0,0,0,0,0,0
ENSMUSG00000113480,Gm47413,0,0,0,0,0,0,0,0,0,0,0,0
ENSMUSG00000069255,Dusp22,182,231,180,176,175,90,141,178,163,157,185,160
ENSMUSG00000081905,Gm11370,0,0,0,0,0,0,0,0,0,0,0,0
ENSMUSG00000095300,Gm906,0,0,0,0,0,0,0,0,0,0,0,0
ENSMUSG00002076704,#N/A,0,0,0,0,0,0,0,0,0,0,0,0
ENSMUSG00000114035,Gm31126,0,0,0,0,0,0,0,0,0,0,0,0
ENSMUSG00000101136,Gm8739,0,0,0,0,0,0,0,0,0,0,0,0
ENSMUSG00000037816,Fbxw17,174,217,158,145,123,69,164,172,183,174,124,146
ENSMUSG00000114559,Gm47429,0,0,0,0,0,0,0,0,0,0,0,0
ENSMUSG00000071909,Nutm2,0,0,0,0,0,0,0,0,0,0,0,0
ENSMUSG00000119579,#N/A,0,0,0,0,0,0,0,0,0,0,0,0
ENSMUSG00000113354,Gm20789,0,0,0,0,0,0,0,0,0,0,0,0
ENSMUSG00000119667,#N/A,0,0,0,0,0,0,0,0,0,0,0,0
ENSMUSG00000021356,Irf4,16102,17321,11486,12057,9901,5719,9567,12492,13936,13371,15506,13959
ENSMUSG00000113515,Gm29675,13,10,7,8,7,8,9,5,6,17,5,5
ENSMUSG00000096641,Gm904,0,0,0,0,0,0,0,0,0,0,0,0
ENSMUSG00002076726,#N/A,0,0,0,0,0,0,0,0,0,0,0,0
ENSMUSG00000094918,Gm8765,0,0,0,0,0,0,0,0,0,0,0,0
ENSMUSG00000113652,4930518P08Rik,0,0,0,0,0,0,0,0,0,0,0,0
ENSMUSG00000112976,Gm2654,1,0,1,0,0,0,0,0,2,0,1,0
ENSMUSG00000113509,Gm19009,0,0,0,0,0,0,0,0,0,0,0,0
ENSMUSG00000084609,Gm22199,0,0,0,0,0,0,0,0,0,0,0,0
ENSMUSG00000021395,Spin1,817,891,726,766,816,442,677,765,897,768,772,668
ENSMUSG00000021396,Nxnl2,0,0,0,0,0,0,0,0,0,0,0,0
ENSMUSG00002075045,#N/A,0,0,0,0,0,0,0,0,0,0,0,0
ENSMUSG00000091383,Hist1h2al,0,0,0,0,0,0,0,0,0,0,0,0
ENSMUSG00000113521,Gm29787,0,0,0,0,0,0,1,0,0,0,0,0
ENSMUSG00000113426,Gm6056,0,0,0,1,0,0,0,0,0,0,0,0
ENSMUSG00000113162,Gm47554,0,0,0,0,0,0,0,0,0,0,0,0
ENSMUSG00000112959,Gm32834,0,0,0,0,0,0,0,0,0,0,0,0
ENSMUSG00000067586,S1pr3,61,78,113,113,100,48,104,128,80,83,48,51
ENSMUSG00000021709,Erbin,4937,5288,3965,4377,2956,2761,2301,4035,3976,4706,3171,2970
ENSMUSG00000114276,Gm47849,0,0,0,0,0,0,0,0,0,0,0,0
ENSMUSG00000114637,Gm47851,0,0,0,0,0,0,0,0,0,0,0,0
ENSMUSG00000021448,Shc3,2,0,0,2,0,1,1,1,1,0,0,0
ENSMUSG00000021357,Exoc2,1844,1890,1626,1636,1455,743,1259,1595,1718,1469,1557,1354
ENSMUSG00000062248,Cks2,17,15,14,20,38,15,43,22,26,16,30,28
ENSMUSG00000076430,Hus1b,0,3,1,4,1,1,1,2,3,2,0,3
ENSMUSG00000064672,Gm22806,4,7,9,10,12,13,7,10,5,13,5,8
ENSMUSG00000056257,Gm5447,1,0,1,1,0,3,0,0,1,0,0,1
ENSMUSG00000082014,Gm11371,0,0,0,0,0,0,0,0,0,0,0,0
ENSMUSG00000114161,Gm48662,0,0,0,0,0,2,0,0,0,0,0,0
ENSMUSG00000084175,Gm11372,0,0,0,0,0,0,0,0,0,0,0,0
ENSMUSG00000087460,4930401O12Rik,0,0,0,0,0,0,0,0,0,0,0,0
ENSMUSG00000087662,Gm11373,0,0,0,0,0,1,0,0,0,0,0,0
ENSMUSG00000085620,G630018N14Rik,0,0,0,0,0,0,0,0,0,0,0,0
ENSMUSG00000088693,Gm22330,0,0,0,0,0,0,0,0,0,0,0,0
ENSMUSG00000087140,Gm11376,0,0,0,0,0,0,0,0,0,0,0,0
ENSMUSG00000089052,Gm23351,0,0,0,0,0,0,0,0,0,0,0,0
ENSMUSG00000090863,A530084C06Rik,0,0,0,0,0,1,0,0,0,0,0,0
ENSMUSG00000038415,Foxq1,2,6,2,3,2,0,8,1,3,6,1,2
ENSMUSG00000087220,Gm11377,0,0,0,0,0,0,0,0,0,0,0,0
ENSMUSG00000038408,1700018A04Rik,0,2,1,0,0,1,0,0,0,0,0,0
ENSMUSG00000087276,Gm11378,0,0,0,0,0,0,0,0,0,0,0,0
ENSMUSG00000021710,Nln,918,989,721,810,747,423,669,739,897,830,835,768
ENSMUSG00000038402,Foxf2,4,8,7,1,2,0,2,5,5,4,3,8
ENSMUSG00002075827,#N/A,0,0,0,0,0,0,0,0,0,0,0,0
ENSMUSG00000065843,Gm25186,0,0,0,0,0,0,0,0,0,0,0,0
ENSMUSG00000086144,Gm11379,0,0,0,0,0,0,0,0,0,0,0,0
ENSMUSG00000050295,Foxc1,13,8,12,8,6,4,3,3,6,4,6,2
ENSMUSG00000035139,Secisbp2,1659,1741,1388,1372,1320,793,1204,1410,1585,1428,1507,1372
ENSMUSG00000038372,Gmds,105,159,101,109,155,105,124,130,128,131,155,141
ENSMUSG00000113119,Gm48883,2,1,0,1,0,0,0,0,0,2,0,1
ENSMUSG00000083149,Gm11380,0,1,0,0,0,0,0,2,0,0,0,2
ENSMUSG00000113935,Gm35732,0,0,0,0,0,0,0,0,0,0,0,0
ENSMUSG00000112944,Gm48885,2,2,5,3,2,8,1,2,2,2,0,4
ENSMUSG00000113965,A730091E23Rik,2,3,5,3,4,5,0,3,1,2,13,8
ENSMUSG00000042743,Sgtb,10,5,5,5,14,4,8,12,12,4,11,3
ENSMUSG00000085770,Gm11381,0,0,0,0,0,0,0,0,0,0,0,0
ENSMUSG00000113449,Gm48073,0,0,0,0,0,0,0,0,0,0,0,0
ENSMUSG00000118652,#N/A,0,0,0,0,0,0,0,0,0,0,0,0
ENSMUSG00000044951,Mylk4,1,0,0,1,0,4,0,2,0,0,0,0
ENSMUSG00002074895,#N/A,0,0,0,0,0,0,0,0,0,0,0,0
ENSMUSG00000042874,D930007J09Rik,21,10,11,10,19,4,8,9,16,14,6,14
ENSMUSG00000021400,Wrnip1,1851,1897,1591,1639,1888,915,1516,1640,1892,1621,1659,1651
ENSMUSG00000021451,Sema4d,6497,7230,4722,4787,2850,1376,3690,4823,4699,4636,3681,3317
ENSMUSG00002076130,#N/A,0,0,0,0,0,0,0,0,0,0,0,0
ENSMUSG00000044734,Serpinb1a,87,81,181,170,119,79,99,106,66,61,37,26
ENSMUSG00000081433,Serpinb1-ps1,0,0,0,0,0,0,0,0,0,0,0,0
ENSMUSG00000021453,Gadd45g,1301,1288,837,941,680,318,807,774,1036,919,926,890
ENSMUSG00000097495,Gm26651,11,6,4,2,10,1,0,7,5,10,5,3
ENSMUSG00000102173,Gm37872,0,0,0,0,0,0,0,1,0,0,0,0
ENSMUSG00000113090,Gm48190,0,0,0,1,0,0,0,0,0,0,0,0
ENSMUSG00000079049,Serpinb1c,1,1,0,0,0,0,0,2,0,0,0,0
ENSMUSG00000074973,Gm11382,0,0,0,1,0,0,1,0,0,0,0,0
ENSMUSG00000113211,4921525O09Rik,37,40,24,13,14,6,18,19,33,22,46,37
ENSMUSG00000113399,Gm48199,0,0,0,0,0,0,0,0,0,0,0,0
ENSMUSG00000047842,Diras2,0,0,0,0,1,2,0,1,0,0,0,0
ENSMUSG00000042842,Serpinb6b,11148,12216,13426,13308,11751,7887,9096,9144,7912,6830,6848,6300
ENSMUSG00000114185,Gm47662,153,158,255,219,159,128,87,187,132,111,78,76
ENSMUSG00000045827,Serpinb9,10850,11114,13248,12462,11405,8012,9708,10413,8530,7420,7323,6842
ENSMUSG00000021711,Trappc13,869,934,744,751,713,486,753,790,826,651,647,636
ENSMUSG00000021457,Syk,31,28,10,19,16,4,16,23,19,14,16,18
ENSMUSG00000118537,Shld3,125,126,115,114,105,81,108,106,135,121,115,82
ENSMUSG00000021403,Serpinb9b,168,174,184,152,161,85,123,110,106,72,107,89
ENSMUSG00000113737,BB123696,1,0,0,0,0,1,0,0,0,0,0,0
ENSMUSG00000113726,Gm36099,0,0,0,0,0,0,0,0,0,0,0,0
ENSMUSG00000051029,Serpinb1b,12,15,19,15,10,8,5,10,11,13,8,4
ENSMUSG00000083653,Gm11384,0,0,0,0,0,0,0,0,0,0,0,0
ENSMUSG00000082893,Gm11383,0,1,0,0,1,0,0,0,0,0,0,0
ENSMUSG00000021404,Serpinb9c,0,0,0,0,0,0,0,0,0,0,0,0
ENSMUSG00000054266,Serpinb9d,0,0,0,0,0,0,0,0,0,0,0,0
ENSMUSG00000081237,Gm11385,0,0,0,0,0,0,0,0,0,0,0,0
ENSMUSG00000113703,Gm47788,0,0,0,0,0,0,0,0,0,0,0,0
ENSMUSG00000062342,Serpinb9e,1,0,0,0,0,0,0,0,0,0,0,0
ENSMUSG00000021712,Trim23,337,352,308,292,298,283,267,303,318,358,378,374
ENSMUSG00000038327,Serpinb9f,0,0,0,0,0,0,0,0,0,0,0,0
ENSMUSG00000071452,Serpinb9h,0,0,0,0,0,0,0,0,0,0,0,0
ENSMUSG00000021713,Ppwd1,507,493,420,429,553,525,458,519,459,408,550,494
ENSMUSG00000021585,Cast,1940,2252,1805,1992,1129,777,1577,1885,1603,1663,1248,970
ENSMUSG00000113015,Gm6296,1,3,2,1,2,2,1,1,1,1,1,0
ENSMUSG00000021460,Auh,297,288,323,289,277,213,391,380,313,259,392,380
ENSMUSG00000086743,Hnrnpa1l2-ps,0,0,0,0,0,0,0,1,0,1,0,0
ENSMUSG00002075804,#N/A,0,0,0,0,0,0,0,0,0,0,0,0
ENSMUSG00000056749,Nfil3,1021,1130,893,891,697,271,921,1020,1012,928,961,926
ENSMUSG00000113101,Gm33424,0,3,1,3,0,1,0,1,0,0,1,1
ENSMUSG00000112952,Gm48336,0,0,0,0,0,0,0,0,0,0,0,0
ENSMUSG00000021714,Cenpk,109,96,93,88,130,143,107,138,109,90,150,139
ENSMUSG00000021464,Ror2,0,0,0,0,2,4,0,0,0,0,0,0
ENSMUSG00000021587,Pcsk1,10,15,5,10,22,16,10,11,11,16,14,8
ENSMUSG00000113264,Gm19095,0,0,0,0,0,0,0,0,0,0,0,0
ENSMUSG00000113821,Gm48234,0,0,0,0,0,0,0,0,1,0,0,0
ENSMUSG00000113270,Gm48235,0,0,1,0,0,0,0,1,1,1,2,0
ENSMUSG00000113773,Gm8278,0,0,0,0,0,0,0,0,0,0,0,0
ENSMUSG00000113929,Gm3926,1,2,1,0,0,1,1,0,0,4,1,1
ENSMUSG00000074800,Gm4149,0,0,0,0,0,0,0,0,0,0,0,0
ENSMUSG00000076236,Mir682,0,0,0,0,0,0,0,0,0,0,0,0
ENSMUSG00000077337,Gm23012,0,0,0,0,0,0,0,0,0,0,0,0
ENSMUSG00000021468,Sptlc1,1738,2068,1565,1667,1137,693,1302,1559,1593,1510,1015,981
ENSMUSG00000114125,1700037F03Rik,1,3,1,4,0,0,0,1,0,2,0,0
ENSMUSG00000107008,Gm2762,9,9,12,12,18,6,15,9,12,20,8,8
ENSMUSG00000107305,Gm43262,0,0,0,0,0,0,0,0,0,0,0,0
ENSMUSG00000021469,Msx2,0,0,1,0,0,0,0,0,0,0,1,0
ENSMUSG00000113834,Gm34022,0,0,0,0,0,0,0,0,0,0,0,0
ENSMUSG00000063166,Gm5449,0,0,0,0,0,0,1,0,0,0,0,0
ENSMUSG00000113599,9530014B07Rik,0,0,0,0,0,0,0,0,0,0,0,0
ENSMUSG00000113329,4930555G21Rik,0,0,0,0,0,0,0,0,0,0,0,0
ENSMUSG00000112965,Gm34278,0,0,0,0,0,0,0,0,0,0,0,0
ENSMUSG00000114143,Gm48548,0,0,0,0,0,0,0,0,0,0,0,0
ENSMUSG00000114012,Gm18974,0,0,0,0,0,0,0,0,0,0,0,0
ENSMUSG00000114069,E130119H09Rik,0,0,0,0,0,0,0,0,0,0,0,0
ENSMUSG00000113982,Gm34557,0,0,0,0,0,0,0,0,0,0,0,0
ENSMUSG00000113882,Gm48550,0,0,0,0,0,0,0,0,0,0,0,0
ENSMUSG00000001542,Ell2,3980,3888,2987,3006,2693,2882,2188,2863,2905,2851,2062,1862
ENSMUSG00000113041,Gm48302,0,1,1,6,1,6,0,8,3,6,0,3
ENSMUSG00000077449,Gm23127,0,0,0,0,0,0,0,0,0,0,0,0
ENSMUSG00000113409,Gm8288,0,0,1,1,0,1,0,1,0,0,1,0
ENSMUSG00000021478,Drd1,0,0,0,0,0,2,1,0,0,0,1,0
ENSMUSG00000021591,Glrx,235,332,265,295,150,70,237,269,187,169,122,110
ENSMUSG00000021474,Sfxn1,2602,2666,2296,2330,2467,1395,2161,2416,2716,2443,2589,2413
ENSMUSG00000114042,Gm18473,0,0,0,0,0,0,0,0,0,0,0,0
ENSMUSG00000034987,Hrh2,108,143,54,86,48,29,69,85,82,85,70,52
ENSMUSG00000090016,Gm16578,0,0,0,0,0,0,0,0,0,0,0,0
ENSMUSG00000113327,Gm48615,0,0,0,0,0,0,0,0,0,0,0,0
ENSMUSG00000046169,Adamts6,1940,2114,1394,1470,1199,925,848,1238,1678,1883,1386,1352
ENSMUSG00000112941,Gm48623,0,0,0,0,0,0,0,0,0,0,2,0
ENSMUSG00000113404,Gm48622,0,0,0,0,0,0,0,0,0,0,0,0
ENSMUSG00000021589,Rhobtb3,13,12,19,14,16,19,14,24,14,10,17,20
ENSMUSG00000070170,Gm24163,0,0,0,0,0,0,0,0,0,0,0,0
ENSMUSG00000081816,Gm15528,2,3,2,1,1,0,0,4,1,0,0,1
ENSMUSG00000025867,Cplx2,0,0,0,0,0,1,1,0,0,0,0,1
ENSMUSG00000061833,Gm6311,0,2,0,3,0,0,2,3,0,3,0,0
ENSMUSG00000086137,Gm16248,0,0,0,0,0,0,0,0,0,0,0,0
ENSMUSG00000077655,Gm23319,0,0,0,0,0,0,0,0,0,0,0,0
ENSMUSG00002076631,#N/A,0,0,0,0,0,0,0,0,0,0,0,0
ENSMUSG00000025872,Thoc3,1644,1936,1522,1710,1574,839,1626,1755,1830,1559,1426,1343
ENSMUSG00000086567,Gm2830,0,3,2,1,0,0,2,1,2,0,0,0
ENSMUSG00000021590,Spata9,0,0,0,0,0,0,0,0,0,0,0,0
ENSMUSG00000021715,Cwc27,879,927,683,771,717,860,674,855,815,797,815,701
ENSMUSG00000084860,2610204G07Rik,5,1,0,2,1,3,2,2,1,5,2,1
ENSMUSG00000021716,Srek1ip1,748,742,576,575,685,399,745,694,717,650,604,629
ENSMUSG00000042655,Shisal2b,0,3,5,7,9,2,5,5,7,7,3,6
ENSMUSG00000114326,Gm4938,0,0,0,0,0,0,0,0,0,0,0,0
ENSMUSG00000043183,Simc1,1548,1628,1370,1461,1402,1360,1014,1449,1447,1422,1341,1182
ENSMUSG00000021719,Rgs7bp,0,0,1,0,0,3,0,0,0,0,0,0
ENSMUSG00000043190,Rfesd,132,129,112,93,117,130,87,90,143,121,146,126
ENSMUSG00000114366,Gm4165,0,0,1,0,0,0,0,0,0,0,0,0
ENSMUSG00000045509,Gpr150,1,2,4,1,1,0,2,5,2,0,0,1
ENSMUSG00000060147,Serpinb6a,610,780,471,526,424,224,547,553,500,411,398,409
ENSMUSG00000021718,Nt5el,1,0,0,0,0,0,0,0,1,0,0,0
ENSMUSG00000085457,1110046J04Rik,3,8,2,4,7,1,3,3,0,3,4,4
ENSMUSG00000021720,Rnf180,4,0,2,2,3,2,0,5,3,1,0,2
ENSMUSG00000077578,Gm25631,0,0,0,0,0,0,0,0,0,0,0,0
ENSMUSG00000021721,Htr1a,0,0,0,0,0,0,0,0,0,0,0,0
ENSMUSG00000114518,Gm48208,0,0,0,0,0,0,0,0,0,0,0,0
ENSMUSG00000114671,Gm48211,0,0,0,0,0,0,0,0,0,0,0,0
ENSMUSG00000114564,Gm10739,0,0,0,0,0,0,0,0,0,0,0,0
ENSMUSG00000114840,Gm48212,0,0,0,0,0,0,0,0,0,0,0,0
ENSMUSG00000114899,Gm48214,0,0,0,0,0,0,0,0,0,0,0,0
ENSMUSG00000108515,Olfr717-ps1,0,0,0,0,0,0,0,0,0,0,0,0
ENSMUSG00000114217,Gm7054,0,1,0,0,1,0,0,0,1,2,0,0
ENSMUSG00000114367,Gm48216,0,0,0,0,0,0,0,0,0,0,0,0
ENSMUSG00000046949,Nqo2,64,54,74,57,37,37,61,68,60,42,36,39
ENSMUSG00000059877,Dph3b-ps,0,0,0,0,0,0,0,0,0,0,0,0
ENSMUSG00000114422,Gm30411,0,0,0,0,0,0,0,0,0,0,0,0
ENSMUSG00000021592,Arsk,47,53,27,28,43,59,37,53,45,41,75,46
ENSMUSG00000064854,Gm24527,0,0,0,0,0,0,0,0,0,0,0,0
ENSMUSG00000101308,Gm28989,0,0,1,0,1,0,0,0,0,0,1,0
ENSMUSG00000025871,4833439L19Rik,1623,1766,1352,1375,1364,732,1351,1478,1504,1298,1214,1140
ENSMUSG00000025870,Arl10,30,31,39,29,20,6,22,35,27,31,20,39
ENSMUSG00000080454,Gm24195,0,0,0,0,0,0,1,0,0,1,0,0
ENSMUSG00000025869,Nop16,3038,3109,2481,2621,2454,1255,2795,2570,2948,2693,2515,2306
ENSMUSG00000025868,Higd2a,333,398,308,350,363,143,389,347,332,281,298,318
ENSMUSG00000021408,Ripk1,1643,1709,1204,1288,1037,852,1102,1400,1320,1358,1178,1022
ENSMUSG00000090628,Gm17083,0,0,0,0,0,0,0,0,0,0,0,0
ENSMUSG00000091462,Gm17084,0,0,0,0,0,0,0,0,0,0,0,0
ENSMUSG00000038286,Bphl,26,26,23,34,20,12,38,22,14,26,21,20
ENSMUSG00000047547,Cltb,557,621,423,431,485,336,356,410,552,495,620,533
ENSMUSG00000058672,Tubb2a,84,83,78,76,58,31,53,62,71,50,47,44
ENSMUSG00000113591,4930447K03Rik,0,0,1,0,0,0,0,0,0,0,0,0
ENSMUSG00000114067,Gm47065,0,0,0,0,0,0,0,0,0,0,0,0
ENSMUSG00000113645,Gm47076,0,0,0,0,0,0,0,0,0,0,0,0
ENSMUSG00000033991,Ttc37,1718,1905,1532,1481,1418,961,985,1536,1600,1578,1509,1409
ENSMUSG00000114664,Gm48639,4,9,4,3,3,4,3,5,3,8,1,1
ENSMUSG00000045136,Tubb2b,15,9,8,8,9,1,8,3,6,7,11,6
ENSMUSG00000113883,Gm36500,0,0,0,1,0,0,0,0,0,1,0,0
ENSMUSG00000109228,Fam81b,0,0,0,0,0,0,0,0,0,0,0,0
ENSMUSG00000114242,Gm31219,0,0,0,0,0,0,0,0,0,0,0,0
ENSMUSG00002075677,#N/A,0,0,0,0,0,0,0,0,0,0,0,0
ENSMUSG00000071451,Psmg4,452,544,476,550,542,303,578,526,594,496,482,468
ENSMUSG00000042590,Ipo11,1958,2109,1796,1676,1938,1284,1289,1798,1845,1725,1818,1748
ENSMUSG00000038267,Slc22a23,5,7,0,1,1,3,1,1,1,5,1,2
ENSMUSG00000021596,Mctp1,3,5,4,8,8,9,11,6,5,2,5,10
ENSMUSG00002075380,#N/A,0,0,0,0,0,0,0,0,0,0,0,0
ENSMUSG00000113430,Gm47086,0,0,1,0,0,0,0,2,0,0,0,0
ENSMUSG00000114293,Gm48078,0,1,0,0,0,1,0,0,1,0,1,0
ENSMUSG00000113843,Gm6129,2,3,1,0,2,0,2,5,3,0,3,1
ENSMUSG00000119468,#N/A,0,0,0,0,0,0,0,0,0,0,0,0
ENSMUSG00000114170,Gm47120,0,0,0,0,0,0,0,0,0,0,0,0
ENSMUSG00000096216,Gm21959,0,0,0,0,0,0,0,0,0,0,0,0
ENSMUSG00000090027,Gm15740,1,0,2,0,0,0,0,0,0,0,0,0
ENSMUSG00000113998,Gm40909,0,0,0,0,0,0,0,0,0,0,0,0
ENSMUSG00000118423,Lrrc70,71,67,51,58,53,30,38,49,68,54,56,30
ENSMUSG00000090119,Gm8185,1,1,1,1,0,1,1,2,0,0,0,0
ENSMUSG00000113554,Gm36758,0,0,0,0,0,0,1,0,0,0,0,0
ENSMUSG00000100833,Gm28988,0,0,0,0,0,0,0,0,0,0,0,0
ENSMUSG00000025873,Faf2,1844,2013,1616,1615,1644,1198,1271,1757,1839,1622,1670,1525
ENSMUSG00000113185,Gm47127,1,0,0,1,0,0,0,0,0,0,0,0
ENSMUSG00000114572,Gm48457,0,0,0,0,0,0,0,0,0,0,0,0
ENSMUSG00000021411,Pxdc1,28,30,49,46,20,9,20,28,30,34,21,14
ENSMUSG00000086786,Gm15908,0,0,0,0,0,0,0,0,0,0,0,0
ENSMUSG00000113044,Gm47149,0,0,0,0,0,0,0,0,0,0,0,0
ENSMUSG00000113615,Gm47150,0,0,0,0,0,0,0,0,0,0,0,0
ENSMUSG00000021692,Dimt1,570,592,496,514,543,474,473,506,599,544,575,504
ENSMUSG00000113822,Gm47151,0,0,0,0,0,0,0,0,0,0,0,0
ENSMUSG00000113457,Gm47152,0,0,0,0,0,0,0,0,0,0,0,0
ENSMUSG00000038246,Fam50b,0,0,0,0,0,0,0,0,0,0,0,0
ENSMUSG00000113740,Gm8598,0,0,0,0,0,0,0,0,0,0,0,0
ENSMUSG00000113484,Gm47157,0,0,0,0,0,0,0,0,0,0,0,0
ENSMUSG00000113763,Gm49287,0,0,0,0,0,0,0,0,0,0,0,0
ENSMUSG00000114127,Gm8231,5,11,6,3,1,0,9,4,3,1,1,3
ENSMUSG00000091834,Gm17177,0,0,0,0,0,0,0,0,0,0,0,0
ENSMUSG00000113170,Gm36839,1,0,1,1,1,3,6,3,1,1,1,0
ENSMUSG00000113784,Gm46400,0,0,0,0,0,1,0,0,0,0,1,0
ENSMUSG00000113920,Gm18783,0,0,0,0,0,0,0,0,0,0,0,0
ENSMUSG00000113560,Gm48519,0,0,0,0,0,0,0,0,0,0,0,0
ENSMUSG00000113651,Gm4900,28,29,15,20,26,9,21,28,26,21,24,32
ENSMUSG00000112973,Gm48520,0,0,0,0,0,0,0,0,0,0,0,0
ENSMUSG00000091304,Speer6-ps1,0,0,0,0,0,0,0,0,0,0,0,0
ENSMUSG00000113271,Gm40653,0,0,0,0,0,0,0,0,0,0,0,0
ENSMUSG00000114003,Gm9616,9,10,5,17,9,1,10,6,8,8,6,10
ENSMUSG00000112968,Gm48530,0,0,0,0,0,0,0,0,0,0,0,0
ENSMUSG00000113636,Gm8616,0,0,0,0,0,0,0,0,1,0,0,0
ENSMUSG00000096107,Gm16505,0,0,0,0,0,0,0,0,0,0,0,0
ENSMUSG00000113534,Gm19163,0,0,0,0,0,0,0,0,0,0,0,0
ENSMUSG00000021597,Slf1,567,572,537,512,698,576,567,676,544,555,684,708
ENSMUSG00000097709,2810429I04Rik,4,8,10,23,15,8,13,12,16,28,15,13
ENSMUSG00000071252,2210408I21Rik,29,28,20,25,20,20,31,27,24,27,29,25
ENSMUSG00000114256,Gm29844,0,3,1,0,0,0,2,0,0,0,0,0
ENSMUSG00000114778,Gm9634,1,0,0,0,0,2,0,0,0,1,0,0
ENSMUSG00000114809,Atp5c1-ps,1,1,0,1,1,0,2,0,3,1,3,1
ENSMUSG00000088521,Gm26088,0,0,0,0,0,0,0,0,0,0,0,0
ENSMUSG00000021413,Prpf4b,4774,4770,4151,4061,4663,4872,3113,4224,4375,4421,5458,4733
ENSMUSG00000021414,Fam217a,2,1,1,3,0,0,1,0,0,1,1,0
ENSMUSG00000021415,4933417A18Rik,0,0,0,0,0,0,0,0,0,0,0,0
ENSMUSG00000098209,Gm8245,0,1,0,2,0,0,1,0,2,0,0,0
ENSMUSG00000021416,Eci3,0,0,0,0,0,0,0,0,0,0,0,0
ENSMUSG00000113066,Gm47217,0,0,0,0,0,0,0,0,0,0,0,0
ENSMUSG00000085962,Gm16984,0,0,0,0,0,2,0,0,0,0,0,0
ENSMUSG00000034928,Rnf44,4225,4113,3318,3341,2752,1901,2855,3579,3743,3454,3370,3159
ENSMUSG00000064138,Fam172a,598,620,498,462,650,444,426,529,617,473,652,671
ENSMUSG00000093668,Pou5f2,5,4,4,2,4,2,5,1,2,4,3,3
ENSMUSG00000021218,Gdi2,4227,4851,3804,3741,4430,3477,3619,4168,4398,4072,4504,3986
ENSMUSG00000114812,Gm48254,2,2,3,2,3,0,1,3,1,2,5,3
ENSMUSG00000114605,C130051F05Rik,6,8,8,9,7,8,11,16,8,9,14,5
ENSMUSG00000114622,Gm18990,1,6,2,1,3,1,2,2,0,2,3,2
ENSMUSG00000113894,Gm48838,22,22,30,35,12,17,12,22,17,15,15,20
ENSMUSG00000114401,Gm38604,0,0,0,0,0,6,0,0,0,0,0,0
ENSMUSG00000114649,3110006O06Rik,0,0,0,1,0,0,0,2,2,3,2,1
ENSMUSG00000069171,Nr2f1,0,0,0,0,0,3,0,2,0,0,0,0
ENSMUSG00000034918,Cdhr2,1,1,0,0,0,2,0,0,0,0,2,0
ENSMUSG00000087143,A830082K12Rik,0,1,0,0,0,1,0,0,0,0,0,0
ENSMUSG00000069227,Gprin1,0,0,0,2,0,0,0,0,0,0,0,0
ENSMUSG00000114592,Gm5042,2,1,0,0,1,0,1,0,1,0,2,0
ENSMUSG00000114600,Gm46387,0,0,0,0,0,0,0,0,0,0,0,0
ENSMUSG00000114383,Gm3963,0,1,0,0,0,0,2,0,0,1,1,0
ENSMUSG00000021693,Kif2a,1258,1313,1066,1040,1265,1138,969,1185,1150,1140,1352,1300
ENSMUSG00000098003,Gm6317,10,18,10,15,8,1,16,18,9,8,7,4
ENSMUSG00000114632,Gm48399,0,0,0,0,0,0,0,0,0,0,0,0
ENSMUSG00000114639,Gm31946,0,0,0,0,0,0,0,0,0,0,0,0
ENSMUSG00002075618,#N/A,0,0,0,0,0,0,0,0,0,0,0,0
ENSMUSG00000114522,Gm32067,0,0,0,0,0,0,0,0,0,0,0,0
ENSMUSG00000114594,Gm48402,0,0,0,0,0,0,0,0,0,0,0,0
ENSMUSG00000114557,Gm8345,1,1,0,0,2,0,0,1,2,0,1,0
ENSMUSG00000088435,Gm25383,0,0,0,0,0,0,0,0,0,0,0,0
ENSMUSG00000071181,3830408C21Rik,10,13,8,8,12,19,10,6,9,4,12,9
ENSMUSG00000114893,Gm48684,5,1,2,5,2,2,3,1,1,1,4,7
ENSMUSG00000101416,Gm29318,0,0,0,0,0,0,0,0,0,0,0,0
ENSMUSG00000102355,Gm38349,0,0,0,0,0,0,0,0,0,0,0,0
ENSMUSG00000114311,Gm31452,0,0,0,0,0,0,0,0,0,0,0,0
ENSMUSG00000114874,Gm48470,0,0,0,0,0,0,0,0,0,0,0,0
ENSMUSG00000034891,Sncb,0,6,3,2,0,5,8,3,2,2,0,2
ENSMUSG00000114475,Gm2726,0,0,0,0,0,0,0,0,0,0,0,0
ENSMUSG00000119183,#N/A,0,0,0,0,0,0,0,0,0,0,0,0
ENSMUSG00000084949,Gm16249,0,0,0,0,0,0,0,0,0,0,0,0
ENSMUSG00000114459,Gm2736,0,0,0,0,0,0,0,0,0,0,0,0
ENSMUSG00000114505,Gm48471,0,0,0,0,0,0,0,0,0,0,1,0
ENSMUSG00000049233,Apoo-ps,2,3,2,3,0,1,0,0,1,2,3,5
ENSMUSG00000100168,Gm28526,0,0,0,0,0,0,0,0,0,0,0,0
ENSMUSG00000033799,Tasor2,3433,3746,2592,2642,2627,2199,1398,2572,2440,3040,3297,3038
ENSMUSG00000114222,Gm19320,0,0,0,0,0,0,0,0,0,0,0,0
ENSMUSG00000114287,Gm5197,0,0,0,0,0,0,0,0,0,0,0,0
ENSMUSG00000084661,Gm24635,0,0,0,0,0,0,0,0,0,0,0,0
ENSMUSG00000114462,Gm8371,1,0,1,0,0,0,0,0,0,0,0,0
ENSMUSG00000114528,Gm46388,0,0,0,0,0,0,0,0,0,0,1,0
ENSMUSG00000033781,Asb13,260,303,277,262,268,167,264,254,262,257,335,281
ENSMUSG00002075945,#N/A,0,1,0,1,0,3,0,0,1,0,2,0
ENSMUSG00000113759,Gm47695,0,0,0,0,0,0,0,0,0,0,0,0
ENSMUSG00000113259,Gm35190,0,0,0,0,0,0,0,0,0,0,0,0
ENSMUSG00000063130,Calml3,0,0,0,0,0,0,1,0,0,0,0,0
ENSMUSG00000114091,Gm40655,0,0,0,0,0,0,0,0,0,0,0,0
ENSMUSG00000033765,Calm4,0,0,0,0,0,1,0,0,0,0,0,0
ENSMUSG00000099269,Calm5,0,0,0,0,0,0,0,0,0,0,0,0
ENSMUSG00000074794,Arrdc3,121,155,84,95,86,65,74,94,94,125,106,98
ENSMUSG00000089827,1700023H06Rik,1,1,1,0,2,0,0,2,0,0,0,0
ENSMUSG00000114554,5430425K12Rik,0,0,0,0,0,0,0,0,0,0,0,0
ENSMUSG00000097146,Gm4211,0,0,0,0,0,0,0,0,0,0,0,0
ENSMUSG00000097098,9330111N05Rik,0,0,0,0,0,0,0,0,0,0,0,0
ENSMUSG00000114479,Gm49375,0,0,0,0,0,0,0,0,0,0,0,0
ENSMUSG00000068184,Ndufaf2,205,260,181,199,252,286,266,206,227,194,297,274
ENSMUSG00000114773,Gm48568,0,0,0,0,0,0,0,0,0,0,0,0
ENSMUSG00000114801,Gm48549,0,0,0,0,0,0,0,0,0,0,0,0
ENSMUSG00000114822,Gm4813,0,4,0,0,1,1,3,0,0,0,1,0
ENSMUSG00000043889,Gm8399,20,16,10,10,12,5,16,10,21,24,14,17
ENSMUSG00002075877,#N/A,0,0,0,0,0,0,0,0,0,0,0,0
ENSMUSG00000114836,Gm18517,0,0,0,0,0,0,0,0,0,0,0,0
ENSMUSG00000021215,Net1,981,1006,861,907,938,703,874,1025,963,918,942,908
ENSMUSG00000113128,Gm47813,34,20,30,37,50,30,39,45,23,22,24,25
ENSMUSG00000021216,Tubal3,1,0,0,0,0,2,0,2,0,0,0,0
ENSMUSG00000044988,Ucn3,0,0,0,0,0,0,0,0,0,0,0,0
ENSMUSG00002075714,#N/A,0,0,0,0,0,0,0,0,0,0,0,0
ENSMUSG00000113667,Gm47853,0,0,0,0,0,0,0,0,0,0,0,0
ENSMUSG00000110055,Gm18857,0,0,0,0,0,0,0,0,0,0,0,0
ENSMUSG00000074895,Eif4e1b,0,0,0,0,0,0,0,0,0,0,0,0
ENSMUSG00000033715,Akr1c14,0,0,0,0,0,0,0,0,0,0,0,0
ENSMUSG00000113788,Gm47904,0,0,0,0,0,0,0,0,0,0,0,0
ENSMUSG00000113517,Gm47905,0,0,0,1,0,0,0,0,0,0,0,0
ENSMUSG00000021694,Ercc8,563,677,612,630,547,260,503,563,575,517,438,399
ENSMUSG00000021417,Eci2,269,338,222,247,219,99,264,316,288,211,229,232
ENSMUSG00000114061,Gm48626,0,0,0,0,0,0,0,0,0,0,0,0
ENSMUSG00000021214,Akr1c18,118,108,50,39,44,25,30,23,56,54,51,56
ENSMUSG00000113738,Gm40910,0,0,0,0,0,1,0,0,0,0,0,0
ENSMUSG00000114233,Gm48629,0,0,0,0,0,0,0,0,0,0,0,0
ENSMUSG00000113744,Gm47925,0,0,0,0,0,0,0,0,0,0,0,0
ENSMUSG00000112986,Gm2123,0,0,0,0,0,0,0,0,0,0,0,0
ENSMUSG00000113906,4930529N20Rik,1,0,0,0,0,0,0,0,0,0,0,0
ENSMUSG00000021696,Elovl7,13,14,5,16,11,3,8,6,11,8,13,11
ENSMUSG00000114519,Gm32376,1,0,1,0,0,0,0,0,0,0,0,0
ENSMUSG00000114507,Gm30747,2,0,0,0,0,0,1,3,1,0,0,1
ENSMUSG00000114607,Gm8990,0,1,3,1,4,0,0,2,0,5,0,1
ENSMUSG00000090358,Gm2822,0,0,0,0,1,0,1,0,0,0,0,0
ENSMUSG00000102099,1700011B04Rik,0,0,0,0,0,0,0,0,0,0,0,0
ENSMUSG00000113770,1700019C18Rik,0,0,0,0,0,0,0,0,0,0,0,0
ENSMUSG00000114237,Gm48694,0,0,0,0,0,0,0,0,0,0,0,0
ENSMUSG00000077601,Gm22674,0,0,0,0,0,0,0,0,0,0,0,0
ENSMUSG00000114838,Gm48703,0,0,0,0,0,0,0,0,0,0,1,0
ENSMUSG00000021213,Akr1c13,51,74,52,53,40,40,49,43,56,54,46,38
ENSMUSG00000114337,Gm48704,0,0,0,0,0,0,0,0,0,0,0,0
ENSMUSG00000114661,Gm48707,0,0,0,0,0,0,0,0,0,0,0,0
ENSMUSG00000071551,Akr1c19,0,4,0,0,1,4,0,2,0,0,1,0
ENSMUSG00000086265,Marcksl1-ps4,0,0,0,0,0,0,0,0,0,0,0,0
ENSMUSG00000025875,Tspan17,0,12,5,4,2,2,3,1,1,3,5,1
ENSMUSG00000086097,Gm16250,0,0,0,0,0,0,0,0,0,0,0,0
ENSMUSG00000100728,Gm29431,0,0,0,0,0,0,0,0,0,0,0,0
ENSMUSG00000085896,5330429C05Rik,0,0,0,0,0,0,0,0,0,0,0,0
ENSMUSG00000021211,Akr1c12,23,35,21,26,34,16,32,21,24,23,11,27
ENSMUSG00000087335,4930526F13Rik,0,0,0,0,0,0,0,0,0,0,0,0
ENSMUSG00000021697,Depdc1b,39,31,34,32,85,45,37,60,41,27,63,55
ENSMUSG00000113175,Gm9973,0,0,0,0,0,0,0,0,0,0,0,0
ENSMUSG00000113004,Gm47951,0,0,0,0,0,0,0,0,0,0,0,0
ENSMUSG00000059288,Cdyl,893,935,716,755,724,376,605,736,844,737,623,690
ENSMUSG00000065178,Gm22126,0,0,0,0,0,0,0,0,0,0,0,0
ENSMUSG00000114373,Gm48708,0,0,0,0,0,0,0,0,0,0,0,0
ENSMUSG00000114555,Gm48706,8,4,8,6,0,1,6,3,6,11,0,2
ENSMUSG00000021418,Rpp40,388,423,354,374,447,311,385,358,411,394,456,391
ENSMUSG00000114270,Gm48746,0,0,0,0,0,0,0,0,0,0,0,0
ENSMUSG00000114910,Gm48756,0,0,0,0,0,0,0,0,0,0,0,0
ENSMUSG00000114647,Gm30127,0,0,0,0,2,0,0,0,0,0,0,0
ENSMUSG00000021210,Akr1c6,0,0,0,0,0,0,0,0,0,0,0,0
ENSMUSG00000113214,Gm48010,0,0,0,0,0,0,0,0,0,0,0,0
ENSMUSG00000050423,Ppp1r3g,0,0,0,0,0,0,0,1,1,0,1,0
ENSMUSG00000046573,Lyrm4,261,235,171,213,217,142,221,215,290,241,274,249
ENSMUSG00000114251,Tmed10-ps,9,4,0,2,2,0,2,3,7,6,3,4
ENSMUSG00000114340,Gm18132,0,0,0,0,0,0,0,0,0,0,0,0
ENSMUSG00000114857,Gm48770,0,0,0,0,0,0,0,0,0,0,0,0
ENSMUSG00000114407,Gm48765,0,0,0,0,0,0,0,0,0,0,0,0
ENSMUSG00000025876,Unc5a,13,8,4,7,7,12,6,9,10,10,7,14
ENSMUSG00000054757,Akr1c20,0,0,0,0,0,0,0,0,0,0,0,0
ENSMUSG00000069170,Adgrv1,1,0,2,1,5,15,2,2,3,0,8,2
ENSMUSG00000114939,Gm48566,0,0,1,0,0,0,0,0,0,0,0,0
ENSMUSG00000114454,Gm48567,0,0,0,0,0,0,0,0,0,0,0,0
ENSMUSG00000021420,Fars2,194,263,178,196,211,85,170,185,234,219,229,182
ENSMUSG00000035840,Lysmd3,233,175,185,168,115,129,107,120,156,202,158,157
ENSMUSG00000114371,Gm48769,0,0,0,0,0,0,0,0,0,0,0,0
ENSMUSG00000114617,Gm48766,5,2,1,1,2,10,0,1,3,6,3,2
ENSMUSG00000114714,Gm48763,0,0,0,0,0,0,0,0,0,0,0,0
ENSMUSG00000021207,Akr1c21,0,0,0,0,0,0,0,0,0,0,0,0
ENSMUSG00000114581,Gm8277,0,1,0,0,0,1,1,1,0,0,0,0
ENSMUSG00000114387,Gm48767,0,0,0,0,0,0,0,0,0,0,0,0
ENSMUSG00000114746,4933436N17Rik,0,0,0,0,0,0,0,0,0,0,0,0
ENSMUSG00000114851,Gm46409,2,0,0,1,0,2,0,1,0,0,1,0
ENSMUSG00000077282,Gm26395,0,0,0,0,0,0,0,0,0,0,0,0
ENSMUSG00000039114,Nrn1,7445,8504,6624,6864,7023,4918,6542,7505,7312,6693,4930,4413
ENSMUSG00000114708,Gm30177,10,2,3,6,2,13,2,1,3,1,3,3
ENSMUSG00000035834,Polr3g,1229,1317,1159,1089,981,984,1031,1212,1252,1169,1123,953
ENSMUSG00000051098,Mblac2,46,41,44,40,33,34,48,33,43,23,31,37
ENSMUSG00000114905,Gm48113,0,0,0,0,0,0,0,0,0,0,0,0
ENSMUSG00000097793,Gm17259,13,17,17,20,10,10,11,18,15,18,14,24
ENSMUSG00000045410,Akr1e1,88,93,86,74,115,91,66,81,85,69,124,102
ENSMUSG00000094772,Rpl29-ps2,0,2,1,1,0,0,0,2,1,0,0,0
ENSMUSG00000113717,Gm40658,0,0,0,0,0,0,0,0,0,0,0,0
ENSMUSG00000053499,Gm5444,0,0,0,0,0,1,0,0,0,0,1,0
ENSMUSG00000113866,Gm47450,0,0,0,0,0,0,1,0,0,0,0,0
ENSMUSG00000077473,Gm24790,0,0,0,0,0,0,0,0,0,0,0,0
ENSMUSG00000113668,Gm47451,0,0,0,0,0,0,0,0,0,0,0,0
ENSMUSG00000021537,Cetn3,885,908,680,683,787,1035,776,828,875,837,1020,810
ENSMUSG00000114098,Gm40660,2,6,1,1,0,0,0,0,2,3,0,1
ENSMUSG00000114634,F830210D05Rik,0,0,0,0,0,0,0,0,0,0,0,0
ENSMUSG00000088923,Gm24295,0,0,0,0,0,0,0,0,0,0,0,0
ENSMUSG00000114461,Gm48155,0,0,0,0,0,0,0,0,0,0,0,0
ENSMUSG00000114053,Gm35330,9,12,6,11,5,7,6,8,5,2,5,4
ENSMUSG00000114932,Gm4936,4,9,5,4,3,1,5,0,3,6,2,1
ENSMUSG00002074972,#N/A,0,0,0,0,0,0,0,0,0,0,0,0
ENSMUSG00000106655,Mir3961,0,0,0,0,0,0,0,0,0,0,0,0
ENSMUSG00000114372,2310067P03Rik,0,0,0,0,0,0,0,0,0,0,0,0
ENSMUSG00000114735,Gm48156,0,0,0,0,0,1,0,0,0,0,0,0
ENSMUSG00000100625,1700016G22Rik,0,0,1,0,1,0,2,4,0,0,1,2
ENSMUSG00000021423,Ly86,5,5,3,2,3,0,1,1,3,2,2,2
ENSMUSG00000100760,Gm4035,0,0,0,0,0,0,0,0,0,0,0,0
ENSMUSG00000000078,Klf6,6299,6635,6258,6318,4231,3323,5731,6612,5731,5163,3731,3278
ENSMUSG00000114791,Gm47730,0,0,0,0,0,0,0,0,0,0,0,0
ENSMUSG00000113757,Gm47507,0,1,0,0,0,0,0,1,0,0,0,0
ENSMUSG00000100932,Gm29459,0,0,0,0,0,0,0,0,0,0,0,0
ENSMUSG00000099847,Gm29458,0,0,0,0,0,0,0,0,0,0,0,0
ENSMUSG00000113017,Gm46401,0,0,0,0,0,0,0,0,0,0,0,0
ENSMUSG00002075218,#N/A,0,0,0,0,0,0,0,0,0,0,0,0
ENSMUSG00000114701,Gm47731,0,0,0,0,0,0,0,0,0,0,0,0
ENSMUSG00000114573,Gm47732,0,0,0,0,0,0,0,0,0,0,0,0
ENSMUSG00000114389,Gm47734,0,0,0,0,0,0,0,0,0,0,0,0
ENSMUSG00000113054,Gm47514,0,0,0,0,0,0,0,0,1,0,0,0
ENSMUSG00000113483,Gm47548,0,0,0,0,0,0,0,0,0,0,0,0
ENSMUSG00000100022,Gm29590,0,0,0,0,0,6,0,0,0,0,0,0
ENSMUSG00000113765,Gm47549,0,0,0,0,0,0,0,0,0,0,0,0
ENSMUSG00000114097,Gm35615,0,0,0,0,0,0,0,0,0,0,0,0
ENSMUSG00000114665,Lncbate6,0,0,0,0,2,4,1,0,0,0,2,0
ENSMUSG00000101540,Gm28465,0,0,0,0,0,0,0,0,1,0,0,0
ENSMUSG00000114724,Gm47751,0,0,0,0,0,0,0,0,0,0,0,0
ENSMUSG00000114195,2900042G08Rik,0,0,0,0,0,0,0,0,0,0,0,0
ENSMUSG00000114784,Gm47754,0,2,0,2,0,2,0,0,1,0,2,1
ENSMUSG00000114718,Gm47753,0,0,0,0,0,0,0,0,2,0,0,0
ENSMUSG00000114404,Gm40915,1,1,1,0,0,1,0,0,1,0,1,0
ENSMUSG00000114355,Gm40916,1,0,0,0,0,0,0,0,0,0,0,0
ENSMUSG00000114828,AI463229,1,2,0,2,2,2,1,1,1,2,0,2
ENSMUSG00000114546,Gm49350,0,0,0,0,0,0,0,0,0,0,0,0
ENSMUSG00000114732,Gm40918,0,0,0,0,0,0,0,0,0,0,0,0
ENSMUSG00000114259,Gm49351,0,0,0,0,0,1,0,0,0,0,0,0
ENSMUSG00000114800,Gm31600,0,0,0,0,1,0,0,0,0,0,0,0
ENSMUSG00000025877,Hk3,3,2,2,5,0,1,0,6,6,4,9,2
ENSMUSG00000025878,Uimc1,959,1059,776,828,909,845,766,860,916,842,1017,902
ENSMUSG00000094446,Gm6344,2,2,2,0,1,0,1,0,0,0,0,1
ENSMUSG00000021193,Pitrm1,4231,4674,3683,3613,4569,2827,2879,3767,4420,3947,5119,4517
ENSMUSG00000021699,Pde4d,470,437,694,744,943,497,852,1039,633,506,822,762
ENSMUSG00002075746,#N/A,0,0,0,0,0,0,0,0,0,0,0,0
ENSMUSG00002075385,#N/A,0,0,0,0,0,0,0,0,0,0,0,0
ENSMUSG00000059751,Rps3a3,7,8,6,9,6,5,7,10,9,10,8,8
ENSMUSG00000076946,Mir582,0,0,0,0,0,0,0,0,0,0,0,0
ENSMUSG00000084651,Mir1904,0,0,0,1,0,0,0,0,0,0,2,0
ENSMUSG00000021700,Rab3c,0,0,0,0,0,1,0,0,0,1,0,0
ENSMUSG00000039087,Rreb1,1266,1295,990,1015,750,510,567,927,997,1039,738,774
ENSMUSG00000045609,Gm5455,0,0,0,0,0,0,1,1,0,0,1,0
ENSMUSG00000114370,Gm46411,1,0,3,0,0,1,0,0,0,0,1,1
ENSMUSG00000046006,Gapt,0,0,0,0,0,1,0,0,0,0,0,0
ENSMUSG00000021481,Zfp346,581,638,491,448,469,246,440,509,473,537,516,446
ENSMUSG00000114481,Gm46415,0,0,0,0,0,0,0,0,0,0,0,0
ENSMUSG00000091768,Gm17617,0,0,0,0,0,0,0,0,0,0,0,0
ENSMUSG00000021701,Plk2,15558,16402,16159,16063,13340,7833,12242,13580,15008,13604,8408,7863
ENSMUSG00000021427,Ssr1,8013,8290,7011,6800,6752,4272,6494,7212,7437,6646,6466,6038
ENSMUSG00000109853,Gm33045,0,0,0,0,1,0,0,1,1,0,0,0
ENSMUSG00000114775,Gm33172,0,0,0,0,0,0,0,0,0,0,0,0
ENSMUSG00000114587,Gm48533,0,0,0,0,0,0,0,0,0,0,0,0
ENSMUSG00000114275,Gm48534,0,0,0,0,0,0,0,0,0,0,0,0
ENSMUSG00000005320,Fgfr4,0,0,0,0,1,2,0,0,0,0,0,0
ENSMUSG00000114320,Gm30839,0,0,0,0,0,0,0,0,0,0,0,0
ENSMUSG00000114307,4930526H09Rik,0,0,0,0,1,0,0,0,0,0,0,0
ENSMUSG00000114472,Gm38397,0,0,0,0,0,0,0,0,0,0,0,0
ENSMUSG00000114747,Gm48547,0,0,0,0,0,0,0,0,0,0,0,2
ENSMUSG00000114824,3110015C05Rik,5,3,1,2,1,2,4,0,2,0,0,1
ENSMUSG00000055194,Actbl2,26,27,23,15,17,4,24,21,29,21,12,11
ENSMUSG00000081277,Gm15285,0,1,0,0,1,0,1,0,3,0,0,0
ENSMUSG00000082258,Gm15289,0,0,0,0,0,0,0,0,0,0,0,0
ENSMUSG00000086201,Gm6270,0,0,0,0,0,0,0,0,0,0,0,0
ENSMUSG00000044566,Cage1,15,19,9,16,6,7,12,8,8,14,8,6
ENSMUSG00000021488,Nsd1,5428,5308,4955,4532,4603,3070,3240,5315,4740,4792,4967,4640
ENSMUSG00000114359,Gm47816,0,0,0,0,0,0,0,0,0,0,0,0
ENSMUSG00000034789,Rab24,637,695,578,595,693,279,633,601,614,566,623,599
ENSMUSG00000021428,Riok1,1652,1725,1399,1512,1266,1065,1370,1527,1503,1373,1293,1182
ENSMUSG00002075350,#N/A,0,0,0,0,0,0,0,0,0,0,0,0
ENSMUSG00000103789,Gm10129,0,0,2,0,0,0,0,0,2,2,0,0
ENSMUSG00000021486,Prelid1,3554,3771,2555,3146,2370,1295,3120,3665,3236,2950,2334,2391
ENSMUSG00000032745,Gpbp1,2653,2503,2270,2357,2465,2146,2027,2549,2585,2587,2386,2380
ENSMUSG00000116016,Gm49496,0,0,0,0,0,0,0,0,0,0,0,0
ENSMUSG00000085634,Gm15290,0,0,0,0,0,0,0,0,0,0,0,0
ENSMUSG00000086870,Gm15288,0,0,0,0,0,0,0,0,0,0,0,0
ENSMUSG00000086649,Gm15286,0,0,0,0,0,1,0,0,0,0,0,0
ENSMUSG00000067122,Gm10198,0,0,0,0,0,0,0,0,0,0,0,0
ENSMUSG00000096842,Gm10736,0,0,0,0,0,0,0,0,0,0,0,0
ENSMUSG00000021485,Mxd3,51,65,54,59,96,37,93,96,79,61,113,92
ENSMUSG00000021484,Lman2,6658,7377,5558,5893,5731,2430,5541,5873,6515,5675,5430,5421
ENSMUSG00000054889,Dsp,770,768,1158,1120,637,486,532,896,629,562,311,256
ENSMUSG00000052087,Rgs14,227,224,162,149,150,55,174,195,209,168,229,183
ENSMUSG00000021196,Pfkp,7894,8351,8025,8013,4960,2929,5079,6841,6237,6134,5066,4760
ENSMUSG00000021431,Snrnp48,1712,1825,1647,1686,1552,1334,1500,1678,1627,1550,1747,1618
ENSMUSG00000068324,Gm10029,0,1,3,2,1,0,2,2,3,4,1,3
ENSMUSG00000113545,Gm48238,0,0,0,0,0,0,0,0,0,0,0,0
ENSMUSG00000113932,2900024D18Rik,0,0,0,0,0,0,0,0,0,0,0,0
ENSMUSG00000114799,Gm47978,0,0,0,0,0,0,0,0,0,0,0,0
ENSMUSG00000114525,Gm47990,0,0,0,0,0,0,0,0,0,0,0,0
ENSMUSG00000114017,Gm40662,0,0,0,0,0,0,0,0,0,0,0,0
ENSMUSG00000114861,Gm47991,0,0,0,0,0,0,0,0,0,0,0,0
ENSMUSG00002076310,#N/A,0,0,0,0,0,0,0,0,0,0,0,0
ENSMUSG00000113241,Gm40663,0,0,0,0,0,0,0,0,0,0,0,0
ENSMUSG00000113112,Gm8725,0,0,0,0,1,0,0,0,0,1,0,1
ENSMUSG00000113225,Gm36074,0,0,0,0,0,0,0,0,0,0,0,0
ENSMUSG00000112939,Gm48251,0,0,0,0,0,0,0,0,0,0,0,0
ENSMUSG00000113828,Gm48252,0,0,0,0,0,0,0,0,0,0,0,0
ENSMUSG00000113316,Gm48253,0,0,1,0,0,0,0,0,1,0,0,0
ENSMUSG00000113508,Gm9742,0,0,0,0,1,0,0,0,0,1,0,0
ENSMUSG00000113412,Gm5191,4,1,3,1,2,1,1,2,1,1,0,0
ENSMUSG00000114126,Gm48257,0,0,0,0,0,0,0,0,0,0,0,0
ENSMUSG00000039004,Bmp6,0,1,0,0,2,1,0,0,0,0,0,0
ENSMUSG00000114895,4930579J19Rik,0,0,0,0,0,0,0,0,0,0,0,0
ENSMUSG00000032727,Mier3,773,849,645,676,660,624,558,769,736,692,674,619
ENSMUSG00000021490,Slc34a1,0,0,0,0,0,0,0,0,0,0,0,0
ENSMUSG00000084217,Gm15488,0,0,0,0,0,0,0,1,0,0,0,0
ENSMUSG00000044444,Pfn3,0,0,0,0,0,0,0,0,0,0,0,0
ENSMUSG00000086480,Gm15287,0,0,0,0,0,0,0,0,0,0,0,0
ENSMUSG00000052551,Adarb2,0,0,1,0,0,1,0,0,0,0,0,0
ENSMUSG00000113810,Gm48259,0,0,0,0,0,0,0,0,0,0,0,0
ENSMUSG00000113073,Gm48261,0,0,0,0,0,0,0,0,0,0,0,0
ENSMUSG00000072421,Gm10357,1,1,2,2,4,0,3,4,6,2,3,2
ENSMUSG00000113978,Gm48260,0,0,0,0,0,0,0,0,0,0,0,0
ENSMUSG00000113742,Gm48262,0,0,0,0,1,3,1,0,0,0,0,0
ENSMUSG00000021492,F12,1,0,1,2,0,0,0,0,3,0,0,0
ENSMUSG00000113391,Gm48327,0,0,0,0,1,0,0,0,0,0,0,0
ENSMUSG00000021754,Map3k1,1085,1070,1071,1036,1123,789,838,1190,973,923,1237,1101
ENSMUSG00000085204,Gm15327,1,4,0,5,0,1,2,2,5,0,0,1
ENSMUSG00000086861,Gm15325,0,0,0,0,0,0,0,0,0,0,0,0
ENSMUSG00000086057,Gm15324,0,0,0,0,0,0,0,0,0,0,0,0
ENSMUSG00000086111,Gm15326,11,4,8,9,3,4,4,5,8,7,2,5
ENSMUSG00000082433,Gm9025,0,0,0,0,0,0,0,0,0,0,0,0
ENSMUSG00000114429,Gm9025,0,0,0,0,0,0,0,0,0,0,0,0
ENSMUSG00000086402,Gm15322,0,0,0,0,1,1,0,0,0,0,0,0
ENSMUSG00000086092,Gm15323,1,0,1,1,0,0,0,0,1,0,0,0
ENSMUSG00000114361,Gm31104,0,0,0,0,1,0,0,0,0,0,0,0
ENSMUSG00000114745,Gm48802,0,0,0,0,0,0,0,0,0,0,0,0
ENSMUSG00000104438,Gm37427,0,0,0,0,0,0,0,0,0,0,0,0
ENSMUSG00000049985,Ankrd55,43,38,38,51,41,30,29,38,25,31,40,32
ENSMUSG00002075386,#N/A,0,0,0,0,0,0,0,0,0,0,0,0
ENSMUSG00000114536,Gm48837,0,0,0,0,0,0,0,0,0,0,0,0
ENSMUSG00000114656,2810403G07Rik,2,1,1,3,4,2,4,2,1,1,0,2
ENSMUSG00000114869,Gm48876,2,4,4,6,4,1,5,4,3,6,2,3
ENSMUSG00000114468,Gm48879,0,0,0,0,0,1,0,0,0,0,0,0
ENSMUSG00000038991,Txndc5,4074,4413,3353,3549,3149,1469,3208,3712,3738,3215,3105,2950
ENSMUSG00000021147,Wdr37,664,665,566,572,528,350,422,594,606,610,512,468
ENSMUSG00000114399,Gm47994,0,0,0,0,0,0,0,0,0,0,0,0
ENSMUSG00000114638,Gm31834,5,10,5,9,4,2,3,5,12,5,1,9
ENSMUSG00000114331,Gm48056,0,0,0,0,0,0,0,0,0,0,0,0
ENSMUSG00000114094,Gm48375,5,6,5,1,5,6,1,5,6,6,5,0
ENSMUSG00000113589,Gm48374,2,0,2,1,2,2,2,1,1,0,3,2
ENSMUSG00000113245,Gm48574,0,1,0,0,0,1,1,0,1,0,0,2
ENSMUSG00000114866,Gm40922,0,0,0,0,0,0,0,0,0,0,0,0
ENSMUSG00000021756,Il6st,844,893,828,854,1031,650,595,909,901,727,1011,953
ENSMUSG00000038982,Bloc1s5,109,166,135,103,140,72,135,123,136,147,160,137
ENSMUSG00000114830,Gm47400,0,0,0,2,0,1,0,0,0,1,0,0
ENSMUSG00000058258,Idi1,64,50,57,73,45,27,60,56,79,93,31,57
ENSMUSG00002075315,#N/A,0,0,0,0,0,0,0,0,0,0,0,0
ENSMUSG00000061988,Rpl10a-ps2,64,109,127,139,147,79,95,118,63,66,41,30
ENSMUSG00000001707,Eef1e1,3083,3424,2834,2830,3338,2561,3071,2938,3418,3032,3481,3239
ENSMUSG00000114651,Gm6200,0,0,0,0,0,0,0,0,0,0,0,0
ENSMUSG00000114767,Gm46392,0,0,0,0,0,0,0,0,0,0,0,1
ENSMUSG00000114813,Gm47510,0,0,0,0,0,0,0,0,0,0,0,0
ENSMUSG00000114845,Gm47511,0,0,0,0,1,0,0,0,0,0,0,0
ENSMUSG00000114319,Gm47509,0,0,0,0,0,0,0,0,0,0,0,0
ENSMUSG00002075509,#N/A,0,0,0,0,0,0,0,0,0,0,0,0
ENSMUSG00000114949,Gm47530,0,0,0,0,0,0,0,1,0,0,0,0
ENSMUSG00000021148,Gm9745,31,26,45,49,49,31,23,28,34,22,10,6
ENSMUSG00000077484,Gm25274,0,0,0,0,0,0,0,0,0,0,0,0
ENSMUSG00000118925,#N/A,0,0,0,0,0,0,0,0,0,0,0,0
ENSMUSG00000005583,Mef2c,5,6,0,0,0,1,3,5,1,2,0,4
ENSMUSG00000033520,Idi2,205,214,333,337,348,406,191,234,192,164,116,129
ENSMUSG00000119737,#N/A,0,0,0,0,0,0,0,0,0,0,0,0
ENSMUSG00000114254,Gm48067,0,1,0,0,1,0,0,0,0,0,2,1
ENSMUSG00000050334,C130071C03Rik,0,0,0,0,0,5,0,0,0,0,0,0
ENSMUSG00000097265,Gm26803,0,0,0,0,0,0,0,0,0,0,0,0
ENSMUSG00000102969,Gm33366,0,0,0,0,0,0,0,0,0,0,0,0
ENSMUSG00000065424,Mir9-2,0,0,0,0,0,0,0,0,0,0,0,0
ENSMUSG00000114588,Gm6411,0,0,0,0,0,1,1,2,1,1,1,2
ENSMUSG00000114687,Gm5452,1,3,4,1,5,2,3,2,2,1,3,2
ENSMUSG00000100891,2810049E08Rik,0,0,0,0,0,0,0,0,0,0,0,0
ENSMUSG00000114379,Gm4241,0,0,0,0,0,0,0,0,0,0,0,0
ENSMUSG00000114930,Gm8447,0,0,0,0,0,0,0,0,0,1,0,0
ENSMUSG00000098087,Gm17750,0,0,0,0,0,0,0,0,0,0,0,0
ENSMUSG00000114335,Gm8456,0,0,0,0,0,0,0,0,0,0,0,0
ENSMUSG00002076085,#N/A,0,0,0,0,0,0,0,0,0,0,0,0
ENSMUSG00000097292,A230107N01Rik,0,0,0,0,5,4,0,3,4,1,1,1
ENSMUSG00000021149,Gtpbp4,7871,8681,6812,7084,6942,5709,5717,6784,7895,7473,6841,6347
ENSMUSG00000050377,Il31ra,1,8,1,3,0,0,1,1,1,0,3,1
ENSMUSG00000113466,Gm48649,0,0,0,0,0,0,0,0,0,0,0,0
ENSMUSG00000113731,Gm48650,0,0,0,0,0,0,0,0,0,0,0,0
ENSMUSG00000114547,Gm3226,5,3,2,3,6,1,4,1,3,4,2,1
ENSMUSG00000113543,Gm36264,0,0,0,2,0,1,0,0,0,0,0,0
ENSMUSG00000035762,Tmem161b,496,545,407,396,377,280,342,449,462,447,402,402
ENSMUSG00000114602,Gm49223,6,11,15,10,7,5,9,11,8,9,10,6
ENSMUSG00000074886,Grk6,1657,1757,1429,1456,1956,622,1489,1778,1730,1562,1853,1844
ENSMUSG00000114827,Gm46432,0,0,1,3,2,2,3,4,1,1,4,4
ENSMUSG00000098245,Gm26927,0,1,2,2,0,1,1,2,1,0,0,0
ENSMUSG00000098081,Gm26913,2,0,0,0,2,0,0,1,1,0,0,3
ENSMUSG00000114338,Gm4059,0,0,0,0,0,0,0,0,0,0,1,0
ENSMUSG00000114313,Gm4066,0,0,0,0,0,0,0,0,0,0,0,0
ENSMUSG00000099058,Mir6943,0,1,0,0,1,0,0,2,1,0,1,0
ENSMUSG00000114614,Gm47745,0,0,0,0,0,0,0,0,0,0,0,0
ENSMUSG00000096449,Gm4076,6,1,2,6,1,9,2,2,4,4,4,4
ENSMUSG00000114954,Gm47746,0,0,0,0,0,0,0,0,0,0,0,0
ENSMUSG00000034686,Prr7,46,41,46,54,63,11,47,54,65,51,55,49
ENSMUSG00000021432,Slc35b3,519,568,465,446,435,229,403,415,468,434,364,379
ENSMUSG00000096932,5033403F01Rik,0,1,1,2,0,0,1,0,1,0,0,0
ENSMUSG00000114512,Gm47348,0,0,0,0,0,0,0,0,0,0,0,0
ENSMUSG00000114821,Gm3509,0,0,0,0,0,0,0,0,0,0,0,0
ENSMUSG00000114330,Gm47349,0,0,0,0,0,0,0,0,0,0,0,0
ENSMUSG00000114221,Gm47351,0,0,0,0,0,0,0,0,0,0,0,0
ENSMUSG00000114841,Gm47352,0,0,0,0,0,4,0,0,0,0,0,0
ENSMUSG00000114300,Gm32243,0,0,0,0,0,0,0,0,0,0,0,0
ENSMUSG00000114346,Gm5195,0,0,0,0,0,0,0,0,0,0,0,0
ENSMUSG00000114710,Gm40923,0,0,0,0,0,0,0,0,0,0,0,0
ENSMUSG00000114491,A230103O09Rik,0,0,0,0,0,0,0,0,0,0,0,0
ENSMUSG00000021548,Ccnh,542,657,460,441,506,470,451,505,614,604,644,690
ENSMUSG00000021758,Ddx4,0,0,0,2,2,3,2,1,4,0,5,1
ENSMUSG00000047789,Slc38a9,169,200,173,166,140,122,155,158,138,130,187,148
ENSMUSG00000114438,Gm47827,0,0,0,0,0,0,0,0,0,0,0,0
ENSMUSG00000114418,Gm18883,1,0,0,1,0,0,0,0,0,0,0,0
ENSMUSG00000114286,Gm47850,0,0,0,0,0,0,0,0,0,0,0,0
ENSMUSG00000033499,Larp4b,5493,5820,5145,4941,4944,3430,3947,5293,5039,4740,4847,4318
ENSMUSG00002076052,#N/A,0,2,1,0,1,3,1,2,0,3,1,2
ENSMUSG00000099428,Gm28155,0,0,0,0,0,0,0,0,0,0,0,0
ENSMUSG00000113936,Gm8784,2,2,0,1,6,2,3,4,5,3,3,6
ENSMUSG00000113455,Gm48825,0,0,0,0,0,0,0,0,0,0,0,0
ENSMUSG00000113755,Gm46391,0,0,0,0,0,0,0,0,0,0,0,0
ENSMUSG00000021759,Plpp1,13,20,16,20,21,8,21,21,16,10,17,10
ENSMUSG00000021549,Rasa1,2302,2457,1800,1775,1517,1515,1362,1892,2029,2153,1934,1853
ENSMUSG00000103196,Gm37641,0,0,0,0,0,0,0,0,0,0,0,0
ENSMUSG00000114211,Gm47635,0,0,0,0,0,0,0,0,0,0,0,0
ENSMUSG00000114506,Gm5666,0,0,0,0,0,0,0,0,0,0,0,0
ENSMUSG00000114447,Gm47636,0,2,0,0,1,3,2,1,4,1,2,1
ENSMUSG00000114900,Gm46396,0,0,0,0,0,0,0,0,0,0,0,0
ENSMUSG00000017778,Cox7c,228,197,195,185,192,128,166,174,186,199,187,178
ENSMUSG00000064917,Gm22574,3,4,2,4,2,0,2,0,1,1,3,2
ENSMUSG00000098152,Gm27025,8,6,3,3,0,0,2,2,2,4,0,3
ENSMUSG00000034675,Dbn1,0,0,0,1,0,2,1,1,1,0,3,1
ENSMUSG00002076761,#N/A,0,0,0,0,0,0,0,0,0,0,0,0
ENSMUSG00000114856,Gm47642,0,0,0,0,0,0,0,0,0,0,0,0
ENSMUSG00000114750,Gm18265,0,0,0,0,0,0,0,0,0,0,0,0
ENSMUSG00000098341,Mir6944,0,0,0,0,0,0,0,0,0,0,0,0
ENSMUSG00002075184,#N/A,0,0,0,0,0,0,0,0,0,0,0,0
ENSMUSG00000098011,Gm21232,0,1,1,0,0,0,3,4,0,0,2,1
ENSMUSG00000114674,Gm19239,0,0,0,0,0,0,0,0,0,0,0,0
ENSMUSG00000114960,Gm47649,0,0,0,0,0,0,0,0,0,0,0,0
ENSMUSG00000098213,Gm27044,0,0,0,0,0,0,0,0,0,0,0,0
ENSMUSG00000114565,Gm47651,0,0,0,0,0,0,0,0,0,0,0,0
ENSMUSG00000057685,Gm8526,0,0,1,0,0,1,0,0,0,1,0,1
ENSMUSG00000114740,Gm47653,0,0,0,0,0,0,0,0,0,0,0,0
ENSMUSG00000114465,Gm19139,1,3,0,2,2,0,4,1,0,0,0,0
ENSMUSG00000114273,Gm34585,0,0,0,0,0,0,0,0,0,0,0,0
ENSMUSG00000114915,Gm5667,0,0,0,0,0,0,0,0,0,0,0,0
ENSMUSG00000016018,Mtrex,3654,4091,3362,3504,3721,2950,2860,3642,3846,3494,3768,3338
ENSMUSG00000098067,Gm26943,0,0,0,0,0,0,1,3,1,1,1,0
ENSMUSG00000042426,Dhx29,2578,2707,1938,1976,1957,1278,1486,1915,2447,2219,2126,1886
ENSMUSG00000114477,Gm8795,8,6,5,3,2,2,1,1,1,4,3,2
ENSMUSG00000042417,Ccno,51,68,60,68,44,15,45,81,56,52,42,19
ENSMUSG00000074651,Mcidas,0,0,0,2,0,4,0,0,1,0,0,0
ENSMUSG00000034488,Edil3,0,1,0,0,0,1,0,0,0,0,0,0
ENSMUSG00000078926,Cdc20b,14,9,5,2,4,0,3,5,2,3,3,5
ENSMUSG00000076146,Mir449c,0,0,0,0,0,0,0,0,0,0,0,0
ENSMUSG00000078027,Mir449b,0,0,0,0,0,0,0,0,1,0,0,0
ENSMUSG00000021613,Hapln1,6,8,0,0,2,1,0,1,3,1,3,0
ENSMUSG00000065575,Mir449a,0,0,0,0,0,0,0,0,0,0,0,0
ENSMUSG00000094463,Gm8546,4,1,2,4,6,2,2,6,5,6,1,4
ENSMUSG00000074650,Gm10735,0,0,0,1,0,0,0,0,0,0,0,0
ENSMUSG00000021760,Gpx8,35,49,9,22,26,14,9,11,32,21,14,17
ENSMUSG00000116554,4930563N14Rik,0,0,0,0,0,2,0,0,0,0,0,0
ENSMUSG00000023132,Gzma,638,800,375,323,343,151,252,243,473,395,471,363
ENSMUSG00000051002,Gm9848,0,0,0,0,0,0,0,0,0,1,0,0
ENSMUSG00000114333,1700084D21Rik,0,0,0,0,0,1,0,0,0,0,0,0
ENSMUSG00000116741,Gm49564,1,1,0,2,0,0,0,1,0,0,0,1
ENSMUSG00000042385,Gzmk,9,17,3,7,4,0,3,5,2,6,2,3
ENSMUSG00000042379,Esm1,1792,2126,1315,1350,934,642,846,921,1517,1423,754,694
ENSMUSG00000021763,BC067074,0,0,0,0,0,4,0,0,0,0,1,0
ENSMUSG00002076424,#N/A,0,0,0,0,0,0,0,0,0,0,0,0
ENSMUSG00000114864,Gm41071,0,0,0,0,0,1,0,0,0,0,0,0
ENSMUSG00000114790,4921509O07Rik,0,0,0,0,0,0,1,0,0,0,0,0
ENSMUSG00000114659,Gm31191,0,0,0,0,0,0,0,0,0,0,0,0
ENSMUSG00000114364,Gm47426,0,0,0,0,0,0,0,0,0,0,0,0
ENSMUSG00000021493,Pdlim7,56,62,59,50,58,39,50,59,66,40,68,58
ENSMUSG00000114715,Gm34471,0,0,0,0,0,0,0,1,0,0,0,0
ENSMUSG00000099096,Mir6945,0,0,0,0,0,0,0,0,0,0,0,0
ENSMUSG00000042364,Snx18,1079,1118,1018,977,1106,663,766,1042,1085,987,999,968
ENSMUSG00000051456,Hspb3,0,0,0,0,0,0,0,0,0,0,0,0
ENSMUSG00000114417,Gm34586,0,0,0,0,0,0,0,0,0,0,0,0
ENSMUSG00000114962,Gm6343,0,0,0,0,0,0,0,0,0,0,0,0
ENSMUSG00000114901,Gm47462,0,0,0,0,0,0,0,0,0,0,0,0
ENSMUSG00000114781,Gm47463,1,0,1,0,0,0,0,0,1,0,1,0
ENSMUSG00000114395,Gm47464,0,0,1,2,3,0,1,1,0,0,0,0
ENSMUSG00000035711,Dok3,20,19,20,13,37,16,13,19,13,17,40,30
ENSMUSG00000042348,Arl15,312,328,188,194,167,142,172,187,230,191,164,151
ENSMUSG00000114696,Gm47479,0,0,0,0,0,0,0,0,0,0,0,0
ENSMUSG00000114213,A430090L17Rik,0,0,0,0,0,0,1,0,0,0,0,0
ENSMUSG00000104314,Gm37907,0,0,0,0,0,0,0,0,0,0,0,0
ENSMUSG00000114655,4631422I05Rik,0,0,0,0,0,1,0,0,0,0,0,0
ENSMUSG00000114707,Gm47558,1,5,1,0,3,0,0,1,3,2,2,1
ENSMUSG00000048264,Dip2c,859,847,760,742,658,396,591,938,739,737,633,649
ENSMUSG00000113922,Gm48887,1,1,0,1,1,5,0,1,0,0,1,0
ENSMUSG00000113984,Gm48890,1,1,3,2,2,2,2,4,1,3,2,0
ENSMUSG00000113065,Gm48870,1,3,2,0,2,2,0,1,1,1,2,0
ENSMUSG00000021764,Ndufs4,457,615,507,550,630,338,650,600,634,509,558,540
ENSMUSG00000113869,Gm48869,2,0,0,0,0,1,1,0,0,0,0,0
ENSMUSG00000114712,Gm47569,0,0,0,0,0,0,0,0,0,0,0,0
ENSMUSG00000112955,Gm48889,2,0,1,0,0,0,0,2,0,2,2,1
ENSMUSG00000114520,Gm41073,0,0,0,0,0,0,1,0,0,0,0,0
ENSMUSG00000112948,Gm48871,0,0,0,0,0,6,1,0,1,0,1,0
ENSMUSG00000021494,Ddx41,2248,2437,1856,1869,1962,946,1676,1982,2170,1901,2151,1989
ENSMUSG00000113905,Gm48872,2,0,4,1,0,0,1,2,0,0,1,4
ENSMUSG00002075359,#N/A,0,0,0,0,0,0,0,0,0,0,0,0
ENSMUSG00000113355,Gm48888,0,0,0,0,0,0,0,0,0,0,0,0
ENSMUSG00000114633,Gm46416,6,6,3,1,5,4,12,7,10,2,9,10
ENSMUSG00000114138,Gm36423,3,0,0,1,0,4,2,1,0,3,0,1
ENSMUSG00000021765,Fst,0,0,1,3,0,1,0,0,2,0,0,0
ENSMUSG00000114935,Gm47040,0,0,0,0,0,0,0,0,0,0,0,0
ENSMUSG00002076407,#N/A,0,0,0,0,0,0,0,0,0,0,0,0
ENSMUSG00000114879,4930467J12Rik,0,0,0,0,0,0,0,0,0,0,0,0
ENSMUSG00000051758,4930544M13Rik,0,0,0,0,0,0,0,0,0,0,0,0
ENSMUSG00000021495,Fam193b,930,921,913,835,960,502,778,944,879,822,1011,952
ENSMUSG00000058569,Tmed9,3523,3874,3027,3174,2996,1022,3009,2853,3406,2914,2799,2568
ENSMUSG00000021614,Vcan,285,275,195,200,110,70,60,91,119,127,96,82
ENSMUSG00000089972,Gm16318,0,0,0,0,0,0,0,0,0,0,0,0
ENSMUSG00000089940,Gm4117,2,3,2,0,3,17,4,2,0,1,4,0
ENSMUSG00000021504,B4galt7,171,190,133,129,149,64,125,194,184,148,144,166
ENSMUSG00000086506,Gm15911,0,0,0,0,0,0,0,0,0,0,0,0
ENSMUSG00000021501,Caml,544,572,486,472,538,298,433,483,547,463,476,448
ENSMUSG00000021615,Xrcc4,311,381,258,266,290,208,251,265,305,242,262,260
ENSMUSG00002075582,#N/A,0,0,0,0,0,0,0,0,0,0,0,0
ENSMUSG00000012422,Tmem167,1721,2034,1626,1627,1563,980,1513,1596,1740,1630,1445,1512
ENSMUSG00000088308,Gm24507,0,1,0,0,2,0,5,2,1,1,2,1
ENSMUSG00000103228,Gm37727,0,0,0,0,0,0,0,0,0,0,0,0
ENSMUSG00000114541,Gm29680,0,0,0,0,0,0,0,0,0,0,0,0
ENSMUSG00000102756,Gm37054,0,0,0,0,0,0,0,0,0,0,0,0
ENSMUSG00000114204,Gm47520,0,0,0,0,0,0,0,0,0,0,0,0
ENSMUSG00000102793,Gm37708,0,0,0,0,0,0,0,0,0,0,0,0
ENSMUSG00000094277,Gm21726,0,0,0,0,0,0,0,0,0,0,0,0
ENSMUSG00000103069,Gm36966,0,0,0,0,0,0,0,0,0,0,0,0
ENSMUSG00002076595,#N/A,0,0,0,0,0,0,0,0,0,0,0,0
ENSMUSG00000114265,Gm47521,0,0,0,0,0,0,0,0,0,0,0,0
ENSMUSG00000114589,Gm18518,0,0,0,0,0,0,0,0,0,0,0,0
ENSMUSG00000078958,Atp6ap1l,0,0,0,0,0,0,0,0,0,0,0,0
ENSMUSG00000049517,Rps23,232,216,215,210,117,72,262,190,259,202,142,127
ENSMUSG00000021619,Atg10,8,10,8,10,14,15,10,12,25,12,20,19
ENSMUSG00000021500,Ddx46,4993,5087,4287,4054,4344,4245,3948,4530,4689,4531,5091,4357
ENSMUSG00000091419,Gm17450,0,0,0,0,0,0,0,0,0,0,0,0
ENSMUSG00000114688,Gm47381,0,0,0,0,0,0,0,0,0,0,0,0
ENSMUSG00000045767,B230219D22Rik,1713,1759,1658,1610,1653,1133,1364,1688,1612,1619,1605,1541
ENSMUSG00000114579,Gm4130,2,3,1,1,1,1,3,7,6,2,3,3
ENSMUSG00000097182,A830009L08Rik,1,0,0,0,0,0,1,0,0,0,0,0
ENSMUSG00000099340,Gm29540,0,0,0,0,0,0,0,0,0,0,0,0
ENSMUSG00000021497,Txndc15,376,445,321,271,347,194,357,297,411,310,395,362
ENSMUSG00000021496,Pcbd2,49,60,47,50,74,39,65,62,50,38,72,76
ENSMUSG00000069223,4930451E10Rik,0,0,0,0,0,0,0,0,0,0,0,0
ENSMUSG00000015536,Mocs2,247,303,194,205,237,154,223,207,235,198,234,213
ENSMUSG00000021499,Catsper3,0,0,0,0,0,1,0,0,0,0,0,0
ENSMUSG00000021506,Pitx1,0,0,1,1,1,0,0,0,0,0,0,0
ENSMUSG00000114493,Gm47071,2,0,1,1,3,2,3,2,2,0,2,0
ENSMUSG00000100096,Gm28760,0,0,0,0,0,0,0,0,0,0,0,0
ENSMUSG00000114229,Gm47072,0,0,0,0,0,0,0,0,0,0,0,0
ENSMUSG00000015533,Itga2,101,67,64,72,38,36,44,66,32,54,41,24
ENSMUSG00000114703,Gm47776,0,0,0,0,0,0,0,0,0,0,0,0
ENSMUSG00000042284,Itga1,1,5,10,3,7,2,0,1,0,2,0,1
ENSMUSG00000015937,Macroh2a1,5737,6384,4976,5615,5357,2578,5581,6437,5859,5206,5267,4850
ENSMUSG00000114470,Gm49395,0,0,0,0,0,0,0,0,0,0,0,0
ENSMUSG00000003992,Ssbp2,148,193,139,138,161,119,159,191,151,154,156,111
ENSMUSG00000042275,Pelo,380,362,278,279,281,123,280,318,398,304,304,292
ENSMUSG00000114255,Gm10734,17,32,14,20,21,9,17,17,15,9,11,20
ENSMUSG00000118824,#N/A,0,0,0,0,0,0,0,0,0,0,0,0
ENSMUSG00000114872,Gm18759,0,0,0,0,0,0,0,0,0,0,0,0
ENSMUSG00000074782,4833422C13Rik,0,0,0,0,1,0,1,0,0,1,0,0
ENSMUSG00000114471,Gm47891,0,0,0,0,0,0,0,0,0,0,0,0
ENSMUSG00000077278,Gm22778,0,0,0,0,0,0,0,0,0,0,0,0
ENSMUSG00000114551,Gm6035,4,5,4,3,3,2,3,11,3,2,4,5
ENSMUSG00000114847,Gm47892,0,0,0,0,0,0,0,0,0,0,0,0
ENSMUSG00000114324,Gm18135,0,0,0,0,0,0,0,0,0,0,0,0
ENSMUSG00000114956,Gm47893,0,0,0,0,0,0,0,0,0,0,0,0
ENSMUSG00000061669,Rpl34-ps2,34,38,32,23,37,14,37,33,48,48,33,48
ENSMUSG00000021620,Acot12,7,6,9,3,7,4,4,11,6,3,2,5
ENSMUSG00002076198,#N/A,0,0,0,0,0,0,0,0,0,0,0,0
ENSMUSG00002075889,#N/A,0,0,0,0,0,0,0,0,0,0,1,0
ENSMUSG00000042258,Isl1,0,0,0,1,0,1,1,0,0,0,0,0
ENSMUSG00000114889,Gm29764,0,0,0,0,0,0,0,0,1,0,0,0
ENSMUSG00000114451,Gm47912,0,0,0,0,0,0,0,0,0,0,0,0
ENSMUSG00000114731,Gm47914,0,0,0,0,0,0,0,0,0,0,0,0
ENSMUSG00000114347,Gm47913,0,0,0,0,0,0,0,0,0,0,0,0
ENSMUSG00002076507,#N/A,0,0,0,0,0,0,0,0,0,0,0,0
ENSMUSG00000114290,4930435F18Rik,0,0,0,0,0,0,0,0,0,0,0,0
ENSMUSG00000021621,Zcchc9,1025,1123,876,849,896,685,904,993,990,873,936,846
ENSMUSG00000021156,Zmynd11,1426,1487,1289,1283,1356,1018,1176,1494,1478,1389,1591,1387
ENSMUSG00000113885,Gm47802,0,0,0,0,0,0,0,0,0,0,0,0
ENSMUSG00000113650,Gm47826,12,8,3,3,2,6,1,9,8,6,7,6
ENSMUSG00000113754,Gm47401,0,0,0,0,0,0,0,0,0,0,0,0
ENSMUSG00002075551,#N/A,0,0,2,1,0,0,1,0,1,0,0,0
ENSMUSG00000035493,Tgfbi,0,0,0,0,0,0,0,0,0,0,0,0
ENSMUSG00000046159,Chrm3,0,0,0,0,1,1,0,1,0,0,0,0
ENSMUSG00000113146,Gm47406,0,0,0,0,0,0,0,0,0,0,0,0
ENSMUSG00000113502,Gm47411,0,0,0,0,0,7,0,2,0,0,1,1
ENSMUSG00000113680,Gm47405,0,0,1,0,0,0,0,0,0,0,0,0
ENSMUSG00000113695,9330159N22Rik,0,0,0,0,0,0,0,0,0,0,0,0
ENSMUSG00002076405,#N/A,0,0,0,0,0,0,0,0,0,0,0,0
ENSMUSG00000113261,Gm47404,0,0,0,0,0,0,0,0,0,0,0,0
ENSMUSG00000097009,Gm26861,0,0,0,0,1,0,1,0,0,0,0,0
ENSMUSG00000113758,Gm47407,0,0,0,0,0,0,0,0,0,0,0,0
ENSMUSG00000113243,Gm36525,0,0,0,0,0,0,0,0,0,0,0,0
ENSMUSG00002075343,#N/A,0,0,0,0,0,0,0,0,0,0,0,0
ENSMUSG00000114134,Gm47408,0,0,0,0,0,0,0,0,0,0,0,0
ENSMUSG00000113673,Gm47486,0,0,0,0,0,0,0,0,0,0,0,0
ENSMUSG00000077618,Gm25496,0,0,0,0,0,0,0,0,0,0,0,0
ENSMUSG00000113593,Zp4-ps,0,0,0,0,0,0,0,0,0,0,0,0
ENSMUSG00000113799,Gm47487,0,0,0,0,0,0,0,0,0,0,0,0
ENSMUSG00000014850,Msh3,342,336,278,276,391,282,298,417,317,318,426,396
ENSMUSG00000100622,Gm20379,0,0,0,0,0,0,3,0,0,0,0,0
ENSMUSG00000021707,Dhfr,445,439,438,386,554,397,553,523,391,363,547,463
ENSMUSG00000090907,C030017D09Rik,0,0,0,0,0,0,0,0,0,0,0,0
ENSMUSG00000021540,Smad5,821,878,690,716,863,603,574,808,749,708,862,787
ENSMUSG00002075104,#N/A,0,0,0,0,0,0,0,0,1,0,0,2
ENSMUSG00002075185,#N/A,0,0,4,0,2,0,0,1,0,2,0,0
ENSMUSG00000021725,Parp8,221,289,299,291,202,164,218,277,262,239,141,135
ENSMUSG00002076311,#N/A,0,0,1,0,0,0,0,0,1,2,0,1
ENSMUSG00000110086,Gm45623,0,0,0,0,0,0,0,0,0,0,0,0
ENSMUSG00000114609,Gm29767,0,0,0,0,0,0,0,0,0,0,0,1
ENSMUSG00000114876,Gm48026,0,0,0,0,0,0,0,0,0,0,0,0
ENSMUSG00000114792,Gm6416,0,0,0,0,0,0,0,0,0,0,0,0
ENSMUSG00000114964,Gm18945,0,0,0,0,0,0,0,0,0,0,0,0
ENSMUSG00000045034,Ankrd34b,10,21,12,2,12,12,4,5,10,6,13,7
ENSMUSG00000034334,Fam151b,15,18,24,7,19,8,13,28,16,14,13,18
ENSMUSG00000021728,Emb,2221,2895,2036,2200,1760,1436,2067,2399,2227,2205,1962,1702
ENSMUSG00000091423,Gm17509,3,6,7,10,7,2,6,2,5,13,5,9
ENSMUSG00000114540,Gm6421,2,4,3,7,7,0,6,3,5,5,4,5
ENSMUSG00000021706,Zfyve16,404,433,326,361,474,340,257,376,428,396,461,460
ENSMUSG00000114358,Gm5200,0,0,0,0,0,0,0,0,0,0,0,0
ENSMUSG00000046957,Spz1,0,0,0,0,0,2,0,0,0,0,0,0
ENSMUSG00000021730,Hcn1,0,0,0,0,0,2,2,0,0,0,2,1
ENSMUSG00000021703,Serinc5,297,291,213,209,178,88,155,219,173,206,130,125
ENSMUSG00000114631,Gm5199,0,0,0,0,0,0,0,0,0,0,0,0
ENSMUSG00000079048,4933413L06Rik,0,0,0,0,0,0,0,0,0,0,0,0
ENSMUSG00000088155,Gm26349,0,0,0,0,0,0,0,0,0,0,0,0
ENSMUSG00000114713,Gm9633,0,0,0,0,1,0,0,0,0,1,1,0
ENSMUSG00000021731,Mrps30,1818,1917,1476,1571,1611,798,1472,1560,1865,1697,1501,1615
ENSMUSG00000097411,B430218F22Rik,10,8,13,11,2,5,8,3,8,7,4,6
ENSMUSG00000114668,Gm47563,0,0,0,0,0,0,0,0,0,0,0,0
ENSMUSG00000021702,Thbs4,0,0,0,0,0,0,0,0,0,0,0,0
ENSMUSG00000100727,1700003P14Rik,0,0,0,0,0,0,0,0,0,0,0,0
ENSMUSG00000114365,Gm9098,0,0,0,0,0,0,0,0,0,0,0,0
ENSMUSG00000114485,Gm47330,0,0,0,0,0,0,0,0,0,0,0,0
ENSMUSG00000114831,Gm18361,0,0,0,0,0,0,0,0,0,0,0,0
ENSMUSG00000114613,Gm10732,0,0,0,0,1,0,0,0,0,0,0,0
ENSMUSG00000021704,Mtx3,636,712,660,581,710,561,462,643,686,692,867,774
ENSMUSG00000114823,Gm31630,0,0,0,0,0,0,0,0,0,0,0,0
ENSMUSG00000021732,Fgf10,0,0,0,0,0,3,0,0,0,0,0,0
ENSMUSG00000086709,Gm16263,0,0,0,0,0,0,0,0,0,0,0,0
ENSMUSG00000114868,Gm47335,0,0,0,0,0,0,0,0,0,0,0,0
ENSMUSG00002075099,#N/A,0,0,0,0,0,1,0,0,1,0,0,0
ENSMUSG00000021541,Trpc7,0,0,0,0,1,2,0,0,0,0,0,0
ENSMUSG00000047419,Cmya5,51,52,30,34,41,27,25,43,48,35,42,48
ENSMUSG00000114736,Gm47336,0,0,0,0,0,0,0,0,0,0,0,0
ENSMUSG00000114382,Gm4814,0,0,0,0,0,0,2,0,0,1,0,0
ENSMUSG00000077279,Gm22777,0,0,0,0,0,0,0,0,0,0,0,0
ENSMUSG00000114363,Gm48174,0,0,0,0,0,0,0,0,0,0,0,0
ENSMUSG00000114968,A630019I02Rik,21,15,13,14,7,4,10,13,18,20,14,17
ENSMUSG00000114411,Gm48176,0,0,0,0,0,0,0,0,0,0,0,0
ENSMUSG00000116207,Nnt,0,0,0,0,0,0,0,0,0,0,0,0
ENSMUSG00000056222,Spock1,0,0,0,0,1,3,0,0,0,0,0,0
ENSMUSG00000042167,Tent2,920,1079,847,887,765,588,730,880,874,856,715,728
ENSMUSG00000014164,Klhl3,313,324,373,351,342,214,266,415,342,366,192,184
ENSMUSG00000077962,Mir874,0,0,0,0,0,0,0,0,0,0,0,1
ENSMUSG00000098092,Gm2076,12,19,17,10,15,3,28,21,8,9,12,6
ENSMUSG00000007836,Hnrnpa0,16166,14887,11942,12720,11944,3252,10998,10856,17363,15040,11111,13124
ENSMUSG00000097717,1700066J03Rik,0,0,0,0,0,0,0,0,0,0,0,0
ENSMUSG00000025453,Nnt,15,24,9,15,11,11,14,7,15,13,17,16
ENSMUSG00000114309,Gm48295,0,2,1,1,0,0,0,0,0,0,0,0
ENSMUSG00000050002,Idnk,366,374,321,368,367,196,348,388,338,315,399,327
ENSMUSG00000021313,Ryr2,2,2,1,0,1,5,1,1,1,0,0,2
ENSMUSG00000113269,Gm47494,0,0,0,0,0,0,0,0,0,0,0,0
ENSMUSG00000098110,Gm26956,32,28,29,36,15,5,46,44,29,37,16,13
ENSMUSG00000112947,Gm47493,0,0,0,0,0,0,0,0,0,0,0,0
ENSMUSG00000113347,Gm47323,0,0,0,0,0,0,0,0,0,0,0,0
ENSMUSG00000113848,Gm16419,0,0,0,0,1,2,0,0,0,0,0,0
ENSMUSG00000113789,Gm47322,5,2,4,4,0,1,9,4,2,7,4,2
ENSMUSG00000005312,Ubqln1,5365,5628,4166,4236,4205,2919,3872,4431,5084,4630,4910,4358
ENSMUSG00000114524,Gm48357,19,19,17,10,9,11,6,12,16,14,11,11
ENSMUSG00000114886,Gm48432,0,1,1,0,0,0,1,2,1,0,0,1
ENSMUSG00000114929,Gm48441,0,0,0,0,0,0,0,0,0,0,0,0
ENSMUSG00000025451,Paip1,1390,1490,1201,1160,1167,813,1071,1124,1393,1243,1235,1231
ENSMUSG00000021552,Gkap1,41,52,22,26,36,19,33,45,44,30,38,35
ENSMUSG00000097399,Gm26555,0,0,0,0,1,4,0,0,0,0,0,0
ENSMUSG00000021311,Mtr,1088,1062,1026,897,1174,773,887,1136,1131,1024,1204,1220
ENSMUSG00000113036,Gm47021,3,0,1,3,0,0,2,4,1,2,0,0
ENSMUSG00000060176,Kif27,0,0,1,0,0,0,0,1,0,0,0,0
ENSMUSG00000098258,Mir6369,0,0,0,0,0,0,0,0,0,0,0,0
ENSMUSG00002076369,#N/A,0,0,0,0,0,0,0,0,0,0,0,0
ENSMUSG00000062822,4833420G17Rik,606,755,670,589,570,341,551,618,618,613,628,543
ENSMUSG00000025450,Gm9752,0,0,0,0,0,0,0,1,0,0,0,1
ENSMUSG00000021550,2210016F16Rik,2153,2268,1680,1792,1790,1027,1652,1671,2167,1979,1808,1801
ENSMUSG00000074635,3110070M22Rik,1,2,18,25,14,3,2,6,10,5,7,12
ENSMUSG00000074634,Tmem267,31,31,136,97,70,50,32,27,59,57,64,59
ENSMUSG00000114945,Gm48265,0,0,1,2,1,5,0,0,0,0,0,0
ENSMUSG00000074715,Ccl28,0,0,0,0,2,0,0,0,0,0,2,0
ENSMUSG00000114301,Gm48300,0,0,0,0,0,0,0,0,0,0,0,0
ENSMUSG00000052374,Actn2,32,31,26,18,26,15,16,22,25,18,39,36
ENSMUSG00000099872,1700074H08Rik,0,0,0,0,0,2,0,0,0,0,1,0
ENSMUSG00000094185,Gm5445,4,8,3,1,4,4,2,5,4,6,2,2
ENSMUSG00000093930,Hmgcs1,2257,2253,2377,2537,1100,874,1774,2541,2293,2422,1095,1052
ENSMUSG00000114934,Gm48342,1,0,1,0,0,0,0,1,0,0,0,0
ENSMUSG00000095930,Nim1k,6,7,2,2,5,1,7,5,11,1,1,8
ENSMUSG00000114369,Gm41077,0,0,0,0,0,0,0,0,0,0,0,0
ENSMUSG00000007617,Homer1,1134,1076,958,898,821,616,666,868,917,895,740,744
ENSMUSG00000114169,Gm47075,0,1,0,0,0,2,2,1,1,1,0,1
ENSMUSG00000113076,Gm47088,0,0,0,2,0,0,0,1,0,1,0,0
ENSMUSG00000114019,Gm47155,7,4,8,4,8,5,8,12,4,4,6,2
ENSMUSG00000113514,Gm18960,0,0,0,0,1,0,0,0,0,0,0,0
ENSMUSG00000021690,Jmy,783,829,730,750,665,496,489,709,787,716,825,734
ENSMUSG00000113237,Gm6109,0,1,0,0,0,0,0,0,0,0,0,0
ENSMUSG00000113247,Gm30155,0,0,0,0,0,0,0,0,0,0,0,0
ENSMUSG00000074768,Bhmt,0,0,0,0,0,1,0,0,0,0,0,0
ENSMUSG00000085834,Gm15622,0,0,0,0,0,0,0,0,0,0,0,0
ENSMUSG00000050244,Heatr1,10368,11673,9243,9330,8393,4531,5685,8404,9818,9711,8341,8114
ENSMUSG00000113931,Gm5928,1,0,2,2,0,1,3,3,1,4,0,0
ENSMUSG00000042118,Bhmt2,0,0,0,0,0,1,0,0,0,0,0,0
ENSMUSG00000042102,Dmgdh,0,0,0,0,0,0,0,0,0,0,0,0
ENSMUSG00000087334,AW495222,0,0,0,0,0,0,0,0,0,0,0,0
ENSMUSG00000094870,Zfp131,1856,1782,1499,1378,1353,1359,1218,1451,1683,1478,1659,1631
ENSMUSG00000085202,Gm15620,0,0,0,0,0,0,0,0,0,0,0,0
ENSMUSG00000113647,Gm47210,2,0,2,2,0,0,0,0,1,5,0,0
ENSMUSG00000118853,#N/A,0,0,0,0,0,0,0,0,0,0,0,0
ENSMUSG00000094237,AF067063,0,0,0,0,0,0,0,0,0,0,0,0
ENSMUSG00000095514,D13Ertd608e,0,0,0,0,0,0,0,0,0,0,0,0
ENSMUSG00000103877,Gm21358,0,0,0,0,0,0,0,0,0,0,0,0
ENSMUSG00000104162,Gm37619,0,0,0,0,0,1,0,0,0,0,0,0
ENSMUSG00000042082,Arsb,426,433,287,260,395,299,282,379,303,274,432,435
ENSMUSG00000093480,Mir5624,0,0,0,0,0,0,0,0,0,0,0,0
ENSMUSG00002075601,#N/A,0,0,0,0,0,0,0,0,0,0,0,0
ENSMUSG00000096284,Tcstv1,0,0,0,0,0,0,0,0,0,0,0,0
ENSMUSG00000089486,Gm24737,0,0,0,0,0,0,0,0,0,0,0,0
ENSMUSG00000113791,Gm47216,0,0,0,0,0,2,0,0,0,0,0,0
ENSMUSG00000114174,Cycs-ps3,1,0,0,0,0,0,0,0,1,0,0,0
ENSMUSG00000096175,Gm21761,0,0,0,0,0,0,0,0,0,0,0,0
ENSMUSG00000101579,Gm21181,0,0,0,0,0,0,0,0,0,0,0,0
ENSMUSG00000078537,B020031M17Rik,0,0,0,0,0,0,0,0,0,0,0,0
ENSMUSG00000114951,Gm20784,0,0,0,0,0,0,0,0,0,0,0,0
ENSMUSG00000114608,Gm36161,0,0,0,0,0,2,0,0,0,0,0,0
ENSMUSG00000114871,Gm21370,0,0,0,1,0,0,0,0,0,0,0,0
ENSMUSG00000119661,#N/A,0,0,0,0,0,0,0,0,0,0,0,0
ENSMUSG00000095029,Gm36079,0,0,0,0,0,0,0,0,0,0,0,0
ENSMUSG00000045312,Lhfpl2,38,31,37,28,27,15,22,27,27,18,21,15
ENSMUSG00000087319,Gm15907,0,0,0,0,0,0,0,0,0,0,0,0
ENSMUSG00000095609,Gm21188,0,0,1,1,0,0,0,1,0,0,0,0
ENSMUSG00000119755,#N/A,0,0,0,0,0,0,0,0,0,0,0,0
ENSMUSG00000114375,Gm31544,2,2,1,1,0,0,2,1,1,3,0,1
ENSMUSG00000114940,Gm21378,0,0,0,0,0,0,0,0,0,0,0,0
ENSMUSG00000096323,Gm20767,0,0,0,0,0,1,0,0,0,0,0,0
ENSMUSG00000114798,Gm20769,0,0,0,0,0,0,0,0,0,0,0,0
ENSMUSG00000095653,Gm21818,0,0,0,0,0,0,0,0,0,0,0,0
ENSMUSG00000114398,Gm20763,0,0,0,0,0,5,0,0,0,0,0,1
ENSMUSG00000094027,Gm21762,0,0,0,0,0,0,0,0,0,0,0,0
ENSMUSG00000063846,Gm21731,0,0,0,0,0,0,0,0,0,0,0,0
ENSMUSG00000095071,AF067061,0,0,0,0,0,1,0,0,0,0,0,0
ENSMUSG00000094796,BC147527,7,6,7,5,2,2,12,6,10,12,12,6
ENSMUSG00000078180,Gm20900,9,6,4,1,12,1,12,6,19,4,7,12
ENSMUSG00000057554,Lgals8,201,208,153,172,147,108,181,186,186,146,125,130
ENSMUSG00000021687,Scamp1,259,293,208,219,207,156,198,229,262,231,294,229
ENSMUSG00000095821,Tcstv3,0,0,0,0,0,0,0,0,0,0,0,0
ENSMUSG00000114055,Gm32089,0,0,0,0,0,0,0,0,0,0,0,0
ENSMUSG00000113494,Gm48102,0,0,0,0,0,0,0,0,0,0,0,0
ENSMUSG00000095105,Edaradd,69,76,111,94,101,50,91,93,91,79,45,42
ENSMUSG00000114056,Gm5668,0,0,0,0,0,0,0,0,0,0,0,0
ENSMUSG00000042857,Gm9776,34,63,51,42,47,22,39,40,46,47,27,26
ENSMUSG00000114115,Gm30239,0,0,0,0,0,0,0,0,0,0,0,0
ENSMUSG00000021686,Ap3b1,2376,2387,2038,1992,2501,2052,1807,2356,2288,2011,2190,1967
ENSMUSG00002075336,#N/A,0,1,0,0,0,0,0,0,0,0,0,0
ENSMUSG00000103438,Gm36991,0,0,0,0,1,4,0,0,0,0,1,0
ENSMUSG00000113598,Gm48287,0,0,0,0,0,0,0,0,0,0,0,0
ENSMUSG00000112934,Gm32305,0,0,0,0,0,0,0,0,0,0,0,0
ENSMUSG00000113904,Gm32351,0,0,0,0,0,0,0,0,0,0,0,0
ENSMUSG00000113006,Gm48316,0,0,0,0,0,0,0,0,0,0,0,0
ENSMUSG00000113547,Gm46389,0,0,0,0,0,0,0,0,0,0,0,0
ENSMUSG00000057069,Ero1lb,219,249,194,204,208,110,159,167,159,176,139,176
ENSMUSG00000119770,#N/A,0,2,0,0,0,0,0,0,0,0,0,0
ENSMUSG00000042043,Tbca,535,701,595,614,625,388,616,499,567,495,551,483
ENSMUSG00000021685,Otp,0,0,0,0,0,1,0,0,0,0,0,0
ENSMUSG00000097715,Gpr137b-ps,10,10,6,7,6,1,10,12,9,3,0,4
ENSMUSG00002076119,#N/A,0,0,0,0,0,0,0,0,0,0,0,0
ENSMUSG00000113021,Gm48440,0,0,0,0,0,0,0,0,0,0,0,0
ENSMUSG00000113308,Gm48445,0,0,0,0,0,0,0,0,0,0,0,0
ENSMUSG00000113996,Gm48455,1,0,0,0,0,0,0,0,0,1,0,0
ENSMUSG00000113148,Gm48456,0,0,0,0,0,0,0,0,0,0,0,0
ENSMUSG00000113914,Gm48458,0,0,0,0,0,0,0,0,0,0,0,1
ENSMUSG00000078141,Gm2399,0,0,0,0,0,0,0,0,0,0,0,0
ENSMUSG00000113448,Gm7042,1,2,0,0,0,0,0,0,0,0,1,0
ENSMUSG00000056457,Prl2c3,0,0,0,0,0,0,0,0,0,0,0,0
ENSMUSG00000113053,Gm18262,0,0,0,0,0,0,0,0,0,0,0,0
ENSMUSG00000113117,Gm2544,0,0,0,0,0,0,0,0,0,0,0,0
ENSMUSG00000113353,Gm18878,0,0,0,0,0,0,0,0,0,0,0,0
ENSMUSG00000113256,Gm48527,0,0,0,0,0,0,0,0,0,0,0,0
ENSMUSG00000079092,Prl2c2,0,0,0,0,0,0,0,0,0,0,0,0
ENSMUSG00000113049,Gm48544,0,0,0,0,0,0,0,0,0,0,0,0
ENSMUSG00000113150,Gm18263,0,0,0,0,0,0,0,0,0,0,0,0
ENSMUSG00000113567,Gm32300,0,0,0,0,0,0,0,0,0,0,0,0
ENSMUSG00000113624,Gm18879,0,0,0,0,0,0,0,0,0,0,0,0
ENSMUSG00000113319,Gm9628,0,0,0,0,0,0,0,0,0,0,0,0
ENSMUSG00000113675,Gm18259,0,0,0,0,0,0,0,0,0,0,0,0
ENSMUSG00000113908,Gm10811,0,0,0,0,0,0,0,0,0,0,0,0
ENSMUSG00000042015,Wdr41,288,299,209,233,238,150,210,241,308,271,293,249
ENSMUSG00000113871,Gm48349,2,2,4,3,1,1,1,1,0,1,3,1
ENSMUSG00000114014,Gm48350,0,0,0,0,0,0,0,0,0,0,0,0
ENSMUSG00000113070,Gm48420,2,5,4,2,3,1,2,3,7,3,4,1
ENSMUSG00000055360,Prl2c5,0,0,0,0,0,0,0,0,0,0,0,0
ENSMUSG00000113221,Gm18880,0,0,0,0,0,0,0,0,0,0,0,0
ENSMUSG00000113371,Gm48588,0,0,0,0,0,0,0,0,0,0,0,0
ENSMUSG00000113729,Gm48589,0,0,0,0,0,0,0,0,0,0,0,0
ENSMUSG00000061724,Gm2423,0,0,0,0,0,0,0,0,0,0,0,0
ENSMUSG00000114152,Gm5374,4,0,1,2,0,0,3,2,6,3,0,0
ENSMUSG00000112938,Gm48590,0,0,0,0,0,0,0,0,0,0,0,0
ENSMUSG00002076365,#N/A,0,0,0,0,0,0,0,0,0,0,0,0
ENSMUSG00000113027,Gm7040,0,0,0,0,0,0,0,0,0,0,0,0
ENSMUSG00000110123,Gm18562,0,0,0,0,0,0,0,0,0,0,0,0
ENSMUSG00000119542,#N/A,0,0,0,0,0,0,0,0,0,0,0,0
ENSMUSG00000021306,Gpr137b,0,1,1,0,0,0,0,0,1,0,0,0
ENSMUSG00002074976,#N/A,0,0,0,0,0,0,0,0,0,0,0,0
ENSMUSG00000113445,Gm48661,0,0,0,0,0,0,0,0,0,0,0,0
ENSMUSG00000113444,Gm48672,0,0,0,0,0,0,0,0,0,0,0,0
ENSMUSG00000094865,Gm7426,0,0,0,0,0,0,0,0,0,0,0,0
ENSMUSG00000005397,Nid1,7,22,17,21,19,24,12,20,4,7,12,3
ENSMUSG00000113380,Gm48682,0,0,0,0,0,0,0,0,0,0,0,0
ENSMUSG00000114068,Gm48783,0,0,0,0,0,0,0,0,0,0,0,0
ENSMUSG00000019726,Lyst,2137,1975,1669,1478,1483,1052,917,1601,1860,1805,1985,1864
ENSMUSG00000021303,Gng4,11,6,9,8,14,12,6,9,1,6,8,2
ENSMUSG00002075529,#N/A,0,0,0,0,0,1,0,0,1,0,0,0
ENSMUSG00000113493,Gm7441,0,0,0,0,0,0,0,0,0,0,1,0
ENSMUSG00000113811,Gm47882,0,0,0,0,0,3,0,0,0,0,0,0
ENSMUSG00000113258,Gm7446,4,0,0,0,1,1,3,1,6,0,3,2
ENSMUSG00000114087,Gm7046,1,0,0,0,0,0,0,0,0,0,0,0
ENSMUSG00000113310,Gm47884,0,0,0,0,0,0,0,0,0,0,0,0
ENSMUSG00000021684,Pde8b,0,0,0,0,0,1,0,1,1,0,2,1
ENSMUSG00000090033,Gm16243,0,0,0,0,0,0,0,0,0,0,0,0
ENSMUSG00000041995,Zbed3,80,71,61,52,49,33,74,69,52,41,86,72
ENSMUSG00000088108,Snora47,0,1,0,0,0,0,0,1,0,1,1,0
ENSMUSG00000077380,Gm22661,0,2,4,0,0,0,0,1,0,2,0,2
ENSMUSG00000021681,Aggf1,3000,3459,2682,2789,2273,1488,2194,2836,2985,2721,2238,2139
ENSMUSG00000114122,Gm48712,0,0,0,0,0,0,0,0,0,0,0,0
ENSMUSG00000039242,B3galnt2,1179,1296,951,999,1251,657,848,1027,1165,1069,1377,1355
ENSMUSG00000096192,Gm18856,0,1,0,1,0,0,1,0,0,0,0,0
ENSMUSG00000021680,Crhbp,0,0,0,0,0,1,0,0,2,0,0,0
ENSMUSG00000021679,S100z,1,0,0,0,0,0,0,1,1,0,0,0
ENSMUSG00000021678,F2rl1,70,91,78,90,42,33,79,96,87,76,53,53
ENSMUSG00000113359,Gm48730,0,0,0,0,0,0,0,0,0,0,0,0
ENSMUSG00000113969,Gm48731,0,0,0,0,0,4,0,0,0,0,0,0
ENSMUSG00000048376,F2r,2151,2643,1331,1509,907,589,1052,1382,1592,1561,1196,1071
ENSMUSG00000039233,Tbce,703,835,643,661,634,432,637,722,676,678,635,615
ENSMUSG00000113819,Gm48017,0,0,1,0,0,0,0,1,0,1,1,0
ENSMUSG00000021676,Iqgap2,953,899,804,809,971,944,600,879,769,717,1131,999
ENSMUSG00000113631,Gm48745,2,0,2,0,0,0,1,1,2,0,0,0
ENSMUSG00000021675,F2rl2,392,435,239,216,81,88,194,252,234,223,88,92
ENSMUSG00000118445,Gm50469,0,0,1,0,0,0,0,0,0,0,0,0
ENSMUSG00000118436,Gm32880,0,0,0,0,0,0,0,0,0,0,0,0
ENSMUSG00000065866,Gm24032,0,0,0,0,0,0,0,0,0,0,0,0
ENSMUSG00000021302,Ggps1,480,476,441,373,471,367,430,489,520,485,482,471
ENSMUSG00000051111,Sv2c,228,259,293,280,273,246,253,291,166,130,156,163
ENSMUSG00000100475,Gm29543,0,0,0,1,2,0,0,0,0,0,0,0
ENSMUSG00002074858,#N/A,0,0,0,0,0,0,0,0,0,0,0,0
ENSMUSG00000113743,Gm8712,2,5,3,3,4,3,5,4,6,2,3,0
ENSMUSG00000021671,Poc5,424,443,412,392,410,253,374,434,372,349,348,336
ENSMUSG00000021546,Hnrnpk,7101,7218,6002,5711,6110,4897,5848,6324,7394,6946,6914,6464
ENSMUSG00000065434,Mir7-1,12,15,17,10,8,3,8,9,8,8,9,9
ENSMUSG00000047117,Ankdd1b,1,1,1,0,0,2,1,0,2,2,1,0
ENSMUSG00000035367,Rmi1,241,228,238,232,238,217,201,251,259,237,277,289
ENSMUSG00000114654,Gm47918,0,0,0,0,0,0,0,0,0,0,0,0
ENSMUSG00000021553,Slc28a3,0,0,0,1,0,3,0,0,0,0,0,0
ENSMUSG00000114234,Gm3131,1,0,1,3,0,0,1,0,2,2,0,0
ENSMUSG00000114380,Gm47942,1,0,0,1,0,0,0,0,1,3,0,0
ENSMUSG00000114384,4930455J16Rik,0,0,0,0,2,8,1,0,0,0,0,0
ENSMUSG00000114325,Rpl13-ps2,1,0,0,0,0,0,0,0,0,0,0,0
ENSMUSG00000114808,Gm47947,0,0,0,0,0,0,0,0,0,0,0,0
ENSMUSG00000114231,Gm40968,0,0,0,0,2,1,1,0,0,0,1,0
ENSMUSG00000039219,Arid4b,903,985,862,852,833,904,744,908,733,864,1014,890
ENSMUSG00000064653,Gm26129,0,0,0,0,0,0,1,0,0,0,0,0
ENSMUSG00002074880,#N/A,0,0,0,0,0,0,0,0,0,0,0,0
ENSMUSG00000113775,Gm48027,15,13,8,10,3,7,7,18,19,10,7,12
ENSMUSG00000113563,Gm2492,0,0,0,0,0,0,0,0,0,0,0,0
ENSMUSG00000021301,Hecw1,0,0,0,0,0,2,0,0,0,0,0,0
ENSMUSG00000113981,Gm47011,0,0,0,0,0,0,0,0,0,0,0,0
ENSMUSG00000113654,Gm30893,0,0,0,0,0,0,0,0,0,0,0,0
ENSMUSG00000113345,Gm48096,0,0,0,0,0,0,0,0,0,0,0,0
ENSMUSG00000113627,Gm32526,0,0,1,0,0,1,0,0,0,0,0,0
ENSMUSG00000015672,Mrpl32,762,845,671,663,872,704,725,783,812,763,924,808
ENSMUSG00000015671,Psma2,2579,3112,2311,2480,2870,1615,2782,2662,3038,2648,2535,2555
ENSMUSG00000021668,Polk,506,566,534,540,689,565,420,560,464,437,734,620
ENSMUSG00002076131,#N/A,0,0,0,0,0,0,0,0,0,0,0,0
ENSMUSG00000091109,Gm17622,0,0,0,0,0,0,0,0,0,0,0,0
ENSMUSG00000039182,AW209491,511,530,462,413,443,244,438,453,502,437,441,417
ENSMUSG00000113686,Gm19189,0,0,0,0,0,0,0,0,0,0,0,0
ENSMUSG00000114176,Gm48329,0,0,0,0,0,0,0,0,0,0,0,0
ENSMUSG00000113240,Gm48338,3,0,0,1,1,0,3,1,2,0,0,2
ENSMUSG00000113389,Gm9512,72,63,40,49,37,7,47,26,64,56,24,40
ENSMUSG00000113410,Gm20043,0,0,0,0,1,0,0,0,0,0,0,0
ENSMUSG00000097806,Gm6556,0,0,0,0,0,0,0,0,1,0,0,0
ENSMUSG00000097684,Gm26645,0,0,0,0,0,0,0,0,0,0,0,0
ENSMUSG00000055254,Ntrk2,0,0,0,1,0,2,0,0,0,0,1,0
ENSMUSG00000114448,C630044B11Rik,0,0,0,0,1,2,0,0,0,0,0,0
ENSMUSG00000114218,Gm47423,0,0,0,0,0,1,0,0,0,0,0,0
ENSMUSG00000114437,4930415C11Rik,0,0,0,0,0,0,0,0,0,0,0,0
ENSMUSG00000114896,Gm34245,0,0,0,0,0,0,0,0,0,0,0,0
ENSMUSG00000114208,Gm34307,0,0,0,0,0,0,0,0,0,0,0,0
ENSMUSG00000114854,Gm34354,0,0,0,0,0,3,0,0,0,0,0,0
ENSMUSG00000114393,Gm47359,0,0,0,0,0,0,0,0,0,0,0,0
ENSMUSG00000114478,Gm34558,0,0,0,0,0,0,0,0,0,0,0,0
ENSMUSG00000114743,Gm34672,0,0,0,0,0,0,0,0,0,0,0,0
ENSMUSG00000114240,Gm47360,0,0,0,0,0,0,0,0,0,0,0,0
ENSMUSG00000114200,Gm34721,0,0,0,0,0,0,0,0,0,0,0,0
ENSMUSG00000021318,Gli3,0,0,0,0,0,1,0,2,1,0,1,0
ENSMUSG00000114623,Gm34788,0,0,0,0,0,0,0,0,0,1,0,0
ENSMUSG00000114787,4930455M05Rik,0,0,0,0,0,0,0,0,0,0,0,0
ENSMUSG00000113191,Gm48343,0,0,0,0,0,0,0,0,0,0,0,0
ENSMUSG00000113309,Gm48408,4,0,2,1,2,1,2,1,2,2,1,2
ENSMUSG00000113960,4933412O06Rik,3,3,1,2,1,0,0,0,2,2,0,2
ENSMUSG00000113338,A530046M15Rik,3,7,5,2,0,0,1,1,1,3,3,2
ENSMUSG00000113701,B230303A05Rik,31,23,19,20,15,16,14,24,11,11,10,8
ENSMUSG00000113290,A530058O07Rik,0,1,1,0,2,2,1,1,1,1,1,1
ENSMUSG00000114057,Gm31450,0,0,0,0,0,0,0,0,0,0,0,0
ENSMUSG00000113080,Gm48928,0,2,0,0,0,0,0,0,0,1,0,0
ENSMUSG00000041324,Inhba,7997,7947,5819,5648,3696,3702,4262,4693,3777,3657,3482,3085
ENSMUSG00000113224,Gm48444,0,0,0,0,0,0,0,0,0,0,0,0
ENSMUSG00000119058,#N/A,1,0,1,0,0,0,0,0,1,2,0,1
ENSMUSG00000113715,Gm6562,0,0,1,0,0,1,0,0,0,0,0,0
ENSMUSG00000112962,Gm31711,0,1,0,0,0,0,0,0,0,0,0,0
ENSMUSG00000113038,Gm48491,0,0,0,0,0,0,0,0,0,0,0,0
ENSMUSG00000113322,Gm48492,0,0,0,0,0,0,0,0,0,0,0,0
ENSMUSG00000113924,Gm48493,0,0,0,0,0,0,0,0,0,0,0,0
ENSMUSG00000113232,Gm48494,0,0,0,0,0,0,0,0,0,0,0,0
ENSMUSG00000112969,Gm48496,2,1,1,0,0,1,1,2,0,0,0,0
ENSMUSG00000113972,Gm48497,0,0,0,0,0,4,0,0,0,0,0,0
ENSMUSG00000113862,Gm7537,0,1,2,0,1,0,1,0,1,1,0,0
ENSMUSG00000021669,Col4a3bp,2362,2391,2311,2194,2036,1677,1742,2189,2109,2000,2102,2037
ENSMUSG00000113068,Gm48133,7,3,1,1,4,0,2,6,11,5,2,3
ENSMUSG00000113842,Gm48138,0,3,1,0,2,2,0,2,0,1,2,4
ENSMUSG00000113379,Gm46436,2,1,1,0,0,2,1,0,0,1,1,4
ENSMUSG00000114193,Gm48139,9,7,7,7,2,6,4,10,3,15,13,12
ENSMUSG00000055137,Sugct,1,2,1,2,0,2,5,2,0,4,2,2
ENSMUSG00002076228,#N/A,0,0,0,0,0,0,0,0,0,0,0,0
ENSMUSG00000113851,Gm48503,0,0,0,0,0,0,0,0,0,0,0,0
ENSMUSG00000114114,Gm48499,0,0,0,0,0,0,0,0,0,0,0,0
ENSMUSG00000098218,Gm27043,2,0,4,4,1,1,2,1,3,1,3,1
ENSMUSG00000119471,#N/A,0,0,0,0,0,0,0,0,0,0,0,0
ENSMUSG00000113024,Gm48502,0,0,0,0,0,1,0,0,0,0,0,0
ENSMUSG00000113219,Gm17890,0,0,1,0,2,0,0,0,0,1,0,0
ENSMUSG00000113889,Gm48501,0,0,0,0,0,0,0,0,0,0,0,0
ENSMUSG00000119594,#N/A,0,3,0,1,1,0,0,0,0,0,0,0
ENSMUSG00000012429,Mplkip,274,332,264,265,346,260,269,246,330,272,362,364
ENSMUSG00000113045,Gm48621,0,0,2,0,1,1,0,1,0,0,3,1
ENSMUSG00000021670,Hmgcr,5484,6089,5320,5626,3446,1815,3544,4817,4938,4556,3307,2979
ENSMUSG00000113351,Gm48575,0,0,0,0,0,0,0,0,0,0,0,0
ENSMUSG00000109561,Ankrd31,0,0,0,0,0,1,1,0,0,0,0,0
ENSMUSG00000113879,Gm48580,0,0,0,0,0,0,0,0,0,0,0,0
ENSMUSG00000113046,Gm48579,0,0,0,0,0,0,0,0,0,0,0,0
ENSMUSG00002076374,#N/A,0,0,0,0,0,0,0,0,0,0,0,0
ENSMUSG00000091387,Gcnt4,191,209,127,124,69,55,58,89,97,89,99,78
ENSMUSG00000114154,Gm48597,0,0,0,0,0,0,0,0,0,0,0,0
ENSMUSG00000041297,Cdk13,4398,4233,3511,3480,3405,2877,2672,3856,3878,3713,3403,3261
ENSMUSG00000113432,8430406P12Rik,4,9,5,6,15,10,9,4,8,3,9,9
ENSMUSG00000080574,Mir466i,1,0,0,0,0,0,0,0,0,0,0,0
ENSMUSG00000113140,Gm48624,5,4,8,1,0,7,4,6,4,4,12,6
ENSMUSG00000118773,#N/A,0,0,0,0,0,1,0,0,0,0,0,0
ENSMUSG00000081285,Gm18859,25,30,18,25,10,2,22,33,24,16,11,8
ENSMUSG00000008859,Rala,578,598,461,469,490,434,590,540,603,481,529,474
ENSMUSG00000114177,Gm18362,0,0,0,0,0,0,0,0,0,0,0,0
ENSMUSG00000113100,Gm48754,0,0,0,0,0,0,1,0,0,0,0,0
ENSMUSG00000113528,Gm32699,0,0,1,1,0,7,0,0,1,2,1,2
ENSMUSG00000113750,Gm5628,1,0,1,2,0,0,1,2,1,2,4,0
ENSMUSG00000113688,A930027P06Rik,0,0,0,0,0,1,1,0,0,0,0,0
ENSMUSG00000114077,Gm48776,1,0,0,0,0,0,0,0,0,0,0,0
ENSMUSG00000113030,Gm48778,0,0,0,0,0,0,0,0,0,0,0,0
ENSMUSG00000075054,Yae1d1,79,124,98,92,144,147,88,97,103,101,161,137
ENSMUSG00000113847,Gm48799,0,0,0,0,0,0,0,0,0,0,0,0
ENSMUSG00000075053,Vdac3-ps1,3,2,3,2,1,1,5,3,2,3,1,1
ENSMUSG00000113496,Gm6575,0,0,0,0,0,0,0,0,0,0,0,0
ENSMUSG00000113470,4930448F12Rik,0,0,0,0,0,0,0,0,0,0,0,0
ENSMUSG00000113893,Gm48800,0,0,0,0,0,0,0,0,0,0,0,0
ENSMUSG00000009734,Pou6f2,0,0,0,0,0,0,0,0,0,0,1,0
ENSMUSG00000114118,Gm48829,0,0,0,0,0,0,0,0,0,0,0,0
ENSMUSG00000041236,Vps41,669,681,510,489,551,459,472,548,620,495,672,585
ENSMUSG00000089046,Gm26172,0,0,0,0,0,0,0,0,0,0,0,0
ENSMUSG00000021314,Amph,0,1,0,1,0,0,0,0,0,0,0,0
ENSMUSG00000113576,Gm47658,0,0,0,0,0,0,0,0,0,0,0,0
ENSMUSG00000113993,Gm47659,0,0,0,0,0,0,0,0,0,0,0,0
ENSMUSG00000113028,Gm18065,0,0,0,0,0,0,0,0,0,0,0,0
ENSMUSG00000114080,Gm47661,0,0,0,0,0,0,0,0,0,0,0,0
ENSMUSG00000113378,Gm47660,0,0,0,0,0,0,0,0,0,0,0,0
ENSMUSG00000021557,Agtpbp1,735,792,715,637,688,522,523,686,723,563,691,660
ENSMUSG00000114526,A930015P04Rik,0,2,0,2,1,1,0,0,0,0,0,3
ENSMUSG00000021555,Naa35,952,1013,731,717,814,496,668,755,897,806,825,801
ENSMUSG00000114535,Gm47246,13,6,11,12,4,7,4,6,6,7,6,6
ENSMUSG00000021556,Golm1,431,469,359,388,355,198,286,338,353,288,305,272
ENSMUSG00000049902,4921517D22Rik,0,1,0,0,0,0,0,0,0,0,0,0
ENSMUSG00000114727,Gm47269,0,0,0,0,0,0,0,0,0,0,0,0
ENSMUSG00000050876,Spata31d1a,0,0,1,0,0,1,0,0,0,0,0,0
ENSMUSG00000091311,Spata31d1b,6,3,4,10,8,15,2,11,9,6,2,0
ENSMUSG00000043986,Spata31d1d,0,0,0,0,0,0,2,0,0,0,0,0
ENSMUSG00000114903,Gm46419,0,0,0,0,0,0,0,0,0,0,0,0
ENSMUSG00000097502,4930528D03Rik,0,0,0,0,0,1,0,0,1,0,0,0
ENSMUSG00000051054,1700014D04Rik,0,0,0,1,0,0,0,0,0,1,0,0
ENSMUSG00000044792,Isca1,350,345,254,281,329,209,242,311,377,336,345,353
ENSMUSG00000114763,Gm49354,0,0,0,0,0,0,0,0,0,0,0,0
ENSMUSG00000089875,Etohd2,3,1,1,7,16,12,1,1,10,6,5,10
ENSMUSG00000035248,Tut7,2177,2345,1940,1846,1603,1309,1323,1879,1964,1851,1667,1523
ENSMUSG00000114835,Gm48194,34,27,24,28,22,21,17,32,23,24,36,16
ENSMUSG00000114354,Gm34961,1,0,2,1,2,1,0,0,0,0,1,1
ENSMUSG00000114669,Gm48384,0,0,0,0,0,2,0,0,0,0,0,0
ENSMUSG00000114490,Gm19866,0,0,0,0,0,0,0,0,0,0,0,0
ENSMUSG00000114308,Gm48390,0,0,0,0,0,1,0,0,0,0,0,0
ENSMUSG00000114531,A530065N20Rik,0,0,0,0,0,0,0,0,0,0,0,0
ENSMUSG00000114795,Gm48396,0,0,0,0,0,0,0,0,0,0,0,0
ENSMUSG00000114734,Gm48397,0,0,0,0,0,0,1,0,0,0,0,0
ENSMUSG00000052957,Gas1,0,0,0,0,0,0,0,0,0,0,0,0
ENSMUSG00000114433,Gm48488,0,0,1,1,0,2,0,0,0,0,0,0
ENSMUSG00000050765,Gm5084,0,0,0,0,0,0,0,0,0,0,0,0
ENSMUSG00002076571,#N/A,0,0,0,0,0,0,0,0,0,0,0,0
ENSMUSG00000114460,Gm10779,0,0,0,0,0,0,0,0,0,0,0,0
ENSMUSG00000114274,Gm35333,0,0,0,0,0,1,0,0,0,0,0,0
ENSMUSG00000114566,Gm48500,0,0,0,0,0,0,0,0,0,0,0,0
ENSMUSG00000114452,A530001N23Rik,0,0,0,0,0,0,0,0,0,0,0,0
ENSMUSG00002076677,#N/A,0,0,0,0,0,0,0,0,0,0,0,0
ENSMUSG00000021559,Dapk1,289,311,257,276,176,83,193,286,272,259,194,153
ENSMUSG00000114501,Gm48582,2,0,5,0,0,0,0,2,0,3,1,0
ENSMUSG00000114277,Gm48583,0,0,0,0,0,0,0,0,0,0,0,0
ENSMUSG00000096874,Gm10312,0,0,0,1,0,2,0,0,1,0,0,0
ENSMUSG00000042243,BC051665,0,0,0,0,0,0,0,0,0,0,0,0
ENSMUSG00000056728,Ctsll3,0,0,0,0,0,0,0,0,0,0,0,0
ENSMUSG00000050345,4930486L24Rik,0,0,0,0,0,0,0,0,0,0,0,0
ENSMUSG00000114635,Gm49392,0,0,0,0,0,0,0,0,0,0,0,0
ENSMUSG00000114487,Gm49393,0,0,0,0,0,0,0,0,0,0,0,0
ENSMUSG00000114432,Gm49391,0,0,0,0,0,0,0,0,0,0,0,0
ENSMUSG00000074874,Ctla2b,0,0,2,1,0,0,2,2,0,0,3,1
ENSMUSG00000062705,Tpbpb,0,0,0,0,0,0,0,0,0,0,0,0
ENSMUSG00002075540,#N/A,0,0,0,0,0,0,0,0,0,0,0,0
ENSMUSG00000044258,Ctla2a,1299,1710,1085,1159,788,456,1282,1121,1151,1093,697,719
ENSMUSG00000033834,Tpbpa,0,0,0,0,0,1,1,0,0,0,0,0
ENSMUSG00000114502,Gm40975,0,0,0,0,0,0,0,0,0,0,0,0
ENSMUSG00000114663,Gm40976,0,0,0,0,0,0,0,0,0,0,0,0
ENSMUSG00000055298,Ctsj,0,0,0,0,0,0,0,0,0,0,0,0
ENSMUSG00000021439,Ctsq,0,0,0,0,0,0,0,0,0,0,0,0
ENSMUSG00000114643,Gm18064,0,0,0,0,0,0,0,0,0,0,0,0
ENSMUSG00000055679,Ctsr,0,0,0,0,0,0,0,0,0,0,0,0
ENSMUSG00000021441,Cts6,0,0,0,0,0,0,0,0,0,0,0,0
ENSMUSG00000057446,Cts8,0,0,0,0,0,2,0,0,0,0,0,1
ENSMUSG00000114473,Gm49398,0,0,0,0,0,0,0,0,0,0,0,0
ENSMUSG00000114867,Cts8-ps,0,0,0,0,1,0,1,0,0,0,0,0
ENSMUSG00000114495,Gm5664,0,0,0,0,0,0,0,0,0,0,0,0
ENSMUSG00002076643,#N/A,0,0,0,0,0,0,0,0,0,0,0,0
ENSMUSG00000021440,Cts7,0,0,0,0,0,0,0,0,0,0,0,0
ENSMUSG00000114802,Cts7-ps,0,0,0,0,0,0,0,0,0,0,0,0
ENSMUSG00000114405,Gm47825,0,0,0,0,0,0,0,0,0,0,0,0
ENSMUSG00000114667,Ctsm-ps2,0,0,0,0,0,0,0,0,0,0,0,0
ENSMUSG00000114928,Gm47848,0,0,0,0,0,0,0,0,0,0,0,0
ENSMUSG00000074871,Ctsm,0,0,0,0,0,0,0,0,0,0,0,0
ENSMUSG00000114904,Gm49352,0,0,0,0,0,0,0,0,0,0,0,0
ENSMUSG00000074870,Cts3,0,0,0,0,0,0,0,0,0,0,0,0
ENSMUSG00000113295,Gm49357,0,0,0,0,0,0,0,0,0,0,0,0
ENSMUSG00000113728,Gm7622,0,0,0,1,0,0,0,0,0,0,1,0
ENSMUSG00000114023,Gm6474,3,5,6,7,8,5,7,6,4,1,7,5
ENSMUSG00000113471,Gm48116,0,0,0,0,0,0,0,0,0,0,0,0
ENSMUSG00000061330,Gm6436,2,0,0,0,0,0,0,0,1,2,0,1
ENSMUSG00000113899,Gm9595,0,1,0,1,1,0,0,0,0,0,0,1
ENSMUSG00000095905,Selenok-ps4,0,0,0,0,0,0,0,0,0,0,0,0
ENSMUSG00002076825,#N/A,0,0,0,0,0,0,0,0,0,0,0,0
ENSMUSG00000113626,Gm7240,4,3,6,9,2,9,4,8,8,7,8,8
ENSMUSG00002076605,#N/A,0,0,0,0,0,0,0,0,0,0,0,0
ENSMUSG00000113887,Gm35619,0,0,0,0,0,0,0,0,0,1,0,0
ENSMUSG00000114036,Gm48228,0,0,0,0,0,0,0,0,0,0,0,0
ENSMUSG00000113014,Selenok-ps8,1,1,0,1,0,0,1,1,1,0,0,1
ENSMUSG00002076676,#N/A,0,0,0,0,0,0,0,0,0,0,0,0
ENSMUSG00000113836,Gm3325,39,38,25,31,34,32,19,27,25,37,40,37
ENSMUSG00000074868,Gm6478,0,1,1,0,0,0,0,0,2,2,0,0
ENSMUSG00000113566,Gm40977,0,0,0,0,0,0,0,0,0,0,0,0
ENSMUSG00000113504,Selenok-ps5,0,0,0,0,0,0,0,0,0,0,0,0
ENSMUSG00000074867,Zfp808,27,30,21,22,26,25,24,21,22,26,38,43
ENSMUSG00002076126,#N/A,0,0,1,2,0,0,0,0,0,0,0,0
ENSMUSG00000119163,#N/A,0,0,0,0,0,0,0,0,0,0,0,0
ENSMUSG00000113690,Gm36501,1,0,0,1,0,3,0,1,0,1,0,3
ENSMUSG00000113081,Gm3333,2,0,0,0,2,0,1,1,0,3,0,2
ENSMUSG00000113107,Gm3338,0,0,0,0,0,0,0,0,0,0,0,0
ENSMUSG00000113495,Gm19792,0,0,0,1,1,3,2,0,0,0,0,0
ENSMUSG00000094942,Gm3604,42,48,25,36,36,60,42,43,47,60,65,51
ENSMUSG00002075395,#N/A,0,0,0,0,0,0,0,0,0,0,0,0
ENSMUSG00000089002,Gm23855,0,0,0,0,0,0,0,0,0,0,0,0
ENSMUSG00000113151,Gm48690,2,2,3,4,0,0,3,1,1,1,2,0
ENSMUSG00000113865,Selenok-ps6,0,0,0,0,0,0,0,0,0,0,0,0
ENSMUSG00000113623,Gm48691,0,0,0,0,0,0,1,0,0,0,0,0
ENSMUSG00000113812,Gm48699,0,0,0,0,0,0,1,0,0,0,0,0
ENSMUSG00000113841,Gm48701,3,1,6,5,4,3,4,5,5,3,5,8
ENSMUSG00000113450,Gm49359,57,58,32,41,44,49,30,43,41,43,67,42
ENSMUSG00000055228,Zfp935,0,0,0,0,0,0,0,0,0,0,0,0
ENSMUSG00002075182,#N/A,0,0,0,0,0,0,0,0,0,0,0,0
ENSMUSG00000074865,Zfp934,26,17,14,17,26,16,24,12,13,22,22,33
ENSMUSG00000113428,Gm7664,1,0,0,0,0,1,0,0,0,0,0,0
ENSMUSG00000119589,#N/A,0,0,0,0,0,0,0,0,0,0,0,0
ENSMUSG00002076935,#N/A,0,0,0,0,0,0,0,0,0,0,0,0
ENSMUSG00000072066,6720489N17Rik,45,42,30,23,37,39,26,61,47,36,45,36
ENSMUSG00002075814,#N/A,0,0,0,0,0,0,0,0,0,0,0,0
ENSMUSG00000114172,Gm36298,14,8,18,14,19,23,5,15,24,19,29,17
ENSMUSG00000113473,Gm7045,12,11,4,5,9,9,5,11,5,7,4,5
ENSMUSG00000074863,Platr25,131,161,111,116,130,98,105,149,110,142,153,183
ENSMUSG00000113601,Gm48735,2,5,6,5,4,0,3,3,4,8,4,4
ENSMUSG00000113078,Gm48734,1,1,2,1,3,1,4,1,2,3,4,3
ENSMUSG00000119111,#N/A,0,0,0,0,0,0,0,0,0,0,0,0
ENSMUSG00000091183,Gm5141,40,43,31,25,72,68,32,67,53,62,90,60
ENSMUSG00000095895,Gm21963,0,1,0,1,1,0,0,0,0,2,1,1
ENSMUSG00002076867,#N/A,0,1,1,2,1,0,1,0,0,0,0,1
ENSMUSG00000118956,#N/A,0,0,0,0,1,0,0,0,0,0,0,0
ENSMUSG00000113637,Gm7049,1,0,0,1,0,0,0,0,0,0,0,0
ENSMUSG00000114117,Gm48795,0,0,0,0,0,0,0,0,0,0,0,0
ENSMUSG00000021456,Fbp2,0,0,0,0,0,0,0,0,0,0,0,0
ENSMUSG00000069805,Fbp1,0,0,1,0,0,0,0,0,0,0,0,0
ENSMUSG00000113057,Gm48812,0,0,0,0,2,0,0,0,0,0,0,0
ENSMUSG00000021458,Aopep,1353,1841,1507,1673,888,335,1310,1368,1201,1147,934,867
ENSMUSG00000113708,Gm47584,0,1,0,0,0,0,0,0,0,0,0,3
ENSMUSG00000113257,Gm30409,0,0,0,0,1,0,0,0,0,0,0,0
ENSMUSG00000113203,Gm47587,0,0,0,0,0,0,0,0,0,0,0,0
ENSMUSG00000113853,Gm47583,12,14,8,13,10,5,4,8,8,9,10,9
ENSMUSG00000113326,Gm47586,17,12,16,18,2,3,6,23,14,15,1,4
ENSMUSG00000113665,Gm47603,3,2,0,2,0,0,0,2,2,1,2,0
ENSMUSG00000114104,Gm47585,7,2,8,3,4,3,7,9,0,8,2,2
ENSMUSG00000113472,Gm47602,0,0,0,0,2,1,0,1,1,0,0,0
ENSMUSG00000021461,Fancc,245,289,320,232,318,129,268,263,261,257,329,316
ENSMUSG00000065599,Mir23b,1,1,0,1,2,0,0,1,2,2,3,3
ENSMUSG00000065475,Mir27b,0,0,0,0,0,0,0,0,0,0,0,0
ENSMUSG00000092741,Mir3074-1,0,0,0,0,0,0,0,1,0,0,0,1
ENSMUSG00000105904,Mir24-1,0,0,0,0,0,0,0,0,0,0,0,0
ENSMUSG00000089854,Gm16133,0,0,0,1,0,0,0,0,0,0,0,1
ENSMUSG00000090232,Gm16132,0,0,3,0,0,0,0,1,0,0,1,0
ENSMUSG00000113126,Gm47588,1,2,2,1,1,2,3,3,3,0,3,10
ENSMUSG00000089868,Gm16134,0,0,0,0,0,0,1,0,0,0,0,0
ENSMUSG00000021466,Ptch1,1875,1901,1598,1530,1227,712,1080,1475,1771,1775,1253,1186
ENSMUSG00000102282,A930032L01Rik,0,0,0,0,0,2,2,0,0,0,0,3
ENSMUSG00000113459,Gm30655,0,0,0,0,0,0,0,0,0,0,0,0
ENSMUSG00000113453,Gm30709,0,0,0,0,1,0,0,0,0,0,0,0
ENSMUSG00000113700,Gm47387,0,0,0,0,0,0,0,0,0,0,0,0
ENSMUSG00000113825,1700024I08Rik,0,0,0,0,0,0,0,0,0,0,0,0
ENSMUSG00000114071,Gm47390,0,0,0,0,0,0,0,0,0,0,0,0
ENSMUSG00000114015,Gm47417,0,0,0,0,0,0,0,0,0,0,0,0
ENSMUSG00000114092,Gm47418,1,1,1,0,0,0,1,0,2,2,0,1
ENSMUSG00000021470,Ercc6l2,1027,1049,823,819,826,733,599,798,973,939,915,877
ENSMUSG00000114095,Gm47424,0,3,1,0,2,6,1,4,6,1,4,0
ENSMUSG00000113340,Gm7695,0,1,0,0,0,0,0,0,0,1,2,2
ENSMUSG00000033122,Hsd17b3,0,0,1,0,0,0,0,0,0,0,0,0
ENSMUSG00000033114,Slc35d2,96,95,51,65,63,24,55,81,56,72,69,61
ENSMUSG00000044934,Zfp367,935,893,875,804,814,676,792,1035,855,788,909,840
ENSMUSG00000114165,Gm47513,3,4,3,3,7,0,3,6,2,2,2,5
ENSMUSG00000021476,Habp4,308,284,256,242,283,195,229,250,321,276,274,264
ENSMUSG00000033102,Cdc14b,450,433,344,283,408,274,226,261,347,321,512,434
ENSMUSG00000113804,Gm46424,0,1,0,0,0,0,0,0,0,0,0,0
ENSMUSG00000097101,1810034E14Rik,13,19,13,16,18,4,16,9,18,8,9,14
ENSMUSG00000113603,Gm47004,0,2,2,0,0,1,1,0,0,0,0,0
ENSMUSG00000021482,Prxl2c,82,90,80,75,81,45,99,101,74,52,82,68
ENSMUSG00000113816,Gm47003,1,0,0,0,0,0,0,0,0,0,1,0
ENSMUSG00002076820,#N/A,0,0,1,0,0,0,0,0,0,0,0,0
ENSMUSG00000118556,CT030159.1,0,0,0,0,0,0,0,0,0,0,0,0
ENSMUSG00000021477,Ctsl,204,247,226,231,176,113,205,171,210,206,101,96
ENSMUSG00000113683,Gm47123,0,0,0,0,0,0,0,0,0,0,0,0
ENSMUSG00000114072,Gm49230,0,0,0,0,0,0,0,0,0,0,0,0
ENSMUSG00000113696,1700015C15Rik,0,0,0,0,0,0,0,0,0,0,0,0
ENSMUSG00000021483,Cdk20,113,102,76,78,57,40,77,74,97,76,90,88
ENSMUSG00000113244,Gm31218,0,0,0,0,0,0,0,0,0,0,0,0
ENSMUSG00000113109,Gm7712,0,1,0,0,0,0,0,0,0,0,0,0
ENSMUSG00000096537,Fam240b,0,0,0,0,0,0,0,0,0,0,0,0
ENSMUSG00000114780,AI197445,1,1,0,0,0,1,0,0,1,0,0,1
ENSMUSG00000114534,Gm32004,0,0,0,0,0,0,0,0,0,0,0,0
ENSMUSG00000114807,Gm32090,0,0,0,1,0,1,0,0,0,0,0,0
ENSMUSG00000102000,1700006H21Rik,0,0,0,0,0,0,0,0,0,0,0,0
ENSMUSG00000032846,Zswim6,1512,1637,1232,1164,871,604,777,1034,1078,1080,847,719
ENSMUSG00002076530,#N/A,0,0,0,0,0,0,0,0,0,0,0,0
ENSMUSG00000114627,B230220B15Rik,1,0,0,0,0,0,0,0,2,0,0,0
ENSMUSG00000071180,Smim15,1157,1201,1038,1031,898,747,945,1012,1057,1111,998,894
ENSMUSG00000114483,Gm49144,1,5,1,1,0,2,1,1,4,5,2,1
ENSMUSG00000114884,Gm47675,0,0,0,0,0,0,0,0,1,0,0,0
ENSMUSG00000039109,F13a1,34,28,17,20,8,3,11,16,23,18,11,12
ENSMUSG00000114329,Gm30489,15,23,16,13,7,11,13,14,6,7,9,5
ENSMUSG00000114336,Gm18643,0,0,0,0,0,1,0,0,0,0,1,2
ENSMUSG00000114428,Gm47707,0,0,0,0,0,0,0,0,0,0,0,0
ENSMUSG00000114297,Gm30600,0,0,1,0,0,0,0,0,1,0,0,0
ENSMUSG00000114249,Gm47709,1,0,0,0,0,0,1,0,0,0,0,0
ENSMUSG00000114508,Gm47711,0,1,0,3,0,0,0,2,0,1,0,0
ENSMUSG00000113954,Gm7822,0,0,0,0,0,0,0,0,0,0,0,0
ENSMUSG00000113945,Vmn2r-ps99,0,0,0,0,0,0,0,0,0,0,0,0
ENSMUSG00000074841,Cbx3-ps1,0,0,0,0,0,0,0,0,0,0,0,0
ENSMUSG00000114625,Gm48218,0,0,0,0,0,0,0,0,0,0,0,0
ENSMUSG00000114013,Gm48219,0,0,0,0,0,0,0,0,0,0,0,0
ENSMUSG00000113723,Vmn2r-ps100,0,0,0,0,0,0,0,0,0,0,0,0
ENSMUSG00000113559,Gm40987,0,0,0,0,0,0,0,0,0,0,0,0
ENSMUSG00000113653,Gm48220,0,0,0,0,0,0,0,0,0,0,0,0
ENSMUSG00000113173,Gm48221,0,0,0,0,0,0,0,0,0,0,0,0
ENSMUSG00000055763,Rybp-ps,2,2,3,0,0,0,0,0,0,0,2,0
ENSMUSG00000113760,Gm48222,0,0,0,0,0,0,0,0,0,0,0,0
ENSMUSG00000095909,Gm10324,0,0,0,0,0,0,0,0,0,0,0,0
ENSMUSG00000118427,Gm50489,0,0,0,0,0,0,0,0,0,0,0,0
ENSMUSG00000113477,Gm45965,0,0,0,0,0,0,0,0,0,0,0,0
ENSMUSG00000113156,Gm48223,0,0,0,0,0,0,0,0,0,0,0,0
ENSMUSG00000113350,Vmn2r-ps102,0,0,0,0,0,0,0,0,0,0,0,0
ENSMUSG00000113713,Gm48240,0,0,0,0,0,0,0,0,0,0,0,0
ENSMUSG00000091347,Gm10772,0,0,0,0,0,0,0,0,0,0,0,0
ENSMUSG00000113253,Gm48241,0,0,0,0,0,0,0,0,0,0,0,0
ENSMUSG00000114616,Gm26754,0,0,0,0,0,0,0,0,0,0,0,0
ENSMUSG00000114027,Vmn2r-ps103,0,0,0,0,0,0,0,0,0,0,0,0
ENSMUSG00000114239,Gm48245,0,0,0,0,0,0,0,0,0,0,0,0
ENSMUSG00000118666,#N/A,0,0,0,0,0,0,0,0,0,0,0,0
ENSMUSG00000114776,Gm18260,0,0,0,0,0,0,0,0,0,0,0,0
ENSMUSG00000114328,Gm48246,0,0,0,0,0,0,0,0,0,0,0,0
ENSMUSG00000114729,C330022B21Rik,0,0,0,0,0,0,0,0,0,0,0,0
ENSMUSG00000094499,Vmn2r-ps104,0,0,0,0,0,0,0,0,0,0,0,0
ENSMUSG00000114377,Gm48247,0,0,0,0,0,0,0,0,0,0,0,0
ENSMUSG00000114629,Gm48244,0,0,0,0,0,0,0,0,0,0,0,0
ENSMUSG00000114825,Gm19119,0,0,0,0,0,0,0,0,0,0,0,0
ENSMUSG00000114261,Gm48243,0,0,0,0,0,0,0,0,0,0,0,0
ENSMUSG00000074832,2410141K09Rik,0,0,0,0,0,0,0,0,0,0,0,0
ENSMUSG00000114343,Gm48322,0,0,0,0,0,0,0,0,0,0,0,0
ENSMUSG00000114406,Gm48323,0,0,0,0,0,0,0,0,0,0,0,0
ENSMUSG00000097483,Gm26806,0,0,0,0,0,0,0,0,0,0,0,0
ENSMUSG00000114684,Vmn2r-ps105,0,0,0,0,0,0,0,0,0,0,0,0
ENSMUSG00000114777,Gm46427,0,0,0,0,0,0,0,0,0,0,0,0
ENSMUSG00000114685,Gm48351,0,0,0,0,0,0,0,0,0,0,0,0
ENSMUSG00000114434,Gm48360,0,0,0,0,0,0,0,0,0,0,0,0
ENSMUSG00000114645,Gm49531,0,0,0,0,0,0,0,0,0,0,0,0
ENSMUSG00000114426,Gm10769,0,0,0,0,0,0,0,0,0,0,0,0
ENSMUSG00002075993,#N/A,0,0,0,0,0,0,0,0,0,0,0,0
ENSMUSG00000114262,Gm49532,0,0,0,0,0,0,0,0,0,0,0,0
ENSMUSG00000114814,Gm48361,0,0,0,0,0,0,0,0,0,0,0,0
ENSMUSG00000074830,Zfp640,0,0,0,0,0,0,0,0,0,0,0,0
ENSMUSG00000114327,Gm40988,0,0,0,0,0,0,0,0,0,0,0,0
ENSMUSG00000114549,Vmn2r-ps106,0,0,0,0,0,0,0,0,0,0,0,0
ENSMUSG00000114839,Gm40989,0,0,0,0,0,0,0,0,0,0,0,0
ENSMUSG00000114423,Gm48404,0,0,0,0,0,0,0,0,0,0,0,0
ENSMUSG00000021622,Ckmt2,0,0,0,0,0,0,0,0,0,0,0,0
ENSMUSG00000082488,1700119I11Rik,1,0,0,0,0,0,0,0,0,0,0,0
ENSMUSG00000021708,Rasgrf2,63,66,51,26,54,38,33,36,26,36,29,37
ENSMUSG00000114133,Gm20075,8,3,1,1,0,0,1,1,5,1,0,1
ENSMUSG00000087839,Gm23955,0,0,0,0,0,0,0,0,0,0,0,0
ENSMUSG00000099115,Gm17190,0,0,0,0,0,0,1,0,0,0,0,0
ENSMUSG00000077799,Gm25148,0,0,0,0,0,0,0,0,0,0,0,0
ENSMUSG00000049625,Tifab,12,6,7,5,6,7,9,7,5,5,7,10
ENSMUSG00000114341,Gm47104,0,0,0,0,0,0,1,0,0,0,0,0
ENSMUSG00000097361,4930550C17Rik,0,0,0,0,1,1,0,0,0,0,1,0
ENSMUSG00000048904,Neurog1,0,0,0,0,0,0,0,0,0,0,0,0
ENSMUSG00000021508,Cxcl14,8,7,7,7,2,1,6,3,6,3,1,0
ENSMUSG00000114911,Gm17878,0,0,0,0,0,0,0,0,0,0,0,0
ENSMUSG00000088149,Gm24716,0,0,0,0,0,0,0,0,0,0,0,0
ENSMUSG00000074885,Gm10782,0,0,0,0,0,0,0,0,0,0,0,0
ENSMUSG00000021509,Slc25a48,2,1,1,1,7,4,4,3,0,0,0,2
ENSMUSG00000021538,Il9,3,3,4,7,6,2,3,0,5,1,3,4
ENSMUSG00000035509,Fbxl21,0,0,1,0,1,1,0,0,0,0,0,0
ENSMUSG00000021539,Lect2,0,0,0,0,0,0,0,0,0,0,0,0
ENSMUSG00000114604,2010203P06Rik,0,0,0,0,0,0,0,0,0,0,0,0
ENSMUSG00000110477,Gm3045,0,0,0,0,0,1,0,0,0,0,0,0
ENSMUSG00000057726,Serpinb9g,0,0,0,0,0,0,0,0,0,0,0,0
ENSMUSG00000081903,Gm11387,0,0,0,0,0,0,0,0,0,0,0,0
ENSMUSG00000081288,Gm11386,0,0,0,0,0,0,0,0,0,0,0,0
ENSMUSG00000082722,Gm11393,0,0,0,0,0,0,0,0,0,0,0,0
ENSMUSG00000112963,Gm6093,19,28,76,64,103,97,63,63,26,27,58,44
ENSMUSG00000089229,Gm25043,0,0,0,0,0,1,0,0,0,0,0,0
ENSMUSG00000113016,Gm47916,0,0,1,0,0,1,0,0,0,0,0,0
ENSMUSG00000113398,Gm5194,0,0,0,0,0,0,0,0,0,0,0,1
ENSMUSG00000083042,Gm11388,0,0,0,0,0,0,0,0,0,0,0,0
ENSMUSG00000047889,Serpinb6d,0,0,0,0,0,0,0,0,0,0,0,0
ENSMUSG00000082986,Gm11389,0,0,0,0,0,0,0,0,0,0,0,0
ENSMUSG00000097202,Gm26701,0,0,1,0,0,0,0,0,0,0,0,0
ENSMUSG00000097931,Gm11392,0,0,0,0,0,0,0,0,0,0,0,0
ENSMUSG00000097190,Gm11394,0,0,0,0,0,0,0,0,0,0,0,0
ENSMUSG00000097054,Gm11395,0,0,0,0,0,0,0,0,0,0,0,0
ENSMUSG00000080317,Vmn2r-ps94,0,0,0,0,0,0,0,0,0,0,0,0
ENSMUSG00000069248,Serpinb6e,0,0,0,0,0,0,0,0,0,0,0,0
ENSMUSG00000052180,Serpinb6c,1,1,1,0,0,1,0,0,0,0,2,0
ENSMUSG00000059395,Nkapl,4,1,5,8,9,4,1,8,5,6,5,4
ENSMUSG00000114702,Gm40828,0,0,0,0,0,0,0,0,0,0,0,0
ENSMUSG00000054931,Zkscan4,0,2,0,0,2,0,2,0,0,1,2,0
ENSMUSG00000088563,Gm23779,0,0,0,0,0,1,0,0,0,0,0,0
ENSMUSG00000078139,AK157302,1,2,1,3,1,3,2,1,2,1,0,0
ENSMUSG00000079941,Gm11273,2,1,0,0,0,0,2,0,3,1,1,2
ENSMUSG00000082396,Zfp389,3,1,0,3,2,0,3,0,2,3,1,4
ENSMUSG00000063894,Zkscan8,531,426,368,365,560,507,260,380,463,482,648,581
ENSMUSG00000048996,Olfr1366,0,0,0,0,2,0,0,0,0,0,0,0
ENSMUSG00000054890,Olfr1535,0,0,0,0,0,0,0,0,0,0,0,0
ENSMUSG00000046016,Olfr1364,0,0,0,0,0,1,0,0,0,0,0,0
ENSMUSG00000051258,Olfr1362,0,0,0,0,0,0,0,0,0,0,0,0
ENSMUSG00000036658,Olfr11,0,0,0,0,0,0,0,0,0,0,0,0
ENSMUSG00000049737,Olfr1361,0,0,0,0,0,0,0,0,0,0,0,0
ENSMUSG00000108534,Olfr1360,0,0,0,0,0,0,0,0,0,0,0,0
ENSMUSG00000108674,Olfr1359,0,0,0,0,0,0,0,0,0,0,0,0
ENSMUSG00000094338,H2bc13,1,1,3,2,5,2,4,3,1,1,0,3
ENSMUSG00000071516,H2ac13,3,12,10,9,11,16,14,17,9,8,4,6
ENSMUSG00002076515,#N/A,0,0,0,0,0,1,1,0,0,0,0,0
ENSMUSG00000101355,H3c10,0,1,3,1,3,4,1,2,1,0,2,1
ENSMUSG00002075904,#N/A,0,0,0,0,0,0,0,0,0,0,0,0
ENSMUSG00000080076,H2ac14,0,0,1,1,0,0,0,1,0,0,0,0
ENSMUSG00000114279,H2bc14,2,4,7,6,11,10,11,4,9,5,8,4
ENSMUSG00000067455,H4c11,0,4,4,2,4,0,11,4,4,1,4,1
ENSMUSG00000064288,H4c12,2,2,2,9,4,1,11,6,4,2,4,5
ENSMUSG00000063021,H2ac15,15,12,24,22,18,21,19,23,8,15,11,5
ENSMUSG00002075711,#N/A,0,0,0,2,0,0,0,0,0,0,0,0
ENSMUSG00000095217,H2bc15,1,0,0,1,0,0,1,0,0,0,0,0
ENSMUSG00000085331,Gm11274,0,0,0,0,0,0,0,0,0,0,0,0
ENSMUSG00000058773,H1f5,6,19,28,20,46,28,47,38,15,8,14,9
ENSMUSG00000101972,H3c11,4,5,4,4,15,4,9,6,1,3,2,1
ENSMUSG00000069309,Hist1h2an,4,2,5,18,7,5,7,12,1,3,6,3
ENSMUSG00002075444,#N/A,0,0,0,1,0,0,0,0,0,0,0,0
ENSMUSG00000069308,Hist1h2bp,0,3,2,3,3,0,1,2,2,1,2,3
ENSMUSG00000076744,Trgv7,0,0,1,0,0,0,0,0,0,1,0,0
ENSMUSG00000076745,Trgv4,7,5,13,8,5,8,9,4,2,3,9,3
ENSMUSG00000076746,Trgv6,0,0,0,0,0,0,0,0,0,0,0,0
ENSMUSG00000076747,Trgv5,0,0,0,0,0,0,0,0,0,0,0,0
ENSMUSG00000104962,Trgj1,1,0,1,1,1,0,0,4,1,0,0,0
ENSMUSG00000076749,Trgc1,18,13,18,14,12,19,18,12,15,16,18,19
ENSMUSG00000076750,Trgv3,0,1,1,0,0,2,0,0,1,0,0,1
ENSMUSG00000104630,Trgj3,0,0,0,0,0,0,0,0,0,0,0,0
ENSMUSG00000091682,Trgc3,2,0,1,0,2,0,0,0,0,0,1,0
ENSMUSG00000076752,Trgc2,114,135,137,101,96,113,80,93,85,70,66,66
ENSMUSG00000105830,Trgj2,6,5,4,7,3,0,4,1,0,5,1,1
ENSMUSG00000076754,Trgv2,35,35,31,34,28,41,23,25,20,14,16,17
ENSMUSG00000076755,Trgv1,2,2,5,9,6,7,6,4,4,2,4,6
ENSMUSG00000098799,Trgj4,2,1,1,2,2,2,3,4,1,2,1,3
ENSMUSG00000076757,Trgc4,45,76,96,82,77,55,64,76,75,41,48,44
ENSMUSG00000003062,Stard3nl,193,259,209,225,228,85,194,198,199,199,208,171
ENSMUSG00000105848,Gm42683,0,3,0,0,1,0,1,1,0,1,2,1
ENSMUSG00000104959,Gm18131,1,0,0,0,0,0,0,0,0,0,0,0
ENSMUSG00000105715,Gm31887,0,0,0,0,0,0,0,0,0,0,0,0
ENSMUSG00000085016,Gm11335,0,0,0,0,1,0,1,0,0,0,0,0
ENSMUSG00000060981,H4c8,7,3,9,9,11,3,8,4,4,9,11,2
ENSMUSG00000061991,H2ac10,0,1,2,0,1,2,5,1,1,0,0,0
ENSMUSG00002076445,#N/A,0,1,0,0,0,0,0,0,0,1,0,0
ENSMUSG00000099517,H3c8,2,4,4,3,6,5,4,11,4,3,1,1
ENSMUSG00000114456,H2bc9,2,9,7,6,22,8,8,8,3,3,3,2
ENSMUSG00000100210,H3c7,8,15,8,12,15,13,18,13,13,8,4,10
ENSMUSG00000069274,H4c6,2,5,10,4,6,7,18,5,12,0,5,5
ENSMUSG00000052565,H1f3,28,30,40,43,88,52,69,74,39,34,24,21
ENSMUSG00000069273,H3c6,8,8,18,12,15,8,17,21,16,16,7,6
ENSMUSG00000069272,H2ac8,0,6,4,9,9,2,6,8,7,3,1,3
ENSMUSG00002075675,#N/A,0,0,0,0,0,0,0,0,0,0,0,0
ENSMUSG00000058385,H2bc8,2,7,4,4,5,2,14,10,4,4,4,2
ENSMUSG00000069268,H2bc7,0,4,2,0,2,0,1,0,0,0,0,0
ENSMUSG00000071478,H2ac7,0,0,3,2,0,0,2,0,0,2,0,1
ENSMUSG00002076162,#N/A,0,0,0,0,0,0,0,0,0,0,0,0
ENSMUSG00000099583,H3c4,0,1,3,2,4,3,6,4,3,4,1,0
ENSMUSG00000061482,H4c4,14,21,26,25,38,35,30,43,30,18,20,20
ENSMUSG00000047246,H2bc6,10,11,6,14,8,4,16,8,7,3,5,3
ENSMUSG00000051627,H1f4,62,59,92,115,135,90,158,148,105,82,67,53
ENSMUSG00000080741,Gm11398,0,0,0,0,0,0,0,0,0,0,0,0
ENSMUSG00000084753,Gm22452,0,0,0,0,0,0,0,0,0,0,0,0
ENSMUSG00000069270,H2ac6,11,13,38,46,43,25,46,45,19,14,13,7
ENSMUSG00002075663,#N/A,0,0,0,0,0,0,0,0,0,0,0,0
ENSMUSG00002076196,#N/A,0,0,0,0,0,0,0,0,0,0,0,0
ENSMUSG00000018102,H2bc4,33,32,38,35,35,28,34,35,23,14,27,13
ENSMUSG00000060678,H4c3,10,21,24,23,36,21,19,34,25,25,21,7
ENSMUSG00000036211,H1f6,0,0,0,0,0,0,0,0,0,0,0,0
ENSMUSG00000113058,Gm48311,0,0,0,0,0,0,0,0,0,0,0,0
ENSMUSG00000119538,#N/A,0,0,0,0,0,0,0,0,0,0,0,0
ENSMUSG00000065022,AF357341,0,0,0,0,0,0,0,0,0,0,0,0
ENSMUSG00000119368,#N/A,0,0,0,0,0,0,0,0,0,0,0,0
ENSMUSG00000077881,Mir882,0,0,0,0,0,0,0,0,0,0,0,0
ENSMUSG00000064545,Gm22981,0,0,0,0,0,0,0,0,0,0,0,0
ENSMUSG00000113666,Gm35725,0,0,0,1,0,0,0,0,0,0,0,0
ENSMUSG00000064720,Gm25856,0,0,0,0,0,0,0,0,0,0,0,0
ENSMUSG00000113283,Gm35890,0,0,0,0,0,0,0,0,0,0,0,0
ENSMUSG00000084487,Gm23787,0,0,0,0,0,0,0,0,0,0,0,0
ENSMUSG00000097973,Gm4929,48,35,39,29,27,3,34,31,36,38,14,22
ENSMUSG00000064726,Gm25854,0,0,0,0,0,0,0,0,0,0,0,0
ENSMUSG00000113855,Gm49374,0,0,0,0,0,0,0,0,0,0,0,0
ENSMUSG00000084604,Gm22205,0,0,0,0,0,0,0,0,0,0,0,0
ENSMUSG00000113863,Gm7126,0,0,0,0,0,0,0,0,0,0,0,0
ENSMUSG00000088820,Gm25224,0,0,0,0,0,0,0,0,0,0,0,0
ENSMUSG00000113397,Gm9194,0,0,0,0,0,2,1,0,0,0,2,0
ENSMUSG00000065498,Mir379,0,0,0,0,0,1,0,0,0,0,0,0
ENSMUSG00000113522,Gm48479,0,0,0,0,0,0,0,0,0,0,0,0
ENSMUSG00000065477,Mir411,0,0,0,0,0,0,0,0,0,0,0,0
ENSMUSG00000114026,Gm48480,0,0,0,0,0,0,0,0,0,0,0,0
ENSMUSG00000106653,Mir299a,0,0,0,0,0,0,0,0,0,0,0,0
ENSMUSG00000113167,Gm48482,0,0,0,0,0,0,0,0,0,0,0,0
ENSMUSG00000093291,Mir299b,0,0,0,0,0,0,0,0,0,0,0,0
ENSMUSG00002076213,#N/A,0,0,0,0,0,0,0,0,0,0,0,0
ENSMUSG00000104582,Mir380,0,0,0,0,0,0,0,0,0,0,0,0
ENSMUSG00000020607,Lratd1,95,90,42,44,118,46,55,58,79,94,106,86
ENSMUSG00000080687,Mir1197,0,0,0,0,0,0,0,0,0,0,0,0
ENSMUSG00000065617,Mir323,0,0,0,0,0,0,0,0,0,0,0,0
ENSMUSG00000076459,Mir758,0,0,0,0,0,0,0,0,0,0,0,0
ENSMUSG00000113336,Gm16497,0,0,0,0,0,0,0,0,0,0,0,0
ENSMUSG00000065577,Mir329,0,0,0,0,0,0,0,0,0,0,0,0
ENSMUSG00000070141,Mir494,0,0,0,0,0,0,0,0,0,0,0,0
ENSMUSG00000113961,Gm48498,0,0,0,0,0,0,0,0,0,0,0,0
ENSMUSG00000050974,Gm9847,0,0,0,0,0,0,0,0,0,0,0,0
ENSMUSG00000076145,Mir679,0,0,0,0,0,0,0,0,0,0,0,0
ENSMUSG00000080411,Mir1193,0,0,0,0,0,0,0,0,0,0,0,0
ENSMUSG00000119624,#N/A,0,1,0,0,0,0,0,0,0,0,0,0
ENSMUSG00000076272,Mir666,0,0,0,0,0,0,0,0,0,0,0,0
ENSMUSG00000113663,Gm48504,0,0,0,0,0,0,0,0,0,0,0,0
ENSMUSG00000076241,Mir543,0,0,0,0,0,0,0,0,0,0,0,0
ENSMUSG00000064386,Gm26449,0,0,0,0,0,0,0,0,0,0,0,0
ENSMUSG00000070105,Mir495,0,0,0,0,0,0,0,0,0,0,0,0
ENSMUSG00000114066,Gm9202,0,0,0,0,0,2,0,1,0,1,0,0
ENSMUSG00000076396,Mir667,0,0,0,0,0,0,0,0,0,0,0,0
ENSMUSG00000076006,Mir376c,0,0,0,0,0,0,0,0,0,0,0,0
ENSMUSG00000077980,Mir654,0,0,0,0,0,0,0,0,0,0,0,0
ENSMUSG00000105853,Mir376b,0,0,0,0,0,0,0,0,0,0,0,0
ENSMUSG00002075306,#N/A,0,0,0,0,0,0,0,0,0,0,0,0
ENSMUSG00000105178,Mir376a,0,0,0,0,0,0,0,0,0,0,0,0
ENSMUSG00000098807,Mir300,0,0,0,0,0,0,0,0,0,0,0,0
ENSMUSG00000113644,4930448C13Rik,0,0,0,0,0,0,0,0,0,0,1,0
ENSMUSG00000098838,Mir381,0,0,0,0,0,0,0,0,0,0,0,0
ENSMUSG00000076219,Mir487b,0,0,0,0,0,0,0,0,0,0,0,0
ENSMUSG00002075010,#N/A,0,0,0,0,0,0,0,0,0,0,0,0
ENSMUSG00002076459,#N/A,0,0,0,0,0,0,0,0,0,0,0,0
ENSMUSG00000076063,Mir539,0,0,0,0,0,0,0,0,0,0,0,0
ENSMUSG00002075058,#N/A,0,0,0,0,0,0,0,0,0,0,0,0
ENSMUSG00000077001,Mir544,0,0,0,0,0,0,0,0,0,0,0,0
ENSMUSG00000113285,Gm36128,1,0,0,1,0,0,2,1,3,1,4,1
ENSMUSG00000114124,Gm19084,0,0,0,0,0,0,0,0,0,0,0,1
ENSMUSG00000113734,Gm48539,0,0,0,0,0,0,0,0,0,0,0,0
ENSMUSG00000113069,Gm48541,0,0,0,0,0,0,0,0,0,0,0,0
ENSMUSG00000113339,Gm17915,0,0,0,0,0,0,0,0,0,0,0,0
ENSMUSG00000098158,Gm4804,5,3,8,3,3,1,2,0,5,0,2,0
ENSMUSG00000020601,Trib2,460,555,738,832,325,154,520,672,467,553,439,395
ENSMUSG00000098480,Mir6387,0,0,0,0,0,1,2,1,0,0,0,0
ENSMUSG00000097580,Gm5432,0,0,0,2,0,0,2,0,0,1,0,0
ENSMUSG00000113629,Gm48558,0,0,0,0,0,0,0,0,0,0,0,0
ENSMUSG00000113222,Gm48557,5,1,1,1,2,0,2,0,13,6,4,6
ENSMUSG00000113739,Gm48584,0,0,3,0,2,0,0,3,0,6,0,0
ENSMUSG00000113930,Gm36235,4,3,12,22,3,5,8,5,7,2,2,2
ENSMUSG00000113142,Gm18114,0,0,0,0,0,0,1,0,0,0,0,0
ENSMUSG00000035181,Heatr5a,483,510,429,370,499,272,417,490,423,404,514,463
ENSMUSG00000113735,Gm48607,0,0,0,0,0,0,0,0,0,0,0,0
ENSMUSG00000113975,Gm36372,0,0,0,0,0,0,0,0,0,0,0,0
ENSMUSG00000113586,Gm48606,0,0,0,0,0,0,0,0,0,0,0,0
ENSMUSG00000113892,Gm48605,0,0,0,0,0,0,0,0,0,0,0,0
ENSMUSG00000020956,Dtd2,163,193,173,173,189,113,178,179,196,135,163,163
ENSMUSG00000112064,Gm47399,1,0,1,6,0,0,0,0,0,1,0,0
ENSMUSG00000035148,Gpr33,1,0,0,0,0,0,0,0,0,0,0,2
ENSMUSG00000112063,Gm32220,0,0,0,0,0,0,0,0,0,0,0,0
ENSMUSG00000071235,Vrtn,0,0,0,0,0,3,1,0,2,0,0,0
ENSMUSG00000097391,Mirg,1,0,0,0,0,0,0,0,0,0,0,0
ENSMUSG00000065428,Mir382,0,0,0,0,0,0,0,0,0,0,0,0
ENSMUSG00000065426,Mir134,0,0,0,0,0,0,0,0,0,0,0,0
ENSMUSG00000099236,Mir668,0,0,0,0,0,0,0,0,0,0,0,0
ENSMUSG00000070128,Mir485,0,0,0,0,0,0,0,0,0,0,0,0
ENSMUSG00000077925,Mir453,0,0,0,0,0,0,0,0,0,0,0,0
ENSMUSG00000065448,Mir154,0,0,0,0,0,0,0,0,0,0,0,0
ENSMUSG00000070136,Mir496a,0,0,0,0,0,0,0,0,0,0,0,0
ENSMUSG00000065438,Mir377,0,0,0,0,0,0,0,0,0,0,0,0
ENSMUSG00000071234,Syndig1l,0,0,0,0,0,0,0,0,0,0,0,0
ENSMUSG00000076052,Mir541,0,0,0,0,0,0,0,0,1,0,0,0
ENSMUSG00002075156,#N/A,0,0,0,0,0,0,0,0,0,0,0,0
ENSMUSG00000113317,Gm48573,0,0,0,0,0,0,0,0,0,0,0,0
ENSMUSG00000105849,Mir409,0,0,0,0,0,0,0,0,0,0,0,0
ENSMUSG00000065570,Mir412,0,0,0,0,0,0,0,0,0,0,0,0
ENSMUSG00000065561,Mir369,0,0,0,0,0,0,0,0,0,0,0,0
ENSMUSG00000065497,Mir410,0,0,0,0,0,0,0,0,0,0,0,0
ENSMUSG00000035142,Nubpl,23,37,14,25,38,7,23,19,19,21,28,21
ENSMUSG00000093351,Mir3072,0,0,0,0,0,0,0,0,0,0,0,0
ENSMUSG00000113711,Gm9661,1,0,0,1,0,0,0,0,1,0,0,2
ENSMUSG00000112139,Gm47431,0,0,0,0,0,0,0,0,0,0,0,0
ENSMUSG00000113625,Gm3379,1,2,0,0,1,0,1,0,1,0,1,1
ENSMUSG00000111982,Gm35135,0,0,0,1,0,0,0,0,0,0,0,0
ENSMUSG00000021242,Npc2,4577,5522,4925,5394,3331,1237,5315,5282,4113,3894,2708,2451
ENSMUSG00000112940,4930511J24Rik,0,0,0,0,1,2,0,0,0,0,0,0
ENSMUSG00000112437,Gm35188,0,0,0,0,0,0,0,0,0,0,0,0
ENSMUSG00000113063,Gm34667,0,0,0,0,0,0,0,0,0,0,0,0
ENSMUSG00000113868,Gm34719,0,0,0,0,0,0,0,0,0,0,0,0
ENSMUSG00000113217,Gm47187,0,0,0,0,0,0,0,0,0,0,0,0
ENSMUSG00000113042,Gm47188,0,0,0,0,0,0,0,0,0,0,0,0
ENSMUSG00000113331,3110009F21Rik,0,0,0,0,0,0,0,0,0,0,0,0
ENSMUSG00000113733,Gm34785,0,0,0,0,0,0,0,0,0,0,0,0
ENSMUSG00000113193,Gm40576,0,0,0,0,0,0,0,0,0,0,0,0
ENSMUSG00000113605,4930425K24Rik,0,0,0,0,0,0,0,0,0,0,0,0
ENSMUSG00000021241,Isca2,453,508,418,478,434,334,503,507,464,366,477,399
ENSMUSG00000113581,Dio3os,0,0,1,0,2,0,0,0,0,0,0,2
ENSMUSG00000080356,Mir1247,0,0,0,0,0,0,0,0,0,0,0,0
ENSMUSG00000035133,Arhgap5,126,159,147,120,113,141,116,158,93,133,134,146
ENSMUSG00000075707,Dio3,0,0,0,0,0,0,0,0,0,0,0,0
ENSMUSG00000113198,Gm6988,1,0,1,1,0,0,1,0,1,2,1,0
ENSMUSG00000113512,Gm9063,0,2,2,1,3,0,1,1,3,0,0,1
ENSMUSG00000114183,Gm47195,1,0,0,0,0,0,0,0,0,0,1,1
ENSMUSG00000100315,1700031P21Rik,0,0,0,0,1,0,0,0,0,0,1,0
ENSMUSG00000119273,#N/A,1,0,0,0,1,0,0,0,0,0,1,0
ENSMUSG00000119013,#N/A,0,0,0,0,0,0,0,0,0,0,0,0
ENSMUSG00000112412,Gm35239,0,0,0,0,0,0,0,1,0,0,0,0
ENSMUSG00000061603,Akap6,3,1,5,5,2,1,0,7,2,6,1,1
ENSMUSG00000112251,Gm47488,0,0,0,0,0,0,0,0,0,0,0,0
ENSMUSG00000119139,#N/A,0,0,0,0,0,0,0,0,0,0,0,0
ENSMUSG00000021010,Npas3,0,0,0,0,2,4,1,0,0,0,1,0
ENSMUSG00000113179,1700030L22Rik,0,0,0,0,0,0,0,0,0,0,0,0
ENSMUSG00000099407,1700060O08Rik,0,0,0,0,0,0,0,0,0,0,0,0
ENSMUSG00000112549,Gm35818,0,0,0,0,0,0,0,0,0,0,0,0
ENSMUSG00000035105,Egln3,2318,2732,1443,1688,964,558,1535,1723,1692,1563,1009,947
ENSMUSG00000112821,1700104L18Rik,0,0,0,0,0,0,0,0,0,0,0,0
ENSMUSG00000064605,Gm22220,0,0,0,0,0,0,0,0,0,0,0,0
ENSMUSG00002076688,#N/A,0,0,0,0,0,0,0,0,0,0,0,0
ENSMUSG00000112705,Gm47552,0,2,1,2,1,1,2,0,0,2,3,2
ENSMUSG00000113970,Gm7550,0,0,0,0,0,0,0,0,0,0,0,0
ENSMUSG00000112053,Gm46328,0,0,0,0,0,0,0,0,0,0,0,0
ENSMUSG00000112204,Gm47553,0,0,0,0,0,0,1,1,0,2,0,0
ENSMUSG00000114047,Gm7557,0,0,0,0,0,0,0,0,0,0,0,0
ENSMUSG00000113947,Gm10465,0,0,0,1,0,4,0,0,0,0,0,0
ENSMUSG00000112145,Gm6218,11,7,3,3,5,0,7,5,21,8,6,14
ENSMUSG00000044408,Sptssa,545,645,528,547,625,475,674,548,611,516,582,523
ENSMUSG00000106344,Mir1892,0,0,0,0,0,0,0,0,0,0,0,0
ENSMUSG00000113096,Gm40884,0,0,0,0,0,0,0,0,0,0,0,0
ENSMUSG00002076888,#N/A,0,0,0,0,1,0,0,0,0,0,0,1
ENSMUSG00000002020,Ltbp2,0,6,0,1,0,1,2,0,1,2,0,0
ENSMUSG00000092130,D030025P21Rik,0,0,1,0,0,3,0,0,0,0,1,1
ENSMUSG00000113079,Gm48709,0,0,0,0,0,0,0,0,0,0,0,0
ENSMUSG00000092006,Gm17139,0,0,0,0,0,0,0,0,0,0,0,0
ENSMUSG00000054302,Eapp,625,770,610,561,608,539,596,561,738,579,599,534
ENSMUSG00000113392,Gm36262,1,2,0,0,0,0,0,3,1,1,0,0
ENSMUSG00000119895,#N/A,0,0,0,0,2,0,1,0,0,0,0,0
ENSMUSG00000072255,Rpl31-ps17,3,7,3,2,2,1,2,6,3,6,1,1
ENSMUSG00000119206,#N/A,0,0,0,0,0,0,0,0,0,0,0,0
ENSMUSG00000017843,Ppp2r5c,1961,2219,1578,1693,1767,1332,1766,2051,1855,1676,1773,1762
ENSMUSG00000111904,Gm2395,0,0,0,0,0,0,0,0,0,0,0,0
ENSMUSG00000118864,#N/A,0,0,0,0,0,0,0,0,0,0,0,0
ENSMUSG00000118751,#N/A,0,0,0,0,0,0,0,0,0,0,0,0
ENSMUSG00000112186,Gm2412,0,0,0,0,0,0,0,0,0,0,0,0
ENSMUSG00000119670,#N/A,0,0,0,0,0,0,0,0,0,0,0,0
ENSMUSG00000113585,Gm19605,20,11,8,19,16,12,11,20,24,6,34,26
ENSMUSG00000113361,B930059L03Rik,11,1,7,7,11,13,5,4,5,6,10,12
ENSMUSG00000113702,Gm35558,0,0,1,0,0,0,0,0,0,0,0,0
ENSMUSG00000113781,Gm35558,0,0,0,0,1,0,2,0,0,0,0,0
ENSMUSG00000113662,Gm35558,3,1,4,4,3,1,2,2,1,3,1,5
ENSMUSG00000005656,Snx6,873,1008,916,896,858,490,857,874,972,839,812,758
ENSMUSG00000042350,Arel1,1435,1606,1426,1357,1227,607,1023,1302,1301,1247,1259,1121
ENSMUSG00000079645,Gm17193,10,7,4,2,9,9,0,11,2,11,12,10
ENSMUSG00000018707,Dync1h1,8583,8434,6907,6483,6562,3652,4253,7583,6790,6806,6899,6767
ENSMUSG00000090327,Gm17111,1,0,0,0,0,0,0,0,0,0,0,0
ENSMUSG00000062929,Cfl2,318,333,277,285,315,251,308,352,377,294,344,319
ENSMUSG00000056508,1700001K19Rik,0,0,0,0,0,0,0,0,0,0,0,0
ENSMUSG00002075089,#N/A,0,0,0,0,0,0,0,0,0,0,0,0
ENSMUSG00000113209,1700081N11Rik,0,1,2,0,1,1,1,0,0,0,0,1
ENSMUSG00000021243,Fcf1,483,636,483,537,607,288,596,508,497,492,450,475
ENSMUSG00000035021,Baz1a,5141,5688,4305,4209,4254,3477,3315,4373,4480,4067,4856,4015
ENSMUSG00000098026,Gm27014,0,1,0,0,0,0,2,1,0,0,0,0
ENSMUSG00000092233,Gm20403,0,0,0,0,0,0,0,0,0,0,0,0
ENSMUSG00000088922,Gm24296,0,0,0,0,0,1,0,0,0,0,0,0
ENSMUSG00000021270,Hsp90aa1,6161,6475,5299,5522,6441,6527,5630,5995,6090,5995,7670,6522
ENSMUSG00000062198,2700097O09Rik,232,276,178,239,203,200,190,225,222,245,269,280
ENSMUSG00000113467,Gm46350,1,3,1,0,4,0,0,1,0,0,1,1
ENSMUSG00000113137,Gm7511,4,0,3,2,0,0,3,3,2,1,6,2
ENSMUSG00000020593,Lpin1,139,167,149,154,74,45,100,161,147,129,70,89
ENSMUSG00000037957,Wdr20,347,374,338,333,348,213,240,333,342,311,281,282
ENSMUSG00000020591,Ntsr2,0,0,0,0,0,0,0,0,1,0,0,0
ENSMUSG00000021244,Ylpm1,4387,4045,3533,3331,3588,4197,2728,4055,3567,3427,4191,3538
ENSMUSG00000056458,Mok,0,0,0,0,3,0,1,0,1,1,0,0
ENSMUSG00000093629,Prox2os,6,6,9,7,10,1,2,8,4,4,10,11
ENSMUSG00000073079,Srp54a,32,44,41,42,41,5,32,42,38,40,38,15
ENSMUSG00000097650,4921507G05Rik,0,0,0,0,0,0,0,0,0,0,0,0
ENSMUSG00000097832,Gm26912,0,1,0,1,1,2,1,1,0,1,1,0
ENSMUSG00000095595,Fam177a,0,0,0,0,0,0,0,0,0,0,0,0
ENSMUSG00000042320,Prox2,31,39,28,15,32,13,28,18,29,21,16,27
ENSMUSG00000102935,Gm38355,2,2,3,0,0,2,1,4,4,4,3,2
ENSMUSG00000112022,Gm2436,0,0,0,0,0,0,0,0,0,0,0,0
ENSMUSG00000113693,Gm48340,0,0,0,0,0,0,0,0,0,0,0,0
ENSMUSG00000021271,Zfp839,179,219,125,139,157,108,117,125,193,186,180,156
ENSMUSG00000091498,Mpc1-ps,12,16,11,5,12,6,5,10,14,13,1,9
ENSMUSG00000112449,Srp54b,0,0,0,0,0,0,0,0,0,0,0,0
ENSMUSG00000094103,Fam177a2,0,0,0,0,0,0,0,0,0,0,0,0
ENSMUSG00000112690,Gm2446,0,0,0,0,0,0,0,0,0,0,0,0
ENSMUSG00000114160,Gm48352,0,0,0,0,0,0,0,0,0,0,0,0
ENSMUSG00000021276,Cinp,1665,2027,1628,1617,1696,981,1671,1663,1648,1485,1671,1522
ENSMUSG00000004789,Dlst,4078,4630,3894,3939,3634,1912,3494,4096,3989,3592,3386,3202
ENSMUSG00000079108,Srp54c,227,303,174,190,216,212,175,210,210,228,222,179
ENSMUSG00000113385,Gm48405,13,21,19,17,10,11,3,28,14,21,8,18
ENSMUSG00000112368,Gm49376,17,15,14,28,17,19,14,20,19,14,14,8
ENSMUSG00000036523,Greb1,0,0,0,0,0,1,0,1,0,1,0,0
ENSMUSG00000021022,Ppp2r3c,382,423,300,354,285,209,324,361,360,353,334,299
ENSMUSG00000114049,Gm48140,0,0,0,0,0,0,0,0,0,0,0,0
ENSMUSG00002074932,#N/A,0,0,0,0,0,0,0,0,0,0,0,0
ENSMUSG00000113897,Gm48227,0,0,0,0,1,0,0,0,0,0,0,0
ENSMUSG00000019235,Rps6kl1,10,19,4,18,13,5,16,12,18,11,10,17
ENSMUSG00000057469,E2f6,1171,1261,902,951,1075,689,943,947,1084,1033,1223,1133
ENSMUSG00000114018,Gm36495,0,0,0,0,0,0,0,0,0,0,0,0
ENSMUSG00000004791,Pgf,0,4,0,0,2,1,1,0,1,1,0,2
ENSMUSG00000113681,Gm45930,0,0,0,0,0,0,0,0,0,0,0,0
ENSMUSG00000021275,Tecpr2,532,593,442,456,428,222,325,445,391,403,429,443
ENSMUSG00000004788,Eif2b2,1114,1252,896,982,930,479,976,998,1112,961,865,873
ENSMUSG00000096942,Rps19-ps6,0,1,0,0,0,0,0,0,1,1,0,0
ENSMUSG00000021023,Prorp,603,717,454,493,580,389,403,538,599,531,587,493
ENSMUSG00000037904,Ankrd9,111,109,74,72,104,26,85,102,125,89,82,89
ENSMUSG00000113682,Gm48630,0,0,0,0,0,0,0,0,0,0,0,0
ENSMUSG00000113056,6030440G07Rik,0,0,0,0,0,0,0,0,1,1,0,0
ENSMUSG00000113597,Gm48631,0,0,0,0,1,0,0,0,0,0,0,0
ENSMUSG00000021024,Psma6,3287,3926,3104,3370,3614,2119,3413,3209,3689,3494,3122,3027
ENSMUSG00000059033,Rpl18a-ps1,3,0,2,5,2,2,1,1,4,0,1,0
ENSMUSG00000037896,Rcor1,2321,2712,2271,2259,2254,1194,1750,2387,2285,2075,2112,1998
ENSMUSG00000114110,Gm46379,0,1,0,0,0,1,1,0,0,0,0,0
ENSMUSG00000113200,Gm48632,5,4,4,8,1,4,3,5,4,2,3,10
ENSMUSG00000083193,4930595D18Rik,0,0,0,1,0,0,0,0,0,0,0,0
ENSMUSG00000021245,Mlh3,404,455,302,274,357,293,235,369,385,380,425,386
ENSMUSG00000098263,Mir6938,0,0,0,0,0,0,0,0,1,0,0,0
ENSMUSG00000113568,Gm46369,0,0,0,0,0,0,0,1,1,0,0,0
ENSMUSG00000021025,Nfkbia,9091,9812,8219,8811,8570,4121,8722,7937,9541,8575,6439,6620
ENSMUSG00000112348,Gm36634,2,1,0,1,3,2,1,3,2,3,0,4
ENSMUSG00000063129,Aldoart2,1,2,2,2,3,0,5,1,1,2,0,0
ENSMUSG00000045440,Insm2,0,0,0,1,0,1,0,0,0,0,0,0
ENSMUSG00000008822,Acyp1,74,60,68,73,97,64,93,71,83,85,66,78
ENSMUSG00000020580,Rock2,3723,3900,3263,3153,3308,4283,2135,3651,3048,3550,3557,3136
ENSMUSG00000045064,Zc2hc1c,0,0,0,0,0,0,0,0,0,0,0,0
ENSMUSG00000113202,Gm48291,0,0,0,0,0,0,0,0,0,0,0,0
ENSMUSG00000064620,Gm22303,2,2,7,5,16,0,12,10,5,4,7,11
ENSMUSG00000034290,Nek9,2785,2848,2401,2445,2404,1075,1879,2402,2576,2421,2237,2200
ENSMUSG00000021277,Traf3,4138,4495,3455,3513,3192,1508,2586,3592,3724,3739,3111,2933
ENSMUSG00000021248,Tmed10,2214,2497,1936,2028,1986,1273,1871,2173,2155,1937,2077,1847
ENSMUSG00000045679,Pqlc3,230,272,205,204,139,105,238,259,192,175,168,149
ENSMUSG00000113072,Gm47820,0,0,1,1,0,0,1,0,0,0,0,0
ENSMUSG00000113752,Gm47817,16,11,15,21,7,10,8,18,12,4,17,22
ENSMUSG00000113488,Gm47819,0,0,0,0,0,0,1,0,0,0,1,0
ENSMUSG00000113940,Gm40477,0,0,0,0,0,0,0,0,0,0,0,0
ENSMUSG00000021278,Amn,8,13,6,7,4,0,6,8,9,5,10,2
ENSMUSG00000097381,A230087F16Rik,3,0,1,0,1,0,0,0,0,1,3,1
ENSMUSG00000071398,2410004P03Rik,3,3,7,1,9,1,5,7,3,10,6,9
ENSMUSG00000113447,Gm48538,0,0,0,0,0,0,0,0,0,0,0,0
ENSMUSG00000051726,Kcnf1,3,1,4,2,0,0,3,1,5,7,3,6
ENSMUSG00000021250,Fos,90,74,117,110,125,53,76,101,65,67,97,46
ENSMUSG00000114163,Gm32296,0,0,0,0,0,0,0,0,0,0,0,0
ENSMUSG00000113368,Gm10054,1,4,0,0,1,0,1,0,1,0,2,3
ENSMUSG00000113165,Gm47863,0,0,0,0,0,0,0,0,0,2,1,0
ENSMUSG00000034271,Jdp2,19,28,21,24,17,15,24,33,33,18,16,11
ENSMUSG00000113249,Gm33312,1,1,0,2,1,6,1,0,0,2,1,0
ENSMUSG00000034266,Batf,1375,1671,1457,1860,1422,742,1603,1616,1372,1184,1042,878
ENSMUSG00000119481,#N/A,0,0,0,0,0,0,0,0,0,0,0,0
ENSMUSG00002075690,#N/A,0,0,0,0,0,0,0,0,0,0,0,0
ENSMUSG00000113464,Gm47901,0,0,0,0,0,0,0,0,0,0,0,0
ENSMUSG00000034258,Flvcr2,2,3,6,5,5,4,2,0,9,3,1,1
ENSMUSG00000020571,Pdia6,6818,7564,5874,6068,6008,3178,5610,5822,6132,5241,5651,5103
ENSMUSG00000021279,Cdc42bpb,158,145,74,71,123,63,73,90,136,102,158,144
ENSMUSG00000021252,Erg28,959,1138,871,909,956,618,1013,987,998,841,1028,1008
ENSMUSG00000087075,Lbhd2,2,2,0,2,10,2,2,1,0,1,4,0
ENSMUSG00000021280,Exoc3l4,2,0,4,0,0,0,0,5,2,0,0,0
ENSMUSG00000097081,Gm10425,0,0,0,0,1,0,0,0,0,1,0,0
ENSMUSG00000020566,Atp6v1c2,0,0,0,0,0,1,1,0,0,0,0,0
ENSMUSG00000021281,Tnfaip2,7,9,2,5,1,2,4,9,14,7,4,6
ENSMUSG00000114024,Gm46336,0,0,0,0,0,0,0,0,0,0,1,0
ENSMUSG00000113029,Gm40578,0,0,0,0,2,3,0,0,0,0,0,0
ENSMUSG00000010529,Gm266,0,0,1,0,0,0,0,0,0,2,0,0
ENSMUSG00000061458,Nol10,3721,4009,3202,3290,3024,2282,2692,3363,3406,3422,3078,2766
ENSMUSG00000093037,Mir3066,1,0,0,0,0,0,0,0,0,0,0,1
ENSMUSG00000113246,Gm36752,5,3,5,1,1,2,0,2,4,2,1,0
ENSMUSG00000011179,Odc1,6738,6994,5971,6045,6738,5254,5667,6226,7100,6333,5733,5715
ENSMUSG00000064427,Gm22748,7,13,12,13,18,26,9,10,9,4,3,11
ENSMUSG00000113093,Gm36862,0,0,0,0,0,1,0,0,1,0,0,0
ENSMUSG00000113131,Gm48290,0,0,0,0,0,0,0,0,0,0,0,0
ENSMUSG00000114062,Gm48313,0,0,0,0,0,0,0,0,0,0,0,0
ENSMUSG00002075280,#N/A,0,0,0,0,0,0,0,0,0,0,0,0
ENSMUSG00000071379,Hpcal1,687,853,641,709,803,362,756,807,848,713,540,522
ENSMUSG00000113294,Gm49326,5,2,3,1,4,0,3,5,5,3,1,4
ENSMUSG00000113612,Gm48315,0,0,0,0,0,0,0,0,0,0,0,0
ENSMUSG00000113642,Gm49329,0,0,0,0,7,0,0,0,0,0,0,0
ENSMUSG00000114025,Gm49331,20,23,18,15,26,34,11,30,20,18,30,20
ENSMUSG00000067356,B430203G13Rik,0,1,3,0,1,9,1,1,0,3,2,0
ENSMUSG00000113536,Gm49327,7,3,6,4,1,0,6,10,4,2,1,0
ENSMUSG00000113556,Gm48317,0,0,0,0,1,0,0,0,0,0,0,0
ENSMUSG00000113234,Gm49330,0,0,0,0,0,0,0,0,0,0,0,0
ENSMUSG00000114040,Gm48319,0,0,0,0,0,0,0,0,0,0,0,0
ENSMUSG00000113197,Gm48318,0,0,0,0,0,0,0,0,0,0,0,0
ENSMUSG00000113416,Gm49328,0,1,0,0,0,1,0,0,0,2,0,1
ENSMUSG00000113048,Gm48347,0,0,0,0,0,0,0,0,0,0,0,0
ENSMUSG00000113199,Gm9229,0,0,0,0,0,0,0,0,0,0,0,0
ENSMUSG00000113155,Gm48354,0,0,0,0,0,0,0,0,0,0,0,0
ENSMUSG00000113360,Gm48355,0,0,0,0,0,0,0,0,0,0,0,0
ENSMUSG00000073198,Bnip3l-ps,1,0,0,1,2,0,2,2,0,0,0,1
ENSMUSG00000113736,Gm40879,0,0,0,0,0,0,0,0,0,0,0,0
ENSMUSG00000113956,Gm19368,0,0,0,0,0,0,0,0,0,0,0,0
ENSMUSG00000112994,Gm46312,1,0,0,1,0,5,1,3,0,0,2,0
ENSMUSG00000113592,Gm7093,0,0,0,0,0,0,0,0,0,0,0,0
ENSMUSG00000113132,Gm9231,0,1,0,0,1,1,2,0,0,1,2,1
ENSMUSG00000113402,Gm40848,0,0,0,0,0,0,0,0,0,0,0,0
ENSMUSG00000113436,Gm48392,0,0,0,0,0,0,0,0,0,0,0,0
ENSMUSG00000073197,5730507C01Rik,0,0,0,0,0,1,0,0,0,0,0,0
ENSMUSG00000113604,Gm19786,0,0,0,0,0,0,0,0,0,0,0,0
ENSMUSG00000113724,Gm48398,3,2,1,2,3,0,6,5,1,3,2,2
ENSMUSG00000113541,Gm48409,0,0,0,0,0,0,0,0,0,0,0,0
ENSMUSG00000116815,Gm49760,26,23,13,20,27,35,18,16,16,20,30,19
ENSMUSG00000113768,Gm9237,1,0,0,0,0,0,1,1,0,0,0,0
ENSMUSG00000113705,Gm48411,0,0,0,0,0,0,0,0,0,0,0,0
ENSMUSG00000113377,Gm48446,0,0,0,0,0,0,0,0,0,0,0,0
ENSMUSG00000113646,Gm46313,0,0,0,0,0,0,0,0,0,0,0,0
ENSMUSG00000113778,Gm40847,0,0,0,0,0,0,0,0,0,0,0,0
ENSMUSG00000112970,Gm49370,0,0,0,0,0,0,0,0,0,0,0,0
ENSMUSG00000113857,Gm46338,0,0,0,0,0,0,0,0,0,0,0,0
ENSMUSG00000116744,Gm49764,0,0,0,0,0,0,0,0,0,0,0,0
ENSMUSG00000113809,Gm48472,0,0,0,0,0,0,0,0,0,0,0,0
ENSMUSG00000113040,Gm9249,0,0,0,0,0,0,0,0,0,0,0,0
ENSMUSG00000113307,Gm48516,0,0,0,0,0,0,0,0,0,0,0,0
ENSMUSG00000114188,Gm40849,0,0,0,0,0,0,0,0,0,0,0,0
ENSMUSG00000021282,Eif5,13008,12961,10566,10271,10146,6577,9114,9652,11477,10556,10807,10453
ENSMUSG00000113992,Gm9158,0,0,0,0,0,0,0,0,0,0,0,0
ENSMUSG00000064493,Snora28,0,0,0,0,0,0,0,0,0,0,0,0
ENSMUSG00000113462,Gm48248,0,0,0,0,0,0,0,0,0,0,0,0
ENSMUSG00000114156,Gm48523,0,0,0,0,0,0,0,0,0,0,0,0
ENSMUSG00000113205,Gm48525,0,0,0,0,0,0,0,0,0,0,0,0
ENSMUSG00000096995,2810029C07Rik,1,6,2,5,1,4,3,6,9,3,3,1
ENSMUSG00000113110,Gm48528,0,0,0,0,0,0,0,0,0,0,0,0
ENSMUSG00000113570,Gm5953,0,3,0,2,2,0,0,1,0,3,0,1
ENSMUSG00000073184,Gm49957,0,0,0,0,0,0,0,1,0,0,0,1
ENSMUSG00000113408,Gm48540,0,0,0,0,0,0,0,0,0,0,0,0
ENSMUSG00000113959,Gm46339,0,1,0,3,2,3,3,2,0,2,0,3
ENSMUSG00000113814,Gm9255,0,0,0,0,0,0,0,0,0,0,0,0
ENSMUSG00000112961,Gm48576,0,0,0,0,0,0,0,0,0,0,0,0
ENSMUSG00000093908,Gm5784,0,0,0,0,0,0,0,0,0,0,0,0
ENSMUSG00000116705,Gm29737,0,0,0,0,0,0,0,0,0,0,0,0
ENSMUSG00000116775,Gm49769,0,0,0,0,0,0,0,0,0,1,0,0
ENSMUSG00000059229,Gm6802,0,0,0,0,0,0,0,0,0,0,0,0
ENSMUSG00000114140,Gm6943,0,0,0,0,0,0,0,0,0,0,0,0
ENSMUSG00000114158,Gm49372,0,0,0,0,0,0,0,0,0,0,0,0
ENSMUSG00000113300,Gm49371,0,0,0,0,0,0,0,0,0,0,1,0
ENSMUSG00000114043,Gm48625,0,0,0,0,0,0,0,0,0,0,0,0
ENSMUSG00000113957,Gm9257,0,0,0,0,0,0,0,0,0,0,0,0
ENSMUSG00000113714,Gm48635,0,0,0,0,0,0,0,0,0,0,0,0
ENSMUSG00000114164,Gm48636,0,0,0,0,0,0,0,0,0,0,0,0
ENSMUSG00000114002,Gm48637,0,0,0,0,0,0,0,0,0,0,0,0
ENSMUSG00000114173,Gm48638,0,0,0,0,0,0,0,0,0,0,0,0
ENSMUSG00000114096,Gm48641,0,0,0,0,0,0,0,0,0,0,0,0
ENSMUSG00000113332,Gm9259,0,0,0,0,0,0,0,0,0,0,0,0
ENSMUSG00000113411,Gm48643,0,0,0,0,0,0,0,0,0,0,0,0
ENSMUSG00000113077,Gm49379,0,0,0,0,0,0,0,0,0,0,0,0
ENSMUSG00002075573,#N/A,0,0,0,0,0,0,0,0,0,0,0,0
ENSMUSG00000113122,Gm48644,0,0,0,0,0,0,0,0,0,0,0,0
ENSMUSG00000095470,Gm21863,0,0,0,0,0,0,0,0,1,0,0,0
ENSMUSG00000112956,Gm48645,0,0,0,0,0,0,0,0,0,0,0,0
ENSMUSG00000113287,Gm40853,0,0,0,0,0,0,0,0,0,0,0,0
ENSMUSG00000114100,Gm48647,0,0,0,0,0,0,0,0,0,0,0,0
ENSMUSG00000113901,Gm49381,0,0,0,0,0,0,0,0,0,0,0,0
ENSMUSG00000113039,Gm9265,0,0,0,0,0,0,0,0,0,0,0,0
ENSMUSG00000113439,Gm49382,0,0,0,0,0,0,0,0,0,0,0,0
ENSMUSG00000116736,Gm49692,0,0,0,0,0,0,0,0,0,0,0,0
ENSMUSG00000113964,Gm48667,0,0,0,0,0,0,0,0,0,0,0,0
ENSMUSG00000113443,Gm48668,0,0,0,0,0,0,0,0,0,0,0,0
ENSMUSG00000114041,Gm9269,0,0,0,0,0,0,0,0,0,0,0,0
ENSMUSG00000116774,Gm49690,0,0,0,0,0,0,0,0,0,0,0,0
ENSMUSG00000116558,Gm49697,0,0,0,0,0,0,0,0,0,0,0,0
ENSMUSG00000116715,Gm40881,0,0,0,0,0,0,0,0,0,0,0,0
ENSMUSG00000112951,Gm49929,0,0,0,0,0,0,0,0,0,0,0,0
ENSMUSG00000113749,Mrto4-ps1,0,0,0,0,0,0,0,1,0,0,1,0
ENSMUSG00000116606,Gm10479,0,1,0,1,2,0,0,0,0,0,1,0
ENSMUSG00000116537,Gm49698,0,0,0,0,0,0,0,0,0,0,0,0
ENSMUSG00000113026,Gm48669,0,0,0,0,0,0,0,0,0,0,0,0
ENSMUSG00000113820,Gm4012,0,0,0,0,0,0,0,0,0,0,0,0
ENSMUSG00000113293,Gm48688,0,0,0,0,0,0,0,0,0,0,0,0
ENSMUSG00000113157,Gm48693,0,0,0,0,0,0,0,0,0,0,0,0
ENSMUSG00000114129,Gm16476,0,0,0,0,0,0,0,0,0,0,0,0
ENSMUSG00000116883,Gm49700,1,0,0,0,3,1,2,1,0,2,2,0
ENSMUSG00000116635,Gm49699,0,0,0,0,1,0,0,0,0,0,0,0
ENSMUSG00000099759,1700030C10Rik,1,6,2,0,4,12,5,2,5,3,4,0
ENSMUSG00000101813,Gm28503,0,0,0,0,0,0,0,0,0,0,0,0
ENSMUSG00000091071,1700030C10Rik,0,1,0,1,5,0,0,1,0,1,1,1
ENSMUSG00000085642,3110053B16Rik,3,5,5,6,3,4,6,1,7,3,4,3
ENSMUSG00000069755,Zfp125,111,122,87,62,85,120,83,96,80,99,111,81
ENSMUSG00000073179,Gm10478,4,2,12,9,6,5,7,2,2,5,4,9
ENSMUSG00000007411,Mark3,2223,2431,1767,1895,1661,1132,1562,1904,2032,1915,1625,1568
ENSMUSG00000113910,Gm48286,2,1,2,0,0,0,0,0,3,0,0,0
ENSMUSG00000021027,Ralgapa1,2094,2397,1853,1700,1963,1390,1164,1790,1898,1951,2002,2018
ENSMUSG00000001270,Ckb,2566,2498,1993,2037,1944,726,2170,1974,2041,1679,1207,1307
ENSMUSG00000112393,Gm48655,7,6,12,5,3,4,3,5,6,4,6,4
ENSMUSG00000046747,Gm9812,16,7,14,12,11,0,10,17,10,20,6,12
ENSMUSG00002076190,#N/A,0,0,0,0,0,0,0,0,0,0,0,0
ENSMUSG00000060950,Trmt61a,1916,2097,1689,1865,1918,635,1585,1567,2119,1847,1667,1758
ENSMUSG00000112991,Gm36635,15,17,9,10,12,5,4,4,3,6,4,7
ENSMUSG00000049792,Bag5,1495,1693,1256,1380,1206,779,1192,1303,1435,1390,1206,1125
ENSMUSG00000012076,Brms1l,281,321,269,251,367,291,289,320,285,291,366,327
ENSMUSG00002076188,#N/A,0,0,0,0,0,0,0,0,0,0,0,0
ENSMUSG00000112315,Gm5183,1,1,1,0,0,0,0,0,1,0,0,0
ENSMUSG00002075487,#N/A,0,0,0,0,0,0,0,0,0,0,0,0
ENSMUSG00000112650,Gm5184,0,1,0,4,0,0,2,1,2,1,1,3
ENSMUSG00000112211,Gm47682,0,0,0,0,0,0,0,0,0,0,0,0
ENSMUSG00000077455,Gm25917,0,0,0,0,0,3,0,0,0,0,0,0
ENSMUSG00000112164,Gm19990,0,0,0,0,0,0,0,0,0,0,0,0
ENSMUSG00002076840,#N/A,0,0,0,0,0,0,0,0,0,0,0,0
ENSMUSG00000037787,Apopt1,726,820,678,678,652,361,658,686,768,706,650,611
ENSMUSG00000090193,Gm15995,0,1,1,1,0,0,0,0,0,0,1,0
ENSMUSG00000090026,Gm15996,0,0,0,0,0,0,0,0,0,1,0,0
ENSMUSG00000021028,Mbip,337,401,324,357,331,239,363,396,331,341,310,268
ENSMUSG00000066491,Cox6c2,0,0,1,0,1,0,0,1,3,2,1,1
ENSMUSG00000112626,Gm18027,0,0,0,0,0,0,0,0,0,0,0,0
ENSMUSG00000112343,Sfta3-ps,0,0,0,0,0,3,0,0,0,0,0,0
ENSMUSG00000112468,Gm47720,0,0,0,0,0,0,0,0,0,0,0,0
ENSMUSG00000001496,Nkx2-1,0,0,0,0,0,5,0,0,0,0,0,0
ENSMUSG00000098172,Gm26973,0,0,0,0,0,0,0,0,0,0,0,0
ENSMUSG00000077177,Gm25760,0,0,0,0,0,0,0,0,0,0,0,0
ENSMUSG00000092515,C87198,0,0,0,0,0,0,0,0,0,0,0,0
ENSMUSG00000104155,Gm38103,0,0,0,0,0,0,0,0,0,0,0,0
ENSMUSG00000058669,Nkx2-9,0,0,0,0,0,2,0,0,0,0,0,0
ENSMUSG00000112618,Gm48835,0,0,0,0,0,0,0,1,0,0,0,0
ENSMUSG00000112886,Gm18339,0,0,0,0,0,0,0,0,0,0,0,0
ENSMUSG00000089894,Gm15524,0,0,0,0,0,0,0,0,0,0,0,0
ENSMUSG00000001497,Pax9,1,0,0,2,1,3,2,0,0,0,1,0
ENSMUSG00000012609,Ttll5,248,266,199,185,255,219,181,255,215,178,260,216
ENSMUSG00000035472,Slc25a21,0,0,0,0,0,0,0,0,0,0,0,0
ENSMUSG00000097902,Gm26531,0,0,0,0,0,0,0,0,0,0,0,0
ENSMUSG00000079104,Prps1l3,1459,1710,1359,1412,1439,830,1064,1445,1533,1478,1459,1327
ENSMUSG00000021253,Tgfb3,16,11,8,11,13,6,13,9,7,11,20,8
ENSMUSG00000103301,Gm37804,1,0,1,0,0,0,1,0,0,0,0,1
ENSMUSG00000114051,Gm48008,0,0,2,0,0,0,0,0,0,0,0,0
ENSMUSG00000052632,Asap2,243,225,208,236,232,178,177,236,216,203,205,179
ENSMUSG00000116627,Gm30124,0,1,0,0,0,1,1,0,0,0,1,0
ENSMUSG00000090370,Gm21989,0,0,0,0,0,0,0,0,0,0,0,0
ENSMUSG00000092229,Gm5977,0,0,0,0,0,0,0,0,0,0,0,0
ENSMUSG00000007867,Ift43,27,34,11,18,10,4,21,14,33,17,24,13
ENSMUSG00000097543,Gm805,0,0,0,0,0,1,0,0,0,0,0,0
ENSMUSG00000062352,Itgb1bp1,604,800,491,544,555,287,545,549,676,570,528,526
ENSMUSG00000047022,Mipol1,34,36,22,37,40,33,33,43,34,30,77,65
ENSMUSG00000092373,Gm20535,1,2,1,1,1,0,0,2,0,2,0,4
ENSMUSG00000078982,Gm11025,0,0,0,0,0,0,0,0,0,0,0,0
ENSMUSG00000086372,Gm16246,0,0,0,0,0,0,0,0,0,0,0,0
ENSMUSG00000084793,Gm2568,0,0,0,0,0,0,0,0,0,0,0,0
ENSMUSG00000103704,Gm37291,0,0,0,0,0,0,0,0,0,0,0,0
ENSMUSG00000021288,Klc1,2088,2254,1949,1966,1916,1026,1551,1994,2036,1803,1916,1889
ENSMUSG00000035451,Foxa1,1,1,0,0,0,3,2,0,0,0,0,0
ENSMUSG00000046782,Ttc6,0,0,0,0,0,0,0,0,0,0,0,0
ENSMUSG00000085851,4921518K17Rik,0,0,0,0,0,0,0,0,0,0,0,0
ENSMUSG00000066489,Rpl26-ps2,0,0,0,0,0,0,0,0,0,0,0,0
ENSMUSG00000112911,BC042761,0,0,0,0,0,0,0,0,0,0,0,0
ENSMUSG00000111886,Gm47617,1,0,0,0,0,0,0,0,0,0,0,0
ENSMUSG00000112704,Gm46329,0,0,0,0,0,0,0,0,0,0,0,0
ENSMUSG00000021254,Gpatch2l,454,408,362,330,344,158,246,348,384,351,307,306
ENSMUSG00000097488,4732487G21Rik,0,1,0,0,0,1,0,0,0,0,0,0
ENSMUSG00000113230,Gm48101,0,0,0,0,0,0,0,0,0,0,0,0
ENSMUSG00000035431,Sstr1,0,0,0,0,0,0,0,0,0,0,0,0
ENSMUSG00000045930,Clec14a,0,0,0,1,0,0,0,0,0,0,0,0
ENSMUSG00000112487,Gm18873,0,2,0,1,0,0,0,0,0,0,0,0
ENSMUSG00000021287,Xrcc3,114,99,109,106,150,64,104,141,91,97,130,96
ENSMUSG00000112785,Gm47645,0,0,0,0,0,0,0,0,0,0,0,0
ENSMUSG00000112531,Gm2649,0,0,0,0,1,0,0,0,0,0,0,0
ENSMUSG00000112649,Gm47647,0,0,0,0,0,0,0,0,0,0,0,0
ENSMUSG00000097443,Gm17529,0,0,0,0,0,1,0,0,0,0,0,0
ENSMUSG00000054309,Cpsf3,1798,1855,1465,1561,1728,1180,1480,1654,1832,1513,1784,1669
ENSMUSG00000070166,Gm25821,2,2,1,0,0,0,1,3,1,3,0,1
ENSMUSG00000020986,Sec23a,593,652,512,551,516,344,475,568,495,466,545,471
ENSMUSG00000062054,Iah1,174,229,200,184,199,65,195,176,184,162,157,150
ENSMUSG00000060121,Gemin2,242,305,232,208,284,179,303,267,288,241,334,306
ENSMUSG00000065232,Gm22973,0,0,0,0,0,0,0,0,0,0,0,0
ENSMUSG00000021255,Esrrb,0,0,1,0,0,0,0,1,0,0,0,0
ENSMUSG00000113369,Gm8504,0,0,0,0,0,0,0,0,0,0,1,0
ENSMUSG00002076092,#N/A,0,0,0,0,0,0,0,0,0,0,0,0
ENSMUSG00000075832,Gm22004,0,0,0,0,0,0,0,0,0,0,0,0
ENSMUSG00000021286,Zfyve21,112,121,89,91,93,37,102,77,96,99,69,81
ENSMUSG00000021256,Vash1,79,71,82,57,42,18,49,65,42,50,41,35
ENSMUSG00000020993,Trappc6b,650,660,487,541,532,503,534,579,610,576,522,532
ENSMUSG00000021257,Angel1,295,322,224,280,249,83,201,245,256,244,243,228
ENSMUSG00000091942,Gm17138,0,0,0,0,0,0,0,0,0,0,1,0
ENSMUSG00000021285,Ppp1r13b,357,356,259,286,258,144,249,319,380,347,333,305
ENSMUSG00000020994,Pnn,4212,4594,4007,4088,4454,6108,3689,4567,3966,3827,5332,4279
ENSMUSG00000113357,Gm19195,0,0,0,0,0,0,0,0,0,0,0,2
ENSMUSG00000113926,Gm3565,1,0,0,0,0,0,0,0,1,0,0,0
ENSMUSG00000066487,Gm5786,19,23,14,22,17,3,20,13,16,15,17,18
ENSMUSG00000060566,Rpl21-ps3,3,3,1,0,0,1,0,1,1,3,0,0
ENSMUSG00000113769,5033406O09Rik,3,1,1,4,2,2,1,4,2,6,2,5
ENSMUSG00000059114,Lrrc74a,0,0,0,0,0,0,0,0,0,0,0,0
ENSMUSG00000113088,Gm36757,0,0,1,0,1,0,0,0,0,0,0,0
ENSMUSG00002075409,#N/A,0,0,0,0,0,0,0,0,0,0,0,0
ENSMUSG00000113555,Gm10095,0,0,1,0,0,0,1,1,2,2,1,1
ENSMUSG00000034168,Irf2bpl,774,749,573,560,514,186,478,536,593,564,607,626
ENSMUSG00000021290,Atp5mpl,1046,1346,1078,1097,1402,496,1311,1058,1172,1032,1007,977
ENSMUSG00000034157,Cipc,531,545,470,492,506,289,380,505,536,464,495,475
ENSMUSG00000048483,Zdhhc22,0,0,0,0,1,0,0,0,0,0,0,0
ENSMUSG00000054003,Tdrd9,0,0,0,0,0,1,0,1,0,0,0,0
ENSMUSG00000091402,Rd3l,0,0,0,0,0,0,0,0,0,0,1,0
ENSMUSG00000037686,Aspg,0,0,0,0,0,0,0,0,0,0,0,0
ENSMUSG00000093090,Mir3073a,0,0,0,0,0,0,0,0,0,0,0,0
ENSMUSG00000106228,Mir3073b,0,0,0,0,0,0,0,0,0,0,0,0
ENSMUSG00000065574,Mir203,0,0,0,0,0,0,0,0,0,0,0,0
ENSMUSG00000052593,Adam17,2299,2485,1953,1948,1762,1286,1454,1749,2030,1886,1662,1528
ENSMUSG00000034145,Tmem63c,0,0,0,2,1,1,1,2,2,0,0,0
ENSMUSG00002075870,#N/A,0,0,0,0,0,0,0,0,0,0,0,0
ENSMUSG00000088997,Gm22766,0,0,1,0,0,0,0,0,0,1,0,0
ENSMUSG00000021294,Kif26a,0,0,0,0,0,0,0,1,0,0,0,1
ENSMUSG00000116819,Gm49586,0,1,1,2,1,0,0,0,0,2,0,0
ENSMUSG00000080868,Gm15745,0,0,0,0,0,0,0,0,0,0,0,0
ENSMUSG00000112966,Gm18499,0,0,0,0,0,0,0,0,0,0,0,0
ENSMUSG00000113282,Gm20368,0,0,0,0,0,0,0,0,0,0,0,0
ENSMUSG00000021032,Ngb,5,3,4,2,0,1,1,1,2,0,0,0
ENSMUSG00000076432,Ywhaq,632,669,624,573,687,565,729,642,639,533,581,543
ENSMUSG00000097055,Gm4419,11,10,7,6,10,12,6,10,4,8,7,8
ENSMUSG00000109975,Gm19196,3,2,1,3,2,4,4,4,1,4,2,1
ENSMUSG00000113498,Gm4036,0,0,0,0,0,0,0,0,0,0,0,0
ENSMUSG00000091105,Mrto4-ps2,0,0,0,0,1,0,1,0,0,0,0,0
ENSMUSG00002076610,#N/A,0,0,0,0,0,0,0,0,0,0,0,0
ENSMUSG00000093846,Gm4425,0,0,0,0,0,0,0,0,0,0,0,0
ENSMUSG00000113638,Gm9289,0,0,0,0,0,0,0,0,0,0,0,0
ENSMUSG00000092597,Gm20486,0,0,0,0,0,0,0,0,0,0,0,0
ENSMUSG00000095344,Gm6838,0,0,0,0,0,0,0,0,0,0,0,0
ENSMUSG00000113659,Gm49248,0,0,0,0,0,0,0,0,0,0,0,0
ENSMUSG00000113344,Gm49251,0,0,0,0,0,0,0,0,0,0,0,0
ENSMUSG00000114006,Gm47997,0,0,0,0,0,0,0,0,0,0,0,0
ENSMUSG00000113356,Gm48012,0,0,0,0,0,0,0,0,0,0,0,0
ENSMUSG00000113242,Gm48016,0,0,0,0,0,0,0,0,0,0,0,0
ENSMUSG00000034126,Pomt2,479,552,357,433,467,192,385,434,532,435,453,450
ENSMUSG00000113506,Gm49377,0,0,0,0,0,0,0,0,0,0,0,0
ENSMUSG00000113123,Gm40864,0,0,0,0,0,0,0,0,0,0,0,0
ENSMUSG00000113915,Gm48019,0,0,0,0,0,0,0,0,0,0,0,0
ENSMUSG00000113958,Gm48020,0,0,0,0,0,0,0,0,0,0,0,0
ENSMUSG00000095261,Gm17391,0,0,0,0,0,0,0,0,0,0,0,0
ENSMUSG00000112993,Gm48030,0,0,0,0,0,0,0,0,0,0,0,0
ENSMUSG00000114107,Gm48031,0,0,0,0,0,0,0,0,0,0,0,0
ENSMUSG00000113296,Gm48032,0,0,0,0,0,0,0,0,0,0,0,0
ENSMUSG00000114008,Gm48033,0,0,0,0,0,0,0,0,0,0,0,0
ENSMUSG00000113413,Gm21941,0,0,0,0,0,0,1,0,0,0,1,0
ENSMUSG00000113569,Gm48035,0,0,0,0,0,0,0,0,0,0,0,0
ENSMUSG00000113574,Gm48037,0,0,0,0,0,0,0,0,0,0,0,0
ENSMUSG00000114139,Gm20336,0,0,0,0,0,0,0,0,0,0,0,0
ENSMUSG00000114119,Gm48039,0,0,0,0,0,0,0,0,0,0,0,0
ENSMUSG00000113060,Gm48041,0,0,0,0,0,0,0,0,0,0,0,0
ENSMUSG00000113876,Gm48042,0,0,0,0,0,0,0,0,0,0,0,0
ENSMUSG00000113797,Gm48043,0,0,0,0,0,0,0,0,0,0,0,0
ENSMUSG00000113670,Gm49686,0,0,0,0,0,0,0,0,0,0,0,0
ENSMUSG00000073164,2410018L13Rik,0,0,0,0,1,0,1,0,0,0,1,0
ENSMUSG00000113289,Gm48044,0,0,0,0,0,0,0,0,0,0,0,0
ENSMUSG00000113552,Gm48046,0,0,0,0,0,0,0,0,0,0,0,0
ENSMUSG00000112996,Gm48064,0,0,0,0,0,0,0,0,0,0,0,0
ENSMUSG00000113751,Gm9293,0,0,0,0,0,0,0,0,0,0,0,0
ENSMUSG00000113174,Gm9292,0,0,0,0,0,0,0,0,0,0,0,0
ENSMUSG00000113085,Gm47383,0,0,0,0,0,0,0,0,0,0,0,0
ENSMUSG00000113579,Gm47384,0,0,0,0,0,0,0,0,0,0,0,0
ENSMUSG00000113798,Gm47385,0,0,0,0,0,0,0,0,0,0,0,0
ENSMUSG00000113762,Gm47386,0,0,0,0,0,0,0,0,0,0,0,0
ENSMUSG00002076987,#N/A,0,0,0,0,0,0,0,0,0,0,0,0
ENSMUSG00000092465,Gm20472,0,0,0,0,0,0,0,0,0,0,0,0
ENSMUSG00000092472,Gm20473,0,0,0,0,0,0,0,0,0,0,0,0
ENSMUSG00000096701,Gm9285,0,0,0,0,0,0,0,0,0,0,0,0
ENSMUSG00000113532,Gm47393,0,0,0,0,0,0,0,0,0,0,0,0
ENSMUSG00000113824,Gm47420,0,0,0,0,0,0,0,0,0,0,0,0
ENSMUSG00000113451,Gm47421,0,0,0,0,0,0,0,0,0,0,0,0
ENSMUSG00000096618,Gm9286,0,0,0,0,0,0,0,0,0,0,0,0
ENSMUSG00000113487,Gm47422,0,0,0,0,0,0,0,0,0,0,0,0
ENSMUSG00000021033,Gstz1,182,158,131,127,186,117,133,161,198,137,202,177
ENSMUSG00000113918,Gm6566,4,5,3,6,2,0,2,6,1,2,0,1
ENSMUSG00000095564,Gm20474,0,0,0,0,0,0,0,0,0,0,0,0
ENSMUSG00000112997,Gm49386,0,0,0,0,0,0,0,0,0,0,0,0
ENSMUSG00000113719,Gm9305,0,0,0,0,0,0,0,0,0,0,0,0
ENSMUSG00000114144,Gm9309,0,0,0,0,0,0,0,0,0,0,0,0
ENSMUSG00000034111,Tmed8,640,640,527,493,521,274,379,469,583,511,547,621
ENSMUSG00000071362,Gm10330,0,0,0,0,0,0,0,0,0,0,0,0
ENSMUSG00000113691,Gm38699,0,0,0,0,0,0,0,0,0,0,0,0
ENSMUSG00000113407,Gm47437,0,0,0,0,0,0,0,0,0,0,0,0
ENSMUSG00000113160,Gm47440,0,0,0,0,0,0,0,0,0,0,0,0
ENSMUSG00000113873,Gm46342,0,0,0,0,0,0,0,0,0,0,0,0
ENSMUSG00000090812,Samd15,15,18,18,8,20,16,9,13,21,15,8,11
ENSMUSG00000113606,Gm47441,0,0,0,0,0,0,1,0,0,0,0,0
ENSMUSG00000114151,Gm47442,0,0,0,0,0,0,0,0,0,0,0,0
ENSMUSG00000112958,Gm47443,0,0,0,0,0,0,0,0,0,0,0,0
ENSMUSG00000114022,Gm17330,0,0,0,0,0,0,0,0,0,0,0,0
ENSMUSG00000113607,Gm47444,0,0,0,0,0,0,0,0,0,0,0,0
ENSMUSG00000112987,Gm5954,0,0,0,0,0,0,0,0,0,0,0,1
ENSMUSG00000073158,9030624G23Rik,0,0,0,0,0,0,0,0,0,1,0,0
ENSMUSG00000113632,Gm47446,0,0,0,0,0,0,0,0,0,0,0,0
ENSMUSG00000112975,Gm21297,1,0,0,0,1,0,0,3,0,0,0,0
ENSMUSG00000114120,Gm4120,0,0,0,0,0,0,0,0,0,0,0,0
ENSMUSG00000072919,Noxred1,10,8,9,6,11,9,7,20,5,6,11,8
ENSMUSG00000113417,Gm47478,0,0,0,0,0,0,0,0,0,0,0,0
ENSMUSG00000113403,Gm9315,2,1,0,0,0,1,0,0,0,0,0,0
ENSMUSG00000057160,Gm16372,1,1,3,0,1,0,1,0,1,1,2,1
ENSMUSG00000059669,Taf1b,471,563,451,434,495,309,400,411,471,460,476,445
ENSMUSG00000113692,Gm47482,0,0,0,0,0,0,0,0,0,0,0,0
ENSMUSG00000020656,Grhl1,652,658,652,654,497,436,460,592,679,597,433,349
ENSMUSG00000066553,Gm6969,3,5,2,6,1,0,2,3,7,1,2,3
ENSMUSG00000020653,Klf11,151,143,141,125,73,37,105,126,96,86,69,70
ENSMUSG00000021038,Vipas39,766,788,619,659,627,309,579,644,705,645,625,586
ENSMUSG00000021037,Ahsa1,4049,3891,3505,3569,3963,2686,3703,3748,4109,3482,4263,4116
ENSMUSG00002075882,#N/A,0,0,0,0,0,0,0,0,0,0,0,0
ENSMUSG00000062563,Cys1,0,0,0,0,0,7,0,0,0,0,0,0
ENSMUSG00000050671,Ism2,0,0,0,0,0,0,0,0,0,0,0,0
ENSMUSG00000020649,Rrm2,1583,1690,1705,1572,2659,1340,2175,2139,1383,1197,1898,1673
ENSMUSG00000113062,Gm48895,0,0,0,0,0,0,0,0,0,0,0,0
ENSMUSG00000114076,Gm48896,0,0,0,0,0,0,0,0,0,0,0,0
ENSMUSG00000113018,Gm9318,1,0,0,2,0,0,0,0,0,1,0,1
ENSMUSG00000089203,Gm26211,0,0,0,0,0,0,0,0,0,0,0,0
ENSMUSG00000114084,Gm48897,0,1,0,0,0,0,0,0,0,0,0,0
ENSMUSG00000113621,2900060N12Rik,0,0,0,0,0,2,1,0,0,0,1,0
ENSMUSG00000021036,Sptlc2,1218,1416,1057,1012,913,628,935,1125,1064,1007,853,811
ENSMUSG00000113648,Gm48806,0,0,0,0,0,0,0,0,0,0,0,0
ENSMUSG00000113767,Gm48873,0,1,1,0,1,0,0,0,0,1,0,0
ENSMUSG00000114103,Gm8557,1,1,2,2,0,2,1,0,1,1,1,1
ENSMUSG00000079036,Alkbh1,1899,2062,1800,1739,1506,1013,1503,1756,1829,1774,1540,1566
ENSMUSG00000105428,Mir3068,0,0,0,0,0,0,0,0,0,0,0,0
ENSMUSG00002076596,#N/A,0,0,0,0,0,2,0,0,1,0,1,0
ENSMUSG00000100306,Gm29362,0,0,0,0,0,0,0,0,0,0,0,0
ENSMUSG00000021040,Slirp,469,585,499,515,670,387,603,452,577,443,563,540
ENSMUSG00000020646,Mboat2,18,12,18,18,11,13,15,15,10,21,9,17
ENSMUSG00000113774,Gm36236,0,0,0,0,0,0,0,0,0,0,0,0
ENSMUSG00000021039,Snw1,3044,3362,2711,2906,2929,2375,2777,3051,3159,2749,2834,2510
ENSMUSG00000112943,Gm18983,0,0,0,0,0,0,0,0,0,0,0,0
ENSMUSG00000113372,Gm18624,0,0,0,0,0,0,0,0,0,0,0,0
ENSMUSG00000113805,Gm5788,0,0,0,0,0,0,0,0,0,0,0,0
ENSMUSG00000113323,Gm18625,0,0,0,0,0,0,0,0,0,0,0,0
ENSMUSG00000113614,Gm49362,0,0,0,0,0,0,0,0,0,0,0,0
ENSMUSG00000079034,Gm8300,0,0,0,0,0,0,0,0,0,0,0,0
ENSMUSG00000114187,Gm18626,0,0,0,0,0,0,0,0,0,0,0,0
ENSMUSG00000113474,Gm48110,0,0,0,0,0,0,0,0,0,0,0,0
ENSMUSG00000021000,Mia2,4265,4512,3686,3693,3327,2720,3210,3865,4123,3857,3559,3416
ENSMUSG00000113803,Gm18615,0,0,0,0,0,0,0,0,0,0,0,0
ENSMUSG00000096576,Oog1,0,0,0,0,0,0,0,0,0,0,0,0
ENSMUSG00000077505,Gm24233,0,1,4,1,5,2,1,5,0,0,1,2
ENSMUSG00000092019,Gm4027,0,0,0,0,0,0,0,0,0,0,0,0
ENSMUSG00000114059,Gm48153,0,0,0,0,0,0,0,0,0,0,0,0
ENSMUSG00000113206,Gm3742,0,0,0,0,0,0,0,0,0,0,0,0
ENSMUSG00000113489,Gm16381,0,0,0,0,0,0,0,0,0,0,0,0
ENSMUSG00000113912,Gm21937,0,0,0,0,0,0,0,0,0,0,0,0
ENSMUSG00000118500,AC211878.1,0,0,0,0,0,0,0,0,0,0,0,0
ENSMUSG00000114074,Gm48150,0,0,0,0,0,0,0,0,0,0,0,0
ENSMUSG00000035329,Fbxo33,853,890,789,760,704,442,649,808,869,793,728,732
ENSMUSG00000113280,Gm21559,0,0,0,1,0,0,0,0,0,0,0,0
ENSMUSG00002075460,#N/A,0,0,0,0,0,0,0,0,0,0,0,0
ENSMUSG00000112385,Gm48258,0,0,0,0,0,0,0,0,0,0,0,0
ENSMUSG00000113129,Gm21569,0,0,0,0,0,0,0,0,0,0,0,0
ENSMUSG00000098229,Gm7719,2,2,0,1,2,0,1,1,2,0,0,0
ENSMUSG00000112583,Gm4930,0,0,0,0,0,0,0,0,0,0,0,0
ENSMUSG00000095724,Gm21319,0,0,0,0,0,1,0,0,1,0,0,0
ENSMUSG00000112867,Gm48263,0,0,0,0,0,0,0,0,0,0,0,0
ENSMUSG00000112949,Gm21939,0,0,0,0,0,0,0,0,0,0,1,0
ENSMUSG00000112671,Gm18242,0,0,0,0,0,0,0,0,0,0,0,0
ENSMUSG00000114101,Gm48152,0,0,0,0,0,1,0,0,0,0,0,0
ENSMUSG00000111978,Gm48268,1,2,0,2,2,0,0,2,0,0,2,0
ENSMUSG00000113201,Gm21936,0,0,0,0,0,0,0,0,0,0,0,0
ENSMUSG00000113815,Gm48149,0,0,0,0,0,0,0,0,0,0,0,0
ENSMUSG00000112851,Gm7727,1,2,1,2,0,1,4,0,0,1,1,1
ENSMUSG00000113127,Gm48154,0,0,0,0,0,0,0,0,0,0,0,0
ENSMUSG00000077586,Gm24377,0,0,0,0,0,0,0,0,0,0,0,0
ENSMUSG00000077603,Gm22673,0,0,0,0,0,0,0,0,0,0,0,0
ENSMUSG00000112355,Gm48285,0,0,0,0,1,0,0,0,0,0,0,0
ENSMUSG00000079031,BB287469,0,0,0,0,0,0,0,0,0,0,0,0
ENSMUSG00000113991,Gm48151,0,0,0,0,0,0,0,0,0,0,0,0
ENSMUSG00000112050,Gm29809,0,0,0,0,0,0,0,0,0,0,0,0
ENSMUSG00000112455,Gm48289,0,0,0,0,0,0,0,0,0,0,0,0
ENSMUSG00000113685,Gm21038,0,0,0,0,0,0,0,0,0,0,0,0
ENSMUSG00000112092,Gm32936,0,0,0,0,0,0,0,0,0,0,0,0
ENSMUSG00000113951,Gm2001,0,0,0,0,0,0,0,0,0,0,0,0
ENSMUSG00000112687,Gm18871,0,0,0,0,0,0,0,0,0,0,0,0
ENSMUSG00000113011,Gm1995,0,0,1,2,0,0,2,0,0,1,0,0
ENSMUSG00000112840,Gm20049,0,0,0,0,0,0,0,0,0,0,0,0
ENSMUSG00000113549,Gm7739,0,0,0,0,0,0,0,0,0,0,0,0
ENSMUSG00000113286,Gm18627,0,0,0,0,0,0,0,0,0,0,0,0
ENSMUSG00000113678,Gm6068,2,1,1,0,1,0,0,1,1,1,0,0
ENSMUSG00000119332,#N/A,0,0,0,0,0,0,0,0,0,0,0,0
ENSMUSG00000072905,Gm2016,0,0,0,0,0,0,0,0,0,0,0,0
ENSMUSG00000102199,Gm38172,0,0,0,0,0,0,0,0,0,0,0,0
ENSMUSG00000113025,Gm49363,0,0,0,0,0,0,0,0,0,0,0,0
ENSMUSG00000114112,Gm48301,0,0,0,0,0,0,0,0,0,0,0,0
ENSMUSG00000113971,Gm2022,0,0,0,0,0,0,0,0,0,0,0,0
ENSMUSG00000113518,Gm48304,0,0,0,0,0,0,0,0,0,0,0,0
ENSMUSG00000114039,Gm48305,0,0,0,1,0,0,0,0,0,0,0,0
ENSMUSG00000113452,Gm18616,0,0,0,0,0,0,0,0,0,0,0,0
ENSMUSG00000096619,Gm2035,0,0,0,0,0,0,0,0,0,0,0,0
ENSMUSG00000098029,Gm7745,4,3,3,5,4,2,6,3,5,1,3,0
ENSMUSG00000113748,Gm18628,0,0,0,0,0,0,0,0,0,0,0,0
ENSMUSG00000100476,Nanog-ps2,0,0,0,0,0,0,0,0,0,0,0,0
ENSMUSG00000113429,Gm20063,0,0,0,0,0,0,0,0,0,0,0,0
ENSMUSG00000035653,Lrfn5,0,0,0,0,0,3,0,0,0,0,1,0
ENSMUSG00000113456,Gm30738,2,0,0,0,1,0,2,0,3,1,0,2
ENSMUSG00000113588,Gm48328,0,0,0,0,0,2,0,0,0,0,0,0
ENSMUSG00002076648,#N/A,0,0,0,0,0,0,0,0,0,0,0,0
ENSMUSG00000113043,Gm7753,0,0,0,0,0,0,0,0,0,0,0,0
ENSMUSG00000088468,Gm24750,0,0,0,0,0,0,0,0,0,0,0,0
ENSMUSG00000113725,Gm48358,0,0,0,1,0,0,0,0,0,0,0,0
ENSMUSG00000113144,Gm2754,0,0,0,0,0,2,0,0,0,0,0,0
ENSMUSG00000113171,Gm48359,0,0,0,0,0,0,0,0,0,0,0,0
ENSMUSG00000113111,Gm7754,0,0,0,0,0,1,0,0,0,0,0,0
ENSMUSG00000113395,Gm48365,0,0,0,0,0,0,0,0,0,0,0,0
ENSMUSG00000113071,Gm6353,0,2,0,0,0,1,0,0,0,0,0,0
ENSMUSG00000113523,Gm48366,0,0,0,0,0,0,0,0,0,0,0,0
ENSMUSG00000113153,Gm48367,0,0,0,0,0,0,0,0,0,0,0,0
ENSMUSG00000113890,Gm48368,0,0,0,0,0,0,0,0,0,0,0,0
ENSMUSG00002075894,#N/A,0,0,0,0,0,0,0,0,0,0,0,0
ENSMUSG00000091396,Spanxn4,0,0,0,0,0,0,0,0,0,0,0,0
ENSMUSG00000114044,Gm19134,0,0,0,0,0,1,0,0,0,0,0,0
ENSMUSG00000114078,Tspyl-ps,0,0,0,0,0,0,0,0,0,0,0,0
ENSMUSG00000113590,Gm48378,0,0,0,0,0,0,0,0,0,0,0,0
ENSMUSG00000036333,Kidins220,2378,2474,1816,1740,1302,941,1163,1755,1789,1773,1530,1456
ENSMUSG00000098200,Gm7763,9,10,12,10,9,4,11,31,11,5,12,8
ENSMUSG00000058933,Gm5185,0,0,0,0,0,1,0,0,0,0,0,0
ENSMUSG00000113393,Gm48415,0,0,0,0,0,0,0,0,0,0,0,0
ENSMUSG00000114123,Gm48416,0,0,0,0,0,0,0,0,0,0,0,0
ENSMUSG00000112972,Gm48417,0,0,0,0,0,0,0,0,0,0,0,0
ENSMUSG00000096276,Gm2042,0,0,0,0,0,0,0,0,0,0,0,0
ENSMUSG00000114148,Gm47701,3,2,0,1,1,9,1,0,0,0,1,1
ENSMUSG00000118736,#N/A,0,0,0,0,0,0,0,0,0,0,0,0
ENSMUSG00000113684,Gm48418,0,1,0,0,0,0,0,0,0,0,0,0
ENSMUSG00000113103,Gm48389,0,0,0,0,0,0,0,0,0,0,0,0
ENSMUSG00000113602,Gm5653,0,0,0,0,0,2,0,0,0,0,0,0
ENSMUSG00000113208,Gm48421,0,0,0,0,0,0,0,0,0,0,0,0
ENSMUSG00000113481,Gm48388,0,0,0,0,0,0,0,0,0,0,0,0
ENSMUSG00000113152,Gm48422,0,0,0,0,0,0,0,0,0,0,0,0
ENSMUSG00000113854,Gm2099,0,0,0,0,0,0,0,0,0,0,0,0
ENSMUSG00000020644,Id2,4346,4759,3628,3889,1762,1040,3029,3111,3343,3152,1617,1569
ENSMUSG00000043060,Fscb,0,0,0,0,0,0,0,0,0,0,0,0
ENSMUSG00000113533,Gm46992,0,0,0,0,0,0,0,0,0,0,0,0
ENSMUSG00000112937,Gm17746,1,0,0,0,0,0,0,0,0,0,0,0
ENSMUSG00000077703,Gm24066,0,0,0,0,0,0,0,0,0,0,0,0
ENSMUSG00000096049,Gm2075,0,0,0,0,0,0,0,0,0,0,0,0
ENSMUSG00000113587,Gm36287,8,6,1,5,0,5,4,1,4,3,3,0
ENSMUSG00000091905,Gm6395,0,0,0,0,0,0,0,0,0,0,0,0
ENSMUSG00000096803,Gm6803,0,0,0,0,0,0,0,0,0,0,0,0
ENSMUSG00000114029,Gm4806,0,0,0,0,0,0,0,0,0,0,0,0
ENSMUSG00000113075,Rpl7a-ps1,2,4,0,2,1,1,1,2,0,1,3,1
ENSMUSG00000114033,Gm47705,0,1,0,4,0,0,0,0,0,0,1,0
ENSMUSG00000095717,Gm2056,0,0,0,0,0,0,0,0,0,0,0,0
ENSMUSG00000113745,Gm19340,1,0,0,0,0,0,0,0,0,0,0,0
ENSMUSG00000114109,Gm18629,0,0,0,0,0,0,0,0,0,0,0,0
ENSMUSG00000114105,Gm47713,0,0,0,0,0,0,0,0,0,0,0,0
ENSMUSG00000113658,Gm46993,0,0,0,0,0,0,0,0,0,0,0,0
ENSMUSG00000113401,Gm18247,0,0,0,0,0,1,0,0,0,0,0,0
ENSMUSG00000113180,Gm46998,0,0,0,0,0,0,0,0,0,0,0,0
ENSMUSG00000113089,Gm46997,0,0,0,0,0,0,0,0,0,0,0,0
ENSMUSG00000113838,Gm46994,0,0,0,0,0,0,0,0,0,0,0,0
ENSMUSG00000113669,Gm36723,4,5,10,13,7,5,5,10,7,6,1,10
ENSMUSG00002074929,#N/A,0,0,0,0,0,0,0,0,0,0,0,0
ENSMUSG00000113720,Gm46995,0,0,0,0,0,0,0,0,0,0,0,0
ENSMUSG00000114111,Gm9321,0,0,0,0,0,0,0,0,0,1,0,0
ENSMUSG00000113827,Gm47733,0,0,0,0,0,0,0,0,0,0,0,0
ENSMUSG00000113938,Gm46996,0,0,0,0,0,0,0,0,0,0,0,0
ENSMUSG00000113419,Gm5789,1,6,5,1,5,6,0,0,1,3,2,3
ENSMUSG00000047227,Gm527,25,19,20,17,11,11,14,21,12,23,14,15
ENSMUSG00000113550,Gm29687,0,0,0,0,0,0,0,0,0,0,0,0
ENSMUSG00000113783,Gm18617,0,0,0,0,0,0,0,0,0,0,0,0
ENSMUSG00000113611,Gm47750,1,0,2,2,0,0,1,0,0,1,1,0
ENSMUSG00000113115,4930480M12Rik,0,0,0,0,0,0,0,0,0,0,0,0
ENSMUSG00000114075,Gm16368,2,0,0,0,0,0,0,0,0,0,0,0
ENSMUSG00000113813,Gm29968,0,0,0,0,0,1,0,0,0,0,0,0
ENSMUSG00000106721,Gm5442,0,0,0,0,0,0,0,0,0,0,0,0
ENSMUSG00000071207,Gm8587,0,0,0,0,0,0,0,0,0,0,0,0
ENSMUSG00000114108,Gm48459,0,0,0,0,0,0,0,0,0,0,0,0
ENSMUSG00000113677,Gm48487,0,0,0,0,0,0,0,0,0,0,0,0
ENSMUSG00000113374,Gm33654,0,0,0,0,0,0,0,0,0,0,0,0
ENSMUSG00000113187,Gm5955,0,0,0,0,0,0,0,0,0,0,0,0
ENSMUSG00000113400,Gm8605,0,0,0,0,0,0,0,0,0,0,0,0
ENSMUSG00000113083,Gm48513,0,0,0,0,0,0,0,0,0,0,0,0
ENSMUSG00000113348,Gm8607,0,0,0,0,0,0,0,0,0,0,0,0
ENSMUSG00000114060,Gm18630,0,0,0,0,0,0,0,0,0,0,0,0
ENSMUSG00000020948,Klhl28,376,412,371,360,374,376,271,413,330,432,487,441
ENSMUSG00000020642,Rnf144a,3,7,10,8,15,6,3,2,10,4,5,6
ENSMUSG00000114048,4930549C15Rik,0,0,1,0,0,0,0,0,0,0,0,0
ENSMUSG00000098771,Mir6538,0,0,0,0,0,0,0,0,0,0,0,0
ENSMUSG00000113033,Gm47799,0,0,0,0,0,0,0,0,0,0,0,0
ENSMUSG00000066027,Gm10436,0,0,0,0,0,0,0,0,0,0,0,0
ENSMUSG00000114191,Gm18631,0,0,0,0,0,0,0,0,0,0,0,0
ENSMUSG00000113793,Gm48553,0,0,1,0,0,0,0,1,0,0,0,0
ENSMUSG00000113564,Gm48560,0,0,0,0,0,0,0,0,0,0,0,0
ENSMUSG00000095799,Gm8332,0,0,0,0,0,0,0,0,0,0,0,0
ENSMUSG00000113801,Gm18618,0,0,0,0,0,0,0,0,0,0,0,0
ENSMUSG00000114145,Gm48561,0,0,0,0,0,0,0,0,0,0,0,0
ENSMUSG00000079029,Gm5662,0,0,0,0,0,0,0,0,0,0,0,0
ENSMUSG00000113133,Gm21039,0,0,0,0,0,0,0,0,0,0,0,0
ENSMUSG00000094635,Gm7104,0,0,0,0,0,0,0,0,0,0,0,0
ENSMUSG00000112979,Gm8634,0,0,0,0,0,0,0,0,0,0,0,0
ENSMUSG00000114020,Gm48564,0,0,0,0,0,0,0,2,0,0,0,0
ENSMUSG00000113829,Gm18619,0,0,0,0,0,0,0,0,0,0,0,0
ENSMUSG00000093847,Gm5039,0,0,0,0,0,0,0,0,0,0,0,0
ENSMUSG00000113583,Gm10264,0,0,0,0,0,0,0,0,0,0,0,0
ENSMUSG00000113942,Gm18632,0,0,0,0,0,0,0,0,0,0,0,0
ENSMUSG00000113617,Gm8655,0,1,1,0,0,0,1,0,0,2,0,0
ENSMUSG00000113376,Gm48572,0,0,0,0,0,0,0,0,0,0,0,0
ENSMUSG00000113490,Gm18620,0,0,0,0,0,0,0,0,0,0,0,0
ENSMUSG00000118658,#N/A,0,0,0,0,0,0,0,0,0,0,0,0
ENSMUSG00000113826,Gm48577,0,0,0,0,0,0,0,0,0,0,0,0
ENSMUSG00000113861,Gm6190,0,2,0,2,2,0,0,0,2,1,1,1
ENSMUSG00000113903,Gm5655,0,1,0,0,1,0,1,1,0,0,1,0
ENSMUSG00000020641,Rsad2,5,3,10,9,5,5,22,17,12,10,7,4
ENSMUSG00000035614,Togaram1,1004,1038,800,767,815,504,529,863,853,832,849,816
ENSMUSG00000113298,Gm48559,0,0,0,0,0,0,0,0,0,0,0,0
ENSMUSG00000020638,Cmpk2,19,25,36,46,18,18,61,45,36,24,33,27
ENSMUSG00000113059,Gm46344,8,8,4,3,2,0,6,9,9,9,3,6
ENSMUSG00000113628,1700020D12Rik,0,0,0,0,0,0,0,0,0,0,0,0
ENSMUSG00000113524,Gm47847,0,0,0,0,0,0,0,0,0,0,0,0
ENSMUSG00000113218,4933409F18Rik,0,0,0,0,0,0,0,0,0,0,1,0
ENSMUSG00000094002,Gm9866,0,0,0,0,0,2,0,0,0,0,0,0
ENSMUSG00000114083,Gm47860,0,0,0,0,0,1,0,0,0,0,0,0
ENSMUSG00000063632,Sox11,0,0,1,0,3,6,1,1,3,0,0,0
ENSMUSG00000021044,Adck1,369,409,310,324,440,117,305,267,419,321,437,384
ENSMUSG00000113421,Gm4166,0,0,0,0,0,0,0,0,0,0,0,0
ENSMUSG00000077344,Gm24326,0,0,0,0,0,0,0,0,0,0,0,0
ENSMUSG00000113434,3200001D21Rik,0,0,1,0,0,0,0,0,0,0,0,0
ENSMUSG00000113616,Gm45941,0,0,0,0,0,0,0,0,0,0,0,0
ENSMUSG00000113967,Gm31025,0,0,0,0,0,0,0,0,0,0,0,0
ENSMUSG00000113087,4930473H19Rik,1,0,0,0,0,0,0,0,0,0,0,0
ENSMUSG00002075242,#N/A,0,0,0,0,0,0,0,0,0,0,0,0
ENSMUSG00000113578,Gm48642,0,0,0,0,0,0,0,0,0,0,0,0
ENSMUSG00000113213,Gm19540,0,0,0,0,0,0,0,0,0,0,0,0
ENSMUSG00000113235,Gm47872,0,0,0,0,0,0,0,0,0,0,0,0
ENSMUSG00000113939,Gm47871,0,0,0,0,0,0,0,0,0,0,0,0
ENSMUSG00000113538,Gm48665,0,0,0,0,0,0,0,0,0,0,0,0
ENSMUSG00000118901,#N/A,0,0,0,0,0,0,0,0,0,0,0,0
ENSMUSG00000114001,Gm48664,0,0,0,0,0,0,0,0,0,0,0,0
ENSMUSG00000113997,1700040E09Rik,0,0,0,0,0,0,0,0,0,0,0,0
ENSMUSG00000035597,Prpf39,2249,2271,1808,1727,1808,2120,1440,1917,1892,2134,2170,2009
ENSMUSG00000087790,Gm25970,0,0,1,1,0,0,1,0,1,0,1,0
ENSMUSG00000020633,Dcdc2c,0,0,0,0,0,0,0,0,0,0,0,0
ENSMUSG00000113116,Gm47878,0,0,0,0,0,0,0,0,0,0,0,0
ENSMUSG00000020636,Allc,0,0,0,0,0,0,0,0,0,0,0,0
ENSMUSG00000036655,Colec11,1,3,0,0,1,0,0,1,1,0,1,0
ENSMUSG00000020949,Fkbp3,1533,1591,1380,1439,1714,1625,1511,1723,1632,1489,1871,1742
ENSMUSG00000114157,Gm47870,0,0,0,1,0,0,0,0,0,2,0,0
ENSMUSG00000061477,Rps7,191,240,216,238,309,127,246,195,249,218,242,208
ENSMUSG00000020630,Rnaseh1,744,829,664,684,750,507,635,664,749,712,694,672
ENSMUSG00000066392,Nrxn3,0,2,4,0,1,5,0,0,0,0,0,0
ENSMUSG00000103136,Gm37980,0,0,0,0,0,0,0,0,0,0,0,0
ENSMUSG00000020629,Adi1,813,845,594,612,919,541,761,700,874,751,894,879
ENSMUSG00002075591,#N/A,0,0,0,0,0,0,0,0,0,0,0,0
ENSMUSG00000098579,Mir6937,0,0,2,1,0,0,0,0,0,4,1,1
ENSMUSG00002075866,#N/A,0,0,0,0,0,0,0,0,0,0,0,0
ENSMUSG00000114153,Gm48692,0,0,0,0,0,0,0,0,0,0,0,0
ENSMUSG00000113055,Gm48700,0,0,0,0,0,0,0,0,0,0,0,0
ENSMUSG00000113884,Gm2270,0,0,0,0,0,0,0,0,0,0,0,0
ENSMUSG00000113539,Gm47684,0,0,0,0,0,0,0,0,0,0,0,0
ENSMUSG00000113001,Gm40538,0,0,0,0,0,0,0,0,0,0,0,0
ENSMUSG00000113023,Gm47686,0,0,0,0,0,0,0,0,0,0,0,0
ENSMUSG00000114032,Gm2139,0,0,0,0,0,0,0,0,0,0,1,0
ENSMUSG00000007682,Dio2,4,2,3,5,4,4,1,4,3,0,2,0
ENSMUSG00000095079,Igha,1,1,1,0,2,0,0,0,0,1,2,0
ENSMUSG00000097157,Gm26512,0,1,0,0,2,0,1,2,0,1,0,1
ENSMUSG00000087642,Ighe,0,0,0,0,0,0,0,0,0,0,0,0
ENSMUSG00000097071,4930544I03Rik,0,0,0,0,0,0,0,0,0,0,0,0
ENSMUSG00000064548,n-R5s65,0,0,0,0,0,0,0,0,0,0,0,0
ENSMUSG00000089439,Gm23195,0,0,0,0,0,0,0,0,0,0,0,0
ENSMUSG00000113806,Gm47688,0,0,0,0,0,0,0,0,0,0,0,0
ENSMUSG00000113747,1700105G05Rik,0,0,0,0,0,0,0,0,0,0,0,0
ENSMUSG00000076612,Ighg2c,0,1,1,0,0,0,0,0,0,0,0,0
ENSMUSG00002076394,#N/A,0,0,0,0,0,0,0,0,0,0,0,0
ENSMUSG00000076613,Ighg2b,4,5,0,0,1,0,0,1,2,0,0,0
ENSMUSG00000102962,Gm37944,0,0,0,0,0,0,0,0,0,0,0,0
ENSMUSG00000055884,Fancm,631,556,618,526,712,470,442,683,507,518,656,646
ENSMUSG00000112992,Gm47869,0,0,0,0,0,0,0,0,0,0,0,0
ENSMUSG00000076614,Ighg1,26,17,9,2,1,4,2,6,20,8,6,4
ENSMUSG00000020628,Trappc12,1060,1202,864,955,930,465,854,938,1104,862,854,747
ENSMUSG00000076615,Ighg3,4,4,0,0,1,2,1,2,3,1,0,0
ENSMUSG00000090726,Gm17421,0,0,0,0,0,0,0,0,0,0,0,0
ENSMUSG00000104218,Gm9134,3,1,1,8,4,3,5,4,2,6,0,2
ENSMUSG00000103198,Gm9136,0,0,0,0,0,0,0,0,0,0,0,0
ENSMUSG00000102832,Gm5190,0,0,0,0,0,0,0,0,0,0,0,0
ENSMUSG00000104213,Ighd,8,12,2,3,1,2,1,6,1,12,10,6
ENSMUSG00000036613,Eipr1,520,612,429,407,458,189,417,446,511,398,395,379
ENSMUSG00000076617,Ighm,454,528,337,395,442,247,416,426,411,337,389,383
ENSMUSG00002075914,#N/A,2,0,0,0,1,0,1,2,0,1,1,0
ENSMUSG00000114081,Gm48904,4,5,3,7,0,4,4,6,1,0,3,1
ENSMUSG00002075660,#N/A,0,0,0,0,0,0,0,0,0,0,0,0
ENSMUSG00000113886,Gm48905,1,0,0,0,1,0,2,0,2,0,0,0
ENSMUSG00002074884,#N/A,0,0,0,0,0,0,0,0,0,0,0,0
ENSMUSG00000113325,Gm48080,0,0,0,0,0,0,0,0,0,0,0,0
ENSMUSG00002076091,#N/A,0,0,2,0,0,0,0,0,0,0,0,0
ENSMUSG00000113387,Gm31508,0,0,0,0,0,0,0,0,0,0,0,0
ENSMUSG00002076657,#N/A,0,0,0,0,0,0,0,0,0,0,0,0
ENSMUSG00000113544,4833405L11Rik,0,0,0,0,0,0,0,0,0,0,0,0
ENSMUSG00000113986,Gm31333,0,0,0,0,0,0,0,0,0,0,0,0
ENSMUSG00000112776,Gm6989,12,14,5,9,12,3,9,9,9,7,6,4
ENSMUSG00000112390,Gm20208,0,0,0,0,0,0,0,0,0,0,0,0
ENSMUSG00000047534,Mis18bp1,333,311,370,353,611,693,408,644,281,322,551,473
ENSMUSG00000113228,4930471E15Rik,0,0,0,0,0,0,0,0,0,0,0,0
ENSMUSG00000113233,Gm31063,0,0,0,0,0,0,0,0,0,0,0,0
ENSMUSG00000061533,Cep128,81,87,109,96,157,173,80,116,100,88,169,145
ENSMUSG00000035560,Wdr20rt,0,0,0,0,0,0,0,0,0,0,1,0
ENSMUSG00000113442,Gm47973,0,0,0,0,0,0,0,0,0,0,0,0
ENSMUSG00000077590,Gm26015,0,0,0,0,0,0,0,0,0,0,0,0
ENSMUSG00000088441,Gm25599,0,0,0,0,0,0,0,0,0,0,0,0
ENSMUSG00000085004,5430427M07Rik,0,0,0,0,0,0,0,0,0,0,0,0
ENSMUSG00002076001,#N/A,0,0,0,0,0,0,0,0,0,0,0,0
ENSMUSG00000119612,#N/A,0,0,0,0,0,0,0,0,0,0,0,0
ENSMUSG00000119901,#N/A,0,0,0,0,0,0,0,0,0,0,0,0
ENSMUSG00000114086,Gm18968,0,0,0,0,0,0,0,0,0,0,0,0
ENSMUSG00000113983,Gm47742,0,0,0,0,0,0,0,0,0,0,0,0
ENSMUSG00000113785,Gm47975,0,0,0,0,0,0,0,0,0,0,0,0
ENSMUSG00000113531,Gm2915,0,0,0,0,0,0,0,0,0,0,0,0
ENSMUSG00000113239,Gm18388,0,0,0,0,0,0,0,0,0,0,0,0
ENSMUSG00000060499,Rpl10l,0,0,0,0,0,0,0,0,0,0,0,0
ENSMUSG00000114093,Gm47979,0,0,0,0,0,0,0,0,0,0,0,0
ENSMUSG00000113288,Gm47982,0,0,0,0,0,1,0,0,0,0,0,0
ENSMUSG00000020963,Tshr,0,0,0,0,0,0,0,0,0,0,0,0
ENSMUSG00000099750,Gm18827,0,0,0,0,0,0,0,1,0,0,0,0
ENSMUSG00000076618,Ighj4,0,0,0,0,0,0,0,0,0,0,0,0
ENSMUSG00000020962,Gtf2a1,613,622,577,509,580,535,446,602,580,572,710,663
ENSMUSG00000080365,Gm25776,2,4,5,1,3,0,0,6,4,4,2,0
ENSMUSG00000113943,Gm47804,0,0,0,0,0,1,0,0,0,0,0,0
ENSMUSG00000034912,Mdga2,0,0,0,1,0,3,0,0,0,0,0,0
ENSMUSG00000113291,Gm19001,0,0,0,0,0,0,0,0,0,0,0,0
ENSMUSG00000113808,Gm47988,0,0,0,0,0,0,0,0,0,0,0,0
ENSMUSG00000088019,Gm23826,0,0,0,0,0,0,0,0,0,0,0,0
ENSMUSG00000113501,Gm18940,0,0,0,0,0,0,0,0,0,0,0,0
ENSMUSG00000114180,Gm47989,0,0,0,0,0,0,0,0,0,0,0,0
ENSMUSG00000113698,Gm47987,0,0,0,0,0,0,0,0,0,0,0,0
ENSMUSG00000113364,Gm48059,1,0,0,0,0,0,2,0,0,0,0,0
ENSMUSG00000113777,Gm48060,0,0,0,0,0,0,0,0,0,0,0,0
ENSMUSG00000118897,#N/A,0,0,0,0,0,0,0,0,0,0,0,0
ENSMUSG00000113948,Rpl17-ps3,3,1,0,3,2,1,1,1,0,3,4,1
ENSMUSG00000084448,Gm26256,0,0,0,0,0,0,0,0,0,0,0,0
ENSMUSG00000114010,Gm47432,0,0,0,0,0,0,0,0,0,0,0,0
ENSMUSG00000113657,Gm17821,0,0,0,0,0,0,0,0,0,0,0,0
ENSMUSG00000114128,Gm47452,0,0,0,0,0,0,0,0,0,0,0,0
ENSMUSG00000113182,Gm20102,0,0,0,0,0,0,0,0,0,0,0,0
ENSMUSG00000113526,Gm47453,0,0,0,0,0,0,0,0,0,0,0,0
ENSMUSG00000113674,Hspe1-ps1,0,0,0,0,0,0,0,0,0,0,0,0
ENSMUSG00000020961,Ston2,120,120,139,93,84,45,82,125,97,80,103,91
ENSMUSG00000113655,Gm47454,0,0,0,0,0,0,0,0,0,0,0,0
ENSMUSG00000113867,Gm47456,0,0,0,0,0,0,0,0,0,0,0,0
ENSMUSG00000113161,Gm47457,0,0,0,0,0,0,0,0,0,0,0,0
ENSMUSG00000113561,Gm19176,0,0,0,0,0,0,0,0,0,0,0,0
ENSMUSG00000113433,Gm47489,0,0,0,0,0,0,0,0,0,0,0,0
ENSMUSG00000113166,Gm19047,0,0,0,0,0,0,0,0,0,0,0,0
ENSMUSG00000113503,Gm47490,0,1,0,1,1,0,1,0,0,0,1,1
ENSMUSG00002076363,#N/A,0,0,0,0,0,0,0,0,0,0,0,0
ENSMUSG00000090722,Gm8378,0,0,0,0,0,0,0,1,0,1,0,0
ENSMUSG00000112933,Gm47491,0,0,0,0,0,0,0,0,0,0,0,0
ENSMUSG00000113320,Gm47515,0,0,0,0,0,0,0,0,0,0,0,0
ENSMUSG00000086689,Gm16876,0,0,0,0,0,0,0,0,0,0,0,0
ENSMUSG00000113098,Gm2912,0,0,0,0,0,1,0,0,0,1,0,0
ENSMUSG00002076410,#N/A,0,0,0,0,0,0,0,0,0,0,0,0
ENSMUSG00000113716,Gm47518,0,0,0,0,1,0,0,0,0,0,0,0
ENSMUSG00000113600,Gm7868,9,9,3,5,6,1,2,6,3,9,9,8
ENSMUSG00000113158,Gm31447,0,0,0,0,0,0,0,0,0,0,0,0
ENSMUSG00000083191,Gm15571,0,0,0,0,0,0,0,0,0,0,0,0
ENSMUSG00000089071,Gm24499,0,0,0,0,0,0,0,0,0,0,0,0
ENSMUSG00000034892,Rps29,59,87,69,60,73,24,71,59,77,67,50,66
ENSMUSG00000118866,#N/A,0,0,0,0,0,0,0,0,0,0,0,0
ENSMUSG00002076451,#N/A,0,0,0,0,0,0,0,0,0,0,0,0
ENSMUSG00002075000,#N/A,0,0,0,0,0,0,0,0,0,0,0,0
ENSMUSG00000034883,Lrr1,79,69,88,71,128,96,102,115,76,83,90,96
ENSMUSG00000049751,Rpl36al,92,99,59,76,64,35,68,50,81,67,72,61
ENSMUSG00000113149,Gm49383,0,0,1,1,1,0,1,0,0,1,0,1
ENSMUSG00000043998,Mgat2,3653,3772,2984,3098,2832,1498,2715,3047,3488,3061,2871,2638
ENSMUSG00000020973,Dnaaf2,86,69,66,75,62,25,78,77,73,73,58,50
ENSMUSG00000113786,Gm49384,0,0,0,0,0,0,0,0,0,0,0,0
ENSMUSG00000097061,9330151L19Rik,104,104,100,111,157,84,106,101,125,114,164,174
ENSMUSG00000076619,Ighj3,0,0,0,0,0,0,0,0,0,0,0,0
ENSMUSG00000020974,Pole2,289,286,270,253,333,203,327,284,232,262,324,311
ENSMUSG00000113190,Gm47545,0,0,0,0,0,0,1,0,0,1,1,0
ENSMUSG00000076620,Ighj2,0,0,0,1,0,0,0,0,0,0,0,0
ENSMUSG00000061911,Myt1l,0,0,0,0,0,0,0,0,0,1,0,0
ENSMUSG00000112663,C630031E19Rik,0,0,0,0,0,0,0,0,0,0,0,0
ENSMUSG00000051890,Klhdc1,151,113,101,75,86,68,72,91,78,81,105,89
ENSMUSG00000085539,Gm15561,0,0,0,0,0,0,0,0,0,0,0,0
ENSMUSG00000076621,Ighj1,0,0,0,0,0,0,0,0,0,0,0,0
ENSMUSG00000094028,Ighd4-1,0,0,0,0,0,0,0,0,0,0,0,0
ENSMUSG00000094552,Ighd3-2,0,0,0,0,0,0,0,0,0,0,0,0
ENSMUSG00000020978,Klhdc2,957,1106,703,795,682,389,657,697,840,783,787,669
ENSMUSG00000096420,Ighd5-6,0,0,0,0,0,0,0,0,0,0,0,0
ENSMUSG00000095656,Ighd2-8,0,0,0,0,0,0,0,0,0,0,0,0
ENSMUSG00000094957,Ighd5-5,0,0,0,0,0,0,0,0,0,0,0,0
ENSMUSG00000094057,Ighd2-7,0,0,0,0,0,0,0,0,0,0,0,0
ENSMUSG00000094268,Ighd5-8,0,0,0,0,0,0,0,0,0,0,0,0
ENSMUSG00000096884,Ighd5-4,0,0,0,0,0,0,0,0,0,0,0,0
ENSMUSG00000096250,Ighd2-6,0,0,0,0,0,0,0,0,0,0,0,0
ENSMUSG00000095592,Ighd5-7,0,0,0,0,0,0,0,0,0,0,0,0
ENSMUSG00000093876,Ighd5-3,0,0,0,0,0,0,0,0,0,0,0,0
ENSMUSG00000095897,Ighd2-5,0,0,0,0,0,0,0,0,0,0,0,0
ENSMUSG00000103203,Gm37327,0,0,0,0,0,0,0,0,0,0,0,0
ENSMUSG00000096396,Ighd5-2,0,0,0,0,0,0,0,0,0,0,0,0
ENSMUSG00000095444,Ighd2-4,0,0,0,0,0,0,0,0,0,0,0,0
ENSMUSG00000096301,Ighd6-2,0,0,0,0,0,0,0,0,0,0,0,0
ENSMUSG00000102532,Gm37227,0,0,0,0,0,0,0,0,0,0,0,0
ENSMUSG00000096568,Ighd2-3,0,0,0,0,0,0,0,0,0,0,0,0
ENSMUSG00000095399,Ighd6-1,0,0,0,0,0,0,0,0,0,0,0,0
ENSMUSG00000076630,Ighd1-1,0,0,0,0,0,0,0,0,0,0,0,0
ENSMUSG00000051804,Adam6b,0,0,0,0,0,0,0,0,0,0,0,0
ENSMUSG00000093818,Ighd3-1,0,0,0,0,0,0,0,0,0,0,0,0
ENSMUSG00000095549,Ighd5-1,0,0,0,0,0,0,0,0,0,0,0,0
ENSMUSG00000076632,Gm16968,0,0,0,0,0,0,0,0,0,0,0,0
ENSMUSG00000043945,Adam6a,0,0,0,0,0,0,0,0,0,0,0,0
ENSMUSG00000102901,Ighv5-1,0,0,0,0,0,0,0,0,0,0,0,0
ENSMUSG00000091606,Ighv2-1,0,0,0,0,0,0,0,0,0,0,0,0
ENSMUSG00000020674,Pxdn,0,0,0,0,0,0,0,0,0,0,0,0
ENSMUSG00000076633,Ighv5-2,0,0,0,0,1,0,0,1,0,0,1,0
ENSMUSG00000096464,Ighv2-2,0,0,0,0,0,0,0,0,0,0,0,0
ENSMUSG00000103934,Ighv5-3,0,0,0,0,0,0,0,0,0,0,0,0
ENSMUSG00000095612,Ighv5-4,0,0,0,0,0,0,0,0,0,0,0,0
ENSMUSG00000103111,Ighv6-1,0,0,0,0,0,0,0,0,0,0,0,0
ENSMUSG00000094164,Ighv2-3,0,0,0,0,0,0,0,0,0,0,0,0
ENSMUSG00000102645,Ighv5-5,0,0,0,0,0,0,0,0,0,0,0,0
ENSMUSG00000094951,Ighv5-6,0,0,0,0,0,0,0,0,0,0,0,0
ENSMUSG00000104103,Gm9517,2,0,0,0,0,0,1,1,0,1,0,0
ENSMUSG00000020964,Sel1l,3538,3581,2952,2976,2298,1342,2184,2769,2735,2528,2229,2095
ENSMUSG00000102848,Ighv5-7,0,0,0,0,0,0,0,0,0,0,0,0
ENSMUSG00000095866,Ighv2-4,0,0,0,0,0,0,0,0,0,0,0,0
ENSMUSG00000020673,Tpo,0,0,0,0,0,0,0,0,0,0,0,0
ENSMUSG00000113721,Gm21051,0,0,0,0,0,0,0,0,0,0,0,0
ENSMUSG00000113676,Gm18621,0,0,0,0,0,0,0,0,0,0,0,0
ENSMUSG00000103262,Ighv5-8,0,0,0,0,0,0,0,0,0,0,0,0
ENSMUSG00000066389,Rpl31-ps1,2,6,1,2,4,9,6,3,2,2,0,1
ENSMUSG00000085472,Gm15691,0,0,0,0,0,0,0,0,0,0,0,0
ENSMUSG00000090395,Ighv5-8,0,0,0,0,0,0,0,0,0,0,0,0
ENSMUSG00000098159,Gm21614,0,0,1,6,1,0,2,1,2,2,0,0
ENSMUSG00000112953,Gm47984,0,0,0,0,0,0,0,0,0,0,0,0
ENSMUSG00000113236,Gm40548,0,0,0,0,0,0,0,0,0,0,0,0
ENSMUSG00000113643,Gm40598,0,3,1,0,1,0,3,0,0,0,1,0
ENSMUSG00000095285,Ighv5-9,0,0,0,0,0,0,0,0,0,0,0,0
ENSMUSG00000114085,Gm6841,2,0,1,0,0,0,0,0,0,0,0,0
ENSMUSG00000104278,Ighv5-10,0,0,0,0,0,0,0,0,0,0,0,0
ENSMUSG00000113499,Gm18500,0,0,0,0,0,0,0,0,0,0,0,0
ENSMUSG00000113194,Gm47998,0,0,0,0,0,0,0,0,0,0,0,0
ENSMUSG00000102182,Gm37187,0,0,0,0,0,0,0,0,0,0,0,0
ENSMUSG00000113164,4930559C10Rik,0,0,0,0,0,0,0,0,0,0,0,0
ENSMUSG00000112982,Gm21007,1,0,0,0,0,0,0,0,0,0,0,0
ENSMUSG00000065303,Gm23249,0,0,0,0,0,0,0,0,0,0,0,0
ENSMUSG00000098931,Mir8099-2,0,0,0,0,0,0,0,0,0,0,0,0
ENSMUSG00000096498,Ighv2-5,0,0,0,0,0,0,0,0,0,0,0,0
ENSMUSG00000094935,Gm9726,1,0,0,0,1,0,0,1,1,1,0,0
ENSMUSG00000113818,Gm7119,0,0,0,0,0,0,0,0,0,0,0,0
ENSMUSG00000103185,Ighv5-11,0,0,0,0,0,0,0,0,0,0,0,0
ENSMUSG00000113215,Gm18749,0,0,0,0,0,0,0,0,0,0,0,0
ENSMUSG00000020982,Nemf,2629,2923,2141,2200,2151,2178,1919,2259,2222,2479,2478,2245
ENSMUSG00000113414,Gm18504,0,0,0,0,0,0,0,0,0,0,0,0
ENSMUSG00000095429,Ighv5-12,0,0,0,0,0,0,0,0,0,0,0,0
ENSMUSG00000113139,Gm48011,0,0,0,0,0,0,0,0,0,0,0,0
ENSMUSG00000114132,Gm4808,0,0,0,0,0,0,0,0,0,0,0,0
ENSMUSG00000096670,Ighv2-6,0,0,0,0,0,0,0,0,0,0,0,0
ENSMUSG00000112262,Gm48013,0,0,0,0,0,0,0,0,0,0,0,0
ENSMUSG00001118669,#N/A,0,0,0,0,0,0,0,0,0,0,0,0
ENSMUSG00000103240,Gm37976,0,0,0,0,0,0,0,0,0,0,0,0
ENSMUSG00000118868,#N/A,0,0,0,0,0,0,0,0,0,0,0,0
ENSMUSG00002075676,#N/A,0,0,0,0,0,0,0,0,0,0,0,0
ENSMUSG00000112769,Rpl17-ps2,0,0,0,0,0,1,0,0,0,0,0,0
ENSMUSG00000118841,#N/A,0,0,0,0,0,0,1,0,0,0,0,0
ENSMUSG00000103860,Gm37418,0,0,0,0,0,0,0,0,0,0,0,0
ENSMUSG00002075983,#N/A,0,0,0,0,0,0,0,0,0,0,0,0
ENSMUSG00000113318,Gm18113,20,14,12,13,16,9,22,13,14,20,7,13
ENSMUSG00000095210,Ighv5-9-1,0,0,0,0,0,0,0,0,0,0,0,0
ENSMUSG00000047414,Flrt2,0,0,0,0,0,1,0,0,0,0,0,0
ENSMUSG00000103446,Gm38203,0,0,0,0,0,0,0,0,0,0,0,0
ENSMUSG00000052673,Gm9887,212,219,157,143,131,66,127,136,170,174,116,111
ENSMUSG00000112756,Gm48014,0,0,0,0,0,0,0,0,0,0,0,0
ENSMUSG00000112067,Gm48015,0,0,0,0,0,0,0,0,0,0,0,0
ENSMUSG00000103033,Ighv5-12-4,0,0,0,0,0,0,0,0,0,0,0,0
ENSMUSG00000059695,1700019M22Rik,0,0,0,0,0,0,0,0,0,0,0,0
ENSMUSG00000044147,Arf6,9123,9567,6799,7249,5983,2444,5709,6470,8409,7508,6172,6242
ENSMUSG00000112024,Gm47394,0,0,0,0,0,0,0,0,0,0,0,0
ENSMUSG00000103604,Gm38205,0,0,0,0,0,0,0,0,0,0,0,0
ENSMUSG00002075563,#N/A,0,0,0,0,0,0,0,0,0,0,0,0
ENSMUSG00000112658,Gm47395,1,0,0,1,0,0,0,0,0,0,0,0
ENSMUSG00000112040,Gm47396,0,0,0,0,0,0,0,0,0,0,0,0
ENSMUSG00000095565,Ighv2-9-1,0,0,0,0,0,0,0,0,0,0,0,0
ENSMUSG00000102910,Gm37722,0,0,0,0,0,0,0,0,0,0,0,0
ENSMUSG00000113035,5830428M24Rik,105,142,114,92,95,69,96,98,111,101,123,94
ENSMUSG00000043483,Gm6863,17,31,29,29,24,12,24,32,33,28,25,20
ENSMUSG00000112635,Gm47397,0,0,0,0,0,1,0,0,0,0,0,0
ENSMUSG00000103184,Ighv5-13,0,0,0,0,0,0,0,0,0,0,0,0
ENSMUSG00002075915,#N/A,0,0,0,0,0,0,0,0,0,0,0,0
ENSMUSG00000112598,Gm40552,0,0,0,0,0,1,0,0,0,0,0,0
ENSMUSG00002076662,#N/A,0,0,0,0,0,0,0,0,0,0,0,0
ENSMUSG00000112590,Gm5186,0,0,0,0,0,0,0,0,0,0,0,0
ENSMUSG00000076646,Ighv2-6-8,0,0,0,0,0,0,0,0,0,0,0,0
ENSMUSG00000112584,Gm2398,0,0,0,0,0,0,0,0,0,0,0,0
ENSMUSG00000104355,Gm7003,0,0,0,0,0,0,0,0,0,0,0,0
ENSMUSG00000112004,Gm8785,0,0,0,0,0,0,0,0,0,0,0,0
ENSMUSG00000112524,Gm35274,0,0,0,0,0,0,0,0,0,0,0,0
ENSMUSG00000096824,Ighv2-7,0,0,0,0,0,0,0,0,0,0,0,0
ENSMUSG00000112661,Gm6869,2,2,1,1,1,1,0,2,1,3,1,1
ENSMUSG00000111885,Gm35326,0,0,0,0,0,0,0,0,0,0,0,0
ENSMUSG00000103944,Rpl26-ps3,0,2,0,0,1,0,1,0,1,0,1,1
ENSMUSG00000020672,Sntg2,0,0,0,0,0,1,0,0,1,1,0,0
ENSMUSG00000112812,Gm47415,0,0,0,0,1,0,0,0,0,0,0,0
ENSMUSG00000094134,Ighv5-15,0,0,0,0,0,0,0,0,0,0,0,0
ENSMUSG00000049882,Vcpkmt,713,780,652,637,669,540,628,727,747,714,615,586
ENSMUSG00000112086,Gm35412,1,0,0,0,0,0,0,1,0,0,0,0
ENSMUSG00000094194,Ighv5-16,0,0,0,0,0,0,0,0,0,0,0,0
ENSMUSG00000102098,2310016D03Rik,0,0,0,0,0,0,0,0,0,0,0,0
ENSMUSG00002075546,#N/A,0,0,0,0,0,0,0,0,0,0,0,0
ENSMUSG00000095571,Ighv5-17,0,0,0,0,0,0,0,0,0,0,0,0
ENSMUSG00000100674,Gm28806,0,0,0,0,0,1,0,0,0,0,0,0
ENSMUSG00000112665,Ryk-ps1,0,0,0,0,0,0,0,0,0,0,0,0
ENSMUSG00000103893,Ighv5-18,0,0,0,0,0,0,0,0,0,0,0,0
ENSMUSG00002076651,#N/A,0,0,0,0,0,0,0,0,0,0,0,0
ENSMUSG00000102878,Ighv2-8,0,0,0,0,0,0,0,0,0,0,0,0
ENSMUSG00000096638,Ighv2-9,0,0,0,0,0,0,0,0,0,0,0,0
ENSMUSG00000104319,Ighv5-19,0,0,0,0,0,0,0,0,0,0,0,0
ENSMUSG00000043061,Tmem18,407,435,349,299,346,200,332,391,432,326,348,372
ENSMUSG00000076665,Ighv7-1,0,0,0,0,0,0,0,0,0,0,0,0
ENSMUSG00000076653,Ighv7-2,0,0,0,0,0,0,0,0,0,0,0,0
ENSMUSG00000054204,Alkal2,0,0,0,0,0,0,0,0,0,0,0,0
ENSMUSG00000094509,Ighv14-1,0,0,0,0,0,0,0,0,0,0,0,0
ENSMUSG00000076655,Ighv4-1,0,0,0,0,0,0,0,0,0,0,0,0
ENSMUSG00000093838,Ighv3-1,0,0,0,0,0,0,0,0,0,0,0,0
ENSMUSG00000104393,Gm37961,0,0,0,0,0,0,0,0,0,0,0,0
ENSMUSG00000094533,Ighv11-1,0,0,0,0,0,0,0,0,0,0,0,0
ENSMUSG00000095583,Ighv14-2,0,0,0,0,0,0,0,0,0,0,0,0
ENSMUSG00000103271,Ighv4-2,0,0,0,0,0,0,0,0,0,0,0,0
ENSMUSG00000103297,Ighv3-2,0,0,0,0,0,0,0,0,0,0,0,0
ENSMUSG00000096108,Ighv11-2,0,0,0,0,0,0,0,0,0,0,0,0
ENSMUSG00000021003,Galc,229,233,231,203,191,118,192,211,181,161,175,188
ENSMUSG00000095642,Ighv14-3,0,0,0,0,0,0,0,0,0,0,0,1
ENSMUSG00000044573,Acp1,385,404,352,334,330,227,321,341,442,389,380,337
ENSMUSG00000076661,Ighv16-1,0,0,0,0,0,0,0,0,0,0,0,0
ENSMUSG00000112860,Gm47439,2,1,3,3,0,0,2,0,2,0,0,0
ENSMUSG00000104129,Ighv6-2,0,0,0,0,0,0,0,0,0,1,0,0
ENSMUSG00000021886,Gpr65,3604,4212,4017,4437,3304,2532,3558,4104,3428,3406,2539,2233
ENSMUSG00000096805,Ighv9-1,0,0,0,0,0,0,0,0,0,0,0,0
ENSMUSG00000112510,Gm47566,1,0,1,0,1,1,0,1,0,0,0,0
ENSMUSG00000103918,Ighv12-1,0,0,0,0,0,0,0,0,0,0,0,0
ENSMUSG00000112895,Gm47567,132,106,143,135,35,23,106,148,97,98,22,26
ENSMUSG00000034801,Sos2,1360,1391,1082,1110,919,795,769,1143,1056,918,1143,986
ENSMUSG00000094102,Ighv9-2,0,0,0,0,0,0,0,0,0,0,0,0
ENSMUSG00000102515,Ighv12-2,0,0,0,0,0,0,0,0,0,0,0,0
ENSMUSG00000065919,Gm24449,1,0,0,0,0,0,0,2,1,2,1,0
ENSMUSG00000096459,Ighv9-3,0,0,0,0,0,0,0,0,0,0,0,0
ENSMUSG00000076652,Ighv7-3,0,1,0,0,0,0,0,0,0,0,0,0
ENSMUSG00000103121,Ighv15-1,0,0,0,0,0,0,0,0,0,0,0,0
ENSMUSG00000020988,L2hgdh,643,626,530,498,574,315,534,533,560,526,514,508
ENSMUSG00000076666,Ighv14-4,0,0,0,0,0,0,0,0,0,0,0,0
ENSMUSG00000103537,Gm37838,0,0,0,0,0,0,0,0,0,0,0,0
ENSMUSG00000094029,Ighv3-3,0,0,0,0,0,0,0,0,0,0,0,0
ENSMUSG00000033854,Kcnk10,130,169,260,228,464,198,159,196,144,126,145,117
ENSMUSG00000076668,Ighv7-4,0,0,0,0,0,0,0,0,0,0,0,0
ENSMUSG00000113927,5330409N07Rik,4,2,7,10,14,21,4,5,1,4,7,3
ENSMUSG00000103939,Ighv3-4,0,0,0,0,0,0,0,0,0,0,0,0
ENSMUSG00000020669,Sh3yl1,3,11,4,10,16,7,3,6,7,5,11,9
ENSMUSG00000113613,Gm40893,0,0,0,0,0,0,0,0,0,0,0,0
ENSMUSG00000113849,Gm47346,0,0,0,0,0,3,0,0,0,0,0,0
ENSMUSG00000054894,Dmac2l,35,42,36,41,43,28,31,22,35,33,49,43
ENSMUSG00000089351,Gm25486,0,0,0,0,0,0,0,0,0,0,0,0
ENSMUSG00000076670,Ighv3-5,0,0,0,0,0,0,0,0,0,0,0,0
ENSMUSG00000102479,Gm18551,0,0,0,0,0,0,0,0,0,0,0,0
ENSMUSG00000102497,Ighv13-1,0,0,0,0,0,0,0,0,0,0,0,0
ENSMUSG00000076672,Ighv3-6,0,0,0,0,0,0,0,0,0,0,0,0
ENSMUSG00000094322,Ighv9-4,0,0,0,0,0,0,0,0,0,0,0,0
ENSMUSG00000020990,Cdkl1,0,0,0,0,0,0,0,0,0,0,0,0
ENSMUSG00000102601,Ighv3-7,0,0,0,0,0,0,0,0,0,0,0,0
ENSMUSG00000076065,Mir681,0,0,0,0,0,0,0,0,0,0,0,0
ENSMUSG00000103989,Ighv5-21,0,0,0,0,0,0,0,0,0,0,0,0
ENSMUSG00000020992,4930512B01Rik,0,0,0,0,2,0,0,0,0,0,0,0
ENSMUSG00000076674,Ighv3-8,0,0,0,0,0,0,0,0,0,0,0,0
ENSMUSG00000104115,Ighv8-1,0,0,0,0,0,0,0,0,0,0,0,0
ENSMUSG00000103340,Ighv1-1,0,0,0,0,0,0,0,0,0,0,0,0
ENSMUSG00000076671,Ighv13-2,0,0,0,0,0,0,0,0,0,0,0,0
ENSMUSG00000076676,Ighv12-3,1,0,0,0,0,0,0,0,0,0,0,0
ENSMUSG00000076677,Ighv6-3,0,0,0,0,0,0,0,0,0,0,0,0
ENSMUSG00000094174,Ighv6-4,0,0,0,0,0,1,0,0,0,0,0,0
ENSMUSG00000096407,Ighv6-5,0,0,0,0,0,0,0,0,0,0,0,0
ENSMUSG00000076680,Ighv6-6,0,0,0,0,0,0,0,0,0,0,0,0
ENSMUSG00000087582,Ighv6-7,0,0,0,0,0,0,0,0,0,0,0,0
ENSMUSG00000102301,Ighv8-2,0,0,0,0,0,0,0,0,0,0,0,0
ENSMUSG00000102524,Ighv1-2,0,0,0,0,0,0,0,0,0,0,0,0
ENSMUSG00000119742,#N/A,0,0,0,0,0,0,0,0,0,0,0,0
ENSMUSG00000095981,Ighv10-1,0,0,0,0,0,0,0,0,0,0,0,0
ENSMUSG00000102641,Ighv1-3,0,0,0,0,0,0,0,0,0,0,0,0
ENSMUSG00000095442,Ighv1-4,0,0,0,0,0,0,0,0,0,0,0,0
ENSMUSG00000103875,Ighv10-2,0,0,0,0,0,0,0,0,0,0,0,0
ENSMUSG00000096499,Ighv1-5,0,0,0,0,0,1,0,0,0,0,0,0
ENSMUSG00000118845,#N/A,0,0,0,0,0,0,0,0,0,0,0,0
ENSMUSG00000095700,Ighv10-3,0,0,0,0,0,0,0,0,0,0,0,0
ENSMUSG00000103915,Ighv1-6,0,0,0,0,0,0,0,0,0,0,0,0
ENSMUSG00000021007,Spata7,75,55,51,43,44,45,45,59,41,45,27,40
ENSMUSG00000095200,Ighv1-7,0,0,0,0,0,0,0,0,0,0,0,0
ENSMUSG00000104152,Ighv10-4,0,0,0,0,0,0,0,0,0,0,0,0
ENSMUSG00000113656,Gm47370,2,0,2,0,2,0,0,2,1,1,0,0
ENSMUSG00000112990,Gm47372,0,0,0,0,0,2,0,0,0,0,0,0
ENSMUSG00000103667,Ighv1-8,0,0,0,0,0,0,0,0,0,0,0,0
ENSMUSG00000076688,Ighv15-2,0,0,0,0,0,0,0,0,0,0,0,0
ENSMUSG00000094694,Ighv1-9,0,0,0,0,0,1,0,0,0,0,0,0
ENSMUSG00000102502,Ighv1-10,0,0,0,0,0,0,0,0,0,0,0,0
ENSMUSG00000102888,Ighv1-11,0,0,0,0,0,0,0,0,0,0,0,0
ENSMUSG00000095416,Ighv1-12,0,0,0,0,0,0,0,0,0,0,0,0
ENSMUSG00000090765,Ighv1-13,0,0,0,0,0,0,0,0,0,0,0,0
ENSMUSG00000102587,Ighv1-13,0,0,0,0,0,0,0,0,0,0,0,0
ENSMUSG00000104422,Ighv1-14,0,0,0,0,0,0,0,0,0,0,0,0
ENSMUSG00000103254,Ighv1-15,0,0,0,0,0,0,0,0,0,0,0,0
ENSMUSG00000095554,Ighv1-16,0,0,0,0,0,0,0,0,0,0,0,0
ENSMUSG00000102773,Ighv1-17-1,0,0,0,0,0,0,0,0,0,0,0,0
ENSMUSG00000103790,Ighv1-17,0,0,0,0,0,0,0,0,0,0,0,0
ENSMUSG00000076695,Ighv1-18,0,0,0,0,0,0,0,0,0,0,0,0
ENSMUSG00000102806,Ighv1-19-1,0,0,0,0,0,0,0,0,0,0,0,0
ENSMUSG00000096410,Ighv1-19,0,0,0,0,0,0,0,0,0,0,0,0
ENSMUSG00000095761,Ighv1-20,0,0,0,0,0,0,0,0,0,0,0,0
ENSMUSG00000102678,Ighv1-21-1,0,0,0,0,0,0,0,0,0,0,0,0
ENSMUSG00000102654,Ighv1-21,0,0,0,0,0,0,0,0,0,0,0,0
ENSMUSG00000094561,Ighv1-22,0,0,0,0,0,0,0,0,0,0,0,0
ENSMUSG00000103290,Ighv1-23,0,0,0,0,0,0,1,0,0,0,0,0
ENSMUSG00000094241,Ighv1-24,0,0,0,0,0,0,0,0,0,0,0,0
ENSMUSG00000102952,Ighv1-25,0,0,0,0,0,0,0,0,0,0,0,0
ENSMUSG00000094546,Ighv1-26,0,0,0,0,0,0,0,0,0,0,0,0
ENSMUSG00000103395,Ighv1-27,0,0,0,0,0,0,0,0,0,0,0,0
ENSMUSG00000102315,Ighv1-28,0,0,0,0,0,0,0,0,0,0,0,0
ENSMUSG00000102512,Ighv1-29,0,0,0,0,0,0,0,0,0,0,0,0
ENSMUSG00000102281,Ighv1-30,0,0,0,0,0,0,0,0,0,0,0,0
ENSMUSG00000096649,Ighv1-31,0,0,0,0,0,0,0,0,0,0,0,0
ENSMUSG00000102656,Ighv1-32,0,0,0,0,0,0,0,0,0,0,0,0
ENSMUSG00000102942,Ighv1-33,0,0,0,0,0,0,0,0,0,0,0,0
ENSMUSG00000093955,Ighv1-34,0,0,0,0,0,0,0,0,0,0,0,0
ENSMUSG00000103554,Ighv1-35,0,0,0,0,0,0,0,0,0,0,0,0
ENSMUSG00000094051,Ighv1-36,0,0,0,0,0,0,0,0,0,0,0,0
ENSMUSG00000021009,Ptpn21,115,97,102,94,80,73,84,121,103,112,83,108
ENSMUSG00000095923,Ighv1-37,0,0,0,0,0,0,0,0,0,0,0,0
ENSMUSG00000103873,Ighv1-38,0,0,0,0,0,0,0,0,0,0,0,0
ENSMUSG00000095130,Ighv1-39,0,1,0,0,0,0,0,0,0,0,0,0
ENSMUSG00000102991,Ighv1-40,0,0,0,0,0,0,0,0,0,0,0,0
ENSMUSG00000102535,Ighv1-41,0,0,0,0,0,0,0,0,0,0,0,0
ENSMUSG00000094652,Ighv1-42,0,0,0,0,0,0,0,0,0,0,0,0
ENSMUSG00000095859,Ighv1-43,0,0,0,0,0,0,0,0,0,0,0,0
ENSMUSG00000103300,Ighv1-44,0,0,0,0,0,0,0,0,0,0,0,0
ENSMUSG00000102528,Ighv1-45,0,0,0,0,0,0,0,0,0,0,0,0
ENSMUSG00000102928,Ighv1-46,0,0,0,0,0,0,0,0,0,0,0,0
ENSMUSG00000076709,Ighv1-47,0,0,0,0,0,0,0,0,0,0,0,0
ENSMUSG00000103990,Ighv8-3,0,0,0,0,0,0,0,0,0,0,0,0
ENSMUSG00000096355,Ighv8-4,0,0,0,0,0,0,0,0,0,0,0,0
ENSMUSG00000102453,Ighv1-48,0,0,0,0,0,0,0,0,0,0,0,0
ENSMUSG00000076710,Ighv1-49,0,0,0,0,0,0,0,0,0,0,0,0
ENSMUSG00000102364,Ighv8-5,0,0,0,0,0,0,0,0,0,0,0,0
ENSMUSG00000094198,Ighv1-50,0,0,0,0,0,0,0,0,0,0,0,0
ENSMUSG00000104176,Ighv1-51,0,0,0,0,0,0,0,0,0,0,0,0
ENSMUSG00000095204,Ighv1-52,0,0,0,0,0,0,0,0,0,0,0,0
ENSMUSG00000093894,Ighv1-53,0,0,0,0,0,0,0,0,0,0,0,0
ENSMUSG00000094505,Ighv8-6,0,0,0,0,0,0,0,0,0,0,0,0
ENSMUSG00000103665,Gm9227,0,0,0,0,0,0,0,0,0,0,0,0
ENSMUSG00000094787,Ighv1-54,1,0,0,0,0,0,0,0,0,0,0,0
ENSMUSG00000095589,Ighv1-55,0,0,0,0,0,0,0,0,0,0,0,0
ENSMUSG00000103737,Gm7142,0,0,0,0,0,0,0,0,0,0,0,0
ENSMUSG00000094862,Ighv1-56,0,0,0,0,0,0,0,0,0,0,0,0
ENSMUSG00000103439,Gm7019,0,0,0,0,1,0,0,2,2,2,1,0
ENSMUSG00000102381,Ighv8-7,0,0,0,0,0,0,0,0,0,0,0,0
ENSMUSG00000103168,Gm30948,0,0,0,0,0,0,0,0,0,0,0,0
ENSMUSG00000102295,Ighv1-57,0,0,0,0,0,0,0,0,0,0,0,0
ENSMUSG00000104452,Ighv8-8,1,0,0,0,0,0,0,0,0,0,0,0
ENSMUSG00000095889,Ighv1-58,0,0,0,0,0,0,0,0,0,0,0,0
ENSMUSG00000034761,Map4k5,346,419,359,327,289,292,257,359,402,321,337,337
ENSMUSG00000095197,Ighv1-59,0,0,0,0,0,0,0,0,0,0,0,0
ENSMUSG00000113497,Gm18030,0,0,0,0,0,0,0,0,0,0,0,0
ENSMUSG00000104320,Ighv1-60,0,0,0,0,0,0,0,0,0,0,0,0
ENSMUSG00000094087,Ighv1-61,0,0,0,0,0,0,0,0,0,0,0,0
ENSMUSG00000102765,Ighv1-62,0,0,0,0,0,0,0,0,0,0,0,0
ENSMUSG00000102313,Ighv1-62-1,0,0,0,0,0,0,0,0,0,0,0,0
ENSMUSG00000102332,Gm19331,0,1,0,0,0,0,0,0,0,0,0,0
ENSMUSG00000104373,Gm37511,0,0,0,0,0,0,0,0,0,0,0,0
ENSMUSG00000103470,Gm38184,0,0,0,0,0,0,0,0,0,0,0,0
ENSMUSG00000096078,Ighv1-62-2,0,0,0,0,0,0,0,0,0,0,0,0
ENSMUSG00000096767,Ighv1-62-3,0,0,0,0,0,0,0,0,0,0,0,0
ENSMUSG00000095117,Ighv8-9,0,0,0,0,0,0,0,0,0,0,0,0
ENSMUSG00000105242,Gm9236,0,0,0,0,0,0,0,0,0,0,0,0
ENSMUSG00000021066,Atl1,7,7,10,6,12,2,11,9,8,10,10,7
ENSMUSG00000096672,Ighv1-63,0,0,0,0,0,0,0,0,0,0,0,0
ENSMUSG00000078370,Gm6316,25,22,8,22,11,10,16,15,17,20,14,12
ENSMUSG00002075484,#N/A,0,0,0,0,0,0,0,0,0,0,0,0
ENSMUSG00002075260,#N/A,0,0,0,1,0,1,1,0,0,0,0,0
ENSMUSG00000079076,Gm3086,0,0,0,0,0,0,0,1,0,0,0,0
ENSMUSG00000094088,Ighv1-64,0,0,0,0,0,0,0,0,0,0,0,0
ENSMUSG00000106325,Ighv8-10,0,0,0,0,0,0,0,0,0,0,0,0
ENSMUSG00000105680,Gm18340,0,0,0,0,0,0,0,0,0,0,0,0
ENSMUSG00000021067,Sav1,1293,1258,1027,1032,973,878,1103,1239,1140,1171,1179,1011
ENSMUSG00000104593,Ighv1-65,0,0,0,0,0,0,0,0,0,0,0,0
ENSMUSG00000105599,Gm9238,0,0,0,0,0,0,1,0,0,1,0,0
ENSMUSG00000113898,Gm19144,0,0,0,0,0,0,0,0,0,0,0,0
ENSMUSG00000113491,Gm19221,7,5,6,5,5,3,8,8,5,3,2,2
ENSMUSG00000095170,Ighv8-11,0,0,0,0,0,0,0,0,0,0,0,0
ENSMUSG00002075853,#N/A,0,0,0,0,0,0,0,1,0,0,0,0
ENSMUSG00000106283,Rpl7a-ps2,0,0,0,1,0,0,0,0,0,0,1,1
ENSMUSG00000095519,Ighv1-66,0,0,0,0,0,0,0,0,0,0,0,0
ENSMUSG00000095863,Ighv1-67,0,0,0,0,0,0,0,0,0,0,0,0
ENSMUSG00000105582,Ighv1-68,0,0,0,0,0,0,0,0,0,0,0,0
ENSMUSG00000106077,Gm5660,0,0,0,0,0,0,0,0,1,0,0,0
ENSMUSG00000106420,Gm9245,0,0,0,0,0,0,0,0,0,0,0,0
ENSMUSG00000094502,Ighv1-69,0,0,0,0,0,0,0,0,0,0,0,0
ENSMUSG00000076731,Ighv8-12,0,0,0,0,0,0,0,0,0,0,0,0
ENSMUSG00000105737,Gm6105,0,0,0,0,0,0,0,0,0,0,0,0
ENSMUSG00000108559,Gm44782,0,0,0,0,0,0,0,0,0,0,0,0
ENSMUSG00000106601,Ighv1-70,0,0,0,0,0,0,0,0,0,0,0,0
ENSMUSG00000098336,Mir6388,0,0,0,0,0,0,0,0,0,0,0,0
ENSMUSG00000096577,Ighv1-71,0,0,0,0,0,0,0,0,0,0,0,0
ENSMUSG00000096074,Ighv1-72,0,0,0,0,0,0,0,0,0,0,0,0
ENSMUSG00000076733,Ighv8-13,0,0,0,0,0,0,0,0,0,0,0,0
ENSMUSG00000105749,Gm9251,0,0,0,0,0,0,0,0,0,0,0,0
ENSMUSG00000106599,Ighv1-73,0,0,0,0,0,0,0,0,0,0,0,0
ENSMUSG00000094124,Ighv1-74,0,0,0,0,0,0,0,0,0,0,0,0
ENSMUSG00000091087,Ighv8-14,0,0,0,0,0,0,0,0,0,0,0,0
ENSMUSG00000105669,Gm18341,0,0,0,0,0,0,0,0,0,0,0,0
ENSMUSG00000104780,Gm19843,0,0,0,0,0,0,0,1,0,0,0,0
ENSMUSG00000096020,Ighv1-75,0,0,0,0,0,0,0,0,0,0,0,0
ENSMUSG00000104542,Ighv8-15,0,0,0,0,0,0,0,0,0,0,0,0
ENSMUSG00000093896,Ighv1-76,0,0,0,0,0,0,0,0,0,0,0,0
ENSMUSG00000106482,Ighv8-16,0,0,0,0,0,0,0,0,0,0,0,0
ENSMUSG00000096452,Ighv1-77,0,0,0,0,0,0,0,0,0,0,0,0
ENSMUSG00000096326,Ighv1-78,0,0,0,0,0,0,0,0,0,0,0,0
ENSMUSG00000020651,Slc26a4,0,0,0,0,0,0,0,0,0,0,0,1
ENSMUSG00000106645,Gm42643,0,0,0,0,0,0,0,0,0,0,0,0
ENSMUSG00000112718,Gm48524,0,0,0,0,0,0,0,0,0,0,0,0
ENSMUSG00000104590,Gm5034,0,0,0,0,0,0,0,0,0,0,0,0
ENSMUSG00000105123,Ighv1-79,0,0,0,0,0,0,0,0,0,0,0,0
ENSMUSG00000105928,Gm9256,0,0,0,0,0,0,0,0,0,0,0,0
ENSMUSG00000021012,Zc3h14,1755,1666,1304,1280,1448,1307,1184,1508,1591,1451,1636,1527
ENSMUSG00000094075,Ighv1-80,0,0,0,0,0,0,0,0,0,0,0,0
ENSMUSG00000094689,Ighv1-81,0,0,0,0,0,0,0,0,0,0,0,0
ENSMUSG00000106434,Gm42990,0,0,0,0,0,0,0,0,0,0,0,0
ENSMUSG00000106041,Olfr241-ps1,0,0,0,0,0,0,0,0,0,0,0,0
ENSMUSG00000113341,9430031K09Rik,5,3,3,1,1,3,1,10,4,1,2,4
ENSMUSG00000113196,D230049E03Rik,11,8,4,5,7,5,2,7,4,10,4,5
ENSMUSG00000020650,Bcap29,2385,2340,2061,2014,2152,1798,2046,2195,2394,2503,2539,2297
ENSMUSG00000095127,Ighv1-82,0,0,0,0,0,0,0,0,0,0,0,0
ENSMUSG00000105757,Ighv1-83,0,0,0,0,0,0,0,0,0,0,0,0
ENSMUSG00000020648,Dus4l,429,575,506,475,544,381,421,430,477,460,547,463
ENSMUSG00000094940,Ighv1-84,0,0,0,0,0,0,0,0,0,0,0,0
ENSMUSG00000106239,Gm9260,1,0,2,3,1,0,1,0,1,1,1,0
ENSMUSG00000096150,Ighv1-85,0,1,0,0,0,0,0,0,3,0,0,0
ENSMUSG00000105605,Ighv1-86,0,0,0,0,0,0,0,0,0,0,0,0
ENSMUSG00000042063,Zfp386,204,236,159,191,173,203,201,253,173,252,200,180
ENSMUSG00000035933,Cog5,1460,1443,1103,1125,1366,1009,753,1088,1335,1359,1628,1490
ENSMUSG00000044067,Gpr22,0,0,0,0,0,0,0,0,0,0,0,0
ENSMUSG00000112033,Gm48808,0,1,4,0,1,0,2,0,1,0,0,1
ENSMUSG00000112779,Gm18029,1,0,3,1,0,0,1,1,1,2,0,2
ENSMUSG00000111987,Gm48809,0,0,0,0,0,0,0,0,0,0,0,0
ENSMUSG00000088242,Gm25913,0,0,0,0,0,0,0,0,0,1,0,0
ENSMUSG00000011171,Vipr2,1,0,1,1,4,0,1,1,0,0,0,2
ENSMUSG00000093765,Gm20658,0,0,1,1,0,0,0,1,0,0,0,0
ENSMUSG00000113304,Gm48618,0,0,0,0,0,0,0,0,0,0,0,0
ENSMUSG00002076861,#N/A,0,0,0,0,0,0,0,0,0,0,0,0
ENSMUSG00000113002,Gm48620,0,0,0,0,1,0,2,0,1,1,0,0
ENSMUSG00000118807,#N/A,0,0,0,0,0,0,0,0,0,0,0,0
ENSMUSG00000042050,Wdr60,53,72,40,31,48,59,43,59,38,42,77,51
ENSMUSG00000051166,Eml5,762,826,672,628,588,549,399,632,716,726,689,642
ENSMUSG00002075267,#N/A,0,0,0,0,0,0,0,0,0,0,0,0
ENSMUSG00000078984,Gm11027,0,0,0,0,0,0,0,0,0,0,0,0
ENSMUSG00000113527,Gm48079,5,3,9,4,9,6,11,2,8,6,3,2
ENSMUSG00000113852,Gm48062,8,13,8,8,10,10,9,11,14,7,15,6
ENSMUSG00000113020,Gm48063,1,6,3,1,1,2,2,3,3,1,2,6
ENSMUSG00000113102,A930040O22Rik,0,0,0,1,0,0,0,0,0,0,0,2
ENSMUSG00000021013,Ttc8,12,15,9,6,20,13,10,10,13,9,20,14
ENSMUSG00000114021,Gm47109,0,0,0,0,0,0,0,0,0,0,0,0
ENSMUSG00000114089,Gm47116,0,0,0,0,0,0,0,0,0,0,0,0
ENSMUSG00000062582,Rpl30-ps8,0,0,0,0,0,0,0,0,0,0,0,0
ENSMUSG00000113210,4930474N09Rik,0,2,0,0,0,0,0,0,0,1,0,0
ENSMUSG00000021171,Esyt2,1042,1120,983,894,991,564,799,1043,858,785,929,828
ENSMUSG00000112980,D430020J02Rik,160,175,131,125,130,89,83,103,147,142,123,109
ENSMUSG00000002996,Hbp1,78,81,91,79,72,32,76,105,54,72,53,52
ENSMUSG00000033713,Foxn3,2377,2297,1854,1589,1993,1121,1540,1735,2483,2232,2182,2121
ENSMUSG00000093419,Gm19898,0,0,0,0,0,0,0,0,0,0,0,0
ENSMUSG00000042029,Ncapg2,1091,1060,1112,1041,1524,1179,1026,1567,942,872,1260,1097
ENSMUSG00000093465,Gm20682,2,1,3,1,0,2,6,10,5,3,0,2
ENSMUSG00000084629,Gm25112,0,0,0,0,0,0,0,0,0,0,0,0
ENSMUSG00000089468,Gm27649,0,0,0,0,0,0,0,0,0,0,0,0
ENSMUSG00000033731,3300002A11Rik,0,0,0,0,0,0,0,0,0,0,0,0
ENSMUSG00000113106,Gm47139,3,1,0,2,4,0,3,4,3,5,2,4
ENSMUSG00000113003,Gm47138,5,3,9,11,4,3,8,8,4,7,5,6
ENSMUSG00000113610,Gm47132,3,2,3,0,0,0,1,5,0,1,1,2
ENSMUSG00000097917,Gm26839,6,5,4,4,5,6,2,3,4,8,15,7
ENSMUSG00000113138,Gm47177,0,0,0,0,0,0,0,0,0,0,0,0
ENSMUSG00000114190,4930556H04Rik,23,49,9,11,13,8,9,17,24,35,23,27
ENSMUSG00000100211,1700064M15Rik,1,1,0,1,0,2,0,0,0,1,2,1
ENSMUSG00000113012,Gm47196,2,3,1,4,3,2,0,4,4,5,2,3
ENSMUSG00000113136,Gm19951,28,42,20,17,34,25,21,9,30,35,51,30
ENSMUSG00000002997,Prkar2b,36,21,31,29,25,42,41,38,42,32,27,27
ENSMUSG00000112569,Gm33111,0,0,0,0,0,0,0,0,0,0,0,0
ENSMUSG00000112071,5430401H09Rik,0,0,0,0,0,0,0,0,0,0,0,0
ENSMUSG00000021176,Efcab11,10,10,18,13,26,20,19,26,15,11,19,20
ENSMUSG00000056553,Ptprn2,0,0,0,0,0,0,0,1,0,0,0,0
ENSMUSG00000113877,Gm47208,2,0,0,1,0,0,2,1,0,0,0,0
ENSMUSG00000113577,Gm19238,3,1,0,0,5,0,0,0,2,0,2,1
ENSMUSG00000101236,Gm6750,0,0,0,0,0,0,0,0,0,0,0,0
ENSMUSG00000113147,Gm47207,0,0,0,0,0,0,0,0,0,0,0,0
ENSMUSG00000113540,Gm47206,1,0,1,1,0,1,1,3,1,1,0,2
ENSMUSG00000101814,Gm17807,0,0,0,0,0,0,0,0,0,0,0,0
ENSMUSG00000113795,Gm48119,0,0,0,0,0,0,0,0,0,0,0,0
ENSMUSG00000099907,Gm10421,0,0,0,0,0,0,0,0,0,0,0,0
ENSMUSG00000101930,Gm5441,0,0,0,0,0,1,0,0,0,0,0,0
ENSMUSG00000065538,Mir153,0,0,0,0,0,0,0,0,0,0,0,0
ENSMUSG00000020573,Pik3cg,397,412,426,367,561,299,408,470,346,310,544,467
ENSMUSG00000021177,Tdp1,615,638,547,598,739,376,573,605,589,519,765,697
ENSMUSG00000111893,Gm47928,0,0,0,0,0,0,0,0,0,0,0,0
ENSMUSG00000113223,Gm48147,0,0,1,0,0,0,0,0,0,0,1,0
ENSMUSG00000112578,Gm33308,0,0,0,0,0,0,0,0,0,0,0,0
ENSMUSG00002076203,#N/A,0,0,0,0,0,1,0,0,0,0,0,0
ENSMUSG00000090946,Ccdc71l,1323,1429,1073,1135,857,513,950,1021,1012,846,749,832
ENSMUSG00000112865,Gm40375,0,0,0,0,0,0,0,0,0,0,0,0
ENSMUSG00000112171,Gm17820,0,0,0,0,0,0,0,0,0,0,0,0
ENSMUSG00000112617,Gm47937,0,0,0,0,0,0,0,0,0,0,0,0
ENSMUSG00000112218,Gm18726,1,2,3,0,1,0,1,0,5,2,2,2
ENSMUSG00000045404,Kcnk13,9,10,10,4,2,10,1,6,9,11,7,8
ENSMUSG00002075118,#N/A,0,0,0,0,0,0,0,0,0,0,0,0
ENSMUSG00000113268,4930477G07Rik,2,0,0,0,0,0,0,0,0,0,0,0
ENSMUSG00000112999,9530050K03Rik,0,0,0,0,0,0,0,0,0,0,0,0
ENSMUSG00000020572,Nampt,2356,2279,2131,2107,2280,2048,2068,2637,2466,2334,2506,2274
ENSMUSG00000021178,Psmc1,2999,3465,2673,2904,2885,2165,3114,2904,3113,2721,2845,2553
ENSMUSG00000112166,Gm47948,0,0,0,0,0,0,0,0,0,0,0,0
ENSMUSG00000097494,4933406C10Rik,1,0,0,3,2,1,0,1,1,1,0,0
ENSMUSG00000112124,Gm19056,0,0,0,0,0,0,0,0,0,0,0,0
ENSMUSG00000112916,Gm18622,0,0,0,0,0,0,0,0,0,0,0,0
ENSMUSG00000112887,Gm47961,0,0,0,0,0,0,0,0,0,0,0,0
ENSMUSG00000021179,Nrde2,458,505,375,439,433,214,439,478,422,416,406,352
ENSMUSG00000113335,Gm48296,0,0,0,0,0,0,0,0,0,0,0,0
ENSMUSG00000072884,Gm10433,3,4,1,1,0,1,1,1,1,2,2,1
ENSMUSG00000020570,Sypl,739,844,667,654,678,402,652,674,685,700,542,609
ENSMUSG00000089136,Gm24922,0,0,0,0,0,0,0,0,0,0,0,0
ENSMUSG00000041992,Rapgef5,498,579,377,340,372,212,327,416,406,401,367,317
ENSMUSG00002074980,#N/A,0,0,0,0,0,0,0,0,0,0,0,0
ENSMUSG00000113575,A930023M06Rik,1,0,0,0,1,0,0,0,2,0,0,1
ENSMUSG00000113840,Gm18955,0,2,0,1,0,0,0,0,0,2,0,1
ENSMUSG00000035860,Cdhr3,1,1,3,5,9,0,2,5,2,0,0,0
ENSMUSG00002076286,#N/A,2,0,0,0,0,0,0,1,0,0,1,0
ENSMUSG00000021175,Cdca7l,1699,1886,1720,1856,2443,1476,1824,1877,1985,1693,2256,2141
ENSMUSG00000093544,Gm20613,0,0,0,0,0,0,0,0,0,0,0,0
ENSMUSG00000001175,Calm1,14727,16261,13327,13574,14132,9826,13942,13782,15266,13451,12483,11870
ENSMUSG00000113362,Gm40557,0,1,0,0,0,0,0,0,0,0,0,0
ENSMUSG00000052125,F730043M19Rik,172,202,221,187,198,114,131,177,129,117,196,184
ENSMUSG00000084979,Gm16267,0,0,0,0,0,0,0,0,0,0,0,0
ENSMUSG00000113679,Gm10432,1,0,1,0,1,1,2,0,0,0,0,0
ENSMUSG00000021068,Nin,3167,3146,2658,2442,2281,2006,1889,3012,3020,2797,2314,2015
ENSMUSG00000114099,Gm48695,0,1,0,0,0,0,0,0,0,0,0,0
ENSMUSG00000033530,Ttc7b,1035,1171,840,840,951,512,760,911,992,950,888,886
ENSMUSG00000113917,Gm48382,5,2,4,4,3,5,2,6,1,7,1,3
ENSMUSG00000113864,Gm48381,1,0,3,1,1,0,2,3,5,1,1,1
ENSMUSG00000090121,Abhd12b,17,29,24,25,23,17,18,22,19,14,4,10
ENSMUSG00000113895,Gm48383,0,0,0,0,0,1,0,0,0,0,1,0
ENSMUSG00000020564,Atxn7l1,953,1027,738,756,518,502,659,880,586,631,442,388
ENSMUSG00000079143,Atxn7l1os1,0,0,0,0,1,0,0,0,0,0,0,0
ENSMUSG00000085664,Atxn7l1os2,0,0,0,0,0,0,0,0,0,0,0,0
ENSMUSG00000020562,Efcab10,0,0,0,0,0,0,0,0,0,0,0,0
ENSMUSG00000018581,Dnah11,7,8,4,10,8,13,4,3,4,6,8,8
ENSMUSG00000112094,Gm47506,0,0,0,0,0,0,0,0,0,0,0,0
ENSMUSG00000021069,Pygl,128,158,132,154,62,30,165,252,67,67,26,23
ENSMUSG00000085298,F730035M05Rik,0,0,0,0,0,0,2,0,0,0,0,0
ENSMUSG00000113831,Gm49602,57,72,78,76,75,61,65,109,63,63,50,54
ENSMUSG00000020561,Twistnb,1630,1870,1287,1537,1491,1239,1371,1500,1696,1720,1569,1492
ENSMUSG00000119573,#N/A,0,0,0,0,0,0,0,0,0,0,0,0
ENSMUSG00000112076,Gm9368,0,1,0,0,0,0,0,0,0,0,0,0
ENSMUSG00000114064,Gm9370,3,2,2,2,3,0,6,3,0,2,4,2
ENSMUSG00000114082,Gm40383,0,0,0,0,0,0,0,0,0,0,0,0
ENSMUSG00000046518,Ferd3l,0,0,0,0,0,0,0,0,0,0,0,0
ENSMUSG00000035799,Twist1,108,107,85,90,75,47,39,44,66,85,35,45
ENSMUSG00000025323,Sp4,655,582,577,554,576,503,483,714,567,607,643,581
ENSMUSG00000119869,#N/A,0,0,0,0,0,0,0,0,0,0,1,0
ENSMUSG00000113875,D230030E09Rik,0,0,0,0,0,0,0,0,0,0,0,0
ENSMUSG00000114034,Gm9267,0,0,0,0,3,2,1,0,2,0,0,0
ENSMUSG00000113546,Gm18441,0,1,0,0,0,0,0,0,0,0,1,0
ENSMUSG00002076723,#N/A,0,0,0,0,0,0,0,0,0,0,0,0
ENSMUSG00000113633,Gm29689,0,0,0,0,0,0,0,0,0,0,0,0
ENSMUSG00000113169,Gm6171,0,0,0,0,0,0,0,0,0,0,0,0
ENSMUSG00000048562,Sp8,0,0,0,0,2,1,0,0,0,0,0,0
ENSMUSG00000072791,Abcb5,0,0,0,0,0,0,0,0,0,0,0,0
ENSMUSG00000114030,Gm18921,0,0,0,0,0,0,0,0,0,0,0,0
ENSMUSG00000025321,Itgb8,32,11,39,29,39,25,21,23,20,23,26,38
ENSMUSG00000021180,Rps6ka5,41,52,64,61,87,55,77,90,52,68,70,76
ENSMUSG00000021908,Gm6768,1,5,1,2,4,0,1,2,2,5,3,2
ENSMUSG00000113687,Gm49703,0,0,0,0,0,0,0,0,0,0,0,0
ENSMUSG00000113195,Gm48586,0,1,0,1,0,0,1,0,1,1,0,0
ENSMUSG00000113250,Gm48585,0,0,0,1,1,2,0,0,0,0,0,0
ENSMUSG00000113113,Gm2614,14,10,6,5,8,1,6,3,26,3,4,9
ENSMUSG00000064572,Gm25801,0,0,0,0,0,0,0,0,0,0,0,0
ENSMUSG00000041886,Macc1,0,0,0,0,1,7,1,0,0,1,0,2
ENSMUSG00000113192,Gm18032,1,2,0,1,3,1,0,0,0,2,0,0
ENSMUSG00000114186,Gm48681,0,0,0,0,0,1,0,0,0,0,0,0
ENSMUSG00000113091,Gm9279,0,0,0,0,0,0,0,0,1,2,0,0
ENSMUSG00000114137,Gm48685,0,0,0,0,0,0,0,0,0,0,0,0
ENSMUSG00000112946,Gm9280,1,1,1,1,3,0,2,2,3,0,0,2
ENSMUSG00000113460,Gm48686,0,0,0,0,0,0,0,0,0,0,0,0
ENSMUSG00002075469,#N/A,0,0,0,0,0,0,0,0,0,0,0,0
ENSMUSG00000048004,Tmem196,0,0,0,0,0,0,0,0,0,0,0,0
ENSMUSG00000098707,Gm27236,0,0,0,0,0,0,0,0,0,0,0,0
ENSMUSG00000021185,Dglucy,124,140,141,150,299,181,155,167,143,147,282,272
ENSMUSG00000113159,Gm48771,2,1,1,0,2,2,1,2,3,2,2,2
ENSMUSG00000082604,Gm8482,17,28,29,34,4,6,19,32,24,20,6,4
ENSMUSG00000047415,Gpr68,5419,5745,4492,4586,4033,1943,3280,4038,4892,4447,3685,3470
ENSMUSG00000118530,AC126262.1,2,2,2,5,7,3,0,5,2,4,0,0
ENSMUSG00000021071,Trim9,24,31,25,19,10,8,7,24,17,34,8,6
ENSMUSG00000113694,Gm48747,0,0,0,0,0,0,0,0,0,0,0,0
ENSMUSG00000112945,Gm32151,0,0,0,0,0,0,0,1,1,0,0,0
ENSMUSG00000021072,Tmx1,1682,1434,1235,1225,1323,1271,1365,1409,1547,1366,1673,1533
ENSMUSG00000113944,Gm48847,0,0,0,0,0,0,0,0,0,0,0,0
ENSMUSG00000113302,Gm32219,0,0,0,0,0,0,0,0,0,0,0,0
ENSMUSG00000114005,Gm24474,0,0,0,0,0,0,0,1,0,0,0,0
ENSMUSG00000088068,Gm47290,0,0,0,0,0,0,0,0,0,0,0,0
ENSMUSG00000114159,Gm48866,0,0,0,0,0,0,0,0,0,0,0,0
ENSMUSG00000112950,Gm32369,0,0,1,1,0,0,0,0,0,0,0,0
ENSMUSG00000113900,Gm40437,0,0,1,1,0,0,0,0,0,0,0,0
ENSMUSG00000004698,Hdac9,14,35,25,19,10,15,8,10,23,17,32,28
ENSMUSG00000113756,Gm18025,0,0,1,0,0,0,0,0,0,0,1,0
ENSMUSG00000113386,Gm47357,0,0,0,0,0,0,0,0,0,0,0,0
ENSMUSG00000052376,4921508M14Rik,0,0,0,0,0,0,0,0,0,0,0,0
ENSMUSG00000077264,Gm24429,0,0,0,0,0,0,0,0,0,0,0,0
ENSMUSG00000092305,Prps1l1,0,0,0,0,0,1,0,0,0,0,0,0
ENSMUSG00002074944,#N/A,0,0,0,0,0,0,0,0,0,0,0,0
ENSMUSG00000048285,Frmd6,1396,1739,1335,1371,1148,539,961,1316,1330,1218,1131,1054
ENSMUSG00000113584,Gm46355,0,0,0,0,0,0,0,0,0,0,1,0
ENSMUSG00000113707,Gm10457,1,0,0,0,1,0,2,0,0,0,0,0
ENSMUSG00002076733,#N/A,0,0,0,0,0,0,0,0,0,0,0,0
ENSMUSG00000021182,Ccdc88c,4588,4591,4022,3806,3125,2166,2467,3968,3738,3603,3391,3337
ENSMUSG00000021076,Actr10,1232,1488,1108,1100,1185,588,1189,1188,1288,1075,1129,1065
ENSMUSG00000097160,A630072L19Rik,1,0,1,1,2,0,1,2,4,0,1,3
ENSMUSG00000113634,Gm36756,1,4,3,0,0,0,0,0,1,0,1,0
ENSMUSG00000080575,Mir1190,1,1,0,0,0,0,0,2,0,0,0,2
ENSMUSG00000114113,Gm47639,2,2,1,1,0,0,0,0,0,0,2,1
ENSMUSG00000020590,Snx13,472,419,345,350,297,242,248,344,357,406,347,296
ENSMUSG00000113792,Gm10933,0,0,5,0,1,3,1,0,0,2,0,1
ENSMUSG00000113571,Gm48137,7,4,1,7,3,2,2,3,2,8,2,4
ENSMUSG00000076253,Mir680-3,0,0,0,0,0,0,0,0,0,0,0,0
ENSMUSG00002075129,#N/A,0,0,0,0,0,0,0,0,0,0,0,1
ENSMUSG00000119582,#N/A,0,0,0,0,0,0,0,0,0,0,0,0
ENSMUSG00000060073,Psma3,480,501,397,523,597,303,517,510,534,473,508,476
ENSMUSG00000085622,3110056K07Rik,77,86,85,76,90,106,53,104,88,78,114,121
ENSMUSG00000019256,Ahr,1156,1316,1139,1193,1645,1048,784,1075,1470,1404,1129,1143
ENSMUSG00000113741,Gm48236,6,2,4,12,1,3,5,2,7,11,5,1
ENSMUSG00000113580,Gm48237,0,0,0,0,0,0,0,0,0,0,1,0
ENSMUSG00000113548,Gm34047,0,0,4,1,0,0,0,1,0,0,1,0
ENSMUSG00000113985,9130015A21Rik,5,3,8,6,6,1,5,0,5,6,1,0
ENSMUSG00000113833,Gm48264,0,0,0,0,0,0,0,0,0,0,0,0
ENSMUSG00000114058,Gm46317,0,0,0,0,0,0,0,0,0,0,0,0
ENSMUSG00000114167,Gm7002,4,0,4,0,1,2,0,2,3,2,0,1
ENSMUSG00000114090,Gm9472,0,0,0,0,0,0,0,0,0,0,0,0
ENSMUSG00000041846,Ppp4r3a,5382,5055,4379,4273,4183,3822,3528,4562,4939,4773,4802,4344
ENSMUSG00000036231,Agr3,4,2,4,6,12,2,2,3,6,5,4,1
ENSMUSG00000097121,D130020L05Rik,32,23,19,33,43,18,20,23,30,21,30,28
ENSMUSG00000113817,Gm21056,0,0,0,0,0,0,0,0,0,0,0,0
ENSMUSG00000092054,Kif4-ps,0,0,0,0,0,0,0,0,0,0,0,0
ENSMUSG00000098167,Gm18848,4,1,4,6,4,4,1,4,3,5,3,3
ENSMUSG00000020581,Agr2,0,0,0,0,0,0,0,0,0,0,0,0
ENSMUSG00000113134,Gm18795,0,0,0,0,0,0,0,0,0,0,0,0
ENSMUSG00000113178,Mylf-ps,0,0,0,0,0,0,0,0,0,0,0,0
ENSMUSG00000119861,#N/A,0,0,0,0,0,0,0,0,0,0,0,0
ENSMUSG00000020577,Tspan13,1147,1366,1310,1367,1878,973,1575,1526,1468,1279,1479,1396
ENSMUSG00000059301,Gm5434,0,0,0,2,0,0,1,0,0,0,0,0
ENSMUSG00000048118,Arid4a,782,745,607,588,646,843,580,786,626,676,701,686
ENSMUSG00000021078,Tomm20l,0,0,0,0,0,0,0,0,0,0,0,0
ENSMUSG00000047014,Catsperb,0,0,0,0,0,0,0,0,0,0,0,0
ENSMUSG00002075596,#N/A,0,0,0,0,0,0,0,0,0,0,0,0
ENSMUSG00000021079,Timm9,1199,1521,1328,1338,1320,757,1265,1199,1250,1188,1259,1195
ENSMUSG00000020547,Bzw2,4178,4559,3917,4199,5286,2701,4181,4107,4833,4327,4571,4384
ENSMUSG00000113732,Gm18115,0,0,0,0,0,0,0,0,0,0,0,0
ENSMUSG00000113349,Gm48369,10,6,8,4,4,9,2,16,11,7,8,5
ENSMUSG00000036188,Ankmy2,263,266,224,219,252,218,190,237,247,253,251,225
ENSMUSG00000113511,Gm19046,2,1,1,6,1,2,1,4,4,4,2,3
ENSMUSG00000021187,Tc2n,0,0,0,0,0,2,0,0,0,0,0,0
ENSMUSG00000090152,Gm16285,0,0,0,0,0,0,0,0,0,0,0,0
ENSMUSG00000020545,Lrrc72,0,0,0,1,0,2,1,0,0,1,0,0
ENSMUSG00000113832,Gm40392,0,0,0,0,0,0,0,1,0,0,0,0
ENSMUSG00000036169,Sostdc1,0,1,1,0,1,7,0,0,6,1,1,2
ENSMUSG00000114141,Gm34215,0,0,0,0,0,0,0,0,0,0,0,0
ENSMUSG00000088906,Gm25438,0,0,0,0,0,0,0,0,0,0,0,0
ENSMUSG00000091007,D630036H23Rik,3,3,8,1,6,1,4,4,4,5,2,1
ENSMUSG00000021186,Fbln5,0,1,2,2,1,0,0,0,3,1,0,0
ENSMUSG00000034601,2700049A03Rik,78,75,85,85,150,136,70,107,80,76,118,139
ENSMUSG00000113878,Gm19045,0,0,0,0,0,0,0,0,0,0,0,0
ENSMUSG00000113572,Gm7959,0,0,0,0,0,1,0,0,0,0,0,0
ENSMUSG00000044548,Dact1,1,0,0,1,2,0,1,1,5,1,0,0
ENSMUSG00000087109,4930474H06Rik,0,0,0,0,0,0,0,0,0,0,0,0
ENSMUSG00000113278,Gm33016,0,0,0,0,0,0,0,0,0,0,0,0
ENSMUSG00000113441,Gm40438,0,0,0,0,0,0,0,0,0,0,0,0
ENSMUSG00000100668,1700083H02Rik,0,0,0,0,0,0,0,0,0,0,0,0
ENSMUSG00000021188,Trip11,2074,2165,1670,1538,1536,1549,973,1634,1464,1688,1708,1578
ENSMUSG00000113630,4930404H11Rik,0,0,0,0,0,0,0,0,0,0,0,0
ENSMUSG00000093758,Gm20701,0,0,0,0,0,0,0,0,0,0,0,0
ENSMUSG00000093437,Gm20702,4,4,3,4,1,2,2,3,14,5,5,9
ENSMUSG00000093579,Gm20036,10,4,6,10,7,2,6,6,4,3,7,6
ENSMUSG00000114028,9630002D21Rik,0,0,0,0,1,0,0,0,0,0,0,0
ENSMUSG00002076454,#N/A,0,0,0,0,0,0,0,0,0,0,0,0
ENSMUSG00000114063,Gm47555,0,0,0,0,0,0,0,0,0,0,0,0
ENSMUSG00000113422,Gm47556,1,0,0,0,0,0,0,0,0,0,0,0
ENSMUSG00000043153,Crppa,16,24,16,15,23,20,17,22,13,14,11,12
ENSMUSG00000114135,Gm7252,1,0,0,2,0,0,1,0,0,0,0,1
ENSMUSG00000092998,Mir5099,0,0,0,0,0,0,0,0,0,0,0,0
ENSMUSG00000113064,Gm40394,0,0,0,0,0,0,0,0,0,0,0,0
ENSMUSG00000113507,Gm48613,0,0,0,0,0,0,0,0,0,0,0,0
ENSMUSG00000112974,Gm18026,0,0,0,0,0,0,0,0,0,0,0,0
ENSMUSG00002074952,#N/A,0,0,0,0,0,0,0,0,0,0,0,0
ENSMUSG00000114052,Gm48616,0,0,0,0,0,0,0,0,0,0,0,0
ENSMUSG00000113764,Gm48617,0,0,0,0,1,0,0,0,0,0,0,0
ENSMUSG00000101067,Gm29007,0,0,0,0,0,0,0,0,0,0,0,0
ENSMUSG00000021189,Atxn3,971,938,783,735,704,504,553,871,838,812,858,773
ENSMUSG00000036144,Meox2,0,0,0,0,0,1,0,0,0,0,0,0
ENSMUSG00000113902,Ndufb1-ps,745,851,769,867,824,553,889,798,787,760,724,706
ENSMUSG00000041781,Cpsf2,2867,2985,2331,2437,2420,1510,2075,2507,2760,2506,2520,2329
ENSMUSG00000090050,Gm16339,0,0,0,0,0,0,0,0,0,0,0,0
ENSMUSG00000050103,Agmo,1,0,0,1,0,0,0,0,0,1,0,0
ENSMUSG00000113005,Gm34408,0,0,0,0,0,0,0,0,0,0,0,0
ENSMUSG00000114007,Gm48660,0,0,0,0,0,0,0,0,0,0,0,0
ENSMUSG00000034574,Daam1,156,180,131,140,142,141,117,158,149,114,165,147
ENSMUSG00000098224,Gm7985,22,27,25,20,4,0,26,13,24,12,7,23
ENSMUSG00000114155,Gm7986,2,4,5,4,2,2,7,5,10,4,3,1
ENSMUSG00000043398,Gpr135,4,3,4,2,2,2,1,3,10,4,3,4
ENSMUSG00000019718,L3hypdh,3,2,2,1,13,5,3,5,9,4,6,6
ENSMUSG00000041771,Slc24a4,0,0,0,0,0,0,1,0,2,0,3,1
ENSMUSG00000105037,Gm25203,0,0,0,0,0,0,0,0,0,0,0,0
ENSMUSG00000064776,Gm25203,0,0,0,0,0,0,0,0,0,0,0,0
ENSMUSG00000005078,Jkamp,528,561,411,438,473,262,466,467,541,546,456,417
ENSMUSG00000021086,Ccdc175,0,0,0,0,0,0,0,0,0,0,0,0
ENSMUSG00000113976,Gm18243,0,0,0,0,0,0,0,0,0,0,0,0
ENSMUSG00002076562,#N/A,0,0,0,0,0,0,0,0,0,0,0,0
ENSMUSG00000044456,Rin3,1150,1130,888,933,801,374,810,1023,999,922,821,783
ENSMUSG00000036095,Dgkb,0,0,0,2,0,1,0,0,0,0,0,0
ENSMUSG00000113154,Gm48713,0,0,0,0,0,1,0,0,0,0,0,0
ENSMUSG00000113608,Gm48715,0,0,0,0,0,1,0,0,0,0,1,0
ENSMUSG00000113941,Gm35755,0,0,0,0,0,0,0,0,0,0,0,0
ENSMUSG00000113248,Gm18338,0,0,0,0,0,0,0,0,0,0,0,0
ENSMUSG00000112967,4930428E07Rik,0,0,0,0,0,0,0,0,0,0,0,0
ENSMUSG00000113968,Gm48813,0,0,0,0,0,0,0,0,0,0,0,0
ENSMUSG00000113520,Gm4257,0,0,0,0,0,0,0,0,0,0,0,0
ENSMUSG00000021087,Rtn1,0,0,0,2,3,1,1,2,2,0,0,1
ENSMUSG00000021190,Lgmn,9,4,4,2,7,7,5,9,4,0,7,9
ENSMUSG00000113265,Gm30198,0,0,0,0,0,0,0,0,0,0,0,0
ENSMUSG00000021192,Golga5,1311,1350,1092,1094,1027,761,863,1168,1097,1039,939,825
ENSMUSG00000021194,Chga,6,1,8,0,8,2,1,1,1,3,5,4
ENSMUSG00000057963,Itpk1,737,828,749,796,748,329,763,893,752,670,622,557
ENSMUSG00000102953,Gm37019,7,10,7,14,8,8,9,13,3,6,23,9
ENSMUSG00000095174,Gm20069,7,12,7,7,3,3,6,2,3,7,5,6
ENSMUSG00000096751,Gm28373,6,4,9,10,9,8,10,14,7,6,7,11
ENSMUSG00000089324,Mir1936,0,0,0,0,0,0,0,1,1,1,0,0
ENSMUSG00000098530,Gm28051,0,0,0,0,0,0,0,0,0,0,0,0
ENSMUSG00000100006,Gm21971,0,0,0,0,0,0,0,0,0,0,0,0
ENSMUSG00000041716,Gm20604,71,64,53,48,51,29,69,41,66,53,34,46
ENSMUSG00000096458,Moap1,1,0,0,0,0,0,0,1,0,2,0,0
ENSMUSG00000046675,Tmem251,482,472,386,420,387,263,417,390,457,380,372,431
ENSMUSG00000091931,Gon7,97,101,93,86,108,61,122,136,94,101,111,96
ENSMUSG00000041712,Ubr7,797,914,691,727,745,285,626,659,798,716,734,749
ENSMUSG00000114106,Gm47042,0,0,0,0,0,0,0,0,0,0,0,0
ENSMUSG00000021090,Lrrc9,0,1,1,0,0,1,0,0,0,2,0,0
ENSMUSG00002076912,#N/A,0,0,0,0,0,0,0,0,0,0,0,0
ENSMUSG00000034501,Pcnx4,293,338,261,250,253,109,244,290,296,247,230,240
ENSMUSG00000109482,Gm4756,0,0,0,0,0,1,0,0,0,0,0,0
ENSMUSG00000113143,Ly6e-ps1,0,0,1,0,0,0,0,0,0,0,0,0
ENSMUSG00000041702,Btbd7,1042,1095,923,818,865,623,740,980,921,946,895,889
ENSMUSG00000113907,Gm47167,0,0,0,0,0,0,0,0,0,0,0,0
ENSMUSG00000113067,Gm47166,0,1,0,0,2,0,2,1,2,0,2,0
ENSMUSG00000114184,Gm7143,22,8,3,7,6,0,10,4,13,17,6,13
ENSMUSG00000043319,Cox8c,0,0,0,0,0,0,0,0,0,0,0,0
ENSMUSG00000021094,Dhrs7,159,175,156,163,168,88,161,165,156,148,158,146
ENSMUSG00000112989,Gm48143,0,0,0,0,0,0,0,0,0,0,0,0
ENSMUSG00000021096,Ppm1a,2138,2285,1892,1922,1934,1200,1805,1930,2100,2017,1977,1765
ENSMUSG00000113779,Gm33785,0,0,0,0,0,0,0,0,0,0,0,0
ENSMUSG00000004151,Etv1,0,1,0,0,2,4,0,0,0,1,0,0
ENSMUSG00000113229,Gm18442,0,0,0,0,0,0,0,0,0,0,0,0
ENSMUSG00000113933,Gm34611,0,0,0,0,0,1,0,0,0,0,0,0
ENSMUSG00000113108,Gm47832,0,0,0,0,0,1,0,0,0,0,0,0
ENSMUSG00000113092,Gm34662,0,0,0,0,0,0,0,0,0,0,0,0
ENSMUSG00000113266,Gm19563,0,0,0,0,0,0,0,0,0,0,0,0
ENSMUSG00000113272,Gm34809,0,0,0,0,0,1,0,0,0,0,0,0
ENSMUSG00000113896,Gm18591,0,0,0,0,0,0,0,0,0,0,0,0
ENSMUSG00000114079,Gm47855,0,0,0,0,0,0,0,0,0,0,0,0
ENSMUSG00000077700,Gm24069,0,0,0,0,0,0,0,0,0,0,0,0
ENSMUSG00000113343,Gm34923,0,0,0,0,0,0,0,0,0,0,0,0
ENSMUSG00000113384,Gm47859,0,0,0,0,0,0,0,0,0,0,0,0
ENSMUSG00000077269,Gm24434,0,0,0,0,0,0,0,0,0,0,0,0
ENSMUSG00000113277,Gm18116,1,2,1,2,3,1,2,1,1,4,1,0
ENSMUSG00000113761,Gm4263,0,0,0,0,0,1,0,0,0,0,0,0
ENSMUSG00000113874,Gm47868,0,0,0,0,0,0,0,0,0,0,0,0
ENSMUSG00000114147,Gm18939,0,9,5,1,4,3,0,6,2,3,4,1
ENSMUSG00000047446,Arl4a,198,210,200,181,136,89,158,137,159,157,142,141
ENSMUSG00000086315,Arl4aos,0,0,0,0,0,0,0,0,0,0,0,0
ENSMUSG00000021098,4930447C04Rik,1,0,4,0,2,2,0,3,0,0,1,1
ENSMUSG00000021099,Six6,0,0,0,0,0,0,0,0,0,0,0,0
ENSMUSG00000097010,Gm26709,0,0,0,0,0,0,0,0,0,0,0,0
ENSMUSG00000102197,Gm38170,0,0,0,0,0,0,0,0,0,0,0,0
ENSMUSG00000051367,Six1,32,24,26,38,17,16,10,12,33,15,8,12
ENSMUSG00000034460,Six4,8,9,6,8,6,6,3,1,3,5,2,3
ENSMUSG00000002565,Scin,44,56,57,61,77,30,83,100,60,36,40,37
ENSMUSG00000071342,Lsmem1,0,0,1,1,1,0,0,1,0,1,0,0
ENSMUSG00000090387,Gm17056,1,0,0,0,1,4,0,1,0,0,0,0
ENSMUSG00000021103,Mnat1,517,571,426,497,460,448,478,499,562,524,459,380
ENSMUSG00000119928,#N/A,0,0,0,0,0,0,0,0,0,0,0,0
ENSMUSG00000034442,Trmt5,929,1165,859,918,884,539,754,841,918,884,857,764
ENSMUSG00000044712,Slc38a6,105,109,93,84,63,52,63,91,80,77,82,67
ENSMUSG00000001627,Ifrd1,1412,1561,1500,1470,1794,1177,1329,1391,1448,1307,1502,1274
ENSMUSG00000113425,Gm48653,16,13,8,8,3,3,2,2,7,7,2,6
ENSMUSG00000090582,Gm17024,29,32,28,24,20,8,15,21,38,29,22,21
ENSMUSG00000089371,Mir1938,8,16,19,11,14,0,14,12,12,16,4,5
ENSMUSG00000056359,D830013O20Rik,0,0,0,0,0,0,0,0,0,0,0,0
ENSMUSG00000113582,Gm33929,0,0,0,0,0,0,0,0,0,0,0,0
ENSMUSG00000114178,Gm48656,0,0,0,0,0,0,0,0,0,0,0,0
ENSMUSG00000035983,Gm7008,10,7,6,10,11,2,6,6,10,6,6,8
ENSMUSG00000113181,Gm47954,0,0,0,0,1,0,0,0,0,0,0,0
ENSMUSG00000113099,Gm34016,1,0,0,0,0,0,0,0,0,0,0,0
ENSMUSG00000034435,Tmem30b,18,27,13,19,5,3,10,11,31,15,16,16
ENSMUSG00000113800,2210039B01Rik,0,1,0,0,0,0,0,0,0,0,3,0
ENSMUSG00000021198,Unc79,0,0,0,0,0,7,0,0,0,0,1,0
ENSMUSG00002075821,#N/A,0,0,0,0,0,1,0,0,0,0,0,0
ENSMUSG00000113706,Gm47201,2,0,0,0,1,0,1,1,0,0,1,1
ENSMUSG00002075557,#N/A,0,0,0,0,0,0,0,0,0,0,0,0
ENSMUSG00000021108,Prkch,8875,9814,6204,6532,5006,2439,4895,6200,8059,7576,5023,4924
ENSMUSG00000113321,Gm8075,0,0,2,0,1,0,0,0,0,0,0,0
ENSMUSG00000113699,Gm48823,0,0,0,0,0,0,0,0,0,0,0,1
ENSMUSG00000087700,Gm15283,0,1,4,4,3,2,2,2,4,2,0,1
ENSMUSG00000055917,Zfp277,419,454,311,367,381,221,398,415,386,396,321,334
ENSMUSG00000041669,Prima1,0,0,0,0,0,0,0,0,0,0,0,0
ENSMUSG00000096753,Fam181a,0,0,0,0,0,0,0,0,0,0,0,0
ENSMUSG00000100789,Gm29508,0,0,0,0,0,0,0,0,0,0,0,0
ENSMUSG00000021200,Asb2,584,606,451,452,227,100,358,422,428,431,379,312
ENSMUSG00000090185,Gm15523,0,0,1,2,0,0,0,1,2,0,1,2
ENSMUSG00000110677,Gm45777,0,0,0,0,0,0,0,0,0,0,0,0
ENSMUSG00000021203,Otub2,30,21,29,22,17,3,22,19,19,20,24,23
ENSMUSG00000021109,Hif1a,7460,7353,8589,8416,8674,8454,7894,10573,7824,7414,10422,9541
ENSMUSG00000055271,9330161L09Rik,15,17,9,8,8,7,12,22,19,17,10,3
ENSMUSG00000114046,Snapc1l,0,0,0,0,0,0,0,0,0,0,0,0
ENSMUSG00000066457,S100a11-ps,0,0,1,1,0,0,3,0,2,0,0,1
ENSMUSG00000021113,Snapc1,596,644,615,566,629,511,514,620,664,555,678,635
ENSMUSG00000041645,Ddx24,5556,6335,4576,5116,4211,2574,4549,4985,5238,4839,4517,3855
ENSMUSG00000113328,Gm47260,183,188,190,157,159,130,98,148,138,153,186,182
ENSMUSG00000044912,Syt16,0,0,0,0,0,0,0,0,0,0,0,0
ENSMUSG00000100192,Gm29587,0,0,0,0,0,1,0,0,0,0,0,0
ENSMUSG00000071265,1700086L19Rik,0,0,0,0,0,0,0,0,0,0,0,0
ENSMUSG00000029878,Dbpht2,2,0,0,0,0,1,0,0,0,0,1,0
ENSMUSG00000113031,Gm34552,0,0,0,0,0,0,0,0,0,0,0,0
ENSMUSG00000079061,Gm11042,1,0,0,0,0,0,0,0,0,0,0,0
ENSMUSG00000113022,Gm9544,2,0,0,0,1,1,1,1,0,1,1,0
ENSMUSG00000113962,Gm47618,0,0,0,0,0,0,0,0,0,0,0,0
ENSMUSG00000113562,Gm47619,0,0,0,0,0,0,0,0,0,0,0,0
ENSMUSG00000113845,Gm39473,0,0,0,0,0,0,0,0,0,0,0,0
ENSMUSG00000113974,4930442G10Rik,0,0,0,0,0,0,0,0,0,0,0,0
ENSMUSG00000034402,Kcnh5,2,1,2,2,1,3,0,0,0,0,0,0
ENSMUSG00000035954,Dock4,28,8,14,25,14,28,9,12,12,9,22,20
ENSMUSG00000113435,Gm19441,0,0,0,0,0,1,0,0,0,0,0,0
ENSMUSG00000113510,Gm7239,7,3,4,6,1,2,2,4,5,2,2,6
ENSMUSG00000113337,Gm19220,1,0,0,1,2,3,4,1,2,2,1,0
ENSMUSG00000114166,Gm18246,0,0,0,0,0,0,0,0,0,0,0,0
ENSMUSG00000114130,Gm18954,0,1,0,0,0,0,0,0,0,0,0,0
ENSMUSG00000046768,Rhoj,0,0,0,0,0,0,0,2,0,0,0,0
ENSMUSG00000048982,Gphb5,0,0,0,0,2,0,0,0,0,0,0,0
ENSMUSG00000056899,Immp2l,3,7,9,14,14,4,29,24,10,2,12,11
ENSMUSG00000113994,Gm47375,0,0,0,0,0,0,0,0,0,0,0,0
ENSMUSG00000113086,Gm47376,0,0,0,0,0,0,0,0,0,0,0,0
ENSMUSG00000119635,#N/A,0,0,0,0,0,0,0,0,0,0,0,0
ENSMUSG00000113454,Gm47373,0,0,0,0,0,0,0,0,0,0,0,0
ENSMUSG00000113516,Gm47368,0,0,0,0,0,0,0,0,0,0,0,0
ENSMUSG00000036295,Lrrn3,0,0,1,0,0,1,2,0,0,0,1,0
ENSMUSG00000113766,Gm47374,0,0,0,0,0,0,1,0,0,0,2,0
ENSMUSG00000113438,Gm47369,0,0,0,0,0,0,0,0,0,0,0,0
ENSMUSG00000113105,Gm47371,0,0,0,0,0,0,0,0,0,0,0,0
ENSMUSG00000113370,Gm46348,0,0,0,0,2,2,0,0,0,0,0,0
ENSMUSG00000113979,Gm47012,0,0,0,0,0,0,0,0,0,0,0,0
ENSMUSG00000113420,Gm7242,0,0,0,0,0,0,0,0,0,0,0,0
ENSMUSG00000113989,Gm47013,0,0,0,0,0,0,0,0,0,0,0,0
ENSMUSG00000112898,Gm47020,0,0,0,0,0,0,0,0,0,0,0,0
ENSMUSG00002076586,#N/A,0,0,0,0,0,0,0,0,0,0,0,0
ENSMUSG00000112407,Gm33340,0,0,0,0,0,0,0,0,0,0,0,0
ENSMUSG00000112904,Gm47030,0,0,0,0,0,0,0,0,0,0,0,0
ENSMUSG00000065004,Gm26326,0,0,0,0,0,0,0,0,0,0,0,0
ENSMUSG00000112844,Gm47036,0,0,0,0,0,0,0,0,0,0,0,0
ENSMUSG00000112258,Gm10165,0,0,1,0,1,0,0,0,0,0,0,0
ENSMUSG00000111960,Gm46349,0,0,0,0,0,0,0,1,0,0,1,2
ENSMUSG00000112038,Gm47056,0,0,0,0,0,0,0,0,0,0,0,0
ENSMUSG00000111920,Gm7370,2,3,1,1,3,2,0,0,0,1,0,2
ENSMUSG00000064215,Ifi27,654,980,719,806,735,248,969,845,837,770,834,748
ENSMUSG00000021051,Ppp2r5e,1510,1590,1167,1187,1157,836,1005,1159,1364,1288,1249,1107
ENSMUSG00000112254,Gm47690,15,20,15,12,13,9,10,19,20,11,8,16
ENSMUSG00000112459,Gm47689,0,0,0,0,0,0,0,0,0,0,0,0
ENSMUSG00000014905,Dnajb9,650,632,467,432,389,487,336,424,560,496,464,394
ENSMUSG00000093618,Mir5627,0,0,0,0,0,0,0,0,0,0,0,0
ENSMUSG00000079017,Ifi27l2a,941,1401,965,1217,1607,556,1393,1263,1412,1251,1703,1730
ENSMUSG00000112547,Gm47096,0,0,2,0,0,0,0,0,0,0,0,0
ENSMUSG00000045690,Wdr89,260,291,223,257,269,317,235,263,266,233,315,292
ENSMUSG00000118552,AC124742.1,0,0,0,0,0,0,0,0,0,0,0,0
ENSMUSG00000021208,Ifi27l2b,0,0,0,0,0,0,0,0,0,0,0,0
ENSMUSG00000021054,Sgpp1,1251,1042,861,864,807,786,953,979,1259,1068,1151,1057
ENSMUSG00000113383,Gm47267,0,0,0,0,0,0,0,0,0,2,0,0
ENSMUSG00000036257,Pnpla8,404,358,311,297,299,258,238,317,308,349,315,283
ENSMUSG00000112795,Gm2027,3,0,0,1,0,1,2,4,2,3,0,3
ENSMUSG00000021209,Ppp4r4,4,13,9,10,6,9,2,2,8,8,1,6
ENSMUSG00000061947,Serpina10,0,0,0,0,0,0,0,0,0,0,0,0
ENSMUSG00000101916,Gm18501,0,0,0,0,0,0,0,0,0,0,0,0
ENSMUSG00000060807,Serpina6,0,0,0,0,0,0,0,0,0,0,0,0
ENSMUSG00000071179,Serpina16,0,0,0,0,0,0,0,0,0,0,0,0
ENSMUSG00000021081,Serpina1f,0,0,0,0,0,0,0,0,0,0,0,0
ENSMUSG00000090478,Gm5656,0,0,0,0,0,0,0,0,0,0,0,0
ENSMUSG00000091355,Gm17142,0,0,0,0,0,0,0,0,0,0,0,0
ENSMUSG00000071178,Serpina1b,0,0,0,0,0,0,0,0,0,0,0,0
ENSMUSG00000090989,Gm17042,0,0,0,0,0,0,0,0,0,0,0,0
ENSMUSG00000071177,Serpina1d,0,0,0,0,0,0,0,0,0,0,0,0
ENSMUSG00000090466,Gm17043,0,0,0,0,0,0,0,0,0,0,0,0
ENSMUSG00000090555,Gm8893,0,0,0,0,0,0,0,0,0,0,0,0
ENSMUSG00000091902,Gm6918,0,0,0,0,0,0,0,0,0,0,0,0
ENSMUSG00000066366,Serpina1a,0,0,0,0,0,0,0,0,0,0,0,0
ENSMUSG00000091307,Gm8895,0,0,0,0,0,0,0,0,0,0,0,0
ENSMUSG00000079015,Serpina1c,0,0,0,0,0,0,0,0,0,0,0,0
ENSMUSG00000086432,B430119L08Rik,0,0,0,0,0,0,0,0,0,0,0,0
ENSMUSG00000092040,Gm17198,0,0,0,0,0,0,0,0,0,0,0,0
ENSMUSG00000072849,Serpina1e,0,0,0,0,0,0,0,0,0,0,0,0
ENSMUSG00000063232,Serpina11,1,0,1,0,0,0,0,0,0,0,0,0
ENSMUSG00000093753,Gm28577,0,0,0,0,0,0,0,0,0,0,0,0
ENSMUSG00000058260,Serpina9,0,1,0,0,0,0,0,0,0,0,0,0
ENSMUSG00000102694,Gm37496,0,0,1,0,0,0,0,0,0,0,0,0
ENSMUSG00000041567,Serpina12,0,0,0,0,0,0,1,0,0,0,0,0
ENSMUSG00000092075,Serpina4-ps1,0,0,0,0,0,0,0,1,0,0,0,0
ENSMUSG00000041550,Serpina5,0,0,0,0,0,0,0,0,0,0,0,0
ENSMUSG00002076045,#N/A,0,0,0,0,0,0,0,0,0,0,0,0
ENSMUSG00000041536,Serpina3a,0,0,0,0,0,0,0,0,0,0,0,0
ENSMUSG00000066364,Serpina3b,1,0,0,0,0,0,0,0,0,0,0,0
ENSMUSG00000066361,Serpina3c,0,0,0,0,0,0,0,0,0,0,0,0
ENSMUSG00000091573,Serpina3d-ps,0,0,0,0,0,0,0,0,0,0,0,0
ENSMUSG00000091553,Serpina3e-ps,0,0,0,0,0,0,0,0,0,0,0,0
ENSMUSG00000020598,Nrcam,0,1,1,0,0,6,0,1,0,0,0,0
ENSMUSG00000112056,Gm48181,0,0,0,0,1,0,0,0,0,0,0,0
ENSMUSG00000112448,Gm48182,0,0,0,0,0,1,0,0,0,0,1,0
ENSMUSG00000112823,Gm6125,0,0,0,0,0,0,0,0,0,0,0,0
ENSMUSG00000046314,Stxbp6,11,7,21,24,32,39,25,35,16,12,14,8
ENSMUSG00000081636,Gm15901,0,0,0,0,0,0,0,0,0,0,0,0
ENSMUSG00000086012,Gm15902,0,1,1,0,0,0,0,0,0,1,0,0
ENSMUSG00000112112,Gm48508,0,0,0,0,0,0,0,0,0,0,0,0
ENSMUSG00000088852,Gm24731,0,0,0,0,0,0,0,0,0,0,0,0
ENSMUSG00002076117,#N/A,0,0,0,0,0,0,0,0,0,0,0,0
ENSMUSG00000092404,Gm9921,0,0,0,0,0,1,0,0,0,0,0,0
ENSMUSG00000112054,Gm33680,0,0,0,0,0,0,0,0,0,0,0,0
ENSMUSG00000112768,Gm48517,0,0,0,0,0,0,0,0,0,0,0,0
ENSMUSG00000112604,Gm48518,0,0,0,0,0,0,0,0,0,0,0,0
ENSMUSG00000112859,Gm48522,0,0,0,0,0,1,0,0,0,0,0,0
ENSMUSG00000064800,Gm24948,0,0,0,0,0,0,0,0,0,0,0,0
ENSMUSG00000112915,Gm18112,0,0,0,0,0,0,0,0,0,0,0,0
ENSMUSG00000112088,Gm48531,0,0,0,0,0,0,0,0,0,0,0,0
ENSMUSG00000112811,Gm7422,0,0,0,3,0,0,0,0,0,0,0,0
ENSMUSG00000112174,Gm48535,0,0,0,0,0,0,0,0,0,0,0,0
ENSMUSG00000112410,B230217J21Rik,0,0,0,0,0,0,0,0,0,0,0,0
ENSMUSG00000112169,Gm48536,0,0,0,0,0,0,0,0,0,0,0,0
ENSMUSG00000021047,Nova1,1,2,1,1,0,13,3,2,2,2,4,1
ENSMUSG00000112358,Gm33869,0,0,0,0,0,0,0,0,0,0,0,0
ENSMUSG00000112420,Gm48543,0,0,0,0,0,0,0,0,0,0,0,0
ENSMUSG00000112483,Gm48542,0,0,0,0,0,0,0,0,0,0,0,0
ENSMUSG00002076225,#N/A,0,0,0,0,0,0,0,0,0,0,0,0
ENSMUSG00000104308,Gm36971,0,0,0,0,0,0,0,0,0,0,0,0
ENSMUSG00000112215,Gm2089,0,0,0,0,0,0,0,0,0,0,0,0
ENSMUSG00000112232,Gm48578,0,0,0,0,0,0,0,0,0,0,0,0
ENSMUSG00000112908,Gm7392,1,0,0,1,0,1,0,0,1,0,0,2
ENSMUSG00000111984,Gm46327,0,0,0,0,0,0,0,0,0,0,0,0
ENSMUSG00000112085,Gm48587,0,0,0,0,0,0,0,0,0,0,0,0
ENSMUSG00000091277,Gm1818,1,1,1,0,2,2,1,1,4,1,1,2
ENSMUSG00000112005,Gm29818,0,0,0,0,0,0,0,0,0,0,0,0
ENSMUSG00000108639,AC124542.1,0,0,0,0,0,0,0,0,0,0,0,0
ENSMUSG00001118661,#N/A,0,0,0,0,0,0,0,0,0,0,0,0
ENSMUSG00000098099,Gm7456,26,30,16,27,18,8,29,29,19,19,12,17
ENSMUSG00000112651,Gm18623,0,0,0,0,0,0,0,0,0,0,0,0
ENSMUSG00000112763,Gm34304,0,0,0,0,0,1,0,1,0,0,0,0
ENSMUSG00000020950,Foxg1,0,0,0,0,0,1,0,0,0,0,1,0
ENSMUSG00000089922,Gm43517,0,0,0,0,0,0,0,0,0,0,0,1
ENSMUSG00000104861,3110039M20Rik,0,0,0,0,0,0,0,0,0,0,0,0
ENSMUSG00000112486,Gm48659,0,0,0,0,0,0,0,0,0,0,0,0
ENSMUSG00000100844,1810007C17Rik,0,0,0,0,0,0,0,0,0,0,0,0
ENSMUSG00000112079,Gm19599,0,0,0,0,0,0,0,0,0,0,0,0
ENSMUSG00000089025,Gm25015,0,0,0,0,0,0,0,0,0,0,0,0
ENSMUSG00000112605,Gm7476,0,0,0,2,0,0,0,1,0,2,3,1
ENSMUSG00000098219,Gm7481,25,40,23,23,8,3,38,43,21,21,24,13
ENSMUSG00000112353,Gm40418,0,0,0,0,0,0,0,0,0,0,0,0
ENSMUSG00000002688,Prkd1,0,0,0,0,0,0,0,0,1,0,0,0
ENSMUSG00000066363,Serpina3f,266,384,319,357,115,70,290,335,277,322,142,107
ENSMUSG00000112372,Gm48779,0,0,0,0,0,0,0,0,0,0,0,0
ENSMUSG00000112154,Gm48777,0,1,0,0,0,0,0,0,0,0,0,1
ENSMUSG00000063450,Syne2,496,424,783,610,624,454,275,541,407,422,323,308
ENSMUSG00000112685,Gm40421,0,0,0,0,0,0,0,0,0,0,0,0
ENSMUSG00000111986,1700008C04Rik,0,0,0,0,0,0,0,0,0,0,0,0
ENSMUSG00002076018,#N/A,0,0,0,0,0,0,0,0,0,0,0,0
ENSMUSG00000112926,Gm7172,11,6,3,10,4,5,3,12,5,4,7,9
ENSMUSG00000041481,Serpina3g,523,719,648,782,378,125,763,692,554,560,248,225
ENSMUSG00000046620,Rps11-ps4,0,1,2,1,1,0,1,1,0,1,0,0
ENSMUSG00000101862,Gm8918,0,1,2,1,2,0,4,6,1,1,3,1
ENSMUSG00000118588,AC142112.1,0,0,0,0,0,0,0,0,0,0,0,0
ENSMUSG00000092922,Mir5101,0,0,0,0,0,0,0,0,0,0,0,0
ENSMUSG00000041449,Serpina3h,1,0,1,1,1,0,0,0,1,1,0,0
ENSMUSG00000079014,Serpina3i,1,1,0,3,0,0,0,0,1,0,0,0
ENSMUSG00000079013,Serpina3j,0,0,0,0,0,0,0,0,0,0,0,0
ENSMUSG00000058207,Serpina3k,0,0,0,0,0,0,0,0,0,0,0,0
ENSMUSG00000079012,Serpina3m,0,0,0,0,0,0,0,0,0,0,0,0
ENSMUSG00000091157,Serpina3l-ps,0,0,0,0,0,0,0,0,0,0,0,0
ENSMUSG00000021091,Serpina3n,0,0,0,1,0,0,1,0,1,0,0,1
ENSMUSG00000077398,Gm24334,0,0,0,0,0,0,0,0,0,0,0,0
ENSMUSG00000035293,G2e3,547,489,505,416,771,652,446,569,426,504,778,752
ENSMUSG00000021095,Gsc,0,0,0,0,0,1,0,0,0,0,0,0
ENSMUSG00000114826,Gm10000,0,0,0,0,0,1,0,0,0,0,0,0
ENSMUSG00000112954,Gm49732,0,0,0,0,1,1,0,1,0,0,0,0
ENSMUSG00000021055,Esr2,0,0,0,0,1,0,0,2,1,2,0,0
ENSMUSG00000046580,Gm7862,4,3,0,2,1,1,2,4,9,4,0,2
ENSMUSG00000021056,Tex21,0,0,0,0,0,0,0,0,0,0,0,0
ENSMUSG00000112274,Gm47525,0,1,0,0,1,0,1,1,0,0,2,0
ENSMUSG00000020952,Scfd1,1073,1310,1025,1001,948,765,969,1055,1043,931,888,917
ENSMUSG00000111959,Gm18503,0,0,0,0,0,0,0,0,0,0,0,0
ENSMUSG00000020953,Coch,0,1,4,3,1,2,2,1,1,0,0,2
ENSMUSG00000020954,Strn3,1329,1400,1027,1068,1211,958,845,1165,1118,1160,1186,1134
ENSMUSG00000021048,Mthfd1,4985,5159,3972,4027,5162,2468,3605,4329,5115,4363,6182,5539
ENSMUSG00000112138,Gm47526,0,0,0,0,0,0,0,0,0,0,0,0
ENSMUSG00000112784,Gm34868,0,0,0,0,0,0,0,0,0,0,0,1
ENSMUSG00000020955,Ap4s1,503,628,465,420,469,219,474,409,521,486,448,470
ENSMUSG00000089346,Gm22663,0,0,0,0,0,0,0,0,0,0,0,0
ENSMUSG00000021057,Akap5,20,7,18,12,11,24,12,11,10,18,16,17
ENSMUSG00000112096,A430103D13Rik,31,29,34,29,34,23,32,35,24,27,29,28
ENSMUSG00000056459,Zbtb25,426,520,449,464,546,240,412,521,489,491,482,493
ENSMUSG00000033454,Zbtb1,2022,1993,1827,1797,2116,2220,1459,1867,1797,1792,2111,1965
ENSMUSG00000097323,4930426I24Rik,0,1,0,0,0,0,1,2,0,0,0,1
ENSMUSG00000059970,Hspa2,94,98,80,73,48,39,67,90,77,74,59,37
ENSMUSG00000052221,Ppp1r36,1,0,0,2,0,0,1,1,0,0,0,0
ENSMUSG00000077791,Gm25563,0,0,0,0,0,0,0,0,0,0,0,0
ENSMUSG00000073000,Gm10451,24,26,51,44,47,17,28,26,41,22,28,35
ENSMUSG00000021097,Clmn,2,1,0,0,0,1,1,1,0,0,0,0
ENSMUSG00000021101,4930408O17Rik,0,0,0,0,0,3,0,0,0,0,0,0
ENSMUSG00000035247,Hectd1,7320,7501,6370,6060,5499,3885,3552,6025,6257,6065,5517,5082
ENSMUSG00000100975,Gm28875,173,215,197,173,159,73,181,197,162,163,123,118
ENSMUSG00000112746,Gm19309,0,0,0,0,0,0,0,0,0,0,0,0
ENSMUSG00000054150,Syne3,1305,1199,1103,1124,987,400,735,1246,1183,1129,841,832
ENSMUSG00000113995,Gm47648,0,0,0,0,2,1,0,1,0,0,1,0
ENSMUSG00000113125,Gm47650,0,0,0,0,0,0,0,0,0,0,0,1
ENSMUSG00000113722,Snhg10,6,4,2,5,21,6,16,8,5,5,16,19
ENSMUSG00002076601,#N/A,1,2,2,2,1,0,4,1,2,0,4,2
ENSMUSG00000106366,Mir3069,0,0,0,0,0,0,0,0,0,0,0,0
ENSMUSG00000021102,Glrx5,1614,1811,1392,1501,1566,506,1565,1387,1854,1419,1291,1411
ENSMUSG00000113051,Gm47672,0,0,0,0,0,0,0,0,0,0,0,0
ENSMUSG00000060863,Tcl1b2,0,0,0,0,0,0,0,0,0,1,0,0
ENSMUSG00000066359,Tcl1b1,0,0,0,0,0,0,0,0,0,0,0,0
ENSMUSG00000000701,Tcl1b5,0,0,0,0,0,0,0,0,0,0,0,0
ENSMUSG00000068940,Tcl1b3,0,0,0,0,0,0,0,0,0,0,0,0
ENSMUSG00000079007,Tcl1b4,0,0,0,0,0,0,0,0,0,0,0,0
ENSMUSG00000041359,Tcl1,0,0,0,0,0,0,0,0,0,0,0,0
ENSMUSG00000097929,Tunar,0,0,0,0,1,6,0,0,0,0,0,0
ENSMUSG00000113314,Gm2721,0,0,0,0,0,0,0,0,0,0,0,0
ENSMUSG00000114181,Gm46376,0,0,0,0,0,0,0,0,0,0,0,0
ENSMUSG00000094910,D430019H16Rik,7,3,3,1,2,2,4,1,6,3,0,0
ENSMUSG00000113535,AU015791,0,0,0,0,0,3,0,0,0,0,0,0
ENSMUSG00000113479,Gm47796,0,0,0,0,0,0,0,0,0,0,0,0
ENSMUSG00000021070,Bdkrb2,0,0,0,0,0,0,0,0,0,0,0,0
ENSMUSG00000041347,Bdkrb1,0,0,0,0,0,0,0,1,0,0,0,0
ENSMUSG00000041341,Atg2b,1721,1776,1467,1409,1400,754,986,1492,1449,1506,1545,1437
ENSMUSG00002076634,#N/A,0,0,0,0,0,0,0,0,0,0,0,0
ENSMUSG00000044715,Gskip,410,542,384,426,392,211,401,336,424,355,335,340
ENSMUSG00000041323,Ak7,23,17,8,8,17,26,19,18,25,17,27,19
ENSMUSG00000112150,9530018F02Rik,9,7,10,5,11,11,10,17,10,8,17,6
ENSMUSG00000021065,Fut8,294,287,331,314,319,253,293,315,290,294,306,265
ENSMUSG00000088002,Gm24775,0,0,0,0,0,0,0,0,0,0,0,0
ENSMUSG00000064833,Gm25926,0,1,0,0,0,0,0,0,0,0,0,0
ENSMUSG00000111939,Gm48177,0,0,0,0,0,0,0,0,0,0,0,0
ENSMUSG00000112392,Gm35240,0,0,0,0,0,0,0,0,0,0,0,0
ENSMUSG00000111896,Gm48196,0,0,0,0,0,0,0,0,0,0,0,0
ENSMUSG00000112003,Gm4864,3,1,1,1,0,2,1,1,1,1,1,0
ENSMUSG00000111903,4930458K08Rik,0,0,0,0,0,1,0,0,0,0,1,0
ENSMUSG00000077707,Gm24070,0,0,0,0,0,0,0,0,0,0,0,0
ENSMUSG00000112551,Gm8219,0,0,0,0,0,0,0,0,0,0,0,0
ENSMUSG00000088039,Gm24994,0,0,0,0,0,0,0,0,0,0,0,0
ENSMUSG00000099418,Gm6657,0,0,0,0,0,0,0,0,0,0,0,0
ENSMUSG00000112302,Gm48226,60,57,42,67,65,30,51,46,64,51,43,53
ENSMUSG00000047454,Gphn,495,503,380,355,669,433,401,492,539,455,809,742
ENSMUSG00000111932,Gm18899,2,0,0,2,0,2,1,0,1,0,1,2
ENSMUSG00000112637,Gm48225,12,3,10,4,4,7,6,14,8,7,4,7
ENSMUSG00000112506,Gm48224,0,0,0,0,0,0,0,0,0,0,0,0
ENSMUSG00000112090,Gm48231,2,5,3,1,2,8,4,2,1,2,3,4
ENSMUSG00000112391,Gm48230,2,2,2,2,3,5,6,4,2,4,4,1
ENSMUSG00000056987,Fam71d,0,0,0,2,1,1,1,0,0,0,0,1
ENSMUSG00000021112,Mpp5,360,350,296,315,378,374,215,342,267,358,346,321
ENSMUSG00002076950,#N/A,0,0,0,0,0,0,0,0,0,0,0,0
ENSMUSG00000021114,Atp6v1d,606,639,415,411,386,393,444,471,504,532,431,365
ENSMUSG00000021116,Eif2s1,4418,5293,3950,4258,4464,3205,3825,4191,4830,4323,4515,4107
ENSMUSG00000021118,Plek2,8,13,19,19,13,7,10,16,21,16,6,5
ENSMUSG00000046157,Tmem229b,674,716,480,492,497,198,491,575,602,534,510,488
ENSMUSG00000021111,Papola,5593,6062,5335,5135,5938,4697,4563,5596,5661,5202,6127,5487
ENSMUSG00000113537,Gm48807,0,0,0,0,0,0,0,0,0,0,0,0
ENSMUSG00002076716,#N/A,0,0,0,0,0,0,0,0,0,0,0,0
ENSMUSG00000113835,Gm19554,0,0,0,0,2,0,0,0,0,0,1,0
ENSMUSG00000060716,Plekhh1,17,8,8,11,8,4,5,5,5,10,10,10
ENSMUSG00000021120,Pigh,191,200,177,180,215,154,157,217,181,187,204,195
ENSMUSG00000112489,9230116L04Rik,6,2,9,5,2,2,3,5,3,4,5,4
ENSMUSG00002075394,#N/A,0,0,0,0,0,0,0,0,0,0,0,0
ENSMUSG00000112708,Gm8255,0,0,0,0,0,0,0,0,0,0,0,0
ENSMUSG00000021125,Arg2,0,0,1,3,2,0,0,0,3,0,0,1
ENSMUSG00000111929,Gm48780,14,6,4,11,0,0,8,6,5,9,0,0
ENSMUSG00000021124,Vti1b,1100,1354,968,1045,1082,658,1039,1036,1208,1179,1069,1089
ENSMUSG00000091534,Gm17195,10,12,6,7,10,5,5,10,6,8,10,11
ENSMUSG00000091507,Gm17194,0,0,0,0,0,0,0,0,0,0,0,0
ENSMUSG00000066441,Rdh11,595,685,500,552,440,237,520,608,566,491,421,377
ENSMUSG00000021123,Rdh12,2,1,4,2,2,2,8,2,3,2,7,9
ENSMUSG00000021115,Vrk1,890,903,859,808,982,648,1007,1143,931,773,919,860
ENSMUSG00000066440,Zfyve26,499,506,509,470,356,193,386,517,457,466,387,385
ENSMUSG00000113427,Gm46378,2,2,5,5,3,2,1,0,4,2,5,7
ENSMUSG00000113390,Gm32635,0,0,0,0,0,0,0,0,0,0,0,0
ENSMUSG00000114149,Gm47646,0,0,0,0,0,1,0,0,0,0,0,0
ENSMUSG00000118999,#N/A,0,0,0,0,0,0,0,0,0,0,0,0
ENSMUSG00000091280,Gm17032,0,0,0,0,0,0,2,0,0,0,0,0
ENSMUSG00000092066,1700121N20Rik,0,0,0,0,0,0,0,0,0,0,0,0
ENSMUSG00000091762,Gm3191,0,1,0,0,0,1,0,1,0,0,0,0
ENSMUSG00000091442,Gm17031,0,0,0,0,0,0,0,0,0,0,0,0
ENSMUSG00000091887,Gm17053,0,0,0,0,0,0,0,0,0,0,0,0
ENSMUSG00000091583,Gm17033,0,0,0,0,0,0,0,0,0,0,0,0
ENSMUSG00000085820,4933406K04Rik,0,0,0,0,0,0,0,0,0,0,0,0
ENSMUSG00000085801,1700013N06Rik,0,0,0,0,0,1,0,0,0,0,0,0
ENSMUSG00000083861,Gm9599,0,0,0,0,0,0,0,0,0,0,0,0
ENSMUSG00000086319,Gm16087,0,0,0,0,0,0,0,0,0,0,0,0
ENSMUSG00000085120,Gm16086,1,1,0,2,1,0,0,3,4,2,1,0
ENSMUSG00000086037,Gm16085,0,1,0,0,0,1,2,0,1,1,1,0
ENSMUSG00000086060,Gm16084,0,0,0,0,1,2,0,0,1,0,0,0
ENSMUSG00000084871,Gm2800,0,5,3,3,3,1,0,0,2,4,1,1
ENSMUSG00000082362,Gm5187,12,6,8,8,6,2,8,11,19,11,4,8
ENSMUSG00000090607,Gm17052,0,0,0,1,0,1,0,0,0,0,0,0
ENSMUSG00000113415,Gm3234,0,0,0,0,0,0,0,0,0,1,0,0
ENSMUSG00000060375,3110018I06Rik,0,0,0,0,0,0,0,0,0,0,0,0
ENSMUSG00000059060,Rad51b,10,10,12,11,15,8,9,7,10,5,13,7
ENSMUSG00000079359,Gm9006,0,0,0,0,0,0,0,0,0,0,0,0
ENSMUSG00000085641,4930465M20Rik,0,0,0,0,0,0,0,0,0,0,0,0
ENSMUSG00000112765,9430078K24Rik,0,0,0,0,0,0,0,0,0,0,0,0
ENSMUSG00000086975,Gm15208,0,0,0,0,0,1,0,0,0,0,0,0
ENSMUSG00000112646,Gm5654,1,2,1,0,1,2,0,0,0,0,0,1
ENSMUSG00000112292,Gm8275,0,0,0,0,0,0,0,0,0,0,0,0
ENSMUSG00000111933,Gm36660,0,0,0,0,0,0,0,0,0,0,0,0
ENSMUSG00000112386,Gm47752,0,0,0,0,0,0,0,0,0,0,0,0
ENSMUSG00000021127,Zfp36l1,4196,4155,3924,3982,3616,2671,3077,4161,3804,3581,3454,3169
ENSMUSG00000112545,1300014J16Rik,5,1,8,9,12,5,2,4,11,6,20,12
ENSMUSG00000048251,Bcl11b,2191,1993,1670,1625,1566,1170,1427,1866,1904,1704,2358,2152
ENSMUSG00000097729,2310015A10Rik,43,64,34,42,41,27,26,35,52,59,36,43
ENSMUSG00000015143,Actn1,898,877,634,601,477,312,586,657,658,657,508,508
ENSMUSG00000112830,Gm47765,0,0,1,0,0,0,0,0,0,0,0,0
ENSMUSG00000112852,Gm47767,0,0,1,0,0,0,0,0,0,0,1,1
ENSMUSG00000112336,Gm47766,4,3,1,2,3,3,4,3,6,5,3,1
ENSMUSG00000049106,Dcaf5,1161,1281,968,956,936,530,804,966,1069,1075,994,959
ENSMUSG00002076250,#N/A,0,0,0,0,0,0,0,1,0,0,1,0
ENSMUSG00000105972,Mir1843a,0,0,0,0,0,0,0,0,0,0,0,0
ENSMUSG00000112285,Gm50278,0,0,0,0,0,0,0,0,0,0,0,0
ENSMUSG00000112278,Gm30025,18,18,14,12,15,6,25,18,15,14,14,12
ENSMUSG00000056770,Setd3,1210,1196,980,988,981,643,860,1151,1167,1059,1086,981
ENSMUSG00000032705,Exd2,504,561,410,436,436,200,396,431,474,456,463,438
ENSMUSG00000112701,2310002D06Rik,0,0,0,0,0,0,0,0,0,0,0,0
ENSMUSG00000097801,Gm26777,0,0,0,0,0,0,0,0,0,0,0,0
ENSMUSG00000021258,Ccnk,2709,2577,2067,2138,2163,2121,2144,2512,2309,2075,2259,1906
ENSMUSG00000084883,Ccdc85c,881,904,642,661,953,278,568,622,917,850,1065,1051
ENSMUSG00000021260,Hhipl1,0,1,0,1,1,0,0,0,0,0,2,0
ENSMUSG00000097847,4930478K11Rik,0,0,0,0,0,0,0,0,0,0,0,0
ENSMUSG00000021130,Galnt16,0,0,0,0,0,0,0,0,0,0,0,0
ENSMUSG00000021259,Cyp46a1,0,0,0,0,3,0,0,1,0,0,0,0
ENSMUSG00000112421,4933406B15Rik,0,0,0,0,0,0,0,0,0,0,0,0
ENSMUSG00000112606,Gm46364,0,0,0,0,1,0,0,0,0,0,0,0
ENSMUSG00000089074,Gm23817,0,0,0,0,0,0,0,0,0,0,0,0
ENSMUSG00000112047,Gm47852,0,1,0,0,0,0,1,1,1,0,0,0
ENSMUSG00000021131,Erh,132,122,142,115,113,71,110,125,117,121,106,106
ENSMUSG00000112288,Gm47879,0,0,0,0,0,0,0,0,0,0,0,0
ENSMUSG00000048833,Slc39a9,1499,1578,1269,1296,1084,611,1017,1329,1410,1362,1088,1057
ENSMUSG00000112263,Gm47874,0,2,0,1,0,0,2,0,0,0,0,0
ENSMUSG00000044062,Plekhd1os,0,0,0,0,0,0,0,0,0,0,0,0
ENSMUSG00000066438,Plekhd1,0,0,1,0,0,2,0,0,0,0,1,0
ENSMUSG00000062961,Ccdc177,2,7,7,7,2,10,6,9,9,7,6,4
ENSMUSG00000097575,Gm26796,0,0,2,3,2,0,0,4,1,1,0,0
ENSMUSG00000112093,Gm47941,4,3,2,3,0,2,1,0,3,3,0,3
ENSMUSG00000021133,Susd6,2190,2291,1843,1752,1718,798,1277,1717,1938,1841,1545,1441
ENSMUSG00000119334,#N/A,0,0,0,0,0,0,0,0,0,0,0,0
ENSMUSG00000101912,1700052I22Rik,0,0,0,0,0,0,0,0,0,0,0,0
ENSMUSG00000112880,Gm20337,1,3,3,4,8,6,1,5,2,5,3,0
ENSMUSG00000058070,Eml1,14,23,46,41,51,36,40,52,22,21,24,34
ENSMUSG00000082203,Gm15636,0,0,0,0,0,0,0,0,0,0,0,0
ENSMUSG00000097788,Gm16596,0,0,0,0,0,0,0,0,0,0,0,0
ENSMUSG00000021134,Srsf5,4570,4765,4205,4216,4555,3123,3967,4533,4458,4239,4951,4297
ENSMUSG00000021135,Slc10a1,0,0,0,0,0,0,0,0,0,0,0,0
ENSMUSG00000021136,Smoc1,47,47,12,6,30,9,9,9,7,2,9,8
ENSMUSG00000092673,Mir3067,0,0,0,0,0,0,0,0,0,0,0,0
ENSMUSG00000079055,Slc8a3,1,0,0,0,0,0,0,0,0,0,0,0
ENSMUSG00000098128,Gm3693,0,0,0,0,0,0,0,0,0,0,0,0
ENSMUSG00000021139,Gm20498,1,2,3,2,4,0,2,1,4,1,5,5
ENSMUSG00000021262,Evl,493,579,610,665,559,384,866,868,595,527,740,644
ENSMUSG00000065436,Mir342,0,0,0,0,0,1,0,2,0,0,2,0
ENSMUSG00000021263,Degs2,0,0,1,0,0,0,0,0,0,0,0,0
ENSMUSG00000113396,Gm33467,0,0,0,0,0,0,0,0,0,0,0,0
ENSMUSG00002075150,#N/A,0,0,0,0,0,0,0,0,0,0,0,0
ENSMUSG00000114102,Gm48048,0,0,0,0,0,0,0,0,0,0,0,0
ENSMUSG00000112971,Gm33682,5,3,2,1,1,3,3,0,3,1,2,3
ENSMUSG00000114045,Gm34220,39,40,46,19,41,22,26,38,34,46,44,38
ENSMUSG00000021264,Yy1,4124,3747,3148,3216,3262,2093,2832,3257,3988,3513,3488,3563
ENSMUSG00000021265,Slc25a29,47,66,34,32,32,5,38,51,47,40,30,36
ENSMUSG00000091803,Cox16,56,58,44,66,72,18,62,38,71,59,45,61
ENSMUSG00000067224,Gm3695,36,66,56,61,45,9,67,64,38,36,34,24
ENSMUSG00000072974,Gm4787,10,5,9,5,13,9,8,14,11,6,10,9
ENSMUSG00000049246,Hspe1-ps2,0,0,0,0,0,0,0,0,0,0,1,2
ENSMUSG00000072972,Adam4,17,15,18,17,23,16,17,20,21,10,34,19
ENSMUSG00000099478,Gm28370,0,1,0,0,0,0,0,0,0,0,2,0
ENSMUSG00000048856,Slc25a47,69,61,59,55,41,12,61,67,60,66,41,59
ENSMUSG00000065429,Mir345,0,0,0,0,0,0,0,1,1,0,0,0
ENSMUSG00000090935,Synj2bp,997,959,784,781,862,836,777,904,887,799,891,807
ENSMUSG00000088651,Gm24853,0,0,0,0,0,0,0,0,0,0,0,0
ENSMUSG00000091587,Gm17191,1,0,2,0,0,2,1,2,0,1,3,1
ENSMUSG00000091947,6530401F13Rik,0,0,0,0,0,0,0,0,0,0,0,0
ENSMUSG00000008438,Adam21,3,2,0,1,1,2,2,1,1,0,0,1
ENSMUSG00000002679,Med6,381,402,384,327,393,234,349,382,385,364,333,328
ENSMUSG00000090244,Gm16572,0,0,0,0,0,0,0,0,0,0,0,0
ENSMUSG00000089806,Gm16570,2,2,2,1,1,0,0,2,1,0,0,1
ENSMUSG00000042734,Ttc9,2,1,1,1,0,2,0,0,1,2,4,2
ENSMUSG00000113184,Gm49654,0,0,2,0,0,0,1,1,1,0,0,1
ENSMUSG00000042724,Map3k9,5,4,3,6,10,4,4,5,5,5,8,5
ENSMUSG00000113303,4930423D22Rik,2,0,0,0,0,0,1,0,0,1,0,0
ENSMUSG00000113950,Gm47080,0,0,0,0,0,0,0,0,0,0,0,0
ENSMUSG00000021266,Wars,3859,4271,3582,3648,3350,1364,3072,3610,3619,3300,3045,2918
ENSMUSG00000088217,Gm22079,5,6,8,4,5,4,4,7,4,4,4,4
ENSMUSG00000112981,5033424D13Rik,2,0,0,0,0,0,1,0,0,0,0,0
ENSMUSG00000040877,Wdr25,143,170,119,127,111,49,106,142,155,127,125,141
ENSMUSG00000113966,Gm47980,3,6,1,3,8,3,0,2,5,3,2,9
ENSMUSG00000113478,Gm18405,0,0,0,0,0,0,0,0,0,0,0,0
ENSMUSG00000040867,Begain,169,222,153,157,99,51,161,162,161,162,87,87
ENSMUSG00000113306,Mif-ps7,1,0,0,0,0,0,0,0,0,0,0,0
ENSMUSG00002076958,#N/A,0,0,0,0,0,0,0,0,0,0,0,0
ENSMUSG00002076335,#N/A,0,0,0,0,0,0,0,0,0,0,0,0
ENSMUSG00000021140,Pcnx,1457,1598,1207,1142,1252,682,876,1273,1410,1348,1203,1209
ENSMUSG00000113622,Gm49749,0,0,0,0,0,0,0,0,0,0,0,0
ENSMUSG00002076178,#N/A,0,0,0,0,0,0,0,0,0,0,0,0
ENSMUSG00000113746,Gm48242,0,0,0,0,0,0,0,0,0,0,0,0
ENSMUSG00000040856,Dlk1,6,21,16,26,22,16,32,15,26,17,22,19
ENSMUSG00000112977,Gm34081,0,0,0,0,0,0,0,0,0,0,0,0
ENSMUSG00000113704,Gm27528,0,0,0,0,0,0,0,0,0,0,0,0
ENSMUSG00002076191,#N/A,0,0,0,0,0,0,0,0,0,0,0,0
ENSMUSG00000021268,Meg3,1,1,1,0,3,32,0,2,0,1,2,0
ENSMUSG00002076695,#N/A,0,0,0,0,0,0,0,0,0,0,0,0
ENSMUSG00002074892,#N/A,0,0,0,0,0,0,0,0,0,0,0,0
ENSMUSG00000084535,Mir1906-1,0,0,0,0,0,0,0,0,0,0,0,0
ENSMUSG00000076451,Mir770,0,0,0,0,0,0,0,0,0,0,0,0
ENSMUSG00000076316,Mir673,0,0,0,0,0,0,0,0,0,0,0,0
ENSMUSG00000077025,Mir493,0,0,0,0,0,0,0,0,0,0,0,0
ENSMUSG00000065526,Mir337,0,0,0,0,0,0,0,0,0,0,0,0
ENSMUSG00000105210,Mir3544,0,0,0,0,0,0,0,0,0,0,0,0
ENSMUSG00000072900,Mir540,0,0,0,0,0,0,0,0,0,0,0,0
ENSMUSG00000076313,Mir665,0,0,0,0,0,0,0,0,0,0,0,0
ENSMUSG00000119229,#N/A,0,0,0,0,0,0,0,0,0,0,0,0
ENSMUSG00000119223,#N/A,0,0,0,0,0,0,0,0,0,0,0,0
ENSMUSG00000042700,Sipa1l1,1945,2128,1854,1859,1902,1063,1539,2245,1940,1772,1800,1692
ENSMUSG00000085925,Rtl1,1,0,0,0,1,0,0,1,0,0,0,0
ENSMUSG00000070080,Mir431,0,0,0,0,0,0,0,0,0,0,0,0
ENSMUSG00000070072,Mir433,0,0,0,0,0,0,0,0,0,0,0,0
ENSMUSG00000070076,Mir127,0,0,0,0,0,0,0,0,0,0,0,0
ENSMUSG00000094374,Gm5435,0,0,0,1,0,1,0,0,0,0,0,1
ENSMUSG00000070133,Mir434,0,0,0,0,0,0,0,0,0,0,0,0
ENSMUSG00000091668,Gm8358,0,0,0,0,0,0,1,0,0,0,0,0
ENSMUSG00000087855,Mir432,0,0,0,0,0,0,0,0,0,0,0,0
ENSMUSG00002075634,#N/A,0,0,0,0,0,0,0,0,0,0,0,0
ENSMUSG00000070129,Mir3071,0,0,0,0,0,0,0,0,0,0,0,0
ENSMUSG00000104858,Mir136,0,0,0,0,0,0,0,0,0,0,0,0
ENSMUSG00000090699,Gm9071,0,0,0,0,0,0,0,0,0,0,0,0
ENSMUSG00000112147,Gm18244,0,0,0,0,0,0,0,0,0,0,0,0
ENSMUSG00000112541,Gm9072,0,0,0,0,0,0,0,0,0,0,0,0
ENSMUSG00000112240,Gm48310,0,0,0,0,0,0,0,0,0,0,0,0
ENSMUSG00000092168,Gm9075,0,0,0,0,0,0,0,0,0,0,0,0
ENSMUSG00000110250,Gm9077,1,0,0,1,0,1,0,0,0,1,0,0
ENSMUSG00000112279,Gm18774,0,0,0,0,0,0,0,0,0,0,0,0
ENSMUSG00000112719,Gm45925,0,2,4,1,1,0,4,3,0,0,2,1
ENSMUSG00000097451,Rian,0,0,0,1,3,14,1,1,0,0,0,4
ENSMUSG00002075279,#N/A,0,0,0,0,0,0,0,0,0,0,0,0
ENSMUSG00000070101,Mir341,0,0,0,0,0,0,0,0,0,0,0,0
ENSMUSG00000080406,Mir1188,0,0,0,0,0,0,0,0,0,0,0,0
ENSMUSG00002075621,#N/A,0,0,0,0,0,0,0,0,0,0,0,0
ENSMUSG00000065433,Mir370,0,0,0,0,0,0,0,0,0,0,0,0
ENSMUSG00000064452,Gm24564,0,0,0,0,0,0,0,0,0,0,0,0
ENSMUSG00002075266,#N/A,0,0,0,0,0,0,0,0,0,0,0,0
ENSMUSG00002076155,#N/A,0,0,0,0,0,0,0,0,0,0,0,0
ENSMUSG00002076195,#N/A,0,0,0,0,0,0,0,0,0,0,0,0
ENSMUSG00002076690,#N/A,0,0,0,0,0,0,0,0,0,0,0,0
ENSMUSG00000084691,Gm24895,0,0,0,0,0,0,0,0,0,0,0,0
ENSMUSG00000084549,DQ267100,0,0,0,0,0,0,0,0,0,0,0,0
ENSMUSG00000064496,DQ267101,0,0,0,0,0,0,0,0,0,0,0,0
ENSMUSG00000065013,Gm23508,0,0,0,0,0,0,0,0,0,0,0,0
ENSMUSG00000064621,Gm26922,0,0,0,0,0,0,0,0,0,0,0,0
ENSMUSG00000064417,DQ267102,0,0,0,0,0,0,0,0,0,0,0,0
ENSMUSG00000064679,Gm25357,0,0,0,0,0,0,0,0,0,0,0,0
ENSMUSG00002074888,#N/A,0,0,0,0,0,0,0,0,0,0,0,0
ENSMUSG00000102657,Gm37899,0,0,0,0,0,6,0,1,0,0,1,0
ENSMUSG00000065757,Gm23347,0,0,0,0,0,0,0,0,0,0,0,0
ENSMUSG00000079179,Rab10os,377,450,391,395,662,313,369,400,511,475,630,605
ENSMUSG00000020671,Rab10,4307,4738,3695,3679,3863,3494,3657,4079,4426,4006,4431,4118
ENSMUSG00000097429,Gm26520,2,1,9,3,3,0,0,7,1,3,5,3
ENSMUSG00000098202,B830012L14Rik,0,0,0,0,0,5,0,0,0,0,1,0
ENSMUSG00000065749,AF357428,0,0,0,0,0,0,0,0,0,0,0,0
ENSMUSG00000064487,Gm23736,0,0,0,0,0,0,0,0,0,0,0,0
ENSMUSG00000020668,Kif3c,100,98,54,69,105,66,75,88,94,95,129,121
ENSMUSG00000112308,Gm48512,0,1,0,0,0,0,0,0,0,0,1,0
ENSMUSG00000112655,Gm48511,2,0,0,0,0,2,0,1,0,0,2,0
ENSMUSG00000071456,1110002L01Rik,244,210,210,191,304,229,154,206,247,189,270,312
ENSMUSG00000037486,Asxl2,1696,1643,1377,1367,1091,1000,911,1488,1446,1330,1366,1245
ENSMUSG00000118499,AC160138.1,0,1,0,0,0,0,0,1,1,0,3,2
ENSMUSG00000112105,Rps7-ps2,9,6,10,5,5,10,16,5,8,4,8,5
ENSMUSG00000021219,Rgs6,0,0,0,0,0,10,0,2,0,0,1,0
ENSMUSG00002075905,#N/A,0,0,0,0,0,0,0,0,0,0,0,0
ENSMUSG00000077630,Gm22149,0,0,0,0,0,0,0,0,0,0,0,0
ENSMUSG00000100890,1700085C21Rik,0,0,0,0,0,0,0,0,0,0,0,0
ENSMUSG00000102249,4930423C22Rik,0,0,0,0,0,0,0,0,0,0,0,0
ENSMUSG00000102029,Gm29530,0,0,0,0,0,0,0,0,0,0,0,0
ENSMUSG00000104380,4933436F18Rik,0,0,0,0,0,0,0,0,0,0,0,0
ENSMUSG00000103387,1700030I03Rik,0,0,0,0,0,0,0,0,0,0,0,0
ENSMUSG00000021221,Dpf3,0,1,0,0,1,1,0,0,1,0,1,0
ENSMUSG00000113664,Gm47184,0,0,0,0,0,0,0,0,0,1,0,0
ENSMUSG00000021222,Dcaf4,288,337,245,260,261,131,254,257,292,253,320,307
ENSMUSG00000042628,Zfyve1,357,429,278,271,252,115,278,279,350,332,271,285
ENSMUSG00000113431,Gm6722,1,0,0,0,1,6,0,0,0,1,1,0
ENSMUSG00000010608,Rbm25,7564,6986,6572,6185,6754,9025,6692,6980,6861,6748,8640,7374
ENSMUSG00000099708,Gm29361,4,4,3,3,7,0,0,5,0,0,2,5
ENSMUSG00000071454,Dtnb,176,218,159,185,238,118,175,204,204,227,258,249
ENSMUSG00002076574,#N/A,0,0,0,0,0,0,0,0,0,0,0,0
ENSMUSG00000092286,Dtnbos,0,0,2,0,0,0,0,0,0,0,0,0
ENSMUSG00000019969,Psen1,1587,1741,1197,1340,1201,670,1177,1408,1407,1271,1289,1150
ENSMUSG00000114050,Gm47666,0,0,0,0,0,0,0,0,0,0,0,0
ENSMUSG00000113881,Gm18592,0,0,0,0,0,0,0,0,0,0,0,0
ENSMUSG00000113999,Gm47681,0,0,0,0,1,0,0,0,0,0,0,0
ENSMUSG00000021223,Papln,1,0,0,3,3,0,0,0,0,0,0,1
ENSMUSG00000021224,Numb,489,520,441,409,397,259,344,521,420,359,412,354
ENSMUSG00000114150,Gm46367,0,0,0,0,0,0,0,0,0,0,0,1
ENSMUSG00000113141,Gm47748,0,0,0,0,0,0,0,0,0,0,0,0
ENSMUSG00000113423,Gm3791,1,1,0,0,0,1,1,0,1,3,2,0
ENSMUSG00000096953,Gm26571,117,141,137,122,122,14,111,80,168,125,68,97
ENSMUSG00000046791,Riox1,2150,2422,1857,1926,1688,433,1562,1774,2166,2057,1499,1466
ENSMUSG00000090843,Heatr4,0,0,0,0,0,0,0,0,0,0,0,0
ENSMUSG00000021226,Acot2,93,130,91,81,69,58,95,81,103,91,82,92
ENSMUSG00000072949,Acot1,2,0,0,2,6,8,0,5,0,0,2,1
ENSMUSG00000113844,Gm47943,0,0,0,0,0,0,0,0,0,0,0,0
ENSMUSG00000052392,Acot4,6,2,10,9,1,5,11,8,5,9,13,12
ENSMUSG00000113475,Gm49366,0,0,0,0,0,0,0,0,0,0,0,0
ENSMUSG00000020661,Dnmt3a,14386,14031,11479,11213,9870,5159,7225,10169,12466,12176,8591,8459
ENSMUSG00000097762,4732463B04Rik,0,0,1,0,0,1,0,0,0,0,1,1
ENSMUSG00000021228,Acot3,0,0,0,0,1,0,0,0,0,0,0,0
ENSMUSG00000073242,Dnmt3aos,1,2,0,1,0,0,1,0,3,2,0,0
ENSMUSG00000112271,Gm9088,1,0,0,0,0,0,0,0,1,1,0,2
ENSMUSG00000042540,Acot5,0,0,0,0,0,0,0,0,0,0,0,0
ENSMUSG00000044515,Gm8385,0,0,0,0,0,0,0,0,0,0,0,0
ENSMUSG00000043487,Acot6,88,97,78,83,123,80,78,79,113,115,102,129
ENSMUSG00000020660,Pomc,6,8,6,8,18,6,9,12,7,16,6,7
ENSMUSG00000042523,Dnal1,71,56,56,45,79,50,53,75,75,55,44,56
ENSMUSG00000054383,Pnma1,2,2,1,6,4,0,2,6,2,7,2,1
ENSMUSG00000020658,Efr3b,39,40,24,27,39,17,33,38,35,26,57,29
ENSMUSG00000112517,Gm48001,0,0,0,0,0,0,0,0,0,0,0,0
ENSMUSG00000112817,Gm48122,0,0,0,0,0,0,0,0,0,0,0,0
ENSMUSG00000020657,Dnajc27,960,1062,834,922,829,420,645,846,903,881,814,746
ENSMUSG00000042507,Elmsan1,1090,1082,920,959,936,563,699,1054,904,852,1038,974
ENSMUSG00000113776,Gm19327,5,0,5,5,4,3,5,13,6,3,3,7
ENSMUSG00000113052,Gm31513,0,4,1,0,0,1,0,0,3,1,4,1
ENSMUSG00000113094,Gm47447,0,1,1,1,1,0,0,5,0,1,4,3
ENSMUSG00000042962,Gm5436,6,15,8,5,4,2,9,3,9,9,2,10
ENSMUSG00000072946,Ptgr2,489,500,383,356,424,310,282,354,390,330,461,408
ENSMUSG00000113529,Gm47484,1,0,0,1,4,6,4,1,2,2,11,8
ENSMUSG00000020654,Adcy3,583,649,498,495,557,197,403,473,613,574,659,656
ENSMUSG00000020652,Cenpo,287,236,255,268,300,221,301,273,256,211,269,284
ENSMUSG00000112770,Gm48210,0,0,0,0,0,0,0,0,0,0,0,0
ENSMUSG00000112297,Gm17816,4,0,0,0,1,1,2,1,0,3,2,8
ENSMUSG00000096199,Ptrhd1,299,312,276,286,285,139,305,300,326,279,253,210
ENSMUSG00000112829,Gm29696,0,0,0,0,0,0,0,0,0,0,0,0
ENSMUSG00000111916,4921501I09Rik,0,1,0,0,1,0,0,0,0,1,2,0
ENSMUSG00000042472,Zfp410,984,1040,837,838,802,331,802,835,847,800,670,664
ENSMUSG00000021234,Fam161b,16,12,7,9,12,8,3,10,6,4,9,8
ENSMUSG00000020647,Ncoa1,697,669,399,386,443,294,363,470,556,486,541,527
ENSMUSG00002076270,#N/A,0,0,0,0,0,0,0,0,0,0,0,0
ENSMUSG00002075858,#N/A,0,0,0,0,0,0,0,0,0,0,0,0
ENSMUSG00000111938,2900045O20Rik,0,2,1,0,0,0,0,2,0,1,1,0
ENSMUSG00000112422,Gm31938,0,0,0,0,0,0,0,0,0,0,0,0
ENSMUSG00000112819,Gm46332,0,0,0,0,0,2,0,0,0,0,0,0
ENSMUSG00000112505,Gm48610,0,0,0,0,0,0,0,0,0,0,0,0
ENSMUSG00000118449,AC241534.1,5,4,4,1,6,5,1,2,5,3,2,3
ENSMUSG00000020640,Itsn2,3767,3966,2915,2895,2771,2152,2067,3097,3207,3117,3310,2896
ENSMUSG00000111971,Gm48678,0,0,0,0,0,0,0,0,0,0,0,0
ENSMUSG00000091732,Gm17541,2,1,0,3,2,1,2,1,0,0,1,2
ENSMUSG00000079177,Fam228a,14,19,10,8,9,5,8,13,10,10,12,8
ENSMUSG00000050545,Fam228b,15,22,13,13,8,20,17,22,20,18,16,24
ENSMUSG00000087939,Gm23676,0,0,0,0,0,0,0,0,0,0,0,0
ENSMUSG00000119679,#N/A,0,0,0,0,0,0,0,0,0,0,0,0
ENSMUSG00000020639,Pfn4,7,7,6,6,8,4,4,8,14,5,8,8
ENSMUSG00000091269,Gm6682,0,0,0,0,1,0,1,2,0,0,0,0
ENSMUSG00000118546,CT025683.1,0,0,0,0,0,0,0,0,0,0,0,0
ENSMUSG00000037361,Sf3b6,1977,2502,1780,1939,2286,1988,2099,2159,2305,2017,2260,1982
ENSMUSG00000020635,Fkbp1b,3,7,0,2,3,1,1,3,2,0,1,2
ENSMUSG00000051721,Wdcp,183,157,131,148,160,83,136,156,142,140,166,139
ENSMUSG00000037336,Mfsd2b,29,35,28,27,18,13,28,26,17,27,30,24
ENSMUSG00000020634,Ubxn2a,3593,3404,2538,2703,2295,1895,1724,2406,3213,3134,2430,2348
ENSMUSG00000052812,Atad2b,2046,2066,1731,1594,1769,1750,1090,1816,1910,1880,1862,1717
ENSMUSG00000087780,Gm23167,0,0,0,0,0,0,0,0,0,0,0,0
ENSMUSG00000112723,Gm9110,0,0,0,0,0,0,0,0,0,0,0,0
ENSMUSG00000020627,Klhl29,0,0,0,0,0,3,1,0,0,0,0,0
ENSMUSG00000112020,Gm48532,0,0,0,0,0,0,0,0,0,0,0,0
ENSMUSG00000037735,2810032G03Rik,0,0,0,0,2,0,0,0,0,0,0,0
ENSMUSG00000097977,Gm5652,8,13,7,10,7,3,15,30,7,6,13,7
ENSMUSG00000112559,Gm48599,0,0,0,0,0,0,0,0,0,0,0,0
ENSMUSG00000112404,Gm32442,0,0,0,0,0,0,0,0,0,0,0,0
ENSMUSG00002075154,#N/A,0,0,0,0,0,0,0,0,0,0,0,0
ENSMUSG00000111898,Gm48608,0,0,0,0,0,0,0,0,0,0,0,0
ENSMUSG00000112591,Gm4927,0,0,0,0,0,0,0,0,0,0,0,0
ENSMUSG00000111967,Gm3678,0,0,0,0,0,0,0,0,0,0,0,0
ENSMUSG00000112454,Gm48619,0,0,0,0,2,2,0,0,0,0,0,0
ENSMUSG00000111975,Gm46311,0,1,0,0,0,0,0,0,0,0,0,0
ENSMUSG00000102096,1700101O22Rik,0,0,0,0,0,2,0,0,0,0,0,0
ENSMUSG00000112754,Gm9139,1,1,0,0,0,0,0,0,0,0,0,0
ENSMUSG00000112323,Gm32828,0,0,0,0,0,0,0,0,0,0,0,0
ENSMUSG00000073233,Gm9144,8,2,3,5,0,3,1,5,17,10,5,8
ENSMUSG00000112615,Gm18337,0,0,0,0,0,0,0,0,0,0,0,0
ENSMUSG00000112465,Gm18387,0,0,0,0,0,0,0,0,0,0,0,0
ENSMUSG00000112006,Gm48633,0,0,0,0,0,0,0,0,0,0,0,0
ENSMUSG00000020609,Apob,0,0,0,0,0,1,0,0,0,0,0,0
ENSMUSG00000112694,Gm33037,0,0,0,0,0,1,0,0,0,0,0,0
ENSMUSG00000037669,Ldah,955,950,720,776,858,499,752,836,929,844,854,775
ENSMUSG00000112441,Gm48898,0,0,0,0,0,0,0,0,0,0,1,1
ENSMUSG00000037660,Gdf7,0,0,0,1,0,0,0,0,0,0,0,0
ENSMUSG00000020605,Hs1bp3,72,86,41,34,50,19,28,51,51,55,61,74
ENSMUSG00000111889,Gm48071,0,0,0,0,0,0,0,0,0,0,0,0
ENSMUSG00000112452,Gm48075,0,0,0,0,0,0,0,0,0,0,0,0
ENSMUSG00000112664,Gm48076,0,0,0,0,0,0,0,0,0,0,0,0
ENSMUSG00000112657,BC106175,0,0,0,0,0,0,0,0,0,0,0,0
ENSMUSG00000054364,Rhob,314,354,325,341,180,75,291,313,290,260,154,148
ENSMUSG00000112276,5033421B08Rik,0,0,0,0,0,0,1,0,0,0,0,0
ENSMUSG00000020600,Slc7a15,0,0,0,0,0,0,0,0,0,0,0,0
ENSMUSG00000020594,Pum2,6725,7087,6136,5895,6013,4491,4655,6016,6517,6122,6326,5885
ENSMUSG00000096940,Gm4755,0,0,0,0,0,0,0,0,0,0,0,0
ENSMUSG00000020592,Sdc1,186,155,258,285,263,72,219,229,155,160,105,82
ENSMUSG00000042976,9930038B18Rik,0,0,1,0,0,1,0,0,0,0,0,0
ENSMUSG00000112891,Gm47391,0,0,0,0,0,0,0,0,0,0,0,0
ENSMUSG00000020585,Laptm4a,1454,1686,1262,1210,1274,768,1380,1273,1457,1281,1155,1112
ENSMUSG00000020583,Matn3,0,0,0,0,0,0,0,1,0,0,0,0
ENSMUSG00000066643,Wdr35,36,45,36,28,50,37,25,36,46,28,56,25
ENSMUSG00000066637,Ttc32,63,65,51,55,84,66,71,56,77,60,108,105
ENSMUSG00000113913,Gm46323,0,0,0,0,0,0,0,0,0,0,0,0
ENSMUSG00000060647,Gm7099,9,4,4,3,1,0,1,1,2,2,0,5
ENSMUSG00000111989,Gm18696,0,0,0,0,0,0,0,0,0,0,0,0
ENSMUSG00000114000,Gm48762,0,0,0,0,0,1,0,0,0,0,0,0
ENSMUSG00000112496,Gm48764,0,0,0,0,0,0,0,0,2,0,0,0
ENSMUSG00000099360,1700022H16Rik,0,0,0,0,0,0,0,0,0,0,0,0
ENSMUSG00000048387,Osr1,0,0,0,0,0,0,0,0,0,0,0,0
ENSMUSG00000077259,Gm23979,0,0,0,0,0,0,0,0,0,0,0,0
ENSMUSG00000112043,Gm48774,0,0,0,0,0,0,0,0,0,0,0,0
ENSMUSG00000112787,Gm48790,0,0,0,0,0,0,0,0,0,0,0,0
ENSMUSG00000088337,Gm22845,0,0,0,0,0,0,0,0,0,0,0,0
ENSMUSG00000111942,Gm5182,19,13,16,12,15,3,4,11,18,3,15,14
ENSMUSG00000111925,Gm48791,0,0,0,0,0,0,0,0,0,0,0,0
ENSMUSG00000112783,Gm48792,0,0,0,0,0,0,0,0,0,1,0,0
ENSMUSG00000111917,Gm48793,0,0,0,0,0,0,0,0,0,0,0,0
ENSMUSG00000112377,Gm48794,0,0,0,0,0,0,0,0,0,0,0,0
ENSMUSG00000020622,Nt5c1b,0,0,0,0,0,0,0,0,0,0,0,0
ENSMUSG00000020621,Rdh14,215,163,137,143,179,114,133,149,202,180,152,183
ENSMUSG00000112792,Gm38407,0,0,0,0,0,0,0,0,0,0,0,0
ENSMUSG00000112127,Gm48886,0,0,0,0,0,0,0,0,0,0,0,0
ENSMUSG00000112515,Gm4928,1,0,2,1,1,3,2,0,1,1,0,1
ENSMUSG00000066632,Pgk1-rs7,0,1,0,0,1,0,0,1,0,0,0,0
ENSMUSG00000111928,Gm48082,0,0,0,0,0,0,0,0,0,0,0,0
ENSMUSG00000113620,7420701I03Rik,0,0,0,0,0,0,0,0,0,0,0,0
ENSMUSG00000043673,Kcns3,0,0,0,0,0,0,0,0,0,0,0,0
ENSMUSG00000112298,Gm48088,0,0,0,2,0,0,5,0,1,0,0,0
ENSMUSG00000112041,9530020I12Rik,0,0,0,0,0,0,0,0,0,0,0,0
ENSMUSG00000047002,Msgn1,0,0,0,0,0,0,0,0,0,0,0,0
ENSMUSG00000103287,1700034J04Rik,0,0,0,0,0,0,0,0,0,0,0,0
ENSMUSG00000051235,Gen1,231,284,276,258,460,358,251,341,257,212,356,331
ENSMUSG00000020608,Smc6,1824,1992,1535,1537,1787,2080,1434,1947,1560,1756,2090,1787
ENSMUSG00000098879,Mir7675,1,2,0,0,1,2,1,0,0,0,1,0
ENSMUSG00000054459,Vsnl1,0,0,0,0,0,0,0,0,0,0,0,0
ENSMUSG00000097841,4930511A02Rik,0,0,0,0,0,0,0,0,0,0,0,0
ENSMUSG00000086022,Rad51ap2,0,0,0,1,1,0,0,0,0,0,0,1
ENSMUSG00000113787,Gm47807,0,0,0,0,0,0,0,0,0,0,0,0
ENSMUSG00000113226,Gm47808,0,0,0,0,0,0,0,0,0,1,0,0
ENSMUSG00000111974,Gm4803,0,0,0,0,0,0,0,0,0,0,0,0
ENSMUSG00002075859,#N/A,0,0,0,0,0,0,0,0,0,0,0,0
ENSMUSG00000112788,Gm47821,0,0,0,0,0,0,0,0,0,0,0,0
ENSMUSG00000112158,Gm47822,0,0,0,0,0,0,0,0,0,0,0,0
ENSMUSG00000112413,Gm6867,4,4,1,0,2,0,6,1,3,3,5,2
ENSMUSG00000113013,Gm47833,0,0,0,0,0,0,0,0,0,0,0,0
ENSMUSG00000113330,Gm34237,0,0,0,0,0,0,0,0,0,0,0,0
ENSMUSG00000113275,Tubb2a-ps2,0,0,0,0,0,0,0,0,0,0,0,0
ENSMUSG00000077204,Gm25610,0,0,0,0,0,0,0,0,0,0,0,0
ENSMUSG00000078377,Gm4294,2,3,0,0,1,0,4,1,1,2,0,6
ENSMUSG00002075793,#N/A,0,0,0,0,0,0,0,0,0,0,0,0
ENSMUSG00000020589,Fam49a,56,66,61,61,37,27,78,62,51,51,64,50
ENSMUSG00000114136,4921511I17Rik,0,0,0,0,0,0,0,0,0,0,0,0
ENSMUSG00000118614,AC107703.1,0,0,0,0,0,0,0,0,0,0,0,0
ENSMUSG00002075824,#N/A,0,0,0,0,0,0,0,0,0,0,0,0
ENSMUSG00000119089,#N/A,0,0,0,0,0,0,0,0,0,0,0,0
ENSMUSG00000113009,3732407C23Rik,0,0,0,0,0,0,0,0,0,0,0,0
ENSMUSG00000091430,Platr19,0,0,0,0,0,0,0,0,0,0,0,0
ENSMUSG00000113363,Gm48187,0,0,0,0,0,0,0,0,0,0,0,0
ENSMUSG00000097627,4930519A11Rik,0,0,0,0,0,0,0,0,0,0,0,0
ENSMUSG00000113465,Gm40271,0,0,0,0,0,0,0,0,0,0,0,0
ENSMUSG00000066629,Rpl36-ps3,2,3,0,4,3,0,2,0,2,2,2,2
ENSMUSG00000037169,Mycn,197,245,193,158,78,19,146,135,142,114,149,120
ENSMUSG00000113953,Gm48201,1,0,0,1,0,0,0,0,1,0,0,0
ENSMUSG00000113220,Gm35208,0,0,0,0,0,0,0,0,0,0,0,0
ENSMUSG00000113928,Gm48209,0,0,0,0,0,0,0,0,0,0,0,0
ENSMUSG00000112988,Gm35298,0,0,0,0,0,0,0,0,0,0,0,0
ENSMUSG00000113284,Gm48213,0,0,0,0,0,0,0,0,0,0,0,0
ENSMUSG00000113937,Rpl21-ps2,0,0,0,1,1,0,0,0,0,0,0,0
ENSMUSG00000064717,Gm24208,0,0,0,0,0,0,0,0,0,0,0,0
ENSMUSG00000037149,Ddx1,5371,5913,4628,4887,4794,3714,4346,4949,5603,5145,5155,4617
ENSMUSG00000020576,Nbas,938,1041,693,694,848,397,546,743,759,703,797,740
ENSMUSG00000113476,Gm48309,0,0,0,0,0,0,0,0,0,0,0,0
ENSMUSG00000113188,Gm35638,1,6,1,2,4,0,3,5,2,0,0,0
ENSMUSG00000071414,Gm6736,0,1,0,0,0,0,0,0,0,0,0,0
ENSMUSG00000037679,Inf2,2399,2491,2214,2315,2097,968,1990,2578,2043,1866,1811,1809
ENSMUSG00000011148,Adssl1,59,64,55,74,100,35,48,59,66,48,31,49
ENSMUSG00000064326,Siva1,332,413,324,354,411,155,376,349,368,274,320,411
ENSMUSG00000001729,Akt1,5820,6326,4703,4939,5001,1933,4779,5351,5750,5208,5388,5158
ENSMUSG00000098380,Mir6939,0,0,0,1,0,0,0,1,0,0,0,0
ENSMUSG00000037638,Zbtb42,39,41,38,25,49,9,50,55,27,34,21,24
ENSMUSG00000103898,Gm30238,29,32,19,31,46,43,18,30,19,22,51,54
ENSMUSG00000072825,Cep170b,1067,1022,707,709,824,314,664,839,907,803,885,874
ENSMUSG00000099165,Mir6940,0,0,0,0,0,0,0,0,0,0,0,0
ENSMUSG00000113231,Gm5189,0,0,0,0,0,0,0,0,0,0,0,0
ENSMUSG00000052160,Pld4,15,18,24,27,25,12,20,11,16,12,15,9
ENSMUSG00000103080,Gm38123,0,0,0,0,0,1,0,0,0,0,0,0
ENSMUSG00000113120,E330035G20Rik,0,0,0,0,0,2,0,0,0,0,0,0
ENSMUSG00000047828,A730018C14Rik,0,0,0,0,0,0,0,0,0,0,0,0
ENSMUSG00000113189,B020018J22Rik,0,0,0,0,0,0,0,0,0,0,0,0
ENSMUSG00000043122,A530016L24Rik,0,0,0,0,0,5,0,0,0,0,1,0
ENSMUSG00000054013,Tmem179,0,0,0,0,0,0,0,0,0,0,0,0
ENSMUSG00000118667,#N/A,23,34,28,22,11,8,12,22,11,16,7,6
ENSMUSG00000037594,Clba1,11,28,14,12,22,2,9,16,15,9,16,13
ENSMUSG00000047832,Cdca4,1788,1990,1490,1567,1661,814,1658,1647,1717,1443,1551,1446
ENSMUSG00000021298,Gpr132,1072,1319,1240,1287,945,409,1187,1116,816,777,828,725
ENSMUSG00000113872,Gm47474,0,0,0,0,0,0,0,0,0,0,0,0
ENSMUSG00000113830,1700127F24Rik,0,0,0,0,0,0,0,0,0,0,0,0
ENSMUSG00000002799,Jag2,64,93,44,43,37,22,33,32,41,47,69,90
ENSMUSG00000098338,Mir6941,0,0,0,0,0,0,0,0,0,0,0,0
ENSMUSG00000002804,Nudt14,33,44,38,30,48,11,36,22,37,34,45,45
ENSMUSG00000097476,Gm26583,5,5,3,1,1,0,4,2,5,2,1,2
ENSMUSG00000011158,Brf1,1504,1637,1264,1276,1193,667,950,1320,1379,1335,1236,1205
ENSMUSG00000113519,Gm47541,3,3,1,1,2,0,0,1,1,0,2,0
ENSMUSG00000002803,Btbd6,192,212,140,156,188,103,195,188,205,213,198,221
ENSMUSG00000097100,9230104M06Rik,0,0,0,0,1,0,2,2,4,3,3,2
ENSMUSG00000021143,Pacs2,1044,1189,799,888,808,382,668,949,938,935,946,850
ENSMUSG00002076948,#N/A,0,0,0,0,0,0,1,0,0,0,0,0
ENSMUSG00000012211,Tex22,1,2,2,2,0,0,0,1,2,1,3,2
ENSMUSG00000021144,Mta1,3976,4119,3194,3112,3426,2060,3092,3478,3683,3158,3860,3375
ENSMUSG00000006356,Crip2,154,172,127,134,88,41,113,117,96,100,86,101
ENSMUSG00000006360,Crip1,1138,1716,1373,1618,1936,656,1613,1458,1206,1104,1042,966
ENSMUSG00000037466,Tedc1,239,237,255,224,337,143,260,314,220,174,254,279
ENSMUSG00000105111,Gm43310,0,0,0,0,0,0,0,0,0,0,0,0
ENSMUSG00000049036,Tmem121,4,10,10,9,24,6,10,17,9,7,10,14
ENSMUSG00000087842,Gm25622,0,0,0,0,0,0,0,0,0,0,0,0
ENSMUSG00000112167,Gm47053,0,0,0,0,0,0,0,0,0,0,0,1
ENSMUSG00000052609,Plekhg3,53,45,47,45,45,23,32,46,46,47,79,67
ENSMUSG00000092738,Mir5135,0,0,0,0,0,0,0,0,0,0,0,0
ENSMUSG00000112388,AI463170,0,0,0,0,0,0,0,0,0,0,0,0
ENSMUSG00000021061,Sptb,65,57,73,47,59,39,32,51,74,67,47,40
ENSMUSG00002076277,#N/A,0,0,0,0,0,0,0,0,0,0,0,0
ENSMUSG00000090258,Churc1,75,132,79,67,83,28,91,85,72,47,56,56
ENSMUSG00000033373,Fntb,608,720,565,566,537,244,557,635,598,506,464,464
ENSMUSG00000042808,Gpx2,0,0,0,0,0,0,0,0,0,0,0,0
ENSMUSG00000021062,Rab15,1,0,0,4,5,4,3,1,1,5,1,3
ENSMUSG00000059436,Max,2188,2174,1749,1794,1927,1850,1932,2056,2155,1827,2175,1882
ENSMUSG00000112008,Gm47218,45,47,56,68,16,15,36,54,38,39,28,19
ENSMUSG00000112857,Gm35041,0,0,0,0,0,0,0,0,0,0,0,0
ENSMUSG00000112030,Gm35189,0,0,0,0,0,0,0,0,0,0,1,0
ENSMUSG00002076217,#N/A,0,0,0,0,0,0,0,0,0,0,0,0
ENSMUSG00000021235,Coq6,252,321,240,268,252,62,307,261,335,280,228,252
ENSMUSG00000021236,Entpd5,155,140,118,115,157,96,116,150,164,118,199,191
ENSMUSG00000057265,Bbof1,8,4,3,5,6,5,4,4,1,4,15,6
ENSMUSG00000098134,Rnf113a2,430,572,394,437,374,333,374,462,493,398,427,349
ENSMUSG00000021238,Aldh6a1,20,17,17,15,14,9,9,27,25,12,16,16
ENSMUSG00000021239,Vsx2,0,0,0,0,0,1,0,0,0,0,1,0
ENSMUSG00000021240,Abcd4,78,83,66,58,71,53,62,67,69,59,81,74
ENSMUSG00000085793,Lin52,72,98,77,85,84,32,97,77,79,67,85,60
ENSMUSG00000041415,Dicer1,3603,3820,3160,2911,3028,2188,2118,3368,3295,3222,3202,2939
ENSMUSG00000112546,Gm6992,3,6,5,2,4,1,3,8,4,3,3,3
ENSMUSG00000112890,Gm18502,0,0,0,0,0,0,0,0,0,0,0,0
ENSMUSG00000077292,Gm25408,0,0,0,0,0,0,0,0,0,0,0,0
ENSMUSG00000036136,Fam110c,3,2,2,0,0,2,1,2,2,4,1,4
ENSMUSG00000112876,Gm32443,0,0,0,0,0,0,0,0,0,0,0,0
ENSMUSG00000112799,Gm48100,0,0,1,0,1,0,0,0,1,0,0,0
ENSMUSG00000095953,6030469F06Rik,0,0,0,0,0,0,0,0,0,0,0,0
ENSMUSG00000111944,Gm18024,1,0,0,0,1,0,0,0,0,0,0,0
ENSMUSG00000112518,Gm48117,0,0,0,0,0,0,0,0,0,1,0,0
ENSMUSG00000112187,Gm6993,0,0,0,0,0,0,0,0,0,0,0,0
ENSMUSG00000112567,Gm32899,2,9,3,2,7,22,6,10,3,2,10,4
ENSMUSG00000065200,Gm24613,0,0,0,0,0,0,0,0,0,0,0,0
ENSMUSG00000002900,Lamb1,0,0,0,0,0,9,0,0,0,0,0,1
ENSMUSG00000020664,Dld,2589,2774,2126,2184,2398,2200,2085,2388,2324,2372,2403,2135
ENSMUSG00000001225,Slc26a3,0,0,0,0,0,0,0,0,0,0,0,0
ENSMUSG00000091040,Gm9359,0,0,0,0,0,0,0,0,0,0,0,0
ENSMUSG00000020659,Cbll1,1071,999,883,796,929,1079,832,998,951,850,1167,927
ENSMUSG00000099851,Gm29542,0,0,0,0,1,0,0,0,0,1,0,1
ENSMUSG00000101007,Gm29541,0,0,0,0,0,0,0,0,0,0,0,0
ENSMUSG00000115415,Gm49074,0,0,0,0,0,0,0,0,0,0,0,0
ENSMUSG00000099758,Gm10830,0,0,0,0,0,0,0,0,0,0,0,0
ENSMUSG00000115205,Gm16374,11,4,13,7,9,3,10,5,5,7,3,5
ENSMUSG00000101588,Gm28265,0,0,0,0,0,0,0,0,0,0,0,0
ENSMUSG00000097003,D930007P13Rik,0,0,1,0,0,0,0,0,0,0,0,0
ENSMUSG00000116066,Gm49477,0,0,0,0,0,0,0,0,0,0,0,0
ENSMUSG00000036061,Smug1,249,256,264,267,303,108,219,223,300,234,295,282
ENSMUSG00000068114,Ccdc134,788,846,634,615,555,273,548,642,633,566,706,634
ENSMUSG00000022155,Mroh2b,0,0,0,0,0,0,0,0,0,0,0,0
ENSMUSG00000009575,Cbx5,3806,3975,3995,3537,4670,3100,3176,4292,3740,3429,4658,4087
ENSMUSG00000079105,C7,1,0,0,0,0,0,0,0,0,0,0,0
ENSMUSG00000065714,Gm25652,0,0,0,0,0,0,0,0,0,0,0,0
ENSMUSG00000080720,Gm16077,0,0,0,0,0,0,0,0,0,0,0,0
ENSMUSG00000041849,Card6,109,109,64,77,96,86,78,105,122,97,133,95
ENSMUSG00000041841,Rpl37,3043,4391,3246,3472,3575,1244,3680,2965,3458,2956,2753,2642
ENSMUSG00000077737,Snord72,28,37,39,18,20,17,37,28,23,29,36,38
ENSMUSG00000068706,Gm10250,1,5,5,7,3,1,6,1,2,5,2,1
ENSMUSG00000050697,Prkaa1,905,958,676,700,686,568,588,761,826,764,876,828
ENSMUSG00000087532,Gm15938,1,0,0,3,2,0,0,0,0,0,1,0
ENSMUSG00000022463,Srebf2,8602,9298,7087,7609,4950,1888,5915,7862,7974,7850,4701,4739
ENSMUSG00000022369,Mtbp,864,856,782,741,847,529,672,841,748,695,749,745
ENSMUSG00000116226,Gm49502,11,25,19,24,14,15,13,23,25,19,23,27
ENSMUSG00000065465,Mir33,0,0,0,0,0,0,0,0,0,0,0,0
ENSMUSG00000096883,Shisa8,0,2,1,2,2,3,0,1,0,1,0,0
ENSMUSG00000060429,Sntb1,43,36,27,28,8,15,18,25,27,13,15,15
ENSMUSG00000115200,Gm46516,0,0,0,1,0,0,0,1,0,0,0,0
ENSMUSG00000115150,Gm10370,0,0,0,0,0,0,0,0,0,0,0,0
ENSMUSG00000115651,Gm7595,0,0,0,0,0,0,0,0,0,0,0,0
ENSMUSG00000115187,Gm49210,0,0,0,0,0,0,0,0,0,0,0,0
ENSMUSG00000115361,Gm49211,0,0,0,0,0,0,0,0,0,0,0,0
ENSMUSG00000115678,Gm49212,0,0,0,0,0,0,0,0,0,0,0,0
ENSMUSG00000114969,Hba-ps3,0,0,0,0,0,0,0,0,0,0,0,0
ENSMUSG00000022151,Ttc33,269,289,247,277,298,242,264,323,313,277,321,303
ENSMUSG00000115064,Gm49213,0,1,0,0,0,0,0,0,0,0,0,0
ENSMUSG00000068105,Tnfrsf13c,55,61,54,45,68,65,34,57,82,63,36,36
ENSMUSG00000116009,Gm49503,1,5,3,2,4,0,6,2,4,2,2,9
ENSMUSG00000022367,Has2,0,0,0,0,0,0,0,0,0,0,0,0
ENSMUSG00000046434,Hnrnpa1,2261,1926,1906,1815,2129,2226,1916,1953,2146,2040,2542,2407
ENSMUSG00000039942,Ptger4,4984,5536,3093,3335,3209,1725,2553,2914,4751,4600,3217,3153
ENSMUSG00000086541,Has2os,0,0,0,0,0,0,0,0,0,0,0,0
ENSMUSG00000084024,Gm15937,0,1,0,2,0,0,2,2,0,2,0,1
ENSMUSG00000115493,Gm5673,0,0,0,1,0,0,0,1,0,1,0,0
ENSMUSG00000115748,Gm49093,0,1,0,0,0,0,0,0,0,0,0,0
ENSMUSG00000115172,Gm2582,0,0,0,0,0,0,0,0,0,0,0,0
ENSMUSG00000114998,Gm2157,0,0,0,0,0,0,0,0,0,0,0,1
ENSMUSG00000119342,#N/A,0,0,0,0,0,0,0,0,0,0,0,0
ENSMUSG00000114992,Gm2150,0,0,0,0,0,0,0,0,0,0,0,0
ENSMUSG00000115116,Gm46496,0,0,5,0,0,1,1,1,1,2,3,1
ENSMUSG00000110018,5430437J10Rik,0,1,0,2,0,0,0,0,1,0,2,0
ENSMUSG00000115185,Gm18715,0,0,0,0,0,0,0,0,0,0,0,0
ENSMUSG00002076871,#N/A,0,0,0,0,0,0,0,0,0,0,0,0
ENSMUSG00000115106,Gm8043,0,0,0,0,0,0,0,0,0,0,0,0
ENSMUSG00000115342,Gm49095,0,0,0,0,1,0,0,0,0,1,0,0
ENSMUSG00000115093,Gm8047,0,0,0,0,0,0,0,0,0,0,0,0
ENSMUSG00000118903,#N/A,0,0,0,0,0,0,0,0,0,0,0,0
ENSMUSG00000022366,Slc22a22,0,0,0,0,0,2,0,0,0,1,0,0
ENSMUSG00000115226,Gm49229,0,1,0,0,0,0,0,0,0,0,0,0
ENSMUSG00000115117,Gm18094,0,0,0,0,0,0,0,0,0,0,0,0
ENSMUSG00000115629,Gm49235,0,0,0,0,0,0,0,0,0,0,0,0
ENSMUSG00000058794,Nfe2,1,2,0,0,1,0,0,0,6,2,0,1
ENSMUSG00000068101,Cenpm,129,154,136,139,212,95,223,202,115,118,205,167
ENSMUSG00000071757,Zhx2,1071,1129,976,1037,1125,616,699,904,1157,1056,921,764
ENSMUSG00000090002,Gm16006,0,0,0,0,0,0,0,0,0,0,0,0
ENSMUSG00000047807,9330154K18Rik,0,0,0,0,0,0,0,0,0,0,0,0
ENSMUSG00000068099,1500009C09Rik,0,0,0,0,0,1,0,0,0,0,0,0
ENSMUSG00000022365,Derl1,1834,2148,1648,1728,1569,525,1560,1536,1719,1613,1233,1261
ENSMUSG00000060992,Copz1,2268,2553,1900,2052,2047,888,2126,2003,2276,1968,1875,1727
ENSMUSG00000065560,Mir148b,0,0,0,0,0,0,1,0,0,0,0,0
ENSMUSG00000116308,Gm49482,0,0,0,0,0,0,0,0,0,0,0,0
ENSMUSG00000063234,Gpr84,0,0,0,0,0,0,0,0,0,0,0,0
ENSMUSG00000000552,Zfp385a,25,19,14,19,18,7,18,29,18,19,13,8
ENSMUSG00000022364,Tbc1d31,164,193,211,208,284,252,147,267,171,135,187,185
ENSMUSG00000000555,Itga5,362,374,251,249,262,128,195,298,296,250,268,277
ENSMUSG00000098419,Mir6963,0,0,0,1,0,0,0,0,0,0,0,0
ENSMUSG00000104327,Gm37322,0,0,0,0,0,0,0,0,0,0,0,0
ENSMUSG00000022456,44807,3,1,2,1,3,3,0,1,2,0,5,6
ENSMUSG00000022455,Wbp2nl,1,0,0,0,0,0,0,0,0,0,1,0
ENSMUSG00000022453,Naga,85,82,88,66,64,47,93,102,85,77,85,53
ENSMUSG00000049687,Pheta2,18,22,11,14,11,3,10,12,12,10,11,11
ENSMUSG00000022452,Smdt1,486,571,477,536,564,267,604,519,505,482,443,507
ENSMUSG00000064959,n-R5s41,0,0,0,0,0,0,0,0,0,0,0,0
ENSMUSG00000022487,Gtsf1,0,0,0,0,0,0,0,0,0,0,0,0
ENSMUSG00000022450,Ndufa6,571,706,599,690,719,472,741,739,655,611,612,596
ENSMUSG00000053508,Gtsf2,0,0,0,0,0,0,0,0,0,0,0,0
ENSMUSG00000061740,Cyp2d22,4,6,3,2,1,2,1,5,1,1,0,0
ENSMUSG00000068085,Cyp2d11,0,0,0,0,0,0,0,0,0,0,0,0
ENSMUSG00000119826,#N/A,0,0,0,0,0,0,0,0,0,0,0,0
ENSMUSG00000022488,Nckap1l,3383,3937,2730,2741,2295,1196,2140,3026,2934,2776,2454,2343
ENSMUSG00000037106,Fer1l6,6,2,4,6,4,2,5,2,2,3,3,1
ENSMUSG00002075732,#N/A,0,0,0,0,0,0,0,0,0,0,0,0
ENSMUSG00000093677,Gm20712,34,29,27,36,24,21,28,20,28,22,14,16
ENSMUSG00000094806,Cyp2d10,0,0,0,0,0,0,0,0,0,0,0,0
ENSMUSG00002076453,#N/A,0,0,0,0,0,0,0,0,0,0,0,0
ENSMUSG00002074994,#N/A,0,0,0,0,0,0,0,0,0,0,0,0
ENSMUSG00000062373,Tmem65,1532,1510,1125,1148,856,707,842,1054,1474,1389,863,792
ENSMUSG00000065049,Gm24041,0,0,0,0,0,0,0,0,0,0,0,0
ENSMUSG00000116419,Gm19267,0,0,0,0,0,0,0,0,0,0,0,0
ENSMUSG00000061490,Ube2d4,0,0,0,0,0,0,0,0,0,0,0,0
ENSMUSG00000037085,Trmt12,201,246,199,214,165,104,151,202,162,208,163,127
ENSMUSG00000037075,Rnf139,772,838,679,688,593,406,625,699,718,675,594,577
ENSMUSG00000115463,Gm49356,0,0,0,0,0,0,0,0,0,0,0,0
ENSMUSG00000022150,Dab2,8,9,8,6,8,9,4,12,7,7,4,5
ENSMUSG00000068086,Cyp2d9,0,0,0,0,0,0,0,0,0,0,0,0
ENSMUSG00000116325,Gm46501,0,0,0,0,0,0,0,0,0,0,0,0
ENSMUSG00000089771,Gm16311,0,0,0,0,0,0,0,0,0,0,0,0
ENSMUSG00000116472,Gm49421,0,0,0,0,0,0,0,0,0,0,0,0
ENSMUSG00000115132,Gm18888,0,0,0,0,0,0,0,0,0,0,0,0
ENSMUSG00000115948,Gm49419,0,0,0,0,0,0,0,0,0,0,0,0
ENSMUSG00002076251,#N/A,0,0,0,0,0,0,0,0,0,0,0,0
ENSMUSG00000116265,Cyp2d32-ps,0,0,0,0,0,0,0,0,0,0,0,0
ENSMUSG00002076338,#N/A,0,0,0,0,0,0,0,0,0,0,0,0
ENSMUSG00000115931,Gm27825,0,0,0,0,0,0,0,0,0,0,0,0
ENSMUSG00000047347,Tdg-ps,1,11,8,15,5,12,6,9,11,7,7,6
ENSMUSG00000116490,Gm46525,0,0,0,0,0,0,0,0,0,0,0,0
ENSMUSG00000116104,Gm46524,0,0,0,0,0,0,0,0,0,0,0,0
ENSMUSG00000116219,Gm28023,0,0,0,0,0,0,0,0,0,0,0,0
ENSMUSG00002076526,#N/A,0,0,0,0,0,0,0,0,0,0,0,0
ENSMUSG00000050891,Tatdn1,204,234,216,195,149,162,193,193,201,183,182,181
ENSMUSG00000022354,Ndufb9,551,761,505,550,589,422,664,696,614,523,604,537
ENSMUSG00000022149,C9,0,2,0,1,0,1,0,0,0,0,0,0
ENSMUSG00000022489,Pde1b,206,224,203,212,132,56,153,166,155,137,137,116
ENSMUSG00002076063,#N/A,0,0,0,0,0,0,0,0,0,0,0,0
ENSMUSG00000022490,Ppp1r1a,0,0,0,0,0,0,0,0,0,0,0,1
ENSMUSG00000096852,Cyp2d12,0,0,0,0,0,0,0,0,0,0,0,0
ENSMUSG00002076408,#N/A,0,0,0,0,0,0,0,0,0,0,0,0
ENSMUSG00000116368,Cyp2d33-ps,0,0,0,0,0,0,0,0,0,0,0,0
ENSMUSG00000116319,Gm49429,0,0,0,0,0,0,0,0,0,0,0,0
ENSMUSG00000115914,Cyp2d34-ps,0,0,0,0,0,0,0,0,0,0,0,0
ENSMUSG00002075376,#N/A,0,0,0,0,0,0,0,0,0,0,0,0
ENSMUSG00000022491,Glycam1,0,0,0,0,0,0,0,0,0,0,0,0
ENSMUSG00000115819,Gm9108,0,0,0,0,0,1,0,0,0,0,0,0
ENSMUSG00000115329,Gm49272,0,0,0,0,0,1,0,0,0,0,0,0
ENSMUSG00000094559,Cyp2d34,0,0,0,0,0,0,0,0,0,0,0,0
ENSMUSG00000115279,Gm49273,0,0,0,0,0,0,0,0,0,0,0,0
ENSMUSG00000116130,Gm49431,0,0,0,0,0,0,0,0,0,0,0,0
ENSMUSG00000115030,Gm49274,0,0,0,0,0,0,0,0,0,0,0,0
ENSMUSG00000115053,Gm49275,0,0,0,0,0,0,0,0,0,0,0,0
ENSMUSG00000118516,AC118710.1,0,0,1,0,0,1,0,0,0,0,0,0
ENSMUSG00002075413,#N/A,0,0,0,0,0,0,0,0,0,0,0,0
ENSMUSG00000060311,Mucl1,0,0,0,0,0,0,0,0,0,0,0,0
ENSMUSG00000116074,Gm49491,0,0,0,0,0,0,0,0,0,0,0,0
ENSMUSG00000115908,Cyp2d35-ps,0,0,0,0,0,0,0,0,0,0,0,0
ENSMUSG00000115448,Gm21178,0,0,0,0,1,0,0,0,1,1,0,0
ENSMUSG00000022148,Fyb,1157,1274,1103,1214,930,1061,1112,1597,1061,1066,1233,941
ENSMUSG00002075939,#N/A,0,0,0,0,0,0,0,0,0,0,0,0
ENSMUSG00000116341,Cyp2d36-ps,0,0,0,0,0,0,0,0,0,0,0,0
ENSMUSG00000022353,Mtss1,1765,1863,1196,1217,797,486,922,1133,1541,1409,833,801
ENSMUSG00000089647,Gm2245,0,1,0,3,1,1,0,0,0,0,0,0
ENSMUSG00000067547,Gm7666,6,7,8,12,18,5,13,10,20,10,17,8
ENSMUSG00000115062,4930544F09Rik,0,0,0,0,0,0,0,0,0,0,0,0
ENSMUSG00000075517,Cyp2d37-ps,0,0,0,0,0,0,0,0,0,0,0,0
ENSMUSG00000025922,Gm5045,4,2,0,1,1,2,3,2,2,0,0,0
ENSMUSG00000115604,Gm7691,1,0,0,2,2,0,2,1,3,3,1,0
ENSMUSG00000036925,Mucl2,0,0,0,0,0,0,0,0,0,0,0,0
ENSMUSG00000115118,Gm36617,0,0,0,1,0,0,0,0,0,0,0,0
ENSMUSG00000116354,Cyp2d38-ps,0,0,0,0,0,0,0,0,0,0,0,0
ENSMUSG00000098528,Zfp572,0,0,0,0,0,0,0,0,0,0,0,0
ENSMUSG00000116117,Cyp2d39-ps,0,0,0,0,0,0,0,0,0,0,0,0
ENSMUSG00000116071,Gm49433,0,0,0,0,0,0,0,0,0,0,0,0
ENSMUSG00000068083,Cyp2d40,0,0,0,0,0,0,0,0,0,0,0,0
ENSMUSG00000058613,Cyp2d41-ps,0,0,0,0,0,0,0,0,0,0,0,0
ENSMUSG00002076806,#N/A,0,0,0,0,0,0,0,0,0,0,0,0
ENSMUSG00000022351,Sqle,2363,2646,2090,2244,1333,544,1697,1952,2193,2071,1238,1223
ENSMUSG00000022445,Cyp2d26,0,0,2,2,0,0,0,0,0,0,0,0
ENSMUSG00000116280,Gm49435,1,0,0,1,0,0,0,2,0,0,0,0
ENSMUSG00000041852,Tcf20,3340,3224,2780,2692,2397,1537,1886,2942,3018,3074,2643,2482
ENSMUSG00000100199,Gm20324,90,123,95,91,85,54,120,116,108,100,116,90
ENSMUSG00000092751,Mir3080,0,0,0,0,0,0,0,0,0,0,0,0
ENSMUSG00000100552,Gm29019,0,1,0,0,0,0,0,0,0,0,0,0
ENSMUSG00000050310,Rictor,1307,1313,1153,1133,1207,930,744,1243,1091,1156,1247,1109
ENSMUSG00000022350,Washc5,1780,1966,1404,1455,1319,940,1092,1461,1516,1489,1333,1277
ENSMUSG00000059586,Nsmce2,238,222,204,217,294,265,263,295,265,233,267,272
ENSMUSG00000115896,Gm36677,0,2,1,3,0,0,1,0,0,1,0,0
ENSMUSG00000032501,Trib1,5495,5885,3952,4145,3750,2207,3537,3977,4878,4626,2845,2730
ENSMUSG00000115010,Gm20150,0,0,1,1,1,2,2,3,0,0,3,0
ENSMUSG00000115426,Gm19510,200,252,149,163,88,89,121,141,177,147,60,76
ENSMUSG00000058099,Nfam1,0,0,0,0,0,1,0,0,0,0,0,0
ENSMUSG00000115734,Gm7708,0,0,0,0,0,0,0,0,0,0,0,0
ENSMUSG00000093849,Gm7083,0,0,0,3,1,1,0,1,0,0,2,0
ENSMUSG00000071750,Gm7713,1,0,1,0,2,0,2,0,1,3,1,0
ENSMUSG00000071749,4933412E24Rik,0,0,0,0,0,0,0,0,0,0,0,0
ENSMUSG00000077511,Gm25875,0,0,0,0,0,0,0,0,0,0,0,0
ENSMUSG00000022146,Osmr,3,1,0,1,5,1,4,5,0,1,0,0
ENSMUSG00000115681,Gm2682,148,130,99,118,114,95,74,133,96,119,105,120
ENSMUSG00000115838,Gm46507,0,0,0,0,0,0,0,0,0,0,0,0
ENSMUSG00000115251,Gm4774,0,0,0,0,0,0,0,0,0,0,0,0
ENSMUSG00000115159,Gm17892,0,0,0,0,0,0,0,0,0,0,0,0
ENSMUSG00000104334,Gm38282,0,0,0,0,0,0,0,0,0,0,0,0
ENSMUSG00000115503,Gm6392,43,123,65,64,84,28,59,62,47,44,61,36
ENSMUSG00000115504,Gm48946,0,0,0,0,0,0,0,0,0,0,0,0
ENSMUSG00000077627,Gm23835,0,0,0,0,0,0,0,0,0,0,0,0
ENSMUSG00000112930,Gm7086,0,0,0,0,0,0,0,0,0,0,0,0
ENSMUSG00000114984,Gm48947,0,0,0,0,0,0,0,0,0,0,0,0
ENSMUSG00000072568,Lratd2,579,623,570,547,533,289,352,515,565,517,610,628
ENSMUSG00000097493,9930014A18Rik,206,234,170,167,196,119,124,163,234,226,299,274
ENSMUSG00000022347,A1bg,0,0,0,0,0,0,0,0,0,0,0,0
ENSMUSG00000115231,4930402D18Rik,0,0,0,0,0,1,0,0,0,0,1,0
ENSMUSG00000115809,Gm48951,0,0,0,0,0,0,0,0,0,0,0,0
ENSMUSG00000116498,Gm38563,9,5,7,8,2,6,10,7,7,12,4,1
ENSMUSG00000116000,Gm49497,0,0,0,0,0,0,0,0,0,0,0,0
ENSMUSG00000116299,Gm29904,0,0,0,0,0,1,0,0,0,0,0,0
ENSMUSG00000065812,Gm24696,0,0,0,0,0,0,0,0,0,0,0,0
ENSMUSG00000116031,D030024E09Rik,0,0,0,0,0,0,0,0,0,0,0,0
ENSMUSG00000116109,Gm49498,0,2,3,2,3,0,0,1,0,1,2,0
ENSMUSG00000116017,Gm18154,0,0,0,0,0,0,0,0,0,0,0,0
ENSMUSG00000103610,Gm37947,0,0,1,1,1,0,2,1,0,0,0,0
ENSMUSG00000058586,Serhl,134,134,96,110,135,43,113,137,150,138,152,136
ENSMUSG00000090964,Gm17206,0,0,0,0,0,0,0,0,0,0,1,0
ENSMUSG00000022346,Myc,24441,27238,22099,23042,18368,11431,20887,24097,22837,21395,21286,18498
ENSMUSG00000018040,Rrp7a,2066,2261,1624,1755,1698,836,1659,1875,2032,1868,1765,1558
ENSMUSG00000097039,Pvt1,368,451,467,414,465,287,344,410,424,392,466,439
ENSMUSG00002076665,#N/A,0,0,0,0,0,0,0,0,0,0,0,0
ENSMUSG00002075247,#N/A,0,0,0,0,1,1,1,0,1,0,0,1
ENSMUSG00002075060,#N/A,0,0,0,0,0,0,0,0,0,0,0,0
ENSMUSG00002076986,#N/A,0,0,0,0,0,3,0,0,0,1,0,1
ENSMUSG00000041815,Poldip3,3871,4090,3206,3344,3179,1209,2896,3372,3579,3358,3022,2749
ENSMUSG00000101167,H2afy3,0,0,0,1,0,1,0,0,0,0,0,0
ENSMUSG00000115862,Gm41333,10,8,4,2,5,5,4,8,8,1,7,1
ENSMUSG00000065176,Rnu12,0,0,0,0,0,0,0,0,0,0,1,0
ENSMUSG00002075491,#N/A,0,0,0,0,0,0,0,0,0,0,0,0
ENSMUSG00000088897,Gm22521,0,1,0,0,0,0,0,0,0,0,0,0
ENSMUSG00000106988,Tsg101-ps,5,2,2,0,0,0,3,3,3,2,1,3
ENSMUSG00000115164,Gm30159,0,0,1,0,0,0,0,0,0,0,0,0
ENSMUSG00000115011,Gm49013,0,0,0,0,0,0,0,0,0,0,0,0
ENSMUSG00000115520,Gm41335,0,0,0,0,0,0,0,0,0,0,0,0
ENSMUSG00000115369,Gm49014,0,0,0,0,0,0,0,0,0,0,0,0
ENSMUSG00000119866,#N/A,0,0,0,0,0,0,0,0,0,0,0,0
ENSMUSG00000115377,Gm4942,0,0,0,1,0,0,0,0,0,0,0,0
ENSMUSG00000095812,Gm5473,3,2,2,5,3,3,4,6,3,5,3,4
ENSMUSG00000115676,4930449C09Rik,0,0,0,0,0,3,1,0,0,0,1,0
ENSMUSG00000115711,Gm41336,0,0,0,0,0,0,0,0,0,0,0,0
ENSMUSG00000115464,Gm49019,0,0,0,0,0,2,0,0,0,0,0,0
ENSMUSG00000115682,Gm46499,0,0,0,0,0,0,0,0,0,0,0,0
ENSMUSG00000079025,Gsdmc,0,0,0,0,0,0,0,0,0,0,0,0
ENSMUSG00000018042,Cyb5r3,859,948,696,763,703,466,804,788,897,842,758,698
ENSMUSG00000099435,1700065I16Rik,0,0,0,0,0,0,0,0,0,0,0,0
ENSMUSG00000116508,Gm49463,10,17,9,6,18,6,10,10,14,13,7,17
ENSMUSG00000116338,7530414M10Rik,0,0,0,0,0,1,0,0,0,0,0,0
ENSMUSG00000054263,Lifr,7,7,4,5,1,8,7,6,4,4,2,3
ENSMUSG00000047878,A4galt,0,0,0,0,2,0,0,0,0,0,0,0
ENSMUSG00000116416,Gm32886,0,0,0,0,0,0,0,0,0,0,0,0
ENSMUSG00000056293,Gsdmc2,0,0,0,0,0,0,0,0,0,0,0,0
ENSMUSG00000062543,Gsdmcl1,0,0,0,0,0,0,0,0,0,0,0,0
ENSMUSG00000054277,Arfgap3,247,245,192,192,177,56,135,145,169,164,139,144
ENSMUSG00000075511,1700001L05Rik,140,142,142,133,137,65,76,97,133,121,118,104
ENSMUSG00000055827,Gsdmc3,0,0,0,0,0,0,0,0,0,0,0,0
ENSMUSG00000093867,Gsdmcl2,0,0,0,0,0,0,0,0,0,0,0,0
ENSMUSG00000055748,Gsdmc4,1,0,1,0,2,0,1,0,0,0,0,1
ENSMUSG00000100127,Gsdmcl-ps,0,0,0,0,0,0,0,0,0,0,0,0
ENSMUSG00000042961,Egflam,1,0,0,0,0,4,0,0,0,0,0,0
ENSMUSG00000016664,Pacsin2,1656,1834,1528,1616,1410,924,1383,1739,1502,1280,1335,1108
ENSMUSG00000089966,Gm16030,0,0,0,0,0,0,0,0,0,0,0,0
ENSMUSG00000090199,Gm16029,0,0,0,0,0,0,1,0,0,0,0,0
ENSMUSG00000049414,Gm5417,1,1,1,0,0,0,0,0,1,0,0,1
ENSMUSG00000115033,Gm49206,0,0,0,0,0,0,0,0,0,0,0,0
ENSMUSG00000103142,Gm37743,0,0,0,0,0,0,0,0,0,0,0,0
ENSMUSG00000115497,Gm49207,2,4,2,4,2,10,6,2,4,1,9,1
ENSMUSG00000115765,Gm19227,0,0,0,0,0,0,0,0,0,0,0,0
ENSMUSG00000022144,Gdnf,0,0,0,0,0,0,0,0,0,0,0,0
ENSMUSG00000039828,Wdr70,527,561,456,423,501,373,480,479,500,481,582,522
ENSMUSG00000116090,Rpl19-ps6,1,1,4,3,4,1,3,1,2,1,2,0
ENSMUSG00002076238,#N/A,0,0,0,0,0,0,0,0,0,0,0,0
ENSMUSG00000022378,Fam49b,3185,3470,2710,2745,2597,2309,2783,3012,3025,2951,3098,2791
ENSMUSG00000065936,Gm25628,0,0,0,0,0,0,0,0,0,0,0,0
ENSMUSG00000022442,Ttll1,27,17,15,11,32,9,21,22,22,24,23,20
ENSMUSG00002075436,#N/A,0,0,0,0,0,0,0,0,0,0,0,0
ENSMUSG00000016758,Bik,70,87,41,57,32,7,65,46,54,39,33,39
ENSMUSG00000116217,Gm46495,0,0,0,0,0,0,0,0,0,0,0,0
ENSMUSG00000048755,Mcat,408,487,379,386,508,159,368,384,438,391,452,370
ENSMUSG00000041736,Tspo,584,806,591,723,630,90,748,679,650,571,369,472
ENSMUSG00000016757,Ttll12,1632,1703,1263,1281,1630,677,1316,1529,1503,1324,1604,1649
ENSMUSG00000022142,Nup155,2343,2470,2382,2344,2636,1810,1936,2610,2279,2107,2486,2453
ENSMUSG00000039801,Cplane1,347,341,284,214,297,176,173,303,242,261,292,297
ENSMUSG00000064566,Gm24144,0,0,0,0,0,0,0,0,0,0,0,1
ENSMUSG00000022141,Nipbl,3583,3854,2721,2691,2842,3064,1944,3234,2431,3392,3498,3019
ENSMUSG00000115640,Gm49247,0,0,0,0,0,0,0,0,0,0,0,0
ENSMUSG00000115591,Gm31282,0,0,0,0,0,0,0,0,0,0,0,0
ENSMUSG00000016763,Scube1,0,0,0,0,0,0,0,0,0,0,0,0
ENSMUSG00000115480,Gm49249,1,1,1,0,0,1,0,0,0,0,1,0
ENSMUSG00000095663,Gm2310,0,0,0,0,0,0,0,0,0,0,0,0
ENSMUSG00000078850,Gm2348,0,0,0,0,0,0,0,0,0,0,0,0
ENSMUSG00000115577,Gm49250,0,0,0,0,0,0,0,0,0,0,0,0
ENSMUSG00000005360,Slc1a3,0,0,1,0,0,0,0,0,1,0,0,0
ENSMUSG00000103047,Gm37310,0,0,0,0,0,0,0,0,0,0,0,0
ENSMUSG00000107028,Gm5043,0,0,0,0,0,0,0,0,0,0,0,0
ENSMUSG00000098190,Gm5210,6,15,15,12,10,2,11,5,6,3,5,2
ENSMUSG00000041708,Mpped1,0,0,0,0,0,0,0,0,0,0,0,0
ENSMUSG00000022441,Efcab6,0,0,0,0,0,2,0,0,0,0,0,0
ENSMUSG00000081925,Rpl31-ps22,0,0,0,0,0,2,0,0,0,0,0,1
ENSMUSG00000018865,Sult4a1,1,2,3,2,2,0,3,1,3,3,3,2
ENSMUSG00000116072,Gm46526,0,0,0,0,0,0,0,0,0,0,0,0
ENSMUSG00000018868,Pnpla5,0,0,0,0,0,1,0,0,0,0,3,0
ENSMUSG00000115925,Gm33432,0,0,0,0,0,0,0,0,0,0,0,0
ENSMUSG00000041653,Pnpla3,6,2,2,3,3,0,0,4,0,4,1,2
ENSMUSG00000098882,Mir6392,0,0,0,1,2,0,2,0,2,0,0,0
ENSMUSG00000116227,Gm49513,0,0,0,0,0,0,0,0,0,0,0,0
ENSMUSG00000116041,Gm20369,0,0,0,0,0,0,0,0,0,0,1,0
ENSMUSG00000022437,Samm50,2916,3187,2540,2605,2941,1046,2419,2650,3177,2652,2750,2584
ENSMUSG00000022438,Parvb,2,1,0,1,3,0,0,1,2,0,0,0
ENSMUSG00000089267,Gm22890,0,1,1,0,2,0,1,0,0,0,1,2
ENSMUSG00000022439,Parvg,1840,1939,1454,1555,1493,843,1372,1511,1535,1464,1561,1468
ENSMUSG00000116442,Gm5214,0,0,0,0,0,0,0,0,0,0,0,0
ENSMUSG00000062760,Shisal1,0,0,0,0,0,2,0,0,0,0,0,0
ENSMUSG00000055745,Rtl6,238,283,145,161,155,74,146,159,219,174,130,141
ENSMUSG00000116409,Gm34095,0,0,0,0,0,0,0,0,0,0,0,0
ENSMUSG00000036106,Prr5,263,295,216,200,218,91,206,195,244,225,221,187
ENSMUSG00000116396,Gm20556,0,0,0,0,0,0,0,0,0,0,0,0
ENSMUSG00000115147,Gm5219,0,0,0,0,0,0,0,0,0,0,0,0
ENSMUSG00000039676,Capsl,24,36,34,33,23,17,41,36,26,25,29,15
ENSMUSG00000118411,Gm50456,0,0,0,0,0,0,0,0,0,0,2,0
ENSMUSG00000078954,Arhgap8,1,0,0,0,0,1,0,0,0,0,0,0
ENSMUSG00000003882,Il7r,1388,1579,1573,1625,1287,1248,1427,1837,1231,1312,1471,1310
ENSMUSG00000016624,Phf21b,51,61,36,41,48,34,27,32,32,39,61,49
ENSMUSG00000097954,Gm4217,129,71,67,51,51,45,90,115,100,88,50,54
ENSMUSG00000116491,4930513L16Rik,0,0,0,0,0,0,0,0,0,0,0,0
ENSMUSG00000100967,Gm29666,27,18,32,23,49,37,38,38,26,25,62,67
ENSMUSG00000016619,Nup50,2951,3163,2334,2598,2654,1713,2123,2655,2968,2653,2755,2566
ENSMUSG00000036046,5031439G07Rik,817,815,575,547,527,199,509,677,797,711,619,521
ENSMUSG00000080441,Mir1249,0,0,0,0,0,0,0,0,0,0,0,0
ENSMUSG00000116343,Gm6847,6,4,2,2,1,1,3,7,7,2,3,5
ENSMUSG00000116464,Gm49523,0,0,0,0,0,0,0,0,0,0,0,0
ENSMUSG00000022435,Upk3a,0,0,0,0,0,0,0,0,0,0,0,0
ENSMUSG00000022434,Fam118a,290,389,318,318,277,165,228,292,327,312,282,239
ENSMUSG00000072663,Spef2,30,28,33,27,27,28,26,23,14,15,29,27
ENSMUSG00002075823,#N/A,0,0,0,0,0,0,0,0,0,0,0,0
ENSMUSG00000022432,Smc1b,0,0,0,0,0,0,0,0,0,0,0,0
ENSMUSG00000078289,Gm10923,0,0,2,1,0,2,0,0,2,3,2,0
ENSMUSG00000022431,Ribc2,0,0,0,0,0,0,0,0,0,0,0,0
ENSMUSG00000115924,Gm19277,0,0,0,0,0,0,0,0,0,0,0,0
ENSMUSG00000022377,Asap1,1985,2184,1643,1642,1514,1174,1310,1717,1932,1877,1399,1295
ENSMUSG00000093695,Gm20717,0,0,0,0,0,0,0,0,0,0,0,0
ENSMUSG00000115752,1700010G06Rik,0,1,0,1,1,0,0,0,1,0,0,0
ENSMUSG00000115646,Gm10926,0,0,0,0,0,0,0,0,0,0,0,0
ENSMUSG00000006369,Fbln1,66,90,91,107,92,40,143,140,58,63,43,52
ENSMUSG00000115169,Gm30563,0,0,0,0,0,0,0,0,0,0,0,0
ENSMUSG00000115328,Gm30691,0,0,0,0,0,0,0,0,0,0,0,0
ENSMUSG00000016541,Atxn10,1764,1918,1439,1576,1415,890,1578,1593,1768,1650,1441,1357
ENSMUSG00000064764,Gm23517,0,0,0,0,0,0,0,0,0,0,0,0
ENSMUSG00000096607,7530416G11Rik,0,0,0,0,0,0,0,0,0,0,0,0
ENSMUSG00000063548,Gm4825,0,0,1,0,0,0,0,0,1,0,0,0
ENSMUSG00000022376,Adcy8,0,0,0,0,0,1,0,0,0,1,0,0
ENSMUSG00000094296,Gm21798,0,0,0,0,0,0,0,0,0,0,0,0
ENSMUSG00000079024,Gm21961,0,0,0,0,0,0,0,0,0,0,0,0
ENSMUSG00000072541,Gm5046,0,0,0,0,0,0,0,0,0,0,0,0
ENSMUSG00000115677,Gm49241,0,0,0,0,0,0,0,0,0,0,0,0
ENSMUSG00000115672,Gm7814,0,0,0,0,0,0,0,0,0,0,0,0
ENSMUSG00000115066,Gm49242,0,0,0,0,0,0,0,0,0,0,0,0
ENSMUSG00000115402,Gm49243,0,0,0,0,1,0,0,0,0,0,0,0
ENSMUSG00000077783,Gm23907,0,0,0,0,0,0,0,0,0,0,0,0
ENSMUSG00000022382,Wnt7b,0,0,0,0,1,0,0,0,0,0,0,0
ENSMUSG00000097209,AU022754,0,0,0,0,0,0,0,0,0,0,0,0
ENSMUSG00000116004,Gm49539,0,2,0,1,2,5,4,2,1,0,4,1
ENSMUSG00000116305,Lncppara,8,9,10,8,1,1,4,5,4,7,6,5
ENSMUSG00000065608,Mirlet7c-2,0,0,0,0,0,0,0,0,0,0,0,0
ENSMUSG00000065564,Mirlet7b,0,0,0,0,0,0,0,0,0,0,0,0
ENSMUSG00000022383,Ppara,0,0,0,1,0,0,0,0,0,0,0,2
ENSMUSG00000005268,Prlr,3,5,7,5,3,4,5,8,4,4,3,6
ENSMUSG00000094814,Gm21973,0,0,0,0,0,0,0,0,0,0,0,0
ENSMUSG00000064284,Cdpf1,189,197,157,118,262,59,179,141,215,174,233,248
ENSMUSG00000052496,Pkdrej,10,11,8,7,9,11,5,14,11,13,20,7
ENSMUSG00000089678,Agxt2,0,0,0,0,0,0,0,0,1,0,0,0
ENSMUSG00000035944,Ttc38,50,57,35,39,45,16,39,63,44,42,60,46
ENSMUSG00000044224,Dnajc21,1665,1803,1392,1362,1471,1675,1385,1451,1636,1524,1841,1488
ENSMUSG00000022385,Gtse1,710,752,763,766,1127,468,1064,1067,653,569,914,939
ENSMUSG00000116435,Gm49548,0,3,1,0,0,0,0,0,0,2,1,0
ENSMUSG00000022247,Brix1,3078,3469,2797,2750,3043,2413,2837,2986,3099,2937,3300,2871
ENSMUSG00000022386,Trmu,334,345,277,257,301,159,265,306,281,250,326,283
ENSMUSG00000015002,Efr3a,2607,2846,2243,2078,2209,1724,1776,2121,2466,2164,2297,2149
ENSMUSG00000022248,Rad1,343,414,356,352,429,211,347,375,369,315,487,442
ENSMUSG00000092495,Gm20405,3,4,3,8,0,0,2,0,3,4,1,0
ENSMUSG00000022249,Ttc23l,0,0,0,0,0,0,0,0,0,0,0,0
ENSMUSG00000016028,Celsr1,2962,2957,2190,2169,1892,779,1782,2578,2424,2377,1968,2055
ENSMUSG00000091615,Gm17044,0,0,0,0,0,0,0,0,0,0,0,0
ENSMUSG00000052482,Gm8174,13,16,15,11,7,0,19,13,10,9,6,8
ENSMUSG00000035900,Gramd4,1906,1981,1570,1465,1332,543,1212,1427,1682,1680,1378,1357
ENSMUSG00000089680,Gm15722,0,0,0,0,0,0,0,0,0,0,0,0
ENSMUSG00000022246,Rai14,2464,2443,2207,2167,1720,1526,1306,1934,1866,1632,1178,1038
ENSMUSG00000115667,Gm10389,0,0,0,0,0,1,1,2,1,1,0,0
ENSMUSG00000015001,Oc90,0,0,0,0,0,0,0,0,0,0,0,0
ENSMUSG00000096971,4930556M19Rik,6,8,16,4,8,4,6,3,5,6,10,4
ENSMUSG00000035891,Cerk,203,208,135,136,206,104,154,179,190,156,254,207
ENSMUSG00000115151,Gm19276,0,0,2,0,1,0,0,0,0,1,0,0
ENSMUSG00002075739,#N/A,0,0,0,0,0,0,0,0,0,0,0,0
ENSMUSG00000115042,Gm29742,0,0,0,0,0,0,0,0,0,0,0,0
ENSMUSG00000086424,Gm15569,0,0,0,0,0,0,0,0,1,0,0,0
ENSMUSG00000115285,Gm49068,0,0,0,0,0,0,0,0,0,0,0,0
ENSMUSG00000088071,Gm22818,6,4,1,0,3,0,0,0,1,0,0,3
ENSMUSG00000058914,C1qtnf3,0,0,0,0,0,0,0,0,0,0,0,0
ENSMUSG00000072511,Hhla1,0,0,0,0,0,7,0,0,0,0,0,0
ENSMUSG00000092454,Gm2991,0,0,0,0,0,0,1,1,0,1,0,0
ENSMUSG00000051864,Tbc1d22a,586,667,448,426,423,137,432,452,510,446,430,442
ENSMUSG00000022244,Amacr,46,43,37,52,88,38,32,37,57,57,73,70
ENSMUSG00000115918,A930001M01Rik,0,0,0,0,0,1,0,0,0,0,1,0
ENSMUSG00000116040,Gm49464,0,0,0,0,0,0,0,0,0,0,0,0
ENSMUSG00000116303,Gm49465,0,0,0,0,0,0,0,0,0,0,0,0
ENSMUSG00000116171,4930543I03Rik,0,0,0,0,0,0,0,0,0,0,0,0
ENSMUSG00000056258,Kcnq3,3,5,6,5,6,7,5,5,13,8,7,10
ENSMUSG00000115957,Gm49466,0,0,0,0,0,0,0,0,0,0,0,0
ENSMUSG00000099013,Gm27153,0,0,0,0,0,0,0,0,0,0,0,0
ENSMUSG00000115866,Gm49467,0,0,0,0,0,0,0,0,0,0,0,0
ENSMUSG00000022243,Slc45a2,0,0,0,0,0,0,0,0,0,0,0,0
ENSMUSG00000099054,Gm27242,0,0,0,0,0,2,0,0,0,0,0,0
ENSMUSG00000116296,Gm49468,0,0,0,0,0,0,0,0,0,0,0,0
ENSMUSG00002076128,#N/A,0,0,0,0,0,0,0,0,0,0,0,0
ENSMUSG00000115784,Gm30929,0,1,0,0,0,0,0,0,1,0,0,0
ENSMUSG00000060735,Rxfp3,0,0,0,0,0,0,0,0,0,0,0,0
ENSMUSG00000115351,Gm19077,2,0,0,1,0,0,0,1,0,1,0,1
ENSMUSG00000116353,Gm49469,0,0,0,0,0,0,0,0,0,0,0,0
ENSMUSG00000116229,Gm49470,0,0,0,0,0,0,0,0,0,0,0,0
ENSMUSG00002076844,#N/A,0,0,0,0,0,0,0,0,0,0,0,0
ENSMUSG00000115930,A930027H12Rik,0,0,0,0,0,0,0,0,0,0,0,0
ENSMUSG00000022375,Lrrc6,18,5,4,3,6,4,1,3,4,3,7,6
ENSMUSG00000054863,Tafa5,0,0,0,0,0,0,0,0,0,0,0,0
ENSMUSG00000098938,Mir6393,0,0,0,0,0,0,0,0,0,0,0,0
ENSMUSG00000116061,Gm49472,0,0,0,0,0,0,0,0,0,0,0,0
ENSMUSG00000116350,Gm35772,0,0,0,0,0,0,0,0,0,0,0,0
ENSMUSG00000115880,4930445N06Rik,0,0,0,0,0,0,0,0,0,0,0,0
ENSMUSG00000116331,B230214G05Rik,0,0,0,0,0,0,0,0,0,0,0,0
ENSMUSG00000036944,Tmem71,319,304,272,267,174,128,233,338,347,394,183,176
ENSMUSG00000054117,Zdhhc25,0,0,0,0,0,0,0,0,0,0,0,0
ENSMUSG00000047497,Adamts12,0,0,0,0,0,1,0,0,0,0,0,0
ENSMUSG00000089304,Gm24844,0,0,0,0,0,0,0,0,0,0,0,0
ENSMUSG00000022241,Tars,5621,6397,5154,5480,4971,3453,3859,4935,5346,4863,5242,4262
ENSMUSG00000115076,Gm49106,0,0,0,0,0,0,0,0,0,0,0,0
ENSMUSG00000115804,Gm49107,0,0,0,0,1,0,0,0,0,0,0,0
ENSMUSG00000115585,Gm41271,0,0,0,0,0,2,0,0,0,0,0,1
ENSMUSG00000022387,Brd1,3233,3315,2828,2704,2441,1669,2169,3012,2916,2642,2525,2394
ENSMUSG00000034333,Zbed4,156,142,114,149,132,77,96,160,147,135,160,134
ENSMUSG00000022206,Npr3,3,7,0,3,7,7,6,6,2,1,6,2
ENSMUSG00000115240,Gm5144,0,0,0,0,0,0,0,0,0,0,0,0
ENSMUSG00000099349,1700047G03Rik,0,0,0,0,1,0,0,0,0,0,1,0
ENSMUSG00002075078,#N/A,0,0,0,0,0,0,0,0,0,0,0,0
ENSMUSG00000035845,Alg12,270,279,213,194,233,205,198,209,218,218,254,239
ENSMUSG00000022205,Sub1,3301,4081,3083,3509,3550,2873,3969,4215,3562,3208,3497,3106
ENSMUSG00000107344,Gm2559,0,0,0,0,0,0,0,0,0,0,0,0
ENSMUSG00000115441,Gm34759,0,0,0,0,0,0,0,0,0,0,1,0
ENSMUSG00000023272,Creld2,1444,1435,983,984,1107,654,1157,991,1183,965,1282,1138
ENSMUSG00000119353,#N/A,0,0,0,0,0,0,0,0,0,0,0,0
ENSMUSG00000035828,Pim3,4729,5239,3925,4367,3782,847,3367,3691,4111,3689,3230,3330
ENSMUSG00000093394,Gm20621,0,0,0,0,2,0,0,0,1,0,0,0
ENSMUSG00000072501,Phf20l1,3717,3548,2986,2857,2439,2540,2171,3054,3425,3571,2860,2673
ENSMUSG00000022388,Ttll8,0,0,0,0,0,1,0,0,0,0,0,0
ENSMUSG00000022201,Zfr,4101,4266,3442,3304,3230,3486,2703,3983,3966,3756,3452,3103
ENSMUSG00002076430,#N/A,0,0,0,0,0,0,0,0,0,0,0,0
ENSMUSG00000084592,Mir1898,18,9,5,1,3,5,4,17,5,8,7,22
ENSMUSG00000115017,Gm2573,0,2,3,2,2,0,2,2,0,3,3,1
ENSMUSG00000115153,Gm49240,0,0,0,0,0,0,0,0,0,0,0,0
ENSMUSG00000115356,Gm2581,0,0,0,0,1,0,0,0,1,0,0,2
ENSMUSG00000035805,Mlc1,0,0,0,0,0,0,0,0,0,0,0,0
ENSMUSG00000115916,Gm8702,0,1,0,0,0,0,0,0,0,0,0,1
ENSMUSG00000039458,Mtmr12,1090,1194,957,984,884,515,753,957,961,949,817,755
ENSMUSG00000115594,Gm46497,1,0,0,0,0,0,0,0,0,0,0,0
ENSMUSG00000097221,1810049J17Rik,20,5,10,14,14,6,12,12,21,18,7,14
ENSMUSG00000053469,Tg,241,256,221,240,344,127,269,286,219,198,195,223
ENSMUSG00000022200,Golph3,3063,3169,2386,2318,2402,1681,2309,2547,2914,2539,2445,2286
ENSMUSG00000015365,Mov10l1,0,0,0,0,0,0,0,0,0,0,0,0
ENSMUSG00000090464,Gm17140,0,0,1,1,0,0,0,1,0,1,0,0
ENSMUSG00000064481,Gm23737,0,0,0,0,0,0,0,0,0,0,0,0
ENSMUSG00000058441,Panx2,0,1,0,2,0,0,1,0,0,0,1,1
ENSMUSG00000087331,1810021B22Rik,3,1,0,0,0,1,2,0,0,1,1,1
ENSMUSG00000022197,Pdzd2,7,11,15,2,11,15,7,6,8,11,9,7
ENSMUSG00002076859,#N/A,0,0,0,0,0,0,0,0,0,0,0,0
ENSMUSG00000078300,Gm2606,1,6,5,6,3,1,2,3,5,3,1,3
ENSMUSG00000103130,F830212C03Rik,0,0,0,0,0,0,0,1,0,0,0,0
ENSMUSG00002076925,#N/A,0,0,0,0,0,0,0,0,0,0,0,0
ENSMUSG00000115201,Gm49276,0,0,0,0,0,0,0,0,0,0,0,0
ENSMUSG00000115119,Gm17756,0,0,0,0,0,0,0,0,0,0,0,0
ENSMUSG00000115024,Gm49277,0,0,0,0,0,0,0,0,0,0,0,0
ENSMUSG00000015363,Trabd,1143,1213,918,994,1014,352,867,961,989,888,1136,1007
ENSMUSG00000022372,Sla,13451,15051,10448,11012,9910,5444,9223,10524,10989,10321,9018,8225
ENSMUSG00000035757,Selenoo,243,275,209,236,226,111,184,201,229,189,203,242
ENSMUSG00000022195,6030458C11Rik,1351,1352,1091,1104,1304,797,976,1073,1320,1244,1430,1390
ENSMUSG00000005124,Ccn4,1058,1038,1007,944,1052,588,706,932,746,778,524,548
ENSMUSG00000051786,Tubgcp6,1096,1145,1107,1121,970,503,784,1130,1027,932,908,1000
ENSMUSG00000022191,Drosha,1624,1563,1343,1278,1513,1335,1144,1532,1447,1322,1579,1436
ENSMUSG00002075079,#N/A,0,0,0,0,0,0,0,0,0,0,0,0
ENSMUSG00000115807,Gm49100,0,0,0,0,0,0,0,0,0,0,0,0
ENSMUSG00002075612,#N/A,0,0,0,0,0,0,0,0,0,0,0,0
ENSMUSG00000039385,Cdh6,0,0,0,0,0,0,0,1,1,0,0,0
ENSMUSG00000115347,Gm8238,2,1,0,1,4,0,2,2,3,2,1,1
ENSMUSG00000115481,Gm4940,0,0,0,0,0,0,0,0,0,1,0,0
ENSMUSG00000115703,Gm49112,0,0,0,0,0,0,0,0,0,0,0,0
ENSMUSG00000115081,Gm18714,0,0,0,0,0,0,0,0,0,0,0,0
ENSMUSG00000115419,Gm49113,0,0,0,0,0,0,0,0,0,0,0,0
ENSMUSG00000115824,Gm49114,0,0,0,0,0,0,0,0,0,0,0,0
ENSMUSG00000115551,Gm49115,0,0,0,0,0,0,0,0,0,0,0,0
ENSMUSG00000115782,Gm49116,0,0,0,0,0,0,0,0,0,0,0,0
ENSMUSG00000062906,Hdac10,235,285,193,170,293,114,175,217,212,224,333,327
ENSMUSG00000095874,Gm9630,0,0,0,0,0,1,0,0,0,0,0,0
ENSMUSG00002075345,#N/A,0,0,0,0,0,5,0,0,0,0,0,0
ENSMUSG00000115208,Gm49118,0,0,0,0,0,0,0,0,0,0,0,0
ENSMUSG00000114972,Gm49119,0,1,0,1,1,2,2,2,2,1,2,0
ENSMUSG00000115266,4930557F08Rik,0,0,0,0,0,0,0,0,0,0,0,0
ENSMUSG00000088704,Gm25550,0,0,0,0,0,0,0,0,0,0,0,0
ENSMUSG00000115524,Gm49122,0,0,0,0,0,0,0,0,0,0,0,0
ENSMUSG00000115633,Gm29753,1,1,2,1,0,1,1,1,1,1,0,1
ENSMUSG00000115434,Gm6479,0,0,0,0,0,0,0,0,0,0,0,0
ENSMUSG00000115614,Gm41276,0,0,0,0,0,0,0,0,0,0,0,0
ENSMUSG00000115485,Gm49126,0,0,0,0,0,0,0,0,0,0,0,0
ENSMUSG00000115670,Gm2611,0,0,0,0,0,0,0,0,1,0,0,0
ENSMUSG00000005125,Ndrg1,5692,6398,6004,6826,2693,1642,3791,4905,4657,4581,1806,1670
ENSMUSG00000091479,Gm17035,5,2,2,2,2,4,1,2,2,0,0,1
ENSMUSG00000091412,Gm2895,4,1,1,4,2,0,1,1,3,2,0,2
ENSMUSG00000022610,Mapk12,42,47,14,36,23,10,20,24,40,30,22,22
ENSMUSG00000116289,Gm31342,5,2,3,5,1,3,2,4,2,1,1,1
ENSMUSG00000025370,Cdh9,0,0,0,0,0,0,0,0,0,0,0,0
ENSMUSG00000115460,Gm49127,0,0,0,0,0,0,0,0,0,0,0,0
ENSMUSG00000115182,Gm49128,0,0,0,0,0,1,0,0,0,0,0,0
ENSMUSG00002076679,#N/A,0,0,0,0,0,0,0,0,0,0,0,0
ENSMUSG00000115173,Gm2638,0,0,0,0,0,0,0,0,0,0,0,0
ENSMUSG00002075632,#N/A,0,0,0,0,0,0,0,0,0,0,0,0
ENSMUSG00000115192,Gm18532,0,0,0,0,0,0,0,0,0,0,0,0
ENSMUSG00000119685,#N/A,0,0,0,0,0,0,0,0,0,0,0,0
ENSMUSG00000115492,Gm41277,0,0,0,0,0,0,0,0,0,0,0,0
ENSMUSG00000053137,Mapk11,627,708,505,583,502,262,441,556,672,583,511,471
ENSMUSG00000098150,4921515E04Rik,0,0,0,0,0,0,0,0,0,0,0,0
ENSMUSG00000098222,Gm8318,32,28,23,22,19,4,21,22,27,29,9,17
ENSMUSG00000115358,Gm49138,0,0,0,1,2,0,2,3,4,2,0,2
ENSMUSG00000115766,Gm49139,0,0,0,0,0,0,0,0,0,0,0,0
ENSMUSG00000115254,Gm49140,0,0,0,0,0,0,0,0,0,0,0,0
ENSMUSG00000084873,C030047K22Rik,0,0,0,0,0,0,0,0,0,0,0,0
ENSMUSG00000013846,St3gal1,3737,3947,3501,3318,3225,1520,2447,3130,2774,2513,1967,1825
ENSMUSG00000102069,1700012I11Rik,0,0,0,0,0,0,0,0,0,0,0,0
ENSMUSG00000115875,Gm49408,0,0,0,0,0,0,0,0,0,0,0,0
ENSMUSG00000116519,Gm49409,0,0,0,0,0,0,0,0,0,0,0,0
ENSMUSG00000022321,Cdh10,0,0,0,0,0,0,0,0,0,0,0,0
ENSMUSG00000115815,Gm8328,0,0,0,0,0,1,0,0,0,0,0,0
ENSMUSG00000115803,Gm35496,0,0,0,0,0,0,0,0,0,0,0,0
ENSMUSG00000115588,Gm18533,0,0,0,0,0,0,0,0,0,0,0,0
ENSMUSG00000115352,Gm49160,0,0,0,0,0,0,0,0,0,0,0,0
ENSMUSG00000114971,Gm49162,0,0,0,0,0,0,0,0,0,0,0,0
ENSMUSG00000115717,Gm49161,0,0,0,0,0,0,0,0,0,0,0,0
ENSMUSG00000115516,Gm8341,0,0,0,0,0,0,0,0,0,0,0,0
ENSMUSG00000115413,Gm49166,0,0,0,0,0,0,0,0,0,0,0,0
ENSMUSG00000115298,Gm18741,0,0,0,0,0,0,0,0,0,0,0,0
ENSMUSG00000115233,Gm46498,0,0,0,0,0,0,0,0,0,0,0,0
ENSMUSG00000115830,Gm49176,0,0,0,0,0,0,0,0,0,0,0,0
ENSMUSG00000089320,Gm25976,0,0,0,0,0,0,0,0,0,0,0,0
ENSMUSG00000102810,Gm37815,0,0,0,0,0,0,0,0,0,0,0,0
ENSMUSG00000115112,Gm19207,0,0,0,0,0,0,0,0,0,0,0,0
ENSMUSG00000115086,Gm49177,0,0,0,0,0,0,0,0,0,0,0,0
ENSMUSG00000115203,Gm49178,0,0,0,0,0,0,0,0,0,0,0,0
ENSMUSG00000115122,Gm49685,0,0,0,0,0,0,0,0,0,0,1,0
ENSMUSG00000022335,Zfat,194,248,176,181,184,115,162,195,201,179,179,161
ENSMUSG00000068397,Gm10240,2,1,1,5,2,15,6,2,0,2,1,2
ENSMUSG00000036606,Plxnb2,526,599,363,385,447,212,245,334,428,384,457,414
ENSMUSG00000104324,Gm37320,4,4,2,1,5,5,0,4,0,2,3,3
ENSMUSG00000096967,Gm26621,3,6,7,6,26,37,2,12,5,14,26,22
ENSMUSG00000065476,Mir30b,0,0,0,0,0,0,0,0,0,0,0,0
ENSMUSG00000040452,Cdh12,0,0,0,0,0,0,0,0,0,0,0,0
ENSMUSG00000104116,Gm37296,6,2,0,1,6,5,3,0,1,0,6,4
ENSMUSG00000106328,Mir7118,0,0,0,0,0,0,0,0,0,0,0,0
ENSMUSG00000115155,Gm49182,0,0,0,0,0,0,0,0,0,0,0,0
ENSMUSG00000093387,Gm20732,0,0,0,1,1,0,0,0,0,0,1,0
ENSMUSG00000065437,Mir30d,0,0,0,0,0,0,0,0,0,0,0,0
ENSMUSG00000047565,Acot10,1,1,0,2,0,1,4,0,3,1,0,1
ENSMUSG00000089258,Gm25711,0,0,0,0,0,0,0,0,0,0,0,0
ENSMUSG00000116367,Gm49414,0,0,0,0,0,0,0,0,0,0,0,0
ENSMUSG00000119259,#N/A,0,0,1,0,0,0,0,0,0,0,0,0
ENSMUSG00002076319,#N/A,0,0,0,0,0,0,0,0,0,0,0,0
ENSMUSG00000116089,Gm7859,0,2,0,2,1,0,2,1,1,0,0,1
ENSMUSG00000115631,Gm19371,0,0,0,0,0,0,0,0,0,0,0,0
ENSMUSG00000119035,#N/A,0,0,0,0,0,0,0,0,0,0,0,0
ENSMUSG00000116294,Gm49415,0,0,0,0,0,0,0,0,0,0,0,0
ENSMUSG00000103296,Gm38234,0,0,0,0,0,0,0,0,0,0,0,0
ENSMUSG00000115928,Gm18930,0,0,0,0,0,0,0,0,0,0,0,0
ENSMUSG00002076535,#N/A,0,0,0,0,0,0,0,0,0,0,0,0
ENSMUSG00000115708,Gm49187,0,0,0,0,0,0,0,0,0,0,0,0
ENSMUSG00000069996,Gm7125,0,0,0,2,0,0,0,0,1,0,0,0
ENSMUSG00002075753,#N/A,0,0,0,0,0,0,0,0,0,0,0,0
ENSMUSG00000015377,Dennd6b,262,301,288,286,382,111,238,240,249,282,348,320
ENSMUSG00000022332,Khdrbs3,4,1,3,4,10,1,5,6,3,5,2,5
ENSMUSG00000116092,Gm49422,0,0,0,0,0,0,0,0,0,0,0,0
ENSMUSG00000115935,4930573C08Rik,0,0,0,0,0,0,0,0,0,0,0,0
ENSMUSG00000098663,Mir6958,0,0,0,0,0,0,0,0,0,0,0,0
ENSMUSG00000116167,4930504C09Rik,0,0,0,0,0,0,0,0,0,0,0,0
ENSMUSG00000077502,Gm24232,0,0,0,0,0,1,0,0,0,0,0,0
ENSMUSG00000080689,Gm23987,0,0,0,0,0,0,0,0,0,0,0,0
ENSMUSG00000116483,Gm19782,0,0,0,0,0,1,0,0,0,0,0,0
ENSMUSG00000040420,Cdh18,0,1,0,0,0,0,0,0,0,0,0,0
ENSMUSG00000116398,Gm5216,6,2,3,2,1,4,4,2,6,5,3,4
ENSMUSG00000116449,Gm18155,0,0,0,0,0,0,0,0,0,0,0,0
ENSMUSG00000021927,Hnrnpa1l2-ps2,20,8,8,7,12,7,7,11,20,16,9,6
ENSMUSG00000116168,Gm49430,0,0,0,0,0,0,0,0,0,0,0,0
ENSMUSG00000116191,Gm19199,0,0,0,0,0,0,0,0,0,0,0,0
ENSMUSG00000091194,Gm19840,1,0,0,0,0,0,0,0,0,0,0,1
ENSMUSG00000116355,Gm5217,1,0,0,0,0,0,0,0,1,0,0,0
ENSMUSG00000119610,#N/A,0,0,0,0,0,0,0,0,0,0,0,0
ENSMUSG00000115560,Gm49191,0,0,0,0,0,0,0,0,0,0,0,0
ENSMUSG00000115193,Gm6533,2,1,0,2,0,0,2,4,3,1,2,0
ENSMUSG00000115788,Gm48915,0,0,0,0,0,0,0,0,0,0,0,0
ENSMUSG00000087760,Gm23980,0,0,0,0,0,0,0,0,0,0,0,0
ENSMUSG00000115129,Gm48916,0,0,0,0,0,0,0,0,0,0,0,0
ENSMUSG00000115365,Gm18582,0,0,0,0,0,1,0,0,0,0,0,0
ENSMUSG00000115586,Gm48918,0,0,0,0,0,0,0,0,0,0,0,0
ENSMUSG00000115341,Gm48919,0,0,0,0,0,0,0,0,0,0,0,0
ENSMUSG00000115528,Gm8408,0,0,1,0,0,0,0,0,0,0,0,0
ENSMUSG00000115198,Gm49729,0,0,0,0,0,0,0,0,0,0,0,0
ENSMUSG00000115079,Gm36147,0,0,0,0,0,0,0,0,0,0,0,0
ENSMUSG00000115047,4930540I17Rik,0,0,0,0,0,0,0,0,0,0,0,0
ENSMUSG00000115004,Gm48920,0,0,0,0,0,0,0,0,0,0,0,0
ENSMUSG00000115048,Gm48921,0,0,0,0,0,0,0,0,0,0,0,0
ENSMUSG00000115607,Gm2803,0,0,0,0,0,0,0,0,0,0,0,0
ENSMUSG00000064675,Gm22810,0,0,0,0,0,0,0,0,0,0,0,0
ENSMUSG00000115261,Gm35769,0,0,0,0,0,0,0,0,0,0,1,0
ENSMUSG00000097452,Gm2824,0,0,0,0,0,0,0,0,0,0,0,0
ENSMUSG00000036800,Fam135b,1,1,2,3,5,2,5,13,3,3,4,1
ENSMUSG00000115174,Gm35996,0,0,0,0,0,0,0,0,0,0,0,0
ENSMUSG00002076224,#N/A,0,0,0,0,0,0,0,0,0,0,0,0
ENSMUSG00000088895,Gm22519,0,0,0,0,0,0,0,0,0,0,0,0
ENSMUSG00000051237,9230109A22Rik,0,0,0,0,0,0,0,0,0,0,0,0
ENSMUSG00000115868,Gm2999,0,4,4,2,6,2,1,0,2,1,2,0
ENSMUSG00000115840,5830426I08Rik,0,0,0,0,0,0,0,0,0,0,0,0
ENSMUSG00000103315,Gm38341,0,0,0,0,0,0,0,0,0,0,0,0
ENSMUSG00000115355,4930445E18Rik,3,0,0,0,0,0,1,0,0,0,0,0
ENSMUSG00000036561,Ppp6r2,273,287,240,255,177,84,185,272,223,252,179,199
ENSMUSG00000045763,Basp1,616,601,459,423,319,250,525,522,578,441,308,292
ENSMUSG00000056089,Gm5468,0,0,0,0,0,0,0,0,0,0,0,0
ENSMUSG00000115850,Gm48956,0,0,0,0,0,0,0,0,0,0,0,0
ENSMUSG00000115729,Gm48957,0,0,0,0,0,0,0,0,0,0,0,0
ENSMUSG00000115204,Gm36642,0,0,0,0,0,0,0,0,0,2,0,0
ENSMUSG00000079022,Col22a1,1,0,0,0,0,2,0,0,0,0,0,0
ENSMUSG00000090237,Gm16308,0,0,0,0,0,0,0,0,0,0,0,0
ENSMUSG00000116068,Gm49457,0,0,0,0,0,2,0,0,0,0,0,0
ENSMUSG00000119376,#N/A,0,0,0,0,0,0,0,0,0,0,0,0
ENSMUSG00000118695,#N/A,0,0,0,0,0,0,0,0,0,0,0,0
ENSMUSG00000036760,Kcnk9,0,0,0,0,2,9,0,0,0,0,0,0
ENSMUSG00000116088,Gm49460,0,0,0,0,0,0,0,0,0,0,0,0
ENSMUSG00000022272,Myo10,5635,5734,3949,4036,2312,1529,2561,4166,3462,3526,2799,2612
ENSMUSG00000115252,Gm48996,4,7,10,2,4,0,2,8,5,4,1,6
ENSMUSG00000089639,Gm2862,1,3,2,0,0,0,1,4,0,1,0,0
ENSMUSG00000115593,Gm4824,0,2,1,1,0,0,1,0,1,1,1,0
ENSMUSG00000022270,Retreg1,690,702,710,718,667,459,590,706,682,643,618,539
ENSMUSG00000098719,Mir7212,0,0,0,0,0,0,0,0,1,0,0,0
ENSMUSG00000052253,Zfp622,2332,2340,1775,2008,1760,952,1542,1768,2278,2009,1797,1839
ENSMUSG00000115335,Gm41279,0,0,0,0,0,0,0,0,0,0,0,0
ENSMUSG00000022269,44631,0,0,0,0,1,3,0,0,0,0,0,0
ENSMUSG00000047921,Trappc9,199,247,158,179,267,72,214,206,231,191,248,246
ENSMUSG00000043556,Fbxl7,0,0,0,0,0,2,0,0,0,0,0,0
ENSMUSG00000115433,Gm49267,0,0,0,0,0,0,0,0,0,0,0,0
ENSMUSG00000115399,9430068D22Rik,0,0,0,0,0,0,0,0,0,0,0,0
ENSMUSG00000115647,Gm49265,0,0,0,0,0,0,0,0,0,0,0,0
ENSMUSG00000115131,Gm49268,0,0,0,0,0,1,0,0,0,0,0,0
ENSMUSG00000115301,Gm6330,0,1,0,0,0,3,1,1,0,0,0,0
ENSMUSG00000088364,Gm28020,2,0,0,0,0,0,0,0,0,0,0,0
ENSMUSG00000115381,Gm49266,0,0,0,0,0,2,0,1,0,0,0,1
ENSMUSG00000116314,Gm49459,0,0,0,0,0,0,0,0,0,1,0,0
ENSMUSG00000090544,Gm6576,24,44,35,28,37,6,40,34,42,28,16,32
ENSMUSG00000106847,Peg13,105,92,91,78,96,39,93,93,85,88,66,69
ENSMUSG00000088191,Gm23903,0,0,0,0,0,0,0,0,0,0,0,0
ENSMUSG00000096173,Gm3150,0,0,0,0,0,0,0,0,0,0,0,0
ENSMUSG00000115554,Gm19111,0,0,0,0,0,0,0,0,0,0,0,0
ENSMUSG00000115138,Gm36899,0,0,0,0,1,0,0,0,1,1,0,0
ENSMUSG00000068391,Chrac1,567,799,578,605,578,249,719,653,593,551,541,472
ENSMUSG00000022265,Ank,366,443,313,343,271,106,283,361,282,282,251,248
ENSMUSG00000115568,Tiaf2,1,1,1,0,0,2,0,2,1,0,0,0
ENSMUSG00000115543,B230362B09Rik,2,0,1,0,1,0,0,0,1,1,1,0
ENSMUSG00000036698,Ago2,10034,10424,8703,8200,6465,3585,5391,8711,8000,7945,7213,6803
ENSMUSG00000046034,Otulin,1997,2200,1654,1922,1578,878,1869,1809,2007,1780,1664,1535
ENSMUSG00000098416,Mir7117,0,0,0,0,0,0,0,0,0,0,0,0
ENSMUSG00000036529,Sbf1,5136,5294,4039,3980,3997,1410,3258,4109,4635,4323,3708,3700
ENSMUSG00000115578,Gm46506,0,0,0,0,1,0,0,0,0,1,0,0
ENSMUSG00000098442,Mir6959,0,0,2,0,0,0,0,0,0,0,0,0
ENSMUSG00000054136,Adm2,3,5,2,3,0,0,0,2,3,0,1,1
ENSMUSG00000022613,Miox,0,0,0,2,0,0,0,0,0,0,0,0
ENSMUSG00000056069,Otulinl,338,395,297,297,288,152,316,294,337,296,375,358
ENSMUSG00000022614,Lmf2,1418,1371,1027,1093,1149,591,1212,1460,1154,1103,1169,1153
ENSMUSG00000022263,Trio,1138,1153,1024,1028,635,409,532,948,836,849,720,737
ENSMUSG00000115641,Gm9891,1,0,1,0,0,0,0,1,1,1,4,1
ENSMUSG00000115161,Gm20555,1,1,0,1,0,0,2,3,2,1,1,0
ENSMUSG00000115058,Gm19883,0,0,0,0,0,0,0,0,0,0,0,0
ENSMUSG00000115773,Gm31458,0,0,0,0,0,1,1,0,0,0,1,0
ENSMUSG00000115722,Gm8472,0,0,0,0,0,0,0,0,0,0,0,0
ENSMUSG00000115839,Gm49233,0,0,0,0,0,0,0,0,0,0,0,0
ENSMUSG00000115806,Gm49234,0,0,0,0,0,0,0,0,0,0,0,0
ENSMUSG00000008690,Ncaph2,2277,2181,1887,1997,2313,1131,2037,2243,2166,1907,2139,2064
ENSMUSG00000091780,Sco2,246,278,175,190,214,93,220,194,246,251,190,205
ENSMUSG00000022615,Tymp,19,14,12,15,10,5,13,10,23,24,13,21
ENSMUSG00000047394,Odf3b,3,9,11,12,4,0,4,5,5,5,6,2
ENSMUSG00000091680,Klhdc7b,2,0,0,0,0,0,0,0,0,0,0,0
ENSMUSG00000078938,Syce3,1,1,0,0,0,0,0,0,0,0,0,0
ENSMUSG00000078937,Cpt1b,2,3,5,3,1,1,0,5,2,1,2,8
ENSMUSG00000022262,Dnah5,0,0,0,0,0,1,0,1,0,1,0,0
ENSMUSG00000116461,Gm44502,0,0,0,0,0,0,0,0,0,0,0,0
ENSMUSG00000115473,Gm49278,0,0,0,0,0,0,0,1,0,0,0,0
ENSMUSG00000115156,Gm49279,0,0,0,0,0,0,0,0,0,0,0,0
ENSMUSG00000115795,Gm8484,0,0,0,0,0,0,0,0,0,0,0,0
ENSMUSG00000115459,Gm49280,0,0,0,0,0,0,0,0,0,0,0,0
ENSMUSG00000092639,Mir3964,0,0,0,0,0,0,0,0,0,0,0,0
ENSMUSG00000088621,Gm23033,0,0,0,0,0,0,0,0,0,0,0,0
ENSMUSG00000115544,Gm49281,0,0,0,0,0,0,0,0,0,0,0,0
ENSMUSG00000089279,Gm24554,0,0,0,0,0,0,0,0,0,0,0,0
ENSMUSG00000088045,Gm23327,0,0,0,0,0,0,0,0,0,0,0,0
ENSMUSG00000115080,Gm5212,0,0,0,0,1,2,0,1,0,0,0,0
ENSMUSG00000065726,Gm26163,0,0,0,0,0,0,0,0,0,0,0,0
ENSMUSG00000022617,Chkb,40,40,22,29,32,13,24,32,31,31,34,35
ENSMUSG00000079242,C730034F03Rik,5,13,9,11,20,17,13,11,8,21,16,18
ENSMUSG00000022607,Ptk2,101,107,74,83,92,54,77,93,72,49,112,65
ENSMUSG00000022619,Mapk8ip2,4,4,3,1,1,1,2,2,2,2,3,1
ENSMUSG00000115693,1700085D07Rik,0,0,0,0,0,0,0,0,0,0,0,0
ENSMUSG00000065612,Mir151,0,0,0,0,0,0,0,0,0,0,0,0
ENSMUSG00000088005,Gm24787,0,0,0,0,0,0,0,0,0,0,0,0
ENSMUSG00000115602,Gm7908,0,1,2,0,2,2,1,1,1,0,1,2
ENSMUSG00000115810,Gm49066,0,2,0,0,1,0,0,1,2,0,0,0
ENSMUSG00000116174,Gm10362,3,3,2,1,2,0,3,0,3,2,5,1
ENSMUSG00000115885,Gm19811,0,0,0,0,0,0,1,0,0,0,0,0
ENSMUSG00000022620,Arsa,95,80,40,51,57,12,45,53,54,66,54,69
ENSMUSG00000084915,C230037L18Rik,2,1,2,1,4,5,4,5,7,1,4,9
ENSMUSG00000118456,Gm41381,0,0,0,0,0,0,0,0,0,0,0,0
ENSMUSG00000022240,Ctnnd2,1,5,0,4,4,4,2,2,2,2,4,2
ENSMUSG00000115073,Gm49283,0,0,0,0,0,0,0,0,0,0,0,0
ENSMUSG00002075037,#N/A,0,0,0,0,0,0,0,0,0,0,0,0
ENSMUSG00000115337,4930570B17Rik,0,0,0,0,0,0,0,0,0,0,0,0
ENSMUSG00000118712,#N/A,0,0,0,0,0,0,0,0,0,0,0,0
ENSMUSG00000115012,9630009A06Rik,0,0,0,0,0,0,0,0,0,0,0,0
ENSMUSG00000115474,4930430F21Rik,0,0,0,0,0,0,0,0,0,0,0,0
ENSMUSG00000077468,Gm26416,0,0,0,0,0,0,0,0,0,0,0,0
ENSMUSG00000039168,Dap,1351,1596,1356,1570,1168,799,1648,1844,1347,1269,887,725
ENSMUSG00000055416,Fam136b-ps,0,0,0,0,0,0,0,0,0,0,0,0
ENSMUSG00000115418,Gm49296,0,0,0,0,0,0,0,0,0,0,0,0
ENSMUSG00000036661,Dennd3,602,642,520,453,228,100,304,418,311,287,220,228
ENSMUSG00000022623,Shank3,0,0,0,1,0,1,0,1,3,3,1,2
ENSMUSG00000022237,Ankrd33b,100,122,143,108,121,56,93,137,90,79,46,50
ENSMUSG00000115406,Gm49300,0,0,0,0,0,0,0,0,0,0,0,0
ENSMUSG00000086602,Gm15609,0,0,0,0,0,1,0,0,0,0,0,0
ENSMUSG00000022236,Ropn1l,6,9,6,8,5,4,7,10,5,7,8,7
ENSMUSG00000068964,Gm6361,0,0,0,0,0,0,0,0,0,0,0,0
ENSMUSG00000115710,Gm49208,0,0,0,0,0,0,0,0,1,0,0,0
ENSMUSG00000022622,Acr,0,0,0,0,0,0,0,0,0,0,0,0
ENSMUSG00000079020,Slc45a4,561,643,501,439,438,207,387,480,579,475,393,410
ENSMUSG00000099958,1700010B13Rik,1,0,0,0,0,0,0,0,0,0,0,0
ENSMUSG00000045281,Gpr20,0,0,0,0,0,0,0,0,0,0,0,0
ENSMUSG00000039100,44626,2394,2699,2262,2155,2212,1215,1700,2256,2264,2034,2104,1977
ENSMUSG00000115357,Gm49214,0,0,0,0,0,0,0,0,0,0,0,0
ENSMUSG00000115383,Gm49216,2,2,2,0,0,1,0,1,2,3,0,1
ENSMUSG00000115224,Gm49215,0,0,0,1,0,0,0,0,0,0,1,0
ENSMUSG00000022621,Rabl2,51,50,28,32,45,37,45,42,45,35,32,31
ENSMUSG00000116149,Gm18476,0,0,0,0,0,0,0,0,0,0,0,0
ENSMUSG00000063260,Syt10,0,0,0,0,0,0,0,0,0,0,0,0
ENSMUSG00002076482,#N/A,0,0,0,0,0,0,0,0,0,0,0,0
ENSMUSG00000119473,#N/A,0,0,0,0,0,0,0,0,0,0,0,0
ENSMUSG00000116231,Gm36330,0,0,0,0,0,0,0,0,0,0,0,0
ENSMUSG00000075470,Alg10b,2639,2355,2228,2044,2036,1395,1568,2144,2400,2197,2242,2174
ENSMUSG00000099319,Mir7648,0,0,0,0,0,0,0,0,0,0,0,0
ENSMUSG00000116204,Gm36480,0,0,0,0,0,0,0,0,0,0,0,0
ENSMUSG00000022235,Cmbl,0,0,0,0,0,0,0,0,0,0,0,0
ENSMUSG00000059895,Ptp4a3,2291,2398,1711,1822,2388,920,2019,1929,2277,2079,2607,2573
ENSMUSG00000084493,Gm22106,0,1,0,4,0,0,1,0,1,1,1,2
ENSMUSG00000022234,Cct5,14738,16584,12705,13746,14788,9371,12674,13646,16006,14379,14576,13199
ENSMUSG00000052560,Cpne8,0,0,0,0,0,1,0,0,0,0,0,0
ENSMUSG00000072487,Mroh5,0,0,0,0,0,2,0,1,0,0,5,0
ENSMUSG00000083380,Ndufb4c,0,0,0,0,0,0,0,0,0,0,0,0
ENSMUSG00000078847,Gm6746,0,0,0,0,0,0,0,0,0,0,0,0
ENSMUSG00000039065,Atpsckmt,264,292,230,230,249,109,220,230,246,235,260,279
ENSMUSG00000116404,Gm49541,0,0,0,0,0,0,0,0,0,0,1,0
ENSMUSG00000114995,Gm49284,26,14,24,11,11,4,16,13,22,10,33,20
ENSMUSG00000086361,Gm6569,0,0,0,0,0,0,0,0,0,0,0,1
ENSMUSG00000115188,Gm46522,1,0,1,0,1,0,3,1,0,3,0,3
ENSMUSG00000116136,Gm3861,0,1,0,0,0,1,0,1,0,0,0,0
ENSMUSG00000115589,Gm18003,0,0,0,0,0,0,0,1,0,0,0,0
ENSMUSG00000116256,Gm32405,0,0,0,0,0,0,0,0,0,0,0,0
ENSMUSG00000067870,Rpl31-ps8,33,100,45,65,63,177,76,62,28,37,57,24
ENSMUSG00000115561,Gm49285,0,0,0,0,0,0,0,0,0,0,0,0
ENSMUSG00000075609,Gm7935,5,3,1,3,2,3,2,1,4,7,1,1
ENSMUSG00000067869,Tcea1-ps1,50,10,13,18,11,26,8,14,65,51,14,50
ENSMUSG00000082585,Gm15387,0,0,0,0,0,0,0,0,0,0,0,0
ENSMUSG00000045267,Tas2r119,0,0,0,0,0,0,0,0,0,0,0,0
ENSMUSG00000116210,Spn-ps,0,0,0,0,0,0,0,1,0,0,0,0
ENSMUSG00000107924,4930518I17Rik,0,0,0,0,0,0,0,0,0,0,0,0
ENSMUSG00000118581,AC119183.1,0,0,0,0,0,0,0,0,0,0,0,0
ENSMUSG00000096956,Snhg18,0,0,0,0,0,0,0,0,0,0,0,0
ENSMUSG00000116428,Gm36618,0,0,0,0,0,0,0,0,0,0,0,0
ENSMUSG00000089317,Snord123,0,0,0,0,0,0,0,0,0,0,0,0
ENSMUSG00000022231,Sema5a,1,0,0,0,1,5,1,0,0,0,1,0
ENSMUSG00000115063,4930465K09Rik,0,0,0,0,0,0,0,0,0,0,0,0
ENSMUSG00000115749,Gm41289,0,0,0,0,0,0,0,0,0,0,0,0
ENSMUSG00000115317,Gm32618,0,0,0,0,0,0,0,0,0,0,0,0
ENSMUSG00000022261,Sdc2,0,0,0,0,0,0,0,0,0,0,0,0
ENSMUSG00000115140,Gm32764,0,0,0,0,0,0,0,0,0,0,0,0
ENSMUSG00000039007,Cpq,13,16,9,18,15,15,23,20,14,4,10,5
ENSMUSG00000058101,1700084J12Rik,0,0,0,0,0,1,0,0,0,0,0,0
ENSMUSG00002076175,#N/A,0,0,0,0,0,0,0,0,0,0,0,0
ENSMUSG00000115779,4930592A05Rik,0,0,0,0,0,0,0,0,0,0,0,0
ENSMUSG00000038984,Tspyl5,0,0,2,0,0,0,0,0,0,0,0,0
ENSMUSG00000115362,Gm49088,0,0,0,0,0,0,0,0,0,0,0,0
ENSMUSG00000115318,Gm49089,0,0,0,0,0,0,0,0,0,0,0,0
ENSMUSG00000115605,Gm9643,0,0,0,0,0,0,0,0,0,0,0,0
ENSMUSG00000115428,Gm41290,0,0,0,0,3,0,0,0,0,0,0,0
ENSMUSG00000115440,Gm49091,0,0,0,0,0,0,0,0,0,0,0,0
ENSMUSG00000034730,Adgrb1,0,0,0,0,0,2,0,0,0,0,0,0
ENSMUSG00002076923,#N/A,0,0,0,0,0,0,0,0,0,0,0,0
ENSMUSG00000022603,Mroh4,0,0,0,0,0,0,0,0,0,0,0,0
ENSMUSG00000022602,Arc,1269,1228,1582,1481,1956,790,1486,1709,1487,1361,558,579
ENSMUSG00000046380,Jrk,412,430,372,365,278,115,266,370,415,393,296,300
ENSMUSG00000044276,4933427E11Rik,3,2,0,0,2,0,0,1,0,0,1,0
ENSMUSG00000022598,Psca,0,0,0,0,0,0,0,0,0,0,0,0
ENSMUSG00000101983,Gm28976,0,0,0,0,0,0,0,0,0,0,0,0
ENSMUSG00000056665,Them6,459,505,442,491,626,240,525,527,661,536,685,685
ENSMUSG00000022596,Slurp1,0,0,0,0,0,0,0,0,0,0,0,0
ENSMUSG00000022595,Lypd2,0,0,0,0,0,0,0,0,0,0,0,0
ENSMUSG00000075605,Slurp2,0,0,0,0,0,0,0,0,0,1,0,0
ENSMUSG00000022255,Mtdh,7731,7369,5833,6089,5303,5319,5766,6206,7248,7022,6046,5797
ENSMUSG00000115276,9930017N22Rik,80,72,71,53,30,37,53,61,45,59,41,41
ENSMUSG00000022594,Lynx1,8,20,15,10,16,1,7,20,24,16,7,10
ENSMUSG00002075329,#N/A,0,0,0,0,0,0,0,0,0,0,0,0
ENSMUSG00000034634,Ly6d,0,0,0,0,0,0,0,0,0,0,0,0
ENSMUSG00000101026,Ly6g6g,1,0,2,0,0,0,0,0,1,0,0,0
ENSMUSG00000091709,Gm17189,0,0,0,0,1,3,0,0,0,0,0,0
ENSMUSG00000022257,Laptm4b,21,16,15,11,29,9,24,13,24,18,23,26
ENSMUSG00000044678,Ly6k,4,8,3,9,6,1,7,4,6,5,3,3
ENSMUSG00000115808,Gm18949,4,2,2,1,1,4,2,2,0,2,3,4
ENSMUSG00002076372,#N/A,0,0,0,0,0,0,0,0,0,0,0,0
ENSMUSG00000068349,Gml,0,0,0,0,0,0,0,0,0,0,0,0
ENSMUSG00000068600,Gml2,0,0,0,0,0,0,0,0,0,0,0,0
ENSMUSG00000075604,Cyp11b1,0,0,0,0,0,0,0,0,0,0,0,0
ENSMUSG00000022589,Cyp11b2,0,0,0,0,0,0,0,0,0,0,0,0
ENSMUSG00000063522,Ly6m,1,0,0,0,0,1,0,0,0,0,0,0
ENSMUSG00000100880,Gm6610,0,0,0,0,0,0,0,1,0,0,0,0
ENSMUSG00000116380,Gm39556,3,6,5,3,0,2,5,4,6,2,1,2
ENSMUSG00000099600,Gm29126,0,0,0,0,0,0,0,1,0,0,0,0
ENSMUSG00000022587,Ly6e,5835,6784,4668,5210,5531,2694,6389,6510,5630,5178,5495,5088
ENSMUSG00000022324,Matn2,2,7,4,7,1,5,5,4,7,1,1,6
ENSMUSG00000022586,Ly6i,22,31,18,13,7,5,12,21,16,9,7,6
ENSMUSG00000101132,Gm8000,7,0,1,2,2,0,3,4,1,6,2,1
ENSMUSG00000103457,Gm37042,0,0,1,0,0,0,0,0,0,1,0,0
ENSMUSG00000094447,9430069I07Rik,0,0,0,0,0,0,0,0,0,0,0,0
ENSMUSG00000022629,Kif21a,0,0,1,0,0,0,0,0,0,0,0,0
ENSMUSG00000058600,Rpl30,2133,2549,2159,2440,2423,556,2379,1697,2497,2220,1606,1738
ENSMUSG00000065899,Gm24523,0,0,0,0,0,0,0,0,0,0,0,0
ENSMUSG00000115685,D730044K07Rik,6,7,7,14,26,12,12,4,11,10,19,19
ENSMUSG00000075602,Ly6a,3044,4140,3931,4481,3195,1545,4798,4096,2895,2731,3041,2825
ENSMUSG00000044726,Erich5,0,0,0,0,0,0,0,0,0,0,2,0
ENSMUSG00000115300,Gm49188,0,0,0,0,0,0,0,0,0,0,0,0
ENSMUSG00000100287,Gm28068,0,2,0,0,0,0,2,0,0,0,1,1
ENSMUSG00000101082,Gm28069,0,0,0,0,0,0,0,0,0,0,0,0
ENSMUSG00000116113,Gm49545,0,0,0,0,0,0,0,0,0,0,0,0
ENSMUSG00000115952,Gm18814,0,0,0,0,0,0,0,0,0,0,0,0
ENSMUSG00000116424,Gm7167,0,0,0,0,0,0,0,0,0,0,0,0
ENSMUSG00000022323,Rida,110,121,101,84,108,123,103,120,101,88,121,112
ENSMUSG00000055782,Abcd2,1,0,0,0,1,0,0,0,0,0,0,0
ENSMUSG00000078932,CN725425,0,0,0,0,0,0,0,0,0,0,0,0
ENSMUSG00000079018,Ly6c1,54,69,27,48,45,24,49,32,83,69,70,77
ENSMUSG00000099775,Gm5960,0,0,1,0,0,0,1,0,0,0,0,2
ENSMUSG00000036298,Slc2a13,0,1,0,0,1,4,0,0,0,0,0,0
ENSMUSG00000099452,Gm28502,0,0,0,0,0,0,0,0,0,0,0,0
ENSMUSG00000022325,Pop1,2982,3111,2579,2712,2924,1431,2113,2586,3231,2822,3071,2892
ENSMUSG00000022584,Ly6c2,1120,1429,636,720,894,689,445,478,1175,1139,1196,1212
ENSMUSG00000115005,Gm49195,7,8,3,3,7,4,2,2,11,3,3,11
ENSMUSG00000084607,Gm22208,5,8,3,4,5,12,6,5,2,6,5,5
ENSMUSG00000102051,Ly6a2,6,12,7,7,11,4,5,4,9,3,4,1
ENSMUSG00000022582,Ly6g,1,3,1,1,0,0,1,1,0,0,0,0
ENSMUSG00000101140,Gm28117,0,0,0,0,0,0,0,0,0,0,0,0
ENSMUSG00000038879,Nipal2,0,0,1,0,0,0,0,0,0,0,0,0
ENSMUSG00000115526,4930413F20Rik,0,0,0,0,0,0,0,0,0,0,0,0
ENSMUSG00000115360,Gm48932,0,0,0,0,0,0,0,0,0,0,0,0
ENSMUSG00000050963,Kcns2,0,0,0,0,0,0,0,0,0,0,0,0
ENSMUSG00000047728,Ly6g2,0,0,0,0,0,0,0,0,0,0,0,0
ENSMUSG00000068348,Gm10238,0,0,0,0,0,0,0,0,0,0,0,1
ENSMUSG00000100462,Gm28115,0,0,0,0,0,0,0,0,0,0,0,0
ENSMUSG00000022583,Ly6f,0,0,0,0,0,0,0,0,0,0,0,0
ENSMUSG00000099467,Gm28116,0,0,0,0,0,0,0,0,0,0,0,0
ENSMUSG00000101289,Gm3454,0,0,0,0,0,0,0,0,0,0,0,0
ENSMUSG00000099414,Gm28113,0,0,0,0,0,0,0,0,0,0,0,0
ENSMUSG00000101075,Gm29517,0,0,0,0,0,0,0,0,0,0,0,0
ENSMUSG00000100375,Gm28114,0,0,0,0,0,0,0,0,0,0,0,0
ENSMUSG00000102028,Gm3142,0,0,0,0,0,0,0,0,0,0,0,0
ENSMUSG00000053168,9030619P08Rik,0,0,0,0,0,0,0,0,0,0,0,0
ENSMUSG00000093626,Ly6l,0,0,0,0,0,0,0,0,0,0,0,0
ENSMUSG00000116365,Gm34531,0,0,0,0,0,0,0,0,0,0,0,0
ENSMUSG00000116222,Gm34593,0,0,0,0,0,0,0,0,0,0,0,0
ENSMUSG00000116155,Gm34646,0,0,0,0,0,0,0,0,0,0,0,0
ENSMUSG00000022329,Stk3,226,191,152,126,168,187,153,166,183,160,170,198
ENSMUSG00000115345,Gm33497,0,0,0,0,0,1,0,0,0,0,0,0
ENSMUSG00000022330,Osr2,14,18,23,19,32,22,13,11,10,5,17,17
ENSMUSG00000115453,BC048602,0,0,0,0,0,0,0,0,0,0,0,0
ENSMUSG00000115829,Gm48960,0,1,0,0,0,1,0,3,1,0,3,2
ENSMUSG00000022577,Ly6h,0,0,0,0,0,0,0,0,0,0,0,0
ENSMUSG00000022579,Gpihbp1,0,0,0,0,0,0,0,0,0,0,0,0
ENSMUSG00000047003,Zfp41,123,129,80,82,203,61,86,127,100,102,157,160
ENSMUSG00000115969,Gm46519,4,1,0,2,0,7,2,1,0,3,0,0
ENSMUSG00000099034,2810039B14Rik,7,14,7,6,15,5,4,17,15,7,12,10
ENSMUSG00000037646,Vps13b,988,960,904,772,1068,721,511,876,857,828,1200,1225
ENSMUSG00000089133,Gm24771,0,0,0,0,0,0,0,0,0,0,0,1
ENSMUSG00000115314,Gm48966,0,0,0,2,0,0,1,0,2,0,0,0
ENSMUSG00000115144,Gm7968,0,0,0,1,0,2,0,1,0,0,0,0
ENSMUSG00000076333,Mir599,0,0,0,0,0,0,0,0,0,0,0,0
ENSMUSG00000077890,Mir875,0,0,0,0,0,0,0,0,0,0,0,0
ENSMUSG00000115040,Gm18994,1,0,2,0,0,0,1,0,1,0,2,0
ENSMUSG00000115837,9130002K18Rik,7,10,11,13,13,16,14,12,10,6,6,14
ENSMUSG00000115340,Gm48965,2,0,0,0,1,2,1,2,3,1,4,5
ENSMUSG00000115793,Gm48961,4,6,8,2,8,8,7,6,3,7,5,7
ENSMUSG00000000934,Top1mt,514,526,388,378,467,350,357,397,490,399,530,432
ENSMUSG00000085523,Gm15945,0,0,0,2,0,0,1,0,0,0,0,0
ENSMUSG00000014313,Cox6c,993,1237,905,992,1193,1119,1102,989,1085,914,939,874
ENSMUSG00000037627,Rgs22,0,0,0,0,0,0,0,0,0,0,0,0
ENSMUSG00002075387,#N/A,0,0,0,0,0,0,0,0,0,0,0,0
ENSMUSG00000092230,Gm18889,1,4,1,3,6,7,1,1,0,1,1,0
ENSMUSG00000048230,Fbxo43,0,0,0,1,0,1,0,0,3,0,0,1
ENSMUSG00000064543,Gm22979,0,0,0,0,0,0,0,0,0,0,0,0
ENSMUSG00000022580,Rhpn1,1,0,0,0,0,0,0,0,0,0,0,1
ENSMUSG00000045996,Polr2k,14,24,22,18,26,15,13,15,19,19,25,23
ENSMUSG00000047591,Mafa,21,14,10,20,16,7,7,12,9,15,11,17
ENSMUSG00000075600,Zc3h3,61,73,74,49,36,18,41,56,65,67,45,55
ENSMUSG00000077416,Gm23747,0,0,0,0,0,0,0,0,0,0,0,0
ENSMUSG00000037617,Spag1,97,114,138,109,109,100,100,108,110,110,124,102
ENSMUSG00000088201,Gm23754,0,0,0,0,0,0,0,2,0,1,0,0
ENSMUSG00000115811,Gm41293,2,0,0,0,0,0,1,3,0,0,1,0
ENSMUSG00000022280,Rnf19a,5954,6291,4379,4336,3948,2878,2994,3981,6137,5883,3823,3697
ENSMUSG00000098457,Mir8097,0,0,0,0,0,0,0,0,0,0,0,0
ENSMUSG00000115162,Gm9501,0,0,0,0,0,0,0,0,0,0,0,0
ENSMUSG00000068579,Rpl7a-ps3,0,5,4,1,9,0,7,2,0,3,5,1
ENSMUSG00000115715,Gm33936,4,2,5,1,0,0,1,3,1,1,1,1
ENSMUSG00000115278,Gm34150,8,4,5,2,4,6,0,4,4,8,1,2
ENSMUSG00000114981,Gm34093,6,5,2,3,1,0,1,3,1,1,1,1
ENSMUSG00000115395,Gm49224,1,1,1,0,0,0,0,0,0,0,0,0
ENSMUSG00000048307,Ankrd46,1732,1984,1500,1466,1658,747,1303,1392,1766,1600,1593,1416
ENSMUSG00000115084,Gm49246,0,0,0,0,1,0,0,0,0,0,0,0
ENSMUSG00000055022,Cntn1,2,1,0,2,2,5,0,0,1,0,5,0
ENSMUSG00000097068,Gm26760,0,0,0,0,0,0,0,0,0,0,0,0
ENSMUSG00000036218,Pdzrn4,0,0,0,0,0,1,0,0,0,0,0,0
ENSMUSG00000115858,4930588J15Rik,0,0,0,0,0,0,0,0,0,0,0,0
ENSMUSG00000116309,Gm49418,0,0,0,0,0,0,0,0,0,0,0,0
ENSMUSG00000116242,Gm18815,1,1,0,0,1,0,0,0,0,0,0,3
ENSMUSG00000109770,Gm30085,0,0,0,0,0,0,0,0,0,0,0,0
ENSMUSG00000115921,Gm18685,0,0,0,0,0,0,0,0,0,0,0,0
ENSMUSG00000116124,Gm49420,0,0,0,0,0,0,0,0,0,0,0,0
ENSMUSG00000097989,Gm4335,15,24,24,20,16,7,30,11,10,13,10,8
ENSMUSG00002076809,#N/A,0,0,0,0,1,0,0,0,0,0,0,0
ENSMUSG00000013611,Snx31,2,5,1,1,0,0,2,2,2,1,1,0
ENSMUSG00002075717,#N/A,0,0,0,0,0,0,0,0,0,0,0,0
ENSMUSG00000036197,Gxylt1,719,699,582,570,596,503,477,627,575,571,603,546
ENSMUSG00000022283,Pabpc1,61645,60988,48955,49374,50989,49525,49903,59442,56597,51465,58451,48973
ENSMUSG00000022634,Yaf2,601,570,443,420,505,416,436,504,558,466,612,528
ENSMUSG00000115037,Gm49262,0,0,0,0,0,0,0,0,0,0,0,3
ENSMUSG00000088454,Gm26371,0,0,0,0,0,0,0,0,0,0,0,0
ENSMUSG00000115537,Gm6704,0,0,1,0,0,0,0,0,0,0,0,0
ENSMUSG00000115127,Gm46515,0,0,0,0,0,0,0,0,0,0,0,0
ENSMUSG00000115834,Gm10385,0,0,0,0,0,0,0,0,0,0,0,0
ENSMUSG00000115103,Gm49263,0,0,0,0,0,0,0,0,0,0,0,0
ENSMUSG00000022635,Zcrb1,1260,1389,1111,1169,1198,1239,1215,1357,1354,1265,1386,1165
ENSMUSG00000022285,Ywhaz,5270,4938,4118,3850,4019,3472,4663,4782,4587,4372,4224,4078
ENSMUSG00002074946,#N/A,0,0,0,0,0,0,0,0,0,0,0,0
ENSMUSG00000115750,Gm49282,0,0,1,0,0,0,0,0,0,0,0,0
ENSMUSG00000072618,Gm10384,0,0,0,0,0,0,0,0,0,0,0,0
ENSMUSG00000115430,Gm41300,0,0,0,0,0,0,0,0,0,0,0,0
ENSMUSG00000115333,Gm34590,0,1,0,0,1,1,1,0,0,0,0,0
ENSMUSG00000062397,Zfp706,1342,1516,1475,1341,1601,925,1348,1289,1521,1325,1393,1424
ENSMUSG00000097259,Gm26766,6,4,8,0,0,2,1,0,5,1,2,2
ENSMUSG00000115848,Gm9509,3,0,0,3,7,1,0,3,1,1,3,0
ENSMUSG00000115621,Gm8664,0,0,0,0,0,0,0,0,0,0,0,0
ENSMUSG00000089804,Gm16136,0,0,0,0,0,0,0,0,0,0,0,0
ENSMUSG00000022286,Grhl2,4,10,4,11,0,0,0,5,2,2,5,6
ENSMUSG00000089949,Gm16137,0,0,0,0,0,0,0,0,0,0,0,0
ENSMUSG00000089811,Gm16138,0,0,0,0,0,1,1,2,0,1,0,0
ENSMUSG00000036167,Pphln1,2122,2200,1894,1869,1847,1277,1614,1961,2054,1923,1896,1685
ENSMUSG00000036158,Prickle1,214,239,191,212,228,143,213,238,217,221,180,179
ENSMUSG00000115993,Zfp42-ps1,0,0,0,0,0,0,0,0,0,0,0,0
ENSMUSG00000116190,Gm41386,0,0,3,0,1,2,0,3,1,0,0,0
ENSMUSG00000116237,Gm30339,0,0,0,0,0,1,1,0,0,0,0,0
ENSMUSG00000116493,Gm49445,0,0,0,0,0,0,0,0,0,0,0,0
ENSMUSG00000116360,9430014N10Rik,0,0,0,0,0,1,0,0,0,0,1,0
ENSMUSG00000115965,Gm30564,0,0,0,0,0,0,0,0,0,0,0,0
ENSMUSG00000051359,Ncald,151,159,212,170,137,81,141,185,152,114,55,49
ENSMUSG00000101671,Gm28221,0,0,0,0,0,0,0,0,0,0,0,0
ENSMUSG00002076649,#N/A,0,0,0,0,0,0,0,0,0,0,0,0
ENSMUSG00000086992,Gm15941,2,3,6,5,3,0,1,1,2,2,0,2
ENSMUSG00000084316,Gm8668,0,0,0,0,0,0,0,0,0,0,0,0
ENSMUSG00000022288,4930447A16Rik,0,0,0,0,0,0,0,0,0,0,0,0
ENSMUSG00000115157,Gm49397,0,0,0,0,0,0,0,0,0,0,0,0
ENSMUSG00000084382,Gm3267,0,0,0,0,0,0,0,0,0,0,0,0
ENSMUSG00000115095,Gm49311,0,0,0,0,0,0,0,0,0,0,0,0
ENSMUSG00000080425,Gm24833,0,0,0,0,0,0,0,0,0,0,0,0
ENSMUSG00000086125,Gm15942,0,0,0,0,0,0,0,0,0,0,0,0
ENSMUSG00000086313,Gm15940,0,0,0,1,0,0,0,0,0,0,0,0
ENSMUSG00000097679,Rps19-ps5,1,0,1,0,1,0,0,0,0,0,0,0
ENSMUSG00000115326,Gm35019,0,1,1,2,1,4,0,1,0,0,2,0
ENSMUSG00000022292,Rrm2b,289,260,215,232,195,233,172,254,276,236,257,250
ENSMUSG00000085442,Gm3362,5,7,3,8,8,3,6,4,7,3,3,2
ENSMUSG00000115249,Gm49085,4,1,3,4,3,3,1,5,1,3,5,8
ENSMUSG00000022449,Adamts20,2,7,6,7,12,12,5,3,1,2,2,7
ENSMUSG00000033356,Pus7l,1060,1191,889,876,963,525,670,849,1094,1079,1082,931
ENSMUSG00000059883,Irak4,465,468,339,382,283,202,336,369,357,331,384,293
ENSMUSG00000022451,Twf1,1067,1240,1019,1076,923,734,908,1079,1034,961,925,767
ENSMUSG00000063296,Tmem117,0,0,0,0,1,4,0,1,0,0,0,0
ENSMUSG00000119001,#N/A,0,0,0,0,0,0,0,0,0,0,0,0
ENSMUSG00000077447,Gm23129,0,0,0,0,0,0,0,0,0,0,0,0
ENSMUSG00000022454,Nell2,0,0,0,0,0,0,0,0,0,0,0,0
ENSMUSG00000100603,1700129L04Rik,0,0,0,0,0,0,0,0,0,0,0,0
ENSMUSG00000089560,Gm24668,0,0,0,0,0,0,0,0,0,0,0,0
ENSMUSG00000045608,Dbx2,0,0,0,0,0,0,0,0,0,0,0,0
ENSMUSG00000116058,Gm8843,0,0,0,0,0,0,0,0,0,0,0,0
ENSMUSG00000115569,Gm49169,0,1,0,0,0,0,1,2,2,0,0,0
ENSMUSG00000115699,Gm6961,1,2,1,0,0,1,0,0,2,0,0,0
ENSMUSG00000043329,Gm8849,0,0,0,0,0,0,0,0,0,0,0,0
ENSMUSG00000097643,A130051J06Rik,8,9,9,1,7,4,10,6,6,7,1,11
ENSMUSG00000037487,Ubr5,7732,7791,6404,6164,6076,4839,4161,6373,6634,6594,6476,5898
ENSMUSG00000065852,Gm22353,0,0,0,0,0,0,0,0,0,0,0,0
ENSMUSG00000115771,Gm49312,7,15,7,11,16,6,4,13,8,8,13,11
ENSMUSG00000115680,Gm35167,0,0,0,0,0,0,0,0,0,0,0,0
ENSMUSG00000061923,Odf1,0,0,0,0,0,0,0,0,0,0,0,0
ENSMUSG00000115525,Gm5213,0,0,0,0,0,0,0,0,0,0,0,0
ENSMUSG00002075169,#N/A,0,0,0,0,0,0,0,0,0,0,0,0
ENSMUSG00000115307,Gm49313,0,0,0,0,0,0,0,0,0,0,0,0
ENSMUSG00000115057,Gm8705,0,1,1,1,0,0,1,0,0,2,0,0
ENSMUSG00000115437,Gm49314,0,0,0,0,0,1,0,0,0,0,0,0
ENSMUSG00000037465,Klf10,868,949,724,726,678,349,578,732,831,806,573,576
ENSMUSG00000115456,Gm35248,3,0,2,0,1,2,0,0,1,3,0,3
ENSMUSG00000115405,Gm41307,0,0,0,0,0,0,0,0,0,0,0,0
ENSMUSG00000115009,G930009F23Rik,0,0,0,0,0,0,0,0,0,0,0,1
ENSMUSG00000064210,Ano6,1166,1175,834,900,881,534,668,889,952,870,987,847
ENSMUSG00000115522,Gm49173,0,0,0,0,0,1,0,0,0,0,0,0
ENSMUSG00000078648,Gm17546,0,0,0,0,0,0,0,0,0,0,0,0
ENSMUSG00002075349,#N/A,0,0,0,0,0,0,0,0,0,0,0,0
ENSMUSG00000115049,Gm49172,0,0,0,0,0,0,0,0,0,0,0,0
ENSMUSG00000078925,D030018L15Rik,0,0,0,0,0,0,0,0,0,0,0,0
ENSMUSG00000097536,2610037D02Rik,42,42,32,43,35,90,23,39,35,36,92,53
ENSMUSG00000097619,4833422M21Rik,0,0,0,0,0,0,2,0,0,0,0,1
ENSMUSG00000037458,Azin1,5836,5910,5036,4722,5262,3418,3938,4680,4974,4686,4741,4475
ENSMUSG00000099110,Mir6951,0,0,0,0,1,0,0,0,0,0,0,1
ENSMUSG00000115546,Gm49077,1,1,2,1,0,2,3,0,2,1,0,1
ENSMUSG00000102106,2310043O21Rik,0,0,0,0,0,0,0,0,0,0,0,0
ENSMUSG00000115587,Gm29697,0,0,0,0,0,0,0,0,0,0,0,0
ENSMUSG00000114975,Gm49090,0,0,0,0,0,0,0,0,0,0,0,0
ENSMUSG00000115491,Siah1-ps2,0,0,0,0,0,0,0,0,0,0,0,0
ENSMUSG00000033237,Arid2,2640,2743,2160,2025,2191,1609,1690,2453,2481,2274,2377,2200
ENSMUSG00002075367,#N/A,0,0,0,0,0,0,0,0,0,0,0,0
ENSMUSG00000033228,Scaf11,6298,6435,5292,5228,5310,4472,3947,5690,5918,5638,6073,5301
ENSMUSG00000116253,Gm41392,0,0,0,0,0,0,0,0,0,0,0,0
ENSMUSG00000116160,Gm41392,0,0,0,0,0,0,0,0,0,0,1,0
ENSMUSG00000023169,Slc38a1,11125,11123,10092,10103,8955,5605,7386,10267,10227,9684,8787,8318
ENSMUSG00000064928,Gm22045,0,0,0,0,0,0,0,0,0,0,0,0
ENSMUSG00000022462,Slc38a2,3720,3760,3451,3237,3805,2318,2658,3362,3050,2826,4271,3820
ENSMUSG00000102385,Gm38144,0,0,0,0,0,1,0,0,0,0,0,0
ENSMUSG00000095638,Gm8888,0,0,0,0,1,0,0,2,0,0,0,0
ENSMUSG00000116202,Rpl10a-ps3,0,1,0,0,0,0,0,0,2,0,1,0
ENSMUSG00000022300,Dcaf13,2508,3012,2340,2357,2483,1783,2284,2611,2700,2544,2347,2147
ENSMUSG00002075406,#N/A,0,0,0,0,0,0,0,0,0,0,0,0
ENSMUSG00000098021,Gm9522,159,97,66,84,46,22,80,107,179,132,51,83
ENSMUSG00000022464,Slc38a4,0,0,0,0,0,2,0,0,0,0,0,0
ENSMUSG00000116295,Gm32885,0,0,0,0,0,0,0,1,0,0,0,0
ENSMUSG00000048218,Amigo2,15,22,24,19,37,19,18,27,17,33,20,29
ENSMUSG00000044250,Pced1b,460,498,486,503,614,404,566,643,518,362,587,489
ENSMUSG00000116291,Gm4383,0,0,0,0,0,0,2,3,0,0,0,1
ENSMUSG00000116131,Gm49506,0,0,0,0,0,0,0,0,0,0,0,0
ENSMUSG00000022466,Rpap3,744,803,578,570,813,579,524,644,737,633,840,823
ENSMUSG00000022468,Endou,8,9,6,8,1,2,2,8,6,4,0,1
ENSMUSG00000037386,Rims2,9,5,11,14,10,6,6,5,13,9,10,15
ENSMUSG00002076488,#N/A,0,0,0,0,0,0,0,0,0,0,0,0
ENSMUSG00000022303,Dcstamp,0,0,0,0,0,2,0,0,0,0,0,0
ENSMUSG00000022304,Dpys,1,0,0,1,0,0,1,0,0,0,0,1
ENSMUSG00000087695,Gm16291,0,0,0,0,0,0,0,0,0,0,0,0
ENSMUSG00000022305,Lrp12,378,385,415,379,348,201,331,390,378,339,324,314
ENSMUSG00000115230,AU022793,0,0,0,0,0,0,0,0,0,0,0,0
ENSMUSG00000115152,Gm49253,0,0,0,0,0,0,0,0,0,0,0,0
ENSMUSG00000115739,Gm49254,0,0,0,0,0,0,0,0,0,0,1,0
ENSMUSG00000115712,Gm49255,0,0,0,0,0,0,0,0,0,0,0,0
ENSMUSG00000115142,Gm33251,0,0,0,0,0,0,0,0,0,0,0,0
ENSMUSG00000094112,9330182O14Rik,0,0,0,0,0,0,0,0,0,0,0,0
ENSMUSG00000115367,Gm33301,0,0,0,0,0,0,0,0,0,0,0,0
ENSMUSG00002075835,#N/A,0,0,0,0,0,0,0,0,0,0,0,0
ENSMUSG00000115820,Gm41311,0,0,0,0,0,0,0,0,0,0,0,0
ENSMUSG00000056332,Gm16294,0,0,0,0,0,0,0,0,0,0,0,0
ENSMUSG00000115069,Gm7382,1,4,0,0,0,0,1,0,1,1,2,0
ENSMUSG00000022306,Zfpm2,0,0,0,0,0,4,0,1,0,0,0,0
ENSMUSG00000116397,Gm49525,0,0,0,0,0,0,0,0,0,0,0,0
ENSMUSG00000115975,Gm49526,0,0,0,0,0,0,0,0,0,0,0,0
ENSMUSG00000115898,Gm49524,0,0,0,0,0,2,0,0,0,0,0,0
ENSMUSG00000048559,4930555K19Rik,0,0,0,0,0,0,0,0,0,0,0,0
ENSMUSG00000116178,Gm49529,0,0,0,0,0,0,0,0,0,0,0,0
ENSMUSG00000022469,Rapgef3,12,20,10,12,13,8,16,5,16,13,8,12
ENSMUSG00000086601,Rapgef3os1,0,0,0,0,0,0,0,0,0,0,0,0
ENSMUSG00000087397,Rapgef3os2,0,0,0,1,0,0,0,0,0,0,0,1
ENSMUSG00000081534,Slc48a1,488,540,383,359,441,162,463,473,483,437,504,445
ENSMUSG00000022307,Oxr1,737,754,618,598,558,427,525,588,656,623,579,547
ENSMUSG00000097232,Gm26854,0,1,0,0,0,0,0,0,0,0,0,0
ENSMUSG00000042895,Abra,0,0,0,0,0,0,0,0,0,0,0,0
ENSMUSG00000116083,Gm5469,0,4,0,1,1,0,0,1,1,1,0,2
ENSMUSG00000088469,Gm24751,0,0,0,0,0,0,0,0,0,0,0,0
ENSMUSG00000116215,Gm5470,1,0,0,0,0,0,0,0,2,0,1,0
ENSMUSG00000115986,Gm49439,0,0,0,0,0,0,0,0,0,0,0,0
ENSMUSG00000116199,Gm49438,0,0,0,0,0,0,0,0,0,0,0,0
ENSMUSG00000116008,Gm49440,0,0,0,0,0,0,0,0,0,0,0,0
ENSMUSG00000115988,Gm49441,0,0,0,0,0,0,0,0,0,0,0,0
ENSMUSG00000115985,Gm18531,0,0,0,0,0,0,0,0,0,0,0,0
ENSMUSG00000116245,Gm49452,0,0,0,0,0,0,0,0,0,0,0,0
ENSMUSG00000116323,Gm18092,0,0,0,0,0,0,0,0,0,0,0,0
ENSMUSG00000115894,Gm49453,0,0,0,0,0,0,0,0,0,0,0,0
ENSMUSG00000022309,Angpt1,0,1,0,1,1,1,0,1,0,0,0,0
ENSMUSG00000097805,Gm17473,0,0,0,0,0,0,0,0,1,0,0,0
ENSMUSG00000051920,Rspo2,0,0,0,0,0,0,0,0,0,0,0,0
ENSMUSG00000098002,Gm9658,1,3,1,2,1,0,0,2,5,1,1,1
ENSMUSG00002076689,#N/A,0,0,0,0,0,0,0,0,0,0,0,0
ENSMUSG00000022336,Eif3e,4043,5425,4034,4520,4362,2764,3966,4276,4709,4226,4038,3631
ENSMUSG00000115635,Gm49271,0,0,0,0,0,0,0,0,0,0,0,0
ENSMUSG00000072592,Gm10373,0,0,0,0,0,0,0,0,0,0,0,0
ENSMUSG00000022337,Emc2,593,650,453,491,468,455,504,515,554,562,578,484
ENSMUSG00000115407,Gm2140,0,0,0,0,0,0,0,0,0,0,0,0
ENSMUSG00000054409,Tmem74,2,0,0,0,0,0,0,0,0,0,0,0
ENSMUSG00000038760,Trhr,0,0,0,0,2,2,1,0,0,0,0,0
ENSMUSG00000115730,Gm7459,5,2,3,0,1,0,6,2,0,2,0,0
ENSMUSG00000115694,Gm19235,0,0,0,0,0,0,0,0,0,0,0,0
ENSMUSG00000088756,Gm24903,0,0,0,0,0,0,0,0,0,0,0,0
ENSMUSG00000077181,Gm25093,0,0,0,0,0,0,0,0,0,0,0,0
ENSMUSG00000038736,Nudcd1,1127,1112,984,959,1213,903,866,1075,1096,1053,1232,1001
ENSMUSG00000022338,Eny2,855,900,824,829,990,863,959,987,877,776,980,863
ENSMUSG00000118768,#N/A,0,0,0,0,0,0,0,0,0,0,0,0
ENSMUSG00000022475,Hdac7,6992,7391,4616,4728,4353,1713,3273,4034,6120,5937,5520,5256
ENSMUSG00000022479,Vdr,34,39,14,17,25,8,17,18,34,21,28,25
ENSMUSG00002075036,#N/A,0,0,0,0,0,0,0,0,0,0,0,0
ENSMUSG00000052369,Tmem106c,116,144,128,108,151,91,141,146,149,131,179,181
ENSMUSG00000038725,Pkhd1l1,5,8,16,17,5,6,13,26,4,9,2,4
ENSMUSG00000022339,Ebag9,359,359,324,278,344,466,309,332,422,343,397,346
ENSMUSG00000022340,Sybu,0,0,3,2,4,0,3,0,2,3,0,0
ENSMUSG00000060530,A930017M01Rik,0,1,1,3,1,1,0,1,1,1,3,1
ENSMUSG00002076493,#N/A,0,0,0,0,0,0,0,0,0,0,0,0
ENSMUSG00000089589,Gm23343,0,0,0,0,0,0,0,0,0,0,0,0
ENSMUSG00000115265,Gm18153,0,0,0,0,0,0,0,0,0,0,0,0
ENSMUSG00000058463,Gm5471,0,0,0,0,0,0,0,0,0,1,0,0
ENSMUSG00000022342,Kcnv1,0,0,0,0,0,0,0,0,0,0,0,0
ENSMUSG00000118565,AC099642.1,0,0,0,0,0,0,0,0,0,0,0,0
ENSMUSG00000115549,Gm2203,0,0,0,0,0,0,0,0,0,0,0,0
ENSMUSG00000096157,Gm5472,1,2,3,1,0,0,2,2,0,1,1,1
ENSMUSG00000065312,Gm26063,0,0,0,0,0,0,0,0,0,0,0,0
ENSMUSG00000115197,Gm49075,0,0,0,0,0,0,0,0,0,0,0,0
ENSMUSG00000099751,1700022A22Rik,0,0,0,0,0,0,0,0,0,0,0,0
ENSMUSG00002075465,#N/A,0,0,0,0,0,0,0,0,0,0,0,0
ENSMUSG00000115177,4930523O13Rik,0,0,0,0,0,0,0,0,0,0,0,0
ENSMUSG00000115350,Gm49079,0,0,0,0,0,0,0,0,0,0,0,0
ENSMUSG00000051198,4930548G14Rik,0,0,0,0,0,0,0,0,0,0,0,0
ENSMUSG00000115495,Gm38541,0,0,0,0,0,0,0,0,0,0,0,0
ENSMUSG00000088679,Gm23665,0,0,0,0,0,0,0,0,0,0,0,0
ENSMUSG00000115534,Gm7508,1,1,1,2,1,0,3,0,0,1,0,0
ENSMUSG00000115707,Gm2267,0,0,0,0,0,0,0,0,0,0,0,0
ENSMUSG00000022483,Col2a1,2,0,3,2,1,1,2,1,1,2,1,1
ENSMUSG00000033075,Senp1,1829,1989,1621,1528,2011,1279,1449,1866,1833,1669,1993,1737
ENSMUSG00000088325,Gm25668,0,0,0,0,0,0,0,0,0,0,0,0
ENSMUSG00000033065,Pfkm,123,99,98,112,122,51,130,147,119,116,111,131
ENSMUSG00000097150,Gm26513,5,4,7,8,14,1,3,5,9,3,10,7
ENSMUSG00000048175,Asb8,412,494,323,351,391,188,372,387,354,359,337,340
ENSMUSG00000029875,Ccdc184,84,107,148,170,184,93,129,155,105,84,66,72
ENSMUSG00000075427,Olfr288,0,0,0,0,0,0,0,0,0,0,0,0
ENSMUSG00000108748,Gm44579,0,0,0,0,0,0,0,0,0,0,0,0
ENSMUSG00000090129,Olfr287,0,0,0,0,0,0,0,0,0,0,0,0
ENSMUSG00000059460,Olfr286,0,0,0,0,0,0,0,0,0,0,0,0
ENSMUSG00000048077,H1f7,0,0,0,0,0,0,0,0,0,0,0,0
ENSMUSG00000022987,Zfp641,0,0,0,3,0,0,0,0,0,0,0,2
ENSMUSG00000062037,Olfr285,0,0,0,0,0,0,0,0,0,0,0,0
ENSMUSG00000051793,Olfr284,0,0,0,0,0,0,0,0,0,0,0,0
ENSMUSG00000056184,Olfr283,0,0,0,0,0,4,1,0,0,0,0,0
ENSMUSG00000116514,Gm49443,0,0,0,0,0,0,0,0,0,0,0,0
ENSMUSG00000022311,Csmd3,0,0,0,0,2,1,0,0,0,0,1,0
ENSMUSG00000089828,Gm16300,0,0,0,0,0,0,0,0,0,0,0,0
ENSMUSG00000077752,Gm23530,0,0,0,0,0,0,0,0,0,0,0,0
ENSMUSG00000065742,Gm25007,0,0,0,0,0,0,0,0,0,0,0,0
ENSMUSG00000115700,Gm7517,1,2,0,2,0,0,1,1,1,3,1,0
ENSMUSG00000115462,Gm49185,0,0,0,0,0,0,0,0,0,0,0,0
ENSMUSG00000089314,Gm23185,0,0,0,0,0,0,0,0,0,0,0,0
ENSMUSG00000114976,Gm2333,0,0,0,0,0,0,0,0,0,0,0,0
ENSMUSG00000115775,Gm41318,0,0,0,0,0,0,0,0,0,0,0,0
ENSMUSG00000065760,Gm23848,0,0,0,0,0,0,0,0,0,0,0,0
ENSMUSG00000115446,Gm49186,0,0,0,0,0,0,0,0,0,0,0,0
ENSMUSG00000115478,Gm49198,0,0,0,0,0,0,0,0,0,0,0,0
ENSMUSG00000099353,1700031M16Rik,0,0,0,0,0,0,0,0,0,0,0,0
ENSMUSG00000063780,Olfr282,0,0,0,0,0,0,1,0,0,0,0,0
ENSMUSG00000115964,Gm6979,0,0,0,0,0,0,0,0,0,0,0,0
ENSMUSG00000032987,Olfr281,0,0,1,0,0,0,2,0,0,0,0,0
ENSMUSG00000108728,OR5BS1P,0,0,0,0,0,0,0,0,0,0,0,0
ENSMUSG00000022991,Lalba,0,0,0,1,0,0,1,0,0,0,0,0
ENSMUSG00000054036,Olfr279,0,0,0,0,0,0,0,0,0,0,0,0
ENSMUSG00000108805,Olfr278-ps1,0,0,0,0,0,0,0,0,0,0,0,0
ENSMUSG00000038679,Trps1,906,903,942,823,992,804,609,928,930,879,962,1013
ENSMUSG00000084458,Mir1907,2,2,0,2,1,2,0,5,1,3,0,0
ENSMUSG00000115339,Gm48913,0,0,0,0,0,0,0,0,0,0,0,0
ENSMUSG00000115654,Gm19303,0,0,0,0,0,0,0,0,0,0,0,0
ENSMUSG00000115513,Gm2361,0,0,0,0,0,0,0,0,0,0,0,0
ENSMUSG00000115563,Gm34562,0,0,0,0,0,0,0,0,0,0,0,0
ENSMUSG00000022312,Eif3h,6370,7615,5685,6386,5935,4065,5953,6366,7031,6358,5711,5112
ENSMUSG00000022313,Utp23,1108,1183,997,1000,927,472,940,961,1085,983,916,844
ENSMUSG00000115284,Gm34678,1,1,1,0,1,2,2,1,2,1,0,3
ENSMUSG00000115616,Gm48923,0,0,0,0,0,0,0,0,0,0,0,0
ENSMUSG00000022314,Rad21,4483,4493,3951,3985,5458,4085,4174,5167,4240,3885,5289,4741
ENSMUSG00000115068,Gm48926,0,0,0,0,0,0,0,0,0,0,0,0
ENSMUSG00000115238,Gm19236,0,0,0,1,0,0,0,0,0,0,0,0
ENSMUSG00000068522,Aard,1,2,0,0,2,0,0,0,2,0,1,1
ENSMUSG00000115457,Gm2387,0,3,0,2,1,1,1,0,0,0,0,2
ENSMUSG00000115738,Gm7543,1,0,0,0,0,0,0,0,0,0,0,0
ENSMUSG00000022315,Slc30a8,0,0,0,0,0,0,0,0,0,0,0,0
ENSMUSG00000115241,Gm41322,0,0,0,0,0,0,0,0,0,0,0,0
ENSMUSG00000057262,Gm10020,0,1,3,0,0,0,0,0,1,0,0,0
ENSMUSG00000088830,Gm23545,0,0,0,0,0,0,0,0,0,0,0,0
ENSMUSG00000118700,#N/A,0,0,0,0,0,0,0,0,0,0,0,0
ENSMUSG00000022992,Kansl2,343,360,307,342,335,121,308,356,376,314,286,320
ENSMUSG00000038622,Med30,698,855,663,726,886,707,774,762,798,685,736,684
ENSMUSG00000115137,Gm34794,0,1,0,1,0,3,1,0,3,0,0,1
ENSMUSG00002076288,#N/A,0,2,4,2,1,2,2,1,0,0,3,5
ENSMUSG00000106463,Mir1291,2,1,3,2,4,0,1,3,2,10,8,2
ENSMUSG00000065939,Snora2b,8,2,5,3,3,0,0,8,12,4,0,7
ENSMUSG00000061731,Ext1,1193,1325,1096,1072,871,419,818,939,944,893,671,549
ENSMUSG00000087805,Gm27926,0,0,0,0,0,0,0,0,0,0,0,0
ENSMUSG00000058656,Samd12,0,0,1,0,3,14,0,0,1,0,1,0
ENSMUSG00000077567,Gm23200,0,0,0,0,0,0,0,0,0,0,0,0
ENSMUSG00000104794,Mir28c,0,0,0,0,0,0,0,0,0,0,0,0
ENSMUSG00000115761,1700015H07Rik,0,0,0,0,0,0,0,0,0,0,0,0
ENSMUSG00000011960,Ccnt1,3423,3652,2996,2897,3172,2277,2271,2881,3153,2969,3529,3289
ENSMUSG00000072584,Gm7489,0,0,0,0,0,0,0,0,0,0,0,0
ENSMUSG00000091050,9330020H09Rik,55,71,43,63,73,28,77,66,51,48,64,74
ENSMUSG00000097938,Gm26933,0,0,0,0,0,0,0,0,0,0,0,0
ENSMUSG00000022993,4930415O20Rik,0,1,0,0,0,0,1,0,1,1,0,0
ENSMUSG00000063727,Tnfrsf11b,68,62,100,92,33,24,53,57,76,59,41,38
ENSMUSG00000115327,Gm7566,0,0,0,0,0,0,0,0,0,0,0,0
ENSMUSG00000050978,Gm5215,0,0,0,0,0,0,0,1,0,1,0,0
ENSMUSG00000038591,Colec10,0,0,0,0,0,0,0,0,0,0,0,0
ENSMUSG00000115211,Gm18152,0,0,0,0,0,1,0,0,0,1,0,0
ENSMUSG00000115477,Gm20070,0,0,0,0,0,0,0,0,0,0,0,0
ENSMUSG00000024479,Mal2,0,0,2,0,0,0,0,0,0,0,1,0
ENSMUSG00000037362,Ccn3,40,53,70,95,46,20,50,62,56,37,28,16
ENSMUSG00000098237,Gm7577,0,0,1,0,0,0,0,0,0,0,0,0
ENSMUSG00000022994,Adcy6,293,269,356,327,506,194,418,494,301,270,405,399
ENSMUSG00000100220,Gm29331,0,0,0,0,0,0,0,0,0,0,0,0
ENSMUSG00000003352,Cacnb3,66,102,121,123,112,37,145,163,85,99,47,60
ENSMUSG00000003360,Ddx23,4135,4243,3324,3468,3314,1945,2969,3485,3906,3390,3639,3249
ENSMUSG00000054855,Rnd1,56,55,65,57,65,25,38,66,46,48,82,63
ENSMUSG00000116482,Gm34152,0,0,0,0,1,1,0,0,0,0,0,0
ENSMUSG00000003354,Ccdc65,0,0,0,0,0,0,0,0,0,0,0,0
ENSMUSG00000003355,Fkbp11,101,124,97,114,135,47,101,87,87,75,135,109
ENSMUSG00000051853,Arf3,7350,8362,5751,5896,6077,3223,5318,6460,7382,6685,5668,5074
ENSMUSG00000022996,Wnt10b,630,617,395,415,349,149,298,322,504,456,299,311
ENSMUSG00000022997,Wnt1,23,21,14,14,12,11,12,6,18,26,12,5
ENSMUSG00000059213,Ddn,182,178,79,72,133,38,56,72,205,173,291,240
ENSMUSG00000097414,B130046B21Rik,79,53,44,26,63,34,17,31,70,76,98,80
ENSMUSG00000067713,Prkag1,559,613,406,490,548,220,513,529,524,428,548,508
ENSMUSG00000022425,Enpp2,12,14,17,16,2,6,7,13,10,9,6,6
ENSMUSG00000097286,Gm26684,0,0,0,0,1,8,2,1,0,0,1,0
ENSMUSG00000115245,4930478E11Rik,0,0,0,0,0,0,0,0,0,0,0,0
ENSMUSG00000114990,Gm49036,0,0,0,0,0,0,0,0,0,0,0,0
ENSMUSG00000037343,Taf2,1936,2113,1571,1579,1787,1198,1181,1705,1657,1613,1815,1613
ENSMUSG00000022422,Dscc1,81,78,83,64,96,83,81,107,81,69,125,65
ENSMUSG00000115657,Gm41325,0,0,0,0,0,3,0,0,0,0,0,0
ENSMUSG00000053749,Gm9920,0,0,0,0,0,0,0,0,0,0,0,0
ENSMUSG00000048154,Kmt2d,11081,10239,9039,7922,7613,4637,5078,9919,8299,8356,9209,8845
ENSMUSG00000115980,Gm49437,0,0,0,0,0,0,0,0,0,0,0,0
ENSMUSG00000116506,5730414N17Rik,19,9,12,11,10,10,7,11,8,10,15,10
ENSMUSG00000022419,Deptor,2,1,7,4,4,19,11,7,7,5,11,2
ENSMUSG00000119555,#N/A,0,0,0,0,0,0,0,0,0,0,0,0
ENSMUSG00000023755,Rhebl1,124,143,129,135,139,51,163,138,131,140,160,151
ENSMUSG00000023000,Dhh,1,1,0,4,1,3,2,1,2,0,1,3
ENSMUSG00000116033,Gm49442,5,1,2,2,1,0,3,4,0,0,1,0
ENSMUSG00000022999,Lmbr1l,226,272,210,220,162,67,243,221,228,211,193,216
ENSMUSG00000023004,Tuba1b,478,721,482,562,825,85,746,468,562,458,509,525
ENSMUSG00000116358,Gm49450,0,0,0,0,0,0,0,0,0,0,0,0
ENSMUSG00000116223,Gm41396,2,0,0,3,1,0,0,3,1,0,0,0
ENSMUSG00000116494,Gm49449,2,0,1,0,0,1,0,1,2,0,0,1
ENSMUSG00000072235,Tuba1a,61,72,55,73,60,30,93,61,52,35,55,66
ENSMUSG00000097587,4930578M01Rik,3,1,3,1,4,0,1,3,2,1,5,5
ENSMUSG00000064081,Gm8973,2,0,0,0,1,1,2,2,0,1,1,1
ENSMUSG00000043091,Tuba1c,797,825,615,681,823,242,854,710,605,506,647,641
ENSMUSG00000023484,Prph,9,8,9,6,2,3,7,9,7,5,3,10
ENSMUSG00000116371,Gm34284,0,0,0,0,1,1,1,0,0,0,0,0
ENSMUSG00000032783,Troap,312,313,317,353,539,241,413,488,294,312,481,428
ENSMUSG00000098698,Mir6960,1,1,0,0,0,0,0,1,0,2,0,0
ENSMUSG00000001076,C1ql4,0,0,0,0,0,0,0,0,0,0,0,0
ENSMUSG00000038009,Dnajc22,0,3,1,4,1,1,2,1,0,0,1,0
ENSMUSG00000022371,Col14a1,0,0,0,0,0,1,0,0,0,0,0,0
ENSMUSG00000101568,1700040F17Rik,0,0,0,0,0,0,0,0,0,0,0,0
ENSMUSG00000115759,Gm18787,0,0,0,0,0,0,0,0,0,0,0,0
ENSMUSG00000115414,Gm49257,0,0,0,0,0,0,0,0,0,0,0,0
ENSMUSG00000022370,Mrpl13,689,824,662,694,882,590,829,818,834,713,780,709
ENSMUSG00000051934,Spats2,91,117,56,58,68,44,52,88,70,80,137,115
ENSMUSG00000088377,Gm25183,0,0,0,0,0,0,0,0,0,0,0,0
ENSMUSG00002076781,#N/A,0,0,0,0,0,0,0,0,0,0,0,0
ENSMUSG00000037579,Kcnh3,3,1,0,3,2,3,0,3,0,1,0,0
ENSMUSG00000037570,Mcrs1,362,458,333,366,339,91,332,348,359,327,265,263
ENSMUSG00000100599,1700120C14Rik,2,4,5,4,5,2,5,4,7,5,7,2
ENSMUSG00000116241,Gm49458,0,0,0,0,0,0,0,0,0,0,0,0
ENSMUSG00000093139,Gm25999,0,0,0,0,0,0,0,0,0,0,0,0
ENSMUSG00000078907,Fam186b,0,0,0,0,0,0,0,0,0,0,1,0
ENSMUSG00000023007,Prpf40b,164,160,109,131,149,83,99,113,157,141,239,213
ENSMUSG00000023008,Fmnl3,1085,1182,601,671,874,406,591,691,861,922,921,913
ENSMUSG00000115877,Gm49478,0,0,1,0,0,0,0,0,1,0,0,1
ENSMUSG00000119078,#N/A,0,0,0,1,0,1,0,0,0,0,1,0
ENSMUSG00000023010,Tmbim6,6190,7522,5609,6091,5494,2593,6505,6709,6179,5624,4917,4481
ENSMUSG00000116039,Gm49483,0,0,1,0,0,0,0,0,0,0,0,0
ENSMUSG00000023009,Nckap5l,275,301,204,199,197,71,163,232,217,234,257,272
ENSMUSG00000089968,Nckap5los,0,0,0,0,0,0,0,0,0,0,0,0
ENSMUSG00000116249,Gm49484,0,0,0,0,0,4,0,0,0,0,0,0
ENSMUSG00000037525,Bcdin3d,245,226,166,175,178,100,165,166,209,187,197,211
ENSMUSG00000115863,Gm49485,0,0,0,0,0,0,0,0,0,0,0,0
ENSMUSG00000023011,Faim2,0,0,0,0,0,0,0,0,0,0,0,0
ENSMUSG00000096448,Gm5808,0,0,0,0,0,1,0,0,1,0,0,0
ENSMUSG00000023013,Aqp2,0,0,0,0,0,0,0,0,0,0,0,0
ENSMUSG00000044217,Aqp5,0,0,0,0,0,0,0,0,0,0,0,0
ENSMUSG00000043144,Aqp6,0,0,0,0,0,1,0,0,0,0,0,0
ENSMUSG00000023015,Racgap1,796,817,854,787,1506,954,1061,1256,784,726,1251,1164
ENSMUSG00000023017,Asic1,0,0,0,0,0,3,0,0,1,0,0,0
ENSMUSG00000023018,Smarcd1,1880,1913,1373,1394,1467,656,1352,1734,1700,1581,1580,1437
ENSMUSG00000091604,Gm17349,7,10,2,5,2,1,4,3,8,9,7,3
ENSMUSG00000116250,Gm34939,0,1,0,0,2,0,0,2,2,0,1,0
ENSMUSG00000115938,Gm17241,0,0,0,0,1,0,0,0,2,0,0,0
ENSMUSG00000089671,Gm16537,0,1,2,0,0,0,1,0,0,0,0,0
ENSMUSG00000023019,Gpd1,21,37,32,23,23,8,18,12,20,10,8,11
ENSMUSG00000023020,Cox14,256,307,224,271,264,67,296,263,268,221,264,275
ENSMUSG00000023021,Cers5,1601,1774,1315,1425,1426,676,1428,1467,1616,1524,1487,1372
ENSMUSG00000090406,Gm17058,0,0,0,0,0,1,0,0,0,0,0,0
ENSMUSG00000022558,Mroh1,177,210,150,156,122,41,160,189,164,142,105,128
ENSMUSG00000023022,Lima1,11,18,16,14,13,7,6,8,15,10,10,10
ENSMUSG00000022557,Bop1,5261,5860,4375,4664,4515,1574,3945,4384,5422,4865,4829,4636
ENSMUSG00000065643,Gm25897,0,0,0,0,0,0,0,0,0,0,0,0
ENSMUSG00000092014,Gm4468,0,0,0,0,0,0,0,0,0,0,0,0
ENSMUSG00000090500,Gm17057,0,0,0,0,0,0,0,0,0,0,0,0
ENSMUSG00000116518,Gm49494,0,0,0,0,0,1,1,1,0,1,0,0
ENSMUSG00000034161,Scx,0,1,0,0,0,0,2,0,1,0,0,2
ENSMUSG00000115856,Gm18095,0,0,0,0,0,0,0,0,0,0,0,0
ENSMUSG00000116478,Gm18890,0,0,0,0,0,0,0,0,0,0,0,0
ENSMUSG00000037438,Uqcrh-ps1,0,2,0,0,0,1,0,3,1,1,1,1
ENSMUSG00000116141,Gm49495,0,0,0,0,0,2,0,0,0,0,0,0
ENSMUSG00000116255,Gm20564,2,0,0,0,2,0,2,0,0,0,0,0
ENSMUSG00000045350,Fam186a,0,0,0,0,0,1,0,0,0,0,0,0
ENSMUSG00000096111,Gm21917,0,0,0,0,0,0,0,0,0,0,0,0
ENSMUSG00002076514,#N/A,0,0,0,0,0,0,0,0,0,0,0,0
ENSMUSG00000023025,Larp4,4074,4174,3768,3686,3843,2976,2696,4008,3849,3918,4284,4091
ENSMUSG00000100084,2310068J16Rik,1,4,4,4,16,4,5,6,8,6,5,2
ENSMUSG00000022556,Hsf1,1892,1972,1635,1613,1685,817,1540,1669,1786,1690,1695,1672
ENSMUSG00000022555,Dgat1,309,348,396,427,310,113,362,392,327,230,281,275
ENSMUSG00000048385,Scrt1,2,1,5,2,1,0,0,2,3,1,1,4
ENSMUSG00000116234,Gm49550,0,1,0,0,0,0,0,0,0,0,0,0
ENSMUSG00000116376,Tmem249,1,2,2,0,1,1,2,1,2,1,0,3
ENSMUSG00000022559,Fbxl6,1155,1268,979,1054,1219,271,1008,929,1186,994,1161,1179
ENSMUSG00000022560,Slc52a2,906,995,766,779,855,269,712,681,910,799,816,804
ENSMUSG00000023026,Dip2b,2536,2733,2424,2303,2619,1359,1635,2294,2402,2318,2004,2033
ENSMUSG00000116021,Gm49474,1,2,0,0,1,0,0,0,0,0,0,1
ENSMUSG00000116311,4930478M13Rik,0,0,0,0,0,0,0,0,0,0,0,0
ENSMUSG00000116366,Gm49475,0,0,0,0,0,0,0,0,0,0,0,0
ENSMUSG00000023027,Atf1,1591,1532,1326,1204,1264,1122,1217,1394,1518,1337,1513,1315
ENSMUSG00000045631,Tmprss12,0,0,0,0,0,0,0,0,0,0,0,0
ENSMUSG00000116182,Gm33666,0,0,0,0,2,0,0,0,0,1,2,0
ENSMUSG00000054619,Mettl7a1,5,0,2,2,4,2,8,8,4,6,4,7
ENSMUSG00000058057,Mettl7a3,0,0,0,0,0,1,0,0,0,0,0,0
ENSMUSG00000093789,Methig1,0,0,0,0,0,0,0,0,0,0,0,1
ENSMUSG00000022550,Adck5,434,540,402,434,441,123,390,380,452,428,481,461
ENSMUSG00000056487,Mettl7a2,0,0,0,0,0,0,0,0,0,0,0,0
ENSMUSG00000116238,Gm49413,17,16,6,5,18,4,11,10,10,20,18,26
ENSMUSG00000116145,5730521K06Rik,12,24,16,9,15,8,13,10,14,24,10,12
ENSMUSG00000093550,Higd1c,0,0,0,0,0,0,0,0,0,0,0,0
ENSMUSG00000034022,Cpsf1,3590,3925,3404,3239,3403,1409,2748,3214,3541,3223,3385,3336
ENSMUSG00000023030,Slc11a2,589,652,553,517,565,212,439,576,568,463,514,523
ENSMUSG00000087444,Gm5475,1,0,0,1,0,1,0,0,0,0,0,0
ENSMUSG00002076914,#N/A,0,0,0,0,0,0,0,0,0,0,0,0
ENSMUSG00000097827,5330439K02Rik,3,8,6,6,12,2,5,4,8,12,9,11
ENSMUSG00000063354,Slc39a4,412,466,376,381,463,137,449,510,419,379,313,284
ENSMUSG00000115987,Vps28,955,1133,842,1091,952,530,1157,1126,1025,865,888,893
ENSMUSG00000037353,Letmd1,728,752,548,590,743,334,541,622,696,641,902,792
ENSMUSG00000044636,Csrnp2,175,156,160,153,215,71,124,169,168,160,191,190
ENSMUSG00000059323,Tonsl,267,304,302,289,380,175,293,405,263,246,395,336
ENSMUSG00000053929,Cyhr1,1283,1273,1050,1068,1115,440,1023,1113,1249,1094,996,994
ENSMUSG00000004187,Kifc2,16,16,10,16,14,7,8,10,12,15,19,13
ENSMUSG00000009733,Tfcp2,161,135,108,117,102,80,118,128,117,152,150,157
ENSMUSG00000033837,Foxh1,0,0,0,0,0,0,0,0,0,0,0,0
ENSMUSG00000033819,Ppp1r16a,337,442,279,306,359,83,308,344,354,331,354,352
ENSMUSG00000009739,Pou6f1,75,81,94,78,105,53,55,79,129,95,70,70
ENSMUSG00000022546,Gpt,47,57,47,36,38,13,38,45,32,29,38,40
ENSMUSG00000098620,Gm27209,0,0,0,0,0,1,0,0,0,0,0,0
ENSMUSG00000116180,Gm49492,1,0,0,1,1,2,1,2,0,2,1,0
ENSMUSG00000019080,Mfsd3,60,86,55,59,106,24,56,65,76,61,98,97
ENSMUSG00000116164,1110013H19Rik,3,2,0,0,0,1,0,0,0,1,1,0
ENSMUSG00000097093,C330013E15Rik,3,2,0,2,0,0,3,2,1,0,4,3
ENSMUSG00000000346,Dazap2,3607,4338,3350,3441,2895,2048,3883,3869,3865,3448,2897,2428
ENSMUSG00000053559,Smagp,2,3,2,0,2,2,1,1,1,1,2,1
ENSMUSG00000033762,Recql4,334,335,398,384,526,189,400,504,310,259,407,447
ENSMUSG00000033728,Lrrc14,792,946,588,704,712,196,655,575,814,711,631,664
ENSMUSG00000098112,Bin2,1654,1652,1179,1103,1175,768,1200,1281,1458,1311,1575,1343
ENSMUSG00000098527,Mir6961,0,0,0,0,0,0,0,0,0,0,0,0
ENSMUSG00000033707,Lrrc24,14,16,11,9,12,1,5,6,12,11,7,10
ENSMUSG00000116138,C030006K11Rik,283,235,209,219,254,77,204,185,276,243,291,246
ENSMUSG00000023031,Cela1,11,11,7,5,3,6,15,6,9,6,9,4
ENSMUSG00000037280,Galnt6,1094,1124,857,851,1053,524,847,991,986,895,1222,1118
ENSMUSG00000090062,Galnt6os,1,0,0,0,0,0,1,0,0,2,0,0
ENSMUSG00000116504,I730030J21Rik,46,75,57,73,87,59,84,77,46,46,76,84
ENSMUSG00000033697,Arhgap39,534,559,442,389,514,255,378,495,534,447,558,562
ENSMUSG00000090429,Gm17271,0,0,0,0,0,0,0,0,0,0,0,0
ENSMUSG00000022526,Zfp251,824,774,531,570,659,326,451,617,653,637,729,702
ENSMUSG00000033669,Zfp7,395,424,328,305,336,270,316,376,338,378,429,392
ENSMUSG00000116024,Gm49527,0,0,0,0,0,0,0,0,0,0,0,0
ENSMUSG00000055041,Commd5,4,5,1,2,1,1,1,5,2,4,6,3
ENSMUSG00000003970,Rpl8,37093,44345,33944,37426,36200,12853,36985,36827,40732,35554,32949,31170
ENSMUSG00000023032,Slc4a8,55,48,41,63,42,26,52,70,49,43,74,60
ENSMUSG00000054967,Zfp647,34,24,32,23,28,12,12,17,23,32,31,32
ENSMUSG00000115912,Gm35569,0,0,0,0,0,0,0,0,0,0,0,0
ENSMUSG00000115920,Gm18283,0,0,0,0,0,0,0,0,0,0,0,0
ENSMUSG00000063236,1110038F14Rik,675,778,605,619,657,312,718,724,706,652,609,575
ENSMUSG00000116339,Gm35933,0,0,0,0,0,0,0,0,0,0,0,0
ENSMUSG00000116272,Gm49540,0,0,0,0,0,0,0,0,0,0,0,0
ENSMUSG00000018893,Mb,0,0,0,0,0,0,0,0,0,0,0,0
ENSMUSG00000033576,Apol6,0,0,0,0,0,1,0,0,0,0,0,0
ENSMUSG00000119572,#N/A,0,0,0,0,0,0,0,0,0,0,0,0
ENSMUSG00000033565,Rbfox2,12,2,4,7,8,6,3,4,7,8,6,4
ENSMUSG00000097267,1700109K24Rik,0,0,0,0,0,0,0,0,0,0,0,0
ENSMUSG00000116298,4833412C15Rik,0,0,0,0,0,0,0,1,0,0,0,0
ENSMUSG00000116185,Gm49411,0,0,0,0,0,0,0,0,0,0,0,0
ENSMUSG00000089242,Gm24056,0,0,0,0,0,0,0,0,0,0,0,0
ENSMUSG00000116413,Gm49436,0,0,0,0,0,0,0,0,0,0,0,0
ENSMUSG00000116284,Gm3787,0,0,1,0,0,0,0,1,0,0,0,1
ENSMUSG00000010601,Apol7a,0,0,0,0,0,0,0,0,0,0,0,0
ENSMUSG00000093458,Gm20688,0,0,0,0,0,0,0,0,0,0,0,0
ENSMUSG00000023033,Scn8a,1,2,0,1,0,1,0,1,0,2,0,1
ENSMUSG00000057346,Apol9a,0,1,0,0,0,0,0,0,0,0,0,0
ENSMUSG00000068252,Apol7b,0,0,0,0,0,0,0,0,1,0,0,0
ENSMUSG00000086467,4930571N24Rik,0,0,0,0,0,0,0,0,0,0,0,0
ENSMUSG00000113558,Tmdd1,0,0,0,0,0,0,0,0,0,0,0,0
ENSMUSG00000082233,Gm6506,1,2,1,0,0,0,2,0,0,3,1,3
ENSMUSG00000116292,Gm49551,0,0,0,0,0,0,0,0,0,0,0,0
ENSMUSG00000095440,Fignl2,0,0,0,0,0,1,0,0,0,1,0,0
ENSMUSG00000050982,Apol10a,0,0,0,0,0,0,0,0,0,0,0,0
ENSMUSG00000091650,Apol11a,0,0,0,0,1,0,0,0,0,0,0,0
ENSMUSG00000044309,Apol7c,4,2,0,0,0,2,0,0,0,0,3,0
ENSMUSG00000101113,1700025B11Rik,0,0,0,0,0,0,0,0,0,0,0,0
ENSMUSG00000047034,Ankrd33,0,0,0,0,0,0,0,0,0,0,0,0
ENSMUSG00000050014,Apol10b,2,3,8,7,10,7,2,2,3,2,6,1
ENSMUSG00000116079,Gm36245,0,0,0,0,0,0,0,0,0,0,0,0
ENSMUSG00000095704,Gm8221,0,0,1,0,0,0,0,0,0,1,0,0
ENSMUSG00000091694,Apol11b,0,0,0,0,0,0,0,0,0,0,0,0
ENSMUSG00000116383,Apol10c-ps,0,0,0,0,0,0,0,0,0,0,0,0
ENSMUSG00000116356,Gm49407,0,0,0,0,0,0,0,0,0,0,0,0
ENSMUSG00000071716,Apol7e,52,47,42,36,20,13,25,43,39,50,37,35
ENSMUSG00000115926,Gm8233,3,1,2,1,1,0,1,0,1,2,1,0
ENSMUSG00000116438,Gm18911,4,3,6,6,6,5,2,2,6,2,4,9
ENSMUSG00000116162,Gm36329,0,0,0,0,0,0,0,0,0,0,0,0
ENSMUSG00000068246,Apol9b,1,1,0,0,1,0,0,0,2,0,0,1
ENSMUSG00000115979,Gm49410,0,0,0,0,0,0,0,0,0,0,0,0
ENSMUSG00000056656,Apol8,2,5,4,3,1,1,4,3,6,0,3,1
ENSMUSG00000000530,Acvrl1,61,80,103,113,15,6,130,159,73,57,10,11
ENSMUSG00000087690,Gm16031,0,0,0,0,0,0,0,0,0,0,0,0
ENSMUSG00000000532,Acvr1b,180,221,131,149,174,92,146,185,192,186,220,219
ENSMUSG00000106563,Mir6962,0,0,0,0,0,0,0,0,0,0,0,0
ENSMUSG00000097915,A330009N23Rik,10,11,9,9,19,4,6,12,14,13,13,15
ENSMUSG00000115944,AU021063,0,0,0,0,0,0,0,1,0,0,0,0
ENSMUSG00000022443,Myh9,14811,15005,10563,10517,9654,6131,8038,12402,11647,11158,10856,9414
ENSMUSG00000000531,Grasp,526,586,472,515,481,229,435,462,628,576,393,395
ENSMUSG00000084497,Gm22107,4,7,0,3,2,1,2,3,2,1,0,6
ENSMUSG00000023034,Nr4a1,6454,6746,9638,9878,11461,5274,8133,8893,8876,8027,5958,5793
ENSMUSG00000005354,Txn2,3996,4203,2894,2962,3193,1626,3002,2800,3976,3411,3720,3574
ENSMUSG00000037204,Atg101,385,371,379,405,368,126,397,387,406,309,286,282
ENSMUSG00000075408,Smim41,2,2,3,3,1,1,1,2,3,0,2,1
ENSMUSG00000116395,Gm49499,0,0,0,0,0,0,0,1,0,0,0,0
ENSMUSG00000116114,Gm35853,0,0,0,0,0,0,0,0,0,0,0,0
ENSMUSG00000016552,Foxred2,1272,1300,1012,1007,1082,498,890,992,1189,1093,1341,1272
ENSMUSG00000037185,Krt80,0,0,0,0,0,0,0,0,0,0,0,0
ENSMUSG00000088459,Mir1941,0,0,0,0,0,0,0,0,0,0,0,0
ENSMUSG00000116116,Gm671,0,0,0,0,0,0,0,0,0,0,0,0
ENSMUSG00000116030,Gm49500,0,0,0,0,0,0,0,0,0,0,0,0
ENSMUSG00000016554,Eif3d,11381,12810,9487,10005,10456,5714,9120,10288,11636,10345,10427,9371
ENSMUSG00000097057,Gm17638,9,14,7,14,24,11,20,10,20,13,10,21
ENSMUSG00000019146,Cacng2,0,0,0,0,0,2,0,0,0,0,0,0
ENSMUSG00000092375,A730060N03Rik,0,0,0,0,0,0,0,0,0,0,0,0
ENSMUSG00000023039,Krt7,0,0,0,1,0,0,0,0,0,0,0,0
ENSMUSG00000016637,Ift27,129,116,92,87,144,48,104,123,90,66,140,132
ENSMUSG00000116697,Gm49694,0,0,0,0,1,2,1,1,0,0,0,0
ENSMUSG00000047641,Krt87,0,0,0,0,0,0,3,0,0,1,0,0
ENSMUSG00000005716,Pvalb,0,0,0,0,0,0,0,0,0,0,0,0
ENSMUSG00000063971,Krt88,0,0,0,0,0,0,0,0,0,0,0,0
ENSMUSG00000067615,Krt81,0,0,0,0,0,0,0,0,0,0,0,0
ENSMUSG00000071715,Ncf4,918,953,782,808,805,369,720,693,859,802,771,753
ENSMUSG00000071714,Csf2rb2,8,1,7,4,1,0,1,6,4,3,2,1
ENSMUSG00000119242,#N/A,0,0,0,0,0,0,0,0,0,0,0,0
ENSMUSG00000022986,Krt75,0,0,0,0,1,0,0,0,0,0,0,0
ENSMUSG00000115983,Gm5476,0,0,0,0,0,0,0,0,0,0,0,0
ENSMUSG00000116129,Gm5477,0,0,0,0,0,0,0,0,0,0,0,0
ENSMUSG00000115860,Gm49426,0,0,0,0,0,0,0,0,0,0,0,0
ENSMUSG00000064232,Gm5414,0,0,0,0,0,0,0,0,0,0,0,0
ENSMUSG00000115903,Gm17851,0,0,0,0,0,0,0,0,0,0,0,0
ENSMUSG00000095241,Gm5478,0,0,0,0,0,0,0,0,0,0,0,0
ENSMUSG00002075440,#N/A,0,0,0,0,0,0,0,0,0,0,0,0
ENSMUSG00000118545,AC120787.1,0,0,0,0,0,0,0,0,0,0,0,0
ENSMUSG00000071713,Csf2rb,4,2,5,5,2,2,4,1,3,4,7,2
ENSMUSG00000023041,Krt6b,0,0,0,0,0,0,0,0,0,0,0,0
ENSMUSG00002075844,#N/A,0,0,0,0,0,0,0,0,0,0,0,0
ENSMUSG00000119810,#N/A,0,0,0,0,0,0,0,0,0,0,0,0
ENSMUSG00000070235,Gm26329,0,0,0,0,0,0,0,0,0,0,0,0
ENSMUSG00000058354,Krt6a,0,0,0,1,0,0,0,0,0,0,0,0
ENSMUSG00000116132,Gm49428,0,0,0,0,0,0,0,0,0,0,0,0
ENSMUSG00002075978,#N/A,0,0,0,0,0,0,0,0,0,0,0,0
ENSMUSG00000061527,Krt5,0,0,0,0,0,3,0,0,0,0,0,0
ENSMUSG00002076431,#N/A,0,0,0,0,0,1,0,0,0,0,0,0
ENSMUSG00000062154,Tex33,0,0,0,0,1,0,0,0,0,0,0,0
ENSMUSG00000116445,Gm49481,0,0,0,0,0,0,0,0,0,0,0,0
ENSMUSG00000051879,Krt71,0,0,0,0,0,0,0,0,0,0,0,0
ENSMUSG00000044986,Tst,5,16,8,10,23,3,17,11,11,11,19,22
ENSMUSG00000067596,Krt74,0,0,0,0,0,0,0,0,0,0,0,0
ENSMUSG00000071711,Mpst,146,175,127,178,135,46,199,191,126,122,89,81
ENSMUSG00000056605,Krt72,0,0,0,0,0,0,0,0,0,0,0,0
ENSMUSG00000063661,Krt73,0,0,0,0,0,0,0,0,0,0,0,0
ENSMUSG00000064201,Krt2,0,0,0,0,0,1,0,0,0,0,0,0
ENSMUSG00000046834,Krt1,0,0,0,0,0,1,0,0,0,0,0,0
ENSMUSG00000067594,Krt77,0,0,0,0,1,0,0,0,0,0,0,1
ENSMUSG00000075402,Krt76,0,0,0,0,0,1,0,0,0,0,0,0
ENSMUSG00002076101,#N/A,0,0,0,0,0,0,0,0,0,0,0,0
ENSMUSG00000116194,Gm49434,0,0,0,0,0,0,0,0,0,0,0,0
ENSMUSG00000059668,Krt4,0,0,0,0,0,0,0,0,0,0,0,0
ENSMUSG00000061397,Krt79,0,0,0,0,0,1,0,0,0,0,0,0
ENSMUSG00000050463,Krt78,0,0,1,0,0,0,0,0,0,0,0,0
ENSMUSG00000049382,Krt8,0,0,1,0,0,0,0,0,0,0,0,0
ENSMUSG00000116010,Gm36026,0,0,0,0,0,0,0,0,0,0,0,0
ENSMUSG00000023043,Krt18,16,18,10,6,5,5,5,5,15,9,6,8
ENSMUSG00000058655,Eif4b,19018,19758,15160,15774,16418,11223,13803,17269,18679,17269,18481,16115
ENSMUSG00000116097,Gm36738,5,9,5,11,8,2,15,11,9,14,5,5
ENSMUSG00000018008,Cyth4,2003,1970,1473,1487,1311,549,1362,1697,1620,1436,1372,1229
ENSMUSG00000043460,Elfn2,3,3,1,1,1,1,2,1,2,0,0,1
ENSMUSG00000116260,1700041B01Rik,0,0,0,0,0,0,0,0,0,0,0,0
ENSMUSG00000037003,Tns2,3,4,1,6,3,4,4,8,0,4,2,1
ENSMUSG00000018169,Mfng,2162,2431,1738,1860,1716,375,1711,1799,2128,1936,1527,1486
ENSMUSG00000036966,Spryd3,763,836,539,581,528,203,526,538,721,632,575,568
ENSMUSG00000023046,Igfbp6,1,1,2,0,5,0,3,6,0,2,1,2
ENSMUSG00000023045,Soat2,50,48,88,88,37,8,67,64,44,45,30,22
ENSMUSG00000033170,Card10,87,75,38,51,36,14,18,13,55,33,20,23
ENSMUSG00000116499,Gm7318,0,2,2,1,1,1,1,0,0,0,1,1
ENSMUSG00000049521,Cdc42ep1,1,0,0,1,0,2,0,0,3,0,2,0
ENSMUSG00000043501,Lgals2,0,0,0,0,1,0,0,0,0,0,0,0
ENSMUSG00000097085,Gm26634,0,0,0,0,0,1,0,0,0,0,0,0
ENSMUSG00000033128,Gga1,1563,1568,1145,1152,1239,532,1128,1258,1321,1254,1287,1207
ENSMUSG00000099267,Mir6955,0,1,0,1,0,0,0,1,0,0,0,0
ENSMUSG00000116069,Gm49510,0,0,0,0,0,0,0,1,1,1,0,0
ENSMUSG00000022436,Sh3bp1,340,364,211,173,239,148,340,286,329,268,404,321
ENSMUSG00000084864,1700027A07Rik,0,0,0,0,0,0,0,0,0,0,0,0
ENSMUSG00000116165,Pdxp,487,514,424,419,438,186,522,424,526,423,402,459
ENSMUSG00000068220,Lgals1,7072,8849,6276,7404,7293,3550,7554,7765,6318,5598,6549,5876
ENSMUSG00000033099,Nol12,1540,1712,1286,1448,1327,729,1429,1432,1580,1430,1301,1137
ENSMUSG00000023044,Csad,80,59,64,71,77,37,58,66,60,86,71,92
ENSMUSG00000046897,Zfp740,1290,1402,1109,1150,1348,490,997,1255,1291,1137,1300,1208
ENSMUSG00000001281,Itgb7,4322,5127,3604,4321,2979,1050,3515,4315,3369,3419,2068,2031
ENSMUSG00000001288,Rarg,141,125,108,102,132,51,65,96,126,109,82,91
ENSMUSG00000097050,Gm9918,0,0,0,0,0,6,0,0,0,0,0,0
ENSMUSG00000045665,Mfsd5,1663,1849,1249,1307,1229,340,1303,1328,1605,1435,1079,1102
ENSMUSG00000116091,Gm49479,0,0,3,0,3,1,0,1,0,0,0,0
ENSMUSG00000033088,Triobp,607,617,502,529,671,419,666,728,536,496,611,521
ENSMUSG00000116505,Gm10865,0,0,2,0,0,1,0,0,0,0,0,1
ENSMUSG00000099180,Mir6956,0,0,0,0,0,0,0,0,0,0,0,0
ENSMUSG00000115867,Gm17753,0,0,0,0,0,5,0,0,0,0,0,0
ENSMUSG00000116262,Gm49544,5,4,3,5,8,0,5,7,5,5,9,5
ENSMUSG00000096210,H1f0,865,1040,766,816,870,371,790,868,956,853,736,740
ENSMUSG00000006378,Gcat,38,46,34,41,58,12,81,51,45,51,66,63
ENSMUSG00000058290,Espl1,885,1003,988,1006,1489,566,1129,1386,844,741,1196,1231
ENSMUSG00000116378,Gcat,0,1,0,1,0,0,0,1,0,2,1,3
ENSMUSG00000114755,Galr3,26,16,6,7,12,2,5,8,9,8,23,16
ENSMUSG00000116287,Gm3924,0,0,0,0,0,1,0,0,1,1,0,0
ENSMUSG00000116183,Gm49480,0,0,0,0,0,0,0,0,0,0,0,0
ENSMUSG00000033055,Ankrd54,365,387,314,310,330,130,361,375,360,294,340,298
ENSMUSG00000115887,Gm49471,0,0,0,0,0,0,0,0,0,0,1,0
ENSMUSG00000001289,Pfdn5,1772,1941,1467,1620,1429,1211,1606,1790,1841,1770,1560,1301
ENSMUSG00000033047,Eif3l,8878,10065,7460,7781,8425,4895,7494,7845,8885,8041,8257,7538
ENSMUSG00000092974,Gm25072,0,0,0,0,0,0,0,0,0,0,0,0
ENSMUSG00000001285,Myg1,907,947,751,765,994,415,826,836,870,746,917,880
ENSMUSG00000033039,Micall1,1475,1438,1210,1173,889,477,874,1212,1181,1138,966,930
ENSMUSG00000036678,Aaas,851,869,913,924,1231,687,1073,1183,854,744,1140,1157
ENSMUSG00000033029,1700088E04Rik,3,2,0,0,1,0,0,4,0,1,2,0
ENSMUSG00000116402,Gm36246,0,0,0,0,0,0,0,0,0,0,0,0
ENSMUSG00000060284,Sp7,4,7,12,30,9,3,9,6,3,4,1,0
ENSMUSG00002075874,#N/A,0,0,0,0,0,0,0,0,0,0,0,0
ENSMUSG00000033020,Polr2f,1328,1594,1236,1331,1578,493,1527,1259,1541,1328,1463,1410
ENSMUSG00000001280,Sp1,4491,4563,3864,3686,3840,2441,2780,4022,4149,4063,3862,3607
ENSMUSG00000033006,Sox10,0,0,0,0,0,3,1,0,0,0,0,0
ENSMUSG00000075555,Gm10863,35,33,24,23,27,22,21,25,29,27,24,30
ENSMUSG00000023047,Amhr2,1,1,0,0,2,0,0,0,0,0,0,1
ENSMUSG00000089168,Gm24128,0,0,0,0,0,0,0,0,0,0,0,0
ENSMUSG00000023048,Prr13,769,802,677,781,520,339,760,870,566,562,568,454
ENSMUSG00000068206,Pick1,189,210,137,164,194,82,178,169,202,170,209,184
ENSMUSG00000116121,Gm49486,3,1,0,2,0,1,5,1,1,1,1,1
ENSMUSG00000032988,Slc16a8,0,0,0,0,0,0,0,0,0,0,0,0
ENSMUSG00000091135,Lgals1-ps2,0,0,0,0,0,0,0,0,0,0,0,0
ENSMUSG00000018126,Baiap2l2,2,6,1,2,6,0,1,1,3,1,3,2
ENSMUSG00000042632,Pla2g6,506,562,428,478,429,237,420,444,391,388,464,452
ENSMUSG00000092494,Gm20420,0,0,0,0,0,0,0,0,0,0,0,0
ENSMUSG00000042622,Maff,256,257,212,235,138,61,141,185,220,214,153,141
ENSMUSG00000009035,Tmem184b,1155,1288,919,852,1059,438,888,1093,1038,948,1129,1102
ENSMUSG00000088901,Mir1943,0,4,4,0,0,0,0,1,1,0,0,0
ENSMUSG00000022433,Csnk1e,1258,1393,1002,975,1315,722,1190,1228,1095,1046,1204,1133
ENSMUSG00000085802,Gm16059,1,0,0,0,1,0,0,1,0,1,0,0
ENSMUSG00002076976,#N/A,0,0,0,0,0,0,0,0,0,0,0,0
ENSMUSG00000116081,Gm49593,0,0,0,0,0,0,1,0,0,0,0,0
ENSMUSG00000044216,Kcnj4,0,0,1,0,0,0,0,0,0,0,0,0
ENSMUSG00000116243,Gm49552,0,0,0,0,0,0,0,0,0,0,0,0
ENSMUSG00000010830,Kdelr3,37,33,22,25,23,10,27,26,20,21,19,18
ENSMUSG00000055065,Ddx17,9610,9600,7235,7061,8173,4504,5328,6662,8324,7637,9375,8924
ENSMUSG00000022429,Dmc1,0,0,0,2,0,0,0,0,1,0,0,0
ENSMUSG00002075011,#N/A,0,0,0,0,0,0,0,0,0,0,0,0
ENSMUSG00000056851,Pcbp2,13196,13502,10756,10666,12192,6849,11632,12111,12729,11330,12118,11564
ENSMUSG00000042564,Fam227a,0,0,0,1,0,6,0,0,2,0,2,0
ENSMUSG00002076508,#N/A,0,0,0,0,0,0,0,0,0,0,0,0
ENSMUSG00000022428,Cby1,46,47,35,55,56,32,53,64,49,38,70,57
ENSMUSG00000022427,Tomm22,1890,2202,1778,1695,1863,958,1890,1734,1988,1767,1650,1601
ENSMUSG00000022426,Josd1,1115,1174,965,918,950,405,920,958,1177,969,961,979
ENSMUSG00000116239,Gm49520,2,0,2,1,3,0,2,0,1,5,1,0
ENSMUSG00000042535,Gtpbp1,3238,3276,2548,2513,2616,1207,2671,3027,2845,2629,2429,2439
ENSMUSG00002076066,#N/A,1,1,2,2,1,2,2,3,2,3,3,0
ENSMUSG00000023050,Map3k12,77,92,37,52,42,36,46,67,43,48,72,71
ENSMUSG00000071586,Gm10337,1,0,0,0,0,0,0,1,0,2,2,0
ENSMUSG00000023051,Tarbp2,341,361,319,328,369,119,313,334,337,270,376,390
ENSMUSG00000023052,Npff,5,8,9,9,6,4,10,5,7,10,17,11
ENSMUSG00000052414,Gm28047,0,0,0,0,0,0,0,0,0,0,0,0
ENSMUSG00000042524,Sun2,1118,1349,1019,1072,1193,317,1102,1324,1020,1029,1092,905
ENSMUSG00000089796,Gm16575,0,0,0,1,3,0,0,1,0,0,2,1
ENSMUSG00000087543,Gm16576,16,13,17,12,30,9,14,18,19,8,23,15
ENSMUSG00000022420,Dnal4,125,128,63,68,95,37,101,94,124,84,115,116
ENSMUSG00000022421,Nptxr,56,71,45,44,57,18,42,55,54,29,49,52
ENSMUSG00000089837,Npcd,0,0,0,0,0,0,0,0,0,0,0,0
ENSMUSG00000099083,Atf7,1515,1554,1240,1183,1053,701,995,1301,1198,1174,1129,975
ENSMUSG00000065111,Gm25141,0,0,0,0,0,0,0,0,0,0,0,0
ENSMUSG00000036305,Rpl39-ps,4,0,0,0,0,1,1,1,1,2,4,1
ENSMUSG00000116056,Gm4544,0,0,0,0,0,0,0,0,0,0,0,0
ENSMUSG00000062683,Atp5g2,67,78,59,56,48,71,54,70,59,74,63,66
ENSMUSG00000089715,Cbx6,1371,1389,1143,1053,1314,447,1359,1448,1301,1162,1523,1457
ENSMUSG00000076009,Mir688,0,0,0,0,0,0,0,0,0,0,0,0
ENSMUSG00000115971,Gm10856,0,0,0,0,0,0,0,1,0,0,0,0
ENSMUSG00000116283,Gm49412,0,0,0,0,0,0,0,0,0,0,0,0
ENSMUSG00000115902,AC113595.1,4,9,6,8,17,6,8,9,10,12,7,9
ENSMUSG00000023055,Calcoco1,40,48,33,51,28,31,33,46,51,33,36,27
ENSMUSG00000116263,Gm49473,0,0,0,0,0,0,0,0,0,0,0,0
ENSMUSG00000116500,Gm36560,0,0,0,0,0,0,0,0,0,0,0,0
ENSMUSG00000001655,Hoxc13,0,0,0,0,0,0,0,0,0,0,0,0
ENSMUSG00000050328,Hoxc12,0,0,0,0,0,1,0,0,0,0,0,0
ENSMUSG00000086903,Hotair,0,1,0,0,0,0,0,0,0,0,0,0
ENSMUSG00002075590,#N/A,0,0,0,0,0,0,0,0,0,0,0,0
ENSMUSG00002075846,#N/A,0,0,0,0,0,0,0,0,0,0,0,0
ENSMUSG00002076973,#N/A,0,0,0,0,0,0,0,0,0,0,0,0
ENSMUSG00002076870,#N/A,0,0,0,0,0,0,0,0,0,0,0,0
ENSMUSG00000001656,Hoxc11,0,0,0,0,0,2,0,0,0,0,0,0
ENSMUSG00000022484,Hoxc10,0,0,0,0,0,1,0,0,0,0,0,0
ENSMUSG00000022485,Hoxc5,0,0,1,0,0,0,0,0,0,0,0,0
ENSMUSG00000065488,Mir196a-2,0,0,0,0,0,0,0,0,0,0,0,0
ENSMUSG00000036139,Hoxc9,1,1,3,0,0,5,0,1,0,0,1,1
ENSMUSG00000001657,Hoxc8,0,0,0,0,0,1,2,0,0,0,0,0
ENSMUSG00000001661,Hoxc6,0,0,1,0,0,0,0,0,0,0,1,0
ENSMUSG00000076010,Mir615,0,0,0,0,0,0,0,0,0,0,0,0
ENSMUSG00000009585,Apobec3,2238,2531,2034,2068,2415,1631,2344,2607,2283,1973,2712,2442
ENSMUSG00000075394,Hoxc4,0,0,1,1,3,3,1,0,0,0,0,1
ENSMUSG00000102297,5730585A16Rik,0,0,0,0,0,3,0,0,0,0,1,0
ENSMUSG00000101356,Gm28876,0,0,0,0,0,0,0,0,0,0,0,0
ENSMUSG00000053411,Cbx7,1023,1142,962,1057,1224,480,823,968,1071,934,1164,1072
ENSMUSG00000000489,Pdgfb,4530,4833,3291,3348,3156,1142,2845,2985,3697,3467,2046,2059
ENSMUSG00000099222,Mir7213,1,6,0,3,0,0,0,0,0,1,1,0
ENSMUSG00000116125,Gm41361,6,3,5,2,6,2,1,6,4,8,1,0
ENSMUSG00000060036,Rpl3,4034,4740,3826,3913,3458,1522,3639,4532,3734,3291,3507,2666
ENSMUSG00000077734,Snord83b,76,74,80,71,56,26,54,51,84,59,54,51
ENSMUSG00002075255,#N/A,0,0,0,0,0,0,0,0,0,0,0,0
ENSMUSG00000105167,Snord43,36,47,34,29,21,4,15,31,25,31,15,21
ENSMUSG00000064884,Gm24204,0,0,0,0,0,0,0,0,0,0,0,0
ENSMUSG00000022415,Syngr1,78,101,80,55,73,22,73,69,83,56,85,106
ENSMUSG00000022414,Tab1,470,574,487,491,524,210,463,509,485,449,439,433
ENSMUSG00000042428,Mgat3,19,24,21,15,8,13,7,17,13,16,5,3
ENSMUSG00000115962,4930588D02Rik,0,0,0,0,0,0,0,0,0,0,0,0
ENSMUSG00000116127,Gm8375,0,1,2,1,2,0,0,0,1,0,0,1
ENSMUSG00000022412,Mief1,1605,1717,1442,1455,1534,628,1177,1423,1476,1370,1382,1346
ENSMUSG00000115798,AC140267.1,0,0,0,0,0,0,0,0,0,0,0,0
ENSMUSG00000042406,Atf4,6404,6608,5910,6263,6142,2626,5327,5308,5632,4916,5414,4900
ENSMUSG00000051518,Rps19bp1,917,1137,881,909,901,563,987,882,1012,882,794,768
ENSMUSG00000022416,Cacna1i,0,4,0,0,1,2,2,0,3,0,1,0
ENSMUSG00000115888,Gm31369,0,0,0,0,0,0,0,0,0,1,0,1
ENSMUSG00000050439,Enthd1,46,64,55,58,53,29,38,43,47,30,37,34
ENSMUSG00000088740,Gm23220,0,0,0,1,0,0,0,0,0,0,0,0
ENSMUSG00000116345,Gm19141,0,0,0,0,0,1,0,0,0,0,0,0
ENSMUSG00000042351,Grap2,1345,1426,1218,1085,991,549,1060,1235,1190,1080,1202,1106
ENSMUSG00000116433,Gm49553,30,20,28,19,21,18,15,25,29,23,40,26
ENSMUSG00000098631,Mir6957,1,2,0,0,0,1,0,0,0,0,1,1
ENSMUSG00000022408,Fam83f,4,5,1,4,2,1,4,2,5,3,1,3
ENSMUSG00000116220,A430088P11Rik,0,3,0,1,2,1,0,4,0,0,2,3
ENSMUSG00000047888,Tnrc6b,558,472,549,481,623,399,478,667,489,437,652,598
ENSMUSG00000116480,Gm49512,2,2,1,2,0,1,1,3,2,0,0,1
ENSMUSG00000092868,Mir5113,0,0,0,0,0,0,0,0,0,0,0,0
ENSMUSG00000022407,Adsl,4137,4514,3480,3759,3892,1821,3468,3735,4082,3673,3965,3678
ENSMUSG00000058357,Gm6612,1,2,4,2,2,0,3,0,4,1,1,3
ENSMUSG00000042303,Sgsm3,374,391,239,255,339,159,279,266,351,309,363,324
ENSMUSG00000115976,Gm31462,2,0,1,3,1,0,0,1,1,2,0,0
ENSMUSG00000042292,Mrtfa,823,857,657,648,689,345,675,817,691,629,729,658
ENSMUSG00000064587,Gm25131,0,0,0,0,0,0,0,0,0,0,0,0
ENSMUSG00000116321,Gm49522,1,0,0,0,0,0,0,1,0,0,1,2
ENSMUSG00000047938,4930483J18Rik,0,1,0,1,0,0,0,0,0,1,0,1
ENSMUSG00000116122,Gm49537,0,1,0,1,0,2,1,0,0,0,0,0
ENSMUSG00000050164,Mchr1,0,0,0,0,0,0,0,0,0,0,0,0
ENSMUSG00000115970,8430426J06Rik,1,0,0,0,0,0,0,0,0,1,0,0
ENSMUSG00000022404,Slc25a17,1580,1783,1342,1328,1251,650,1254,1256,1601,1441,1329,1329
ENSMUSG00000022403,St13,5261,5315,4388,4300,4824,4218,4320,4836,5331,4759,6234,5447
ENSMUSG00000022401,Xpnpep3,476,503,374,383,382,188,275,378,464,397,385,390
ENSMUSG00000047108,Dnajb7,0,0,0,0,0,0,0,0,0,0,0,0
ENSMUSG00000091492,Gm17025,0,0,0,0,0,0,0,0,0,0,0,0
ENSMUSG00000022400,Rbx1,765,761,685,699,821,537,874,730,743,576,748,690
ENSMUSG00000115917,Gm49406,0,0,0,0,0,0,0,0,0,0,0,0
ENSMUSG00000091198,Gm5218,0,0,0,0,0,0,0,0,0,0,0,0
ENSMUSG00000103520,1110025M09Rik,12,8,4,4,8,5,13,2,12,8,7,10
ENSMUSG00000055024,Ep300,3530,3403,2740,2564,2589,2181,1912,3104,2911,2765,2867,2500
ENSMUSG00002076492,#N/A,0,0,0,0,0,0,0,0,0,0,0,0
ENSMUSG00000084739,Gm22067,0,0,0,0,0,1,0,0,0,0,0,0
ENSMUSG00000116516,Gm49444,0,0,0,0,0,0,0,0,0,0,0,0
ENSMUSG00000022394,L3mbtl2,1474,1608,1277,1412,1306,504,1225,1542,1432,1212,1286,1173
ENSMUSG00000092325,Gm18284,2,1,2,0,0,0,0,2,0,1,0,0
ENSMUSG00000063765,Chadl,12,21,8,6,12,3,7,5,5,13,9,10
ENSMUSG00000022391,Rangap1,4990,5524,4557,4611,5970,2122,4671,4917,4934,4378,5353,5107
ENSMUSG00000022390,Zc3h7b,4042,4192,3420,3267,3135,1508,2957,3979,3445,3485,3173,2994
ENSMUSG00000097613,Gm17597,0,2,4,1,0,3,2,1,0,1,3,1
ENSMUSG00000022389,Tef,1508,1653,1344,1351,1151,482,1024,1212,1526,1373,1243,1215
ENSMUSG00000069439,Gm8444,1,9,1,3,7,0,2,5,6,6,5,5
ENSMUSG00000048546,Tob2,2899,3054,2303,2282,2659,1248,2041,2477,2566,2307,2680,2420
ENSMUSG00000116075,Gm49476,5,3,0,4,4,4,3,0,6,1,2,5
ENSMUSG00000061360,Phf5a,1358,1677,1398,1443,1599,664,1651,1394,1541,1324,1279,1252
ENSMUSG00000022477,Aco2,3988,4511,3332,3524,3749,1625,3459,3738,3859,3492,3613,3464
ENSMUSG00000022476,Polr3h,1195,1384,1089,1191,1050,409,1063,1175,1328,1123,994,912
ENSMUSG00000042109,Csdc2,1,1,0,2,0,1,1,0,1,0,0,0
ENSMUSG00000022474,Pmm1,321,331,284,284,339,103,309,313,285,232,321,332
ENSMUSG00000116157,Cyp2d67-ps,0,0,0,0,0,0,0,0,0,0,0,0
ENSMUSG00000061848,Gm5805,11,14,6,7,3,1,4,8,16,9,6,5
ENSMUSG00000061633,1700029P11Rik,0,0,0,0,0,0,0,0,0,0,0,0
ENSMUSG00000022471,Xrcc6,1364,1408,1128,1189,1462,954,1056,1213,1490,1210,1601,1518
ENSMUSG00000022472,Desi1,1806,1944,1353,1360,1269,639,1380,1413,1590,1384,1450,1398
ENSMUSG00000063480,Snu13,534,650,438,534,629,383,600,599,499,439,583,564
ENSMUSG00000116044,Gm49487,0,0,0,0,0,0,0,0,0,0,0,0
ENSMUSG00000116304,Gm49488,0,0,0,0,0,0,0,0,0,0,0,0
ENSMUSG00000116406,Gm49489,0,0,0,0,0,0,0,0,0,0,0,0
ENSMUSG00000075524,4930407I10Rik,0,0,0,0,0,0,0,0,0,0,0,0
ENSMUSG00000055737,Ghr,0,0,0,0,1,1,0,0,0,0,0,0
ENSMUSG00000080595,Gm22031,0,0,0,0,0,0,0,0,0,0,0,0
ENSMUSG00000098177,Gm4823,4,4,5,5,2,1,5,6,3,7,2,5
ENSMUSG00002075328,#N/A,0,0,0,0,0,0,0,0,0,0,0,0
ENSMUSG00000115843,Gm17873,2,0,1,2,1,1,0,0,1,0,2,1
ENSMUSG00000022184,Fbxo4,142,172,129,131,162,85,121,132,138,129,158,141
ENSMUSG00000041935,AW549877,668,695,492,483,538,454,393,521,605,588,661,640
ENSMUSG00000115206,Gm49286,0,0,0,0,0,0,1,0,0,0,0,0
ENSMUSG00000097662,Gm2093,0,0,0,4,0,0,2,2,1,2,0,0
ENSMUSG00000087221,BC037032,2,0,1,1,6,8,3,1,3,7,0,4
ENSMUSG00000022186,Oxct1,870,998,687,733,860,641,888,891,853,743,973,917
ENSMUSG00000086297,Gm15632,0,0,0,0,0,0,0,0,0,0,0,0
ENSMUSG00000115032,Gm49301,0,0,0,0,0,0,0,0,0,0,0,0
ENSMUSG00000068117,Mei1,1,0,0,0,0,0,0,1,0,2,0,0
ENSMUSG00000049148,Plcxd3,0,0,0,0,1,0,0,0,0,0,0,0
ENSMUSG00000022181,C6,0,0,0,0,0,0,0,0,0,0,0,0
ENSMUSG00000115259,Gm49073,0,0,0,0,0,0,0,0,0,0,0,0
ENSMUSG00000048424,Ranbp3l,0,0,0,0,0,4,0,0,0,0,0,0
ENSMUSG00000022253,Nadk2,209,238,231,230,266,170,250,297,214,208,297,260
ENSMUSG00000054115,Skp2,424,448,379,371,593,415,423,549,337,355,482,484
ENSMUSG00000115409,Gm8139,0,0,0,0,0,0,0,0,0,0,0,0
ENSMUSG00000072664,Ugt3a1,0,0,0,0,0,0,0,0,0,0,0,0
ENSMUSG00000049152,Ugt3a2,0,0,0,0,0,0,0,0,0,0,0,0
ENSMUSG00000039704,Lmbrd2,485,451,376,362,400,387,294,418,327,392,522,396
ENSMUSG00000084240,Gm15383,0,0,0,0,0,0,0,0,0,0,0,0
ENSMUSG00000081771,Gm15381,0,0,0,0,0,0,0,0,0,1,0,0
ENSMUSG00002075483,#N/A,0,0,0,0,0,0,0,0,0,0,0,0
ENSMUSG00000086160,4933438A12Rik,0,0,0,0,1,3,0,0,0,1,2,0
ENSMUSG00002076146,#N/A,0,0,0,0,0,0,0,0,0,0,0,0
ENSMUSG00000036273,Lrrk2,634,620,326,285,218,135,235,356,399,403,189,163
ENSMUSG00000083083,Gm15382,1,0,3,0,1,0,0,0,0,0,0,0
ENSMUSG00000047295,Smgc,0,0,0,0,0,0,0,0,0,0,0,0
ENSMUSG00000118670,#N/A,0,0,0,0,0,1,0,0,0,0,0,0
ENSMUSG00000116212,Gm18979,0,0,0,0,0,0,0,0,0,0,0,0
ENSMUSG00000116093,Gm3888,0,0,0,0,0,0,0,0,0,0,0,0
ENSMUSG00000098203,Gm9568,17,26,11,18,14,4,14,19,16,14,6,11
ENSMUSG00000022575,Gsdmd,518,568,419,421,411,182,404,444,472,428,543,485
ENSMUSG00000098678,Mroh6,7,7,7,6,6,0,4,7,3,9,5,6
ENSMUSG00000022574,Naprt,13,25,11,18,30,13,14,17,13,16,29,16
ENSMUSG00000055762,Eef1d,6107,6212,4880,5154,5535,3338,5376,5300,6296,5431,5812,5292
ENSMUSG00000103906,Tigd5,60,48,30,26,44,10,29,43,62,31,33,29
ENSMUSG00000022571,Pycrl,895,962,781,831,1064,302,879,814,1011,818,962,920
ENSMUSG00000022570,Tsta3,652,826,535,608,675,273,666,687,679,525,676,649
ENSMUSG00000050846,Zfp623,380,392,257,242,238,128,249,232,289,265,284,256
ENSMUSG00000116120,Eif2s3x-ps1,0,0,1,0,0,0,1,0,0,0,0,0
ENSMUSG00000034429,Zfp707,223,269,193,237,212,94,185,196,229,195,232,214
ENSMUSG00000098176,Ccdc166,159,236,190,191,206,60,163,158,222,183,204,177
ENSMUSG00000063704,Mapk15,0,1,1,0,0,1,1,2,0,0,4,1
ENSMUSG00000046761,Fam83h,69,88,51,39,34,15,27,45,43,55,37,48
ENSMUSG00000102018,Iqank1,0,0,2,6,0,0,0,0,2,0,0,0
ENSMUSG00002076340,#N/A,0,0,0,0,0,0,0,0,0,1,0,0
ENSMUSG00000022568,Scrib,1924,1842,1581,1625,2349,807,1545,1791,1991,1765,2354,2387
ENSMUSG00000098451,Mir6952,0,0,0,0,0,0,0,0,0,0,0,0
ENSMUSG00000002524,Puf60,3782,4339,3311,3640,3788,1518,3519,3556,4038,3486,3309,3174
ENSMUSG00000115332,Gm48952,0,1,1,0,0,2,0,0,0,0,1,1
ENSMUSG00000075590,Nrbp2,40,28,25,35,17,8,18,18,23,21,24,25
ENSMUSG00000116288,Gm41349,0,0,0,0,0,0,0,0,0,0,0,0
ENSMUSG00000118671,#N/A,0,0,0,0,0,2,0,0,0,1,1,0
ENSMUSG00000044361,BC024139,0,0,0,0,2,0,0,0,0,0,0,0
ENSMUSG00000116475,Gm19945,0,0,0,0,0,0,0,0,0,0,0,0
ENSMUSG00000022565,Plec,12210,11955,9403,8942,4355,2147,4957,8509,7593,7912,4481,4589
ENSMUSG00002075830,#N/A,0,0,0,0,0,0,0,0,0,0,0,1
ENSMUSG00000087899,Mir1942,0,0,0,0,0,0,0,0,0,0,0,0
ENSMUSG00000063268,Parp10,727,828,570,586,441,182,648,662,720,699,515,531
ENSMUSG00000022564,Grina,1442,1657,1028,1143,774,276,1205,1226,1211,1163,853,771
ENSMUSG00000098625,Mir6953,0,1,0,1,0,0,0,0,0,0,0,0
ENSMUSG00000115946,Mirt2,0,0,0,0,0,0,0,0,0,0,0,0
ENSMUSG00002076111,#N/A,0,0,0,0,0,0,0,0,0,0,0,0
ENSMUSG00000049653,Spatc1,0,0,0,1,0,0,0,0,0,0,0,0
ENSMUSG00000093169,Mir3079,0,0,0,0,0,0,0,0,0,0,2,0
ENSMUSG00000071724,Smpd5,18,25,21,23,20,13,32,16,31,38,28,29
ENSMUSG00000022562,Oplah,6,12,8,9,11,4,7,4,12,19,6,10
ENSMUSG00000034259,Exosc4,674,741,609,602,690,238,622,604,756,595,613,619
ENSMUSG00000022561,Gpaa1,480,528,462,459,617,125,482,483,462,430,549,622
ENSMUSG00000063875,Rps6-ps1,12,11,8,8,1,2,7,16,13,7,3,1
ENSMUSG00000022551,Cyc1,2260,2664,2172,2310,2709,596,2462,2142,2535,2224,2318,2305
ENSMUSG00000022552,Sharpin,735,795,614,715,566,285,662,705,693,665,560,556
ENSMUSG00000022553,Maf1,477,522,398,427,456,162,455,464,458,386,402,378
ENSMUSG00000109179,Gm35339,14,10,16,15,21,9,7,18,11,9,13,14
ENSMUSG00000022554,Hgh1,1226,1372,1048,1087,997,267,991,984,1211,1052,927,932
ENSMUSG00000060794,Tssk5,0,0,0,0,0,0,0,0,0,0,0,0
ENSMUSG00000099260,Mir6954,0,0,0,0,0,0,0,0,0,0,0,0
ENSMUSG00000051225,Fam83a,1,0,0,0,0,0,0,0,0,0,0,0
ENSMUSG00000101892,9130401M01Rik,482,534,431,480,519,245,481,412,577,451,467,472
ENSMUSG00000022362,Gm29394,7,1,1,2,3,4,2,6,4,5,3,3
ENSMUSG00000064597,Gm22299,0,0,0,0,0,0,1,0,0,0,0,1
ENSMUSG00000022361,Zhx1,1698,1880,1346,1382,1278,1128,964,1482,1457,1569,1436,1309
ENSMUSG00000022360,Atad2,1817,1849,1825,1778,2329,2354,1613,2240,1656,1640,2188,2067
ENSMUSG00000022359,Wdyhv1,181,224,174,194,278,104,170,159,213,170,235,253
ENSMUSG00000089504,Gm23475,0,0,0,0,0,0,0,0,0,0,0,0
ENSMUSG00000080461,Gm22488,1,0,1,2,0,1,1,0,3,3,1,0
ENSMUSG00000022358,Fbxo32,83,80,93,83,77,46,80,75,71,81,79,69
ENSMUSG00000086801,Gm15943,0,0,1,0,0,1,0,0,0,0,0,0
ENSMUSG00000022357,Klhl38,0,0,0,0,0,0,0,0,0,0,0,0
ENSMUSG00000055114,Anxa13,0,0,0,0,0,0,0,0,0,0,0,0
ENSMUSG00000115576,Gm2675,0,0,0,0,0,0,0,0,0,0,0,0
ENSMUSG00000037119,Fam91a1,3085,3272,2711,2667,2247,1373,1898,2715,2637,2501,2284,2065
ENSMUSG00000115547,1100001I12Rik,0,0,0,0,0,0,0,0,0,0,0,0
ENSMUSG00000022295,Atp6v1c1,1301,1465,1241,1166,1296,823,1087,1115,1346,1202,1240,1081
ENSMUSG00000115620,Gm45924,0,0,0,0,0,0,0,0,0,0,0,0
ENSMUSG00000022296,Baalc,7,4,4,5,12,13,4,7,4,0,7,4
ENSMUSG00000114994,Gm49097,0,0,0,0,0,0,0,0,0,0,0,0
ENSMUSG00000115070,Gm4740,7,6,5,5,4,2,6,5,3,4,8,5
ENSMUSG00000097875,Gm26704,0,2,0,0,0,8,1,0,0,0,1,0
ENSMUSG00000022297,Fzd6,43,39,60,57,67,51,40,54,48,30,51,53
ENSMUSG00000115508,Gm49786,0,0,0,0,0,0,0,0,0,0,0,0
ENSMUSG00000077470,Gm24789,0,0,0,0,0,0,0,0,0,0,0,0
ENSMUSG00000115841,Gm49105,0,0,0,0,0,0,0,0,0,0,0,0
ENSMUSG00000054196,Cthrc1,3,1,10,0,15,4,10,2,4,5,4,5
ENSMUSG00000022299,Slc25a32,2057,1982,1744,1838,1633,1346,1687,1854,2016,1820,1719,1614
ENSMUSG00000067614,Krt86,0,0,0,0,0,0,0,0,0,0,0,0
ENSMUSG00000116011,Gm49501,0,0,0,0,0,0,0,0,0,0,0,0
ENSMUSG00000067613,Krt83,0,0,0,0,0,0,0,0,0,0,1,0
ENSMUSG00000116107,Gm49423,0,0,0,0,0,0,0,0,0,0,0,0
ENSMUSG00000116188,Gm49424,0,0,0,0,0,0,0,0,0,0,0,0
ENSMUSG00000116336,Gm49425,0,0,0,0,0,0,0,0,0,0,0,0
ENSMUSG00000044294,Krt84,0,0,0,0,0,0,0,0,0,0,0,0
ENSMUSG00000049548,Krt82,0,0,0,0,0,0,0,0,0,0,0,0
ENSMUSG00000048699,Krt90,0,0,0,0,0,0,0,0,0,0,0,0
ENSMUSG00002075773,#N/A,0,0,0,0,0,0,0,0,0,0,0,0
ENSMUSG00002076745,#N/A,0,0,0,0,0,0,0,0,0,0,0,0
ENSMUSG00000115035,Gm9614,0,0,0,0,0,0,0,0,0,0,0,0
ENSMUSG00000115502,Gm49222,0,0,0,0,0,0,0,0,0,0,0,0
ENSMUSG00000115013,Gm49231,0,0,0,0,0,0,0,0,0,0,0,0
ENSMUSG00000115397,Gm49232,0,0,0,0,0,0,0,0,0,0,0,0
ENSMUSG00000114999,Gm7962,61,49,26,31,29,22,27,32,66,72,40,48
ENSMUSG00000064373,Selenop,257,273,230,291,181,122,269,338,274,267,157,160
ENSMUSG00000091119,Ccdc152,0,0,0,0,0,0,0,0,0,0,0,0
ENSMUSG00000115854,Gm36644,0,0,0,0,0,1,0,0,0,0,0,0
ENSMUSG00000016942,Tmprss6,9,9,8,11,18,5,11,17,5,3,5,8
ENSMUSG00000068227,Il2rb,19275,21817,16107,16793,13610,5608,15363,17249,17209,15654,12132,10955
ENSMUSG00000022440,C1qtnf6,17,26,21,31,29,11,23,34,19,20,21,26
ENSMUSG00000116307,Gm49490,0,0,0,0,0,0,0,0,0,0,1,0
ENSMUSG00000044933,Sstr3,2,0,3,3,0,1,4,1,1,0,1,1
ENSMUSG00000068226,Gm6723,0,0,1,0,0,0,2,0,0,0,0,0
ENSMUSG00000033220,Rac2,7800,8919,5603,6333,5705,2075,6793,6755,7028,6304,6062,5366
ENSMUSG00000033287,Kctd17,1045,977,779,793,797,396,763,938,955,852,1098,957
ENSMUSG00000116552,Gm34396,0,0,0,0,0,0,0,0,0,0,0,0
ENSMUSG00000091039,Krtap20-2,0,0,0,0,0,0,0,0,0,0,0,0
ENSMUSG00002076461,#N/A,0,0,0,0,0,0,0,0,0,0,0,0
ENSMUSG00000058368,Krtap21-1,0,0,0,0,0,0,0,0,0,0,0,0
ENSMUSG00000062433,Krtap6-2,0,0,0,0,0,0,0,0,0,0,0,0
ENSMUSG00000065968,Ifitm7,0,0,0,0,0,2,0,3,0,0,0,2
ENSMUSG00000084576,Gm23655,0,0,0,0,0,0,0,0,0,0,0,0
ENSMUSG00000059632,Krtap8-1,0,0,0,0,0,0,0,0,0,0,0,0
ENSMUSG00000056706,Krtap7-1,0,0,0,0,0,0,0,0,0,0,0,0
ENSMUSG00000091212,Krtap11-1,0,0,0,0,0,0,0,0,0,0,0,0
ENSMUSG00000116870,Gm49696,0,0,0,0,0,0,0,0,0,0,0,0
ENSMUSG00000116651,Gm17844,0,0,0,0,0,0,0,0,0,0,0,0
ENSMUSG00000044117,Bmerb1,2,0,1,3,0,0,3,1,3,0,2,2
ENSMUSG00000082554,Gm15806,0,0,0,0,0,0,0,0,0,0,0,0
ENSMUSG00000022827,Rabl3,442,485,403,366,337,242,358,404,438,352,332,300
ENSMUSG00000082277,Gm15807,0,0,0,1,0,0,0,1,0,0,0,1
ENSMUSG00000116677,Gm49569,0,0,1,0,0,0,0,0,0,0,1,0
ENSMUSG00000083536,Gm15808,1,1,0,0,1,0,0,0,0,1,0,0
ENSMUSG00000022821,Hgd,0,0,3,1,1,0,1,0,1,1,3,0
ENSMUSG00000116723,Gm46559,0,0,0,0,0,0,0,0,0,0,0,0
ENSMUSG00000022820,Ndufb4,63,87,59,85,80,48,93,63,91,69,75,69
ENSMUSG00000116529,Gm4600,3,2,3,2,2,0,4,2,2,5,4,4
ENSMUSG00000060657,Marf1,1427,1500,1328,1192,1173,927,881,1368,1220,1139,1238,1206
ENSMUSG00002076089,#N/A,0,0,0,0,0,0,0,0,0,0,0,0
ENSMUSG00000070074,Mir484,0,0,0,0,0,0,0,0,0,0,0,0
ENSMUSG00000022816,Fstl1,1,0,1,0,1,2,1,0,0,0,0,0
ENSMUSG00000108763,Gm36028,0,0,1,0,2,0,0,0,1,0,0,1
ENSMUSG00002075418,#N/A,0,0,0,0,0,0,0,0,0,0,0,0
ENSMUSG00000034158,Lrrc58,2100,2089,2078,1840,1780,1269,1409,2106,1933,1916,2037,2026
ENSMUSG00000083405,Gm15725,0,0,0,0,0,0,0,0,0,0,0,0
ENSMUSG00000046961,Gpr156,0,0,0,0,0,0,0,0,0,0,1,1
ENSMUSG00000065188,Gm25140,0,0,0,0,0,0,0,0,0,0,0,0
ENSMUSG00000022812,Gsk3b,1575,1506,1303,1246,1247,929,1085,1499,1331,1244,1345,1281
ENSMUSG00002076470,#N/A,0,0,0,0,0,0,0,0,0,0,0,0
ENSMUSG00000119029,#N/A,0,0,0,0,0,0,0,0,0,0,0,0
ENSMUSG00002076009,#N/A,0,0,0,0,0,0,0,0,0,0,0,0
ENSMUSG00000022809,Nr1i2,0,0,0,0,0,1,0,0,0,0,1,0
ENSMUSG00000022678,Nde1,1437,1607,1399,1452,1626,946,1505,1715,1366,1259,1507,1350
ENSMUSG00000002489,Tiam1,3754,3814,3029,2962,2132,1533,2259,2859,3067,2829,1882,1787
ENSMUSG00000022805,Maats1,22,37,15,23,20,12,8,15,13,11,36,44
ENSMUSG00000087568,Maats1os,0,0,0,0,0,0,0,0,0,0,0,0
ENSMUSG00000116536,Gm2805,0,3,0,1,0,0,0,0,0,1,0,0
ENSMUSG00000116553,Gm7307,0,0,0,0,0,0,0,0,0,0,0,0
ENSMUSG00000116829,Gm49704,0,3,0,1,2,1,1,0,3,2,4,7
ENSMUSG00000046516,Cox17,333,465,334,388,491,445,338,362,363,319,487,431
ENSMUSG00000095464,Gm21987,0,0,0,0,0,0,0,0,0,0,0,0
ENSMUSG00000022982,Sod1,2939,3599,3066,3314,3523,2546,3590,3684,3258,2713,2939,2362
ENSMUSG00000022803,Popdc2,7,8,6,8,3,2,9,6,7,3,2,2
ENSMUSG00000002847,Pla1a,27,37,14,22,21,16,28,22,21,17,29,20
ENSMUSG00000002844,Adprh,1142,1296,904,958,1096,371,1073,1027,1130,990,1105,1063
ENSMUSG00000097576,D930030I03Rik,11,5,6,12,6,3,9,7,12,5,0,3
ENSMUSG00000075122,Cd80,453,427,399,350,478,351,373,475,359,309,528,426
ENSMUSG00000002846,Timmdc1,604,598,458,523,617,305,445,515,550,498,581,521
ENSMUSG00000081605,Gm15953,1,1,0,0,0,0,0,0,0,0,0,0
ENSMUSG00000034064,Poglut1,1434,1611,1209,1232,1225,598,1045,1237,1271,1280,1128,1065
ENSMUSG00000022983,Scaf4,4286,4102,3464,3382,3148,3028,2784,3735,3532,3589,3802,3468
ENSMUSG00000116600,Gm49707,0,0,0,1,0,1,0,0,0,0,0,0
ENSMUSG00000116656,Gm49708,0,0,0,0,0,0,0,0,0,0,0,0
ENSMUSG00000116989,Gm49709,0,0,0,0,0,0,0,0,0,0,0,0
ENSMUSG00000116849,Gm49710,0,0,0,0,0,0,0,0,0,0,0,0
ENSMUSG00000053414,Hunk,8,2,7,9,6,8,7,6,1,1,8,5
ENSMUSG00000116753,Gm36001,0,0,0,0,0,0,0,0,0,0,0,0
ENSMUSG00000046119,1110008E08Rik,0,0,0,0,0,0,0,0,0,0,0,0
ENSMUSG00000116830,Gm49714,0,0,0,0,0,2,0,0,0,0,0,0
ENSMUSG00000064471,Gm23406,0,0,0,0,0,0,0,0,0,0,0,0
ENSMUSG00000116582,Gm36169,0,0,0,0,0,0,0,0,0,0,0,0
ENSMUSG00000116591,Gm49715,0,0,0,0,0,0,0,0,0,0,0,0
ENSMUSG00000022978,Mis18a,397,449,591,516,722,482,647,584,435,355,444,386
ENSMUSG00000039956,Mrap,0,0,1,0,0,1,0,0,1,0,0,0
ENSMUSG00000002845,Tmem39a,1557,1629,1325,1296,1365,779,1373,1365,1310,1146,1204,1028
ENSMUSG00000091238,Gm17103,0,0,0,0,0,0,0,1,0,0,0,0
ENSMUSG00000039929,Urb1,3840,4223,3157,3446,2822,1215,2253,3269,3329,3286,2834,2604
ENSMUSG00000018830,Myh11,5,5,17,12,2,4,14,6,3,4,3,2
ENSMUSG00000022799,Arhgap31,267,288,322,322,265,122,235,367,223,244,243,196
ENSMUSG00000081651,Gm15530,2,1,1,0,0,0,0,1,1,0,1,0
ENSMUSG00000022677,Fopnl,398,527,353,375,405,221,398,355,428,387,375,360
ENSMUSG00000085612,Gm15868,0,0,0,0,0,0,0,0,0,0,0,0
ENSMUSG00000116025,Gm49517,0,0,0,0,0,0,0,0,0,0,0,0
ENSMUSG00000022793,B4galt4,56,60,38,54,60,45,62,76,44,46,41,37
ENSMUSG00000083183,Gm15575,0,0,0,0,0,1,1,1,0,0,0,1
ENSMUSG00000039903,Eva1c,0,0,2,0,2,1,0,0,0,1,0,0
ENSMUSG00000116543,Gm36363,0,0,0,0,0,0,0,0,0,0,4,0
ENSMUSG00000083226,Gm7831,1,0,0,0,1,0,0,1,0,0,0,0
ENSMUSG00000049436,Upk1b,0,0,2,0,0,1,0,0,0,0,0,0
ENSMUSG00000116836,Gm49727,3,1,0,2,0,1,1,0,3,0,1,0
ENSMUSG00000022798,Tex55,0,0,0,0,0,0,0,0,0,0,0,0
ENSMUSG00000081444,Gm15803,0,0,0,0,0,0,0,0,0,0,0,0
ENSMUSG00000086175,Gm15802,0,0,0,0,0,0,0,0,0,0,0,0
ENSMUSG00000022972,Cfap298,672,727,487,571,644,321,589,618,693,574,687,661
ENSMUSG00000022790,Igsf11,0,0,0,0,1,1,0,0,0,0,1,0
ENSMUSG00000116607,4930534H18Rik,0,0,0,0,1,0,0,0,0,0,0,1
ENSMUSG00000089607,Gm22500,0,0,0,0,0,0,0,0,0,0,0,0
ENSMUSG00000116965,Gm36742,0,0,0,0,0,0,0,0,0,0,0,0
ENSMUSG00000116573,Gm36903,0,0,0,1,0,1,0,0,0,0,1,0
ENSMUSG00002076331,#N/A,0,0,0,0,0,0,0,0,0,0,0,0
ENSMUSG00000098070,Gm8609,11,2,6,5,1,0,2,0,7,7,2,4
ENSMUSG00000061080,Lsamp,0,0,0,0,0,2,0,0,1,0,0,0
ENSMUSG00000102456,Gm37508,0,0,0,0,0,0,0,0,0,0,0,0
ENSMUSG00000077535,Gm22543,0,0,0,0,0,0,0,0,0,0,0,0
ENSMUSG00000102417,Gm36939,0,0,0,0,0,0,0,0,0,0,0,0
ENSMUSG00002075693,#N/A,0,0,0,0,0,0,0,0,0,0,0,0
ENSMUSG00002076090,#N/A,0,0,0,0,0,0,0,0,0,0,0,0
ENSMUSG00002076095,#N/A,0,0,0,0,0,0,0,0,0,0,0,0
ENSMUSG00002076645,#N/A,0,0,0,0,0,0,0,0,0,0,0,0
ENSMUSG00002076375,#N/A,0,0,0,0,0,0,0,0,0,0,0,0
ENSMUSG00000023088,Abcc1,4895,5410,4675,4769,4456,1958,3566,4851,4271,4309,3958,3628
ENSMUSG00000101463,Gm28750,0,0,0,0,0,0,0,0,0,0,0,0
ENSMUSG00000116841,Gm49737,0,0,0,0,0,0,0,0,0,0,0,0
ENSMUSG00000116990,Gm49738,0,0,0,0,0,0,0,0,0,0,0,0
ENSMUSG00000089106,Gm23116,0,0,1,0,0,0,0,0,0,0,0,0
ENSMUSG00000116439,Gm49528,0,0,0,0,0,0,0,0,0,0,0,0
ENSMUSG00000047261,Gap43,12,10,10,7,2,4,13,7,4,12,8,4
ENSMUSG00000090808,Gm1758,0,0,0,0,0,0,0,0,0,0,0,0
ENSMUSG00000098300,Mir6540,0,0,0,0,0,0,0,0,0,0,0,0
ENSMUSG00000116679,Gm49739,2,0,0,0,1,1,1,1,3,1,2,3
ENSMUSG00000075070,4932412D23Rik,0,0,0,0,0,0,0,0,0,0,0,0
ENSMUSG00000075395,A630010A05Rik,0,0,0,0,0,0,0,0,0,0,0,0
ENSMUSG00000022676,Snai2,0,0,1,0,0,4,0,0,1,0,0,0
ENSMUSG00000116400,Gm49530,0,0,0,0,0,0,0,0,0,0,0,0
ENSMUSG00000118928,#N/A,0,0,2,0,0,0,0,0,0,0,0,0
ENSMUSG00000116324,Gm33696,0,0,0,0,0,0,0,0,0,0,0,0
ENSMUSG00000068617,Efcab1,0,0,0,0,0,0,0,0,0,0,0,0
ENSMUSG00000116317,Gm49536,0,0,0,0,0,0,0,0,0,0,0,0
ENSMUSG00000069315,Gm7731,2,0,0,0,0,0,0,0,1,0,0,0
ENSMUSG00000116213,Gm5404,0,0,0,0,0,0,0,0,0,0,0,0
ENSMUSG00000094472,Gm21897,0,0,0,0,0,0,0,0,0,0,0,0
ENSMUSG00000080704,Gm6031,0,0,0,0,0,0,0,0,0,0,0,0
ENSMUSG00000116423,Gm7085,4,1,0,0,0,1,0,0,1,0,0,1
ENSMUSG00000022973,Synj1,534,487,435,430,401,256,304,443,439,355,425,382
ENSMUSG00002076943,#N/A,0,0,0,0,0,0,0,0,0,0,0,0
ENSMUSG00000085279,Gm15965,0,0,0,0,0,0,0,0,0,0,0,0
ENSMUSG00000087354,4930404I05Rik,1,0,0,0,0,0,0,0,0,0,4,0
ENSMUSG00000022674,Ube2v2,189,187,119,140,136,121,162,148,162,148,169,147
ENSMUSG00000116386,Gm49538,0,0,0,0,0,0,0,0,0,0,0,0
ENSMUSG00000116140,Gm7748,0,1,0,0,0,0,0,2,0,0,1,0
ENSMUSG00000022673,Mcm4,4458,4726,4161,3970,4467,3010,4189,4517,4458,3909,4922,4361
ENSMUSG00000022974,Paxbp1,2410,2388,2119,2069,1976,1886,1715,2237,2189,2107,2259,1996
ENSMUSG00000085398,4931406G06Rik,0,0,0,0,1,4,0,0,0,0,0,0
ENSMUSG00000039851,4932438H23Rik,17,10,14,7,6,5,11,9,19,12,4,6
ENSMUSG00000081176,H3f3a-ps2,0,0,0,0,1,0,0,2,0,0,0,0
ENSMUSG00000116981,Gm49611,0,0,0,0,0,0,0,0,0,0,0,0
ENSMUSG00000116749,Gm49612,0,0,0,0,0,0,0,0,0,0,0,0
ENSMUSG00000116763,Gm41492,0,0,0,0,0,1,0,0,0,0,0,0
ENSMUSG00000116713,Gm49613,0,0,0,0,0,0,0,0,0,0,0,0
ENSMUSG00000116882,Gm49614,0,0,0,0,0,0,0,0,0,0,0,0
ENSMUSG00000039830,Olig2,0,0,0,0,0,1,0,0,0,0,0,0
ENSMUSG00000102958,Gm37016,0,0,0,0,0,0,0,0,0,0,0,0
ENSMUSG00000046160,Olig1,0,0,0,0,0,0,0,0,0,0,0,0
ENSMUSG00000085865,Gm15966,0,0,0,0,1,0,0,0,0,0,0,0
ENSMUSG00000065811,Gm24695,0,0,0,0,0,0,0,0,0,0,0,0
ENSMUSG00000022708,Zbtb20,44,53,44,36,38,32,50,60,34,60,50,39
ENSMUSG00000116903,Gm19522,0,0,0,0,0,0,0,0,0,0,0,0
ENSMUSG00000081824,Ndufs5-ps,1,3,4,4,4,0,4,2,0,2,2,3
ENSMUSG00000118809,#N/A,0,0,0,0,0,0,0,0,0,0,0,0
ENSMUSG00000083827,Gm15712,0,0,0,0,0,0,0,0,0,0,0,0
ENSMUSG00000102967,Gm37946,0,0,0,0,0,0,0,0,0,0,0,0
ENSMUSG00000082570,Gm15711,1,0,0,0,0,0,0,0,0,0,0,0
ENSMUSG00000055370,Gm9968,0,0,0,0,0,0,0,0,0,0,0,0
ENSMUSG00000085499,Gm15713,0,0,0,0,0,0,0,0,0,0,0,0
ENSMUSG00000076372,Mir568,0,0,0,0,0,0,0,0,0,0,0,0
ENSMUSG00000071552,Tigit,1813,1969,1634,1635,1597,636,1230,1070,1118,973,1281,1259
ENSMUSG00000116565,Gm49734,0,0,0,0,0,0,0,0,1,0,0,0
ENSMUSG00000116684,Gm49735,2,3,1,0,1,2,0,1,0,2,1,3
ENSMUSG00000022672,Prkdc,448,419,389,336,589,332,249,382,405,360,717,665
ENSMUSG00000022705,Drd3,0,0,0,0,0,0,0,0,0,0,0,0
ENSMUSG00002075199,#N/A,0,0,0,0,0,0,0,0,0,0,0,0
ENSMUSG00000077251,Gm26074,0,0,0,0,0,0,0,0,0,0,0,0
ENSMUSG00000116118,Gm49511,0,0,0,0,0,0,0,0,0,0,0,0
ENSMUSG00000022671,Mzt2,94,109,79,90,117,38,118,120,91,79,125,101
ENSMUSG00000116102,Gm20082,0,2,0,1,0,0,0,0,3,0,1,1
ENSMUSG00000071637,Cebpd,34,33,36,41,15,7,31,37,39,35,20,14
ENSMUSG00000022704,Qtrt2,2403,2692,2150,2139,1970,1134,1653,1948,2187,1997,2006,1980
ENSMUSG00000119162,#N/A,1,0,0,0,0,0,0,1,0,1,1,1
ENSMUSG00000022971,Ifnar2,235,233,209,215,258,132,227,255,214,203,262,260
ENSMUSG00000041974,Spidr,169,176,132,129,197,102,106,153,142,98,224,194
ENSMUSG00002076768,#N/A,0,0,0,0,0,0,0,0,0,0,0,0
ENSMUSG00000093701,Gm21970,0,0,0,0,0,0,0,0,0,0,0,0
ENSMUSG00000116385,Gm18334,0,0,0,0,0,0,0,0,0,0,0,0
ENSMUSG00000041957,Pkp2,58,64,45,46,32,17,34,45,30,39,23,17
ENSMUSG00000115882,Gm5481,1,2,2,1,0,1,0,1,2,1,2,0
ENSMUSG00000022969,Il10rb,390,439,363,385,402,247,416,406,404,435,414,282
ENSMUSG00000116987,Gm49625,0,0,2,0,0,0,3,0,0,0,0,3
ENSMUSG00000116782,Gm46562,0,0,0,0,0,0,0,0,0,0,0,0
ENSMUSG00000084866,A930006K02Rik,4,4,2,3,9,10,5,5,6,5,6,6
ENSMUSG00000116544,Gm49626,0,0,0,0,0,0,0,0,0,0,0,0
ENSMUSG00000022701,Ccdc191,127,134,95,98,139,134,119,121,150,91,175,143
ENSMUSG00000022792,Yars2,1030,1232,1037,1042,1202,492,1076,1063,1225,1048,1067,1125
ENSMUSG00000036304,Zdhhc23,84,89,94,102,113,46,88,69,115,86,123,123
ENSMUSG00000022967,Ifnar1,2181,2380,2077,2169,2020,1255,1465,2124,2323,2027,1627,1482
ENSMUSG00000084301,Gm7856,1,0,0,0,2,0,1,0,2,1,0,2
ENSMUSG00000099308,Mir6367,0,0,0,0,0,0,0,0,0,0,0,0
ENSMUSG00000082535,Gm7860,5,8,5,4,2,1,4,4,3,1,5,1
ENSMUSG00000022965,Ifngr2,168,159,107,128,121,82,154,180,146,198,185,195
ENSMUSG00000022964,Tmem50b,377,448,328,381,289,149,339,411,353,359,229,205
ENSMUSG00000085337,Gm15964,2,4,4,4,9,1,3,1,2,3,6,4
ENSMUSG00000036292,Gramd1c,36,50,28,29,39,26,37,38,36,33,34,33
ENSMUSG00000119636,#N/A,0,0,0,0,1,0,0,0,0,0,0,0
ENSMUSG00000039763,Dnajc28,1,0,1,6,3,3,3,0,0,2,2,1
ENSMUSG00000052459,Atp6v1a,1153,1270,849,901,856,503,747,951,1007,857,972,890
ENSMUSG00000022789,Dnm1l,2281,2262,1771,1789,1950,1845,1444,1948,1985,2032,2168,1967
ENSMUSG00000022698,Naa50,7016,6688,6390,6026,6159,5554,5731,6563,7147,6839,6671,6478
ENSMUSG00000115923,Gm49521,4,2,4,5,6,5,1,5,3,2,1,3
ENSMUSG00000098037,Gm7765,6,7,9,3,7,0,6,2,11,7,4,4
ENSMUSG00000116192,Gm18869,0,0,0,0,0,0,0,0,0,0,0,0
ENSMUSG00000118629,CT573014.1,0,0,0,0,0,0,0,0,0,0,0,0
ENSMUSG00000068284,Usf3,1904,1923,1797,1521,1373,1286,990,1836,1478,1570,1382,1278
ENSMUSG00000022962,Gart,7293,8172,6468,6665,6903,3043,5750,6758,7246,6323,6576,6290
ENSMUSG00000022696,Sidt1,301,330,269,269,257,138,223,264,290,279,344,313
ENSMUSG00000043065,Spice1,97,89,104,103,162,85,105,97,105,93,163,133
ENSMUSG00000071550,Cfap44,0,0,0,0,0,1,0,0,0,0,0,0
ENSMUSG00000022961,Son,18629,19771,16286,15828,16096,10981,12566,16321,16757,16356,16276,15013
ENSMUSG00000022687,Boc,0,1,0,0,1,0,1,0,0,0,0,1
ENSMUSG00000093046,Mir3081,0,0,0,0,0,0,0,0,0,0,0,0
ENSMUSG00000022788,Fgd4,3,2,4,1,3,4,0,1,0,4,3,1
ENSMUSG00000089861,Gm16139,0,0,0,0,0,0,0,0,0,0,0,0
ENSMUSG00000048101,Olfr19,0,0,0,0,0,0,0,0,0,0,0,0
ENSMUSG00000108454,Gm44932,0,0,0,0,0,0,0,0,0,0,0,0
ENSMUSG00000116096,4933404G15Rik,0,0,0,0,0,0,0,0,0,0,0,0
ENSMUSG00000036208,Nepro,1213,1280,1049,1027,1008,583,861,1109,1174,1155,959,875
ENSMUSG00000022783,Spag6l,0,0,0,0,0,0,0,0,1,0,1,0
ENSMUSG00000116648,Rpl31-ps12,0,0,2,0,0,0,0,0,0,0,0,0
ENSMUSG00000116729,Gm49644,0,2,1,0,0,0,1,0,0,0,0,0
ENSMUSG00000116676,Gm5768,2,2,0,0,1,0,0,0,1,1,1,1
ENSMUSG00000075370,Igll1,0,0,0,0,1,1,0,0,0,1,1,2
ENSMUSG00000059305,Vpreb1,1,0,1,1,2,0,3,4,2,2,2,0
ENSMUSG00000022668,Gtpbp8,107,124,89,88,106,65,102,117,116,96,115,95
ENSMUSG00000022667,Cd200r1,126,127,83,75,56,47,78,76,105,79,42,41
ENSMUSG00000116827,Gm5063,0,0,0,0,0,0,1,0,0,0,1,0
ENSMUSG00000116605,Gm19142,0,0,0,0,0,0,0,0,0,0,0,0
ENSMUSG00000022960,Donson,411,399,411,352,448,256,384,439,372,328,524,441
ENSMUSG00000116933,Atp5o,0,0,0,0,0,0,0,0,0,0,0,0
ENSMUSG00000085169,Gm10785,3,5,11,2,13,4,5,1,8,5,11,6
ENSMUSG00000062082,Cd200r4,4,6,5,8,3,5,4,6,8,12,6,6
ENSMUSG00000116911,Gm5964,0,0,0,2,0,0,0,0,0,0,0,0
ENSMUSG00000090176,Cd200r2,0,0,0,0,0,0,0,0,0,0,0,0
ENSMUSG00000116820,Gm17928,0,0,0,0,0,0,0,0,0,0,0,0
ENSMUSG00000022779,Top3b,1018,1181,870,888,1052,542,755,921,1038,976,1050,916
ENSMUSG00000036172,Cd200r3,0,0,1,2,0,0,2,0,0,0,0,0
ENSMUSG00000026181,Ppm1f,1546,1670,1269,1300,1512,521,1106,1308,1398,1392,1533,1422
ENSMUSG00000116823,Gm49595,0,0,0,0,0,0,0,0,0,0,0,0
ENSMUSG00000116703,Gm46540,0,3,0,0,1,1,0,1,0,0,0,0
ENSMUSG00000116598,Gm6438,1,0,0,0,0,0,0,0,0,2,1,0
ENSMUSG00000058240,Cryzl1,133,110,104,106,104,80,135,115,111,136,128,128
ENSMUSG00000022665,Ccdc80,3,6,2,2,3,6,4,4,2,2,0,0
ENSMUSG00000022664,Slc35a5,253,280,229,190,291,205,216,234,269,194,306,244
ENSMUSG00000022663,Atg3,1033,1185,884,918,985,1020,928,1014,1032,889,1126,855
ENSMUSG00000062284,Gm6030,164,217,150,167,140,53,188,176,193,143,170,142
ENSMUSG00000063358,Mapk1,5073,5527,4459,4422,4658,2884,4088,4454,4949,4522,4497,4270
ENSMUSG00002076351,#N/A,0,0,0,0,0,0,0,0,0,0,0,0
ENSMUSG00000084792,1700056N10Rik,12,25,13,15,10,10,20,14,11,21,6,10
ENSMUSG00000052013,Btla,2739,3207,2736,2955,2932,2305,2134,2781,2944,3037,3069,2821
ENSMUSG00000022661,Cd200,4785,5036,3927,4158,3708,2984,4085,4163,4094,3893,3326,2968
ENSMUSG00000080715,Gm5406,0,0,1,0,1,0,0,0,0,1,0,0
ENSMUSG00000053182,Gm609,0,0,1,0,1,0,0,0,1,0,0,1
ENSMUSG00000022773,Ypel1,10,5,2,4,3,1,3,4,2,3,1,2
ENSMUSG00000081303,Gm16011,0,0,0,0,0,0,0,0,0,0,0,0
ENSMUSG00000055497,Gm9974,9,12,12,7,5,25,9,5,8,7,12,0
ENSMUSG00000116542,Gm17783,0,0,0,0,0,0,0,0,0,0,1,0
ENSMUSG00000089630,Gm6903,0,0,0,0,0,0,0,0,0,0,0,0
ENSMUSG00000033210,Slc9c1,0,0,0,0,1,0,0,0,0,0,0,0
ENSMUSG00000022659,Gcsam,0,0,0,0,0,0,0,0,0,0,0,0
ENSMUSG00000033187,BC016579,0,0,0,0,0,0,0,2,1,1,0,0
ENSMUSG00000116593,Gm49585,0,0,0,0,0,0,0,0,0,0,0,0
ENSMUSG00000033177,Tmprss7,1,0,2,2,0,0,2,0,1,1,0,0
ENSMUSG00000022658,Tagln3,1,1,2,3,2,0,0,3,0,2,2,1
ENSMUSG00000033157,Abhd10,237,265,229,219,312,168,255,235,290,225,223,279
ENSMUSG00000086237,Gm15591,0,0,0,0,0,0,0,0,0,0,0,0
ENSMUSG00000022771,Ppil2,1184,1304,971,1025,1126,706,934,1129,1183,1039,1128,1043
ENSMUSG00000116645,Gm49584,0,0,0,0,1,0,0,0,0,0,0,1
ENSMUSG00000049916,2610318N02Rik,240,241,204,177,249,130,229,254,215,207,268,253
ENSMUSG00000065572,Mir130b,3,9,7,4,0,0,4,4,1,2,3,3
ENSMUSG00000076288,Mir301b,0,0,4,0,0,0,3,1,0,0,1,0
ENSMUSG00000022769,Sdf2l1,524,487,381,376,516,202,444,397,432,343,632,562
ENSMUSG00000116694,Gm6440,4,3,5,5,2,1,6,2,5,8,6,4
ENSMUSG00000022768,Ccdc116,490,542,409,373,402,171,352,403,420,403,448,432
ENSMUSG00000041774,Ydjc,565,648,492,521,552,186,494,493,643,556,596,700
ENSMUSG00000033149,Phldb2,3,1,6,1,1,4,4,5,0,2,7,5
ENSMUSG00000038965,Ube2l3,1587,1733,1358,1507,1564,1016,1614,1663,1536,1344,1508,1409
ENSMUSG00000119426,#N/A,0,0,0,0,0,0,0,0,0,0,0,0
ENSMUSG00000071636,Rimbp3,6,8,2,0,0,0,2,3,4,2,5,2
ENSMUSG00000085781,Gm15640,0,0,0,0,0,0,0,0,0,0,0,0
ENSMUSG00000085826,Gm15638,0,0,0,0,0,0,0,0,0,0,0,1
ENSMUSG00000087141,Plcxd2,795,870,971,896,1138,740,642,1005,837,794,953,799
ENSMUSG00000050240,Hic2,189,166,154,152,219,83,142,164,180,159,221,194
ENSMUSG00000119085,#N/A,0,0,0,0,0,0,0,0,0,0,0,0
ENSMUSG00000116743,Gm49573,0,0,0,0,0,0,0,0,0,0,0,0
ENSMUSG00000022657,Cd96,1594,1710,1275,1288,1510,1270,1215,1328,1514,1409,1561,1433
ENSMUSG00000118485,Gm50487,0,0,0,0,0,0,0,0,0,0,0,0
ENSMUSG00000048087,Gm4737,1,8,0,4,4,4,1,3,2,0,2,1
ENSMUSG00000119274,#N/A,0,0,0,0,0,0,0,0,0,0,0,0
ENSMUSG00000055692,Tmem191c,29,25,17,26,16,4,21,28,20,36,16,23
ENSMUSG00000022656,Nectin3,22,18,21,24,25,27,25,8,18,22,18,20
ENSMUSG00000116915,Gm17900,0,0,0,0,0,0,0,0,0,0,0,0
ENSMUSG00000081624,Gm6912,0,0,0,0,0,0,1,0,0,1,0,0
ENSMUSG00000116928,Gm18169,0,2,1,0,2,0,0,0,1,4,1,0
ENSMUSG00000119721,#N/A,0,0,0,0,0,0,0,0,0,0,0,0
ENSMUSG00002076801,#N/A,0,0,0,0,0,0,0,0,0,0,0,0
ENSMUSG00000116952,Gm6914,0,1,0,0,0,0,1,0,0,0,0,0
ENSMUSG00002076255,#N/A,0,0,0,0,0,0,0,0,0,0,0,0
ENSMUSG00000067716,Gm7275,0,0,0,0,0,0,0,0,0,0,0,0
ENSMUSG00000116986,Gm17804,0,0,0,0,0,0,0,0,0,0,0,0
ENSMUSG00000116755,6430553K19Rik,0,0,0,0,0,0,0,0,0,0,0,0
ENSMUSG00000048164,Gm7204,0,0,0,1,0,0,0,0,1,0,0,0
ENSMUSG00000116756,Gm49770,0,0,0,0,0,0,0,0,0,0,0,0
ENSMUSG00000058550,Dppa4,0,0,0,0,0,0,0,0,0,0,0,0
ENSMUSG00000072419,Dppa2,0,0,0,0,0,0,0,0,0,0,0,0
ENSMUSG00000116889,Gm49771,0,0,0,0,0,0,0,0,0,0,0,0
ENSMUSG00000110573,Gm5485,0,0,0,0,0,0,0,0,0,0,0,0
ENSMUSG00002075422,#N/A,0,0,0,0,0,0,0,0,0,0,0,0
ENSMUSG00000022652,Morc1,1,1,2,2,0,2,0,3,0,1,1,0
ENSMUSG00000041720,Pi4ka,3257,3454,2442,2310,2483,1276,1666,2404,2763,2588,2723,2523
ENSMUSG00000030775,Trat1,655,737,763,782,2362,2016,1057,1157,848,912,2266,2217
ENSMUSG00000116640,Gm8670,14,13,13,14,15,16,19,21,15,22,13,15
ENSMUSG00000022650,Retnlb,0,0,0,0,0,0,0,0,0,0,0,0
ENSMUSG00000022766,Serpind1,0,0,0,0,0,0,0,0,1,0,0,0
ENSMUSG00000065331,Gm24927,0,1,1,1,0,0,2,0,0,0,1,0
ENSMUSG00000061100,Retnla,0,0,0,0,0,0,0,0,0,0,0,0
ENSMUSG00000022765,Snap29,831,822,666,658,609,505,599,654,725,699,646,626
ENSMUSG00000022651,Retnlg,0,0,0,2,0,0,0,0,0,0,0,0
ENSMUSG00000006134,Crkl,2210,2312,1739,1705,1966,906,1436,1806,1918,1895,1719,1776
ENSMUSG00002076579,#N/A,0,0,0,0,0,0,0,0,0,0,0,0
ENSMUSG00000022957,Itsn1,31,46,32,24,26,27,28,27,34,31,23,11
ENSMUSG00000022763,Aifm3,0,1,0,0,0,0,0,1,0,0,0,1
ENSMUSG00000119053,#N/A,0,0,0,0,0,0,0,1,0,0,0,0
ENSMUSG00000087240,Gm15976,0,0,0,0,0,0,0,0,0,0,0,0
ENSMUSG00000022956,Atp5o,833,1028,812,808,1004,510,1040,1011,882,854,1044,823
ENSMUSG00000087190,D430001F17Rik,0,0,0,0,1,1,0,0,1,0,0,0
ENSMUSG00002076309,#N/A,0,0,0,0,0,0,0,0,0,0,0,0
ENSMUSG00000116834,Gm18020,0,0,0,0,0,0,0,0,0,0,0,0
ENSMUSG00000089293,Gm23210,0,0,0,0,0,0,0,0,0,0,0,0
ENSMUSG00000039680,Mrps6,1615,1785,1410,1414,1553,952,1507,1301,1550,1338,1354,1323
ENSMUSG00000064061,Dzip3,224,216,172,211,342,388,133,258,204,240,376,333
ENSMUSG00000116930,Gm49711,0,1,2,0,0,0,1,1,2,0,0,0
ENSMUSG00000065667,Gm22576,0,0,0,0,0,0,0,0,0,0,0,0
ENSMUSG00000089774,Slc5a3,1806,1780,2051,1804,2386,1655,1193,1649,1589,1554,2172,2260
ENSMUSG00000086331,Gm16310,34,30,51,32,57,55,26,28,30,31,71,41
ENSMUSG00000116747,Gm41496,0,2,0,1,0,0,0,1,0,0,0,0
ENSMUSG00000116608,Gm41495,0,0,0,0,0,0,0,0,0,0,0,0
ENSMUSG00000116784,Gm49716,0,0,0,0,0,0,0,0,0,0,0,0
ENSMUSG00000116878,Gm29880,0,0,0,0,0,1,0,0,0,0,0,0
ENSMUSG00000039672,Kcne2,0,0,0,1,0,0,0,0,0,0,0,0
ENSMUSG00000051989,Smim11,130,148,131,140,159,170,179,177,155,127,196,182
ENSMUSG00000085637,1700048M11Rik,0,0,0,0,0,0,0,0,0,0,0,0
ENSMUSG00000051728,Fam243,0,0,0,0,0,0,0,0,0,0,0,0
ENSMUSG00000116967,Smim34,0,0,0,0,0,0,0,0,0,0,0,0
ENSMUSG00000039639,Kcne1,0,0,0,0,0,0,0,0,0,0,0,0
ENSMUSG00000116693,Gm29805,0,0,0,0,0,0,0,0,0,0,0,0
ENSMUSG00000033031,Cip2a,842,942,1006,1081,1780,1779,1186,1579,794,822,1529,1300
ENSMUSG00000022951,Rcan1,358,441,277,254,278,129,308,276,384,332,303,269
ENSMUSG00000116964,Gm46555,0,0,0,0,0,0,0,0,0,0,0,0
ENSMUSG00000092009,Myh15,0,0,0,1,0,0,0,0,0,0,0,0
ENSMUSG00000051297,2410124H12Rik,0,0,0,0,0,0,0,0,0,0,0,0
ENSMUSG00000022761,Lztr1,997,1080,795,834,930,348,797,893,954,829,976,964
ENSMUSG00000073976,1700026J12Rik,0,0,0,0,0,0,0,0,0,0,0,0
ENSMUSG00000058176,Gm5407,0,0,0,0,0,0,0,0,0,0,0,0
ENSMUSG00000116700,Gm18694,0,0,1,0,0,0,0,0,0,0,0,0
ENSMUSG00000116948,Gm4802,0,0,0,0,0,0,0,0,0,0,0,0
ENSMUSG00000097959,Gm6931,3,3,2,6,2,0,3,1,8,0,1,1
ENSMUSG00000022949,Clic6,0,0,0,0,1,0,0,0,0,0,0,0
ENSMUSG00000116709,Gm49722,0,0,0,0,0,0,0,0,0,0,0,0
ENSMUSG00000022760,Thap7,649,750,480,509,567,276,546,547,697,577,613,561
ENSMUSG00000116898,Gm49785,1,3,5,3,5,0,4,4,2,0,3,6
ENSMUSG00000022952,Runx1,2701,2658,1933,1905,1872,1488,1250,1772,2698,2441,1747,1652
ENSMUSG00000097139,Gm26626,0,0,0,0,1,0,0,0,0,0,0,0
ENSMUSG00000116805,Gm49723,0,0,0,0,0,0,0,0,0,0,0,0
ENSMUSG00002075263,#N/A,0,0,0,0,0,0,0,0,0,0,0,0
ENSMUSG00000100277,1810053B23Rik,0,0,0,0,0,0,0,0,0,0,0,0
ENSMUSG00000032965,Ift57,390,359,283,312,277,261,310,342,347,298,304,264
ENSMUSG00000116846,1810044K17Rik,0,0,0,0,0,0,0,0,0,0,0,0
ENSMUSG00000076457,Mir802,0,0,0,0,0,0,0,0,0,0,0,0
ENSMUSG00000087066,Gm15518,31,35,27,48,43,18,32,27,28,23,30,16
ENSMUSG00000099968,1700029J03Rik,0,0,0,0,0,0,0,0,0,0,0,0
ENSMUSG00000116595,Gm30695,0,0,0,0,0,0,0,0,0,0,0,0
ENSMUSG00000116576,Gm49725,0,0,0,0,0,0,0,0,0,0,0,0
ENSMUSG00000022759,Lrrc74b,0,0,0,0,0,0,0,0,1,0,0,0
ENSMUSG00000022948,Setd4,318,351,275,325,329,147,267,294,319,323,301,308
ENSMUSG00000022758,P2rx6,0,0,0,0,0,0,0,1,0,0,0,0
ENSMUSG00000117317,Gm49961,0,0,0,0,0,0,0,0,0,0,0,0
ENSMUSG00000051483,Cbr1,123,132,103,119,156,58,127,100,122,111,188,170
ENSMUSG00000082815,Gm5678,0,0,0,0,0,0,0,2,0,0,0,0
ENSMUSG00000109777,Gm45384,0,0,0,0,0,0,0,0,0,0,0,0
ENSMUSG00002075754,#N/A,0,0,0,0,0,0,0,0,0,0,0,0
ENSMUSG00000118512,AC160993.1,0,0,0,0,0,0,0,0,0,0,0,0
ENSMUSG00000022947,Cbr3,5,7,7,4,17,9,7,3,7,10,11,8
ENSMUSG00000022756,Slc7a4,4,4,3,3,8,1,2,3,2,1,4,6
ENSMUSG00000055447,Cd47,3923,4935,4211,4278,3506,1973,4589,4872,3833,3464,3305,3096
ENSMUSG00000098028,Gm8824,26,7,6,6,3,3,5,4,18,23,8,10
ENSMUSG00000022946,Dop1b,792,806,663,618,696,334,466,721,615,678,546,482
ENSMUSG00000097768,2310043M15Rik,0,1,0,0,0,3,0,0,0,0,0,0
ENSMUSG00000116927,Gm30881,0,0,0,0,0,1,0,0,0,1,0,1
ENSMUSG00000039456,Morc3,1233,1270,1058,1038,1096,906,838,1043,1118,1007,1071,1037
ENSMUSG00000022945,Chaf1b,547,571,460,522,556,335,533,623,527,421,561,484
ENSMUSG00000116890,Gm49617,2,1,2,0,1,1,1,1,1,1,0,0
ENSMUSG00000022641,Bbx,597,734,665,632,592,502,548,794,581,610,665,655
ENSMUSG00000097694,G730013B05Rik,0,0,0,0,0,0,0,0,0,0,0,0
ENSMUSG00000047109,Cldn14,0,0,0,0,0,0,0,0,0,0,0,0
ENSMUSG00000050685,Ccdc54,0,0,0,0,0,0,0,0,0,0,0,0
ENSMUSG00000116848,4930542D17Rik,0,0,0,0,0,0,0,0,0,0,0,0
ENSMUSG00000116681,Gm49618,0,0,0,0,0,0,0,0,0,0,0,0
ENSMUSG00000116947,2410003I16Rik,0,0,0,0,0,0,0,0,0,0,0,0
ENSMUSG00000083692,Gm9575,2,0,0,0,0,0,1,1,3,1,3,2
ENSMUSG00000116939,Gm49619,0,0,0,0,0,0,0,0,0,0,0,0
ENSMUSG00000116569,Gm49620,0,0,0,0,0,0,0,0,0,0,0,0
ENSMUSG00000022639,Dubr,146,171,137,113,104,78,96,148,120,121,134,124
ENSMUSG00000098482,Mir6363,0,0,0,0,0,0,0,0,0,0,0,0
ENSMUSG00000092276,1700116B05Rik,0,0,0,0,0,0,0,0,0,0,0,0
ENSMUSG00000118814,#N/A,0,0,0,0,0,0,0,0,0,0,0,0
ENSMUSG00000116706,Gm32431,0,0,0,0,0,0,0,0,0,0,0,0
ENSMUSG00000081453,Gm6767,23,39,42,29,32,8,48,28,26,24,23,16
ENSMUSG00000116855,Gm49608,0,0,0,0,0,0,0,0,0,0,0,0
ENSMUSG00000116725,Gm29686,0,1,0,0,1,0,0,0,0,0,0,0
ENSMUSG00000062713,Sim2,0,3,0,1,1,0,2,0,1,2,0,0
ENSMUSG00000040820,Hlcs,501,601,534,628,566,348,510,694,509,501,419,408
ENSMUSG00002075382,#N/A,1,0,1,0,0,0,1,0,1,0,0,0
ENSMUSG00000115325,Gm48979,2,0,0,6,1,0,0,1,0,1,0,1
ENSMUSG00000115246,Gm48984,0,0,0,0,0,0,0,0,0,0,0,0
ENSMUSG00000115044,Gm48978,1,4,11,4,5,8,4,6,5,6,5,11
ENSMUSG00000114993,Gm6363,0,0,0,1,1,1,2,0,1,2,1,1
ENSMUSG00000022941,Ripply3,0,0,0,1,3,1,1,3,0,2,0,1
ENSMUSG00000022940,Pigp,57,64,52,72,69,40,96,59,88,69,75,72
ENSMUSG00000089814,Gm15310,0,0,0,0,0,0,0,0,0,0,0,0
ENSMUSG00000022637,Cblb,10308,10962,8136,8019,9466,6626,6737,8909,9152,8758,12810,11348
ENSMUSG00000119052,#N/A,0,0,0,0,0,0,0,0,0,0,0,0
ENSMUSG00000022636,Alcam,5651,5658,4245,4109,4096,3772,3029,3827,4768,4401,4034,3801
ENSMUSG00000116880,Gm49634,0,0,0,0,0,0,0,0,0,0,0,0
ENSMUSG00000116611,4930404A05Rik,0,0,0,0,0,0,0,0,0,0,1,0
ENSMUSG00000116689,4930405D01Rik,0,0,0,0,0,0,0,0,0,0,0,0
ENSMUSG00000077718,Gm25723,0,0,0,0,0,0,0,0,0,0,0,0
ENSMUSG00000064511,Gm22459,0,0,0,0,0,0,0,0,0,0,0,0
ENSMUSG00000116977,Gm49637,0,0,0,0,0,0,0,0,0,0,0,0
ENSMUSG00000116629,Gm49638,0,0,1,0,0,0,0,0,0,0,0,0
ENSMUSG00002075303,#N/A,0,0,0,0,0,0,0,0,0,0,0,0
ENSMUSG00000116912,Gm5487,28,6,10,11,11,11,13,12,34,26,19,17
ENSMUSG00000116567,Gm49639,0,0,0,0,0,0,0,0,0,0,0,0
ENSMUSG00000064727,Gm25853,0,0,0,0,0,0,0,0,0,0,0,0
ENSMUSG00000116662,Gm46541,0,0,0,0,0,0,0,0,0,0,0,0
ENSMUSG00000089311,Gm23180,0,0,0,0,0,0,0,0,0,0,0,0
ENSMUSG00000116727,Gm8881,0,0,0,0,0,0,0,0,0,0,0,0
ENSMUSG00000064549,Gm22977,0,0,0,0,0,0,0,0,0,0,0,0
ENSMUSG00000064310,Zpld1,0,0,0,0,2,0,0,0,0,0,0,0
ENSMUSG00000093292,Mir5118,0,0,0,0,0,0,0,0,0,0,0,0
ENSMUSG00000119820,#N/A,0,0,0,0,0,0,0,0,0,0,0,0
ENSMUSG00000116969,Gm19771,0,0,0,0,0,0,0,0,0,0,0,0
ENSMUSG00000088450,Gm26369,0,0,0,0,0,0,0,0,0,0,0,0
ENSMUSG00000005899,Smpd4,1673,1704,1607,1578,1507,955,1474,1753,1558,1444,1607,1515
ENSMUSG00000041617,Ccdc74a,8,1,4,9,1,3,4,5,4,4,9,5
ENSMUSG00000035356,Nfkbiz,967,1111,924,889,710,488,620,591,824,876,719,586
ENSMUSG00000075033,Nxpe3,375,369,350,316,385,148,383,405,390,332,483,441
ENSMUSG00000116919,Gm17809,23,37,19,17,16,6,14,18,25,11,21,14
ENSMUSG00000022604,Cep97,123,116,114,110,141,98,147,172,104,99,198,188
ENSMUSG00000116653,Gm8900,3,8,5,7,3,3,10,4,7,6,11,6
ENSMUSG00000098274,Rpl24,27,36,21,37,21,6,28,10,26,15,17,21
ENSMUSG00000098371,Gm28037,0,0,0,0,0,0,0,0,0,0,0,0
ENSMUSG00000102101,Zbtb11os1,20,23,24,30,26,15,27,30,38,34,23,24
ENSMUSG00000022601,Zbtb11,1010,983,840,851,832,670,583,769,922,875,981,931
ENSMUSG00000012114,Med15,2319,2396,1868,1833,1705,1515,1743,2157,1980,1797,1978,1738
ENSMUSG00000116561,Gm18335,2,1,3,2,1,4,0,1,0,1,5,1
ENSMUSG00000116994,Gm49684,0,0,0,0,0,0,0,0,0,0,0,0
ENSMUSG00000059150,Rpl26-ps4,0,0,1,0,1,1,0,0,0,0,0,0
ENSMUSG00000116696,Gm49683,0,0,0,0,0,0,0,0,0,0,0,0
ENSMUSG00000116783,Gm6048,0,0,0,0,1,0,0,0,0,0,0,0
ENSMUSG00000116936,Bod1-ps,0,1,0,1,0,0,0,0,0,1,0,1
ENSMUSG00000071533,Pcnp,677,572,524,536,605,565,567,580,621,598,681,638
ENSMUSG00000044763,Trmt10c,1124,1154,1010,1024,1245,1224,902,1099,1094,1002,1344,1243
ENSMUSG00000064994,Gm22422,1,0,1,7,1,0,0,2,2,3,0,5
ENSMUSG00000022750,Klhl22,294,281,257,241,287,88,180,217,240,240,293,299
ENSMUSG00000012017,Scarf2,7,2,2,4,2,0,3,1,5,3,8,5
ENSMUSG00000116777,Zfp520-ps,0,0,0,0,0,0,0,0,0,0,0,0
ENSMUSG00000116652,B830017H08Rik,0,0,0,0,0,0,0,0,0,0,0,0
ENSMUSG00000090236,Car15,7,1,9,4,5,6,0,3,9,8,9,2
ENSMUSG00000092470,Gm20518,5,2,6,2,2,2,3,2,8,6,5,3
ENSMUSG00000052917,Senp7,136,132,104,72,97,126,101,120,122,103,161,153
ENSMUSG00000076377,Gm22370,0,0,0,0,0,0,0,0,0,0,0,0
ENSMUSG00000116999,Gm18723,0,0,0,0,0,0,0,0,0,0,0,0
ENSMUSG00000116826,Gm49682,0,1,0,0,0,0,0,0,0,0,0,0
ENSMUSG00000003166,Dgcr2,1534,1730,1325,1380,1286,391,1263,1351,1421,1348,1086,1072
ENSMUSG00000041566,Tssk1,1,0,0,0,0,1,0,0,0,0,0,0
ENSMUSG00000045521,Tssk2,0,1,0,0,0,0,0,0,0,0,0,0
ENSMUSG00000035270,Impg2,4,2,6,5,2,4,3,5,2,6,4,1
ENSMUSG00000116998,Gm21050,0,0,0,0,0,0,0,0,0,0,0,1
ENSMUSG00000003527,Ess2,662,732,486,578,593,284,562,618,644,609,590,564
ENSMUSG00000022738,Gsc2,0,0,0,0,0,0,0,0,0,0,0,0
ENSMUSG00000103149,AA914427,3,9,4,2,16,1,1,2,3,2,4,8
ENSMUSG00000003528,Slc25a1,792,966,701,766,744,235,767,928,889,819,752,697
ENSMUSG00000059280,Vpreb2,0,0,0,0,0,0,0,0,0,0,0,0
ENSMUSG00000116658,Gm49580,0,0,0,0,0,0,0,0,0,0,0,0
ENSMUSG00000003531,Dgcr6,99,95,60,51,101,39,67,51,99,62,104,84
ENSMUSG00000003526,Prodh,169,175,139,135,135,71,155,134,182,165,169,141
ENSMUSG00000043811,Rtn4r,1,2,2,1,1,0,3,2,1,0,1,1
ENSMUSG00000099293,Mir6366,0,0,0,0,0,0,0,0,0,0,0,0
ENSMUSG00000116557,4933432I09Rik,2,1,0,1,0,1,2,1,4,1,0,0
ENSMUSG00000116772,4930483P17Rik,0,0,0,0,0,0,0,0,0,0,0,0
ENSMUSG00000090777,Ccdc188,0,0,0,0,0,2,0,0,0,0,0,0
ENSMUSG00000060166,Zdhhc8,697,703,438,438,464,190,397,471,613,518,752,710
ENSMUSG00000035258,Abi3bp,1,2,1,1,1,17,0,0,0,0,2,0
ENSMUSG00000022757,Tfg,2029,2112,1650,1694,1757,1437,1693,1918,2002,1790,1887,1798
ENSMUSG00000022755,Adgrg7,0,0,0,0,0,4,0,0,0,0,0,0
ENSMUSG00000082485,Gm15693,0,0,0,0,0,0,0,0,0,0,0,0
ENSMUSG00000022754,Tmem45a,5,0,0,3,0,1,3,1,0,3,0,0
ENSMUSG00000084999,Gm15839,0,0,0,0,0,0,0,0,0,0,0,0
ENSMUSG00000083467,Gm15840,0,0,0,0,0,0,0,0,0,0,0,0
ENSMUSG00000109588,Lnp1,0,0,0,0,0,0,0,0,0,0,0,0
ENSMUSG00000116866,Gm8938,0,0,0,0,0,0,0,0,0,0,0,0
ENSMUSG00000046748,Tmem45a2,0,0,1,0,0,0,0,0,0,0,0,0
ENSMUSG00000022752,Tomm70a,7675,8285,6589,6728,7462,5593,5991,6871,7716,7053,7327,6687
ENSMUSG00000022751,Nit2,280,309,238,219,237,110,273,246,309,289,276,252
ENSMUSG00000097876,Gm16892,1,0,2,0,0,0,0,0,0,0,0,1
ENSMUSG00000022749,Tbc1d23,222,234,200,172,189,141,160,189,227,188,196,173
ENSMUSG00000116675,Gm49581,0,0,0,0,0,0,0,0,0,0,0,0
ENSMUSG00000022753,Tmem30c,2,2,1,1,4,9,1,1,0,1,2,1
ENSMUSG00000097896,Gm26800,0,0,0,0,0,0,0,0,0,0,0,0
ENSMUSG00000022748,Cmss1,284,320,266,324,553,305,354,311,331,277,569,467
ENSMUSG00000116877,4921517D16Rik,0,0,0,0,0,0,0,0,0,0,0,0
ENSMUSG00000116789,Gm49579,0,0,0,0,0,1,0,0,0,0,0,0
ENSMUSG00000043336,Filip1l,157,198,139,111,115,176,113,153,103,140,172,138
ENSMUSG00000068196,Col8a1,0,0,0,0,1,3,0,0,0,0,0,0
ENSMUSG00000116873,Gm49577,0,0,1,0,0,0,0,0,0,0,0,0
ENSMUSG00000116788,Gm5674,2,0,0,1,1,3,0,3,1,2,3,2
ENSMUSG00000116920,Gm49575,0,0,0,0,0,0,0,0,0,0,0,0
ENSMUSG00000119068,#N/A,0,0,0,0,0,0,0,0,0,0,0,0
ENSMUSG00000040785,Ttc3,1072,1062,789,781,931,773,624,841,986,976,1087,960
ENSMUSG00000116630,Rpl7a-ps4,1,3,2,0,2,1,1,1,1,1,6,1
ENSMUSG00000104285,Gm37458,0,0,0,0,0,0,0,0,0,0,0,0
ENSMUSG00000116770,Gm49576,0,0,0,0,0,0,0,0,0,0,0,0
ENSMUSG00000116717,Gm49574,0,0,0,0,0,0,0,0,0,0,0,0
ENSMUSG00000104456,Gm37825,0,0,0,0,0,0,0,0,0,0,0,0
ENSMUSG00000086827,4930461C15Rik,0,0,0,0,0,0,0,0,0,0,0,0
ENSMUSG00000075829,Gm23692,0,0,0,0,0,0,0,0,0,0,0,0
ENSMUSG00000116589,Gm31323,0,0,1,0,0,0,0,0,0,0,0,0
ENSMUSG00000035107,Dcbld2,106,100,132,141,131,48,81,116,76,92,83,79
ENSMUSG00000022898,Vps26c,230,238,183,189,250,92,202,215,235,231,237,202
ENSMUSG00000022897,Dyrk1a,2646,2726,2041,1996,1930,1432,1734,2199,2271,2205,1897,1688
ENSMUSG00000081692,Gm15971,2,0,1,0,1,3,0,1,0,5,2,2
ENSMUSG00000116822,Gm41504,0,0,0,0,0,0,0,0,0,0,0,0
ENSMUSG00000116641,Gm41505,0,0,0,0,0,0,0,0,0,0,1,0
ENSMUSG00000022747,St3gal6,153,184,137,132,87,60,130,157,125,131,118,105
ENSMUSG00000116914,Gm20942,0,0,0,0,0,0,0,0,0,0,0,0
ENSMUSG00000075002,Gm813,0,0,0,0,0,0,0,0,0,0,0,0
ENSMUSG00000055789,Ftdc,0,0,0,0,0,0,0,0,0,0,0,0
ENSMUSG00000116579,Gm49701,0,0,0,0,0,0,0,0,0,0,0,0
ENSMUSG00000043301,Kcnj6,0,0,0,0,0,0,0,0,0,0,0,0
ENSMUSG00002076843,#N/A,0,0,0,0,0,0,0,0,0,0,0,0
ENSMUSG00000116667,Gm49641,3,1,2,1,1,0,0,0,2,1,0,3
ENSMUSG00000116601,Gm49642,0,0,0,0,0,0,0,0,0,0,0,0
ENSMUSG00000116720,Gm31641,1,0,0,0,0,0,0,0,0,0,0,0
ENSMUSG00000022742,Cpox,1002,1002,924,883,1093,847,897,933,1013,862,1183,1060
ENSMUSG00000047293,Gpr15,0,5,9,17,4,3,2,7,5,11,4,4
ENSMUSG00000022744,Cldnd1,1380,1594,1556,1607,1675,998,1497,1585,1408,1252,1373,1171
ENSMUSG00002074921,#N/A,0,0,0,0,0,0,0,0,0,0,0,0
ENSMUSG00000077595,Gm26019,0,0,0,0,0,0,0,0,0,0,0,0
ENSMUSG00000071510,Olfr172,0,0,0,0,0,0,0,0,0,0,0,0
ENSMUSG00000049362,Olfr173,0,0,0,0,0,0,0,0,0,0,0,0
ENSMUSG00000060663,Olfr175,0,0,0,0,0,0,0,0,0,0,0,0
ENSMUSG00000063137,Olfr177,0,0,0,0,0,0,0,0,0,0,0,0
ENSMUSG00000044029,Olfr178,0,0,0,0,0,0,0,0,0,0,0,0
ENSMUSG00000090629,Olfr180,0,0,0,0,0,0,0,0,0,0,0,0
ENSMUSG00000062609,Kcnj15,12,4,7,5,2,1,1,5,8,6,6,1
ENSMUSG00000090951,Olfr181,0,0,0,0,0,0,0,0,0,0,0,0
ENSMUSG00000116716,Gm49643,0,0,0,0,0,0,0,0,0,0,0,0
ENSMUSG00000108535,Gm45071,0,0,0,0,0,0,0,0,0,0,0,0
ENSMUSG00000062105,Olfr183,0,0,0,0,1,0,0,0,0,0,0,0
ENSMUSG00000108537,Olfr184-ps1,0,0,0,0,0,0,0,0,0,0,0,0
ENSMUSG00000108451,Olfr185-ps1,0,0,0,0,0,0,0,0,0,0,0,0
ENSMUSG00000047960,Olfr186,0,0,0,0,0,0,0,0,0,0,0,0
ENSMUSG00000043357,Olfr187,0,0,0,0,0,0,0,0,0,0,0,0
ENSMUSG00000108662,Olfr188-ps1,0,0,0,0,0,0,0,0,0,0,1,0
ENSMUSG00000108565,Olfr189-ps1,0,0,0,0,0,0,0,0,0,0,0,0
ENSMUSG00000064006,Olfr190,0,0,2,0,0,0,0,0,0,0,0,0
ENSMUSG00000094539,Olfr191,0,0,0,0,0,2,0,0,0,0,0,0
ENSMUSG00000108464,Olfr192,0,0,0,0,0,0,0,0,0,0,0,0
ENSMUSG00000060057,Olfr193,0,0,0,0,0,0,0,0,0,0,0,0
ENSMUSG00000063020,Olfr194,0,0,0,0,0,0,0,0,0,0,0,0
ENSMUSG00000062608,Olfr195,0,0,0,0,0,0,0,0,0,0,0,0
ENSMUSG00000096695,Olfr196,0,0,0,0,0,0,0,0,0,0,0,0
ENSMUSG00000109020,Olfr197,0,0,0,0,0,0,0,0,0,0,0,0
ENSMUSG00000000884,Gnb1l,149,165,113,111,164,53,186,112,137,139,158,147
ENSMUSG00000052537,Olfr198,0,0,0,0,0,0,0,0,0,0,0,0
ENSMUSG00000074996,Olfr199,0,0,0,0,0,0,0,0,0,0,0,0
ENSMUSG00000086965,Rtl10,106,125,76,77,102,27,73,105,99,89,105,122
ENSMUSG00000109537,Olfr200-ps1,0,0,0,0,0,0,0,0,0,0,0,0
ENSMUSG00000074995,Olfr201,0,0,0,0,0,0,0,0,0,0,0,0
ENSMUSG00000048810,Olfr202,0,0,0,0,0,0,0,0,0,0,0,0
ENSMUSG00000068182,Olfr203,0,0,0,0,0,0,0,0,0,0,0,0
ENSMUSG00000095928,Olfr204,0,0,0,0,0,1,0,0,0,0,0,0
ENSMUSG00000094422,Olfr205,0,0,0,0,0,0,0,0,0,0,0,0
ENSMUSG00000066257,Olfr206,0,0,0,0,0,0,0,0,0,0,0,0
ENSMUSG00000009097,Tbx1,1,1,0,0,2,0,1,1,2,0,1,0
ENSMUSG00000095706,Olfr209,0,0,0,0,0,0,0,0,0,0,0,0
ENSMUSG00000075335,4930588K23Rik,0,0,0,0,0,0,0,0,0,0,0,0
ENSMUSG00000050761,Gp1bb,0,0,0,0,0,0,0,0,0,0,0,0
ENSMUSG00000074991,Gabrr3,4,3,0,0,1,0,6,0,3,1,1,0
ENSMUSG00000116594,Gm49601,1,2,4,0,3,0,0,0,2,0,2,0
ENSMUSG00000099983,1700022E09Rik,0,0,0,0,0,0,2,0,0,0,0,1
ENSMUSG00000022724,Riox2,3393,3706,2680,2762,2632,1742,2562,2812,3218,2877,2945,2618
ENSMUSG00000072214,44809,20,24,10,5,8,19,13,7,21,14,6,13
ENSMUSG00000116825,Rps2-ps7,5,0,1,2,2,1,1,2,0,1,0,1
ENSMUSG00000041378,Cldn5,0,0,0,0,0,0,0,0,0,0,0,0
ENSMUSG00000022723,Crybg3,2822,2829,2003,1944,1460,1236,1064,1950,1789,1791,1655,1578
ENSMUSG00000040732,Erg,20,21,18,20,31,40,14,13,21,15,20,29
ENSMUSG00000000028,Cdc45,696,702,732,643,967,656,818,957,690,589,898,768
ENSMUSG00000022722,Arl6,127,196,108,123,130,101,151,134,132,119,137,111
ENSMUSG00000116894,4930547E14Rik,0,0,0,0,0,0,0,1,0,0,0,0
ENSMUSG00000022895,Ets2,1269,1322,1027,1137,1048,648,976,1214,1040,1003,971,853
ENSMUSG00000117167,Gm6599,0,4,2,3,3,1,4,3,1,0,0,2
ENSMUSG00000055540,Epha6,0,0,0,0,0,1,0,0,0,0,0,0
ENSMUSG00000117232,1600002D24Rik,0,0,0,1,0,2,0,0,0,0,1,0
ENSMUSG00000005262,Ufd1,1299,1381,1108,1105,1101,657,1178,1138,1248,1106,1053,908
ENSMUSG00000104172,Gm37259,0,0,0,0,0,0,0,0,0,0,0,0
ENSMUSG00002075313,#N/A,0,0,0,0,0,0,0,0,0,0,0,0
ENSMUSG00000087636,Gm4660,0,0,0,0,0,0,0,0,0,0,0,0
ENSMUSG00000085329,2810404F17Rik,0,0,0,0,0,5,0,0,0,1,0,0
ENSMUSG00000089685,Gm9017,0,0,0,0,0,0,0,0,0,0,0,0
ENSMUSG00000085903,Gm15340,2,8,2,6,2,3,7,9,6,3,1,1
ENSMUSG00000097963,Gm27001,0,0,0,0,0,0,0,0,1,0,0,0
ENSMUSG00000116853,Gm49609,0,0,0,0,0,0,0,0,0,0,0,0
ENSMUSG00002075526,#N/A,0,0,0,0,0,0,0,0,0,0,0,0
ENSMUSG00000090882,Gm17065,0,0,0,0,0,0,0,0,0,0,0,0
ENSMUSG00000071632,2510002D24Rik,233,241,184,208,213,125,231,212,259,205,245,241
ENSMUSG00000089001,Gm23852,0,0,0,0,0,0,0,0,0,0,0,0
ENSMUSG00000091459,Gm17054,0,0,0,0,0,0,0,0,0,0,0,0
ENSMUSG00000116956,Gm49610,0,0,0,0,0,0,0,0,0,0,0,0
ENSMUSG00002076181,#N/A,0,0,0,0,0,0,0,0,0,0,0,0
ENSMUSG00000092029,Gm9027,4,6,7,7,7,1,4,5,5,5,9,5
ENSMUSG00000090448,Gm17192,0,0,0,0,0,0,0,0,0,0,0,0
ENSMUSG00000116619,Gm49615,0,0,0,0,0,0,0,0,0,0,1,0
ENSMUSG00000118558,CT010569.1,0,0,0,0,0,1,0,0,0,0,0,0
ENSMUSG00000099908,Gm28539,0,0,0,0,0,0,0,0,0,0,0,0
ENSMUSG00000022913,Psmg1,759,930,722,720,974,623,847,770,858,800,1047,886
ENSMUSG00000070173,Gm24164,0,0,0,0,0,0,0,0,0,0,0,0
ENSMUSG00000116962,Gm19000,0,0,0,0,0,0,0,0,0,0,0,0
ENSMUSG00000085783,Gm9816,7,11,2,2,5,3,3,5,7,7,10,4
ENSMUSG00000022706,Mrpl40,811,896,752,790,866,526,810,921,922,861,859,818
ENSMUSG00000050312,Nsun3,352,363,318,300,253,290,232,310,354,337,351,285
ENSMUSG00000022911,Arl13b,247,255,187,197,219,176,183,228,215,166,268,225
ENSMUSG00000076424,Gm25986,0,0,0,0,0,0,0,0,0,0,0,0
ENSMUSG00000047854,Stx19,0,0,0,0,0,0,0,0,0,0,0,0
ENSMUSG00000022912,Pros1,523,526,651,625,706,469,612,653,456,438,771,704
ENSMUSG00000116574,Gm18870,0,0,0,0,0,1,0,0,0,0,0,0
ENSMUSG00000116612,Gm49621,0,0,0,0,0,0,0,0,0,0,0,0
ENSMUSG00000116871,Gm33912,0,0,0,0,0,0,0,0,0,0,0,0
ENSMUSG00000116752,Gm49622,0,0,0,0,0,0,0,0,0,0,0,0
ENSMUSG00000022702,Hira,452,482,433,488,421,214,492,474,469,384,415,372
ENSMUSG00000082130,Gm15799,0,0,0,0,0,0,0,1,0,1,1,1
ENSMUSG00000083658,Gm15798,0,0,0,0,0,0,2,0,0,1,1,0
ENSMUSG00000105028,Gm18747,0,0,0,0,0,0,0,0,0,0,0,0
ENSMUSG00000060811,Gm10088,0,0,0,0,0,0,0,0,0,0,0,0
ENSMUSG00000106567,2010309G21Rik,0,0,0,0,0,0,0,0,0,0,0,0
ENSMUSG00000105906,Iglc1,0,0,0,0,0,0,0,0,0,0,0,0
ENSMUSG00000106668,Iglj1,0,0,0,0,0,0,0,0,1,0,0,0
ENSMUSG00000105547,Iglc3,0,0,0,0,0,0,0,0,1,0,0,0
ENSMUSG00000106405,Iglj3p,0,0,0,0,0,0,0,0,0,0,0,0
ENSMUSG00000105231,Iglj3,0,0,0,0,0,0,0,0,0,0,0,0
ENSMUSG00000076934,Iglv1,0,0,0,0,0,0,0,0,0,0,0,0
ENSMUSG00000106444,Gm18748,0,1,0,0,0,0,0,0,0,0,0,0
ENSMUSG00000106039,Iglc4,0,0,0,0,0,0,0,0,0,0,0,0
ENSMUSG00000105066,Iglj4,0,0,0,0,0,0,0,0,0,0,0,0
ENSMUSG00000076937,Iglc2,0,0,0,0,0,0,0,2,0,0,0,0
ENSMUSG00000104975,Iglj2,0,0,0,0,0,0,0,0,0,0,0,0
ENSMUSG00000104927,Gm43388,0,0,0,0,0,0,0,0,0,0,0,0
ENSMUSG00000105128,Gm42870,0,0,0,0,0,0,0,0,0,0,0,0
ENSMUSG00000076939,Iglv3,0,2,0,0,0,0,0,0,1,0,0,0
ENSMUSG00000105160,A530030E21Rik,0,0,0,0,0,0,0,0,0,0,0,0
ENSMUSG00000076940,Iglv2,0,0,0,0,0,0,0,0,0,0,0,0
ENSMUSG00000050742,Olfr164,0,0,0,0,0,0,0,0,0,0,0,0
ENSMUSG00000089036,Gm22158,0,0,0,0,0,0,0,0,0,0,0,0
ENSMUSG00002075049,#N/A,0,0,0,0,0,0,0,0,0,0,0,0
ENSMUSG00000050158,Olfr165,0,0,0,0,0,0,0,0,0,0,0,0
ENSMUSG00000077172,Gm25762,0,0,0,0,0,0,0,0,0,0,0,0
ENSMUSG00000056822,Olfr166,0,0,0,0,0,0,0,0,0,0,0,0
ENSMUSG00000045341,Olfr167,0,0,0,0,0,0,0,0,0,0,0,0
ENSMUSG00000061361,Olfr168,0,0,0,0,0,0,0,0,0,0,0,0
ENSMUSG00000068535,Olfr169,0,0,0,0,0,0,0,0,0,0,0,0
ENSMUSG00000052504,Epha3,1,1,0,2,0,2,0,1,0,0,1,2
ENSMUSG00000088992,Gm22769,0,0,0,0,0,0,0,0,0,0,0,0
ENSMUSG00000116722,Gm49627,0,0,0,0,0,0,0,0,0,0,0,0
ENSMUSG00000062245,Olfr170,0,0,0,0,0,0,0,0,0,0,0,0
ENSMUSG00000068167,Csnka2ip,0,0,0,0,0,0,0,0,0,0,0,0
ENSMUSG00000060480,Olfr171,0,0,0,0,0,0,0,0,0,0,0,0
ENSMUSG00000116790,Gm49596,0,0,0,0,0,0,0,0,0,0,0,0
ENSMUSG00000059920,4930453N24Rik,507,553,465,452,466,410,528,524,535,462,478,516
ENSMUSG00000047141,Zfp654,652,709,551,507,576,518,438,590,594,639,620,665
ENSMUSG00000041247,Lamp3,1,2,4,1,1,0,0,0,1,0,2,1
ENSMUSG00000097945,Gm17799,24,9,17,18,9,3,9,7,20,23,6,13
ENSMUSG00000054604,Cggbp1,2579,2612,2213,1990,2345,1869,1845,2370,2434,2167,2366,2140
ENSMUSG00000097999,Gm9061,16,13,16,16,5,2,16,15,9,15,8,9
ENSMUSG00000116811,Gm16385,3,7,2,4,5,2,5,3,7,5,6,2
ENSMUSG00002076385,#N/A,0,0,0,0,0,0,0,0,0,0,0,0
ENSMUSG00000050783,Htr1f,0,0,0,0,0,0,0,0,0,0,0,0
ENSMUSG00000089178,Gm22429,0,0,0,0,0,0,0,0,0,0,0,0
ENSMUSG00000116833,Gm9584,0,0,0,0,0,0,0,0,0,0,0,0
ENSMUSG00000116687,Gm49629,0,0,0,0,0,0,0,0,0,0,0,0
ENSMUSG00002075473,#N/A,0,0,0,0,0,0,0,0,0,0,0,0
ENSMUSG00000116699,Gm49631,0,0,0,0,0,0,0,0,0,0,0,0
ENSMUSG00000022686,B3gnt5,24,28,19,30,9,11,13,21,14,10,15,13
ENSMUSG00000116980,Gm49597,0,0,0,0,0,0,0,0,0,0,0,0
ENSMUSG00000075330,A930003A15Rik,0,0,1,2,0,0,2,0,2,1,0,0
ENSMUSG00000004842,Pou1f1,0,0,0,0,1,12,1,0,0,1,3,0
ENSMUSG00000116712,Gm49598,0,0,0,0,0,0,0,0,0,0,0,0
ENSMUSG00002075497,#N/A,0,0,0,0,0,0,0,0,0,0,0,0
ENSMUSG00000004843,Chmp2b,761,810,573,573,487,350,676,658,669,664,577,471
ENSMUSG00000043008,Klhl6,186,214,200,209,89,36,170,194,119,160,136,147
ENSMUSG00000116578,Gm49633,0,0,0,0,0,0,0,0,0,0,0,0
ENSMUSG00000116622,Gm5221,1,2,1,2,2,0,3,2,0,1,2,2
ENSMUSG00000091243,Vgll3,1,0,0,0,0,0,0,0,0,0,0,0
ENSMUSG00000116631,Gm7366,0,1,0,1,3,1,1,0,0,0,1,0
ENSMUSG00000116671,Gm49635,0,0,0,0,0,0,0,0,0,0,0,0
ENSMUSG00002074945,#N/A,0,0,0,0,0,0,0,0,0,0,0,0
ENSMUSG00000119593,#N/A,0,0,0,0,0,0,0,0,0,0,0,0
ENSMUSG00000062901,Klhl24,74,78,71,73,68,37,59,74,58,50,86,58
ENSMUSG00000064115,Cadm2,0,0,0,0,0,1,0,1,1,0,0,0
ENSMUSG00000092599,1700010K23Rik,0,0,0,0,0,0,0,0,0,0,0,0
ENSMUSG00000045178,4933411O13Rik,0,0,0,0,0,0,0,0,0,0,0,0
ENSMUSG00000116904,Gm49640,0,0,0,0,0,0,0,0,0,0,0,0
ENSMUSG00000082823,Gm15828,0,0,0,0,0,0,0,0,0,0,0,0
ENSMUSG00000116575,Gm49648,0,0,0,0,0,0,0,0,0,0,0,0
ENSMUSG00000116666,Gm49649,0,0,0,0,0,0,0,0,0,0,0,0
ENSMUSG00000116711,Gm18495,0,0,0,0,0,0,0,0,0,0,0,0
ENSMUSG00000116638,Gm49650,0,0,0,0,0,0,0,0,0,0,0,0
ENSMUSG00000089385,Gm24681,0,0,0,0,0,0,0,0,0,0,0,0
ENSMUSG00000116859,Gm49651,0,0,0,0,0,0,0,0,0,0,0,0
ENSMUSG00000022914,Brwd1,1667,1713,1423,1402,1499,964,936,1468,1577,1582,1560,1520
ENSMUSG00000116562,Gm46542,0,0,0,0,0,0,0,0,0,0,0,0
ENSMUSG00002076891,#N/A,0,0,0,0,0,0,0,0,0,0,0,0
ENSMUSG00000116931,Gm18496,0,0,0,0,0,0,0,0,0,0,0,0
ENSMUSG00000107073,4930428D20Rik,0,0,0,0,0,1,0,0,0,0,0,0
ENSMUSG00000063163,Speer2,0,0,0,0,0,0,0,0,0,0,0,0
ENSMUSG00000116588,Gm49655,0,0,0,0,0,0,0,0,0,0,0,0
ENSMUSG00000116531,Gm19082,0,0,0,0,0,0,0,0,0,0,0,0
ENSMUSG00000116794,Gm49656,1,0,0,0,0,0,0,0,0,0,0,0
ENSMUSG00000116650,Gm49657,0,0,0,1,0,0,0,0,0,0,0,0
ENSMUSG00000085884,Gm15342,0,0,0,0,0,0,0,0,0,0,0,0
ENSMUSG00002075672,#N/A,0,0,1,0,0,0,0,2,0,0,0,0
ENSMUSG00000117289,1700093J21Rik,2,0,0,1,0,0,0,0,1,0,0,1
ENSMUSG00000117270,Gm49953,0,0,0,0,0,1,0,0,0,0,0,0
ENSMUSG00000040681,Hmgn1,524,553,506,576,751,368,732,649,628,589,682,652
ENSMUSG00000023147,Wrb,259,284,254,199,277,132,219,267,254,236,293,285
ENSMUSG00000117129,Gm49928,0,0,0,0,0,0,0,0,0,0,0,0
ENSMUSG00000022707,Gbe1,411,379,299,329,368,228,312,416,331,315,337,278
ENSMUSG00000116792,D16Ertd519e,0,0,0,0,0,0,0,0,0,0,0,0
ENSMUSG00000116758,Gm19291,0,0,0,0,0,0,0,0,0,0,0,0
ENSMUSG00000116742,Gm49665,0,0,0,0,0,0,0,0,0,0,0,0
ENSMUSG00000116800,Gm29823,0,0,0,0,0,0,0,0,0,0,0,0
ENSMUSG00000116750,4931420L22Rik,0,0,0,0,0,0,0,0,0,0,0,0
ENSMUSG00000119019,#N/A,0,0,0,0,0,0,0,1,0,0,0,0
ENSMUSG00000116791,Gm18918,0,0,0,0,0,0,0,0,0,0,0,0
ENSMUSG00000116759,Gm49666,0,0,0,0,0,0,0,0,0,0,0,0
ENSMUSG00000116982,4930567J20Rik,0,0,0,0,0,0,0,0,0,0,0,0
ENSMUSG00000065924,Gm22797,0,0,0,0,0,0,0,0,0,0,0,0
ENSMUSG00000116664,Gm18549,0,0,0,0,0,0,0,0,0,0,0,0
ENSMUSG00000116966,Gm18550,0,0,0,0,0,0,0,0,0,0,0,0
ENSMUSG00000116901,Gm49667,0,0,0,0,0,0,0,0,0,0,0,0
ENSMUSG00000116769,8030451O07Rik,0,0,0,0,0,0,0,0,0,0,0,0
ENSMUSG00000045275,Lca5l,1,0,1,3,0,2,2,4,5,0,1,2
ENSMUSG00000022883,Robo1,0,1,3,0,0,5,0,0,0,1,2,0
ENSMUSG00000040666,Sh3bgr,0,1,0,0,0,0,0,0,0,2,0,0
ENSMUSG00000116910,Gm49670,0,0,0,0,0,0,0,0,0,0,0,0
ENSMUSG00000041215,Yeats2,1037,1120,1022,930,1084,605,741,1008,1014,926,1108,1043
ENSMUSG00000074892,B3galt5,20,19,17,15,18,7,9,19,20,10,7,6
ENSMUSG00000084838,Gm10241,0,0,0,0,0,0,0,0,0,0,0,0
ENSMUSG00000116976,4930500H12Rik,0,0,0,0,0,2,0,0,0,0,0,0
ENSMUSG00000064830,Gm25699,0,0,0,0,0,0,0,0,0,0,0,0
ENSMUSG00000116746,Gm18825,0,0,0,0,0,0,0,0,0,0,0,0
ENSMUSG00000116806,Gm49680,0,0,0,0,0,0,0,0,0,0,0,0
ENSMUSG00000041205,Map6d1,12,13,14,7,9,13,6,9,2,9,8,8
ENSMUSG00000116642,Gm18168,0,0,0,0,0,0,0,0,0,0,0,0
ENSMUSG00000116913,Gm49566,3,0,0,0,0,1,0,0,0,0,0,0
ENSMUSG00000000159,Igsf5,1,1,1,0,0,0,3,0,0,0,0,0
ENSMUSG00000033918,Parl,1055,1157,919,966,868,408,918,913,1049,969,732,792
ENSMUSG00000117081,Gm49948,0,0,0,0,0,0,0,0,0,0,0,0
ENSMUSG00000022818,Cyp2ab1,0,0,0,0,0,0,0,0,0,0,0,1
ENSMUSG00000000157,Itgb2l,0,0,0,0,0,0,0,0,0,0,0,0
ENSMUSG00000117039,Gm32358,0,0,0,0,0,0,0,0,0,0,0,0
ENSMUSG00000090223,Pcp4,0,0,0,1,0,3,0,0,0,0,0,0
ENSMUSG00000022822,Abcc5,182,171,169,161,219,148,140,182,147,169,311,256
ENSMUSG00000093649,Gm20614,0,1,0,0,0,0,0,0,0,0,0,0
ENSMUSG00002076542,#N/A,0,0,0,0,0,0,0,0,0,0,0,0
ENSMUSG00000093381,Gm20615,0,0,0,0,0,2,0,0,0,0,0,0
ENSMUSG00000050272,Dscam,12,7,6,3,3,9,5,9,8,9,12,16
ENSMUSG00000117179,Gm49907,0,0,0,0,0,0,0,0,0,0,0,0
ENSMUSG00000117000,Gm32509,0,0,0,0,0,0,0,0,0,0,0,0
ENSMUSG00000117324,Gm32432,0,0,0,0,0,0,0,0,0,0,0,0
ENSMUSG00000003235,Eif2b5,3623,4087,3040,3110,3142,1648,2842,3144,3746,3305,3234,2914
ENSMUSG00000052516,Robo2,0,0,0,0,0,0,0,0,0,0,0,0
ENSMUSG00000086837,Gm16618,0,0,0,0,0,0,0,0,0,0,0,0
ENSMUSG00002075424,#N/A,1,0,0,0,0,0,1,0,1,0,0,0
ENSMUSG00000089033,Gm22163,0,0,0,0,0,0,0,0,0,0,0,0
ENSMUSG00000116902,Gm49660,0,0,0,0,0,0,0,0,0,0,0,0
ENSMUSG00000040605,Bace2,62,98,44,62,27,12,72,48,59,55,35,49
ENSMUSG00000116740,Gm49659,0,0,0,0,0,0,0,0,0,0,0,0
ENSMUSG00000116832,Gm49658,0,0,0,0,0,0,0,0,0,0,0,0
ENSMUSG00000116686,Gm49681,0,0,0,0,0,0,0,0,0,0,0,0
ENSMUSG00000116824,Gm18021,0,0,0,0,0,0,0,0,0,0,0,0
ENSMUSG00000104758,Mir691,0,0,0,0,0,0,0,0,0,0,0,0
ENSMUSG00000116663,Gm49671,0,0,0,0,0,0,0,0,0,0,0,0
ENSMUSG00000088392,Gm26307,0,0,0,0,0,0,0,0,0,0,0,0
ENSMUSG00000116881,Gm49674,0,0,0,0,0,0,0,0,0,0,0,0
ENSMUSG00000098143,Gm26937,1,1,1,0,1,1,2,0,0,1,1,1
ENSMUSG00000116809,A630036G19Rik,0,0,0,0,0,0,0,0,0,0,0,0
ENSMUSG00000116698,Gm49676,0,0,0,0,0,0,0,0,0,0,0,0
ENSMUSG00000116610,Gm49678,0,0,0,0,0,0,0,0,0,0,0,0
ENSMUSG00000116867,Gm49677,0,0,0,0,1,0,0,0,0,0,0,0
ENSMUSG00000032948,Lipi,0,0,0,0,0,0,0,0,0,0,0,0
ENSMUSG00000003233,Dvl3,911,926,765,744,718,642,701,829,773,722,872,832
ENSMUSG00000032940,Rbm11,0,0,2,0,0,2,0,0,0,0,0,0
ENSMUSG00000116643,Gm30162,0,0,0,0,0,0,0,0,0,0,0,0
ENSMUSG00000032932,Hspa13,549,555,511,468,485,375,406,478,479,459,440,488
ENSMUSG00000080750,Gm15553,0,0,0,0,0,0,0,0,0,0,0,0
ENSMUSG00002075854,#N/A,0,0,0,0,0,0,0,0,0,0,0,0
ENSMUSG00000081250,Gm15554,1,1,0,0,0,0,1,0,0,0,0,0
ENSMUSG00000000386,Mx1,98,122,150,154,81,49,118,148,92,100,108,74
ENSMUSG00000116929,2210009P08Rik,0,0,0,0,0,0,0,0,0,0,0,0
ENSMUSG00000022876,Samsn1,1423,1605,1492,1501,2003,1563,1716,1745,1474,1444,1823,1543
ENSMUSG00000087214,Gm15555,0,0,0,0,0,0,0,0,0,0,0,0
ENSMUSG00000116695,4930578N18Rik,0,0,0,0,0,0,0,0,0,0,0,0
ENSMUSG00000077197,Gm22268,0,0,0,0,0,0,0,0,0,0,0,0
ENSMUSG00000098089,Gm26915,0,0,0,0,0,0,0,0,2,1,0,0
ENSMUSG00000022841,Ap2m1,595,604,421,418,531,319,473,488,632,483,513,490
ENSMUSG00000022938,Fam3b,0,1,0,1,1,0,0,0,0,0,0,1
ENSMUSG00000096156,Gm9242,2,0,0,0,0,0,1,0,0,0,0,0
ENSMUSG00002075695,#N/A,0,0,0,0,0,0,0,0,0,0,0,0
ENSMUSG00000080797,Gm15760,12,21,15,12,16,12,7,13,11,13,20,20
ENSMUSG00000048490,Nrip1,2309,2331,2715,2585,3409,2790,1744,2789,2629,2497,2495,2299
ENSMUSG00000116968,Gm49587,0,0,0,0,0,0,0,0,0,0,0,0
ENSMUSG00000050299,Gm9843,73,125,94,124,122,29,120,89,95,81,51,45
ENSMUSG00000109338,Gm45030,0,0,0,0,0,0,0,0,0,0,0,0
ENSMUSG00000116701,Gm30726,0,0,0,0,0,0,0,0,0,0,0,0
ENSMUSG00000108903,Gm45029,0,0,0,0,0,1,0,0,0,0,0,0
ENSMUSG00000109333,Gm30790,6,3,3,6,5,2,3,0,2,2,1,1
ENSMUSG00000100857,1700041M19Rik,0,0,0,0,0,0,0,0,0,0,0,0
ENSMUSG00000102036,1700063K16Rik,0,0,0,0,0,0,0,0,0,0,0,0
ENSMUSG00000116807,Gm7501,0,0,1,0,0,1,0,0,0,0,1,0
ENSMUSG00000023341,Mx2,5,3,5,4,2,2,5,13,7,3,4,1
ENSMUSG00000000385,Tmprss2,0,0,0,0,0,0,0,0,0,0,0,0
ENSMUSG00000022867,Usp25,2298,2529,2014,2047,1881,1388,1771,2404,2081,2018,1769,1640
ENSMUSG00000005251,Ripk4,25,40,17,25,13,9,20,21,25,23,17,13
ENSMUSG00000003234,Abcf3,1280,1278,1004,1025,1060,449,882,925,1200,1129,1150,1015
ENSMUSG00000116942,Gm49744,0,0,0,0,0,0,0,0,0,0,0,0
ENSMUSG00000116604,Gm49745,7,9,5,7,1,2,0,5,1,6,3,0
ENSMUSG00000116538,Gm49746,0,0,0,0,0,0,0,0,0,0,0,0
ENSMUSG00000116808,Gm20164,0,0,0,0,0,0,0,0,0,0,0,0
ENSMUSG00000090386,Mir99ahg,0,0,0,0,0,5,0,1,1,0,2,0
ENSMUSG00000102289,Gm31258,0,0,0,0,0,10,0,0,0,0,0,0
ENSMUSG00000103972,Gm37466,0,0,0,0,0,0,0,0,0,0,0,0
ENSMUSG00000096870,Gm21816,0,0,0,0,0,0,0,0,0,0,0,0
ENSMUSG00000102205,9430092D12Rik,0,0,0,0,0,0,0,0,0,0,0,0
ENSMUSG00000103916,Gm38071,0,0,0,0,0,0,0,0,0,0,0,0
ENSMUSG00000102344,9430053O09Rik,0,0,0,0,0,0,0,0,0,0,0,0
ENSMUSG00000103805,Gm37063,0,0,0,1,0,0,0,0,0,0,0,0
ENSMUSG00000102575,Gm37241,0,0,0,0,0,0,0,0,0,0,0,0
ENSMUSG00000103932,Gm36963,0,0,0,0,0,1,1,0,0,0,0,0
ENSMUSG00000103851,Gm37606,0,0,0,0,0,0,0,0,0,0,0,0
ENSMUSG00000014039,Prdm15,1028,1137,934,873,854,492,688,913,1073,900,803,784
ENSMUSG00000079546,Gm11146,0,0,0,0,0,1,0,0,0,0,0,1
ENSMUSG00000065530,Mir99a,0,0,0,0,0,0,0,0,0,0,0,0
ENSMUSG00000065557,Mirlet7c-1,0,0,0,0,0,0,0,0,0,0,0,0
ENSMUSG00000103049,Gm37311,0,0,0,0,0,0,0,0,0,0,0,0
ENSMUSG00000116863,Gm49592,0,0,0,0,0,0,0,0,0,0,0,0
ENSMUSG00000065472,Mir125b-2,0,0,0,0,0,0,0,0,0,0,0,0
ENSMUSG00000102854,C130023A14Rik,0,0,0,0,0,0,0,0,0,0,0,0
ENSMUSG00000102267,9530003O04Rik,0,0,0,0,0,0,0,0,0,0,0,0
ENSMUSG00000102562,Gm37694,0,0,0,0,0,0,0,0,0,0,0,0
ENSMUSG00000091193,Gm17333,0,0,0,0,0,0,0,0,0,0,0,0
ENSMUSG00000116886,Gm49589,0,0,0,0,0,0,0,0,0,0,0,0
ENSMUSG00002075308,#N/A,0,0,0,0,0,0,0,0,0,0,0,0
ENSMUSG00000116609,Gm5675,0,0,0,0,0,0,0,0,0,0,0,0
ENSMUSG00000077451,Gm25916,0,0,0,0,0,0,0,0,0,0,0,0
ENSMUSG00000109841,E330011O21Rik,0,0,0,0,0,0,0,0,0,0,0,0
ENSMUSG00000045975,C2cd2,139,159,105,107,90,62,99,119,150,127,95,101
ENSMUSG00000116798,Gm49591,0,0,0,0,0,0,0,0,0,0,0,0
ENSMUSG00000105138,Mir6964,0,0,0,0,0,0,0,0,0,0,0,0
ENSMUSG00000046962,Zbtb21,1005,1156,928,982,758,474,644,830,913,882,842,778
ENSMUSG00000097874,C030010L15Rik,1,0,1,0,0,1,1,1,0,1,0,1
ENSMUSG00000046613,Vwa5b2,0,1,0,0,0,3,0,0,0,0,1,0
ENSMUSG00000022865,Cxadr,5,4,9,8,6,4,3,3,3,2,2,5
ENSMUSG00000116764,Gm49748,0,0,0,0,0,0,0,0,0,0,0,0
ENSMUSG00000080669,Mir1224,0,0,0,0,0,0,0,0,0,0,0,0
ENSMUSG00000080717,B230307C23Rik,188,253,183,210,201,144,216,200,215,215,178,233
ENSMUSG00000116673,A630089N07Rik,278,328,198,236,296,589,104,228,156,278,364,335
ENSMUSG00000022863,Btg3,19,20,22,21,19,14,19,21,31,20,26,36
ENSMUSG00000116707,Gm49590,13,5,5,1,3,7,2,8,3,9,3,2
ENSMUSG00000064862,Gm25038,0,0,0,0,0,0,0,0,0,0,0,0
ENSMUSG00000116539,Gm49603,0,0,0,0,0,0,0,0,0,0,0,0
ENSMUSG00000116959,Gm49604,0,0,0,0,0,0,0,0,0,0,0,0
ENSMUSG00000022864,D16Ertd472e,2389,2679,2141,2229,1694,1327,1890,2186,2113,1904,2495,2396
ENSMUSG00000116628,4930478L05Rik,0,0,0,0,0,0,0,0,0,0,0,1
ENSMUSG00000119938,#N/A,0,0,0,0,0,0,0,0,0,0,0,0
ENSMUSG00000116786,4930570E03Rik,0,0,0,0,0,0,0,0,0,0,0,0
ENSMUSG00000116730,4930403O18Rik,0,0,0,0,0,0,0,0,0,0,0,0
ENSMUSG00000022860,Chodl,0,0,0,0,0,0,0,0,0,0,0,0
ENSMUSG00000033809,Alg3,933,978,693,755,848,581,810,827,825,793,817,800
ENSMUSG00000115219,Eef1akmt4,345,449,296,355,316,98,353,313,404,305,326,293
ENSMUSG00000022857,Tmprss15,0,0,0,0,0,1,0,0,0,0,0,0
ENSMUSG00000085094,Gm15692,0,0,0,0,0,1,0,0,0,0,0,0
ENSMUSG00000102791,Gm37709,0,0,0,0,0,0,0,0,0,0,0,0
ENSMUSG00000097552,Rps19-ps12,0,0,0,1,0,0,1,0,0,0,1,0
ENSMUSG00000101810,1700066C05Rik,0,0,0,0,0,0,0,0,0,0,0,0
ENSMUSG00000088476,Gm23083,0,0,0,0,0,0,0,0,0,0,0,0
ENSMUSG00002076249,#N/A,0,0,0,0,0,0,0,0,0,0,0,0
ENSMUSG00000116918,Gm49578,0,0,0,0,0,0,0,0,0,0,0,0
ENSMUSG00000116559,Gm19867,0,0,0,0,0,0,0,0,0,0,0,0
ENSMUSG00000116566,Fkbp1a-ps3,0,0,0,0,0,0,0,0,0,0,0,0
ENSMUSG00000022762,Ncam2,1,0,3,0,1,2,3,2,0,0,0,0
ENSMUSG00002076261,#N/A,0,0,0,0,0,0,0,0,0,0,0,0
ENSMUSG00000116888,7120432I05Rik,0,0,0,0,0,1,2,0,0,0,0,0
ENSMUSG00000116735,Gm49555,0,0,0,0,0,0,0,0,0,0,0,0
ENSMUSG00000116803,Gm49558,0,0,0,1,0,0,0,0,0,0,0,0
ENSMUSG00000116954,Gm5676,1,0,0,0,0,0,0,0,0,0,0,0
ENSMUSG00000116909,Gm49559,0,0,0,0,0,0,0,0,0,0,0,0
ENSMUSG00000116865,Gm49560,0,0,0,0,0,0,0,0,0,0,0,0
ENSMUSG00000116678,Pgk1-ps1,1,2,0,7,2,0,2,4,2,0,5,0
ENSMUSG00000116937,Gm41480,0,0,0,0,0,0,0,0,0,0,0,0
ENSMUSG00000119122,#N/A,0,0,0,0,0,0,0,0,0,0,0,0
ENSMUSG00000116923,Gm7559,0,0,0,0,0,0,0,0,0,0,0,0
ENSMUSG00000094030,Gm21833,0,0,0,0,0,0,0,0,0,0,0,0
ENSMUSG00000071475,Rpl21-ps5,2,2,2,3,0,1,0,3,2,1,4,1
ENSMUSG00000116533,Gm49561,0,0,0,0,0,0,0,0,0,0,0,0
ENSMUSG00000116745,Gm41481,0,0,0,0,0,0,0,0,0,0,0,0
ENSMUSG00000116680,Gm49562,0,0,0,0,0,0,0,0,0,0,0,0
ENSMUSG00000116748,Gm7295,0,0,0,0,0,0,0,0,0,0,0,0
ENSMUSG00000119180,#N/A,0,0,0,0,0,0,0,0,0,0,0,0
ENSMUSG00000116907,4930553E22Rik,0,0,0,0,0,0,0,0,0,0,0,0
ENSMUSG00000116991,Gm6032,0,0,0,0,0,0,0,0,0,0,0,0
ENSMUSG00000110358,A730009L09Rik,0,0,0,0,0,0,0,0,0,1,0,0
ENSMUSG00000116599,Gm2477,0,0,0,0,0,0,0,0,0,0,0,0
ENSMUSG00002076550,#N/A,1,0,1,2,6,1,0,0,1,1,0,1
ENSMUSG00000116583,Gm2349,1,3,2,4,0,0,1,2,4,1,0,1
ENSMUSG00000116674,4930551I23Rik,1,0,0,0,0,0,0,0,1,0,0,1
ENSMUSG00000115293,Gm49333,0,0,0,0,0,0,0,0,0,0,0,0
ENSMUSG00000097418,Mir155hg,1328,1437,1119,1104,1121,1633,1042,1221,1189,1205,1397,1406
ENSMUSG00000065397,Mir155,0,0,0,0,0,0,0,0,0,0,0,0
ENSMUSG00000051146,Camk2n2,2,4,6,3,0,3,5,6,6,4,5,2
ENSMUSG00000022889,Mrpl39,1006,1020,807,918,1017,771,896,971,1052,960,900,958
ENSMUSG00000088058,Gm26153,0,1,1,0,0,0,0,0,0,0,0,0
ENSMUSG00000053062,Jam2,44,51,27,44,21,11,29,38,34,31,6,10
ENSMUSG00002076438,#N/A,0,0,0,0,0,0,0,0,0,0,0,0
ENSMUSG00000022890,Atp5j,1320,1443,1215,1293,1478,825,1389,1261,1503,1245,1389,1355
ENSMUSG00000008976,Gabpa,2769,2813,2467,2316,2301,2185,1751,2536,2662,2507,2392,2372
ENSMUSG00000116668,Gm49568,0,0,0,0,0,0,0,0,0,0,0,0
ENSMUSG00000022842,Ece2,0,0,1,0,1,0,0,1,0,0,0,1
ENSMUSG00000006998,Psmd2,5096,5634,4254,4308,4778,2465,4133,4565,5148,4436,4802,4251
ENSMUSG00000090319,Gm4462,49,80,59,62,49,8,53,54,33,44,47,47
ENSMUSG00000022892,App,285,335,217,259,204,127,205,239,350,314,203,184
ENSMUSG00000115518,Gm10791,0,0,0,1,0,0,0,0,0,0,0,0
ENSMUSG00000115108,Gm49228,0,0,0,0,0,0,0,0,0,0,0,0
ENSMUSG00000115469,Gm49227,0,0,0,0,0,0,0,0,0,0,0,0
ENSMUSG00000114988,Gm49226,0,0,0,0,0,0,0,0,0,0,0,0
ENSMUSG00002075875,#N/A,0,0,0,0,0,0,0,0,0,0,0,0
ENSMUSG00000041134,Cyyr1,0,0,0,0,0,0,0,0,0,0,0,0
ENSMUSG00000089698,Gm2541,0,0,0,0,0,0,0,0,0,0,0,0
ENSMUSG00000116972,Gm6278,5,7,2,7,3,0,2,4,7,3,0,5
ENSMUSG00000022893,Adamts1,0,0,0,0,0,0,0,1,0,0,1,0
ENSMUSG00000116586,4930556C24Rik,0,0,0,0,0,0,0,0,0,0,0,0
ENSMUSG00000022894,Adamts5,0,0,0,0,0,0,0,0,0,0,0,0
ENSMUSG00000116669,Gm49570,0,0,0,0,0,0,0,0,1,0,0,0
ENSMUSG00000116556,1700007H22Rik,0,0,0,0,0,0,0,0,0,0,0,0
ENSMUSG00000116799,Gm32357,0,0,0,0,0,0,0,0,0,0,0,0
ENSMUSG00000116906,Gm49572,0,0,0,0,0,0,0,0,0,0,0,0
ENSMUSG00000116993,Gm32461,0,0,0,0,0,0,0,0,0,0,0,0
ENSMUSG00000116810,Gm32624,0,0,0,0,0,0,0,0,0,0,0,0
ENSMUSG00000089252,Gm25715,0,0,0,0,0,0,0,0,0,0,0,0
ENSMUSG00000116555,Gm38477,0,0,0,0,0,0,0,0,0,0,0,0
ENSMUSG00000116979,Gm32865,0,0,0,0,0,0,0,0,0,0,0,0
ENSMUSG00000044442,N6amt1,404,409,323,328,303,212,341,342,406,341,304,292
ENSMUSG00000052299,Ltn1,1914,2033,1661,1646,1528,998,1182,1699,1753,1570,1607,1488
ENSMUSG00000065647,Gm25896,0,0,0,1,0,1,0,1,0,0,0,0
ENSMUSG00000041079,Rwdd2b,425,456,375,386,345,220,345,339,424,374,398,319
ENSMUSG00000025616,Usp16,2964,3137,2507,2571,2266,1784,1970,2297,2623,2539,2365,2062
ENSMUSG00000025613,Cct8,12444,13915,10890,11043,12886,9749,10358,10831,12526,11386,12804,11873
ENSMUSG00000093606,B130034C11Rik,4,6,9,12,19,19,10,8,10,9,18,16
ENSMUSG00000077579,Gm24891,0,0,0,0,0,0,0,0,0,0,0,0
ENSMUSG00000090753,Rpl31-ps4,0,0,0,0,1,0,0,0,1,0,0,0
ENSMUSG00000025610,Map3k7cl,0,0,0,1,0,0,0,0,0,0,0,0
ENSMUSG00000064670,Gm22808,0,0,0,0,0,0,0,0,0,0,0,0
ENSMUSG00000025612,Bach1,602,622,451,511,292,145,263,405,470,429,300,264
ENSMUSG00000088684,Gm23994,0,0,0,0,0,0,0,0,0,0,0,0
ENSMUSG00000055972,2810407A14Rik,0,0,0,0,0,0,0,0,0,0,0,0
ENSMUSG00000022935,Grik1,0,1,1,0,1,0,0,0,0,0,2,0
ENSMUSG00000116754,Gm33255,0,0,0,0,0,0,0,0,0,0,0,0
ENSMUSG00000116885,4930420G21Rik,0,0,0,0,0,0,0,0,0,0,0,0
ENSMUSG00000116845,Gm46546,0,0,0,0,0,0,0,0,1,0,0,0
ENSMUSG00000055811,Cldn17,0,0,0,0,0,0,0,0,0,0,0,0
ENSMUSG00000050520,Cldn8,0,0,0,0,0,0,0,0,0,0,0,0
ENSMUSG00000116616,Gm49688,0,0,0,0,0,0,0,0,0,0,0,0
ENSMUSG00000050239,Krtap24-1,0,0,0,0,0,0,0,0,0,0,0,0
ENSMUSG00002076486,#N/A,0,0,0,0,0,0,0,0,0,0,0,0
ENSMUSG00000045331,2310079G19Rik,0,0,0,0,0,0,0,0,0,0,0,0
ENSMUSG00000071471,Krtap26-1,0,0,0,0,0,0,0,0,0,0,0,0
ENSMUSG00000090515,Krtap27-1,0,0,0,0,0,0,0,0,0,0,0,0
ENSMUSG00000116547,Gm7667,1,0,1,1,0,0,0,0,3,1,1,0
ENSMUSG00000050704,2310061N02Rik,0,0,0,0,0,0,0,0,0,0,0,0
ENSMUSG00000056350,Krtap13-1,0,0,0,0,0,0,0,0,0,0,0,0
ENSMUSG00000050224,Krtap13,0,0,0,0,0,0,0,0,0,0,0,0
ENSMUSG00000068078,2310034C09Rik,0,0,0,0,0,0,0,0,0,0,0,0
ENSMUSG00000048830,2310057N15Rik,0,0,0,0,0,0,0,0,0,0,0,0
ENSMUSG00002075092,#N/A,0,0,0,0,0,0,0,0,0,0,0,0
ENSMUSG00000116388,Gm3749,0,0,0,0,0,0,0,0,0,0,0,0
ENSMUSG00000116521,Gm4111,0,0,0,0,0,0,0,1,0,0,0,0
ENSMUSG00000116389,Gm49504,0,0,0,0,0,0,0,0,0,0,0,0
ENSMUSG00002075353,#N/A,0,0,0,0,0,0,0,0,0,0,0,0
ENSMUSG00000116412,Gm49505,0,0,0,0,0,0,0,0,0,0,0,0
ENSMUSG00000115871,Gm49507,0,0,0,0,0,0,0,0,0,0,0,0
ENSMUSG00000009047,Gm5965,0,0,0,0,0,0,0,0,0,0,0,0
ENSMUSG00000116455,Gm35974,0,0,0,0,0,0,0,0,0,0,0,0
ENSMUSG00000116528,Gm49508,0,0,0,0,0,0,0,0,0,0,0,0
ENSMUSG00000116983,4930553J12Rik,0,0,0,0,0,0,0,0,0,0,0,0
ENSMUSG00000116300,Gm49509,0,0,0,0,0,0,0,0,0,0,0,0
ENSMUSG00000116636,Gm20741,0,0,0,0,0,0,0,0,0,0,0,0
ENSMUSG00000116007,Gm4116,0,0,0,0,0,0,0,0,0,0,0,0
ENSMUSG00000088225,Gm22598,0,0,0,0,0,0,0,0,0,0,0,0
ENSMUSG00000051003,Olfr161,0,0,0,0,0,3,0,0,0,0,0,0
ENSMUSG00000074928,Krtap14,0,0,0,0,0,0,0,0,0,0,0,0
ENSMUSG00000108646,Olfr162-ps1,0,0,0,0,0,0,0,0,0,0,0,0
ENSMUSG00000108336,Olfr163-ps1,0,0,0,0,0,0,0,0,0,0,0,0
ENSMUSG00000118529,AC140982.1,0,0,0,0,0,0,0,0,0,0,0,0
ENSMUSG00000022931,Krtap15,0,0,0,0,0,0,0,0,0,0,0,0
ENSMUSG00000060691,Krtap19-1,0,0,0,0,0,0,0,0,0,0,0,0
ENSMUSG00000057650,Krtap19-2,0,0,0,0,0,0,0,0,0,0,0,0
ENSMUSG00000060469,Krtap19-3,0,0,0,0,0,0,0,0,0,0,0,0
ENSMUSG00000043982,Krtap19-4,0,0,0,0,0,0,0,0,0,0,0,0
ENSMUSG00000051802,Krtap19-5,0,0,0,0,0,0,0,0,0,0,0,0
ENSMUSG00000048643,Krtap19-9a,0,0,0,0,0,0,0,0,0,0,0,0
ENSMUSG00000057174,Krtap19-9b,0,0,0,0,0,0,0,0,0,0,0,0
ENSMUSG00000096534,Krtap16-3,0,0,0,0,0,0,0,0,0,0,0,0
ENSMUSG00000116708,Gm49689,0,0,0,0,0,0,0,0,0,0,0,0
ENSMUSG00000095992,Krtap22-2,0,0,0,0,0,0,0,0,0,0,0,0
ENSMUSG00000068075,Gm10229,0,0,0,0,0,0,0,0,0,0,0,0
ENSMUSG00000058172,Krtap6-1,0,0,0,0,0,0,0,0,0,0,0,0
ENSMUSG00000068074,Gm10228,0,0,0,0,0,0,0,0,0,0,0,0
ENSMUSG00000062400,Krtap6-5,0,0,0,0,0,0,0,0,0,0,0,0
ENSMUSG00000068073,1110025L11Rik,0,0,0,0,0,0,0,0,0,0,0,0
ENSMUSG00000057855,Krtap6-3,0,0,0,0,0,0,0,0,0,0,0,0
ENSMUSG00000068071,Gm6358,0,0,0,0,0,0,0,0,0,0,0,0
ENSMUSG00000022534,Mefv,4,5,2,4,3,3,5,4,3,2,0,1
ENSMUSG00000059113,Gm10061,0,0,0,0,0,0,0,0,0,0,0,0
ENSMUSG00000095834,Tdgf1-ps1,0,0,0,0,0,0,0,0,0,0,0,0
ENSMUSG00000044227,Gm9789,0,0,0,0,0,0,0,0,0,0,0,0
ENSMUSG00000068068,Gm7735,0,0,0,0,0,0,0,0,0,0,0,0
ENSMUSG00000068067,1110057P08Rik,0,0,0,0,0,0,0,0,0,0,0,0
ENSMUSG00000022529,Zfp263,1596,1585,1227,1352,1241,660,946,1150,1315,1369,1249,1154
ENSMUSG00000115961,Gm41409,2,8,3,10,9,0,8,5,6,3,5,6
ENSMUSG00000118410,AC139347.1,6,3,10,5,11,2,11,9,7,3,2,5
ENSMUSG00000059043,Olfr15,0,0,0,0,0,0,0,0,0,0,0,0
ENSMUSG00000054939,Zfp174,21,15,9,7,14,10,10,9,14,11,25,19
ENSMUSG00000039789,Zfp597,406,432,345,329,322,251,251,286,383,354,309,320
ENSMUSG00000005982,Naa60,1061,1196,873,860,935,440,804,951,1010,919,1011,829
ENSMUSG00000093575,Gm20695,0,1,0,0,0,1,0,1,1,0,1,0
ENSMUSG00000005983,1700037C18Rik,47,43,46,57,70,17,47,43,49,59,52,57
ENSMUSG00000014232,Cluap1,335,377,294,319,405,311,313,366,404,299,393,345
ENSMUSG00000103481,1700016D08Rik,0,0,0,0,0,0,0,0,0,0,0,0
ENSMUSG00000083579,Gm15538,2,4,3,1,5,7,7,0,3,3,5,7
ENSMUSG00002075532,#N/A,0,0,0,0,1,0,1,1,2,1,1,4
ENSMUSG00000081809,Gm15539,9,7,3,3,7,5,5,3,4,9,5,4
ENSMUSG00000085048,Gm15537,0,0,0,0,0,0,0,0,2,0,0,0
ENSMUSG00000049871,Nlrc3,486,519,302,260,210,96,181,254,425,386,349,312
ENSMUSG00000039738,Slx4,1309,1385,960,883,858,548,690,941,1091,1083,1026,892
ENSMUSG00000084790,Gm15879,50,43,39,36,44,22,24,41,41,26,29,49
ENSMUSG00000005980,Dnase1,0,0,0,0,0,0,0,1,1,0,0,1
ENSMUSG00000045983,Eif4g1,34289,34314,26544,26892,26792,15762,19862,29776,29872,28451,28013,26068
ENSMUSG00000077239,Snord66,2,4,4,1,3,0,2,3,0,1,5,5
ENSMUSG00000005981,Trap1,3004,3276,2535,2681,3284,1744,2433,2835,3234,2870,3523,3178
ENSMUSG00002076443,#N/A,0,0,0,0,0,0,0,1,0,0,1,0
ENSMUSG00000116301,Gm49547,0,0,0,0,0,0,0,0,0,0,0,0
ENSMUSG00000050821,Fam131a,0,5,0,3,1,3,1,0,2,1,4,3
ENSMUSG00000022521,Crebbp,2238,2271,1880,1762,1813,1772,1550,2427,1981,1872,1989,1923
ENSMUSG00000103937,Gm37186,6,4,3,4,3,8,2,1,2,3,3,2
ENSMUSG00000089645,Gm5766,1,1,3,1,4,0,2,1,0,1,2,0
ENSMUSG00000005580,Adcy9,9,16,14,12,24,14,9,16,8,13,18,21
ENSMUSG00000084304,Gm6142,1,1,1,2,0,3,0,1,0,0,1,0
ENSMUSG00000022843,Clcn2,81,80,63,61,63,24,62,60,61,58,75,97
ENSMUSG00000022519,Srl,22,10,9,5,11,5,14,6,13,11,6,23
ENSMUSG00000083585,Gm15885,0,0,0,0,0,0,0,0,0,0,0,0
ENSMUSG00000021018,Polr2h,754,926,686,709,847,425,790,727,895,762,706,699
ENSMUSG00000005718,Tfap4,1289,1416,1153,1191,1090,716,1246,1504,1393,1299,1409,1158
ENSMUSG00000014303,Glis2,16,21,9,12,25,6,21,15,16,8,24,16
ENSMUSG00000014301,Pam16,31,25,30,27,48,16,27,29,43,28,29,55
ENSMUSG00000022847,Thpo,0,0,0,0,0,1,0,0,0,0,0,0
ENSMUSG00000039637,Coro7,566,674,533,580,407,158,523,719,519,479,549,479
ENSMUSG00000039646,Vasn,6,2,1,2,6,2,1,3,2,0,1,1
ENSMUSG00000006958,Chrd,0,1,0,0,0,0,0,0,0,0,0,0
ENSMUSG00000065372,Gm22741,0,0,0,0,0,0,0,0,0,0,0,0
ENSMUSG00000116776,Gm46544,0,0,0,1,1,0,1,1,0,0,0,2
ENSMUSG00000116922,4833419O12Rik,0,0,0,0,0,0,0,0,0,0,0,0
ENSMUSG00000116721,Gm9536,0,0,0,0,0,0,0,0,0,0,0,0
ENSMUSG00000099764,Rps10-ps2,5,0,2,1,3,0,4,1,2,1,0,1
ENSMUSG00000116850,Gm49742,0,0,0,0,0,0,0,0,0,0,0,0
ENSMUSG00000116659,Gm6551,0,0,2,0,0,0,0,2,0,0,0,0
ENSMUSG00000116732,Gm18769,0,0,0,0,0,0,0,0,0,0,0,0
ENSMUSG00000116592,Gm18770,0,0,0,0,0,0,0,0,0,0,0,0
ENSMUSG00000116710,Gm6557,0,0,0,0,0,0,0,0,0,0,0,0
ENSMUSG00000086936,Gm9697,0,0,0,0,0,0,0,0,0,0,0,0
ENSMUSG00000116731,Gm18771,0,0,0,0,0,0,0,0,0,0,0,0
ENSMUSG00000090356,Teddm3,0,0,0,0,0,0,0,0,0,0,0,0
ENSMUSG00000004069,Dnaja3,1878,2004,1515,1536,1686,931,1577,1638,1754,1631,1794,1564
ENSMUSG00000005958,Ephb3,0,0,0,0,1,0,0,1,0,0,0,0
ENSMUSG00000116843,Gm49750,0,0,0,0,0,1,0,0,0,0,0,0
ENSMUSG00000096918,Gm16863,0,1,1,0,0,0,0,1,0,0,0,0
ENSMUSG00000098400,Mir7680,0,0,0,0,0,0,0,0,0,0,0,0
ENSMUSG00000063445,Nmral1,120,172,120,77,207,91,186,185,173,165,216,175
ENSMUSG00000116632,Magef1,67,93,70,98,81,40,73,78,60,85,76,70
ENSMUSG00000004070,Hmox2,591,675,475,505,575,360,567,609,617,552,621,608
ENSMUSG00000086944,Gm15859,1,0,1,1,1,0,0,1,0,0,0,0
ENSMUSG00000004071,Cdip1,828,901,806,841,851,251,710,783,767,722,739,723
ENSMUSG00000086464,Gm15835,1,0,1,0,0,0,2,0,0,0,0,0
ENSMUSG00000022518,4930562C15Rik,0,0,0,0,0,0,0,0,0,1,0,0
ENSMUSG00000039568,Ubald1,248,285,214,224,267,127,234,238,281,293,289,275
ENSMUSG00000022517,Mgrn1,265,270,220,161,196,88,206,232,261,234,265,224
ENSMUSG00000097397,Gm16861,23,14,10,14,16,8,12,18,13,16,11,10
ENSMUSG00000022516,Nudt16l1,715,929,697,770,768,180,806,665,800,739,637,620
ENSMUSG00000022515,Anks3,390,406,391,334,350,171,293,378,332,310,355,339
ENSMUSG00000022543,4930451G09Rik,6,1,4,0,3,4,4,0,0,2,1,3
ENSMUSG00000022542,44816,0,0,0,0,0,0,0,0,0,0,0,0
ENSMUSG00000096215,Smim22,0,0,0,0,0,0,0,0,0,0,0,0
ENSMUSG00000106967,Gm42477,0,0,0,0,0,0,0,0,0,0,1,0
ENSMUSG00000022540,Rogdi,49,42,35,32,50,32,33,42,39,25,69,71
ENSMUSG00000022536,Glyr1,3715,4096,3124,3057,3109,1686,2803,3401,3523,3222,3043,2777
ENSMUSG00000033653,Vps8,526,555,399,373,462,219,274,366,473,448,501,460
ENSMUSG00000043391,2510009E07Rik,11,5,2,4,1,5,16,9,11,4,10,12
ENSMUSG00000022853,Ehhadh,77,84,62,57,44,35,50,71,55,59,63,40
ENSMUSG00002075139,#N/A,0,0,0,0,0,0,0,0,0,0,0,0
ENSMUSG00000039473,Ubn1,1945,2114,1595,1544,1413,835,1517,1759,1733,1579,1557,1488
ENSMUSG00000077367,Gm23483,0,0,0,0,0,0,0,0,0,0,0,0
ENSMUSG00000097290,1300002E11Rik,82,121,76,81,91,132,94,91,82,75,149,113
ENSMUSG00000039457,Ppl,0,1,0,0,1,2,0,0,1,1,0,0
ENSMUSG00000091712,Sec14l5,0,0,0,0,1,6,1,0,0,0,0,1
ENSMUSG00000033618,Map3k13,8,12,9,3,15,14,10,3,5,9,13,9
ENSMUSG00000116862,Gm49607,0,0,0,0,0,0,0,0,0,0,0,0
ENSMUSG00000116535,Gm5962,1,1,1,3,4,1,3,4,1,1,1,0
ENSMUSG00000097401,Gm26744,0,0,0,0,0,0,0,0,0,1,0,1
ENSMUSG00000117327,Gm6467,2,10,6,12,16,1,13,11,2,7,3,9
ENSMUSG00000022856,Tmem41a,415,510,361,393,363,203,409,418,447,370,377,343
ENSMUSG00000023143,Nagpa,720,789,617,649,655,345,596,659,724,668,626,639
ENSMUSG00000051669,AU021092,0,0,0,0,0,0,0,0,0,0,0,0
ENSMUSG00000098675,Mir6364,0,0,0,0,0,0,0,0,0,0,0,0
ENSMUSG00002076913,#N/A,0,0,0,0,0,0,0,0,0,0,0,0
ENSMUSG00002075571,#N/A,0,0,0,0,0,0,0,0,0,0,0,0
ENSMUSG00000039427,Alg1,435,548,376,414,423,110,420,365,446,457,422,428
ENSMUSG00000044626,Liph,1,1,4,2,2,0,5,0,0,0,2,1
ENSMUSG00000022544,Eef2kmt,387,388,277,325,307,162,292,315,399,312,362,311
ENSMUSG00000087168,Gm15983,2,5,4,7,3,6,2,3,5,5,1,1
ENSMUSG00000116029,Gm41414,0,0,0,0,0,0,0,0,0,0,0,0
ENSMUSG00002076865,#N/A,0,0,0,0,0,0,0,0,0,0,0,0
ENSMUSG00000022855,Senp2,2683,2900,2271,2267,2202,1537,1978,2356,2500,2301,2234,2041
ENSMUSG00000068487,Ndufa11b,0,0,0,0,1,0,1,1,1,0,0,2
ENSMUSG00000033581,Igf2bp2,6,10,11,12,6,8,10,9,11,9,16,7
ENSMUSG00000064686,Gm25810,0,0,0,0,0,0,0,0,0,0,0,0
ENSMUSG00000043870,Gm5809,0,0,0,0,1,0,0,0,0,0,0,0
ENSMUSG00000098043,Gm26980,0,0,0,0,0,0,0,0,0,0,0,0
ENSMUSG00000116761,Gm36796,0,0,0,0,0,0,0,0,0,0,0,0
ENSMUSG00000008658,Rbfox1,0,1,0,0,0,1,0,0,0,1,0,0
ENSMUSG00000101481,1700123O21Rik,0,0,0,0,0,0,0,0,0,0,0,0
ENSMUSG00000115989,Gm49533,0,0,0,0,0,0,0,0,0,0,0,0
ENSMUSG00000116450,Gm49534,0,0,0,0,0,0,0,0,0,0,0,0
ENSMUSG00000116151,Gm49535,0,0,0,0,0,0,0,0,0,0,0,0
ENSMUSG00002075614,#N/A,0,0,0,0,0,0,0,0,0,0,0,0
ENSMUSG00000089593,Gm26159,0,0,0,0,0,0,0,0,0,0,0,0
ENSMUSG00000077152,Gm24579,0,0,0,0,0,0,0,0,0,0,0,0
ENSMUSG00000022715,Tmem114,0,0,0,0,0,0,0,0,0,0,0,0
ENSMUSG00002076758,#N/A,0,0,0,0,0,0,0,0,0,0,0,0
ENSMUSG00000039345,Mettl22,362,360,284,297,282,166,302,315,312,306,299,310
ENSMUSG00000077557,Gm23706,0,0,0,0,0,0,0,0,0,0,0,0
ENSMUSG00000022858,Tra2b,3154,3139,2707,2606,2310,2159,2753,2957,3262,2865,2435,2228
ENSMUSG00000082241,Gng5-ps,0,0,1,0,0,0,0,0,0,1,0,0
ENSMUSG00000116857,Gm49582,0,0,0,0,0,0,0,0,0,0,0,0
ENSMUSG00000013089,Etv5,244,225,214,194,173,113,156,184,193,177,226,185
ENSMUSG00000057880,Abat,1,4,1,0,3,1,2,1,3,1,5,1
ENSMUSG00002075670,#N/A,0,0,1,0,2,0,0,0,0,0,0,0
ENSMUSG00000083505,Gm7541,0,1,3,0,2,0,0,5,4,1,0,1
ENSMUSG00000116095,Gm49549,0,4,1,0,1,3,1,0,1,1,1,1
ENSMUSG00000043140,Tmem186,494,519,463,400,445,283,425,472,464,474,512,461
ENSMUSG00000022861,Dgkg,196,214,103,82,72,54,44,103,138,121,122,82
ENSMUSG00000089874,9230117E06Rik,0,0,0,0,0,0,0,0,0,0,1,0
ENSMUSG00000116847,Gm30251,0,1,0,0,0,0,0,0,0,0,0,0
ENSMUSG00000099071,Mir8095,0,0,3,0,0,1,0,0,0,0,1,0
ENSMUSG00000116580,Gm9525,1,0,1,0,0,0,0,0,1,1,1,2
ENSMUSG00000116738,Gm49565,0,0,0,0,0,0,0,0,0,0,0,0
ENSMUSG00000089663,Gm15651,7,4,1,1,3,10,0,3,1,0,5,5
ENSMUSG00000022711,Pmm2,1312,1350,1045,1055,1016,581,986,1166,1147,991,1027,976
ENSMUSG00002076030,#N/A,0,0,0,0,0,0,0,0,0,0,0,0
ENSMUSG00000098448,Mir6362,0,0,0,0,0,0,0,0,0,0,0,0
ENSMUSG00000116603,Gm8118,1,1,2,3,3,0,3,0,6,3,4,6
ENSMUSG00000033501,Crygs,0,0,0,0,0,1,0,0,0,0,0,0
ENSMUSG00000008393,Carhsp1,445,409,390,403,375,124,433,363,363,306,334,326
ENSMUSG00000107252,Gm5767,0,0,0,0,0,0,0,0,0,0,0,0
ENSMUSG00000004462,Tbccd1,392,366,326,343,401,228,301,344,371,334,371,363
ENSMUSG00000004460,Dnajb11,5086,5201,4244,4463,4022,2508,4202,4423,4619,3999,3911,3483
ENSMUSG00000116831,Gm30505,0,0,0,0,0,0,0,0,0,0,0,0
ENSMUSG00000022710,Usp7,7138,7327,5755,5566,5943,4866,4324,6160,6600,6336,6367,5773
ENSMUSG00000022868,Ahsg,0,0,0,0,0,0,0,0,0,0,0,0
ENSMUSG00000084737,Gm25805,0,0,0,0,0,0,0,0,0,0,0,0
ENSMUSG00000022507,1810013L24Rik,901,894,750,752,930,632,630,904,785,757,857,886
ENSMUSG00002075441,#N/A,0,0,0,0,0,0,0,0,0,0,0,0
ENSMUSG00000068674,Gm10247,3,4,4,2,1,0,1,5,2,4,1,1
ENSMUSG00000116525,Gm30371,0,0,0,0,0,1,0,0,0,0,0,0
ENSMUSG00000116352,Gm49447,0,0,0,0,0,0,0,0,0,0,0,0
ENSMUSG00000116426,Gm30567,0,0,0,0,0,0,0,0,0,0,0,0
ENSMUSG00000116469,Gm49448,0,0,0,0,0,0,0,0,0,0,0,0
ENSMUSG00000116348,Gm18722,5,8,3,5,7,3,4,6,3,4,5,1
ENSMUSG00000116123,Gm49451,0,0,0,0,0,0,0,0,0,0,0,0
ENSMUSG00000022871,Fetub,0,0,0,0,0,0,0,0,0,0,0,0
ENSMUSG00000039209,Rpl39l,33,33,13,14,19,16,6,5,8,7,4,7
ENSMUSG00000115943,Gm49455,0,0,0,0,0,0,0,0,0,0,0,0
ENSMUSG00000022877,Hrg,0,0,0,0,0,0,0,0,0,0,0,0
ENSMUSG00000039200,Atf7ip2,0,0,0,0,4,3,0,0,0,0,0,1
ENSMUSG00000089563,Gm24667,0,0,0,0,0,0,0,0,0,0,0,0
ENSMUSG00000116187,Gm49456,0,0,0,0,0,0,0,0,0,0,0,0
ENSMUSG00002076434,#N/A,0,0,0,0,0,0,0,0,0,0,0,0
ENSMUSG00000060459,Kng2,0,0,0,0,0,0,0,0,0,0,0,0
ENSMUSG00000090021,Gm6493,5,21,6,10,13,2,2,10,8,4,3,3
ENSMUSG00000116996,Gm8128,0,0,0,0,0,0,0,0,0,0,0,0
ENSMUSG00000022505,Emp2,1,6,7,1,3,2,6,7,0,7,0,2
ENSMUSG00002076182,#N/A,0,0,0,0,0,0,0,0,0,0,0,0
ENSMUSG00000116637,Gm8130,0,4,1,2,4,2,0,1,3,2,0,1
ENSMUSG00000116270,Gm1600,0,0,0,0,0,0,0,0,0,0,0,0
ENSMUSG00000039179,Tekt5,0,0,1,0,0,0,0,0,1,0,0,1
ENSMUSG00000022503,Nubp1,1859,2119,1649,1800,1843,731,1787,1806,1963,1688,1623,1679
ENSMUSG00000050908,Tvp23a,2,1,0,2,1,1,6,0,5,0,2,3
ENSMUSG00000022875,Kng1,0,0,0,0,0,0,0,0,0,0,0,0
ENSMUSG00000116625,Gm8134,0,0,0,0,0,0,1,0,0,0,0,0
ENSMUSG00000022504,Ciita,6,3,3,4,0,0,0,6,3,4,4,4
ENSMUSG00000038055,Dexi,202,180,120,149,157,64,132,174,186,164,188,175
ENSMUSG00000022884,Eif4a2,8413,8852,7217,7350,8393,5717,6397,7116,7871,7823,8337,8180
ENSMUSG00000088524,Snord2,0,0,0,0,0,0,0,0,0,0,0,0
ENSMUSG00000064880,Gm24201,0,0,0,0,0,0,0,0,0,0,0,0
ENSMUSG00002076817,#N/A,0,0,0,0,0,0,0,0,0,0,0,0
ENSMUSG00000087935,Snora81,0,0,0,0,0,0,0,0,0,0,0,0
ENSMUSG00000064382,Gm26447,0,0,0,0,0,0,0,0,0,0,0,0
ENSMUSG00000065208,Gm24616,47,49,39,51,57,75,40,32,44,49,59,61
ENSMUSG00000022881,Rfc4,324,390,384,446,553,277,494,442,386,283,427,436
ENSMUSG00000116733,6330408M09Rik,4,9,3,7,6,4,5,5,4,5,10,5
ENSMUSG00000116540,Gm49624,0,0,0,0,0,0,0,0,0,0,0,0
ENSMUSG00000022878,Adipoq,0,0,0,0,0,0,0,0,0,0,0,1
ENSMUSG00000068463,B630019A10Rik,10,6,12,13,16,7,11,6,11,16,14,17
ENSMUSG00000084299,Gm6630,2,2,0,1,0,0,0,1,0,0,2,2
ENSMUSG00000081988,Gm15746,0,0,0,0,0,0,0,0,0,0,0,0
ENSMUSG00000045231,BC106179,3,2,3,1,3,2,2,3,5,0,2,0
ENSMUSG00000022885,St6gal1,609,702,553,600,525,271,535,703,542,536,323,309
ENSMUSG00002076223,#N/A,0,0,0,0,0,0,0,0,0,0,0,0
ENSMUSG00002075651,#N/A,0,0,0,0,0,0,0,0,0,0,0,0
ENSMUSG00000033383,Rtp1,0,0,0,0,0,0,0,0,0,0,0,0
ENSMUSG00000022887,Masp1,0,0,0,0,0,1,0,0,0,0,0,0
ENSMUSG00000116481,Gm49514,1,0,0,0,0,0,1,0,1,1,2,1
ENSMUSG00000109783,Gm45338,0,0,0,0,0,2,0,0,0,0,0,0
ENSMUSG00000033355,Rtp4,2,4,9,13,5,5,12,17,5,10,23,11
ENSMUSG00000083681,Gm6640,3,2,0,1,2,1,0,0,1,2,2,0
ENSMUSG00000116467,Gm49515,0,0,0,0,0,0,0,0,0,0,0,0
ENSMUSG00000116335,Gm49516,0,0,0,0,0,0,0,0,0,0,0,0
ENSMUSG00000004366,Sst,0,0,0,0,0,0,0,0,0,0,0,0
ENSMUSG00000047531,Rtp2,0,0,0,0,0,0,0,0,0,0,0,0
ENSMUSG00000022508,Bcl6,1175,1208,1054,1042,1080,770,845,1101,1252,1310,756,775
ENSMUSG00000110291,Gm37419,2,4,2,2,0,0,2,0,1,5,1,0
ENSMUSG00000116290,Gm49518,0,0,0,0,0,0,0,0,0,1,0,0
ENSMUSG00000116437,Gm46545,0,0,0,0,0,0,0,0,0,0,0,1
ENSMUSG00000115919,Gm31583,0,0,0,0,0,0,0,0,0,0,0,0
ENSMUSG00000115852,AC169509.1,3,1,0,3,3,2,2,2,3,3,3,1
ENSMUSG00000116173,Gm32126,0,1,0,0,0,1,0,1,0,1,0,0
ENSMUSG00000115869,Gm31814,8,6,1,0,5,6,2,0,3,5,2,1
ENSMUSG00000116785,Gm41434,0,0,0,0,0,0,0,0,0,0,0,0
ENSMUSG00000033306,Lpp,937,921,946,931,512,393,666,1133,711,815,416,399
ENSMUSG00000068663,Clec16a,484,503,403,372,413,249,244,473,469,389,423,389
ENSMUSG00000087861,Gm24440,0,0,0,0,0,0,0,0,0,0,0,0
ENSMUSG00000116875,Morf4l1-ps1,0,0,0,0,0,0,0,0,0,0,0,0
ENSMUSG00000065494,Mir28a,0,0,0,0,0,0,0,0,0,0,0,0
ENSMUSG00000077602,Gm22672,0,0,0,0,0,0,0,0,0,0,0,0
ENSMUSG00000096960,A230028O05Rik,0,0,0,0,0,0,0,0,0,0,0,0
ENSMUSG00000087384,Gm15558,28,18,15,20,39,37,18,30,27,30,35,31
ENSMUSG00000048399,Tprg,0,0,1,0,0,2,3,0,0,0,2,0
ENSMUSG00000116828,Gm18896,0,0,0,0,0,0,0,1,0,0,0,0
ENSMUSG00000038037,Socs1,2483,2623,1531,1748,2225,450,2173,1817,2419,2138,2377,2623
ENSMUSG00000043050,Tnp2,23,47,24,29,37,22,43,26,30,25,47,35
ENSMUSG00000050058,Prm3,0,0,0,0,0,0,0,0,0,0,0,0
ENSMUSG00000038015,Prm2,0,1,2,1,2,2,0,2,1,0,0,0
ENSMUSG00000022501,Prm1,0,3,0,0,0,0,0,1,2,0,0,1
ENSMUSG00000116038,Gm46563,5,2,4,3,0,5,1,0,2,3,4,3
ENSMUSG00000071671,Gm10343,5,5,2,3,2,1,3,1,1,1,5,3
ENSMUSG00000079740,Gm11172,0,0,0,0,0,0,0,0,0,0,0,0
ENSMUSG00000096921,Gm26822,0,1,0,1,1,0,4,2,1,0,0,0
ENSMUSG00000037991,Rmi2,383,353,345,358,498,223,434,456,386,334,463,509
ENSMUSG00000117309,Gm49960,0,0,0,0,0,0,0,0,0,4,0,3
ENSMUSG00000095369,Gm21859,0,0,0,0,0,0,0,0,0,0,0,0
ENSMUSG00000022500,Litaf,1242,1353,1007,1110,1079,394,1013,1054,1330,1214,747,739
ENSMUSG00002075232,#N/A,0,0,0,0,0,0,0,0,0,0,0,0
ENSMUSG00002075097,#N/A,0,0,0,0,0,0,0,0,0,0,0,0
ENSMUSG00000115992,Gm10832,0,0,0,0,0,0,0,0,0,0,0,0
ENSMUSG00000115911,Gm3919,0,0,1,0,0,0,0,0,0,0,0,0
ENSMUSG00000116274,Gm18724,0,0,0,1,0,0,0,0,0,0,0,0
ENSMUSG00000037972,Snn,34,45,26,27,18,12,14,25,26,42,30,22
ENSMUSG00000022498,Txndc11,1615,1707,1262,1360,1191,521,1035,1339,1308,1155,1143,1100
ENSMUSG00000037965,Zc3h7a,1251,1390,1087,1000,941,977,874,1202,1003,1025,1319,1169
ENSMUSG00002076173,#N/A,0,0,0,0,0,0,0,0,0,0,0,0
ENSMUSG00000064565,Gm24145,1,1,3,0,0,0,0,0,0,2,1,0
ENSMUSG00000096959,4930509G22Rik,1,1,2,0,1,0,1,0,3,2,2,1
ENSMUSG00000080790,Gm7638,2,14,5,9,4,1,11,5,3,7,8,3
ENSMUSG00000081052,Gm6305,6,3,5,3,2,4,1,2,3,1,1,3
ENSMUSG00000005846,Rsl1d1,10719,11449,9102,9559,10303,8400,8768,9549,11432,10407,10737,9887
ENSMUSG00000097537,2610020C07Rik,2,9,13,10,16,14,8,9,3,3,27,16
ENSMUSG00000022510,Trp63,0,0,1,0,0,1,0,0,0,0,0,0
ENSMUSG00000062203,Gspt1,10455,10697,8081,8369,8924,6910,7406,8749,10220,9520,9496,9201
ENSMUSG00000088544,Mir1945,0,0,0,0,0,0,0,0,0,0,0,0
ENSMUSG00000022496,Tnfrsf17,0,0,0,0,0,0,0,0,0,0,0,0
ENSMUSG00000065333,Gm24928,0,0,0,0,0,0,0,0,0,0,0,0
ENSMUSG00000098103,Gm27005,0,0,2,2,3,1,2,3,2,0,2,0
ENSMUSG00000090257,Gm4524,0,0,0,0,0,0,0,0,0,0,0,1
ENSMUSG00000038168,P3h2,22,17,5,7,7,6,10,10,10,13,3,4
ENSMUSG00000090203,AU015336,1,0,0,0,0,0,0,0,0,0,0,0
ENSMUSG00000022512,Cldn1,0,0,0,0,0,1,0,0,0,0,0,0
ENSMUSG00000038148,Cldn16,0,0,0,0,0,0,0,0,0,0,0,0
ENSMUSG00000091972,Tmem207,0,0,0,0,0,0,0,0,0,0,0,0
ENSMUSG00000071669,Snx29,18,11,18,15,18,4,13,5,15,13,14,15
ENSMUSG00000082653,Gm15897,0,0,0,0,0,0,0,0,0,0,0,0
ENSMUSG00000085732,Gm4279,0,0,0,0,1,3,0,0,0,0,0,0
ENSMUSG00000115936,4833415N18Rik,0,0,0,0,0,0,0,0,0,0,0,0
ENSMUSG00000065979,Cpped1,495,500,327,361,329,263,378,453,387,391,404,372
ENSMUSG00000055015,Gm9961,0,0,0,0,0,0,0,0,0,0,0,0
ENSMUSG00000022494,Shisa9,0,0,0,0,0,3,0,0,0,0,0,0
ENSMUSG00000116403,Gm19571,0,0,0,1,0,0,0,0,0,0,1,0
ENSMUSG00000116013,C87114,0,0,0,0,0,0,0,0,0,0,0,0
ENSMUSG00000116520,4930414F18Rik,0,0,0,0,0,0,0,0,0,0,0,1
ENSMUSG00000116197,Gm38619,0,0,0,0,0,0,0,0,0,0,0,0
ENSMUSG00000115968,Gm38619,0,0,0,0,0,0,0,0,0,0,0,0
ENSMUSG00000091416,Gm6327,0,0,0,0,0,0,0,0,0,0,0,0
ENSMUSG00000101565,1700003L19Rik,0,0,0,0,0,0,0,0,0,0,0,0
ENSMUSG00000116170,Gm6332,0,0,0,0,0,0,0,0,0,0,0,0
ENSMUSG00000022514,Il1rap,1356,1512,1365,1337,1101,1023,878,1179,1298,1243,766,761
ENSMUSG00000092545,Gm20319,0,0,0,1,1,0,0,0,1,0,0,0
ENSMUSG00000022545,Ercc4,839,844,588,650,645,317,526,632,724,707,595,562
ENSMUSG00000068428,Gmnc,0,0,0,0,0,0,0,0,0,2,0,1
ENSMUSG00000052276,Ostn,0,0,0,0,0,0,0,1,0,0,0,0
ENSMUSG00000116530,Gm32312,4,1,3,2,0,4,4,2,3,6,2,2
ENSMUSG00000089705,Gm15970,0,0,0,0,0,0,0,0,0,0,0,0
ENSMUSG00000056423,Uts2b,0,1,0,0,0,0,0,0,0,0,0,0
ENSMUSG00000009569,Mrtfb,664,666,527,523,491,354,429,627,573,577,507,447
ENSMUSG00000087526,Gm15738,0,0,0,0,0,0,0,0,0,0,0,0
ENSMUSG00000076972,Mir193b,0,0,0,0,0,0,0,0,0,0,0,0
ENSMUSG00000065449,Mir365-1,0,0,0,0,0,0,0,0,0,0,0,0
ENSMUSG00000109857,Gm32817,0,0,1,1,0,0,0,1,1,0,0,0
ENSMUSG00000099214,Mir6365,0,0,0,0,0,0,0,0,0,0,0,0
ENSMUSG00000099411,2310015D24Rik,0,0,0,0,0,1,0,0,0,0,1,0
ENSMUSG00000077488,Gm25276,0,0,1,0,0,0,0,2,0,0,0,0
ENSMUSG00000022685,Parn,1066,1154,950,996,1049,710,870,1017,1160,969,1090,964
ENSMUSG00000022684,Bfar,987,1150,892,869,885,569,858,881,942,935,814,799
ENSMUSG00000079737,3110001I22Rik,214,261,246,246,170,87,190,191,208,169,157,166
ENSMUSG00000022683,Pla2g10,0,0,0,0,0,0,0,0,0,0,0,0
ENSMUSG00000086550,Pla2g10os,0,0,0,0,0,0,0,0,0,0,0,0
ENSMUSG00000115907,Gm49432,0,0,0,0,0,0,0,0,0,0,0,0
ENSMUSG00000118559,AC154607.1,7,6,7,1,2,4,5,2,7,10,9,6
ENSMUSG00000022682,Rrn3,3936,4178,3134,3259,3137,1991,2463,3367,3476,3155,3173,2947
ENSMUSG00000038127,Ccdc50,8377,8639,8163,7583,7220,5896,5243,7684,7626,7504,6976,6227
ENSMUSG00000116926,Gm18234,0,0,0,0,0,0,0,0,1,0,0,0
ENSMUSG00000116654,Gm10823,0,0,0,0,0,0,0,0,0,0,0,0
ENSMUSG00000116978,Gm49765,0,0,0,0,0,0,0,0,0,0,0,0
ENSMUSG00000022681,Ntan1,367,469,408,380,386,173,419,464,433,362,357,309
ENSMUSG00000022523,Fgf12,0,0,0,0,0,1,0,0,0,0,0,0
ENSMUSG00000076064,Mir690,0,0,0,0,0,0,0,0,0,0,0,0
ENSMUSG00002075895,#N/A,0,0,0,0,0,0,0,0,0,0,0,0
ENSMUSG00000051065,Mb21d2,1,0,0,3,0,1,0,1,0,0,0,0
ENSMUSG00000116861,Gm8253,0,0,2,3,2,0,1,0,1,0,1,1
ENSMUSG00000022525,Plaat1,0,0,0,0,0,1,0,0,0,0,0,0
ENSMUSG00000022680,Pdxdc1,873,1080,785,843,816,541,776,983,804,770,785,765
ENSMUSG00000048939,Atp13a5,0,0,0,0,0,0,0,0,0,0,0,0
ENSMUSG00000083141,Gm15752,0,0,0,0,0,0,0,0,0,0,0,0
ENSMUSG00000022679,Mpv17l,2,6,3,1,4,0,2,2,2,3,0,0
ENSMUSG00000089818,Gm15950,0,0,0,0,0,0,0,0,0,0,0,0
ENSMUSG00000038094,Atp13a4,0,0,0,0,0,0,0,0,0,0,0,0
ENSMUSG00000118569,AC175464.1,0,0,0,0,0,0,0,0,0,0,0,0
ENSMUSG00000038084,Opa1,2079,2226,1774,1830,1852,1350,1342,1786,1981,1804,1878,1644
ENSMUSG00000116814,Gm49636,0,0,0,0,0,0,0,0,0,0,0,0
ENSMUSG00000097307,Gm26834,0,0,0,0,0,0,0,0,0,0,0,0
ENSMUSG00000116891,Gm32679,2,9,2,4,6,2,4,6,4,6,4,7
ENSMUSG00000097313,Gm26569,0,0,0,0,0,1,0,0,0,0,0,0
ENSMUSG00000075286,Gm1968,0,0,0,0,0,0,0,0,0,0,0,0
ENSMUSG00000097184,4632428C04Rik,2,3,3,6,7,4,0,2,2,0,2,5
ENSMUSG00000116660,9030404E10Rik,0,0,0,0,0,0,0,0,0,0,0,0
ENSMUSG00000022528,Hes1,9,7,11,3,9,3,7,3,5,3,16,13
ENSMUSG00000116997,Gm20040,0,1,0,0,0,0,0,0,0,0,0,0
ENSMUSG00000116887,Gm6029,1,1,0,0,0,0,1,0,0,0,0,0
ENSMUSG00002075363,#N/A,0,0,0,0,0,0,0,0,0,0,0,0
ENSMUSG00000101888,1700025H01Rik,0,0,0,0,0,0,0,0,0,0,0,0
ENSMUSG00000097621,Gm26562,0,0,0,0,0,0,0,0,0,0,0,0
ENSMUSG00000116938,Gm49645,0,0,0,0,0,0,0,0,0,0,0,0
ENSMUSG00000023176,Cpn2,0,0,0,0,0,0,0,0,0,0,0,0
ENSMUSG00000052316,Lrrc15,1,0,0,0,0,2,0,0,0,0,0,0
ENSMUSG00000047953,Gp5,2,0,3,1,0,1,1,1,3,1,1,0
ENSMUSG00000022533,Atp13a3,6560,6494,6026,5525,5126,3991,4006,5726,5893,5413,5487,5100
ENSMUSG00000116960,Gm49679,0,0,0,0,0,0,0,0,0,0,0,0
ENSMUSG00000022537,Tmem44,0,4,1,3,0,4,3,0,1,2,5,1
ENSMUSG00000022538,Lsg1,2830,3186,2600,2591,2326,1761,2011,2656,2792,2603,2488,2168
ENSMUSG00000046546,Fam43a,148,144,119,120,79,35,89,98,115,102,45,42
ENSMUSG00000116570,Gm49754,0,0,0,0,0,0,0,0,0,0,0,0
ENSMUSG00000119500,#N/A,0,0,0,0,0,0,0,0,0,0,0,0
ENSMUSG00000116546,Gm49755,0,0,0,0,0,0,0,0,0,0,0,0
ENSMUSG00000116951,Gm49756,0,0,0,0,1,0,0,0,0,0,0,0
ENSMUSG00000116737,Gm49757,0,0,0,0,0,0,0,0,0,0,0,0
ENSMUSG00000088782,Gm25375,0,0,0,0,0,0,0,0,0,0,0,0
ENSMUSG00000116581,Gm46565,0,0,2,5,1,1,0,3,1,0,4,1
ENSMUSG00000047434,Xxylt1,1505,1679,1223,1229,1320,582,1103,1347,1536,1401,1210,1177
ENSMUSG00000087605,Gm15742,6,6,0,0,2,3,3,3,6,1,1,5
ENSMUSG00000049076,Acap2,949,1022,805,705,703,565,653,851,868,806,820,821
ENSMUSG00000116943,Gm18237,0,0,0,0,0,0,0,0,0,0,0,0
ENSMUSG00000116946,Gm41442,4,12,5,12,10,8,11,7,12,7,8,14
ENSMUSG00000047714,Ppp1r2,610,645,540,511,478,211,540,474,553,505,427,430
ENSMUSG00002076509,#N/A,0,0,0,0,0,0,0,0,0,0,0,0
ENSMUSG00000116617,Gm49767,0,1,1,1,0,4,1,2,0,0,0,0
ENSMUSG00000116297,Gm49546,0,0,0,0,0,0,0,0,0,0,0,0
ENSMUSG00000022548,Apod,0,0,1,0,1,0,0,0,0,0,0,0
ENSMUSG00000116973,AV205837,0,0,0,0,0,0,0,0,0,0,0,0
ENSMUSG00000115997,Gm49404,0,0,0,0,0,0,0,0,0,0,0,0
ENSMUSG00000101234,1700007E05Rik,0,0,0,0,0,2,0,0,0,0,0,0
ENSMUSG00000116690,Gm49736,0,0,0,0,0,0,0,0,0,0,0,0
ENSMUSG00000046598,Bdh1,836,954,642,643,832,385,702,789,902,755,835,749
ENSMUSG00000086645,Gm15743,5,5,4,6,7,0,2,5,12,2,9,6
ENSMUSG00000116572,Gm49695,1,0,0,0,0,0,0,0,0,0,0,0
ENSMUSG00000116762,Gm46560,0,0,0,0,0,0,0,0,0,0,0,0
ENSMUSG00000116793,Gm34256,0,0,0,0,0,0,0,0,0,0,0,0
ENSMUSG00000116597,Gm536,0,0,1,0,0,0,0,0,0,0,0,0
ENSMUSG00000022770,Dlg1,2017,2080,1595,1582,1694,1331,1157,1598,1860,1792,1828,1625
ENSMUSG00000116781,Gm49712,1,0,0,2,1,0,0,1,0,0,0,1
ENSMUSG00000089011,Gm24879,0,0,0,0,0,0,0,0,0,0,0,0
ENSMUSG00000116626,Gm49705,3,1,5,2,4,0,0,1,4,6,3,3
ENSMUSG00000116778,Gm49713,32,7,13,6,9,8,11,5,34,22,7,17
ENSMUSG00000022780,Meltf,0,0,0,0,0,1,0,0,0,1,0,0
ENSMUSG00000083890,Gm15703,1,0,1,0,1,0,0,0,0,0,0,0
ENSMUSG00000116534,Gm49731,0,0,0,0,0,0,0,0,0,0,0,0
ENSMUSG00000045625,Pigz,3,1,7,1,2,0,4,7,1,1,1,1
ENSMUSG00000107002,0610012G03Rik,394,516,399,387,322,185,384,392,477,373,250,288
ENSMUSG00000022774,Ncbp2,1371,1392,1209,1190,1635,1121,1124,1202,1374,1167,1592,1441
ENSMUSG00000022772,Senp5,2350,2416,2076,2022,1983,1154,1615,2089,2136,1888,1893,1710
ENSMUSG00000083853,Gm15696,17,22,19,10,7,2,7,9,12,10,20,10
ENSMUSG00002075981,#N/A,0,0,0,0,0,0,0,0,0,0,0,0
ENSMUSG00000116739,Gm49733,10,13,10,11,8,6,11,14,13,4,11,5
ENSMUSG00000081404,Gm15694,11,6,11,10,5,3,6,4,16,2,8,8
ENSMUSG00000080928,Hmgb1-ps6,0,2,4,2,0,0,4,1,0,2,3,1
ENSMUSG00000022781,Pak2,7192,7636,6183,6173,5662,3419,4906,6367,7043,6417,6201,5861
ENSMUSG00000077460,Gm26419,0,0,0,0,0,0,0,0,0,0,0,0
ENSMUSG00000023791,Pigx,254,313,234,227,303,112,327,289,279,250,294,281
ENSMUSG00000035790,Cep19,157,133,97,111,117,103,109,123,136,124,135,127
ENSMUSG00000086146,Gm15729,0,0,0,0,1,0,0,0,0,1,0,0
ENSMUSG00000052384,Nrros,1123,1364,837,891,757,215,861,859,1082,1011,873,849
ENSMUSG00000075269,Bex6,1,0,0,0,0,0,0,0,2,1,0,0
ENSMUSG00000035764,Fbxo45,1059,1068,916,957,940,558,820,910,977,843,854,844
ENSMUSG00000080440,Gm25848,0,0,1,1,1,4,1,0,0,1,1,1
ENSMUSG00000022787,Wdr53,260,223,222,228,209,95,238,229,242,231,189,186
ENSMUSG00000088985,Mir1946a,0,0,0,0,0,0,0,0,0,0,0,0
ENSMUSG00000046345,Smco1,0,0,0,0,0,0,1,0,0,0,0,0
ENSMUSG00000014074,Rnf168,1003,960,751,784,881,665,722,839,992,914,950,847
ENSMUSG00000116900,Gm8387,0,0,0,0,1,0,0,0,0,0,0,1
ENSMUSG00000053774,Ubxn7,1011,1010,1093,999,970,801,753,1065,928,935,1016,1000
ENSMUSG00000079625,Tm4sf19,23,43,24,34,22,6,11,13,13,6,10,14
ENSMUSG00000103847,Gm20056,16,28,15,16,14,8,3,9,9,12,7,8
ENSMUSG00000014075,Tctex1d2,18,10,22,24,22,8,20,9,14,19,16,9
ENSMUSG00000005615,Pcyt1a,1188,1212,1221,1068,851,450,656,771,862,760,761,627
ENSMUSG00000116714,2210020O09Rik,0,0,0,0,0,0,0,0,0,0,0,0
ENSMUSG00000035699,Slc51a,0,0,0,0,0,0,0,0,0,0,0,0
ENSMUSG00000052363,Zdhhc19,0,0,0,0,0,0,0,0,0,0,0,0
ENSMUSG00000116957,Gm34680,1,0,0,2,2,2,1,2,0,0,0,0
ENSMUSG00000083903,Gm5405,0,0,0,0,0,0,0,0,0,1,0,0
ENSMUSG00000022801,Lrch3,1505,1737,1334,1316,1130,799,948,1343,1428,1351,1270,1211
ENSMUSG00000097318,1700007L15Rik,10,24,16,10,25,9,19,14,19,17,13,14
ENSMUSG00000022811,Zfp148,2082,2088,1617,1684,1917,1687,1253,1842,1927,1918,2020,1812
ENSMUSG00000035506,Slc12a8,51,52,41,52,45,22,30,41,43,58,41,21
ENSMUSG00000075254,Heg1,6155,6009,5891,5502,7014,5601,4198,6330,6763,6749,4903,4950
ENSMUSG00000090214,Gm15657,0,0,0,0,0,0,0,1,0,1,1,0
ENSMUSG00000022824,Muc13,29,24,15,17,4,2,20,25,20,6,8,11
ENSMUSG00000116916,Gm34967,0,0,0,0,0,0,0,0,0,1,0,0
ENSMUSG00000022817,Itgb5,22,18,19,18,27,5,26,30,29,12,20,9
ENSMUSG00000022814,Umps,3877,4412,3527,3880,4122,2104,3642,3902,3976,3636,4248,3949
ENSMUSG00000086083,Gm15829,0,1,4,0,4,0,6,2,0,2,0,0
ENSMUSG00000061751,Kalrn,3,10,2,4,3,15,0,2,1,2,2,1
ENSMUSG00000116835,Gm49594,0,1,0,1,2,0,2,1,1,0,0,0
ENSMUSG00000022832,Ropn1,0,0,0,0,0,0,0,0,1,0,0,0
ENSMUSG00000022833,Ccdc14,197,192,240,218,241,148,182,278,164,174,203,216
ENSMUSG00000022836,Mylk,10,6,12,6,6,8,8,9,6,8,4,5
ENSMUSG00000100593,1700119H24Rik,0,0,0,0,0,0,1,0,0,0,0,0
ENSMUSG00000116665,E130310I04Rik,0,0,0,0,0,0,0,0,0,0,0,0
ENSMUSG00000116840,Gm21691,0,0,1,2,0,0,0,0,0,0,0,0
ENSMUSG00000035376,Hacd2,323,306,233,253,335,278,311,336,351,278,367,311
ENSMUSG00000022840,Adcy5,3,2,6,3,14,6,5,7,1,2,8,2
ENSMUSG00002075911,#N/A,0,0,0,0,0,0,0,0,0,0,0,0
ENSMUSG00000116766,Gm49702,0,0,0,0,0,0,0,0,0,0,0,0
ENSMUSG00000034473,Sec22a,240,252,200,198,175,98,188,177,201,203,139,144
ENSMUSG00000116624,Gm49706,4,7,1,2,3,5,3,7,3,3,5,4
ENSMUSG00000064463,Gm25079,0,0,0,0,0,0,0,0,0,0,0,0
ENSMUSG00000064769,Gm23518,0,0,0,0,0,0,0,0,0,0,0,0
ENSMUSG00000022844,Pdia5,135,111,90,96,102,56,126,127,146,111,102,107
ENSMUSG00002076524,#N/A,0,0,0,0,0,0,0,0,0,0,0,0
ENSMUSG00000099429,1600019K03Rik,0,0,0,0,0,0,0,0,0,0,0,0
ENSMUSG00000052133,Sema5b,0,1,0,1,0,4,0,0,0,0,0,0
ENSMUSG00000052192,Gm5963,0,2,1,1,2,2,2,1,2,0,0,1
ENSMUSG00000022848,Slc49a4,89,72,49,76,68,24,78,93,83,56,73,51
ENSMUSG00000087793,Gm25967,0,0,0,0,0,0,0,0,0,1,0,0
ENSMUSG00000022849,Hspbap1,185,235,186,202,163,93,197,202,235,168,150,176
ENSMUSG00000097914,Gm26838,0,0,0,0,0,0,0,0,0,0,0,0
ENSMUSG00000116549,Gm49728,0,0,0,0,0,0,0,0,2,0,0,0
ENSMUSG00000034422,Parp14,1020,1159,950,996,740,536,775,1235,835,959,922,864
ENSMUSG00000116639,Gm49730,9,1,1,4,2,2,4,3,5,4,1,1
ENSMUSG00000116728,Gm41467,0,0,0,0,0,0,1,0,0,0,0,1
ENSMUSG00000062279,Gm10237,0,1,0,0,1,0,0,0,0,0,0,0
ENSMUSG00000049502,Dtx3l,1114,1164,969,1017,741,585,986,1221,984,882,972,844
ENSMUSG00000022906,Parp9,559,623,478,574,337,194,604,860,542,485,450,415
ENSMUSG00000086324,Gm15564,0,3,1,2,0,1,1,1,5,1,1,0
ENSMUSG00000022905,Kpna1,3226,3497,2852,2726,2980,1849,2282,2983,3417,3097,3194,3076
ENSMUSG00000034379,Wdr5b,55,65,41,36,65,24,37,50,50,41,52,42
ENSMUSG00000003955,Fam162a,822,1233,1028,1159,1263,588,1234,1091,1143,875,1098,1029
ENSMUSG00000075229,Ccdc58,573,680,583,548,704,540,571,583,581,536,674,587
ENSMUSG00000034362,Csta1,0,0,0,0,0,0,0,0,0,0,0,0
ENSMUSG00000060956,Gm10092,0,0,0,0,0,1,0,0,0,1,0,0
ENSMUSG00000088471,Gm23080,0,0,0,0,0,0,0,0,0,0,0,0
ENSMUSG00000059657,Stfa2l1,0,0,0,0,1,0,0,0,1,0,0,0
ENSMUSG00002076436,#N/A,0,0,0,0,0,0,0,0,0,0,0,0
ENSMUSG00000079597,Cstdc4,11,24,10,5,0,4,9,8,4,3,1,0
ENSMUSG00000118690,#N/A,0,0,0,0,0,0,0,0,0,0,0,0
ENSMUSG00000116872,Gm6815,0,1,0,0,0,0,0,0,0,0,0,0
ENSMUSG00000078097,Gm10913,6,1,1,1,3,2,1,5,3,3,7,4
ENSMUSG00000094733,Csta3,2,3,1,2,0,3,1,0,0,1,0,0
ENSMUSG00002075226,#N/A,0,0,0,0,0,0,0,0,0,0,0,0
ENSMUSG00000095620,Csta2,20,34,13,12,4,1,13,11,3,9,4,5
ENSMUSG00000075228,Gm10813,0,0,0,0,0,0,0,0,0,0,0,0
ENSMUSG00000118857,#N/A,0,0,0,0,0,0,0,0,0,0,0,0
ENSMUSG00000071562,Stfa1,1,0,0,0,0,0,0,1,0,0,0,0
ENSMUSG00002075883,#N/A,0,0,0,0,0,0,0,0,0,0,0,0
ENSMUSG00000116816,Cstdc3,0,0,0,0,0,0,0,0,0,0,0,0
ENSMUSG00002075042,#N/A,0,0,0,0,0,0,0,0,0,0,0,0
ENSMUSG00000116897,Gm49647,0,0,0,0,0,0,0,0,0,0,0,0
ENSMUSG00000088517,Gm24437,0,0,0,0,0,0,0,0,0,0,0,0
ENSMUSG00000079594,Cstdc6,0,0,0,0,0,0,0,0,0,0,0,0
ENSMUSG00002075419,#N/A,0,0,0,0,0,0,0,0,0,0,0,0
ENSMUSG00000071561,Cstdc5,0,0,0,0,0,0,0,0,0,0,0,0
ENSMUSG00000087689,Gm15845,0,0,0,0,0,0,0,0,0,0,0,0
ENSMUSG00000119194,#N/A,0,0,0,0,0,0,0,0,0,0,0,0
ENSMUSG00000079595,Gm7260,0,0,0,0,0,0,0,0,0,0,0,0
ENSMUSG00002075800,#N/A,0,0,0,0,0,0,0,0,0,0,0,0
ENSMUSG00000022902,Stfa2,0,1,2,0,0,0,0,0,0,0,0,0
ENSMUSG00000119903,#N/A,0,0,0,0,0,0,0,0,0,0,0,0
ENSMUSG00000116905,Gm49652,0,0,0,0,0,0,0,0,0,0,0,0
ENSMUSG00000089117,Gm25903,0,0,0,0,0,0,0,0,0,0,0,0
ENSMUSG00000054905,Stfa3,0,0,0,2,0,0,1,1,0,0,0,1
ENSMUSG00000116917,Gm49653,0,0,0,0,0,0,0,0,0,0,0,0
ENSMUSG00000051980,Casr,4,0,1,1,0,0,0,0,2,2,1,4
ENSMUSG00002076629,#N/A,0,0,0,0,0,0,0,0,0,0,0,0
ENSMUSG00000116961,Gm49662,0,0,1,1,0,0,0,0,0,0,0,0
ENSMUSG00000116685,Gm49664,0,0,0,0,0,0,0,0,0,0,0,0
ENSMUSG00000116945,Gm49663,1,1,0,0,2,5,0,2,0,0,1,1
ENSMUSG00000022901,Cd86,23,59,24,35,17,10,22,29,52,31,17,17
ENSMUSG00000022900,Ildr1,3,3,7,1,2,0,7,5,5,2,2,1
ENSMUSG00000116821,Gm8538,0,2,0,0,1,0,0,0,0,0,0,0
ENSMUSG00000022899,Slc15a2,2,0,0,0,40,33,6,11,7,10,17,22
ENSMUSG00000091786,Gm8425,17,25,22,17,27,3,17,19,17,12,21,18
ENSMUSG00002075144,#N/A,0,0,0,0,0,0,0,0,0,0,0,0
ENSMUSG00000022838,Eaf2,6,3,2,2,4,2,4,5,1,2,2,5
ENSMUSG00000022837,Iqcb1,89,99,87,79,113,91,84,114,109,79,102,94
ENSMUSG00000116797,2600002D14Rik,1,1,0,0,0,1,1,1,0,0,1,0
ENSMUSG00000116908,Gm49599,27,31,40,30,22,24,11,25,23,24,22,29
ENSMUSG00000034243,Golgb1,1194,1322,1145,1104,876,805,738,1209,1016,1026,1015,852
ENSMUSG00000084834,4930565N06Rik,0,0,0,0,0,0,0,0,0,0,0,0
ENSMUSG00000116795,Gm49600,0,0,0,1,0,1,1,0,0,1,1,0
ENSMUSG00000022831,Hcls1,3489,3511,2429,2634,2473,1576,2618,2870,3041,2734,3045,2536
ENSMUSG00000047746,Fbxo40,2,1,2,4,5,2,0,0,1,0,1,0
ENSMUSG00000116773,Gm49605,0,0,0,0,0,0,0,0,0,0,0,0
ENSMUSG00000034206,Polq,391,357,388,318,569,465,346,486,270,251,531,471
ENSMUSG00000022829,Stxbp5l,0,1,0,0,1,1,0,0,0,0,0,0
ENSMUSG00000083420,Gm15665,0,0,0,0,0,0,0,0,0,0,0,0
ENSMUSG00000116854,Gm49567,0,0,0,0,0,0,0,0,0,0,0,0
ENSMUSG00000022828,Gtf2e1,1284,1461,1131,1161,1138,662,874,1081,1301,1162,1144,1091
ENSMUSG00000005732,Ranbp1,2268,2554,2026,2055,2510,2339,2461,2251,2558,2212,2716,2566
ENSMUSG00000080364,Gm25777,2,2,2,10,7,2,7,5,1,1,6,7
ENSMUSG00000116925,Gm49776,0,0,0,0,0,0,0,0,0,0,0,0
ENSMUSG00000022721,Trmt2a,2214,2128,1636,1691,1780,704,1619,1729,2144,1808,2075,2071
ENSMUSG00000022718,Dgcr8,2225,2405,2059,2015,2335,1634,1834,2300,2311,1991,2552,2347
ENSMUSG00000080452,Mir1306,0,0,0,0,0,0,0,0,0,0,0,0
ENSMUSG00000093246,Gm24572,0,0,0,0,0,0,0,0,0,0,0,0
ENSMUSG00000013539,Tango2,262,252,198,180,176,83,201,182,185,196,177,178
ENSMUSG00000065464,Mir185,0,0,0,0,0,0,0,0,0,0,0,0
ENSMUSG00002075609,#N/A,0,0,0,0,0,0,0,0,0,0,0,0
ENSMUSG00002075123,#N/A,0,0,0,0,0,0,0,0,0,0,0,0
ENSMUSG00000000326,Comt,1720,2065,1436,1519,1296,544,1607,1571,1745,1440,1483,1291
ENSMUSG00000087556,Gm15764,4,3,3,2,3,3,1,0,5,3,8,5
ENSMUSG00000075704,Txnrd2,363,404,298,295,350,90,295,286,389,334,312,341
ENSMUSG00000116842,Gm49588,7,6,6,7,0,0,4,4,2,9,3,4
ENSMUSG00000118669,#N/A,28,27,25,22,16,7,15,20,24,25,26,24
ENSMUSG00000022797,Tfrc,23637,25591,21302,20592,22321,14094,15373,19747,22443,21435,23368,21780
ENSMUSG00000022791,Tnk2,1297,1202,935,858,1068,345,987,1026,1011,875,1069,1123
ENSMUSG00000075265,Tnk2os,0,0,0,0,0,0,1,0,0,0,1,0
ENSMUSG00000098225,Gm9556,1,0,0,1,0,0,0,0,0,0,0,0
ENSMUSG00000118672,#N/A,0,0,0,0,0,0,0,1,0,0,0,0
ENSMUSG00000035638,Muc20,0,0,0,0,0,0,1,0,1,1,0,0
ENSMUSG00000094430,Smbd1,0,0,0,0,0,0,0,0,0,0,0,0
ENSMUSG00000097256,Gm26769,0,0,0,0,0,0,0,0,0,0,0,0
ENSMUSG00000035629,Rubcn,499,479,333,342,363,172,325,381,361,358,398,405
ENSMUSG00000022800,Fyttd1,2049,2055,1589,1614,1796,1471,1368,1732,1989,1806,1962,1879
ENSMUSG00000059003,Grin2a,0,0,0,0,0,0,0,0,0,0,0,0
ENSMUSG00000098100,Gm7572,7,18,12,15,9,4,19,20,3,5,7,1
ENSMUSG00000098170,Gm3890,2,0,1,0,0,0,1,0,0,1,0,0
ENSMUSG00000091997,Gm6611,11,10,10,12,11,5,4,20,16,8,7,5
ENSMUSG00000078489,Gm17106,0,0,0,0,0,0,0,0,0,0,0,0
ENSMUSG00000070225,n-R5s33,1,0,1,0,0,0,0,1,0,0,0,1
ENSMUSG00000035578,Iqcg,11,13,11,6,13,16,14,20,13,7,18,14
ENSMUSG00000060636,Rpl35a,4095,3992,2725,3265,3434,2910,3429,3878,4478,3917,3820,3938
ENSMUSG00000022802,Lmln,78,88,60,72,90,51,58,57,88,87,87,82
ENSMUSG00002076382,#N/A,0,0,0,0,0,0,0,0,0,0,0,0
ENSMUSG00000088860,Mir1947,0,0,0,0,0,0,0,0,0,0,0,0
ENSMUSG00000089109,Gm23916,0,0,0,0,0,0,0,0,0,0,0,0
ENSMUSG00000022807,Osbpl11,967,989,796,736,804,461,643,829,928,784,692,644
ENSMUSG00000022808,Snx4,1002,1042,749,819,720,416,758,949,925,833,780,752
ENSMUSG00002076352,#N/A,0,0,0,0,0,0,0,0,0,0,0,0
ENSMUSG00000117070,Gm41541,0,0,0,0,0,0,2,0,0,0,2,0
ENSMUSG00000092564,BC051226,13,17,19,20,25,12,21,14,15,13,25,22
ENSMUSG00002076084,#N/A,0,0,0,0,0,0,0,0,0,0,0,0
ENSMUSG00000099635,Gm28528,0,0,0,0,0,0,0,0,0,0,0,0
ENSMUSG00000035868,Zfp983,82,88,76,73,79,93,77,106,67,75,126,113
ENSMUSG00000073448,Gm10509,25,18,18,24,22,15,20,20,27,17,15,8
ENSMUSG00000024134,Six2,0,0,0,0,1,3,0,0,0,0,0,1
ENSMUSG00000067929,Gm10226,15,11,6,9,11,8,6,11,15,16,10,14
ENSMUSG00000117422,CJ186046Rik,0,0,0,0,0,2,0,0,0,0,0,0
ENSMUSG00000100345,Gm29418,0,0,0,0,0,0,0,0,0,0,0,0
ENSMUSG00000117501,Gm30117,0,0,0,0,0,0,0,0,0,0,0,0
ENSMUSG00000067928,Zfp760,49,69,38,49,86,89,60,47,35,55,108,88
ENSMUSG00000061544,Zfp229,1,5,3,2,5,4,4,6,0,4,8,3
ENSMUSG00000117056,Gm18270,0,0,0,1,0,0,0,0,0,0,0,0
ENSMUSG00000049202,4930515G13Rik,0,0,0,0,0,0,0,0,0,0,0,1
ENSMUSG00000047189,Gm9818,0,0,0,0,0,0,0,0,0,0,0,0
ENSMUSG00000069743,Zfp820,18,17,7,13,14,32,10,17,5,12,19,19
ENSMUSG00000024135,Srbd1,607,601,579,541,663,469,484,563,546,477,669,593
ENSMUSG00000078546,Zfp995,43,46,40,40,54,57,35,49,40,34,40,36
ENSMUSG00000117049,Gm6540,2,1,0,0,2,1,1,3,0,0,0,1
ENSMUSG00000071267,Zfp942,427,398,288,333,315,381,287,354,302,440,390,415
ENSMUSG00000053347,Zfp943,200,195,182,175,190,263,155,194,189,227,234,213
ENSMUSG00000086004,Gm7805,0,0,1,0,0,0,0,0,0,0,0,0
ENSMUSG00000099397,Gm7809,14,14,12,14,14,16,12,22,24,16,15,14
ENSMUSG00000117025,Gm49950,0,0,0,0,0,0,0,0,0,0,0,0
ENSMUSG00000040775,Gm9772,0,0,0,0,0,0,0,0,0,0,0,0
ENSMUSG00000092147,Gm7052,0,0,0,0,0,1,0,0,0,0,0,0
ENSMUSG00000117234,Gm7818,1,0,0,1,1,2,0,0,0,0,0,0
ENSMUSG00000063383,Zfp947,15,10,9,3,8,17,9,10,7,6,12,9
ENSMUSG00000117252,Gm9514,0,3,0,0,0,1,2,0,0,1,0,0
ENSMUSG00000096433,Zfp994,93,102,70,66,86,119,54,79,80,79,94,102
ENSMUSG00000045038,Prkce,197,165,185,150,204,121,143,181,185,147,227,221
ENSMUSG00000117284,Gm7072,170,152,117,116,151,205,164,149,164,178,191,197
ENSMUSG00000117164,Gm49951,0,0,0,0,0,0,0,0,0,0,0,0
ENSMUSG00000117546,AC154542.1,0,0,1,2,2,1,2,1,2,0,3,2
ENSMUSG00000100738,2010106C02Rik,0,0,0,0,0,0,0,0,0,0,0,0
ENSMUSG00000033972,Zfp944,184,155,142,158,138,146,165,160,147,211,188,213
ENSMUSG00000071036,Gm10309,0,1,0,0,0,1,0,0,0,0,0,0
ENSMUSG00000117568,Gm18832,0,0,0,0,0,0,0,0,0,0,0,0
ENSMUSG00002076026,#N/A,0,0,0,0,0,0,0,0,0,0,0,0
ENSMUSG00000044501,Zfp758,175,139,119,100,149,237,95,117,178,174,204,179
ENSMUSG00000024140,Epas1,231,233,201,200,201,137,165,194,133,119,180,138
ENSMUSG00000117538,Gm50008,0,0,2,0,0,2,0,0,0,0,0,0
ENSMUSG00000099798,Gm29168,0,0,0,0,0,0,1,0,0,0,0,0
ENSMUSG00000071266,Zfp946,23,40,31,23,29,42,21,19,11,26,39,36
ENSMUSG00000117058,Gm49955,0,0,0,0,0,0,0,0,0,0,0,0
ENSMUSG00000037689,Tmem247,0,0,0,0,0,1,0,0,0,0,0,0
ENSMUSG00000117094,Gm49956,0,0,0,0,0,0,0,0,0,0,0,0
ENSMUSG00000117457,Gm50011,0,0,0,0,0,0,0,0,0,0,0,0
ENSMUSG00000117259,Gm19012,0,0,0,0,0,0,0,0,0,0,0,0
ENSMUSG00000053375,Atp6v1e2,0,0,0,0,0,0,0,0,0,0,0,0
ENSMUSG00000024143,Rhoq,1165,1118,929,885,806,417,774,870,804,813,693,645
ENSMUSG00000095093,Vmn2r111,0,0,0,0,0,1,0,0,0,0,0,0
ENSMUSG00000117628,Gm50012,76,87,63,49,39,53,46,51,66,73,52,53
ENSMUSG00000024145,Pigf,305,365,298,299,368,218,378,363,342,307,360,379
ENSMUSG00000024146,Cript,389,459,345,404,387,246,472,419,450,374,374,337
ENSMUSG00000094921,Vmn2r112,0,0,0,0,0,2,0,0,0,0,0,0
ENSMUSG00000087736,Gm24648,0,0,0,0,0,0,0,0,0,0,0,0
ENSMUSG00000117055,Gm9805,0,0,0,0,0,0,1,0,0,0,0,0
ENSMUSG00000071035,Gm5499,5,7,7,10,3,8,6,7,10,9,7,6
ENSMUSG00000117183,Gm20008,192,164,136,98,131,236,68,154,109,161,190,201
ENSMUSG00000098210,Gm5224,0,0,0,0,0,0,0,0,0,0,0,0
ENSMUSG00000037104,Socs5,416,408,384,346,446,230,233,319,390,327,370,364
ENSMUSG00000098164,Gm5493,0,2,0,0,2,1,0,0,1,0,0,0
ENSMUSG00002075652,#N/A,0,0,0,0,0,0,0,0,0,0,0,0
ENSMUSG00000117333,Gm16386,4,2,1,0,4,4,3,1,3,3,4,7
ENSMUSG00000117384,C330024C12Rik,0,0,0,0,0,0,0,0,0,0,0,0
ENSMUSG00000023991,Foxp4,10097,10441,7031,7499,5300,2295,5670,7547,8786,8440,4934,4831
ENSMUSG00000059142,Zfp945,38,49,26,24,29,37,24,31,32,36,40,45
ENSMUSG00000117002,Gm32892,0,3,1,0,0,1,3,0,1,4,1,0
ENSMUSG00000117141,Gm18214,0,0,0,0,0,0,0,0,0,0,0,0
ENSMUSG00000085932,Gm15556,3,8,1,3,0,0,2,2,5,0,0,1
ENSMUSG00000090355,Vmn2r-ps128,0,0,0,0,0,0,0,0,0,0,0,0
ENSMUSG00000092111,Vmn2r113,0,1,0,0,2,1,1,0,0,0,0,0
ENSMUSG00000084288,Gm5228,4,3,3,1,5,0,3,2,1,5,6,7
ENSMUSG00000094752,Vmn2r-ps129,0,0,0,0,0,0,0,0,0,0,0,0
ENSMUSG00000082492,Gm14871,0,0,0,0,0,0,0,0,0,0,0,0
ENSMUSG00000093433,Gm18415,0,0,0,0,0,0,0,0,0,0,0,0
ENSMUSG00000093564,Gm18396,0,0,0,0,0,0,0,0,0,0,0,0
ENSMUSG00000024150,Mcfd2,761,815,659,614,657,394,606,593,678,604,590,568
ENSMUSG00000094928,1700122O11Rik,0,0,0,0,0,0,0,0,0,1,0,0
ENSMUSG00000095658,Vmn2r-ps130,0,0,0,0,2,0,0,0,0,0,0,0
ENSMUSG00000117308,Gm20596,0,1,0,1,1,0,0,1,0,0,1,1
ENSMUSG00000093703,Gm18397,0,0,0,0,0,0,0,0,0,0,0,0
ENSMUSG00000117334,A730006G06Rik,0,0,0,0,0,2,0,0,0,0,0,0
ENSMUSG00000093685,Gm18416,0,0,0,0,0,0,0,0,0,0,0,0
ENSMUSG00000096429,Vmn2r-ps131,0,0,0,0,0,0,0,0,0,0,0,0
ENSMUSG00000085287,4833418N02Rik,6,9,6,8,2,1,17,2,6,5,14,8
ENSMUSG00000093714,Vmn2r-ps132,0,0,0,0,0,0,0,0,0,0,0,0
ENSMUSG00000021545,1700067P10Rik,0,0,0,0,0,0,0,0,0,0,0,0
ENSMUSG00000117157,Gm49946,0,0,0,0,0,0,0,0,0,0,0,0
ENSMUSG00000073386,9830107B12Rik,0,0,0,0,0,0,0,0,0,0,0,1
ENSMUSG00000117266,Gm49947,0,0,0,0,0,0,0,0,0,0,0,0
ENSMUSG00000002617,Zfp40,91,81,75,71,85,116,52,92,61,101,125,105
ENSMUSG00000093493,Vmn2r-ps133,0,0,0,0,0,0,0,0,0,0,0,0
ENSMUSG00000043939,A530064D06Rik,0,1,2,1,3,0,0,1,4,0,1,0
ENSMUSG00000091945,Vmn2r114,0,0,0,1,0,1,0,0,0,0,0,0
ENSMUSG00000042265,Trem1,0,0,0,0,0,0,0,0,0,0,0,0
ENSMUSG00000117318,Gm18679,0,0,0,0,0,0,0,0,0,0,0,0
ENSMUSG00000041754,Trem3,0,0,0,0,0,0,0,0,0,0,0,0
ENSMUSG00000091076,Vmn2r115,0,0,0,0,1,0,0,0,0,0,0,0
ENSMUSG00000036918,Ttc7,758,745,635,618,490,178,669,724,690,624,513,499
ENSMUSG00000089701,Gm15978,0,0,0,0,0,0,0,0,0,0,0,0
ENSMUSG00000090966,Vmn2r116,0,0,0,0,0,0,0,0,0,0,0,0
ENSMUSG00000089755,0610012D04Rik,0,0,0,0,0,0,0,0,0,0,0,0
ENSMUSG00000117159,Gm49952,0,0,0,0,0,0,0,0,0,0,0,0
ENSMUSG00000096270,Vmn2r-ps134,0,0,0,0,0,0,0,0,0,0,0,0
ENSMUSG00000091407,Vmn2r117,0,0,0,0,0,0,0,0,0,0,0,0
ENSMUSG00000109027,Olfr752-ps1,0,0,0,0,0,0,0,0,0,0,0,0
ENSMUSG00000117154,Gm7898,0,0,0,0,0,1,0,0,0,0,0,0
ENSMUSG00000117322,6330415G19Rik,4,5,3,3,4,2,1,3,3,4,5,8
ENSMUSG00000067882,Casp16,1,0,0,0,0,2,0,0,0,0,1,0
ENSMUSG00000071256,Zfp213,465,445,347,368,388,160,296,339,458,424,413,428
ENSMUSG00000115842,Gm49092,0,0,0,0,1,3,0,0,0,0,0,0
ENSMUSG00000036557,Stpg4,0,0,0,1,0,0,1,0,0,0,0,0
ENSMUSG00000051682,Treml4,0,0,0,0,1,1,0,0,0,0,0,0
ENSMUSG00000062012,Zfp13,0,0,0,0,0,0,0,0,0,0,0,0
ENSMUSG00000036438,Calm2,1693,1816,1574,1578,2165,2160,2059,2120,1858,1571,2136,1690
ENSMUSG00000089427,Gm26005,0,0,0,0,0,0,0,0,0,0,0,0
ENSMUSG00000117545,Gm30794,0,0,0,0,0,0,0,0,0,0,0,0
ENSMUSG00000117486,Gm30938,0,0,0,0,0,0,0,0,0,0,0,0
ENSMUSG00000100847,Gm28676,0,0,0,0,0,0,0,0,0,0,0,0
ENSMUSG00000117361,Gm30984,0,0,0,0,0,0,0,0,0,0,0,0
ENSMUSG00000071068,Treml2,881,893,753,860,483,338,926,1053,729,756,779,732
ENSMUSG00000117414,Gm46587,0,0,1,2,1,0,0,0,0,0,0,0
ENSMUSG00000045394,Epcam,269,336,175,221,258,163,185,169,173,178,241,233
ENSMUSG00000043740,B430306N03Rik,46,43,53,75,29,12,51,59,54,39,26,35
ENSMUSG00000023992,Trem2,0,0,0,0,0,0,0,0,0,0,0,0
ENSMUSG00000023902,Zscan10,1,0,0,0,1,0,0,0,0,1,0,0
ENSMUSG00000117059,Gm7912,0,0,0,0,0,0,0,0,0,0,0,0
ENSMUSG00000024151,Msh2,742,831,677,696,813,522,669,789,771,679,991,883
ENSMUSG00000050138,Kcnk12,6,8,9,10,6,5,4,11,14,12,3,2
ENSMUSG00000117466,Gm50039,0,0,0,0,0,0,0,0,0,0,0,0
ENSMUSG00000093922,Rpl36-ps4,0,0,0,0,1,0,0,0,0,0,0,0
ENSMUSG00000023903,Mmp25,2,4,0,4,0,1,1,0,4,6,6,4
ENSMUSG00000117455,Gm50040,0,0,0,0,0,0,1,0,0,1,0,0
ENSMUSG00000117522,Gm50041,0,1,0,0,1,0,0,0,0,0,0,0
ENSMUSG00000117108,Gm49935,0,0,0,0,0,1,0,0,0,0,0,0
ENSMUSG00000117258,Gm7773,0,0,1,0,0,0,0,0,0,0,0,0
ENSMUSG00000023993,Treml1,0,0,0,0,0,0,0,0,0,1,0,0
ENSMUSG00000005370,Msh6,2553,2662,2183,2178,2501,2033,1879,2451,2632,2249,2682,2586
ENSMUSG00000043782,Bicdl2,0,0,0,0,0,1,0,0,0,0,1,0
ENSMUSG00000041319,Thoc6,541,631,503,477,687,242,599,595,613,519,556,549
ENSMUSG00000023904,Hcfc1r1,396,422,287,300,293,198,377,408,389,295,287,271
ENSMUSG00000023905,Tnfrsf12a,60,68,58,43,72,21,52,27,63,46,55,58
ENSMUSG00000005371,Fbxo11,5872,5760,5522,5064,5203,5911,3753,5032,5239,4704,3941,3874
ENSMUSG00000023906,Cldn6,0,0,0,0,0,0,0,0,0,0,0,0
ENSMUSG00000058869,Gm4832,4,2,5,3,2,4,0,3,2,2,3,3
ENSMUSG00000097676,Gm26612,0,0,0,0,0,0,0,0,0,0,0,0
ENSMUSG00000066720,Cldn9,0,0,0,0,0,0,0,0,0,0,0,0
ENSMUSG00000117369,Gm31499,0,0,0,0,0,0,0,0,0,0,0,1
ENSMUSG00000118572,AC122821.1,0,0,0,0,0,0,0,0,0,0,0,0
ENSMUSG00000117351,Gm31615,0,0,0,0,0,1,0,0,0,0,0,0
ENSMUSG00000117497,1700116H05Rik,0,0,0,0,0,1,0,0,0,0,0,0
ENSMUSG00000088791,Gm22542,0,0,0,0,0,0,0,0,0,0,0,0
ENSMUSG00000119680,#N/A,0,0,0,0,0,0,0,0,0,0,0,0
ENSMUSG00000034998,Foxn2,1978,1887,1615,1521,1317,1203,1051,1577,1816,1715,1712,1614
ENSMUSG00000034709,Ppp1r21,296,283,256,232,207,128,227,270,260,300,263,243
ENSMUSG00000023994,Nfya,2620,2840,2111,2125,2258,1419,1657,2164,2400,2189,2320,2111
ENSMUSG00000103075,Gm38109,0,0,0,0,0,0,0,0,0,0,0,0
ENSMUSG00000033855,Ston1,20,22,18,19,24,9,23,39,19,22,34,29
ENSMUSG00000043747,1520401A03Rik,0,0,5,2,3,2,1,0,1,0,1,2
ENSMUSG00000117398,Gm9406,0,0,0,0,0,0,0,0,0,0,0,0
ENSMUSG00000040771,Oard1,185,182,152,161,194,191,166,170,189,148,238,189
ENSMUSG00000117104,Gm49893,1,2,0,0,0,0,0,2,2,0,0,0
ENSMUSG00000117567,Gm50056,0,0,0,0,0,0,0,0,0,0,0,0
ENSMUSG00000040694,Apobec2,52,34,25,43,12,8,11,25,23,21,7,14
ENSMUSG00000024154,Gtf2a1l,0,0,0,0,1,0,0,0,0,0,1,0
ENSMUSG00000023908,Pkmyt1,729,716,862,816,1017,438,988,1031,758,645,824,830
ENSMUSG00000023995,Tspo2,0,0,0,0,0,0,0,0,0,0,0,0
ENSMUSG00000023909,Paqr4,285,333,206,210,235,156,259,288,305,271,263,204
ENSMUSG00000040680,Kremen2,79,106,64,69,65,20,54,51,67,75,52,48
ENSMUSG00000024107,Lhcgr,0,0,0,0,0,0,0,0,0,0,0,0
ENSMUSG00000097006,9530082P21Rik,18,37,14,12,10,8,19,17,23,22,28,15
ENSMUSG00000117566,Gm9407,0,0,0,0,0,0,0,0,0,0,0,1
ENSMUSG00000032937,Fshr,0,0,1,0,0,0,0,0,0,0,0,0
ENSMUSG00000117364,4933400B14Rik,0,0,0,0,2,4,0,0,0,0,2,0
ENSMUSG00000117524,Gm4719,0,0,0,0,0,0,0,0,0,0,0,0
ENSMUSG00000117511,Gm50061,0,0,0,0,0,0,0,0,0,0,0,0
ENSMUSG00000066878,Gm10184,2,0,1,1,0,1,1,1,0,0,1,0
ENSMUSG00000117635,Gm41653,0,0,0,0,0,0,0,0,0,0,0,0
ENSMUSG00000043592,Unc5cl,63,76,65,60,80,35,70,79,56,59,78,65
ENSMUSG00000117019,Gm49896,0,0,0,0,0,0,1,0,0,0,0,0
ENSMUSG00000077708,Gm24071,0,0,0,0,0,0,0,0,0,0,0,0
ENSMUSG00002075943,#N/A,0,0,0,0,0,0,0,0,0,0,0,0
ENSMUSG00000110276,Gm45330,0,0,0,0,0,0,0,0,0,0,0,0
ENSMUSG00000040097,Flywch1,695,729,516,465,511,191,493,536,573,515,623,553
ENSMUSG00000115692,Gm49163,0,0,0,0,0,0,0,0,0,0,0,0
ENSMUSG00000086719,Gm16275,0,0,0,0,0,1,0,1,0,1,0,0
ENSMUSG00000040490,Lrfn2,0,1,1,0,0,0,0,0,0,0,1,1
ENSMUSG00002076674,#N/A,0,0,0,0,0,0,0,0,0,0,0,0
ENSMUSG00000023911,Flywch2,12,14,15,9,12,2,10,16,12,6,7,9
ENSMUSG00000101012,1700008K24Rik,0,0,0,0,0,0,0,0,0,0,0,0
ENSMUSG00000117115,Gm9586,0,0,0,0,0,0,0,0,0,0,0,0
ENSMUSG00000064541,Gm22978,0,0,0,0,0,0,0,0,0,0,0,0
ENSMUSG00000117221,Gm17830,0,0,0,0,0,0,0,0,0,0,0,0
ENSMUSG00000117198,Gm18067,0,0,0,0,0,0,0,0,0,0,0,0
ENSMUSG00000092268,Gm20540,0,1,0,0,0,0,0,0,0,0,0,0
ENSMUSG00000039218,Srrm2,31342,31433,27548,26452,27249,20981,17843,29666,26473,26426,29312,26741
ENSMUSG00000117219,Gm49911,0,0,0,0,0,0,0,0,0,0,0,0
ENSMUSG00000092981,Mir5125,59,59,61,66,74,80,47,71,64,50,69,72
ENSMUSG00000055839,Elob,733,1003,751,840,971,317,864,773,792,710,776,745
ENSMUSG00000064120,Mocs1,188,271,158,190,193,101,193,208,184,194,208,173
ENSMUSG00000049620,Prss33,0,0,0,0,0,0,0,0,1,0,0,1
ENSMUSG00000024114,Prss41,7,21,15,12,1,5,9,11,5,7,4,6
ENSMUSG00000048992,Prss32,0,0,0,0,0,0,0,0,0,1,0,0
ENSMUSG00000089697,Gm15947,0,0,0,0,0,0,0,0,0,0,0,0
ENSMUSG00000024116,Prss21,0,0,0,0,0,0,0,0,0,0,0,0
ENSMUSG00000040260,Daam2,0,0,0,0,0,0,0,0,1,0,0,0
ENSMUSG00000096445,Dcpp1,0,0,0,0,0,0,0,0,0,0,0,0
ENSMUSG00000023999,Kif6,0,0,0,0,0,0,0,0,0,0,0,0
ENSMUSG00000090012,Gm16555,0,0,0,0,0,0,0,0,0,0,0,0
ENSMUSG00000090227,Gm16554,0,0,0,0,0,0,0,0,0,0,0,0
ENSMUSG00000096278,Dcpp2,0,0,0,0,0,0,0,0,0,0,0,1
ENSMUSG00000117527,Gm50058,2,3,3,0,0,1,0,0,1,0,0,0
ENSMUSG00000117400,Gm50057,0,0,0,0,0,0,0,0,0,0,0,0
ENSMUSG00000118549,AC114824.1,0,0,0,0,0,0,0,0,0,0,0,0
ENSMUSG00000117488,Gm41545,0,0,0,0,0,0,0,0,0,1,0,0
ENSMUSG00000118535,AC133946.1,0,0,0,0,0,0,0,0,0,0,0,0
ENSMUSG00000117403,Gm50059,5,17,13,9,8,9,11,16,7,8,8,4
ENSMUSG00000057417,Dcpp3,0,0,0,0,0,0,0,0,0,0,0,0
ENSMUSG00000039316,Rftn1,1372,1497,1139,1156,952,410,1117,1129,1311,1051,1179,1039
ENSMUSG00000117117,Gm49901,0,0,0,0,0,0,0,0,0,0,0,0
ENSMUSG00000104256,Gm37173,0,0,0,0,0,0,0,0,0,0,0,0
ENSMUSG00000117138,Gm9191,0,0,0,0,0,0,0,0,0,0,0,0
ENSMUSG00000117077,Gm18735,0,0,0,0,0,0,0,1,0,0,0,0
ENSMUSG00000117009,Gm41597,0,0,0,0,0,1,0,0,0,0,0,0
ENSMUSG00000067103,AY702103,0,0,0,0,1,0,0,0,0,0,0,0
ENSMUSG00000024128,Sbp,0,0,0,0,0,0,0,0,0,0,0,0
ENSMUSG00000010592,Dazl,1,1,2,0,1,2,0,1,2,1,0,2
ENSMUSG00000117222,Gm49906,0,0,0,0,0,0,0,0,0,0,0,0
ENSMUSG00000038910,Plcl2,1630,1612,1546,1603,1497,973,1394,1773,1565,1494,1377,1332
ENSMUSG00000044645,Gm7334,3,0,1,2,2,0,0,3,3,9,2,6
ENSMUSG00000024125,Sbpl,0,0,0,0,0,0,0,0,0,0,0,0
ENSMUSG00000024124,Prss30,2,8,3,4,0,3,8,4,3,7,1,1
ENSMUSG00000045027,Prss22,0,0,2,0,0,1,3,3,1,0,0,0
ENSMUSG00000117580,Gm50066,0,0,0,0,0,0,0,0,0,0,0,0
ENSMUSG00002075970,#N/A,0,0,0,0,0,0,0,0,0,0,0,0
ENSMUSG00000077184,Gm25092,0,0,0,0,0,0,0,0,0,0,0,0
ENSMUSG00000095266,Gm5225,0,0,0,0,0,0,0,0,0,0,0,0
ENSMUSG00000050762,Prss27,0,0,0,0,0,0,0,0,0,0,0,0
ENSMUSG00000024109,Nrxn1,0,0,0,0,1,13,0,0,2,0,0,0
ENSMUSG00002075452,#N/A,0,0,0,0,0,0,0,0,0,0,0,0
ENSMUSG00000073367,Gm10493,0,0,0,0,0,0,0,0,0,0,0,0
ENSMUSG00000016946,Kctd5,969,1225,927,921,1068,455,904,957,947,909,880,834
ENSMUSG00000093716,Gm19815,3,3,5,4,1,4,1,4,8,4,5,5
ENSMUSG00000092549,Gm20491,0,0,0,0,0,0,0,0,0,0,0,0
ENSMUSG00000090160,4930480K15Rik,0,0,0,0,0,0,0,0,0,0,0,0
ENSMUSG00002075733,#N/A,0,0,0,0,0,0,0,0,0,0,0,0
ENSMUSG00000071033,Gm10308,0,0,0,0,0,0,0,0,0,0,0,0
ENSMUSG00002076576,#N/A,0,0,0,0,0,0,0,0,0,0,0,0
ENSMUSG00000117572,Gm9410,1,0,0,0,0,0,0,0,0,0,0,0
ENSMUSG00000117649,Gm9411,0,0,0,0,0,0,0,0,0,0,0,0
ENSMUSG00000043346,Gm6741,0,0,0,0,0,0,0,0,0,0,0,0
ENSMUSG00000117471,Gm49988,0,0,0,0,0,0,0,0,0,0,0,0
ENSMUSG00000117396,Gm49989,0,0,0,0,0,0,0,0,0,0,0,0
ENSMUSG00000117629,Gm49990,0,0,0,0,0,0,0,0,0,0,0,0
ENSMUSG00000087425,Gm15404,0,0,0,0,0,0,0,0,0,0,0,0
ENSMUSG00000117417,Gm49991,1,0,0,0,0,0,0,0,1,0,0,3
ENSMUSG00000081412,Gm15403,0,0,0,0,0,0,0,0,0,0,0,0
ENSMUSG00000117555,Gm49992,0,0,0,0,0,0,0,0,0,0,0,0
ENSMUSG00000117408,Gm49993,0,0,0,0,0,0,0,0,0,0,0,0
ENSMUSG00000023923,Tbc1d5,342,319,248,174,394,303,216,235,272,219,496,424
ENSMUSG00000117433,Gm41654,0,0,0,0,0,0,2,0,0,0,0,0
ENSMUSG00000087942,Gm24244,0,0,0,0,0,0,0,0,0,0,0,0
ENSMUSG00002076816,#N/A,0,0,0,0,0,0,0,0,0,0,0,0
ENSMUSG00000084583,Gm25177,0,0,0,0,0,0,0,0,0,0,0,0
ENSMUSG00000117584,Gm49994,0,1,0,0,0,0,0,0,0,0,0,0
ENSMUSG00000117168,Gm49908,0,0,0,0,0,0,0,0,0,0,0,0
ENSMUSG00000117343,Gm19145,0,0,0,0,0,0,0,0,0,0,0,0
ENSMUSG00000117624,Gm6751,0,0,0,0,0,0,0,0,0,0,0,0
ENSMUSG00000117204,C330011F03Rik,0,0,0,0,0,0,0,0,0,0,0,0
ENSMUSG00000117041,Gm46574,0,0,0,0,0,0,0,0,0,0,0,0
ENSMUSG00000098122,Gm27039,1,2,5,5,6,0,6,2,3,1,2,0
ENSMUSG00000117181,Gm31143,0,0,0,0,0,0,0,0,0,0,0,0
ENSMUSG00000117354,Gm49995,0,0,0,0,0,0,0,0,0,0,0,0
ENSMUSG00000117625,Gm21018,0,0,0,0,0,0,0,0,0,0,0,0
ENSMUSG00000117409,Gm49996,0,0,0,0,0,0,0,0,0,0,0,0
ENSMUSG00000117591,Gm49997,0,0,0,0,0,0,0,0,0,0,0,0
ENSMUSG00000117559,Gm49998,0,0,0,0,0,0,0,0,0,0,0,0
ENSMUSG00000024256,Adcyap1,0,0,0,0,0,3,0,0,0,0,0,0
ENSMUSG00000119213,#N/A,0,0,0,0,0,0,0,0,0,0,0,1
ENSMUSG00000117362,Gm9665,0,0,0,0,0,0,0,0,0,0,0,0
ENSMUSG00000117452,Gm6764,3,0,0,0,0,1,0,0,1,0,0,0
ENSMUSG00000117368,Gm50001,0,0,0,0,0,0,0,0,0,0,0,0
ENSMUSG00000117514,Gm50002,0,0,0,0,0,0,0,0,0,0,0,0
ENSMUSG00000117537,Gm50003,0,0,0,0,0,0,0,0,0,0,0,0
ENSMUSG00000117543,Gm50004,0,0,0,0,0,0,0,0,0,0,0,0
ENSMUSG00000077433,Gm22593,0,0,0,0,0,0,0,0,0,0,0,0
ENSMUSG00000117476,Gm9416,1,4,4,9,1,0,7,3,10,9,1,1
ENSMUSG00000117382,Gm50005,0,0,0,0,0,0,0,0,0,0,0,0
ENSMUSG00000117586,Gm50006,1,0,0,0,0,0,0,0,2,0,0,0
ENSMUSG00000055660,Mettl4,903,932,834,789,1012,746,668,799,943,761,1114,1033
ENSMUSG00000098090,2700099C18Rik,52,76,97,87,119,114,105,99,71,66,127,115
ENSMUSG00000098121,Gm27038,0,0,0,0,0,0,0,0,0,0,0,0
ENSMUSG00000066057,Gm1976,38,25,40,28,26,26,23,39,19,40,42,45
ENSMUSG00002076104,#N/A,0,1,4,1,3,1,3,0,1,0,0,0
ENSMUSG00000117642,Amd-ps7,1,0,2,0,1,0,3,3,2,1,1,0
ENSMUSG00000117653,Gm50009,6,7,6,5,6,9,3,7,3,7,10,6
ENSMUSG00000117499,Gm50010,91,96,79,69,108,100,67,72,70,96,122,104
ENSMUSG00000117582,Gm19853,0,0,0,0,0,0,0,0,0,1,0,2
ENSMUSG00000095193,Gm20939,66,73,68,43,67,69,40,61,67,64,47,76
ENSMUSG00000065658,Gm23102,0,0,0,0,0,0,0,0,0,0,0,0
ENSMUSG00000023927,Satb1,12055,12091,11971,12004,13616,9892,12791,15597,12035,11117,16585,15024
ENSMUSG00000102973,E430014B02Rik,119,127,139,136,47,73,78,184,105,136,88,106
ENSMUSG00000102212,C230085N15Rik,107,92,126,101,33,32,57,149,69,101,57,95
ENSMUSG00000103779,Gm36931,73,79,95,71,39,52,47,130,103,81,56,67
ENSMUSG00000102744,5830444F18Rik,26,28,21,29,20,24,29,29,18,22,27,39
ENSMUSG00000103216,Gm37248,35,27,61,42,37,35,58,79,34,45,43,82
ENSMUSG00000103753,Gm6934,19,26,13,21,24,22,18,32,30,27,30,32
ENSMUSG00000103358,Gm37593,24,37,36,36,30,41,23,30,26,27,62,57
ENSMUSG00000102600,Gm37266,12,16,11,14,23,11,10,15,13,13,20,11
ENSMUSG00000103378,Gm37176,7,11,15,11,9,26,12,27,10,8,22,13
ENSMUSG00000117175,Gm20098,7,8,13,7,6,7,11,8,9,8,14,5
ENSMUSG00000100150,Gm19585,363,399,457,429,648,499,476,456,387,319,468,478
ENSMUSG00000117170,Gm19197,0,0,0,0,0,0,0,0,0,0,0,0
ENSMUSG00000117076,Gm41600,0,0,0,0,0,0,0,0,0,0,0,0
ENSMUSG00000117033,Gm49912,0,0,0,0,0,1,0,0,0,0,0,0
ENSMUSG00000117035,Gm5094,0,0,0,0,0,3,0,0,0,0,1,0
ENSMUSG00000098552,Gm27217,0,0,0,0,0,0,0,0,0,0,0,0
ENSMUSG00000035580,Kcnh8,0,0,0,0,2,5,0,1,0,0,0,0
ENSMUSG00000117244,Gm9210,1,0,0,0,0,0,1,0,1,0,0,0
ENSMUSG00000117194,Gm49913,0,0,0,0,0,0,0,0,0,0,0,0
ENSMUSG00000117089,Gm49914,0,0,0,0,0,0,0,0,0,0,0,0
ENSMUSG00000117248,Gm29770,1,0,0,0,0,0,0,0,0,1,0,1
ENSMUSG00000117241,Gm9214,4,6,2,7,2,3,1,2,3,2,6,2
ENSMUSG00000024122,Pdpk1,2200,2186,1875,1715,1835,1015,1300,1829,1917,1820,1759,1706
ENSMUSG00000023931,Efhb,1,0,1,2,0,1,0,0,0,0,0,0
ENSMUSG00000117111,Tpt1-ps7,0,1,0,1,0,0,1,0,2,0,0,0
ENSMUSG00000117523,Gm50071,0,0,0,0,0,0,0,0,0,0,0,0
ENSMUSG00000117557,Gm50070,1,0,0,0,0,1,0,0,0,0,2,0
ENSMUSG00000017831,Rab5a,1047,1236,994,1009,864,619,887,1044,984,907,925,798
ENSMUSG00000117128,Gm49915,0,0,0,0,0,0,0,0,0,0,0,0
ENSMUSG00000044957,Pp2d1,0,0,0,0,0,0,0,0,0,0,0,0
ENSMUSG00000036820,Amdhd2,80,91,75,73,68,34,88,87,94,101,109,88
ENSMUSG00000000708,Kat2b,181,182,159,140,155,94,158,182,131,125,200,152
ENSMUSG00000096517,Gm6919,0,0,0,0,1,0,0,0,1,0,0,1
ENSMUSG00000024121,Atp6v0c,538,494,421,415,517,223,418,449,555,491,546,526
ENSMUSG00000023940,Sgo1,445,452,551,521,746,600,629,722,458,381,544,542
ENSMUSG00000107430,Gm31532,0,0,0,0,0,0,0,0,0,0,0,0
ENSMUSG00000107684,Rab5a-ps,0,0,0,0,0,0,0,0,0,0,0,0
ENSMUSG00000062036,4932415M13Rik,0,0,0,0,0,0,0,0,0,0,0,0
ENSMUSG00000117211,Gm49917,0,0,0,0,0,0,0,0,0,0,0,0
ENSMUSG00000106327,Ckb-ps2,0,0,1,0,0,0,1,0,0,0,0,0
ENSMUSG00000105075,Mark1-ps2,0,0,0,0,0,0,0,0,0,0,0,0
ENSMUSG00000104949,Hcfc1r1-ps2,0,0,0,0,0,0,0,0,0,0,0,0
ENSMUSG00000105885,Sult1c2-ps2,0,0,0,0,0,1,0,0,0,0,0,0
ENSMUSG00000023122,Sult1c2,0,0,0,0,0,1,0,0,0,0,0,0
ENSMUSG00000021631,Mrps36-ps1,0,0,0,0,0,0,0,0,0,0,1,0
ENSMUSG00000105732,Sult1c2-ps1,0,0,0,0,0,0,0,0,0,0,0,0
ENSMUSG00000105235,Hcfc1r1-ps1,0,0,0,0,0,0,0,0,0,0,0,0
ENSMUSG00000105921,Mark4-ps,0,0,0,0,0,0,0,0,0,0,0,0
ENSMUSG00000105147,Ckb-ps1,0,0,0,1,0,0,0,0,0,0,0,0
ENSMUSG00000105473,Mark1-ps1,0,0,0,0,0,0,0,0,0,0,0,0
ENSMUSG00000023943,Sult1c1,0,0,0,0,0,0,0,0,0,0,0,0
ENSMUSG00000104810,Gm5684,0,0,0,0,0,0,0,0,0,0,0,0
ENSMUSG00000102572,Gm37966,0,0,0,0,0,0,0,0,0,0,0,0
ENSMUSG00000023945,Slc5a7,0,0,0,0,0,4,0,0,0,0,1,0
ENSMUSG00000117006,Gm9224,1,0,2,0,0,0,0,0,1,0,0,0
ENSMUSG00000099747,1700025K24Rik,0,0,0,0,0,0,0,0,0,0,0,0
ENSMUSG00000117149,Gm49919,0,0,0,0,0,0,0,0,1,0,0,1
ENSMUSG00000090704,Trp53-ps,6,9,5,18,15,6,9,5,8,8,11,8
ENSMUSG00000117316,Gm4946,0,0,0,0,0,0,0,0,0,0,0,1
ENSMUSG00000089514,Gm26291,0,0,0,0,0,0,0,0,0,0,0,0
ENSMUSG00000117132,Gm32055,0,0,0,0,2,0,0,0,0,0,0,0
ENSMUSG00000117340,Gm49920,0,0,0,0,0,0,0,0,0,0,0,0
ENSMUSG00000117249,Gm46577,0,0,0,0,0,0,0,0,0,0,0,0
ENSMUSG00000117283,Gm4471,1,0,0,0,0,0,0,0,0,0,0,0
ENSMUSG00000090790,Gm17377,1,0,0,0,1,0,0,0,0,0,0,0
ENSMUSG00000117090,Gm49921,0,0,0,0,0,0,0,0,0,0,0,0
ENSMUSG00000024172,St6gal2,0,0,0,0,0,0,0,0,0,0,0,0
ENSMUSG00000091504,Vmn2r118,0,0,0,0,0,0,0,0,0,0,0,0
ENSMUSG00000024174,Pot1b,127,120,108,123,129,81,108,124,127,104,173,111
ENSMUSG00000088499,Gm22654,0,0,0,0,0,0,0,0,0,0,0,0
ENSMUSG00000117237,Gm18648,0,0,0,0,0,0,0,0,0,0,0,0
ENSMUSG00000032915,Adgre4,0,0,0,0,0,2,0,0,0,0,0,0
ENSMUSG00000117045,Gm18365,0,0,0,0,0,0,0,0,0,0,0,0
ENSMUSG00000093740,Gm18417,0,1,0,0,0,0,0,0,0,0,0,0
ENSMUSG00000057835,Zfp119a,54,45,36,42,53,31,33,47,47,39,48,58
ENSMUSG00000003198,Zfp959,198,168,165,158,157,145,141,118,163,130,137,159
ENSMUSG00000059912,Rpl21-ps6,0,0,0,0,0,0,0,0,0,1,0,2
ENSMUSG00000062101,Zfp119b,26,39,14,30,22,26,36,24,31,22,23,19
ENSMUSG00000003206,Ebi3,258,356,171,207,188,71,257,274,219,214,144,197
ENSMUSG00000097077,Gm16712,10,7,14,14,14,15,14,8,16,10,12,8
ENSMUSG00000003208,Yju2,604,625,585,563,494,265,511,589,620,599,467,448
ENSMUSG00000039154,Shd,6,4,6,3,2,3,6,7,6,4,2,4
ENSMUSG00000036473,Tbc1d24,134,131,110,75,150,70,68,87,124,81,167,164
ENSMUSG00000011589,Fsd1,0,0,0,1,1,0,0,0,0,0,0,0
ENSMUSG00000117406,Ntn3,1,2,1,0,0,0,3,1,0,0,2,4
ENSMUSG00000085185,BC028777,0,0,0,0,0,0,0,0,0,0,0,0
ENSMUSG00000038781,Stap2,2,1,1,4,2,0,0,1,2,1,1,0
ENSMUSG00000024118,Tedc2,230,241,211,188,221,123,220,253,233,195,237,197
ENSMUSG00000072082,Ccnf,797,777,811,826,1423,526,1021,1209,806,710,1006,964
ENSMUSG00000093270,Mir5134,0,0,0,0,0,0,0,0,0,0,0,0
ENSMUSG00000099123,Mir6965,0,0,0,0,0,0,0,0,0,0,0,0
ENSMUSG00000003199,Mpnd,427,459,408,514,480,155,540,544,399,443,328,355
ENSMUSG00000035435,Abca17,2,0,2,1,4,3,1,0,2,1,0,1
ENSMUSG00002075073,#N/A,0,0,0,0,0,0,0,0,0,0,0,0
ENSMUSG00000084755,Gm16276,0,1,0,0,0,0,0,0,0,1,0,0
ENSMUSG00000003200,Sh3gl1,1158,1318,997,989,889,317,986,965,1086,879,928,844
ENSMUSG00000002835,Chaf1a,1746,1701,1558,1528,1745,947,1699,2117,1644,1420,1689,1567
ENSMUSG00000019578,Ubxn6,717,749,507,601,517,177,578,598,649,598,548,511
ENSMUSG00000002833,Hdgfl2,1575,1574,1272,1303,1378,812,1249,1460,1483,1270,1571,1452
ENSMUSG00000037649,H2-DMa,182,175,124,132,111,43,156,180,211,179,188,198
ENSMUSG00000024130,Abca3,1614,1807,1638,1710,1264,504,1237,1624,1428,1286,930,936
ENSMUSG00000118804,#N/A,0,0,0,0,0,0,0,0,0,0,0,0
ENSMUSG00000073437,D330041H03Rik,42,46,64,72,72,42,40,59,53,41,101,94
ENSMUSG00000002831,Plin4,0,0,0,0,0,0,0,0,0,0,0,1
ENSMUSG00000037548,H2-DMb2,11,10,5,6,4,7,5,11,9,10,5,16
ENSMUSG00000011305,Plin5,0,0,0,0,0,0,0,0,0,0,0,1
ENSMUSG00000037095,Lrg1,0,0,0,0,0,1,0,0,0,0,0,0
ENSMUSG00000079547,H2-DMb1,15,20,8,10,10,5,15,12,11,7,19,8
ENSMUSG00000034681,Rnps1,1240,1327,1031,1145,1171,529,1137,1163,1195,1096,1178,1073
ENSMUSG00000001227,Sema6b,13,12,4,6,11,6,13,9,14,12,25,15
ENSMUSG00000044469,Tnfaip8l1,104,114,86,71,115,46,114,112,86,104,74,94
ENSMUSG00002075797,#N/A,1,0,0,0,0,0,0,0,1,0,0,0
ENSMUSG00000019579,Mydgf,1601,1937,1475,1554,1549,456,1556,1444,1736,1514,1413,1402
ENSMUSG00000096727,Psmb9,625,834,657,725,807,223,963,901,637,580,836,754
ENSMUSG00000024132,Eci1,353,380,283,309,266,107,343,283,422,336,348,304
ENSMUSG00000001229,Dpp9,3194,3542,2543,2651,2526,962,2291,2530,2856,2466,2545,2373
ENSMUSG00000117176,Gm49879,1,1,1,0,0,0,0,3,0,0,0,0
ENSMUSG00000117172,A230051N06Rik,0,0,0,0,0,1,0,0,0,0,0,0
ENSMUSG00000065491,Mir7b,0,0,0,0,0,0,0,0,0,0,0,0
ENSMUSG00000024136,Dnase1l2,37,26,20,19,26,5,34,28,32,24,58,49
ENSMUSG00000043683,Fem1a,2429,2644,1911,1955,1734,639,1424,1892,2324,2104,1740,1763
ENSMUSG00000047123,Ticam1,838,771,548,521,499,344,485,555,607,589,562,495
ENSMUSG00000024197,Plin3,187,156,118,134,130,44,164,159,139,156,164,152
ENSMUSG00000073380,Arrdc5,0,0,0,0,0,0,0,0,0,0,0,0
ENSMUSG00000037321,Tap1,2468,2948,2219,2428,2031,700,2883,3160,2458,2289,2404,2131
ENSMUSG00000024338,Psmb8,3361,3879,3099,3565,3392,1351,4101,3998,3567,3093,3340,3148
ENSMUSG00000092550,Gm20496,1,3,1,6,4,2,9,4,0,4,9,7
ENSMUSG00000024339,Tap2,2775,3150,2268,2395,1885,637,2513,2810,2601,2395,1956,1877
ENSMUSG00000081512,Gm15821,2,1,3,0,3,0,2,1,4,3,3,0
ENSMUSG00000024137,E4f1,479,497,401,335,514,211,331,380,403,459,525,481
ENSMUSG00000043445,Pgp,1079,1267,977,999,1038,289,1097,945,1160,1060,784,840
ENSMUSG00000041538,H2-Ob,87,123,42,62,46,8,51,37,68,60,29,31
ENSMUSG00000073421,H2-Ab1,786,886,717,844,237,107,997,1057,644,554,156,153
ENSMUSG00000001228,Uhrf1,2798,2783,2816,2740,3176,1610,3167,3586,2754,2373,2964,2643
ENSMUSG00000024142,Mlst8,962,1021,790,832,906,349,825,853,1013,850,821,828
ENSMUSG00000036594,H2-Aa,20,24,6,10,2,2,7,6,14,16,8,9
ENSMUSG00000092415,Gm20513,0,0,0,0,0,0,0,0,0,0,0,0
ENSMUSG00000045744,Bricd5,1,1,3,0,3,0,3,0,2,2,0,3
ENSMUSG00000117487,Gm50062,0,0,0,0,0,1,0,0,0,0,0,2
ENSMUSG00000060586,H2-Eb1,40,66,22,38,26,5,31,35,52,31,37,29
ENSMUSG00000067341,H2-Eb2,0,0,1,0,0,0,0,0,0,0,0,0
ENSMUSG00000036322,H2-Ea-ps,0,0,0,0,0,1,0,0,0,0,0,0
ENSMUSG00000024340,Btnl2,0,0,0,0,1,0,1,1,2,2,0,0
ENSMUSG00000024201,Kdm4b,581,635,452,537,489,175,388,475,509,486,450,405
ENSMUSG00000062638,Btnl1,0,0,0,0,0,0,0,0,0,0,0,0
ENSMUSG00000082103,Gm15320,0,0,0,0,0,0,0,0,0,0,0,0
ENSMUSG00000083522,Gm15321,1,0,0,0,1,0,0,0,1,0,0,0
ENSMUSG00000033597,Caskin1,1,5,1,0,1,2,0,2,0,4,6,3
ENSMUSG00000057246,BC051142,0,0,1,1,0,0,1,0,0,0,0,0
ENSMUSG00000058435,Btnl4,0,0,0,0,0,1,0,0,0,0,0,1
ENSMUSG00000083369,Gm15332,0,0,0,0,0,0,0,0,0,0,0,0
ENSMUSG00000073420,Btnl5-ps,0,0,0,0,0,0,0,0,0,0,0,0
ENSMUSG00000083020,Gm15331,0,0,0,0,0,0,0,0,0,0,0,0
ENSMUSG00000092618,Btnl6,0,0,0,0,0,0,0,0,0,0,0,0
ENSMUSG00000083441,Gm15329,1,1,0,1,1,0,0,1,0,0,0,0
ENSMUSG00000061728,Btnl7-ps,0,0,0,0,0,0,0,1,0,0,0,0
ENSMUSG00000015468,Notch4,0,6,1,4,2,2,1,6,1,2,0,3
ENSMUSG00000092406,Gm20462,0,0,0,0,0,0,0,0,0,0,0,0
ENSMUSG00000034786,Gpsm3,343,339,255,344,213,59,341,377,291,229,260,242
ENSMUSG00000034673,Pbx2,429,361,269,283,432,234,370,365,422,348,580,504
ENSMUSG00000013236,Ptprs,12054,11878,11627,10816,14900,7151,7428,10436,11600,10512,14181,14069
ENSMUSG00000098339,Mir6977,1,3,0,0,0,0,0,1,0,0,0,0
ENSMUSG00000044526,Znrf4,0,0,0,0,0,0,0,0,0,0,0,0
ENSMUSG00000110218,Gm20219,36,31,33,39,28,27,25,41,24,30,31,24
ENSMUSG00000052752,Traf7,2064,2154,1842,1727,1771,809,1670,1825,1962,1763,1733,1757
ENSMUSG00000015452,Ager,24,20,29,18,43,14,31,31,21,11,24,27
ENSMUSG00000015478,Rnf5,187,161,145,129,164,101,174,176,162,140,194,172
ENSMUSG00000092395,Gm20463,0,0,1,0,0,3,0,0,0,0,1,1
ENSMUSG00000079657,Rab26,7,7,12,4,4,1,9,5,3,5,3,3
ENSMUSG00000042625,Safb2,2698,2484,2388,2195,2498,2174,1951,2337,2462,2251,2921,2716
ENSMUSG00000093565,Rab26os,116,112,146,188,191,81,192,184,153,130,173,162
ENSMUSG00000064768,Snord60,0,0,0,0,0,0,0,0,0,0,0,0
ENSMUSG00000117423,Gm33508,0,0,0,0,0,0,0,0,0,0,0,0
ENSMUSG00000034254,Agpat1,1278,1362,898,944,1150,379,941,1033,1114,958,974,1003
ENSMUSG00000032855,Pkd1,1610,1733,1412,1233,1436,520,1036,1547,1478,1447,1555,1478
ENSMUSG00002076170,#N/A,0,0,0,0,0,1,0,0,0,0,0,0
ENSMUSG00000071054,Safb,3042,2848,2455,2435,2821,2751,2261,2825,2927,2561,3129,2888
ENSMUSG00000049760,Micos13,655,741,514,640,696,220,644,596,732,575,696,617
ENSMUSG00000057863,Rpl36,240,228,226,216,176,38,196,173,250,231,154,178
ENSMUSG00000015467,Egfl8,7,5,3,4,4,0,5,7,3,2,7,3
ENSMUSG00000092176,Gm20460,0,0,0,0,0,0,0,0,0,0,0,0
ENSMUSG00000041168,Lonp1,3211,3119,3038,3023,2793,1587,2333,2891,2953,2565,2769,2786
ENSMUSG00000040828,Catsperd,7,24,12,26,9,7,5,13,16,2,8,3
ENSMUSG00000002372,Ranbp3,2942,3311,2462,2561,2742,945,2462,2647,2836,2561,2558,2390
ENSMUSG00000054723,Vmac,56,83,44,58,45,15,54,63,62,60,54,46
ENSMUSG00000002379,Ndufa11,451,640,445,490,618,209,607,502,533,478,507,466
ENSMUSG00000117146,Fut4-ps1,0,0,0,0,0,0,0,0,0,0,0,0
ENSMUSG00000039481,Nrtn,29,22,11,13,16,3,14,7,10,12,14,14
ENSMUSG00000007603,Dus3l,1490,1502,1260,1295,1357,541,1225,1309,1340,1220,1367,1230
ENSMUSG00000090273,Prr22,23,29,31,23,17,10,33,39,30,16,21,36
ENSMUSG00000024206,Rfx2,20,20,14,12,16,18,16,20,15,13,11,18
ENSMUSG00000024207,Acsbg2,0,0,0,0,1,0,0,0,3,0,0,0
ENSMUSG00000024209,Acsbg3,3,1,6,5,3,3,2,1,5,3,3,1
ENSMUSG00000015474,Ppt2,52,84,46,57,74,27,55,57,60,54,91,66
ENSMUSG00000024212,Mllt1,2902,3195,2311,2457,2556,934,2121,2638,2768,2560,2624,2594
ENSMUSG00000045019,Acer1,0,0,0,0,0,0,0,0,0,0,0,0
ENSMUSG00000117245,Gm49887,0,0,0,0,0,0,0,0,0,0,0,0
ENSMUSG00000015476,Prrt1,2,5,3,1,3,2,0,1,3,2,5,4
ENSMUSG00000092525,Gm20461,0,0,0,0,0,0,0,0,0,0,0,0
ENSMUSG00000002660,Clpp,1081,1215,915,974,1155,628,983,998,1169,1067,1175,1144
ENSMUSG00000033739,Fkbpl,45,55,45,49,57,32,48,55,68,58,62,54
ENSMUSG00000002661,Alkbh7,119,170,109,148,136,47,142,105,152,121,129,132
ENSMUSG00000002664,Pspn,0,1,1,0,0,0,1,3,0,0,0,0
ENSMUSG00000002658,Gtf2f1,3667,3845,2814,3033,2729,2182,2724,3379,3527,3214,3207,2692
ENSMUSG00000109739,Gm17949,1,0,0,0,3,0,0,1,0,2,1,0
ENSMUSG00000015461,Atf6b,1990,2179,1634,1664,1970,603,1550,1701,1909,1755,1984,1993
ENSMUSG00000007670,Khsrp,7701,7311,6472,6291,7057,3025,5813,7276,7031,6445,7298,6859
ENSMUSG00000011486,Slc25a41,0,0,1,0,1,0,0,0,0,0,0,0
ENSMUSG00000091390,Gm17168,0,0,0,0,0,0,0,0,0,0,0,0
ENSMUSG00000046329,Slc25a23,195,207,154,184,166,126,151,180,192,223,151,116
ENSMUSG00000044279,Crb3,10,2,5,9,5,0,2,4,9,7,4,3
ENSMUSG00000033327,Tnxb,0,0,0,0,1,12,0,0,0,0,0,0
ENSMUSG00000118746,#N/A,0,0,0,0,0,0,0,0,0,0,0,0
ENSMUSG00000092471,Cyp21a2-ps,0,0,0,0,0,0,0,0,0,0,0,0
ENSMUSG00000002668,Dennd1c,429,494,333,348,343,184,367,428,410,376,456,409
ENSMUSG00000117297,Gm49888,3,4,4,5,5,2,2,1,0,1,2,3
ENSMUSG00000062591,Tubb4a,100,94,94,88,55,76,84,98,80,71,50,46
ENSMUSG00000079414,Gm11110,127,158,145,139,112,75,119,121,130,129,105,62
ENSMUSG00000035678,Tnfsf9,1271,1394,1114,1150,739,495,887,883,1044,964,376,377
ENSMUSG00000117064,Gm49892,1,0,1,0,0,0,0,0,0,0,0,0
ENSMUSG00000019489,Cd70,854,1054,978,1056,845,355,759,614,732,636,187,206
ENSMUSG00000005824,Tnfsf14,4581,5165,3729,4264,3014,1420,2634,3038,3978,3933,2061,1958
ENSMUSG00000073418,C4b,0,0,0,0,0,0,0,0,0,0,0,0
ENSMUSG00000092202,Stk19-ps1,0,0,0,0,0,0,0,0,0,0,0,0
ENSMUSG00000092543,Skiv2l-ps1,0,0,0,1,0,0,0,0,0,0,0,0
ENSMUSG00002076034,#N/A,0,0,0,0,0,0,0,0,0,0,0,1
ENSMUSG00000092200,Tnxa,0,0,0,0,0,0,0,0,0,0,0,0
ENSMUSG00000024365,Cyp21a1,0,0,0,0,0,0,0,0,0,0,0,0
ENSMUSG00000024164,C3,286,304,274,303,239,172,297,393,241,241,147,121
ENSMUSG00000099066,Mir6978,0,0,0,0,0,0,0,0,0,0,0,0
ENSMUSG00000005823,Gpr108,546,602,482,482,453,181,448,568,544,459,488,477
ENSMUSG00000015451,C4a,15,18,23,19,14,9,8,15,12,11,15,15
ENSMUSG00000061207,Stk19,453,528,378,434,398,175,398,444,389,395,371,362
ENSMUSG00000040482,Dxo,325,351,290,286,348,102,300,271,325,262,375,302
ENSMUSG00000019487,Trip10,509,491,354,372,361,191,329,399,390,361,352,335
ENSMUSG00000118457,Gm46575,0,0,0,0,0,0,0,0,0,0,0,0
ENSMUSG00000040356,Skiv2l,1270,1440,1159,1189,1237,427,974,1228,1206,1101,1354,1301
ENSMUSG00000098458,Mir6971,0,0,0,0,0,0,0,0,0,0,0,0
ENSMUSG00000119345,#N/A,0,0,0,0,0,0,0,0,0,0,0,0
ENSMUSG00000002496,Tsc2,1019,1195,862,835,1120,492,704,929,925,836,1067,943
ENSMUSG00000041429,Nthl1,62,61,58,56,97,27,62,67,56,58,78,64
ENSMUSG00000024369,Nelfe,1036,1107,806,844,984,396,939,818,992,914,1077,915
ENSMUSG00000002504,Slc9a3r2,5,6,11,8,9,3,6,6,6,2,14,7
ENSMUSG00000071230,Npw,42,44,28,48,51,4,34,27,47,35,44,41
ENSMUSG00000041130,Zfp598,2660,2757,2272,2231,2467,1120,1904,2313,2503,2273,2593,2406
ENSMUSG00000007021,Syngr3,18,21,15,16,4,4,22,23,25,16,9,12
ENSMUSG00000040888,Gfer,832,884,722,739,812,399,749,791,852,789,816,776
ENSMUSG00000019320,Noxo1,3,6,9,6,6,5,11,5,4,8,4,6
ENSMUSG00000040688,Tbl3,3610,4273,3270,3402,3386,1073,2817,3157,3968,3556,3111,3070
ENSMUSG00000034116,Vav1,2484,2704,1883,2013,1599,738,1510,1909,2202,2030,1807,1742
ENSMUSG00000008482,Rnf151,4,3,5,3,7,7,7,4,5,3,4,4
ENSMUSG00000044533,Rps2,6798,8549,6265,7461,7357,2807,7564,6828,7205,5901,6202,5942
ENSMUSG00000090101,Snhg9,5,14,3,16,16,1,19,10,10,8,14,14
ENSMUSG00000089255,Snora78,12,17,15,14,23,5,27,20,17,11,22,19
ENSMUSG00000077709,Snora64,0,0,0,0,0,0,0,0,0,0,0,0
ENSMUSG00000040048,Ndufb10,661,688,521,560,598,522,620,623,682,627,731,663
ENSMUSG00000090231,Cfb,0,0,0,0,0,0,0,0,0,0,0,0
ENSMUSG00000004730,Adgre1,0,1,0,0,0,2,0,0,0,1,0,0
ENSMUSG00000002500,Rpl3l,1,0,0,1,0,0,0,1,0,0,1,0
ENSMUSG00000092511,Gm20547,0,0,0,0,0,0,0,0,0,0,0,0
ENSMUSG00000098445,Mir6972,0,0,0,0,0,0,0,0,0,0,0,0
ENSMUSG00000075705,Msrb1,141,140,118,134,154,48,173,124,144,104,142,128
ENSMUSG00000039628,Hs3st6,1,0,0,0,0,0,2,0,2,0,0,0
ENSMUSG00000117379,Gm50022,0,0,0,0,0,0,0,0,0,0,0,0
ENSMUSG00000090655,Vmn2r120,0,0,0,0,0,2,0,0,0,0,0,1
ENSMUSG00000117223,Gm49842,0,0,0,0,0,0,0,0,0,0,0,0
ENSMUSG00000095330,Gm21834,0,0,0,0,0,0,0,0,0,0,0,0
ENSMUSG00000117082,Gm18139,0,0,0,0,0,0,0,0,0,0,0,0
ENSMUSG00000084428,Gm25102,0,0,0,0,0,0,0,0,0,0,0,0
ENSMUSG00000117022,Gm17920,0,0,0,0,0,0,0,0,0,0,0,0
ENSMUSG00000038048,Cntnap5c,0,0,0,0,0,0,0,0,0,0,0,0
ENSMUSG00000071052,Rpl7a-ps5,1,5,3,3,2,1,0,0,0,2,1,0
ENSMUSG00000117281,Gm49848,0,1,0,0,0,0,0,0,0,0,0,0
ENSMUSG00000117271,Gm6149,0,0,0,0,0,0,0,0,0,0,0,0
ENSMUSG00000117188,Gm49849,0,0,0,0,0,0,0,0,0,0,0,0
ENSMUSG00000046952,Gm5815,0,0,0,0,0,0,0,0,1,0,0,0
ENSMUSG00000117100,A330072L02Rik,0,0,0,0,0,0,0,0,0,0,0,0
ENSMUSG00000117298,Gm9284,0,0,0,0,1,0,0,0,0,0,0,0
ENSMUSG00000024155,Meiob,0,0,2,0,0,0,0,0,0,0,0,0
ENSMUSG00000024371,C2,6,8,2,8,8,14,13,11,14,5,18,13
ENSMUSG00000024227,Pdzph1,0,0,0,0,0,0,0,0,0,0,0,0
ENSMUSG00000086594,Nudt12os,0,0,0,0,0,0,0,0,0,0,0,0
ENSMUSG00000049823,Zbtb12,40,24,27,36,65,36,41,29,41,49,87,83
ENSMUSG00000024228,Nudt12,18,14,9,10,15,7,7,6,8,13,12,18
ENSMUSG00000077629,Gm23769,0,0,0,0,0,0,0,0,0,0,0,0
ENSMUSG00000077562,Gm23203,0,0,0,0,0,0,0,0,0,0,0,0
ENSMUSG00000117184,Gm49851,0,0,0,0,0,2,0,0,0,0,0,0
ENSMUSG00000117178,Gm49852,0,0,0,0,0,0,0,0,0,0,0,0
ENSMUSG00000117191,Gm49853,0,0,0,0,0,0,0,0,0,0,0,0
ENSMUSG00000101606,Gm29051,0,0,0,0,0,0,0,0,0,0,0,0
ENSMUSG00000064732,Gm23447,0,0,0,0,0,0,0,0,0,0,0,0
ENSMUSG00000117112,Gm4512,0,0,0,0,0,0,0,0,0,0,0,0
ENSMUSG00000117134,Gm18521,0,0,0,0,0,0,0,0,0,0,0,0
ENSMUSG00000117288,Gm49856,0,0,0,0,0,0,0,0,0,0,0,0
ENSMUSG00000117036,Gm33890,0,0,0,0,0,0,0,0,0,0,0,0
ENSMUSG00000117320,Gm18070,0,0,0,0,0,0,0,0,0,0,0,0
ENSMUSG00002076265,#N/A,0,0,0,0,0,0,0,0,0,0,0,0
ENSMUSG00000093761,Obox6-ps1,0,0,0,0,0,0,0,0,0,0,0,0
ENSMUSG00000117016,Gm6174,0,0,0,0,0,0,0,0,0,0,0,0
ENSMUSG00000098123,Gm4518,16,22,17,23,9,3,26,16,16,17,14,8
ENSMUSG00000098156,Gm27023,0,0,0,0,0,0,0,0,1,1,0,0
ENSMUSG00000117160,Gm49859,0,0,0,0,0,0,0,0,0,0,0,0
ENSMUSG00000117066,Gm49860,0,0,0,0,0,0,0,0,0,0,1,0
ENSMUSG00000064570,Gm25800,0,0,0,0,0,0,0,0,0,0,0,0
ENSMUSG00000048915,Efna5,9,11,1,3,3,7,0,1,4,1,8,2
ENSMUSG00000024158,Hagh,330,388,307,334,301,132,338,343,322,288,276,275
ENSMUSG00000045316,Fahd1,31,40,35,44,56,29,37,48,47,52,41,34
ENSMUSG00000046070,Igfals,0,0,1,0,1,0,1,0,1,0,0,0
ENSMUSG00000023965,Fbxl17,634,646,466,415,489,219,427,500,648,563,570,543
ENSMUSG00002075126,#N/A,0,0,0,0,0,0,0,0,0,0,1,1
ENSMUSG00000088853,Gm24730,0,0,0,0,0,0,0,0,0,0,0,0
ENSMUSG00000090565,4930405O22Rik,4,7,2,1,2,0,4,7,1,5,3,4
ENSMUSG00000091426,Gm17228,5,4,1,3,0,0,1,1,2,2,1,1
ENSMUSG00002074993,#N/A,0,0,0,0,0,0,0,0,0,0,0,0
ENSMUSG00000117256,Gm5497,2,3,0,0,1,0,0,3,3,1,1,0
ENSMUSG00000117225,Gm49862,0,0,0,0,0,0,0,0,0,0,0,0
ENSMUSG00000117060,Gm7253,0,0,0,0,0,0,0,0,0,0,0,0
ENSMUSG00000117014,Gm9300,0,3,1,1,0,3,2,0,3,0,0,1
ENSMUSG00000039183,Nubp2,1416,1689,1259,1409,1194,383,1385,1313,1509,1240,1077,1142
ENSMUSG00000000127,Fer,0,0,0,2,1,2,1,0,0,1,1,1
ENSMUSG00000045506,A930002H24Rik,0,0,0,0,0,0,0,0,0,0,0,0
ENSMUSG00000024083,Pja2,551,522,397,327,396,272,308,479,456,412,479,426
ENSMUSG00002076004,#N/A,0,0,0,0,0,0,0,0,0,0,0,0
ENSMUSG00000098984,Mir6420,0,0,0,0,0,0,0,0,0,0,0,0
ENSMUSG00000073377,AU016765,0,0,0,0,0,2,0,0,0,0,1,0
ENSMUSG00000024160,Spsb3,522,537,398,424,399,110,347,425,506,432,359,331
ENSMUSG00000024085,Man2a1,1599,1543,1534,1407,1580,1033,1217,1796,1455,1391,1489,1473
ENSMUSG00000091160,Gm17133,0,0,0,0,0,0,0,0,0,0,0,0
ENSMUSG00000117105,Dreh,0,0,0,0,0,0,0,0,0,0,0,0
ENSMUSG00000024088,4930583I09Rik,0,0,0,0,0,0,0,0,0,0,0,0
ENSMUSG00000117203,Gm4701,0,0,0,0,0,0,0,0,0,1,0,0
ENSMUSG00000077691,Gm25344,0,0,0,0,0,0,0,0,0,0,0,0
ENSMUSG00000117336,Gm49865,0,0,0,0,0,0,0,0,0,0,0,0
ENSMUSG00000073436,Eme2,668,650,516,501,536,221,371,432,633,603,566,626
ENSMUSG00000013787,Ehmt2,1645,1680,1216,1214,1620,622,1214,1534,1757,1451,1984,1940
ENSMUSG00000045036,Tmem232,0,0,0,0,1,2,0,0,0,0,0,0
ENSMUSG00000117012,Gm18992,0,0,0,0,0,0,0,0,0,0,0,0
ENSMUSG00000117299,Gm9288,0,0,0,0,0,0,0,0,0,0,0,0
ENSMUSG00000117300,Gm18736,4,1,1,0,1,0,4,2,5,3,5,2
ENSMUSG00002076584,#N/A,0,0,0,0,0,0,0,0,0,0,0,0
ENSMUSG00000117140,Gm18138,0,0,0,0,0,0,0,0,0,0,0,0
ENSMUSG00000117158,Gm49866,0,0,0,0,0,0,0,0,0,0,0,0
ENSMUSG00000007034,Slc44a4,0,0,0,0,0,1,0,0,0,0,0,0
ENSMUSG00000024091,Vapa,2877,2817,2311,2297,2616,1942,2435,2449,2914,2653,2526,2314
ENSMUSG00000050612,Txndc2,2,0,0,0,0,0,0,0,0,0,0,0
ENSMUSG00000007038,Neu1,650,796,551,592,569,255,565,627,741,634,713,648
ENSMUSG00000056515,Rab31,46,50,32,42,35,19,23,45,42,46,26,41
ENSMUSG00000117114,Gm49867,0,0,0,0,0,0,0,0,0,0,0,0
ENSMUSG00000092203,1110038B12Rik,1636,1678,1402,1514,1764,775,1704,1452,1547,1405,1759,1711
ENSMUSG00000093009,Snord52,0,0,0,0,0,0,0,0,0,0,0,0
ENSMUSG00000092687,Gm25744,0,0,0,0,0,0,0,0,0,0,0,0
ENSMUSG00000092557,Gm8696,0,0,0,0,0,0,0,0,0,0,0,0
ENSMUSG00000090877,Hspa1b,52,67,60,61,50,12,42,44,61,60,72,51
ENSMUSG00000091971,Hspa1a,28,44,24,29,15,7,29,33,22,29,17,10
ENSMUSG00000092609,Gm20481,0,0,0,0,0,1,0,0,0,0,0,0
ENSMUSG00000007033,Hspa1l,0,0,1,0,0,0,0,0,0,0,0,0
ENSMUSG00000073415,Gm10501,40,64,72,35,61,33,43,57,51,45,54,51
ENSMUSG00000007050,Lsm2,1334,1305,1178,1278,1460,849,1466,1401,1332,1140,1256,1243
ENSMUSG00000061950,Ppp4r1,1254,1363,1210,1130,1127,636,1025,1239,1198,1169,1024,980
ENSMUSG00000024096,Ralbp1,1565,1622,1293,1227,1451,797,1278,1343,1381,1277,1446,1327
ENSMUSG00000117335,Gm49870,0,0,0,2,3,2,0,1,0,0,3,3
ENSMUSG00000117250,Gm49871,0,2,2,1,4,0,0,0,1,1,0,4
ENSMUSG00000117229,Gm35550,0,0,0,0,0,0,0,0,0,0,0,1
ENSMUSG00000007029,Vars,6457,6617,5521,5672,6317,1973,5014,5634,6068,5554,5831,6063
ENSMUSG00000024098,Twsg1,1662,1899,1456,1441,1242,930,1328,1670,1489,1301,1361,1271
ENSMUSG00000007030,Vwa7,6,5,3,4,8,3,1,10,2,5,5,7
ENSMUSG00000034647,Ankrd12,444,469,335,363,407,541,330,402,315,417,465,433
ENSMUSG00000117074,Gm49925,0,0,0,0,0,0,0,0,0,0,0,0
ENSMUSG00000036185,Sapcd1,4,5,6,7,2,1,1,4,1,1,0,5
ENSMUSG00000024099,Ndufv2,1272,1596,1224,1285,1571,887,1508,1366,1501,1281,1380,1331
ENSMUSG00000119004,#N/A,0,0,0,0,0,2,0,0,0,0,0,0
ENSMUSG00000117321,Gm49927,0,0,0,0,0,0,0,0,0,0,0,0
ENSMUSG00000024101,Washc1,863,887,858,848,810,355,880,967,831,751,602,488
ENSMUSG00000007035,Msh5,15,10,15,21,29,16,16,21,8,11,25,18
ENSMUSG00000118881,#N/A,0,0,0,0,0,0,0,1,0,0,0,0
ENSMUSG00000035842,Ddx11,743,892,959,975,915,534,790,1045,790,729,766,728
ENSMUSG00000007041,Clic1,3043,3673,2864,3423,2760,1289,3661,3894,2804,2685,2560,2428
ENSMUSG00000117253,Gm49930,0,0,0,0,0,0,0,0,0,0,0,0
ENSMUSG00000117312,Gm49931,0,0,0,0,0,0,0,0,0,0,0,0
ENSMUSG00000117296,Gm20742,0,0,0,0,0,3,0,0,0,0,0,1
ENSMUSG00000117246,Gm17891,0,0,0,0,0,0,0,0,0,0,0,0
ENSMUSG00000117220,Gm49932,0,0,0,0,0,1,0,0,0,0,1,0
ENSMUSG00000117010,Gm49933,0,1,0,0,0,0,0,0,0,0,0,1
ENSMUSG00000007039,Ddah2,9,21,12,25,18,3,19,18,10,6,15,16
ENSMUSG00000073414,Mpig6b,0,0,0,0,0,0,0,0,0,0,0,0
ENSMUSG00000092586,Ly6g6c,0,0,0,0,2,0,0,0,2,3,0,0
ENSMUSG00000073413,Ly6g6d,0,0,0,0,0,0,0,0,0,0,0,0
ENSMUSG00000013766,Ly6g6e,0,0,0,0,0,0,0,0,0,0,0,0
ENSMUSG00000034923,Ly6g6f,0,0,0,0,0,0,0,0,0,0,0,0
ENSMUSG00000007036,Abhd16a,679,793,528,596,588,241,586,606,703,628,598,603
ENSMUSG00000034482,Ly6g5c,0,0,0,0,0,0,0,0,0,0,0,0
ENSMUSG00000043807,Ly6g5b,48,40,17,32,35,9,38,33,30,27,29,23
ENSMUSG00000052105,Mtcl1,1,2,1,0,3,1,0,0,3,1,2,1
ENSMUSG00000093686,Gm4705,0,0,0,0,2,1,0,0,1,0,0,0
ENSMUSG00000117003,Gm49937,0,0,0,0,0,1,0,0,0,0,1,0
ENSMUSG00000023460,Rab12,600,615,520,526,416,306,420,546,549,492,396,407
ENSMUSG00000117235,Gm49938,0,0,0,0,0,0,0,0,0,0,0,0
ENSMUSG00000024105,Themis3,0,0,0,0,0,0,0,0,0,0,0,0
ENSMUSG00000117186,Gm46576,0,0,0,0,0,0,0,0,0,0,0,0
ENSMUSG00000024387,Csnk2b,3750,3902,2647,3049,3215,2311,3381,3320,3486,3082,3109,2917
ENSMUSG00000033278,Ptprm,4,3,5,5,2,3,3,7,5,6,2,4
ENSMUSG00000117065,Gm49941,0,0,0,0,0,0,0,0,0,0,0,0
ENSMUSG00000114563,1700016K05Rik,0,0,0,0,0,0,0,0,0,0,0,0
ENSMUSG00000114291,Gm47471,0,0,0,0,0,0,0,0,0,0,0,0
ENSMUSG00000117174,Gm49939,0,0,0,0,0,0,0,0,0,0,0,0
ENSMUSG00000117166,Gm18961,0,0,0,0,0,0,0,0,0,0,0,0
ENSMUSG00000117329,Gm49943,0,0,0,0,0,0,0,0,0,0,0,0
ENSMUSG00000117224,Gm49940,0,0,0,0,0,1,0,0,0,0,0,0
ENSMUSG00000117332,Gm49942,0,0,0,0,0,0,0,0,0,0,0,0
ENSMUSG00000114492,Gm9984,0,0,0,0,0,0,0,0,0,0,0,0
ENSMUSG00000092417,Gpank1,232,249,229,230,253,86,240,261,243,204,225,187
ENSMUSG00000093508,Mir5709,0,0,0,0,0,0,0,0,0,0,0,0
ENSMUSG00000092241,Gm20522,4,3,2,0,1,0,5,3,0,3,3,1
ENSMUSG00002075726,#N/A,0,0,0,0,0,0,0,0,0,0,0,0
ENSMUSG00000117029,Gm36201,0,0,0,0,0,0,0,1,0,0,0,0
ENSMUSG00000073375,Lrrc30,0,0,0,0,0,0,0,0,0,0,0,0
ENSMUSG00000043311,D17H6S53E,270,264,197,229,230,96,181,191,248,219,214,214
ENSMUSG00000024391,Apom,2,8,4,2,10,2,7,6,4,3,5,2
ENSMUSG00000032796,Lama1,0,0,0,0,0,4,0,0,0,0,2,0
ENSMUSG00000116896,Gm49792,0,0,0,0,0,0,0,0,0,0,0,0
ENSMUSG00000068141,Gm10232,1,6,3,1,3,5,3,2,2,4,2,2
ENSMUSG00000089690,Gm16569,0,0,0,0,0,0,0,0,0,0,0,0
ENSMUSG00000044697,Gm5479,0,0,0,0,0,0,0,0,0,0,0,0
ENSMUSG00000088244,Gm25909,0,0,0,0,0,0,0,0,0,0,0,0
ENSMUSG00000023795,Pisd-ps2,14,16,6,3,12,3,9,20,5,12,13,18
ENSMUSG00000116817,Gm5679,0,0,0,0,0,0,1,1,0,0,0,0
ENSMUSG00000116779,Gm4829,2,0,2,0,0,2,0,3,0,3,3,2
ENSMUSG00000116995,Gm21926,163,167,159,149,173,146,157,176,181,135,199,188
ENSMUSG00000046201,Scaf8,2912,2960,2481,2427,2050,1400,1794,2485,2765,2680,2192,2041
ENSMUSG00000116596,Gm49798,0,0,0,0,0,0,0,0,0,0,0,0
ENSMUSG00000024043,Arhgap28,3,1,2,0,1,1,0,0,0,2,3,1
ENSMUSG00000116941,Gm46578,0,0,0,0,0,0,0,0,0,0,0,0
ENSMUSG00000090955,Gm17097,0,0,0,0,0,0,0,0,0,0,0,0
ENSMUSG00000116858,Gm49797,68,61,87,54,90,87,112,84,75,64,94,86
ENSMUSG00000117243,Gm49944,0,0,0,0,0,0,0,0,0,0,0,0
ENSMUSG00000117208,Gm49945,0,0,0,0,0,0,0,0,0,0,0,0
ENSMUSG00000116874,Gm34035,0,0,0,0,0,0,0,0,0,0,0,0
ENSMUSG00000116838,Gm6475,6,3,1,1,1,1,0,2,3,6,3,0
ENSMUSG00000117193,Gm36252,0,0,0,0,0,0,0,0,0,0,0,0
ENSMUSG00000041565,L3mbtl4,0,0,0,0,0,6,0,0,0,0,0,0
ENSMUSG00000090224,Gm15974,1,0,0,0,1,0,0,0,2,1,0,1
ENSMUSG00000117274,Gm17921,0,0,0,0,0,0,0,0,0,0,0,0
ENSMUSG00000095407,Tmem200c,0,0,0,0,0,0,0,0,0,0,0,0
ENSMUSG00000117004,Gm38593,0,0,0,0,0,0,0,0,0,0,0,0
ENSMUSG00000117093,Gm49949,0,0,0,0,0,1,2,0,0,0,0,0
ENSMUSG00000023800,Tiam2,5,7,18,14,7,4,7,8,7,8,3,5
ENSMUSG00000115330,Gm49221,0,0,0,0,0,1,0,0,0,0,1,0
ENSMUSG00000036983,Tfb1m,125,179,109,128,208,146,121,125,147,175,217,232
ENSMUSG00000116852,1700102H20Rik,3,7,6,5,2,7,4,2,0,3,2,1
ENSMUSG00000023802,Nox3,0,0,0,0,0,0,0,0,0,0,0,0
ENSMUSG00000116975,4930470H14Rik,0,0,0,0,0,0,0,0,0,0,0,0
ENSMUSG00000116615,4930548J01Rik,0,0,0,0,0,0,0,0,0,0,0,0
ENSMUSG00000116767,4930517M08Rik,0,0,0,0,0,0,0,0,0,0,0,0
ENSMUSG00000118855,#N/A,0,0,0,0,0,0,0,0,0,0,0,0
ENSMUSG00000116649,Gm49780,0,0,0,0,0,0,0,0,0,0,0,0
ENSMUSG00000116813,4930579D07Rik,0,0,0,0,0,2,0,0,0,0,0,0
ENSMUSG00000116620,Gm4828,1,0,1,0,0,0,0,1,0,0,1,1
ENSMUSG00000116551,Gm41517,0,0,1,0,0,2,0,0,0,0,0,0
ENSMUSG00000024392,Bag6,5574,5499,4288,4366,4328,1674,4125,5122,5022,4702,4349,4273
ENSMUSG00000069729,Arid1b,2183,2228,1690,1610,1567,977,1461,2049,2106,1923,1685,1621
ENSMUSG00000081783,Gm15599,0,4,0,0,0,0,0,0,0,1,0,1
ENSMUSG00000101133,Gm29050,0,0,0,0,0,0,0,0,0,0,0,0
ENSMUSG00000024393,Prrc2a,21343,21690,17210,16892,17733,8032,13196,19429,17973,16574,19966,18010
ENSMUSG00000064853,Gm23442,5,5,2,5,4,0,3,5,2,3,0,5
ENSMUSG00000090936,Gm17705,3,2,0,0,2,3,0,1,1,2,1,0
ENSMUSG00000004945,Tmem242,513,602,476,499,461,194,536,486,541,462,428,405
ENSMUSG00000101959,Ldhal6b,14,15,9,10,11,9,3,12,13,21,14,19
ENSMUSG00002075241,#N/A,0,0,0,0,0,0,0,0,0,0,0,0
ENSMUSG00000116691,Gm8363,0,0,0,0,0,0,0,0,0,0,0,0
ENSMUSG00000034265,Zdhhc14,22,28,18,28,34,14,28,29,17,22,20,34
ENSMUSG00000096965,3300005D01Rik,3,9,12,6,3,1,3,6,6,4,9,7
ENSMUSG00000068120,Gm10231,0,0,0,0,0,0,0,0,1,0,0,0
ENSMUSG00000097186,Gm26595,0,0,0,1,0,0,0,0,0,0,0,0
ENSMUSG00000096962,Gm26622,1,0,0,0,2,0,0,0,0,0,2,0
ENSMUSG00000002365,Snx9,2927,3420,2441,2668,1841,1147,1650,2104,2644,2517,1653,1382
ENSMUSG00000116734,Gm8376,0,0,0,0,0,0,0,0,0,0,0,0
ENSMUSG00000024397,Aif1,4,8,3,5,0,4,4,1,3,2,5,2
ENSMUSG00000086076,Ncr3-ps,0,1,0,0,0,0,0,0,0,2,0,0
ENSMUSG00000073412,Lst1,9,21,6,26,6,7,16,8,11,6,9,11
ENSMUSG00000024399,Ltb,5649,6197,3107,3555,4155,1100,3220,3353,6640,6004,4045,4415
ENSMUSG00000098291,Mir6973a,6,6,5,9,2,0,7,1,8,3,10,10
ENSMUSG00000024401,Tnf,6256,6485,3960,4229,4213,1787,2482,2546,4283,4028,4305,3978
ENSMUSG00000024402,Lta,8617,8777,4463,4787,3819,1840,4072,4102,6965,6108,4914,4344
ENSMUSG00000099006,Mir6974,14,13,4,4,1,0,2,8,3,9,6,14
ENSMUSG00000042419,Nfkbil1,516,553,318,365,376,160,313,325,542,448,414,403
ENSMUSG00000081650,Gm16181,16,15,12,11,11,2,2,3,12,15,6,6
ENSMUSG00000024403,Atp6v1g2,86,71,40,65,67,95,47,55,78,59,100,80
ENSMUSG00000019432,Ddx39b,7799,8608,7145,7124,7151,3805,6486,7093,7404,6670,6986,6498
ENSMUSG00000075770,Gm22589,0,0,0,0,0,0,0,0,0,0,0,0
ENSMUSG00000098499,Mir6975,2,1,0,2,2,0,0,2,0,0,0,1
ENSMUSG00000065273,Gm25128,13,6,5,3,2,1,7,10,6,7,6,5
ENSMUSG00000098269,Mir8094,8,5,2,2,7,3,1,2,4,1,4,2
ENSMUSG00000073411,H2-D1,20216,23357,18776,21431,16786,5957,20566,21100,20958,18955,16119,15871
ENSMUSG00000092444,Gm18733,0,0,1,0,0,0,0,0,0,0,0,0
ENSMUSG00000092438,Gm18734,0,0,0,0,0,0,0,1,0,0,0,0
ENSMUSG00000079507,H2-Q1,6,4,0,4,3,2,5,7,7,4,8,11
ENSMUSG00000091655,Gm8741,1,0,0,1,0,0,1,0,0,0,0,0
ENSMUSG00000091705,H2-Q2,25,19,13,14,5,2,15,17,13,12,6,8
ENSMUSG00000092253,H2-Q3,0,0,0,0,1,0,0,0,0,0,0,0
ENSMUSG00000079505,Gm11131,30,51,42,47,48,26,49,47,41,35,54,62
ENSMUSG00000035929,H2-Q4,1218,1336,1392,1536,1180,513,1412,1608,1324,1230,1273,1146
ENSMUSG00000055413,H2-Q5,231,255,245,283,313,92,218,264,246,237,249,277
ENSMUSG00000092560,Gm8750,0,2,0,1,0,0,2,1,0,0,0,0
ENSMUSG00000024163,Mapk8ip3,2552,2796,2488,2453,2027,908,1726,2263,2301,2148,2160,2060
ENSMUSG00000038880,Mrps34,725,819,636,655,613,231,684,665,778,699,638,643
ENSMUSG00000073435,Nme3,0,0,0,0,1,0,0,1,0,0,0,1
ENSMUSG00000073409,H2-Q6,102,116,133,131,93,25,96,92,100,69,83,81
ENSMUSG00000024044,Epb41l3,0,0,0,1,0,1,0,0,0,0,0,0
ENSMUSG00000024165,Jpt2,843,946,820,832,914,481,798,1018,900,804,855,810
ENSMUSG00000100572,2410021H03Rik,0,0,0,0,0,0,0,0,0,0,0,0
ENSMUSG00000117323,Gm36487,0,0,0,0,0,2,0,0,0,0,0,0
ENSMUSG00000117069,Gm49894,0,0,1,2,0,1,0,0,1,3,0,1
ENSMUSG00000049672,Zbtb14,289,323,265,252,342,190,247,306,339,307,343,347
ENSMUSG00000096988,A930029G22Rik,5,4,9,5,6,0,5,9,8,8,3,3
ENSMUSG00000073374,C030034I22Rik,37,32,47,39,38,38,34,35,43,42,61,35
ENSMUSG00000091636,Akain1,0,0,0,0,0,0,0,0,0,0,0,0
ENSMUSG00000117053,A730049N16Rik,0,0,0,0,0,0,0,0,0,0,0,0
ENSMUSG00000117122,Gm9319,0,0,0,0,0,0,0,1,0,0,0,0
ENSMUSG00000117071,Gm9598,0,1,0,0,0,0,2,0,0,1,3,2
ENSMUSG00002076618,#N/A,0,0,0,0,0,0,0,0,0,0,0,0
ENSMUSG00000117124,Gm49895,0,0,0,0,0,0,0,0,0,0,0,0
ENSMUSG00000117233,Gm36594,0,0,0,0,1,0,0,0,0,0,0,0
ENSMUSG00000117078,Gm4561,0,0,0,0,0,0,0,0,0,0,0,0
ENSMUSG00000038002,Cramp1l,1347,1367,1186,1146,1025,691,955,1406,1026,1059,1097,1094
ENSMUSG00000024169,Ift140,154,139,118,135,157,65,118,165,161,146,195,173
ENSMUSG00000024168,Tmem204,2,0,0,0,1,0,1,0,0,0,0,0
ENSMUSG00000060550,H2-Q7,554,594,583,694,625,226,565,733,542,489,558,485
ENSMUSG00000092278,Gm8752,0,2,0,1,1,0,0,0,1,0,1,1
ENSMUSG00000067235,H2-Q10,132,142,130,150,53,16,77,96,82,85,59,53
ENSMUSG00000024406,Pou5f1,2,0,0,0,1,0,1,1,0,0,0,0
ENSMUSG00000093516,Gm19553,0,0,0,0,0,0,0,0,0,0,0,0
ENSMUSG00000050410,Tcf19,182,208,126,126,209,94,221,183,151,118,174,164
ENSMUSG00000118589,CR974473.1,0,0,0,0,0,0,0,1,0,0,1,0
ENSMUSG00000024170,Telo2,964,1010,834,859,947,286,749,898,996,918,966,999
ENSMUSG00000044172,Ptx4,0,0,0,0,0,0,0,0,0,0,0,0
ENSMUSG00000040312,Cchcr1,163,146,130,124,169,86,122,168,129,114,188,164
ENSMUSG00000024409,Psors1c2,4,1,2,0,0,1,3,3,0,0,0,2
ENSMUSG00000039518,Cdsn,0,0,0,0,0,2,0,0,1,0,0,0
ENSMUSG00000092409,Gm9613,0,0,1,0,0,0,0,1,0,0,0,0
ENSMUSG00000039269,2300002M23Rik,0,0,0,0,0,0,0,0,0,0,0,0
ENSMUSG00000090509,Sfta2,0,0,0,0,0,0,0,0,0,0,0,0
ENSMUSG00000090588,Gm9573,0,0,0,0,0,0,0,0,0,0,0,0
ENSMUSG00000023805,Synj2,1114,1080,1033,1026,946,546,717,972,1142,1039,532,448
ENSMUSG00000073408,Mucl3,6,11,4,5,20,17,5,4,3,5,9,12
ENSMUSG00000092389,Gm20483,0,0,0,0,0,0,0,0,0,0,0,0
ENSMUSG00000003279,Dlgap1,0,0,0,0,1,7,0,0,0,0,0,0
ENSMUSG00000097282,5031415H12Rik,0,0,0,0,1,0,0,0,0,0,0,0
ENSMUSG00000117231,Gm41609,0,0,0,0,0,0,0,1,0,1,0,0
ENSMUSG00000093622,Gm20703,0,0,0,0,0,0,0,0,0,0,0,0
ENSMUSG00000015659,Serac1,95,73,79,81,57,43,46,77,70,73,56,64
ENSMUSG00000034345,Gtf2h5,623,755,668,666,685,320,728,640,707,578,601,539
ENSMUSG00000047407,Tgif1,1050,1138,1061,1141,1191,691,1026,1059,1102,1083,825,847
ENSMUSG00000100865,Gm9320,7,7,1,6,6,4,9,7,7,9,6,3
ENSMUSG00000080468,Mir1195,0,0,0,0,0,0,0,0,0,0,0,0
ENSMUSG00000036636,Clcn7,478,491,392,398,441,135,344,408,448,388,443,447
ENSMUSG00000097154,Gm26510,35,30,19,25,13,15,25,34,31,34,24,18
ENSMUSG00000117121,Gm49902,2,8,3,8,8,4,3,5,3,9,11,5
ENSMUSG00000117156,Gm49904,0,0,0,0,0,0,0,0,0,0,0,0
ENSMUSG00000066983,Gm16519,0,0,2,1,2,0,2,1,0,1,0,1
ENSMUSG00000117200,Gm49905,8,6,7,6,3,0,6,2,10,7,3,5
ENSMUSG00000117079,Gm41611,0,0,0,2,0,0,0,0,0,0,0,0
ENSMUSG00000038838,Vars2,650,604,533,498,724,298,509,599,656,573,775,727
ENSMUSG00000034868,Myl12b,121,132,113,115,133,140,150,133,136,119,109,115
ENSMUSG00000117098,Gm49909,0,0,0,0,0,0,0,0,0,0,0,0
ENSMUSG00000034377,Tulp4,285,285,250,203,173,101,179,238,245,210,212,204
ENSMUSG00000051639,Gm5812,9,5,3,14,12,4,9,4,4,7,15,3
ENSMUSG00002074878,#N/A,0,0,0,0,0,0,0,0,0,0,0,0
ENSMUSG00000058542,Gm15590,0,1,0,0,1,0,0,0,0,0,0,0
ENSMUSG00002075503,#N/A,0,0,0,0,0,0,0,0,0,0,0,0
ENSMUSG00000095869,Ppp1r2-ps6,0,0,2,0,0,0,0,0,0,0,0,0
ENSMUSG00000059562,Ccdc154,3,0,1,2,0,0,2,0,0,0,0,0
ENSMUSG00000114245,Gm38655,0,0,0,0,0,0,0,0,0,0,0,1
ENSMUSG00000067722,BC003965,848,1086,897,965,852,376,899,785,966,791,844,846
ENSMUSG00000024048,Myl12a,2336,2705,1924,2006,2003,1154,2087,1730,2372,2046,1667,1725
ENSMUSG00000038141,Tmem181a,120,112,93,78,111,40,101,87,118,103,131,115
ENSMUSG00000092074,Dynlt1a,6,9,9,2,11,6,8,14,11,10,8,8
ENSMUSG00000118494,AC183097.1,0,0,0,0,0,0,0,0,0,0,0,0
ENSMUSG00000094843,Ppp1r2-ps1,0,0,0,0,0,0,0,0,0,0,0,0
ENSMUSG00000015127,Unkl,224,208,180,198,201,92,173,226,175,202,198,174
ENSMUSG00000116812,Gm2792,2,1,6,0,0,2,1,3,0,1,4,0
ENSMUSG00000001524,Gtf2h4,612,738,563,578,717,233,618,562,747,616,700,623
ENSMUSG00000116921,Gm49693,0,0,0,0,0,0,0,0,0,0,0,0
ENSMUSG00000116719,Gm29719,0,0,0,0,0,0,0,0,0,0,0,0
ENSMUSG00000116992,Gm29719,0,0,0,0,0,0,0,0,0,0,0,0
ENSMUSG00000096255,Dynlt1b,3,0,1,2,5,1,0,0,0,1,1,1
ENSMUSG00000035521,Gnptg,311,366,251,299,333,132,282,267,320,261,333,323
ENSMUSG00000015126,Tsr3,402,430,377,383,402,138,338,323,435,346,332,427
ENSMUSG00000096780,Tmem181b-ps,97,121,77,70,95,37,52,77,77,74,127,108
ENSMUSG00000116560,Gm2808,84,106,70,58,23,10,40,46,48,52,34,32
ENSMUSG00000116868,Gm29721,23,33,29,40,10,4,9,16,15,21,15,10
ENSMUSG00000000579,Dynlt1c,0,0,0,2,1,0,0,2,0,2,1,0
ENSMUSG00000093880,Tmem181c-ps,10,3,5,10,4,4,2,7,7,5,4,8
ENSMUSG00000095677,Dynlt1f,16,25,13,20,29,5,37,24,19,10,22,17
ENSMUSG00000041831,Sytl3,2087,2279,1801,1948,1165,609,1263,1482,1658,1486,1086,1051
ENSMUSG00000052397,Ezr,8339,8981,7096,7766,6497,5658,7038,9157,7719,6994,7503,6368
ENSMUSG00000116893,Gm49717,1,0,0,1,0,0,0,0,3,0,0,2
ENSMUSG00000116644,4933426B08Rik,0,0,0,0,0,1,0,0,0,0,0,0
ENSMUSG00000076218,Mir692-1,0,1,0,0,0,0,0,1,0,0,0,0
ENSMUSG00000099735,1700122H20Rik,0,0,0,0,0,0,0,0,0,0,0,0
ENSMUSG00000023806,Rsph3b,74,81,49,61,33,18,56,51,74,63,47,42
ENSMUSG00000116618,Gm49719,0,3,0,1,1,0,0,0,0,0,0,0
ENSMUSG00000052031,Tagap1,229,262,222,227,237,100,186,201,235,205,205,193
ENSMUSG00000024049,Myom1,3,7,2,1,2,7,1,2,2,3,3,1
ENSMUSG00000117315,1600022D10Rik,0,0,0,0,0,0,0,0,0,0,0,0
ENSMUSG00000117276,Gm49910,0,0,0,0,0,1,0,0,0,0,1,0
ENSMUSG00000094724,Rnaset2b,2,3,0,5,3,0,0,1,2,4,1,4
ENSMUSG00000116876,Gm49721,0,0,0,0,0,0,0,0,0,0,0,0
ENSMUSG00000094083,Gm1604b,0,0,0,0,0,0,0,0,0,0,0,0
ENSMUSG00000119398,#N/A,0,0,0,0,0,0,0,0,0,0,0,0
ENSMUSG00000047507,Baiap3,31,37,37,35,14,7,13,11,18,46,10,6
ENSMUSG00000023809,Rps6ka2,53,84,98,103,56,28,38,62,63,70,30,26
ENSMUSG00000116935,Gpr31a,0,0,0,0,0,0,0,0,0,0,0,0
ENSMUSG00000093202,Mir3547,0,0,0,0,0,0,0,0,0,0,0,0
ENSMUSG00000024052,Lpin2,1257,1315,1159,1121,1112,590,809,973,1105,1093,958,875
ENSMUSG00000071322,Tcp10a,0,0,0,0,0,0,0,0,0,0,0,0
ENSMUSG00000079722,Ttll2,0,0,0,0,0,0,0,0,0,0,0,0
ENSMUSG00000116672,Gm49630,0,0,0,0,0,0,0,0,0,0,0,0
ENSMUSG00000015120,Ube2i,1821,1893,1518,1535,1250,743,1118,1500,1621,1517,1305,1259
ENSMUSG00000056399,Prss34,0,0,0,0,0,0,0,0,0,0,0,0
ENSMUSG00000056133,Unc93a2,0,0,0,0,1,1,1,0,0,0,0,0
ENSMUSG00000088930,Gm25921,0,0,0,0,0,0,0,0,0,0,0,0
ENSMUSG00002076013,#N/A,0,0,0,0,0,0,0,0,0,0,0,0
ENSMUSG00000116702,Gm6553,0,0,0,0,0,0,0,0,0,0,0,0
ENSMUSG00000116585,Gm33086,0,0,0,0,0,0,0,0,0,0,0,0
ENSMUSG00000116955,Gm49632,0,0,0,0,0,0,0,0,0,0,0,0
ENSMUSG00002075599,#N/A,0,0,0,0,0,0,0,0,0,0,0,0
ENSMUSG00000024171,Prss28,0,0,0,0,0,0,0,0,0,0,0,0
ENSMUSG00000024053,Emilin2,378,442,335,378,179,109,231,260,293,220,188,159
ENSMUSG00000117137,4930471L23Rik,0,0,0,0,0,0,0,0,0,0,0,0
ENSMUSG00000034039,Prss29,0,0,0,0,0,0,0,0,0,0,0,0
ENSMUSG00000117199,Gm4566,0,1,2,0,0,1,0,3,0,1,3,0
ENSMUSG00000098180,Gm5430,16,22,12,18,12,0,21,15,19,12,8,13
ENSMUSG00000117517,Gm50085,0,0,0,0,0,0,0,0,0,0,0,0
ENSMUSG00000024173,Tpsab1,0,0,0,0,0,0,0,0,0,0,0,0
ENSMUSG00000071984,Fndc1,0,0,0,0,0,3,0,0,0,0,0,0
ENSMUSG00000090069,E430024P14Rik,111,117,108,110,65,53,71,84,73,83,41,60
ENSMUSG00000033450,Tagap,7666,8569,6843,7115,3811,1624,4982,6122,7318,6772,3298,3120
ENSMUSG00000033825,Tpsb2,0,0,0,0,0,0,0,0,0,0,0,0
ENSMUSG00000033200,Tpsg1,0,0,0,0,0,0,0,0,0,0,0,0
ENSMUSG00000073471,Rsph3a,197,175,144,144,127,42,151,172,175,156,122,117
ENSMUSG00000116760,Gm1604a,0,1,0,0,0,0,0,0,0,0,0,0
ENSMUSG00000116988,Gm49673,0,0,0,0,0,0,0,0,0,0,0,0
ENSMUSG00000118778,#N/A,0,0,0,0,0,0,0,0,0,0,0,0
ENSMUSG00000095687,Rnaset2a,2,1,1,2,0,0,1,1,1,1,2,1
ENSMUSG00000024054,Smchd1,2674,2674,2675,2493,3081,2310,1922,3013,2458,2285,2992,2706
ENSMUSG00000024056,Ndc80,272,267,278,299,520,448,349,432,238,238,408,361
ENSMUSG00000079356,Mettl4-ps1,0,0,0,0,0,3,0,0,1,0,0,0
ENSMUSG00000003534,Ddr1,255,268,211,292,210,71,176,226,236,205,228,219
ENSMUSG00001118668,#N/A,0,0,1,0,0,1,0,0,0,0,0,3
ENSMUSG00000086867,Gm4577,0,0,0,0,0,0,0,0,0,0,0,0
ENSMUSG00000092219,Gm20443,0,0,0,0,0,0,0,0,0,0,0,0
ENSMUSG00000092600,Gm20442,0,0,3,2,0,1,0,0,0,0,0,0
ENSMUSG00000069135,Fgfr1op,1056,1081,926,880,852,554,804,980,895,909,844,807
ENSMUSG00000092171,4833427F10Rik,0,2,0,0,0,0,0,2,0,2,0,0
ENSMUSG00000003541,Ier3,387,445,559,644,705,248,569,579,454,398,323,301
ENSMUSG00000052525,Spdya,0,0,1,0,0,5,0,0,0,0,0,0
ENSMUSG00000085492,Trmt61b,214,246,211,213,190,98,191,228,244,199,165,177
ENSMUSG00000117275,Gm50047,2,0,0,1,0,0,1,0,0,1,0,1
ENSMUSG00000117637,Gm30091,0,0,0,1,0,0,3,1,1,1,0,1
ENSMUSG00000040899,Ccr6,23,20,24,25,25,16,27,35,18,14,24,11
ENSMUSG00000024112,Cacna1h,0,0,0,0,0,0,0,0,0,0,0,0
ENSMUSG00000023861,Mpc1,58,51,51,56,59,40,48,64,70,70,67,62
ENSMUSG00000087478,4930506C21Rik,0,0,1,0,0,0,0,0,0,0,0,0
ENSMUSG00000024175,Tekt4,0,0,0,0,0,0,0,0,0,0,0,0
ENSMUSG00000050824,Sstr5,0,0,0,0,0,0,0,0,0,0,0,0
ENSMUSG00000117437,Gm33727,0,0,0,0,0,0,0,0,0,0,0,0
ENSMUSG00000117420,Gm50025,0,0,0,0,0,0,0,0,0,0,0,0
ENSMUSG00000117577,Gm33801,0,0,0,0,0,1,0,0,0,0,0,0
ENSMUSG00000117544,Rpsa-ps6,0,0,0,0,0,0,0,0,0,0,0,1
ENSMUSG00000117445,Gm50026,0,0,0,0,0,0,0,0,0,0,0,0
ENSMUSG00000041057,Wdr43,11353,12135,9676,9779,9391,8726,8093,9727,11090,10279,10033,8972
ENSMUSG00000093289,Snord92,1,1,3,0,3,0,1,2,1,1,2,0
ENSMUSG00000092887,Snord53,43,43,40,42,19,16,24,38,49,34,27,21
ENSMUSG00000092713,Gm22858,5,10,3,5,3,0,0,5,4,7,4,2
ENSMUSG00000024176,Sox8,0,5,3,2,4,2,2,3,2,2,0,0
ENSMUSG00000091475,Cerox1,14,8,10,7,10,5,11,8,10,9,13,13
ENSMUSG00000073468,Sft2d1,248,307,238,273,235,162,232,219,196,208,240,228
ENSMUSG00000117569,Gm49987,0,0,0,0,0,0,0,0,0,0,0,0
ENSMUSG00000055945,Prr18,2,0,1,1,1,1,1,3,0,1,0,2
ENSMUSG00000058159,T2,0,0,0,0,0,3,0,0,0,0,0,0
ENSMUSG00000116860,Gm46593,0,0,0,0,0,0,0,0,0,0,0,0
ENSMUSG00000116704,Gm5491,1,4,4,0,0,0,0,0,1,2,1,0
ENSMUSG00000002279,Lmf1,212,245,214,199,163,80,217,202,218,180,182,164
ENSMUSG00000119129,#N/A,0,0,0,0,1,0,0,0,0,0,0,0
ENSMUSG00000117791,4930541O19Rik,0,0,0,0,0,0,0,0,0,0,0,0
ENSMUSG00000118136,Gm50312,0,0,0,0,0,0,0,0,0,0,0,0
ENSMUSG00000117657,Gm5836,0,0,0,0,0,0,0,0,0,0,0,0
ENSMUSG00000045761,Togaram2,0,0,0,0,1,0,0,1,0,0,0,1
ENSMUSG00000059714,Flot1,165,172,145,189,118,60,166,215,126,96,151,128
ENSMUSG00000089779,Gm15641,0,0,0,0,0,0,0,0,0,0,0,0
ENSMUSG00000044375,Pcare,0,0,0,0,0,0,0,0,0,0,0,0
ENSMUSG00000117075,Gm49922,0,0,0,0,0,0,0,0,0,0,0,0
ENSMUSG00000025739,Gng13,0,0,0,0,0,0,1,0,0,0,0,1
ENSMUSG00000001525,Tubb5,17074,17308,13218,13717,17289,8291,16335,17432,16532,14067,19162,17804
ENSMUSG00000061607,Mdc1,1444,1508,1247,1158,1207,1100,810,1331,1410,1368,1669,1475
ENSMUSG00000087443,Ppp1r18os,3,6,5,3,1,0,3,0,2,3,2,4
ENSMUSG00000059791,Nrm,119,179,147,159,147,47,196,190,132,96,134,130
ENSMUSG00000019214,Chtf18,224,250,244,239,435,150,297,355,212,177,349,350
ENSMUSG00000034595,Ppp1r18,4738,4909,3256,3523,3362,1558,3338,3674,3855,3355,3495,3025
ENSMUSG00002076711,#N/A,0,0,0,0,2,0,0,0,0,2,3,2
ENSMUSG00000041199,Rpusd1,262,261,187,185,245,65,300,250,230,208,211,224
ENSMUSG00000041062,Mslnl,1,0,2,2,1,1,2,1,2,0,1,1
ENSMUSG00002075207,#N/A,0,0,0,0,0,0,0,0,0,0,0,0
ENSMUSG00000024422,Dhx16,2593,2614,2099,2187,2088,957,1859,2249,2523,2270,2159,2060
ENSMUSG00000063011,Msln,0,0,0,0,0,0,0,0,0,0,0,0
ENSMUSG00000117741,1700080C20Rik,0,0,0,0,0,0,0,0,0,0,1,0
ENSMUSG00000050705,2310061I04Rik,795,829,594,604,780,481,656,637,716,712,1042,924
ENSMUSG00000084998,Gm16279,15,16,15,9,14,7,16,8,13,11,15,7
ENSMUSG00000002280,Ciao3,418,460,336,366,366,138,357,320,405,323,318,352
ENSMUSG00000023868,Pde10a,0,1,2,2,0,0,2,2,1,1,0,0
ENSMUSG00000024059,Clip4,0,1,0,1,1,3,1,0,1,0,0,0
ENSMUSG00000083386,Gm15426,0,0,0,0,0,0,0,1,0,0,0,0
ENSMUSG00000055471,Alk,0,0,0,0,0,2,0,0,0,0,0,0
ENSMUSG00000117126,Gm49924,0,0,0,0,0,0,0,0,0,0,0,0
ENSMUSG00000117046,Gm19183,0,0,1,0,0,1,0,1,0,1,0,0
ENSMUSG00002076036,#N/A,0,0,0,0,0,0,0,0,0,0,0,0
ENSMUSG00000117247,Gm49923,0,0,0,0,0,0,0,0,0,0,0,0
ENSMUSG00000098193,Gm26963,27,29,26,32,22,5,38,30,21,24,12,12
ENSMUSG00000061046,Haghl,67,56,43,48,69,29,72,59,80,71,68,72
ENSMUSG00000098329,Mir6966,0,0,0,0,0,0,0,0,0,0,0,0
ENSMUSG00000039770,Ypel5,150,197,129,120,89,55,139,134,144,137,72,59
ENSMUSG00000071202,Ccdc78,0,1,0,0,1,2,0,0,1,0,0,0
ENSMUSG00000024063,Lbh,366,359,274,277,226,104,246,266,282,249,280,234
ENSMUSG00000118930,#N/A,0,0,0,0,0,0,0,0,0,0,0,0
ENSMUSG00000117096,Gm30420,0,0,0,0,0,1,0,0,0,0,0,0
ENSMUSG00000023873,1700010I14Rik,29,40,30,26,22,20,33,32,23,15,25,37
ENSMUSG00000117205,Gm29711,0,0,0,0,0,0,0,0,0,0,0,0
ENSMUSG00000097049,6530411M01Rik,0,0,0,0,0,1,0,0,0,0,0,0
ENSMUSG00000024426,Atat1,65,67,78,60,74,52,55,66,45,52,79,92
ENSMUSG00000117026,C87487,0,0,0,0,0,0,0,0,0,0,0,0
ENSMUSG00000117133,Gm49806,0,0,0,0,0,0,0,0,0,0,0,0
ENSMUSG00000097958,Gm8492,30,39,30,23,31,1,32,28,18,23,17,13
ENSMUSG00000117015,Gm7947,0,0,0,0,0,0,0,0,0,0,0,0
ENSMUSG00000101935,Gm17748,0,0,0,0,0,0,0,0,0,0,0,1
ENSMUSG00000072968,Gm17728,0,0,0,0,0,0,0,0,0,0,0,0
ENSMUSG00000057411,Fam173a,160,160,151,158,192,71,177,192,210,149,193,167
ENSMUSG00000117143,Gm49807,0,0,0,0,0,0,0,0,0,0,0,0
ENSMUSG00000046173,Pabpc6,0,0,1,0,0,0,0,0,0,0,0,0
ENSMUSG00000118135,Gm50367,0,0,0,0,0,0,0,0,0,0,0,0
ENSMUSG00000117341,Gm34684,0,0,0,0,0,0,0,0,0,0,0,0
ENSMUSG00000117264,4930452A19Rik,0,0,0,0,0,0,0,0,0,0,0,0
ENSMUSG00000117290,Gm34883,0,0,1,1,0,1,0,0,1,0,0,0
ENSMUSG00000117110,Gm49808,0,0,0,0,0,0,0,0,0,0,0,0
ENSMUSG00000117227,Gm34799,0,0,0,0,0,0,0,0,0,0,0,0
ENSMUSG00000117206,Gm49809,0,0,0,1,0,0,0,0,0,0,0,0
ENSMUSG00000002274,Metrn,233,223,211,227,241,74,264,240,257,228,234,239
ENSMUSG00000054469,Lclat1,490,496,361,421,477,338,387,497,398,356,418,341
ENSMUSG00000081492,Gm9311,1,0,0,0,0,0,0,0,1,0,0,0
ENSMUSG00000088224,Gm25406,0,0,0,0,0,0,0,0,1,0,0,0
ENSMUSG00000117292,E330032C10Rik,5,5,3,9,1,0,6,0,2,3,2,1
ENSMUSG00000025738,Fbxl16,2,2,3,2,2,2,4,0,1,4,0,2
ENSMUSG00000025737,Wdr24,672,763,678,624,628,230,512,626,632,592,597,555
ENSMUSG00000024436,Mrps18b,821,1021,695,814,846,523,731,785,852,781,800,725
ENSMUSG00000062078,Qk,2173,1984,1851,1813,1824,1752,1505,2048,1932,1964,2066,1912
ENSMUSG00000043705,Capn13,1,0,2,0,5,3,4,1,2,1,4,0
ENSMUSG00000117088,Gm49875,0,0,0,0,0,0,0,0,0,0,0,0
ENSMUSG00000099384,1700110C19Rik,0,0,0,0,0,0,0,1,0,0,0,1
ENSMUSG00000037196,Pacrg,0,0,0,0,0,0,0,0,0,0,0,0
ENSMUSG00000089633,A230009B12Rik,0,0,0,0,0,0,0,0,0,0,0,0
ENSMUSG00000089941,Gm16168,0,0,0,0,0,0,0,0,0,0,0,0
ENSMUSG00000089907,Gm16169,0,0,0,0,0,0,0,0,0,0,0,0
ENSMUSG00000025736,Jmjd8,336,321,261,240,320,164,251,286,362,313,393,349
ENSMUSG00000039220,Ppp1r10,2785,2830,2317,2297,2553,1457,1886,2499,2435,2261,2389,2243
ENSMUSG00000039615,Stub1,1283,1454,1171,1221,1344,712,1158,1142,1402,1034,1229,1169
ENSMUSG00000084751,Mir1894,0,0,0,0,0,0,0,0,0,0,0,0
ENSMUSG00000049832,Rbx1-ps,34,11,13,10,12,4,13,10,30,25,21,43
ENSMUSG00000093076,Mir3082,0,0,0,0,0,0,0,0,0,0,0,0
ENSMUSG00000024064,Galnt14,57,61,39,48,43,41,32,31,42,32,31,26
ENSMUSG00000092284,Gm8801,1,0,1,0,0,0,0,0,1,0,0,0
ENSMUSG00000117023,Gm49876,0,0,0,0,0,0,0,0,0,0,0,0
ENSMUSG00000117102,AC107792.1,5,1,3,4,3,0,0,0,0,1,1,0
ENSMUSG00000117118,Gm49878,0,0,0,0,0,0,0,0,0,0,0,0
ENSMUSG00000117228,Gm49877,1,0,1,1,0,1,1,2,0,2,2,2
ENSMUSG00000090168,D630014O11Rik,1,0,2,1,0,0,0,1,0,0,0,0
ENSMUSG00000024065,Ehd3,667,730,589,570,631,353,399,512,635,561,595,530
ENSMUSG00000025735,Rhbdl1,13,19,20,18,24,18,17,28,19,20,22,17
ENSMUSG00000117257,Gm4948,1,1,1,2,1,0,2,1,0,1,1,1
ENSMUSG00000093593,Gm20683,1,6,0,0,2,0,1,0,0,0,0,0
ENSMUSG00000023826,Prkn,0,0,0,0,1,0,0,1,0,0,2,0
ENSMUSG00000099797,Gm3145,0,0,0,0,0,0,0,0,0,0,0,0
ENSMUSG00000100402,Gm28505,0,0,0,0,0,0,0,0,0,0,0,0
ENSMUSG00000103324,Gm37402,0,0,0,0,0,0,0,0,0,0,0,0
ENSMUSG00000104527,Gm37332,0,0,0,0,0,0,0,0,0,1,0,0
ENSMUSG00000099618,Gm28118,0,0,0,0,0,0,0,0,0,0,1,1
ENSMUSG00000104466,Gm10513,0,0,0,0,0,0,0,0,0,0,0,0
ENSMUSG00000038762,Abcf1,8017,8169,6206,6381,5754,4001,6129,6700,7296,6698,6298,5667
ENSMUSG00000077931,Mir877,0,0,0,0,0,0,0,0,0,0,0,0
ENSMUSG00000023827,Agpat4,1529,1795,1659,1864,1041,454,1411,1658,1262,1101,728,676
ENSMUSG00000063911,Tdgf1-ps2,1,1,4,0,0,0,1,2,1,1,0,0
ENSMUSG00000038500,Prr3,696,709,532,549,452,192,427,497,572,533,493,489
ENSMUSG00000025733,Rhot2,477,519,479,420,424,322,439,532,446,399,590,493
ENSMUSG00000024429,Gnl1,4593,4821,3487,3481,3628,1373,3333,3570,4729,4114,3821,3378
ENSMUSG00000092604,Gm20508,2,1,2,0,0,0,0,1,1,1,0,1
ENSMUSG00000092368,A930015D03Rik,82,94,79,100,72,45,69,65,80,94,67,48
ENSMUSG00000053835,H2-T24,559,551,401,417,518,333,325,380,622,556,528,515
ENSMUSG00000024066,Xdh,937,947,1298,1286,884,476,1043,1335,823,773,538,531
ENSMUSG00000117182,Gm18068,0,0,2,0,0,0,1,0,1,0,0,0
ENSMUSG00000088060,Gm24475,0,0,0,0,0,0,0,0,0,0,0,0
ENSMUSG00000038541,Srd5a2,0,0,0,0,0,1,0,1,0,0,0,0
ENSMUSG00000117038,Gm49880,0,0,0,0,0,0,0,0,0,0,0,0
ENSMUSG00000117226,Gm31084,0,0,0,0,0,1,0,0,0,0,0,0
ENSMUSG00000117195,Gm49881,0,0,0,0,0,0,0,0,0,0,0,0
ENSMUSG00000117031,Gm49882,0,0,0,0,0,0,0,0,0,0,0,0
ENSMUSG00000117113,Gm49883,68,97,87,58,68,58,63,87,41,52,71,68
ENSMUSG00000014426,Map3k4,1226,1276,1063,1103,934,628,856,1062,1013,908,877,836
ENSMUSG00000067212,H2-T23,4173,4546,3460,3771,3796,1444,3291,3576,4244,3661,4031,3718
ENSMUSG00000117325,Gm49962,0,0,0,0,0,0,0,0,0,0,0,0
ENSMUSG00000077476,Gm24794,0,0,0,0,0,0,0,0,0,0,0,0
ENSMUSG00000097350,4732491K20Rik,3,5,6,10,3,5,2,2,1,6,3,1
ENSMUSG00000117337,Gm49964,0,0,0,0,0,0,0,0,0,0,0,0
ENSMUSG00000117197,Gm6618,0,0,0,0,0,0,0,0,0,0,0,0
ENSMUSG00000059481,Plg,0,0,0,0,0,0,0,0,0,0,0,0
ENSMUSG00000058704,Memo1,2040,2248,1784,1829,1878,952,1781,1842,2102,1958,1783,1743
ENSMUSG00000117262,Gm9316,1,0,0,0,0,0,0,0,2,1,0,0
ENSMUSG00000023828,Slc22a3,0,0,1,0,0,0,0,1,1,0,0,0
ENSMUSG00000117314,C030013G03Rik,0,0,0,0,0,0,0,0,0,0,0,0
ENSMUSG00000056116,H2-T22,1146,1438,916,1008,856,356,918,969,1072,1005,1009,949
ENSMUSG00000073407,Gm6034,0,3,0,2,1,1,0,3,3,0,1,1
ENSMUSG00000024067,Dpy30,548,677,502,494,832,582,677,636,613,492,829,710
ENSMUSG00000079492,Gm11127,0,0,0,0,0,0,0,1,0,0,0,0
ENSMUSG00000117086,Gm31328,0,0,0,0,0,0,0,0,0,0,0,0
ENSMUSG00000117202,Gm9349,0,0,0,0,0,0,0,0,0,2,0,0
ENSMUSG00000117150,Gm9351,0,0,0,0,0,0,1,0,0,0,0,0
ENSMUSG00000040966,Slc22a2,0,0,0,0,0,0,0,0,0,0,0,0
ENSMUSG00000091373,Gm8810,0,0,0,0,0,0,0,0,0,0,0,0
ENSMUSG00000023829,Slc22a1,0,0,0,0,0,0,1,1,0,0,2,0
ENSMUSG00000073434,Wdr90,208,187,160,170,286,89,164,197,180,170,311,288
ENSMUSG00000025732,Mcrip2,255,314,213,225,247,57,236,219,270,256,253,255
ENSMUSG00000025731,Mettl26,178,212,188,179,285,92,226,255,233,178,226,234
ENSMUSG00000071192,Wfikkn1,40,37,43,32,12,7,32,27,41,37,11,15
ENSMUSG00000023830,Igf2r,4673,4964,3703,3557,3066,1706,2149,3288,3205,3127,3151,3034
ENSMUSG00000024068,Spast,1192,1235,988,974,898,699,842,1028,1167,1053,978,988
ENSMUSG00000078247,Airn,73,108,90,82,65,93,49,73,49,68,108,77
ENSMUSG00002075070,#N/A,7,6,13,6,4,11,2,6,6,5,4,6
ENSMUSG00000117030,Gm49959,3,3,2,4,2,0,3,1,0,2,3,5
ENSMUSG00000117061,Gm49958,0,0,0,0,0,0,0,0,0,0,0,0
ENSMUSG00000089769,Gm16574,3,11,7,2,6,2,0,4,8,4,10,3
ENSMUSG00000089817,Gm7162,1,0,0,0,0,0,1,1,0,1,0,1
ENSMUSG00000068037,Mas1,0,0,0,0,0,0,0,0,0,0,0,0
ENSMUSG00002075627,#N/A,0,0,0,0,0,0,0,0,0,0,0,0
ENSMUSG00000059408,Mrgprh,0,0,0,0,0,0,0,0,0,0,0,0
ENSMUSG00000025730,Rab40c,266,321,242,219,225,51,210,230,259,228,194,182
ENSMUSG00000057580,Gm10012,0,0,0,0,0,0,0,0,0,0,0,0
ENSMUSG00000084862,Gm16278,10,16,10,13,6,6,6,14,11,6,2,6
ENSMUSG00000073406,H2-Bl,10,12,10,13,8,1,4,8,15,5,5,7
ENSMUSG00000092304,Gm20530,0,0,0,0,0,0,0,0,0,0,0,0
ENSMUSG00000092224,Gm8815,0,0,0,0,0,0,0,0,0,0,0,0
ENSMUSG00000073405,H2-T-ps,81,80,68,90,67,31,78,103,92,64,56,75
ENSMUSG00000092243,Gm7030,0,0,0,0,0,1,0,0,0,0,0,0
ENSMUSG00000092365,BC023719,3,4,2,4,4,0,1,4,0,0,2,1
ENSMUSG00000079491,H2-T10,144,142,144,131,157,64,137,143,127,122,153,155
ENSMUSG00000092277,Gm19684,8,15,6,12,2,1,11,6,7,14,5,2
ENSMUSG00000073980,Gm9574,7,1,0,1,0,0,2,3,4,1,3,3
ENSMUSG00000073460,Pnldc1,15,17,16,6,11,4,7,11,12,1,11,7
ENSMUSG00000073403,Gm10499,4,4,3,3,1,0,1,0,0,5,2,4
ENSMUSG00000117072,Gm49926,0,0,0,0,0,0,0,0,0,0,0,0
ENSMUSG00000038311,2410017I17Rik,0,0,0,0,0,0,0,1,0,0,0,0
ENSMUSG00000092366,Gm17782,1,4,5,3,3,0,6,4,3,1,4,0
ENSMUSG00000092289,Gm6659,2,0,0,0,0,0,0,0,1,0,1,1
ENSMUSG00000057388,Mrpl18,1083,1151,929,934,1225,551,1060,908,1078,954,1048,1023
ENSMUSG00000024069,Slc30a6,495,535,462,433,503,238,436,434,501,419,442,468
ENSMUSG00000073402,Gm8909,9,11,12,13,16,4,12,9,9,10,10,7
ENSMUSG00000092474,Gm20478,6,1,0,0,1,0,1,0,1,1,1,0
ENSMUSG00000092374,Gm6623,0,0,0,0,0,0,0,0,0,0,1,0
ENSMUSG00000092480,Gm20495,0,0,0,0,0,0,1,0,0,0,0,0
ENSMUSG00000039193,Nlrc4,1,0,1,1,0,1,2,0,0,0,1,1
ENSMUSG00000117187,Gm4708,0,0,2,1,0,0,0,1,1,0,0,0
ENSMUSG00000024072,Yipf4,648,726,591,542,553,387,641,594,648,635,667,660
ENSMUSG00000117358,Gm31645,1,5,4,2,2,1,4,4,2,2,5,1
ENSMUSG00000068039,Tcp1,15515,17316,13502,14169,14746,10094,13273,14903,15701,14137,14782,13812
ENSMUSG00000025728,Pigq,1486,1584,1248,1318,1373,581,1203,1316,1435,1266,1326,1250
ENSMUSG00000054128,H2-T3,0,0,1,1,0,1,0,1,1,0,0,1
ENSMUSG00000065105,Gm26130,0,0,0,0,0,0,0,0,0,0,0,0
ENSMUSG00000064637,Snora20,8,5,6,6,1,3,0,3,5,3,4,4
ENSMUSG00000092240,Gm4246,0,0,0,0,0,0,1,0,0,1,0,0
ENSMUSG00000092306,Gm20447,0,0,0,0,0,1,0,0,0,0,0,0
ENSMUSG00000090113,Nhlrc4,0,0,0,0,0,0,0,0,0,0,0,0
ENSMUSG00000092457,Gm8835,1,5,3,6,1,0,7,3,0,0,3,1
ENSMUSG00000025727,A930017K11Rik,2,1,1,0,1,0,2,0,1,1,1,0
ENSMUSG00000092265,Gm5682,0,2,0,1,0,0,1,0,0,0,1,0
ENSMUSG00000092362,Gm20392,0,0,0,0,0,0,0,0,0,0,0,0
ENSMUSG00000097405,D630044L22Rik,1,0,1,0,1,0,0,2,0,2,0,0
ENSMUSG00000101932,Gm10074,0,1,2,0,1,0,3,0,1,1,0,1
ENSMUSG00000092428,Gm20545,0,0,0,0,0,0,0,0,0,0,0,0
ENSMUSG00000101756,Gm29402,0,0,0,0,0,0,0,0,0,0,0,0
ENSMUSG00000092612,Gm18604,0,0,0,0,0,0,0,0,0,0,0,0
ENSMUSG00000092363,Gm20391,0,0,0,0,0,0,0,0,0,0,0,0
ENSMUSG00002075285,#N/A,0,0,0,0,0,0,0,0,0,0,0,0
ENSMUSG00000092502,Gm4252,0,0,0,0,0,0,0,0,0,0,0,0
ENSMUSG00000092392,Gm20546,0,0,0,0,0,2,0,0,0,0,0,0
ENSMUSG00000092317,Gm6633,0,0,0,0,0,0,0,0,0,1,0,0
ENSMUSG00000062480,Acat3,5,2,1,5,8,4,6,4,6,5,5,4
ENSMUSG00000024446,Rpp21,216,256,212,238,245,104,290,216,243,207,286,261
ENSMUSG00000023832,Acat2,113,96,93,122,76,32,130,105,99,108,77,63
ENSMUSG00000089695,Gm15946,0,1,0,1,0,0,1,1,1,0,1,0
ENSMUSG00000045409,Trim39,926,1009,832,822,752,480,600,730,799,835,838,799
ENSMUSG00000037326,Capn15,1475,1477,1231,1235,1119,383,998,1244,1277,1111,1126,1180
ENSMUSG00000097523,1700022N22Rik,0,6,1,1,3,0,1,2,2,4,1,1
ENSMUSG00000023083,H2-M10.2,0,0,0,0,0,0,0,0,0,0,0,0
ENSMUSG00000024448,H2-M10.1,0,0,0,0,0,0,0,0,0,0,0,0
ENSMUSG00000058124,H2-M10.3,0,0,0,0,0,0,0,0,0,0,0,0
ENSMUSG00000092555,Stk-ps1,0,0,0,0,0,0,0,0,0,0,0,0
ENSMUSG00000092508,H2-M10.5-ps1,0,0,0,0,0,0,0,0,0,0,0,0
ENSMUSG00000092231,Lgals1-ps1,0,0,0,0,0,0,0,0,0,0,0,0
ENSMUSG00000092437,Rpl9-ps9,0,0,0,1,0,0,0,0,0,1,1,0
ENSMUSG00000044538,Obox3-ps8,0,0,0,0,0,0,0,0,0,0,0,0
ENSMUSG00000048231,H2-M10.4,0,0,0,0,0,0,0,0,0,0,0,0
ENSMUSG00000092290,Gm20452,0,0,0,0,0,0,0,0,0,0,0,0
ENSMUSG00000092493,Gm20451,0,0,0,0,0,0,0,0,0,0,0,0
ENSMUSG00000092296,Gm20454,0,0,0,0,0,0,0,0,0,0,0,0
ENSMUSG00000092414,Gm20453,0,0,0,0,0,0,0,0,0,0,0,0
ENSMUSG00000037537,H2-M11,0,0,0,0,0,0,1,0,0,0,0,0
ENSMUSG00000092332,Gm8868,0,0,0,0,0,0,0,0,0,0,0,0
ENSMUSG00000092606,Gm20450,0,0,0,0,0,0,0,0,0,0,0,0
ENSMUSG00000067201,H2-M9,0,0,0,0,0,0,0,0,0,0,0,0
ENSMUSG00000092485,Rpl9-ps5,0,0,0,0,0,0,0,0,0,0,0,0
ENSMUSG00000037334,H2-M1,0,0,0,0,0,0,0,0,0,0,0,0
ENSMUSG00000092298,Gm8877,0,0,0,0,0,0,0,0,0,0,0,0
ENSMUSG00000092377,Gm20549,0,0,0,0,0,0,0,0,0,0,0,0
ENSMUSG00000092172,Gm20523,0,0,0,0,0,0,0,0,0,0,0,0
ENSMUSG00000092343,Gm20525,0,0,0,0,0,0,0,0,0,0,0,0
ENSMUSG00000092435,Gm20526,0,0,0,0,0,0,0,0,0,0,0,0
ENSMUSG00000060475,Wtap,958,1022,880,932,1018,773,913,921,986,897,988,943
ENSMUSG00000092521,Gm4271,0,0,0,0,0,0,0,0,0,1,0,0
ENSMUSG00000092385,Gm20401,0,0,0,0,0,0,0,0,0,0,0,0
ENSMUSG00000092460,Gm8878,0,0,0,0,0,0,0,0,0,0,0,0
ENSMUSG00000037246,H2-M10.5,0,0,0,0,0,0,0,0,0,0,0,0
ENSMUSG00000037130,H2-M10.6,0,0,0,0,0,0,0,0,0,0,0,0
ENSMUSG00000006818,Sod2,1902,2090,1727,1854,1733,1133,1800,1921,1838,1605,1545,1338
ENSMUSG00000071311,Gpr31b,0,0,0,0,0,0,0,0,0,0,0,0
ENSMUSG00000037098,Rab11fip3,604,728,504,458,446,180,399,515,554,515,459,419
ENSMUSG00000055602,Tcp10b,0,0,0,0,0,0,0,0,0,0,0,0
ENSMUSG00000117147,Gm11166,0,0,0,0,0,0,0,0,0,0,0,0
ENSMUSG00000067049,Unc93a,0,0,0,0,0,1,0,0,0,0,0,0
ENSMUSG00002075806,#N/A,0,0,0,0,0,0,0,0,0,0,0,0
ENSMUSG00000117282,Gm49898,0,0,0,0,0,0,0,0,0,0,0,0
ENSMUSG00000117051,Gm10512,0,0,0,0,0,0,0,0,0,0,0,0
ENSMUSG00000073458,Smok2a,0,0,0,0,0,4,0,0,0,0,0,0
ENSMUSG00000073457,Smok2b,0,0,0,0,1,8,1,0,0,0,1,0
ENSMUSG00000119115,#N/A,0,0,0,0,0,0,0,0,0,0,0,0
ENSMUSG00000117278,Gm36684,0,0,0,0,0,0,0,0,0,0,0,0
ENSMUSG00000117239,Gpr31c,0,0,0,0,0,0,0,0,0,0,0,0
ENSMUSG00000052469,Tcp10c,0,0,0,0,0,0,0,0,0,0,0,0
ENSMUSG00000117218,Gm19283,0,0,0,0,0,0,0,0,0,0,0,0
ENSMUSG00000117092,Gm49934,0,0,0,0,0,0,0,0,0,0,0,0
ENSMUSG00000101639,Gm8597,0,0,0,0,0,0,0,0,0,0,0,0
ENSMUSG00002075210,#N/A,0,0,0,0,0,0,0,0,0,0,0,0
ENSMUSG00000119272,#N/A,0,0,0,0,0,0,0,0,0,0,0,0
ENSMUSG00000117042,2700054A10Rik,0,0,0,0,0,0,0,0,0,0,0,0
ENSMUSG00000117063,Gm49936,0,0,0,0,0,0,0,0,0,0,0,0
ENSMUSG00000090211,Gm16050,0,0,0,0,0,0,0,0,0,0,0,0
ENSMUSG00000060417,Gm8603,0,0,0,0,0,0,0,0,0,0,0,0
ENSMUSG00000079711,Smok4a,0,0,0,0,0,2,0,0,0,0,0,0
ENSMUSG00000119586,#N/A,0,0,0,0,0,0,0,0,0,0,0,0
ENSMUSG00000077349,Gm24867,0,0,0,0,0,0,0,0,0,0,0,0
ENSMUSG00000085705,Gm16046,0,0,0,1,1,0,0,1,0,2,0,0
ENSMUSG00000038347,Tcte2,0,0,0,0,1,0,0,0,1,0,2,0
ENSMUSG00000024073,Birc6,8112,7986,7451,6470,6765,4589,4024,7290,7015,6888,7173,6738
ENSMUSG00000097546,Gm26749,0,0,0,0,0,1,0,0,0,3,0,0
ENSMUSG00000068036,Afdn,305,364,216,192,156,141,154,262,243,232,286,261
ENSMUSG00000089883,Gm3355,0,0,0,1,0,3,1,2,0,0,0,0
ENSMUSG00000115221,Gm49121,0,0,0,0,0,0,0,0,0,0,0,0
ENSMUSG00000067941,Gm7168,0,0,0,0,0,0,0,0,0,0,0,0
ENSMUSG00000101307,Gm7356,0,0,0,0,1,1,0,0,0,0,0,0
ENSMUSG00000101361,Gm7358,0,0,0,0,0,0,0,0,0,0,0,0
ENSMUSG00000099476,4930488N24Rik,0,0,0,0,0,5,0,0,0,0,0,0
ENSMUSG00000117280,Gm49903,0,0,0,0,0,1,0,0,0,0,0,0
ENSMUSG00000048826,Dact2,0,5,5,2,0,0,0,1,3,3,4,1
ENSMUSG00000117185,Gm34510,0,0,0,0,0,0,0,0,0,0,0,0
ENSMUSG00000117254,Gm34567,0,0,0,0,0,0,0,0,0,0,0,0
ENSMUSG00000092591,Gm20429,0,0,0,0,0,0,0,0,0,0,0,0
ENSMUSG00000063660,Olfr98,0,0,0,0,0,0,0,0,0,0,0,0
ENSMUSG00000084425,Gm25104,0,0,0,0,0,0,0,0,0,0,0,0
ENSMUSG00000016206,H2-M3,186,183,149,149,163,58,146,168,146,139,160,125
ENSMUSG00000092556,Olfr755-ps1,8,5,4,2,2,0,3,1,3,2,6,2
ENSMUSG00000023886,Smoc2,0,0,0,0,0,0,0,0,0,0,0,0
ENSMUSG00000117328,4930474M22Rik,0,0,0,0,0,0,0,0,0,0,0,0
ENSMUSG00000061972,Olfr99,0,0,0,0,0,0,0,0,0,0,0,0
ENSMUSG00000116688,Gm49720,0,0,0,0,0,0,0,0,0,0,0,0
ENSMUSG00000092524,Olfr756-ps1,0,0,0,0,0,0,0,0,0,0,0,0
ENSMUSG00000116801,Gm38551,0,0,0,0,0,0,0,0,0,0,0,0
ENSMUSG00000092077,Olfr101,0,0,0,0,0,0,0,0,0,1,0,0
ENSMUSG00000091531,Olfr102,0,0,0,0,0,0,0,0,0,0,0,0
ENSMUSG00000049618,Olfr103,0,0,0,0,0,1,0,0,0,0,0,0
ENSMUSG00000095858,Olfr104-ps,0,0,0,0,1,1,0,0,0,0,0,0
ENSMUSG00000092542,Olfr757-ps1,0,0,0,0,0,0,0,0,0,0,0,0
ENSMUSG00000024078,Ttc27,2975,3341,2380,2433,2414,1318,2124,2456,2975,2817,2398,2256
ENSMUSG00000094884,Olfr105-ps,0,0,0,0,0,0,0,0,0,0,0,0
ENSMUSG00000092396,Olfr758-ps1,0,0,0,0,0,0,0,0,0,0,0,0
ENSMUSG00000117444,Gm50020,0,0,0,0,0,0,0,0,0,0,0,0
ENSMUSG00000117441,Gm50021,0,0,0,0,0,2,0,0,0,0,0,0
ENSMUSG00000095603,Olfr106-ps,0,0,0,0,0,0,0,0,0,0,0,0
ENSMUSG00000117560,Gm31759,0,0,2,0,0,0,0,0,0,0,0,0
ENSMUSG00000117342,Gm31818,0,0,0,0,0,0,0,0,0,0,0,0
ENSMUSG00000023885,Thbs2,0,0,0,0,0,0,0,0,0,0,0,0
ENSMUSG00000063188,Olfr107,0,0,0,0,0,0,0,0,0,0,0,0
ENSMUSG00000092568,Olfr759-ps1,0,0,0,0,0,0,0,0,0,0,0,0
ENSMUSG00000117551,Gm50015,0,0,0,0,0,0,0,0,0,0,0,0
ENSMUSG00000079311,Gm3222,72,85,64,67,60,19,85,85,56,63,41,45
ENSMUSG00000089053,Gm23352,0,0,0,0,0,0,0,0,0,0,0,0
ENSMUSG00000092477,Gm18808,0,0,0,0,0,0,0,0,0,0,0,0
ENSMUSG00000059687,Olfr108,0,0,0,0,0,0,0,0,0,0,0,0
ENSMUSG00000092601,Olfr760-ps1,0,0,0,0,0,0,0,0,0,0,0,0
ENSMUSG00000034413,Neurl1b,34,41,52,37,73,40,56,87,55,36,62,88
ENSMUSG00000029184,Olfr109,0,1,0,0,1,1,0,0,0,0,0,0
ENSMUSG00000118232,Gm50269,0,0,0,0,0,1,0,0,0,0,1,0
ENSMUSG00000118107,Gm34455,0,0,1,1,1,0,1,0,0,0,0,0
ENSMUSG00000016283,H2-M2,0,0,0,1,0,0,1,0,0,0,0,0
ENSMUSG00000024190,Dusp1,450,454,512,564,449,212,482,500,465,425,255,225
ENSMUSG00000118368,Gm50274,0,0,0,0,0,0,0,0,0,0,0,0
ENSMUSG00000090894,Olfr110,0,0,0,0,0,0,0,0,0,0,0,0
ENSMUSG00000118068,Gm50275,0,0,0,0,0,0,0,0,0,0,0,0
ENSMUSG00000068604,Gm8225,3,3,2,1,2,1,3,5,2,5,1,2
ENSMUSG00000090675,Olfr111,0,0,0,0,0,0,0,0,0,0,0,0
ENSMUSG00000051611,Olfr112,0,0,0,0,0,0,0,0,0,0,0,0
ENSMUSG00000046991,Wdr27,1,0,1,3,0,2,0,0,1,0,2,1
ENSMUSG00000092292,Olfr113,0,0,0,0,0,0,0,0,0,0,0,0
ENSMUSG00000092577,Gm7393,1,1,1,1,0,0,0,3,3,1,2,3
ENSMUSG00000062629,Olfr114,0,0,0,0,0,0,0,0,0,0,0,0
ENSMUSG00000109188,Gm18213,0,0,0,0,0,0,0,0,0,0,0,0
ENSMUSG00000092413,Olfr115,0,0,0,0,0,0,0,0,0,0,0,0
ENSMUSG00000050088,1600012H06Rik,348,376,326,302,324,246,287,277,307,305,265,282
ENSMUSG00000061336,Olfr116,0,0,0,0,0,0,0,0,0,0,0,0
ENSMUSG00000095286,Olfr117,0,0,0,0,0,1,0,0,0,0,0,0
ENSMUSG00000080990,Olfr118,0,0,0,0,0,0,0,0,0,0,0,0
ENSMUSG00000059964,Olfr119,0,0,0,0,0,0,0,0,0,0,0,0
ENSMUSG00000067189,Gm7335,0,0,0,0,0,0,0,0,0,0,0,0
ENSMUSG00000063994,Olfr120,0,0,0,0,0,0,0,0,0,0,0,0
ENSMUSG00000060017,Olfr121,0,0,0,0,0,0,0,0,0,0,0,0
ENSMUSG00000023883,Phf10,1567,1560,1350,1352,1414,1261,1150,1293,1433,1214,1591,1469
ENSMUSG00000083947,Olfr122,0,0,0,0,0,0,0,0,0,0,0,0
ENSMUSG00000109185,Gm18268,0,0,0,0,0,0,0,0,0,0,0,0
ENSMUSG00000045202,Olfr123,0,0,0,0,0,0,0,0,0,0,0,0
ENSMUSG00000116780,Gm3417,0,0,0,0,0,0,0,1,0,0,0,0
ENSMUSG00000044985,Olfr124,0,0,0,0,0,0,0,0,0,0,1,0
ENSMUSG00000050613,Olfr125,0,0,0,0,0,0,0,0,0,0,0,0
ENSMUSG00000092269,Gm9577,2,0,0,0,1,1,0,1,0,0,0,2
ENSMUSG00000109212,Olfr126,1,0,0,0,0,2,0,0,0,0,0,0
ENSMUSG00000092458,Gm18737,0,1,0,0,1,0,0,0,1,0,0,0
ENSMUSG00000092468,Gm18520,0,0,0,0,0,0,0,0,0,0,0,0
ENSMUSG00000116953,9030025P20Rik,7,4,10,12,7,5,8,6,2,9,11,7
ENSMUSG00000001576,Ergic1,3128,3300,2815,2840,3625,1776,2674,2996,3194,2766,3150,3064
ENSMUSG00000058114,Olfr127,0,0,0,0,0,0,0,0,0,0,0,0
ENSMUSG00002076154,#N/A,0,0,0,0,0,0,0,0,0,0,0,0
ENSMUSG00000059030,Olfr128,0,0,0,0,0,0,0,0,0,0,0,0
ENSMUSG00000079710,Gm3448,0,0,0,0,0,0,0,0,0,0,0,0
ENSMUSG00000091078,Gm17218,0,0,0,0,0,0,0,0,0,0,0,0
ENSMUSG00000092295,Gm20543,0,0,0,0,0,0,0,0,0,0,0,0
ENSMUSG00000092513,Gm20542,0,0,0,0,0,0,0,0,0,0,0,0
ENSMUSG00000092186,Gm5967,0,0,0,0,0,0,0,1,0,0,0,0
ENSMUSG00000109376,Olfr761,0,0,0,0,0,0,0,0,0,0,0,0
ENSMUSG00000092213,Gm18522,0,0,0,0,0,0,0,0,0,0,0,0
ENSMUSG00000092390,Gm20541,0,0,0,0,1,0,0,0,0,0,2,0
ENSMUSG00000081724,Olfr129,0,0,0,0,0,2,0,0,1,0,0,0
ENSMUSG00000116895,Gm3435,3,2,2,1,7,0,6,1,3,5,6,2
ENSMUSG00000094878,Olfr130,0,0,0,0,0,1,0,0,0,0,0,0
ENSMUSG00000092461,Gm18833,0,0,0,0,0,0,0,0,0,0,0,0
ENSMUSG00000015575,Atp6v0e,1077,1495,1037,1151,1015,645,1228,1213,1184,989,1081,863
ENSMUSG00000079707,Tcte3,0,0,0,0,0,0,0,0,0,0,0,0
ENSMUSG00000043312,Olfr131,0,0,0,0,0,0,0,0,0,0,0,0
ENSMUSG00000067186,Olfr132,0,0,0,0,0,0,0,0,0,0,0,0
ENSMUSG00000063240,Olfr133,0,0,0,0,0,0,0,0,0,0,0,0
ENSMUSG00000096009,Olfr134,0,0,0,0,0,0,0,0,0,0,0,0
ENSMUSG00000057801,Olfr135,0,0,0,0,0,1,1,0,0,0,0,0
ENSMUSG00000048249,Crebrf,76,71,90,92,82,77,64,81,76,94,99,100
ENSMUSG00000057443,Olfr138,0,0,0,0,0,0,0,0,0,0,0,0
ENSMUSG00000054940,Olfr137,0,0,0,0,0,4,0,0,0,0,0,0
ENSMUSG00000092615,Olfr762-ps1,0,0,0,0,0,0,0,0,0,0,0,0
ENSMUSG00000096840,Olfr136,0,0,0,0,0,2,0,0,0,0,0,0
ENSMUSG00000117177,Gm49810,0,0,0,0,0,0,0,0,0,0,0,0
ENSMUSG00000117135,Gm49811,0,0,0,0,0,0,0,0,0,0,0,0
ENSMUSG00000024191,Bnip1,448,572,424,475,438,189,449,432,545,448,406,410
ENSMUSG00000036552,Ermard,94,108,78,86,96,79,93,73,115,97,111,127
ENSMUSG00000092322,Esp36,0,0,0,0,0,0,0,0,0,0,0,0
ENSMUSG00000092566,Gm20409,0,0,0,0,0,0,0,0,0,0,0,0
ENSMUSG00000092316,Gm6726,0,0,0,0,0,0,0,0,0,0,0,0
ENSMUSG00000117127,Gm49812,0,0,0,0,0,0,0,0,0,0,0,0
ENSMUSG00000015579,Nkx2-5,0,0,0,0,0,0,0,0,0,0,0,0
ENSMUSG00000116655,Gm35455,0,1,0,2,0,0,1,0,0,0,0,1
ENSMUSG00000097624,Gm5091,0,0,0,0,0,1,0,0,0,0,0,0
ENSMUSG00000078838,Gm17382,1,2,0,3,4,1,1,0,1,0,2,2
ENSMUSG00000092244,Esp34,0,0,0,0,0,0,0,0,0,0,0,0
ENSMUSG00000116851,Gm35576,0,0,0,0,0,0,0,0,0,0,1,2
ENSMUSG00000117214,Gm49813,0,0,0,0,0,0,0,0,0,0,0,0
ENSMUSG00000116647,Gm7423,0,0,0,0,0,0,1,0,0,1,0,0
ENSMUSG00000092539,Gm20468,24,11,13,9,16,11,7,6,13,14,15,17
ENSMUSG00000117213,Gm49814,0,0,0,0,0,0,0,0,0,0,0,0
ENSMUSG00000117903,Gm29819,3,0,0,0,6,3,1,3,3,0,1,2
ENSMUSG00000092342,Esp31,0,0,0,0,0,0,0,0,0,0,0,0
ENSMUSG00000118147,Gm41555,0,0,0,0,0,0,0,0,0,0,0,0
ENSMUSG00000117273,Gm49815,0,0,0,0,0,0,0,0,0,0,0,0
ENSMUSG00000117331,Gm49816,0,0,0,0,0,0,0,0,0,0,0,0
ENSMUSG00000117260,Gm49818,0,0,0,0,0,0,0,0,0,0,0,0
ENSMUSG00000117067,Gm49819,0,0,0,0,0,0,0,0,0,0,0,0
ENSMUSG00000117151,Gm49820,0,0,0,0,0,0,0,0,0,0,0,0
ENSMUSG00000117293,Gm49821,0,0,0,0,0,0,0,0,0,0,0,0
ENSMUSG00000117043,Gm49822,0,0,0,0,0,0,0,0,0,0,0,0
ENSMUSG00000117196,Gm49823,0,0,0,0,0,0,0,0,0,0,0,0
ENSMUSG00000117330,Gm49824,0,0,0,0,0,0,0,0,0,0,0,0
ENSMUSG00000117005,Gm49825,0,0,0,0,0,0,0,0,0,0,0,0
ENSMUSG00000014773,Dll1,28,50,72,66,73,36,56,77,60,56,14,16
ENSMUSG00000117021,Gm49826,0,0,0,0,0,0,0,0,0,0,0,0
ENSMUSG00000095625,Esp24,0,0,0,0,0,0,0,0,0,0,0,0
ENSMUSG00000024301,Kifc5b,118,136,147,156,202,60,208,185,111,92,162,158
ENSMUSG00000094168,Gm21903,0,0,0,0,0,0,0,0,0,0,0,0
ENSMUSG00000119141,#N/A,0,0,0,0,0,0,0,0,0,0,0,0
ENSMUSG00000096697,Esp23,0,0,0,0,0,0,0,0,0,0,0,0
ENSMUSG00000117311,Esp22,0,0,0,0,0,0,0,0,0,0,0,0
ENSMUSG00000117207,Gm18784,0,0,0,0,1,1,0,0,0,0,0,0
ENSMUSG00000117240,Gm49827,0,0,0,0,0,0,0,0,0,0,0,0
ENSMUSG00000117277,Gm49828,0,0,0,0,0,0,0,0,0,0,0,0
ENSMUSG00000117236,Gm49829,0,0,0,0,0,0,0,0,0,0,0,0
ENSMUSG00000117267,Gm49830,0,0,0,0,0,0,0,0,0,0,0,0
ENSMUSG00000014763,Fam120b,978,1078,872,962,897,758,762,899,933,904,844,698
ENSMUSG00000094024,Esp18,0,0,0,0,0,0,0,0,0,0,0,0
ENSMUSG00000117024,Gm49831,0,0,0,0,0,0,0,0,0,0,0,0
ENSMUSG00002076002,#N/A,0,0,0,0,0,0,0,0,0,0,0,0
ENSMUSG00000116718,Gm49668,0,0,0,0,1,0,2,0,0,2,2,0
ENSMUSG00000116985,Gm49669,0,0,0,0,0,1,0,0,0,0,0,0
ENSMUSG00000096345,Esp16,0,0,0,0,0,0,0,0,0,0,0,0
ENSMUSG00000117165,Gm49832,0,0,0,0,0,0,0,0,0,0,0,0
ENSMUSG00000095104,Esp15,0,0,0,0,0,0,0,0,0,0,0,0
ENSMUSG00000117319,Gm49833,0,0,0,0,0,4,0,0,0,0,0,0
ENSMUSG00000119584,#N/A,442520,244784,550963,370770,170961,171004,681534,611098,442728,458554,112624,160444
ENSMUSG00000118642,#N/A,25,8,24,30,20,29,63,28,35,38,9,13
ENSMUSG00000117201,Gm49834,0,0,0,0,0,0,0,0,0,0,0,0
ENSMUSG00000014769,Psmb1,3075,3553,2768,2905,3224,1998,3195,3122,3352,3030,2832,2698
ENSMUSG00000095886,Esp38,0,0,0,0,0,0,0,0,0,0,0,0
ENSMUSG00002075063,#N/A,0,0,0,0,0,0,0,0,0,0,0,0
ENSMUSG00000117136,Gm49835,0,0,0,0,0,0,0,0,0,1,0,0
ENSMUSG00000045842,Tgif2-ps2,0,0,0,0,0,0,1,0,3,0,0,1
ENSMUSG00000117125,Gm49836,0,0,0,0,0,0,0,0,0,0,0,0
ENSMUSG00000117307,Gm49837,0,0,0,0,0,0,0,0,1,0,0,0
ENSMUSG00000031233,Pgk2,0,1,0,0,0,0,0,0,0,0,0,0
ENSMUSG00000001870,Ltbp1,13,8,10,12,14,12,8,7,9,7,4,2
ENSMUSG00000025433,Crisp3,0,0,0,0,0,0,0,0,0,0,0,0
ENSMUSG00000084025,Gm6276,0,1,0,1,1,2,0,0,1,0,0,0
ENSMUSG00000024193,Phf1,118,106,99,98,104,50,112,127,78,89,100,109
ENSMUSG00000025431,Crisp1,0,0,0,0,0,0,2,0,0,0,0,0
ENSMUSG00000117162,Gm49840,0,0,0,0,0,0,0,0,0,0,0,0
ENSMUSG00000117095,Gm49841,0,0,0,0,0,0,0,0,0,0,0,0
ENSMUSG00000117073,Gm49843,0,0,0,0,0,0,0,0,0,0,0,0
ENSMUSG00000117215,Gm45926,0,0,0,0,0,0,0,0,0,0,0,0
ENSMUSG00000117302,Gm34266,0,0,0,0,0,0,0,0,0,0,0,0
ENSMUSG00000117017,Gm49844,0,0,0,0,0,0,0,0,0,0,0,0
ENSMUSG00000117020,Gm49845,0,0,0,0,0,0,0,0,0,0,0,0
ENSMUSG00000117057,Gm49846,0,0,0,0,0,0,0,0,0,0,0,0
ENSMUSG00000090747,Esp8,0,0,0,0,0,0,0,0,0,0,0,0
ENSMUSG00000117265,Gm49847,0,0,0,0,0,0,0,0,0,0,0,0
ENSMUSG00000117230,Gm29748,0,0,0,0,0,0,0,0,0,0,0,0
ENSMUSG00000117142,Gm46573,0,0,0,0,0,0,0,0,0,0,0,0
ENSMUSG00000092043,Esp6,0,0,0,0,0,0,0,0,0,0,0,0
ENSMUSG00000090897,Gm44501,0,0,0,0,0,0,0,0,0,0,0,0
ENSMUSG00000117190,Esp5,0,0,0,0,0,0,0,0,0,0,0,0
ENSMUSG00000095540,Esp4,0,0,0,0,0,0,0,0,0,0,0,0
ENSMUSG00000093957,Esp3,0,0,0,0,0,0,0,0,0,0,0,0
ENSMUSG00000117279,Gm49850,0,0,0,0,0,0,0,0,0,0,0,0
ENSMUSG00000073396,Esp1,0,0,0,0,0,0,0,0,0,0,0,0
ENSMUSG00000071042,Rasgrp3,0,2,0,0,0,0,0,0,1,0,0,0
ENSMUSG00000024194,Cuta,249,304,253,250,317,92,334,311,278,253,339,245
ENSMUSG00000098510,Mir6968,0,0,0,0,0,0,0,1,0,0,0,0
ENSMUSG00000014767,Tbp,1065,1079,918,1003,1003,1078,900,1090,1053,1037,1034,934
ENSMUSG00000002017,Fam98a,1747,1839,1467,1497,1555,1162,1201,1492,1701,1573,1679,1524
ENSMUSG00000014771,Pdcd2,913,1001,782,859,879,604,799,795,951,892,851,814
ENSMUSG00000116949,Gm7177,1,1,0,1,2,2,0,1,0,0,0,0
ENSMUSG00000117540,Gm9360,0,0,0,0,0,0,0,0,0,0,0,0
ENSMUSG00000117587,Gm50099,0,0,0,0,0,0,0,0,0,0,0,0
ENSMUSG00000117539,Gm4710,0,0,0,0,0,3,0,0,0,0,0,0
ENSMUSG00000077299,Gm24126,0,0,0,0,0,0,0,0,0,0,0,0
ENSMUSG00000065293,Gm26124,0,0,0,0,0,0,0,0,0,0,0,0
ENSMUSG00000066958,Gm16391,0,0,0,0,0,0,0,0,0,0,0,0
ENSMUSG00000117598,Gm50028,0,0,0,0,0,0,0,0,0,0,0,0
ENSMUSG00000117498,Gm18366,0,0,0,0,0,0,0,0,0,0,0,0
ENSMUSG00000117388,Gm6496,0,0,0,0,0,0,0,0,0,0,0,0
ENSMUSG00000117578,Rpsa-ps8,3,5,2,5,8,0,4,1,3,8,4,3
ENSMUSG00000091058,Gm17538,0,0,1,1,0,0,1,1,0,1,4,0
ENSMUSG00000117553,Gm4711,0,0,0,0,0,0,0,0,0,0,0,0
ENSMUSG00000117352,Gm50029,0,0,0,0,0,0,0,0,0,0,0,0
ENSMUSG00000117493,Gm50030,0,0,0,0,0,0,0,0,0,0,0,0
ENSMUSG00000037064,Gm5229,0,0,0,0,0,0,0,0,0,0,0,0
ENSMUSG00000117612,Gm50031,0,0,0,0,0,0,0,0,0,0,0,0
ENSMUSG00000117648,Gm32282,2,1,1,2,1,0,5,1,1,1,0,3
ENSMUSG00000023930,Crisp2,0,0,0,0,0,3,0,1,0,0,0,0
ENSMUSG00000051977,Prdm9,28,31,23,17,29,33,18,30,24,21,42,33
ENSMUSG00000116950,Gm18564,0,0,0,0,0,0,0,0,0,0,0,0
ENSMUSG00000095920,Gm6686,0,0,0,0,0,0,0,0,0,0,0,0
ENSMUSG00000116940,Gm7450,1,0,2,0,0,0,0,0,0,3,0,2
ENSMUSG00000116550,Gm3507,0,0,0,0,0,0,0,0,1,0,0,0
ENSMUSG00000116924,4933401D09Rik,0,0,0,0,0,0,0,0,0,0,0,0
ENSMUSG00000024074,Crim1,2519,2667,2188,2263,1780,1253,1696,2338,1977,2052,1914,1861
ENSMUSG00002075030,#N/A,0,0,0,0,0,0,0,0,0,0,0,0
ENSMUSG00000023921,Mmut,171,186,162,124,178,121,104,144,161,136,224,193
ENSMUSG00000117119,Gm49854,0,0,0,0,0,0,0,0,0,0,0,0
ENSMUSG00000117272,Gm49855,0,0,0,0,0,0,0,0,0,0,0,0
ENSMUSG00000117210,Gm49857,0,0,0,0,0,0,0,0,0,0,0,0
ENSMUSG00000117062,Ldha-ps3,0,0,0,0,1,0,0,0,0,0,0,0
ENSMUSG00000098030,Gm6771,7,1,2,2,3,0,2,2,6,3,0,0
ENSMUSG00000117001,Gm49858,0,0,0,0,0,0,0,0,0,0,0,0
ENSMUSG00000042256,Ptchd4,0,0,0,0,0,1,0,0,1,0,0,0
ENSMUSG00000043972,Opn5,0,0,0,0,0,0,0,0,0,0,0,0
ENSMUSG00000023852,Chd1,5752,5671,4804,4771,4883,5133,3322,5184,5161,5064,5630,4924
ENSMUSG00000056121,Fez2,110,111,98,88,77,55,117,110,109,105,93,70
ENSMUSG00000048027,Rgmb,6,10,5,12,9,5,7,7,12,9,7,9
ENSMUSG00000117525,Gm50034,0,0,0,0,0,0,0,0,0,0,0,0
ENSMUSG00000116934,Gm3292,0,1,0,0,0,0,0,0,0,0,0,0
ENSMUSG00000117180,Gm19399,1,1,0,0,0,0,0,1,0,0,0,0
ENSMUSG00000119921,#N/A,0,0,0,0,0,0,0,0,0,0,0,0
ENSMUSG00000061062,Gm10093,6,1,5,3,4,0,4,2,11,3,5,7
ENSMUSG00000116545,Eif3s6-ps3,0,1,0,0,1,0,0,0,1,0,2,1
ENSMUSG00000116899,Gm49777,0,0,0,0,0,0,0,0,0,0,0,0
ENSMUSG00000116839,Gm49778,0,0,0,0,0,0,0,0,0,0,0,0
ENSMUSG00000116614,Gm46610,0,0,0,0,0,1,0,0,0,0,0,0
ENSMUSG00000023918,Adgrf4,0,0,0,0,0,1,0,0,0,0,0,0
ENSMUSG00000116757,Gm4786,13,11,13,11,9,5,15,25,3,8,22,9
ENSMUSG00000116864,Gm3320,4,2,1,2,6,4,2,8,1,1,1,0
ENSMUSG00000116944,Gm7477,0,0,0,0,0,0,0,0,0,0,0,0
ENSMUSG00000116804,Gm5223,0,0,0,0,0,0,0,0,0,0,0,0
ENSMUSG00000116958,Gm6705,0,0,0,0,0,0,0,0,0,0,0,0
ENSMUSG00000116623,Gm49775,0,0,0,0,0,0,0,0,0,0,0,0
ENSMUSG00000116621,Gm7483,0,0,0,0,0,0,0,0,0,0,0,0
ENSMUSG00000060149,BC002059,293,358,232,266,278,412,228,319,268,260,321,283
ENSMUSG00000057899,Adgrf2,0,0,1,0,0,2,0,0,0,0,0,0
ENSMUSG00000096696,Zfp960,0,1,0,0,0,0,0,1,0,0,1,1
ENSMUSG00000117163,Gm5978,1,3,4,4,4,0,4,0,1,1,2,1
ENSMUSG00000095990,Zfp97,23,26,11,14,26,38,22,27,24,22,30,43
ENSMUSG00000116802,Gm5165,144,173,128,155,169,227,110,185,154,190,220,187
ENSMUSG00000072761,Gm6712,55,66,39,44,32,37,28,45,46,56,49,41
ENSMUSG00000116590,AC154200.1,0,0,0,2,4,7,2,1,0,1,2,1
ENSMUSG00000043801,Oaz1-ps,30,25,10,18,33,6,24,9,26,23,10,23
ENSMUSG00000024076,Vit,0,0,0,0,1,6,1,3,1,0,0,1
ENSMUSG00000116564,Riok2,1728,1924,1471,1643,1356,1103,1352,1590,1706,1645,1490,1480
ENSMUSG00002076640,#N/A,0,0,0,0,0,0,0,0,0,0,0,0
ENSMUSG00000097379,Gm26873,0,0,0,0,0,2,2,0,1,1,1,1
ENSMUSG00000047786,Lix1,0,0,0,0,0,0,0,0,0,0,1,0
ENSMUSG00000116532,Gm5232,1,1,0,0,0,0,0,0,0,0,0,0
ENSMUSG00000061665,Cd2ap,1470,1489,1277,1265,1281,1737,936,1431,1307,1526,1537,1354
ENSMUSG00000023915,Tnfrsf21,754,875,616,615,518,298,565,666,710,634,655,540
ENSMUSG00000117011,E130008D07Rik,0,0,0,0,0,0,0,0,0,0,0,0
ENSMUSG00000024077,Strn,1206,1302,1060,876,1107,796,779,1055,1170,1202,1082,1050
ENSMUSG00000117285,Gm49863,0,0,0,0,0,0,0,0,0,0,0,0
ENSMUSG00000117192,Gm18649,0,0,1,0,0,0,0,1,0,0,0,0
ENSMUSG00000023845,Lnpep,3333,3078,3039,2773,2345,1841,1801,2951,2725,2684,2680,2544
ENSMUSG00000116796,Gm49784,0,0,0,0,1,2,0,1,0,0,0,0
ENSMUSG00000116818,Gm7513,0,0,0,0,0,0,1,0,1,0,0,0
ENSMUSG00000116892,Gm49787,0,0,0,0,0,1,0,0,0,0,0,0
ENSMUSG00000041293,Adgrf1,0,0,0,0,0,2,0,0,0,0,0,0
ENSMUSG00000067629,Syngap1,46,42,40,27,35,25,32,45,42,43,62,50
ENSMUSG00000092120,Vmn2r90,0,0,0,0,0,3,0,0,0,0,0,0
ENSMUSG00002076262,#N/A,0,0,0,0,0,0,0,0,0,0,0,0
ENSMUSG00000093118,Mir3083,0,0,0,0,0,0,0,0,0,0,0,0
ENSMUSG00000079605,Zbtb9,0,0,1,1,0,2,1,1,0,0,2,0
ENSMUSG00000117819,Gm50253,0,3,0,0,1,2,0,2,1,0,0,1
ENSMUSG00000118007,Gm50254,0,0,0,0,2,0,0,0,1,1,0,1
ENSMUSG00000080316,Spaca6,15,14,4,13,14,14,8,4,8,15,18,14
ENSMUSG00000065396,Mir99b,0,0,0,0,0,0,0,0,0,0,0,0
ENSMUSG00000056492,Adgrf5,0,0,0,0,0,3,0,0,1,0,0,0
ENSMUSG00002075603,#N/A,0,0,0,0,0,0,0,0,0,0,0,0
ENSMUSG00000048731,Ggnbp1,5,1,2,3,6,4,3,3,6,4,8,11
ENSMUSG00000105758,Mirlet7e,0,0,0,0,0,0,0,0,0,0,0,0
ENSMUSG00000065479,Mir125a,0,0,0,0,0,0,0,0,0,0,0,0
ENSMUSG00000064582,Gm25135,0,0,0,0,0,0,0,0,0,0,0,0
ENSMUSG00000003665,Has1,0,0,0,0,1,0,0,0,0,0,0,0
ENSMUSG00000039414,Heatr5b,539,542,385,387,459,246,333,389,428,433,478,485
ENSMUSG00000045551,Fpr1,0,0,0,0,0,0,0,0,0,0,0,0
ENSMUSG00000052270,Fpr2,0,1,0,0,0,0,0,0,0,0,0,0
ENSMUSG00000079700,Fpr3,0,0,0,0,0,0,0,0,0,0,0,0
ENSMUSG00000116634,Gm7531,0,0,0,0,0,0,0,0,0,0,0,0
ENSMUSG00000090957,Gm7535,1,1,1,3,4,0,1,1,1,2,1,1
ENSMUSG00000116963,Gm5966,0,0,0,0,0,0,0,0,0,0,0,0
ENSMUSG00000116661,Gm5966,0,0,0,0,0,0,0,0,0,0,0,0
ENSMUSG00000116932,Fpr-rs5,0,0,0,0,0,0,0,0,0,0,0,0
ENSMUSG00000048062,Fpr-rs4,0,0,0,0,0,0,0,0,0,0,0,0
ENSMUSG00000050668,Gpatch11,340,399,295,257,281,377,277,293,364,308,419,338
ENSMUSG00000091549,Gm6548,89,101,83,82,89,47,88,101,78,64,73,99
ENSMUSG00000094396,Vmn2r124,1,0,0,0,0,2,0,0,0,0,0,0
ENSMUSG00000057789,Bak1,3181,3338,2138,2417,2063,1351,2575,3052,2942,2665,2461,2157
ENSMUSG00000117799,Gm50295,0,0,0,0,0,0,0,0,0,0,0,0
ENSMUSG00000091206,Vmn2r91,0,0,0,0,0,0,0,0,0,0,0,0
ENSMUSG00000091350,Vmn2r92,0,0,0,0,0,0,0,0,0,0,0,0
ENSMUSG00000023914,Mep1a,0,0,0,0,1,1,0,0,0,0,0,0
ENSMUSG00000090417,Vmn2r94,0,0,1,0,0,0,0,0,0,0,0,0
ENSMUSG00000096140,Ankrd66,0,0,0,0,0,0,0,0,0,0,0,0
ENSMUSG00000024079,Eif2ak2,352,386,335,347,267,260,306,528,353,328,359,336
ENSMUSG00000065387,n-R5s85,0,0,0,0,0,0,0,1,0,0,0,0
ENSMUSG00000079698,Vmn2r93,0,0,1,0,0,1,0,0,0,0,0,0
ENSMUSG00000091631,Vmn2r95,0,1,1,1,1,2,2,1,0,1,0,0
ENSMUSG00000117305,Gm49963,0,0,0,0,0,0,0,0,0,0,0,0
ENSMUSG00000038045,Sult6b1,0,0,0,0,0,0,0,0,0,0,0,0
ENSMUSG00000093775,Vmn2r-ps114,0,0,0,0,0,0,0,0,0,0,0,0
ENSMUSG00000091679,Vmn2r96,3,6,2,4,5,3,2,3,4,6,15,7
ENSMUSG00000116837,Vmn2r-ps115,0,0,0,0,0,0,0,0,0,0,0,0
ENSMUSG00000093602,Vmn2r-ps116,0,0,0,0,0,0,0,0,0,0,0,0
ENSMUSG00000093531,Vmn2r-ps117,0,0,0,0,1,0,0,0,0,0,0,0
ENSMUSG00000062691,Cebpzos,103,98,89,83,85,71,107,81,123,85,105,94
ENSMUSG00000042644,Itpr3,709,737,560,499,455,225,466,653,541,487,648,594
ENSMUSG00000091491,Vmn2r97,1,1,0,0,0,3,1,0,0,1,0,0
ENSMUSG00000093607,Vmn2r-ps118,0,0,0,0,0,0,0,0,0,0,0,0
ENSMUSG00000098826,Mir7677,0,0,0,0,0,0,0,0,0,0,0,0
ENSMUSG00000086898,Itpr3os,0,0,0,0,0,0,0,0,0,0,0,0
ENSMUSG00000096717,Vmn2r98,0,0,0,0,0,0,0,0,0,0,0,0
ENSMUSG00000023913,Pla2g7,0,0,0,0,0,0,0,0,1,0,3,0
ENSMUSG00000093533,Vmn2r-ps119,0,0,0,0,0,0,0,0,0,0,0,0
ENSMUSG00000116587,Gm49753,0,0,0,0,0,0,0,0,0,0,0,0
ENSMUSG00000116670,Gm49752,0,0,0,0,0,0,0,0,0,0,0,0
ENSMUSG00000090307,1700071M16Rik,0,0,0,0,0,0,0,0,0,0,0,0
ENSMUSG00000093776,Vmn2r-ps120,0,0,0,0,0,0,0,0,0,0,0,0
ENSMUSG00000024208,Uqcc2,593,745,604,655,847,338,694,596,759,567,760,663
ENSMUSG00000118010,Gm50316,0,0,0,0,0,0,0,0,0,0,0,0
ENSMUSG00000024081,Cebpz,5321,5838,4269,4473,4209,3640,3861,4443,5049,4892,4529,4140
ENSMUSG00000024210,Ip6k3,0,0,0,0,0,4,0,0,0,0,0,0
ENSMUSG00000090304,Vmn2r99,0,0,0,0,0,0,0,0,0,0,0,0
ENSMUSG00000116984,4930549P19Rik,2,2,0,1,3,1,1,1,0,1,1,2
ENSMUSG00000093627,Vmn2r-ps121,0,0,0,0,0,0,0,0,0,0,0,0
ENSMUSG00000040140,Tdrd6,3,8,1,8,5,1,4,4,3,1,1,3
ENSMUSG00000091859,Vmn2r100,0,1,0,2,0,3,0,1,0,0,0,1
ENSMUSG00000044857,Lemd2,1069,1157,832,888,936,295,775,919,1045,945,891,948
ENSMUSG00000094892,Vmn2r101,0,0,0,0,0,1,0,0,0,0,0,0
ENSMUSG00000097090,Gm26724,0,0,0,0,0,0,0,0,0,0,0,1
ENSMUSG00000118503,AC141882.1,0,0,0,0,0,0,0,0,0,0,0,0
ENSMUSG00000023912,Slc25a27,6,6,15,12,18,6,11,19,15,10,9,17
ENSMUSG00000095961,Vmn2r102,0,1,0,22,0,2,1,1,0,0,0,0
ENSMUSG00000093592,Vmn2r-ps122,0,0,0,0,0,0,0,0,0,0,0,0
ENSMUSG00000117916,9630028I04Rik,0,0,0,0,0,0,0,0,0,0,0,0
ENSMUSG00000117794,Gm50328,0,0,0,0,0,0,0,0,0,0,0,0
ENSMUSG00000116751,Gm49793,0,0,0,0,0,2,0,0,0,0,0,0
ENSMUSG00000105142,Mir7214,0,0,0,0,0,0,0,0,0,0,0,0
ENSMUSG00000091771,Vmn2r103,0,0,0,0,0,0,0,0,0,0,0,0
ENSMUSG00000093426,Vmn2r-ps123,0,0,0,0,0,0,0,0,0,0,0,0
ENSMUSG00000093642,Vmn2r-ps124,0,0,0,0,0,0,0,0,0,0,0,0
ENSMUSG00000093711,Vmn2r-ps125,0,0,0,0,0,0,0,0,0,0,0,0
ENSMUSG00000024082,Ndufaf7,382,438,356,368,472,224,366,343,433,349,481,411
ENSMUSG00000090315,Vmn2r104,0,0,0,0,0,0,0,0,0,0,0,0
ENSMUSG00000073430,Gm10505,20,21,26,29,18,13,19,22,19,16,19,20
ENSMUSG00000117099,Gm3547,0,0,0,0,0,0,0,0,0,0,0,0
ENSMUSG00000093401,Vmn2r-ps126,0,0,0,0,0,0,0,0,0,0,0,0
ENSMUSG00000099237,Mir7216,0,0,0,0,0,0,0,0,0,0,0,0
ENSMUSG00000116692,Gm49795,0,0,0,0,0,0,0,0,0,0,0,0
ENSMUSG00000071276,Fpr-rs7,0,0,0,0,0,0,0,0,0,0,0,0
ENSMUSG00000116879,Gm49794,10,15,12,14,13,6,16,15,12,18,6,15
ENSMUSG00000117169,Vmn1r-ps139,0,0,0,0,0,0,0,0,0,0,0,0
ENSMUSG00000106578,Mir7217,0,0,0,0,0,0,0,0,0,0,0,0
ENSMUSG00000106215,Mir7218,0,0,0,0,0,0,0,0,0,0,0,0
ENSMUSG00000071275,Fpr-rs6,0,0,0,0,0,0,0,0,0,0,0,0
ENSMUSG00000117068,Vmn1r-ps140,0,0,0,0,0,1,0,0,0,0,0,0
ENSMUSG00000116970,Gm49796,0,0,0,0,0,0,0,0,0,0,0,0
ENSMUSG00000023963,Cyp39a1,7,3,8,3,9,11,10,4,5,3,5,5
ENSMUSG00000084474,Gm25783,0,0,0,0,0,1,0,0,0,0,0,0
ENSMUSG00000091670,Vmn2r105,0,0,0,0,0,1,0,0,0,0,0,0
ENSMUSG00000091656,Vmn2r106,0,0,0,0,0,2,0,0,0,0,0,0
ENSMUSG00000093469,Vmn2r-ps127,0,0,0,0,0,0,0,0,0,0,0,0
ENSMUSG00000056910,Vmn2r107,0,0,0,0,0,0,0,0,0,0,0,0
ENSMUSG00000117018,Gm7217,0,0,0,0,0,0,0,0,0,0,0,0
ENSMUSG00000093729,Vmn1r-ps141,0,0,0,0,0,0,0,0,0,0,0,0
ENSMUSG00000039601,Rcan2,0,0,0,0,0,1,0,0,0,0,0,0
ENSMUSG00002075909,#N/A,0,0,0,0,0,0,0,0,0,0,0,0
ENSMUSG00000091151,Vmn1r224,0,0,0,0,0,0,0,0,0,0,0,0
ENSMUSG00000093705,Vmn1r-ps142,0,0,0,0,0,0,0,0,0,0,0,0
ENSMUSG00000093454,Vmn1r-ps143,0,0,0,0,0,0,0,0,0,0,0,0
ENSMUSG00000063239,Grm4,0,0,0,2,0,7,0,0,0,0,0,0
ENSMUSG00000116682,Gm49789,0,0,0,0,0,0,0,0,0,0,0,0
ENSMUSG00000116568,Gm49790,0,0,0,0,0,0,0,0,0,0,0,0
ENSMUSG00000082177,Gm16005,0,0,0,0,0,0,0,0,0,0,1,0
ENSMUSG00000082741,Gm9703,0,0,0,0,2,0,0,0,0,1,0,0
ENSMUSG00000023960,Enpp5,3,0,2,0,0,2,1,4,2,2,3,3
ENSMUSG00000116657,Gm49774,43,39,59,63,61,19,42,47,43,40,39,33
ENSMUSG00000116548,Gm49773,0,0,0,0,0,0,0,0,0,0,0,0
ENSMUSG00000091805,Vmn2r108,0,0,0,0,0,3,0,0,0,0,0,0
ENSMUSG00000043537,Vmn1r225,0,0,0,0,0,0,0,0,0,0,0,0
ENSMUSG00000023961,Enpp4,132,140,111,105,106,77,75,92,109,85,153,135
ENSMUSG00000090572,Vmn2r109,0,0,0,0,0,0,0,0,0,0,0,0
ENSMUSG00000091259,Vmn2r110,0,0,0,0,0,0,0,0,0,0,0,0
ENSMUSG00000071273,Gm5145,0,0,0,0,0,0,0,0,0,1,0,0
ENSMUSG00000060701,Fpr-rs3,0,0,0,0,0,0,0,0,0,0,0,0
ENSMUSG00000023959,Clic5,65,46,36,24,6,7,24,17,21,22,11,18
ENSMUSG00000117295,Gm5492,4,9,6,8,2,2,6,11,5,6,7,7
ENSMUSG00000117106,Gm49872,0,0,0,0,0,0,0,0,0,0,0,0
ENSMUSG00000042848,Vmn1r226,0,0,0,0,0,0,0,0,0,0,0,0
ENSMUSG00000067951,Vmn1r227,0,0,0,0,0,0,0,0,0,0,0,0
ENSMUSG00000024070,Prkd3,1397,1462,1102,1112,1062,802,748,967,1192,1159,1134,1098
ENSMUSG00000098114,Gm26957,0,0,0,0,0,0,0,0,0,0,0,0
ENSMUSG00000060245,Vmn1r228,0,0,0,0,0,0,0,0,0,0,0,0
ENSMUSG00000117148,Vmn1r229,0,0,1,0,0,3,0,0,0,0,0,0
ENSMUSG00000045417,Vmn1r230,0,0,0,0,0,0,0,0,0,0,0,0
ENSMUSG00000050933,Vmn1r231,0,0,0,0,0,0,0,0,0,0,0,0
ENSMUSG00000116974,Gm49761,0,0,0,1,0,0,0,0,0,0,0,0
ENSMUSG00000062165,Vmn1r232,0,0,0,0,0,0,0,0,0,0,0,0
ENSMUSG00000067949,Vmn1r-ps144,0,0,0,0,0,3,0,0,0,0,1,0
ENSMUSG00000024084,Qpct,3,2,6,4,1,2,2,4,4,10,2,0
ENSMUSG00000117054,Gm49869,0,0,1,2,0,0,2,0,0,0,3,0
ENSMUSG00000117047,Gm5230,11,3,0,6,3,1,4,8,14,13,3,13
ENSMUSG00000036533,Cdc42ep3,324,402,264,245,132,81,218,217,251,247,158,134
ENSMUSG00000118651,#N/A,0,1,0,0,1,0,1,2,0,0,0,0
ENSMUSG00000007564,Ppp2r1a,4071,4609,3223,3406,3136,1164,3404,3707,3713,3448,3129,2832
ENSMUSG00000093429,Vmn1r-ps145,0,0,0,0,0,0,0,0,0,0,0,0
ENSMUSG00000045575,Vmn1r233,0,0,0,0,0,1,0,0,0,0,0,0
ENSMUSG00000036368,Rmdn2,154,152,120,118,120,102,104,119,112,124,119,108
ENSMUSG00000024087,Cyp1b1,7,10,13,14,5,3,7,5,7,2,0,0
ENSMUSG00000117426,Gm33055,0,0,0,0,0,0,0,0,0,0,0,0
ENSMUSG00000117616,Gm49984,0,0,0,0,0,1,0,0,0,0,0,0
ENSMUSG00000103091,Gm37555,0,0,0,0,0,0,0,0,0,0,0,0
ENSMUSG00000117394,1700106O07Rik,0,0,0,0,0,0,0,0,0,0,0,0
ENSMUSG00000117561,Gm49985,0,0,0,0,0,0,0,0,0,0,0,0
ENSMUSG00000067942,Zfp160,550,536,443,441,494,463,361,475,427,508,628,572
ENSMUSG00000101511,Gm5681,0,0,0,0,0,0,0,0,0,0,0,0
ENSMUSG00000093453,Vmn1r-ps146,0,0,0,0,0,0,0,0,0,0,0,0
ENSMUSG00000102080,Gm5092,0,0,0,0,0,0,0,0,0,0,0,0
ENSMUSG00000091550,Gm6811,0,0,0,0,0,1,0,0,0,0,1,0
ENSMUSG00000096857,Gm7732,0,0,0,0,0,0,0,0,0,0,0,0
ENSMUSG00000094582,Gm7736,0,0,0,0,0,0,0,0,0,0,0,0
ENSMUSG00000100191,Gm7740,0,0,0,0,0,0,0,0,0,0,0,0
ENSMUSG00000095963,Gm7742,0,0,0,0,0,0,0,0,0,0,0,0
ENSMUSG00000093788,Vmn1r-ps147,0,0,0,0,0,0,0,0,0,0,0,0
ENSMUSG00000059811,Atl2,1324,1423,1176,1215,1468,916,1180,1266,1292,1199,1307,1218
ENSMUSG00000057203,Vmn1r234,0,0,0,0,0,1,0,0,0,0,0,0
ENSMUSG00000093648,Vmn1r-ps148,0,0,0,0,0,0,0,0,0,0,0,0
ENSMUSG00000117458,Gm6552,22,6,8,15,8,5,12,8,22,16,11,13
ENSMUSG00000117415,Gm41625,0,0,0,0,0,0,0,0,0,0,0,0
ENSMUSG00000050102,Vmn1r235,0,0,0,0,0,0,0,0,0,0,0,0
ENSMUSG00000093449,Vmn1r-ps149,0,0,0,0,0,0,0,0,0,0,0,0
ENSMUSG00000054142,Vmn1r236,0,0,0,0,0,0,0,0,0,0,0,0
ENSMUSG00002075486,#N/A,0,0,0,0,0,0,0,0,0,0,0,0
ENSMUSG00000058030,Vmn1r237,0,0,0,0,0,0,0,0,0,0,0,0
ENSMUSG00000039153,Runx2,2259,2245,2579,2478,1552,1288,1606,2124,1586,1365,1081,1041
ENSMUSG00000079693,Vmn1r-ps150,0,0,0,0,0,0,0,0,0,0,0,0
ENSMUSG00000116768,Gm18269,0,0,0,0,0,0,0,0,0,0,0,0
ENSMUSG00000090048,Runx2os3,0,0,0,0,0,0,0,0,0,0,0,0
ENSMUSG00002074949,#N/A,0,0,0,1,0,0,0,1,0,0,0,0
ENSMUSG00000089849,Runx2os2,0,0,0,0,0,0,0,0,0,0,0,0
ENSMUSG00000073394,Runx2os1,94,94,91,117,81,16,77,58,73,71,47,65
ENSMUSG00000062743,Zfp677,95,102,79,76,84,115,74,98,95,80,109,93
ENSMUSG00000116633,Gm18519,0,0,0,0,0,0,0,0,0,0,0,0
ENSMUSG00000116771,Gm49691,0,0,0,0,0,0,0,0,0,0,0,0
ENSMUSG00000023882,Zfp54,115,101,70,75,118,107,61,112,105,96,104,104
ENSMUSG00000024095,Hnrnpll,7676,7901,4766,4775,5591,4035,4309,4995,7281,6465,5385,5564
ENSMUSG00000088183,Gm22215,0,0,0,0,0,0,0,0,0,0,0,0
ENSMUSG00000023892,Zfp51,356,400,285,300,303,304,223,300,295,353,300,322
ENSMUSG00000117518,Gpx4-ps1,0,0,0,0,0,0,0,0,0,0,0,0
ENSMUSG00000088276,Gm23125,0,0,0,0,0,0,0,0,0,0,0,0
ENSMUSG00000057409,Zfp53,262,300,197,196,262,181,189,244,230,223,358,296
ENSMUSG00000117037,Gm50433,5,8,9,4,13,5,4,10,5,7,12,6
ENSMUSG00000038954,Supt3,219,217,159,186,218,134,184,168,212,193,237,221
ENSMUSG00000097781,9330136K24Rik,1,4,0,4,0,2,4,2,1,2,8,3
ENSMUSG00000117326,4930564C03Rik,0,0,0,0,0,0,0,0,0,0,0,0
ENSMUSG00000117044,Gm35097,1,0,1,1,0,0,0,0,0,1,0,0
ENSMUSG00000051341,Zfp52,819,828,645,689,698,793,684,817,639,769,895,817
ENSMUSG00000035473,Galm,193,192,147,179,382,197,155,168,213,181,255,209
ENSMUSG00000117217,Gm4766,0,0,0,0,1,1,0,2,1,0,2,0
ENSMUSG00002076663,#N/A,0,0,0,0,0,0,0,0,0,0,0,0
ENSMUSG00002075088,#N/A,0,0,0,0,0,0,0,0,0,0,1,0
ENSMUSG00000067931,Zfp948,166,143,153,149,185,191,139,207,141,154,182,172
ENSMUSG00000117209,Gm49954,0,0,0,0,0,0,0,0,0,0,0,0
ENSMUSG00000117013,Gm30531,11,11,8,10,10,14,4,14,11,5,15,11
ENSMUSG00000023932,Cdc5l,1991,2064,1712,1755,1804,1733,1541,1895,1963,1753,1832,1518
ENSMUSG00000097119,B230354K17Rik,213,243,187,183,254,177,153,197,212,197,239,252
ENSMUSG00000046711,Hmga1,1181,1240,972,1019,1023,513,1043,1099,1196,1016,1203,1089
ENSMUSG00000023935,Spats1,1,1,1,2,0,0,0,3,0,2,2,0
ENSMUSG00000061242,Gm9104,1,1,2,2,0,1,0,0,0,0,0,0
ENSMUSG00000023938,Aars2,512,482,440,447,472,186,425,492,556,504,479,482
ENSMUSG00000023949,Tcte1,0,0,0,0,1,0,0,0,0,0,0,0
ENSMUSG00000024097,Srsf7,9857,10954,8656,8920,10475,5755,9030,9100,10815,9536,10094,9620
ENSMUSG00000096847,Tmem151b,10,7,15,11,7,1,2,11,9,11,9,5
ENSMUSG00000062753,AI413582,75,108,64,102,103,30,100,62,85,62,102,108
ENSMUSG00000116884,C130040N14Rik,1,0,3,0,0,0,1,3,0,1,1,1
ENSMUSG00000046196,Ttc39d,0,3,0,0,0,0,1,0,0,0,0,0
ENSMUSG00000055760,Gemin6,233,270,255,218,407,228,246,234,274,214,315,301
ENSMUSG00000023947,Nfkbie,1630,1733,1512,1648,1457,594,1324,1366,1515,1363,957,893
ENSMUSG00000037089,Slc35b2,722,798,627,642,825,250,687,665,720,677,726,639
ENSMUSG00000024213,Nudt3,1572,1504,1163,1197,1428,597,1265,1328,1685,1413,1361,1497
ENSMUSG00000117338,Gm49804,0,0,0,0,0,0,0,0,0,0,0,0
ENSMUSG00000116571,Gm49741,5,5,6,7,5,6,6,4,12,9,5,6
ENSMUSG00000023944,Hsp90ab1,86477,93446,73125,75255,82344,61976,71041,80264,87372,76090,91910,78088
ENSMUSG00000035051,Dhx57,405,404,267,329,348,292,265,378,356,314,377,350
ENSMUSG00000052146,Rps10,277,314,235,241,313,119,207,228,270,230,368,321
ENSMUSG00000087387,Gm15420,2,2,3,3,1,0,6,0,0,0,3,0
ENSMUSG00000117440,Gm50087,3,2,2,1,1,0,0,0,1,2,2,1
ENSMUSG00000045257,Morn2,15,13,6,7,10,5,13,18,12,1,16,19
ENSMUSG00000054901,Arhgef33,3,3,2,0,1,9,2,5,3,0,7,1
ENSMUSG00000066938,Gm10190,1,0,1,2,3,0,0,1,6,2,3,1
ENSMUSG00000024241,Sos1,1060,1033,883,843,995,981,638,1001,945,922,1028,912
ENSMUSG00000033966,Cdkl4,6,12,2,9,6,9,3,5,8,4,5,6
ENSMUSG00000117375,Gm33373,1,0,0,0,2,0,0,0,0,0,0,0
ENSMUSG00000040276,Pacsin1,253,232,149,155,192,95,147,209,305,318,189,197
ENSMUSG00000024215,Spdef,0,0,0,0,0,3,0,1,0,0,0,0
ENSMUSG00000086485,Gm15458,0,0,0,0,0,0,0,0,0,0,0,0
ENSMUSG00000056692,Ilrun,4141,4229,3068,3330,3045,1359,2829,3557,3708,3471,3216,2987
ENSMUSG00000080731,Rps2-ps9,0,1,3,1,1,2,0,2,0,1,0,0
ENSMUSG00000024242,Map4k3,175,143,141,116,107,119,113,130,140,143,112,155
ENSMUSG00000024217,Snrpc,457,435,350,359,472,347,455,442,483,399,448,410
ENSMUSG00000054957,Gm9959,0,0,0,0,0,0,0,0,0,0,0,0
ENSMUSG00000112121,C230072F16Rik,0,0,0,0,0,0,0,0,0,0,0,0
ENSMUSG00000071040,Gm9386,0,0,0,0,0,0,0,0,0,0,0,0
ENSMUSG00000024245,Tmem178,8,17,4,8,5,4,6,5,13,9,2,1
ENSMUSG00000024246,Thumpd2,152,151,103,127,118,82,111,134,134,153,128,113
ENSMUSG00000117496,Gm50042,0,0,0,1,0,0,0,0,0,0,0,0
ENSMUSG00000117558,Gm50043,0,0,0,0,0,0,0,0,0,0,0,0
ENSMUSG00000117413,Gm50044,0,0,0,0,0,0,0,0,0,0,0,0
ENSMUSG00000039512,Uhrf1bp1,1098,1256,933,990,965,478,754,1067,1037,1068,947,1030
ENSMUSG00000117161,Gm49803,0,0,0,0,0,0,0,0,0,0,0,0
ENSMUSG00000024218,Taf11,921,964,712,736,759,419,749,769,891,817,746,676
ENSMUSG00000117216,Gm49801,0,0,0,1,0,0,0,0,0,0,1,0
ENSMUSG00000054640,Slc8a1,0,0,0,0,1,7,2,3,0,0,3,0
ENSMUSG00000079333,Gm11096,0,0,0,0,0,0,0,0,0,0,0,0
ENSMUSG00000097897,Rpl31-ps25,1,0,0,1,0,0,0,0,0,0,0,0
ENSMUSG00000117397,Gm4599,0,0,0,0,0,0,0,1,0,0,0,0
ENSMUSG00000117507,Gm50045,1,3,3,2,1,0,1,6,0,1,4,7
ENSMUSG00002075455,#N/A,0,0,0,0,0,0,0,0,0,0,0,0
ENSMUSG00000088817,Gm22386,0,0,0,0,0,0,0,0,0,0,0,0
ENSMUSG00002076240,#N/A,0,0,0,0,0,0,0,0,0,0,0,0
ENSMUSG00000117643,Gm9390,0,0,1,0,0,0,0,0,3,0,0,2
ENSMUSG00000117438,Rpsa-ps7,3,3,5,4,5,0,8,3,5,4,2,4
ENSMUSG00000073371,Gm6594,0,0,1,0,1,0,0,0,0,0,0,0
ENSMUSG00000117472,Gm4601,0,0,0,0,0,0,0,0,0,0,0,0
ENSMUSG00000117399,Gm19689,0,0,0,0,0,2,0,0,0,0,2,0
ENSMUSG00000100154,Gm29052,0,0,0,0,0,0,0,0,0,0,0,0
ENSMUSG00000117509,Gm46606,0,0,0,0,0,0,0,0,0,0,0,0
ENSMUSG00000024247,Pkdcc,4,1,4,4,2,3,5,2,4,6,6,0
ENSMUSG00000088410,Gm24240,0,0,0,0,0,0,0,0,0,0,0,0
ENSMUSG00000094256,Rpl21-ps7,0,0,2,0,0,0,0,1,0,0,0,0
ENSMUSG00000024219,Anks1,1057,1095,763,795,789,335,634,800,966,858,1031,999
ENSMUSG00000085846,Gm15597,0,0,0,0,0,0,0,0,0,0,0,0
ENSMUSG00000117130,Gm49802,5,1,1,2,1,0,4,4,0,2,2,5
ENSMUSG00000117263,Gm35290,0,0,0,0,0,0,0,0,0,0,0,0
ENSMUSG00000062859,Tcp11,3,3,1,1,1,0,2,3,2,0,3,0
ENSMUSG00000085521,4930526A20Rik,0,0,0,2,0,4,0,0,1,1,0,0
ENSMUSG00000117120,Gm50238,0,0,0,0,0,0,0,0,0,0,0,0
ENSMUSG00000117189,Gm49897,0,0,0,0,0,1,1,0,0,0,0,0
ENSMUSG00000032624,Eml4,4378,4262,3571,3482,3360,2603,2593,3619,4221,3730,3349,2939
ENSMUSG00000023942,Slc29a1,4072,4670,3909,4231,3389,1362,3871,4213,4054,3652,2774,2718
ENSMUSG00000067389,Gm17080,0,1,4,3,1,1,0,2,3,4,0,2
ENSMUSG00000024248,Cox7a2l,809,1086,779,866,538,546,759,822,808,737,526,484
ENSMUSG00000079471,Mymx,0,0,0,0,0,0,0,0,0,0,0,0
ENSMUSG00000065743,Gm25008,0,1,0,0,0,1,0,1,0,0,0,1
ENSMUSG00000045053,Kcng3,2,3,1,3,4,0,2,3,7,5,4,2
ENSMUSG00000058626,Capn11,0,1,0,0,0,4,0,0,4,7,1,0
ENSMUSG00000038677,Scube3,2,2,1,4,5,4,0,3,0,6,0,2
ENSMUSG00000117171,C230013L11Rik,3,2,7,4,8,3,2,1,2,4,2,3
ENSMUSG00000055817,Mta3,449,493,350,373,388,355,427,491,407,389,427,370
ENSMUSG00000036026,Tmem63b,277,262,180,182,267,163,184,238,251,195,327,298
ENSMUSG00000086472,Gm16172,0,0,0,0,0,0,0,0,0,0,0,0
ENSMUSG00000023939,Mrpl14,116,124,99,120,154,51,132,115,121,98,168,160
ENSMUSG00000094690,1600014C23Rik,0,2,1,0,0,0,0,1,1,0,0,0
ENSMUSG00000097727,F630040K05Rik,0,2,0,0,0,2,0,0,0,0,0,0
ENSMUSG00000117139,Gm35692,0,0,0,0,0,2,0,0,0,0,0,0
ENSMUSG00000117085,4930542M03Rik,0,0,0,0,0,0,0,0,0,0,0,0
ENSMUSG00000117048,Gm41584,0,0,0,0,0,0,0,0,0,0,0,0
ENSMUSG00000000673,Haao,16,27,10,16,12,1,22,30,11,11,9,6
ENSMUSG00000117040,Gm49805,0,0,0,0,0,0,0,0,0,0,0,0
ENSMUSG00000097254,C430042M11Rik,11,4,4,6,16,5,13,5,4,3,11,4
ENSMUSG00000117442,1810073O08Rik,0,0,1,1,0,0,1,0,1,0,1,1
ENSMUSG00002076076,#N/A,0,0,0,0,0,0,0,0,0,0,0,0
ENSMUSG00000117421,Gm41639,0,0,0,0,0,0,0,0,0,0,0,0
ENSMUSG00000117611,Gm35229,0,0,0,0,0,0,0,0,0,0,0,0
ENSMUSG00000117564,Gm41638,0,0,0,0,0,0,0,0,0,0,0,0
ENSMUSG00000117431,8430430B14Rik,1,0,0,0,0,0,1,2,0,0,0,0
ENSMUSG00000103015,Gm37549,0,0,0,0,0,0,0,0,0,0,0,0
ENSMUSG00000117446,Gm35551,0,0,0,0,0,0,0,0,0,0,0,0
ENSMUSG00000117432,Gm49967,0,1,0,0,0,0,0,0,0,0,0,0
ENSMUSG00000117571,4933433H22Rik,0,1,1,0,0,0,0,0,0,0,0,0
ENSMUSG00000117485,Gm19696,0,1,0,1,0,0,0,0,0,0,0,0
ENSMUSG00000045817,Zfp36l2,3590,3294,3201,2988,3122,1480,2520,3370,3517,2975,3547,3557
ENSMUSG00000117393,Gm36279,1,1,1,0,1,0,1,0,1,1,0,0
ENSMUSG00000024220,Zfp523,234,174,153,155,187,82,115,169,227,188,189,205
ENSMUSG00000024251,Thada,1571,1591,1511,1348,1569,902,883,1413,1427,1429,1482,1471
ENSMUSG00000065732,Gm24492,0,0,0,0,0,0,0,0,0,1,1,0
ENSMUSG00000119482,#N/A,0,0,0,0,0,0,0,0,0,0,0,0
ENSMUSG00000023951,Vegfa,1031,1015,1018,1011,740,480,684,861,834,755,666,590
ENSMUSG00000002257,Def6,1365,1445,1033,1136,832,481,1137,1265,1308,1132,1133,996
ENSMUSG00000117287,Gm36200,0,0,0,0,0,0,0,0,0,0,0,0
ENSMUSG00000117109,Gm19969,0,0,0,0,0,0,0,0,0,0,0,0
ENSMUSG00000040852,Plekhh2,0,0,0,0,0,0,0,0,0,0,1,0
ENSMUSG00000117028,Gm49874,14,6,3,8,5,3,9,2,7,9,2,6
ENSMUSG00000023967,Mrps18a,1026,1079,793,883,886,386,923,936,987,868,883,875
ENSMUSG00000117391,4930500A05Rik,0,0,0,0,0,0,0,0,0,0,0,0
ENSMUSG00000117647,Gm49969,0,0,0,0,0,0,0,0,0,0,0,0
ENSMUSG00000119631,#N/A,0,0,0,0,0,0,0,0,0,0,0,0
ENSMUSG00000023966,Rsph9,3,11,24,10,7,3,15,15,10,9,5,3
ENSMUSG00000024253,Dync2li1,7,5,4,6,4,2,4,3,3,2,1,4
ENSMUSG00000034509,Mad2l1bp,227,250,208,220,276,82,263,219,238,197,205,193
ENSMUSG00000002250,Ppard,364,352,266,286,272,171,302,329,278,272,293,258
ENSMUSG00000040505,Abcg5,0,3,0,0,0,0,2,0,1,0,3,0
ENSMUSG00000023952,Gtpbp2,529,529,504,484,354,168,435,416,429,403,402,426
ENSMUSG00000023953,Polh,910,971,808,783,884,502,720,792,847,757,913,914
ENSMUSG00000007570,Fance,379,372,295,298,311,105,312,307,357,296,345,336
ENSMUSG00000117027,Gm49886,0,0,0,0,0,0,0,0,0,0,0,0
ENSMUSG00000117303,Gm49889,0,0,1,0,0,0,0,0,0,0,0,0
ENSMUSG00000024254,Abcg8,0,0,0,0,0,0,0,0,0,0,0,0
ENSMUSG00000067150,Xpo5,4433,5026,4032,4052,4438,2433,3348,4377,4322,4000,4430,4027
ENSMUSG00000076141,Mir693,0,0,1,0,0,0,1,0,0,0,0,0
ENSMUSG00000118813,#N/A,0,0,0,0,0,0,0,0,0,0,0,0
ENSMUSG00000037805,Rpl10a,3322,3723,3107,3294,2899,926,2921,3042,3276,3004,2736,2683
ENSMUSG00000024120,Lrpprc,4716,5276,4251,4201,4199,2672,3087,4041,4481,4426,4024,3710
ENSMUSG00000117412,Gm49979,0,0,0,0,0,0,0,0,0,0,0,0
ENSMUSG00000117595,Gm49981,0,0,0,0,0,0,0,0,0,0,0,0
ENSMUSG00000117631,Gm9400,0,0,0,0,0,0,0,0,0,0,0,0
ENSMUSG00000067148,Polr1c,1955,2270,1710,1868,1932,681,1701,1692,2036,1700,1779,1716
ENSMUSG00000117451,Gm49982,0,0,0,0,0,0,0,0,0,0,0,0
ENSMUSG00000097047,1110020A21Rik,1,3,4,0,1,2,0,3,1,1,0,0
ENSMUSG00000071074,Yipf3,824,1101,744,859,658,214,769,786,814,753,648,607
ENSMUSG00000002249,Tead3,72,66,25,27,35,6,23,17,37,52,22,21
ENSMUSG00000071073,Lrrc73,46,55,46,33,40,5,37,32,55,50,54,43
ENSMUSG00000061130,Ppm1b,661,739,635,610,686,473,611,671,716,595,780,643
ENSMUSG00000024131,Slc3a1,2,1,1,0,0,1,2,3,2,1,4,3
ENSMUSG00000037446,Tulp1,0,0,0,1,0,5,0,0,0,0,0,0
ENSMUSG00000012296,Tjap1,975,1024,843,784,791,284,755,877,878,801,739,712
ENSMUSG00000024127,Prepl,265,293,206,194,295,193,184,209,227,225,274,328
ENSMUSG00000071037,Camkmt,14,7,3,4,6,9,4,4,5,7,6,9
ENSMUSG00000047428,Dlk2,12,12,10,10,21,4,5,9,17,18,20,26
ENSMUSG00000024222,Fkbp5,3324,3770,2848,2863,2818,1491,2590,2842,3368,3021,2876,2748
ENSMUSG00000117313,Gm49838,15,11,9,13,2,6,8,17,15,10,9,9
ENSMUSG00000117084,Gm22146,0,0,0,0,0,0,0,0,0,0,0,0
ENSMUSG00002076503,#N/A,0,0,0,0,0,0,0,0,0,0,0,0
ENSMUSG00000117294,Gm49839,8,7,8,9,11,30,19,18,7,19,12,10
ENSMUSG00000117304,Gm49861,0,0,0,0,0,0,0,0,0,0,0,0
ENSMUSG00000097714,Gm20109,2,0,0,2,0,0,0,1,0,1,0,0
ENSMUSG00000097803,Rpl31-ps16,2,2,3,1,1,0,1,0,3,2,2,1
ENSMUSG00000066170,E230001N04Rik,18,24,18,30,26,16,20,18,17,12,22,21
ENSMUSG00000117344,Gm5231,0,0,0,0,0,0,0,0,0,0,0,0
ENSMUSG00000098438,Gm27178,0,0,0,0,1,0,0,0,0,0,0,1
ENSMUSG00002076476,#N/A,0,1,0,0,0,0,0,0,0,0,0,0
ENSMUSG00000117131,Gm41506,0,0,0,1,0,8,1,0,0,0,1,0
ENSMUSG00000093460,Six3os1,1,0,0,0,0,0,0,0,0,0,0,0
ENSMUSG00000024223,Armc12,2,0,1,1,0,0,3,1,3,0,0,0
ENSMUSG00002076421,#N/A,0,0,0,0,0,0,0,0,0,0,0,0
ENSMUSG00002076730,#N/A,0,0,0,0,0,0,0,0,0,0,0,0
ENSMUSG00000024224,Clpsl2,0,0,0,0,0,0,0,0,0,0,0,0
ENSMUSG00000038805,Six3,1,0,2,0,0,1,0,0,0,0,0,0
ENSMUSG00002076389,#N/A,0,0,0,0,0,0,0,0,0,0,0,0
ENSMUSG00000024225,Clps,0,0,0,0,0,0,0,0,0,0,0,0
ENSMUSG00002076464,#N/A,0,0,0,0,0,0,0,0,0,0,0,0
ENSMUSG00000099152,Mir6969,0,0,0,0,0,0,0,0,0,0,0,0
ENSMUSG00002076945,#N/A,0,0,0,0,0,0,0,0,0,0,0,0
ENSMUSG00000062252,Lhfpl5,0,0,0,0,0,0,0,1,0,0,0,0
ENSMUSG00000032842,Abcc10,140,132,98,95,130,62,80,107,108,93,143,131
ENSMUSG00000004865,Srpk1,5067,5285,4739,4503,4619,3110,3681,4727,4629,4314,4860,4420
ENSMUSG00000015597,Zfp318,519,610,365,387,489,368,269,386,510,500,552,497
ENSMUSG00002076149,#N/A,7,35,33,28,30,119,23,40,5,7,22,6
ENSMUSG00000117269,Gm9706,0,0,0,0,0,0,0,0,0,0,0,0
ENSMUSG00000023968,Crip3,0,0,0,0,0,0,2,0,0,0,0,0
ENSMUSG00000036196,Slc26a8,0,1,4,2,2,0,1,1,2,3,1,1
ENSMUSG00000067144,Slc22a7,0,0,0,0,0,0,0,0,0,0,0,0
ENSMUSG00000091742,Gm5093,0,3,5,2,2,0,2,0,1,2,0,1
ENSMUSG00000015599,Ttbk1,39,41,40,32,14,8,11,24,34,44,44,30
ENSMUSG00000114244,Gm47119,0,0,0,0,0,2,0,0,0,0,0,0
ENSMUSG00000040658,Dnph1,395,438,409,408,591,225,476,458,499,397,497,533
ENSMUSG00000040327,Cul9,72,80,67,66,65,27,43,60,69,66,76,86
ENSMUSG00000015605,Srf,3421,3598,2244,2324,2735,1376,2040,2178,3262,2811,2755,2684
ENSMUSG00000106514,Mir6976,0,1,1,0,2,0,0,1,0,0,1,0
ENSMUSG00000023972,Ptk7,7,6,3,3,22,9,10,12,5,8,12,10
ENSMUSG00000003546,Klc4,18,18,19,13,11,1,10,18,20,12,22,18
ENSMUSG00000002767,Mrpl2,968,956,712,838,897,410,885,762,1121,902,825,881
ENSMUSG00000053436,Mapk14,2097,2148,1826,1695,1682,774,1452,1604,1790,1466,1768,1746
ENSMUSG00000117145,Gm4356,3,7,3,6,4,5,8,6,3,1,8,7
ENSMUSG00000038545,Cul7,199,189,130,118,167,84,162,200,151,125,231,195
ENSMUSG00000004864,Mapk13,5,9,7,12,10,4,9,17,13,3,3,6
ENSMUSG00000117255,Gm49864,9,11,6,9,3,3,14,14,15,8,11,5
ENSMUSG00000023971,Rrp36,722,852,658,657,682,329,633,648,815,685,635,615
ENSMUSG00000063576,Klhdc3,1543,1765,1368,1354,1370,510,1319,1362,1474,1327,1285,1234
ENSMUSG00000002768,Mea1,813,858,640,677,851,407,779,690,920,799,938,834
ENSMUSG00000059409,Ppp2r5d,2646,2711,2183,2232,2588,1484,2369,2817,2705,2375,2181,2086
ENSMUSG00000063952,Brpf3,740,841,665,592,699,452,568,784,700,669,688,725
ENSMUSG00000002763,Pex6,692,733,587,624,672,181,520,537,625,604,495,548
ENSMUSG00000117301,Gm35883,0,0,0,0,0,0,0,0,0,0,0,0
ENSMUSG00000087615,Pnpla1os,0,0,0,0,1,0,0,0,0,0,0,0
ENSMUSG00000002769,Gnmt,4,7,3,0,1,3,2,5,6,3,3,3
ENSMUSG00000043286,Pnpla1,0,0,0,0,0,0,0,0,0,0,0,0
ENSMUSG00000048905,4930539E08Rik,27,24,26,30,20,7,31,30,31,18,23,23
ENSMUSG00000023973,Cnpy3,613,708,549,613,606,249,613,690,614,501,593,587
ENSMUSG00000085333,1700030A11Rik,0,0,0,0,0,0,0,0,0,0,0,0
ENSMUSG00000087693,Gm16191,0,0,0,0,0,0,0,0,0,0,0,0
ENSMUSG00000036858,Ptcra,0,0,0,0,0,0,0,0,0,0,0,1
ENSMUSG00000062619,2310039H08Rik,165,187,163,192,151,45,166,163,178,144,114,134
ENSMUSG00000045378,Pxt1,0,2,1,0,0,0,0,0,0,0,0,0
ENSMUSG00000117116,Gm49868,0,0,0,0,0,0,0,0,0,0,0,0
ENSMUSG00000117080,1700063J08Rik,1,0,3,3,3,0,0,3,3,2,1,0
ENSMUSG00000063888,Rpl7l1,4295,4783,3748,3959,4199,1874,3761,3933,4464,4047,4158,3871
ENSMUSG00000036568,Bicral,807,899,706,669,606,370,500,707,692,673,614,577
ENSMUSG00000036430,Tbcc,358,425,327,310,335,122,351,318,405,359,282,305
ENSMUSG00000023978,Prph2,0,0,0,0,0,0,0,0,0,0,0,0
ENSMUSG00000005936,Kctd20,925,1007,818,809,889,427,728,849,905,834,841,821
ENSMUSG00000023977,Ubr2,2311,2468,1922,1941,1879,1069,1404,2059,2025,1805,1913,1887
ENSMUSG00000024006,Stk38,984,980,793,811,947,728,706,849,869,827,994,893
ENSMUSG00002076750,#N/A,0,0,0,0,0,0,0,0,0,0,0,0
ENSMUSG00000091775,Gm16494,0,0,0,0,0,0,0,0,0,0,0,0
ENSMUSG00000062472,Gm4945,5,9,7,4,4,3,5,1,4,3,5,9
ENSMUSG00000084632,Gm23887,0,2,1,1,0,1,0,0,0,0,0,0
ENSMUSG00000086154,Gm16196,22,17,33,10,14,10,30,27,16,10,16,6
ENSMUSG00000087308,Gm16195,0,0,0,0,0,1,1,0,0,0,1,0
ENSMUSG00000071172,Srsf3,3706,3593,3355,3166,3742,2842,3847,3492,3883,3725,3933,4088
ENSMUSG00000117007,Gm41556,0,1,1,0,0,3,0,0,0,0,1,3
ENSMUSG00000085912,Trp53cor1,7,5,7,1,2,3,5,7,3,5,4,1
ENSMUSG00002075192,#N/A,0,0,0,0,0,0,0,0,0,0,0,0
ENSMUSG00000023067,Cdkn1a,5368,5560,5082,5454,5054,2432,5385,5446,4193,3674,3703,3504
ENSMUSG00000117050,1700023B13Rik,2,2,0,2,2,3,2,5,1,0,2,1
ENSMUSG00000064147,Rab44,4,1,4,10,0,3,1,1,0,2,0,1
ENSMUSG00000067575,Rpl35a-ps3,0,0,0,0,0,0,0,0,0,0,0,0
ENSMUSG00000117291,Gm18271,0,0,0,0,0,0,0,0,0,0,0,0
ENSMUSG00000024008,Cpne5,14,14,17,25,13,9,14,20,12,13,2,7
ENSMUSG00000117610,Gm50054,0,0,0,0,0,0,0,0,0,0,0,0
ENSMUSG00000024007,Ppil1,1313,1460,1161,1258,1350,704,1332,1424,1313,1070,1256,1222
ENSMUSG00000117614,Gm50068,0,0,0,1,2,0,1,0,2,0,0,0
ENSMUSG00000052712,BC004004,1157,1362,960,1102,920,428,1016,982,1139,1010,927,968
ENSMUSG00000094326,Gm10045,0,0,0,0,0,0,0,0,0,0,0,0
ENSMUSG00000024011,Pi16,0,0,0,0,0,5,0,0,0,0,1,0
ENSMUSG00000117592,Gm46603,0,0,0,0,0,0,1,0,0,0,0,0
ENSMUSG00000024012,Mtch1,1424,1532,1240,1312,1518,565,1374,1289,1436,1203,1436,1385
ENSMUSG00000024013,Fgd2,129,146,70,83,103,35,97,129,88,78,112,117
ENSMUSG00000117575,Gm36486,2,2,1,4,13,10,3,6,6,1,5,4
ENSMUSG00000117427,Gm36199,0,0,0,0,0,3,0,2,0,0,2,0
ENSMUSG00000097125,Gm26885,17,8,19,15,19,6,12,14,11,11,9,13
ENSMUSG00000024014,Pim1,6029,6420,6120,6725,4859,1789,5977,6458,5358,4884,4396,4437
ENSMUSG00000091614,Gm17657,0,0,0,0,0,0,0,0,0,2,0,0
ENSMUSG00000079580,Tmem217,4,1,0,0,1,0,0,2,1,1,0,0
ENSMUSG00000042203,Tbc1d22b,807,925,605,649,445,280,602,772,640,613,584,518
ENSMUSG00000099329,Gm28052,0,0,0,0,0,0,0,0,0,0,0,0
ENSMUSG00000089900,Tbc1d22bos,0,0,0,0,0,0,0,0,0,0,0,0
ENSMUSG00000098764,Mir7667,0,0,0,0,0,0,0,0,0,0,0,0
ENSMUSG00000117376,2010106G04Rik,0,0,0,1,0,0,0,0,0,0,0,0
ENSMUSG00000090083,Rnf8,253,271,225,264,199,116,231,263,199,244,185,196
ENSMUSG00000098374,Gm28043,53,39,65,55,38,36,34,78,55,70,72,57
ENSMUSG00000117534,Gm20161,9,10,13,5,11,14,5,6,7,4,5,14
ENSMUSG00000024019,Cmtr1,149,137,139,166,179,98,140,165,143,151,185,154
ENSMUSG00000024018,Ccdc167,237,183,183,175,232,140,171,244,185,182,211,187
ENSMUSG00000117434,1810014P07Rik,0,0,2,0,1,2,0,1,0,0,0,2
ENSMUSG00000117489,Gm50016,0,0,0,0,0,0,0,0,0,0,0,0
ENSMUSG00000043557,Mdga1,0,0,3,1,4,1,0,1,2,1,0,2
ENSMUSG00000086534,Gm16758,0,0,0,0,0,0,0,0,0,0,0,0
ENSMUSG00000117528,Gm50017,0,0,0,0,0,0,0,0,0,0,0,0
ENSMUSG00000117639,Gm50018,0,0,0,0,0,0,0,0,0,0,0,0
ENSMUSG00000089524,Gm22327,0,0,0,0,0,0,0,0,0,0,0,0
ENSMUSG00000023990,Tfeb,545,587,491,486,448,162,518,515,594,483,286,313
ENSMUSG00000117371,Gm50019,5,3,2,2,2,0,1,0,1,0,0,0
ENSMUSG00000044477,Zfand3,1345,1377,1056,1130,922,595,969,1155,1168,1086,929,857
ENSMUSG00000117947,Gm50226,2,1,0,0,0,3,5,1,0,2,1,1
ENSMUSG00000117974,Tuba-rs1,2,1,3,4,1,0,2,2,4,1,3,1
ENSMUSG00000032717,Mdfi,1,1,1,0,1,0,2,2,0,0,0,1
ENSMUSG00000065027,Gm25201,0,0,0,0,0,0,0,0,0,0,0,0
ENSMUSG00000064748,n-R5s28,0,0,0,0,0,0,0,0,0,0,0,0
ENSMUSG00000062202,Btbd9,685,728,504,484,563,242,409,468,664,586,548,594
ENSMUSG00000089222,Gm25049,0,0,0,0,0,0,0,0,0,0,0,0
ENSMUSG00000117962,Gm6402,16,16,13,13,16,2,23,15,7,12,17,13
ENSMUSG00000117835,Gm50250,0,0,0,0,0,0,0,0,0,0,0,0
ENSMUSG00000118341,Gm50252,0,0,0,0,0,0,0,0,0,0,0,0
ENSMUSG00000103207,Gm9874,0,0,0,0,0,0,0,0,0,0,0,0
ENSMUSG00000117725,Gm50240,8,11,9,8,14,15,7,8,4,18,20,28
ENSMUSG00000024026,Glo1,391,399,310,325,367,170,396,345,374,313,340,295
ENSMUSG00000118053,Gm50244,0,0,0,0,0,0,0,0,0,0,0,0
ENSMUSG00000118382,Gm8373,0,1,0,0,0,1,0,0,1,0,1,0
ENSMUSG00000117749,Gm50245,0,0,0,0,0,0,0,0,0,0,0,0
ENSMUSG00000099474,1700097N02Rik,6,14,23,14,9,8,36,30,18,15,11,15
ENSMUSG00000033826,Dnah8,66,76,93,105,91,69,64,126,84,80,81,80
ENSMUSG00000118756,#N/A,0,0,0,0,0,0,0,0,0,0,0,0
ENSMUSG00000117760,Gm41561,0,0,0,0,0,0,0,0,0,0,0,0
ENSMUSG00000118205,Gm50248,0,0,0,0,0,0,0,0,0,0,0,0
ENSMUSG00000118119,Gm9937,0,0,0,0,0,0,0,0,0,0,0,0
ENSMUSG00000118281,Gm50242,1,0,0,0,1,3,1,0,0,0,0,1
ENSMUSG00000024027,Glp1r,0,3,2,0,0,3,1,1,4,0,0,0
ENSMUSG00000117786,Gm10503,0,0,0,0,0,0,0,0,0,0,0,0
ENSMUSG00000118284,Gm41562,0,0,0,0,0,0,0,0,0,0,0,0
ENSMUSG00000054134,Umodl1,0,0,0,0,0,0,0,0,1,0,0,0
ENSMUSG00002076283,#N/A,0,0,0,0,0,0,0,0,0,0,0,0
ENSMUSG00000118169,Gm50249,0,0,0,0,0,0,0,0,0,0,0,0
ENSMUSG00000024030,Abcg1,79,97,70,99,83,56,72,95,103,65,119,82
ENSMUSG00002075577,#N/A,0,0,0,0,0,0,0,0,0,0,0,0
ENSMUSG00000024029,Tff3,0,2,0,0,0,0,0,0,0,0,0,0
ENSMUSG00000024028,Tff2,0,0,0,0,0,3,0,0,0,0,0,0
ENSMUSG00000086010,Gm15318,0,0,1,0,0,1,0,0,0,0,0,0
ENSMUSG00000024032,Tff1,5,2,3,0,4,0,2,1,1,5,1,1
ENSMUSG00000024034,Tmprss3,94,99,58,44,58,38,43,51,110,88,38,56
ENSMUSG00000042345,Ubash3a,3973,4306,2728,2547,3462,2047,2530,3078,4151,3715,3636,3343
ENSMUSG00000117899,Gm50218,26,24,26,11,17,8,29,25,20,18,16,18
ENSMUSG00000024033,Rsph1,22,26,9,19,16,18,13,17,20,17,10,8
ENSMUSG00000024036,Slc37a1,900,1004,716,706,714,233,688,716,776,737,749,673
ENSMUSG00000118295,Gm8437,43,50,43,40,24,21,35,46,51,51,31,39
ENSMUSG00000041119,Pde9a,1,1,1,0,0,1,0,2,0,0,0,0
ENSMUSG00000118157,Gm9902,0,0,0,0,0,0,0,0,0,0,0,0
ENSMUSG00000118081,Gm50138,0,0,0,0,0,0,0,0,0,0,0,0
ENSMUSG00000118390,Gm50102,0,0,0,0,0,0,0,0,0,1,0,0
ENSMUSG00000024037,Wdr4,1500,1709,1289,1219,1265,382,1097,1169,1449,1279,1142,1211
ENSMUSG00000118049,Gm50103,2,6,7,6,9,1,14,10,13,13,2,3
ENSMUSG00000024038,Ndufv3,791,909,865,1002,741,463,1125,1245,798,692,612,522
ENSMUSG00000104159,Gm38099,9,3,1,2,2,2,6,1,3,1,4,3
ENSMUSG00000117818,Gm50105,21,13,15,11,16,6,8,27,18,28,16,12
ENSMUSG00000013562,4833413E03Rik,0,0,2,0,0,0,0,0,1,0,0,0
ENSMUSG00000118071,Gm50455,30,20,19,35,36,16,25,34,20,18,24,17
ENSMUSG00000117858,Gm50108,0,0,0,0,0,0,0,0,0,0,0,1
ENSMUSG00000006705,Pknox1,2213,2671,1969,2058,2037,830,1688,1941,2312,2029,1883,1833
ENSMUSG00002075796,#N/A,0,0,0,0,0,0,0,0,0,0,0,0
ENSMUSG00000118239,Gm50107,23,19,16,13,29,8,10,19,16,10,25,35
ENSMUSG00000024039,Cbs,11,14,13,11,20,18,7,8,16,18,15,21
ENSMUSG00000118161,Rps2-ps8,2,1,0,2,0,1,0,2,1,0,3,0
ENSMUSG00000061613,U2af1,1136,1163,951,1021,1124,1126,1065,1173,1238,1026,1435,1217
ENSMUSG00000117987,Gm50222,0,0,0,0,2,0,0,0,0,0,0,0
ENSMUSG00000024041,Cryaa,0,0,0,0,0,0,0,1,0,0,0,0
ENSMUSG00000117656,Gm50225,0,0,0,0,0,0,0,1,2,0,1,1
ENSMUSG00000117355,Gm49999,0,0,0,0,0,0,0,0,0,0,0,0
ENSMUSG00000024042,Sik1,1625,1709,1675,1628,2079,994,1270,1861,1585,1478,1746,1730
ENSMUSG00000117562,Gm50000,0,0,0,0,0,0,0,0,0,0,0,0
ENSMUSG00000117879,2310015A16Rik,0,1,0,0,0,0,0,0,0,0,0,0
ENSMUSG00000117980,Gm30571,0,0,0,0,0,0,0,0,0,0,0,0
ENSMUSG00000002076,Hsf2bp,46,66,45,62,76,38,49,51,65,53,33,44
ENSMUSG00000091548,Gm17572,2,1,0,3,0,0,4,0,0,0,1,1
ENSMUSG00002076533,#N/A,0,0,0,0,0,0,0,0,0,0,0,0
ENSMUSG00000058392,Rrp1b,7134,7454,6428,6417,5528,3461,5099,6411,6573,6242,6021,5678
ENSMUSG00000002791,Pdxk-ps,1,3,2,2,1,0,2,1,1,4,2,2
ENSMUSG00000097305,Gm17276,1,0,2,1,1,1,0,1,1,1,0,0
ENSMUSG00000038146,Notch3,1,1,1,1,7,6,3,3,0,1,2,3
ENSMUSG00000117925,Gm50127,1,1,0,0,1,0,0,0,0,0,0,0
ENSMUSG00000037577,Ephx3,3,1,4,3,4,1,3,2,1,2,4,0
ENSMUSG00000024002,Brd4,5565,5229,4809,4555,4051,4478,4292,5667,4763,4296,4748,4080
ENSMUSG00000116414,Gm4432,0,0,0,0,0,0,0,0,0,0,0,0
ENSMUSG00000097217,Gm26549,17,24,21,14,27,25,15,19,16,17,41,18
ENSMUSG00000024045,Akap8,6656,6831,5627,5665,5460,4667,4818,5898,6213,5943,5971,5500
ENSMUSG00000002625,Akap8l,652,663,508,470,427,258,402,521,576,562,472,453
ENSMUSG00000024050,Wiz,2345,2498,2048,2067,2018,950,1819,2245,2213,1902,2181,2020
ENSMUSG00002075297,#N/A,0,1,0,0,0,0,0,0,0,0,0,0
ENSMUSG00000052142,Rasal3,2324,2558,1453,1495,1540,545,1394,1645,1855,1723,2042,1907
ENSMUSG00000117872,A530088E08Rik,6,17,12,15,16,15,7,8,21,13,28,29
ENSMUSG00000079563,Pglyrp2,94,123,129,155,67,26,157,140,94,91,71,75
ENSMUSG00000061126,Cyp4f39,0,2,0,1,0,0,0,0,1,0,1,2
ENSMUSG00000091586,Cyp4f17,42,50,41,35,34,15,39,27,44,37,39,52
ENSMUSG00000048440,Cyp4f16,43,48,48,44,33,12,42,36,22,31,41,30
ENSMUSG00000117366,Gm50036,0,0,0,0,0,0,0,0,0,0,0,0
ENSMUSG00000117392,Gm8497,0,0,0,0,0,0,0,0,0,0,0,0
ENSMUSG00000117479,Gm50038,0,0,0,0,0,0,0,0,0,0,0,0
ENSMUSG00000062464,Cyp4f37,0,0,0,0,0,0,0,0,0,0,0,0
ENSMUSG00000117459,Cyp4f38-ps,0,0,0,0,0,0,0,0,0,0,0,0
ENSMUSG00000090700,Cyp4f40,0,0,0,0,0,0,0,0,0,0,0,0
ENSMUSG00000073424,Cyp4f15,0,0,0,0,0,1,0,0,0,0,0,0
ENSMUSG00000117443,Gm50046,0,0,0,0,0,0,0,0,0,0,0,0
ENSMUSG00000117651,Gm6452,0,0,0,1,0,0,0,0,0,0,0,0
ENSMUSG00000117581,Gm17948,0,0,0,0,0,0,0,0,0,0,0,0
ENSMUSG00000024298,Zfp871,1909,1953,1928,1729,1758,1392,1150,1728,1792,1640,2048,1896
ENSMUSG00000091968,Gm17115,2,0,0,0,0,0,1,1,0,0,2,0
ENSMUSG00000055202,Zfp811,0,0,3,1,2,1,0,3,0,0,1,0
ENSMUSG00000077338,Gm23294,0,0,0,0,0,0,0,0,0,0,0,0
ENSMUSG00002076627,#N/A,0,0,0,0,0,0,0,0,0,0,0,0
ENSMUSG00000097030,Gm26693,0,0,0,0,0,0,0,0,0,0,0,0
ENSMUSG00000095253,Zfp799,113,122,98,102,115,89,99,118,123,130,175,135
ENSMUSG00000117347,Gm18272,0,0,0,0,0,0,0,0,0,0,0,0
ENSMUSG00000117468,Gm7059,6,1,2,1,2,0,5,1,2,2,4,3
ENSMUSG00000117373,Gm18273,0,0,0,0,0,1,0,0,0,0,0,0
ENSMUSG00000117654,Gm50050,0,0,0,1,0,0,0,0,0,0,0,0
ENSMUSG00000095325,Zfp870,101,117,93,97,101,69,76,117,99,95,92,76
ENSMUSG00000117601,Gm50051,0,0,0,0,0,0,0,0,0,0,0,0
ENSMUSG00000024292,Cyp4f14,0,0,0,0,0,0,0,0,0,0,0,0
ENSMUSG00000024055,Cyp4f13,100,115,97,102,90,40,104,87,95,86,53,67
ENSMUSG00000024295,Cyp4f41-ps,4,7,4,6,3,6,14,5,8,2,10,8
ENSMUSG00002075941,#N/A,0,0,0,1,1,0,0,0,0,1,3,2
ENSMUSG00000053600,Zfp472,307,428,298,343,284,152,262,314,307,335,296,271
ENSMUSG00000053390,Zfp952,214,183,169,166,168,114,141,164,185,166,173,159
ENSMUSG00000067430,Zfp763,50,49,43,39,66,51,30,69,48,36,81,65
ENSMUSG00000023350,Phf8-ps,0,0,0,0,0,0,0,0,0,0,0,0
ENSMUSG00000067424,Zfp563,63,69,46,43,71,53,44,50,60,56,74,85
ENSMUSG00000048602,Morc2b,0,0,0,1,0,0,0,0,0,0,0,0
ENSMUSG00000094891,Olfr55,0,0,0,0,0,0,0,0,0,0,0,0
ENSMUSG00000093884,Olfr239,0,0,0,0,0,0,0,0,0,0,0,0
ENSMUSG00000096169,Olfr1564,0,0,0,0,1,13,0,0,1,0,3,0
ENSMUSG00000094441,Zfp955a,164,202,161,169,166,116,125,151,138,150,204,180
ENSMUSG00000054666,Olfr63,0,0,0,0,0,0,0,0,0,0,0,0
ENSMUSG00000096910,Zfp955b,181,158,159,159,176,152,141,186,134,140,202,169
ENSMUSG00000091515,Zfp422-ps,0,0,0,0,0,0,0,0,0,0,0,0
ENSMUSG00000003929,Zfp81,263,305,290,289,329,359,219,309,214,259,324,301
ENSMUSG00000055240,Zfp101,178,198,200,147,230,202,197,232,154,186,241,214
ENSMUSG00000092519,Actl9,0,1,0,1,0,0,0,0,0,0,0,0
ENSMUSG00000117495,Gm4125,0,0,1,2,1,1,1,0,0,0,0,3
ENSMUSG00000024299,Adamts10,1032,1148,928,916,806,315,683,881,997,911,823,854
ENSMUSG00000024300,Myo1f,1310,1309,732,752,431,199,512,618,952,797,542,519
ENSMUSG00000073423,Zfp414,170,205,150,173,174,107,189,194,184,129,149,151
ENSMUSG00000092412,Gm20507,0,0,0,0,0,0,0,0,0,0,0,0
ENSMUSG00000032739,Pram1,1,0,1,0,1,0,0,0,2,0,2,1
ENSMUSG00000059208,Hnrnpm,10108,10435,8884,8892,9904,9968,7973,8867,10289,9413,10949,9904
ENSMUSG00000079557,44622,630,665,464,520,344,169,445,429,540,442,335,340
ENSMUSG00002076706,#N/A,0,0,0,0,0,0,0,0,0,0,0,0
ENSMUSG00000077450,Rab11b,989,1145,874,942,764,661,924,975,1000,886,751,685
ENSMUSG00000090952,Gm17251,46,29,26,36,36,12,27,37,34,30,35,31
ENSMUSG00000002289,Angptl4,562,639,488,488,396,167,410,459,612,562,394,363
ENSMUSG00000092602,4931413I07Rik,0,0,0,0,0,0,0,0,0,0,0,0
ENSMUSG00000042099,Kank3,160,143,108,124,129,50,107,120,172,130,156,174
ENSMUSG00000067288,Rps28,1094,1200,789,867,882,445,982,893,1133,963,924,915
ENSMUSG00000041881,Ndufa7,609,710,618,667,700,229,815,673,652,566,610,614
ENSMUSG00000002308,Cd320,527,692,452,458,570,193,428,434,649,561,574,587
ENSMUSG00000092571,Gm4134,1,0,0,0,0,0,0,0,0,0,0,0
ENSMUSG00000115113,Smim40-ps,0,0,0,0,0,0,0,0,0,0,0,0
ENSMUSG00000079553,Kifc1,371,396,432,404,625,193,451,533,335,309,489,450
ENSMUSG00000119263,#N/A,0,0,0,0,0,0,0,0,0,0,0,0
ENSMUSG00000092349,Smim40,4,2,4,2,2,5,4,3,5,3,3,4
ENSMUSG00000064043,Trerf1,1440,1437,878,877,582,370,598,771,981,912,462,452
ENSMUSG00002076233,#N/A,0,0,0,0,0,0,0,0,0,0,0,0
ENSMUSG00000034729,Mrps10,801,855,656,665,757,403,669,748,793,726,799,803
ENSMUSG00000023979,Guca1b,65,88,70,54,48,20,58,71,62,74,52,57
ENSMUSG00000023982,Guca1a,0,0,0,0,0,0,0,0,0,0,0,0
ENSMUSG00000118471,Gm50461,0,0,0,0,0,0,0,0,0,0,0,0
ENSMUSG00000096361,Gm5814,0,1,0,0,1,0,1,0,1,1,0,0
ENSMUSG00000047150,1700001C19Rik,0,0,0,0,0,1,0,0,0,0,0,0
ENSMUSG00000034382,AI661453,3,2,1,1,3,2,1,0,0,1,0,2
ENSMUSG00000023980,Taf8,757,940,769,783,752,435,706,809,728,724,766,682
ENSMUSG00000034165,Ccnd3,901,980,703,720,952,249,1032,978,866,759,1118,1061
ENSMUSG00000023988,Bysl,4353,4569,3240,3482,3260,1767,3100,3514,4207,3644,3291,3048
ENSMUSG00000092558,Med20,564,546,451,465,647,323,454,471,573,476,673,595
ENSMUSG00000023984,Gm20517,7,7,4,8,8,1,4,4,5,7,6,3
ENSMUSG00000083672,Kpna2-ps,4,5,1,0,2,2,3,5,1,3,2,0
ENSMUSG00000090115,Usp49,89,87,87,69,62,47,70,88,81,64,76,64
ENSMUSG00000033475,Tomm6,10,8,6,16,7,5,13,6,13,8,14,14
ENSMUSG00000079444,Gm21981,0,0,0,0,0,0,1,0,0,0,0,2
ENSMUSG00000084880,Tomm6os,6,12,4,9,17,7,9,9,10,8,23,11
ENSMUSG00000096549,Prickle4,0,0,0,0,0,0,0,0,0,0,0,0
ENSMUSG00000023266,Frs3,25,31,24,20,21,9,34,18,27,18,21,17
ENSMUSG00000086930,Frs3os,0,0,0,0,0,0,0,0,0,0,0,0
ENSMUSG00000023987,Pgc,0,0,0,0,0,0,0,0,0,0,0,0
ENSMUSG00000024457,Trim26,1167,1149,864,847,708,501,766,970,975,951,1013,843
ENSMUSG00000065651,Gm25973,0,0,0,0,0,0,0,0,0,0,0,0
ENSMUSG00000050747,Trim15,0,0,0,0,0,0,0,0,0,0,0,0
ENSMUSG00000073400,Trim10,0,1,0,0,0,0,0,1,0,0,0,0
ENSMUSG00000073399,Trim40,0,0,0,0,0,0,1,0,0,0,0,0
ENSMUSG00000058063,Trim31,0,0,0,1,0,1,0,0,0,0,0,0
ENSMUSG00000092239,1700031A10Rik,0,0,0,0,0,0,0,0,0,0,0,0
ENSMUSG00000036492,Rnf39,0,1,1,0,0,0,1,0,1,3,2,0
ENSMUSG00000036398,Ppp1r11,1740,1895,1279,1510,1470,1090,1568,1665,1787,1635,1544,1504
ENSMUSG00000036315,Znrd1,423,554,374,419,455,226,483,438,456,378,491,407
ENSMUSG00000036214,Znrd1as,39,51,33,33,67,51,41,40,35,35,45,57
ENSMUSG00002076029,#N/A,0,0,0,0,0,0,0,0,0,0,0,0
ENSMUSG00000083534,H2-M6-ps,0,0,0,0,0,0,0,0,0,0,0,0
ENSMUSG00000064308,2410137M14Rik,0,0,0,0,0,2,0,0,0,0,0,0
ENSMUSG00000024459,H2-M5,1,0,0,0,2,0,0,0,0,0,1,0
ENSMUSG00000036036,Zfp57,13,11,9,18,7,6,5,7,7,9,8,5
ENSMUSG00000076439,Mog,0,0,0,0,0,0,0,0,0,0,0,0
ENSMUSG00002076600,#N/A,0,0,0,0,0,0,0,0,0,0,0,0
ENSMUSG00000024462,Gabbr1,360,328,273,256,249,125,194,256,313,302,372,358
ENSMUSG00000056600,Olfr90,0,0,0,0,0,1,0,0,0,1,0,0
ENSMUSG00000095377,Olfr91,0,0,0,0,0,0,0,0,0,0,0,0
ENSMUSG00000096477,Olfr92,0,0,0,0,0,0,0,0,0,0,0,0
ENSMUSG00000092339,Gm4831,0,0,0,0,0,1,0,0,0,0,0,0
ENSMUSG00000092223,Gm19807,0,4,2,3,7,2,1,0,2,0,0,0
ENSMUSG00000091601,Olfr93,0,0,0,0,0,0,0,0,0,0,0,0
ENSMUSG00000092408,Vhl-ps1,0,2,0,1,0,0,0,0,0,0,1,0
ENSMUSG00000090556,Olfr753-ps1,1,0,0,0,0,0,1,1,1,1,0,0
ENSMUSG00000092270,Gm7031,0,0,0,0,0,0,0,0,0,0,0,0
ENSMUSG00000035186,Ubd,23,28,36,68,22,17,92,91,34,23,12,9
ENSMUSG00000043827,Olfr94,0,0,0,0,0,0,0,0,0,0,0,0
ENSMUSG00000049561,Olfr95,0,0,0,1,3,9,0,0,0,0,1,1
ENSMUSG00000064121,Olfr96,0,0,0,0,0,0,0,0,0,0,0,0
ENSMUSG00000058802,Olfr97,0,0,0,0,0,0,1,0,0,0,0,0
ENSMUSG00000092340,Olfr754-ps1,0,0,0,0,0,0,0,0,0,0,0,0
ENSMUSG00000115039,Gm7043,1,0,0,0,0,2,0,1,1,0,0,1
ENSMUSG00000091530,Cldn20,0,0,0,0,0,0,0,0,0,0,0,0
ENSMUSG00000062327,T,0,0,0,0,0,0,0,0,0,0,0,0
ENSMUSG00000084390,Gm15425,0,0,1,2,0,0,1,0,0,0,0,2
ENSMUSG00000099104,Gm17087,6,5,5,7,5,4,4,1,4,2,4,5
ENSMUSG00000102863,Gm37639,5,4,8,7,1,4,5,2,7,5,3,5
ENSMUSG00000103558,Gm38220,22,16,20,22,2,7,6,24,24,28,6,8
ENSMUSG00000117103,Gm49916,0,0,0,0,0,0,0,0,0,0,0,0
ENSMUSG00000117107,Gm18738,0,0,0,0,0,0,0,0,0,0,0,0
ENSMUSG00002075261,#N/A,0,0,0,0,0,0,0,0,0,0,1,0
ENSMUSG00000091831,Gm4707,9,8,13,11,12,7,7,15,9,8,10,5
ENSMUSG00000118105,Gm17814,0,0,0,0,0,0,0,0,0,0,0,0
ENSMUSG00000036775,Decr2,137,155,115,108,121,53,113,121,121,89,137,102
ENSMUSG00000024177,Nme4,94,64,51,52,78,21,61,61,59,47,92,114
ENSMUSG00000049124,Gm8186,1,3,4,2,12,0,7,4,5,1,1,4
ENSMUSG00000024180,Tmem8,156,199,113,119,150,60,149,160,175,130,153,158
ENSMUSG00000024181,Mrpl28,681,785,641,677,810,228,770,623,788,653,718,745
ENSMUSG00000117374,Gm49983,0,0,0,0,0,0,0,0,0,0,0,0
ENSMUSG00000024184,Pdia2,22,36,36,32,20,9,30,27,19,17,22,29
ENSMUSG00000073433,Arhgdig,279,345,266,276,195,62,307,270,290,266,231,256
ENSMUSG00000024186,Rgs11,126,142,124,110,63,25,116,123,139,117,111,89
ENSMUSG00000024187,Fam234a,84,93,51,48,59,20,71,71,62,61,56,57
ENSMUSG00000088273,Gm23123,0,0,0,0,0,0,0,0,0,0,0,0
ENSMUSG00000117513,Gm3946,0,0,0,0,0,1,0,0,0,0,0,0
ENSMUSG00000117622,Gm20026,0,0,0,0,1,0,0,0,0,0,0,0
ENSMUSG00000117609,Gm50007,0,0,0,0,0,0,0,0,0,0,0,0
ENSMUSG00000024188,Luc7l,3360,3588,3332,3136,3520,2214,2879,3146,3387,3017,3275,3270
ENSMUSG00000117596,Gm50013,0,0,0,0,0,0,0,0,0,0,0,0
ENSMUSG00000089764,Gm16580,155,191,134,135,150,157,169,181,110,112,114,125
ENSMUSG00000084893,Hba-ps4,0,0,0,0,0,0,0,0,0,0,0,0
ENSMUSG00000024182,Axin1,2506,2727,2069,2171,1969,844,1793,2244,2308,2104,1974,1796
ENSMUSG00000023926,Rhag,0,0,0,0,0,0,0,0,0,0,0,0
ENSMUSG00000098082,Gm20574,0,0,0,0,0,0,0,0,0,0,0,0
ENSMUSG00000054951,9130008F23Rik,1,7,5,1,1,0,7,5,1,3,5,3
ENSMUSG00000091043,Glyatl3,0,0,1,0,0,0,0,0,0,0,0,0
ENSMUSG00002075699,#N/A,0,0,0,0,0,0,0,0,0,0,0,0
ENSMUSG00000023919,Cenpq,309,353,303,323,409,474,364,396,303,306,408,336
ENSMUSG00000002307,Daxx,1119,1079,881,920,952,388,907,1051,1047,884,954,850
ENSMUSG00000024308,Tapbp,5850,6547,4588,4939,2981,1167,5308,5773,5648,5303,3281,3265
ENSMUSG00000051390,Zbtb22,626,640,443,510,504,194,439,501,542,510,410,415
ENSMUSG00000101438,Gm19412,26,20,25,11,14,15,16,28,17,28,17,11
ENSMUSG00000041354,Rgl2,315,291,247,229,402,101,245,259,307,274,470,464
ENSMUSG00000024309,Pfdn6,831,1023,840,926,1123,556,958,917,1080,927,1060,994
ENSMUSG00000117603,Gm50037,0,0,0,1,1,0,1,0,1,0,0,0
ENSMUSG00000024312,Wdr46,3221,3396,2462,2678,2692,1397,2282,2510,3218,2970,2843,2696
ENSMUSG00000067370,B3galt4,114,93,72,75,78,37,84,87,131,111,141,123
ENSMUSG00000008668,Rps18,3793,3968,2951,3197,2947,1234,3160,2884,3953,3513,2610,3083
ENSMUSG00000024319,Vps52,1833,1780,1339,1404,1410,633,1250,1390,1511,1405,1538,1397
ENSMUSG00000084601,Gm23111,0,1,0,1,0,0,0,1,1,0,2,1
ENSMUSG00000067203,H2-K2,36,33,40,51,35,23,38,48,42,40,35,37
ENSMUSG00000092512,Gm4152,0,0,0,0,0,0,0,0,1,0,0,0
ENSMUSG00000118084,AA388235,1,0,5,3,2,1,4,2,4,2,3,5
ENSMUSG00000061232,H2-K1,29916,34399,27346,30724,28540,13452,30022,30700,32958,29953,27116,26336
ENSMUSG00000118082,Gm7326,0,0,0,0,0,0,0,0,0,0,0,0
ENSMUSG00000024325,Ring1,473,473,310,347,413,180,298,316,512,395,430,479
ENSMUSG00000092338,Gm26940,0,0,0,0,0,0,0,0,0,0,0,0
ENSMUSG00000065555,Mir219a-1,0,0,0,0,0,0,0,0,0,0,0,1
ENSMUSG00000105964,Mir219c,0,0,0,0,1,0,0,0,5,0,1,0
ENSMUSG00000073422,H2-Ke6,13,12,8,8,9,3,9,6,14,9,13,14
ENSMUSG00000092595,Gm20427,6,6,3,2,4,1,1,5,0,2,3,2
ENSMUSG00000024327,Slc39a7,193,143,143,137,160,56,96,129,178,140,130,148
ENSMUSG00000039656,Rxrb,1016,1022,879,875,1013,285,830,807,1123,914,1056,998
ENSMUSG00000024330,Col11a2,269,240,280,265,295,93,233,271,271,239,324,279
ENSMUSG00000092383,H2-Pb,0,0,0,0,0,0,0,0,0,0,0,0
ENSMUSG00000098197,BC051537,0,1,2,0,1,1,1,0,0,0,0,0
ENSMUSG00000098241,H2-Pa,0,0,0,0,0,0,0,1,0,0,0,0
ENSMUSG00000024334,H2-Oa,462,530,339,425,246,135,351,353,419,369,228,197
ENSMUSG00000117772,Gm50333,0,0,0,0,0,0,0,0,0,0,0,0
ENSMUSG00000024335,Brd2,9838,10343,8467,8360,8522,5251,7714,9747,9362,8563,8663,7677
ENSMUSG00000117829,Gm50336,4,1,1,5,1,0,1,1,4,2,2,3
ENSMUSG00000118026,Gm50335,0,0,0,0,0,0,0,0,0,0,0,2
ENSMUSG00000092246,Gm20493,0,0,0,0,0,0,0,0,0,0,0,0
ENSMUSG00000100384,Gm28489,0,0,0,0,0,0,0,0,0,0,0,0
ENSMUSG00000100216,Gm21867,0,0,0,0,0,0,0,0,0,0,0,0
ENSMUSG00000099641,Gm29448,0,0,0,0,0,0,0,0,0,0,0,0
ENSMUSG00000100271,Gm21127,0,0,0,0,0,0,0,0,0,0,0,0
ENSMUSG00000099695,Gm28488,0,0,0,0,0,0,0,0,0,0,0,0
ENSMUSG00000095634,Gm20816,0,0,0,0,0,0,0,0,0,0,0,0
ENSMUSG00000100399,Gm28491,0,0,0,0,0,0,0,0,0,0,0,0
ENSMUSG00000101393,Gm29447,0,0,0,0,0,0,0,0,0,0,0,0
ENSMUSG00000100885,Gm29446,0,0,0,0,0,0,0,0,0,0,0,0
ENSMUSG00000101120,Gm29452,0,0,0,0,0,0,0,0,0,0,0,0
ENSMUSG00000101216,Gm29451,0,0,0,0,0,0,0,0,0,0,0,0
ENSMUSG00000100032,Gm20817,0,0,0,0,0,0,0,0,0,0,0,0
ENSMUSG00000094789,Gm28490,0,0,0,0,0,0,0,0,0,0,0,0
ENSMUSG00000101080,Gm28633,0,0,0,0,0,0,0,0,0,0,0,0
ENSMUSG00000094444,Gm21562,0,0,0,0,0,0,0,0,0,0,0,0
ENSMUSG00000100308,Gm29410,0,0,0,0,0,0,0,0,0,0,0,0
ENSMUSG00000101423,Gm28298,0,0,0,0,0,0,0,0,0,0,0,0
ENSMUSG00000095626,Gm21572,0,0,0,0,0,0,0,0,0,0,0,0
ENSMUSG00000101761,Gm28297,0,0,0,0,0,0,0,0,0,0,0,0
ENSMUSG00000101106,Gm28819,0,0,0,0,0,0,0,0,0,0,0,0
ENSMUSG00000099493,Gm21753,0,0,0,0,0,0,0,0,0,0,0,0
ENSMUSG00000096777,Gm21723,0,0,0,0,0,0,0,0,0,0,0,0
ENSMUSG00000102119,Gm28462,0,0,0,0,0,0,0,0,0,0,0,0
ENSMUSG00000101147,Gm20818,0,0,0,0,0,0,0,0,0,0,0,0
ENSMUSG00000101143,Gm21151,0,0,0,0,0,0,0,0,0,0,0,0
ENSMUSG00000100739,Gm28296,0,0,0,0,0,0,0,0,0,0,0,0
ENSMUSG00000095345,Gm21821,0,0,0,0,0,0,0,0,0,0,0,0
ENSMUSG00000102005,Gm29409,0,0,0,0,0,0,0,0,0,0,0,0
ENSMUSG00000101491,Gm28632,0,0,0,0,0,0,0,0,0,0,0,0
ENSMUSG00000100709,Gm28295,0,0,0,0,0,0,0,0,0,0,0,0
ENSMUSG00000095968,Gm21842,0,0,0,0,0,0,0,0,0,0,0,0
ENSMUSG00000100624,Gm28101,0,0,0,0,0,0,0,0,0,0,0,0
ENSMUSG00000101779,Gm28170,0,0,0,0,0,0,0,0,0,0,0,0
ENSMUSG00000094529,Gm21744,0,0,0,0,0,0,0,0,0,0,0,0
ENSMUSG00000102388,Gm33815,0,0,0,0,0,0,0,0,0,0,0,0
ENSMUSG00000102131,Gm21160,0,0,0,0,0,0,0,0,0,0,0,0
ENSMUSG00000101745,Gm28764,0,0,0,0,0,0,0,0,0,0,0,0
ENSMUSG00000094699,Gm28637,0,0,0,0,0,0,0,0,0,0,0,0
ENSMUSG00000100659,Gm28636,0,0,0,0,0,0,0,0,0,0,0,0
ENSMUSG00000101254,Gm20932,0,0,0,0,0,0,0,0,0,0,0,0
ENSMUSG00000100957,Gm28762,0,0,0,0,0,0,0,0,0,0,0,0
ENSMUSG00000100976,Gm29134,0,0,0,0,0,0,0,0,0,0,0,0
ENSMUSG00000099756,Gm28763,0,0,0,0,0,0,0,0,0,0,0,0
ENSMUSG00000100489,Gm28303,0,0,0,0,0,0,0,0,0,0,0,0
ENSMUSG00000101239,Gm28304,0,0,0,0,0,0,0,0,0,0,0,0
ENSMUSG00000100971,Gm28824,0,0,0,0,0,0,0,0,0,0,0,0
ENSMUSG00000099555,Gm28081,0,0,0,0,0,0,0,0,0,0,0,0
ENSMUSG00000101369,Gm28080,0,0,0,0,0,0,0,0,0,0,0,0
ENSMUSG00000101096,Gm21524,0,0,0,0,0,0,0,0,0,0,0,0
ENSMUSG00000095263,Gm21094,0,0,0,0,0,0,0,0,0,0,0,0
ENSMUSG00000096272,Gm21588,0,0,0,0,0,0,0,0,0,0,0,0
ENSMUSG00000099426,Gm28761,0,0,0,0,0,0,0,0,0,0,0,0
ENSMUSG00000096711,Gm21599,0,0,0,0,0,0,0,0,0,0,0,0
ENSMUSG00000101728,Gm28765,0,0,0,0,0,0,0,0,0,0,0,0
ENSMUSG00000100509,Gm21810,0,0,0,0,0,0,0,0,0,0,0,0
ENSMUSG00000095553,Gm21916,0,0,0,0,0,0,0,0,0,0,0,0
ENSMUSG00000099550,Gm28079,0,0,0,0,0,0,0,0,0,0,0,0
ENSMUSG00000102065,Gm28302,0,0,0,0,0,0,0,0,0,0,0,0
ENSMUSG00000101099,Gm29191,0,0,0,0,0,0,0,0,0,0,0,0
ENSMUSG00000100278,Gm28082,0,0,0,0,0,0,0,0,0,0,0,0
ENSMUSG00000095049,Gm21756,0,0,0,0,0,0,0,0,0,0,0,0
ENSMUSG00000100692,Gm21672,0,0,0,0,0,0,0,0,0,0,0,0
ENSMUSG00000101601,Gm28210,0,0,0,0,0,0,0,0,0,0,0,0
ENSMUSG00000099530,Gm29644,0,0,0,0,0,0,0,0,0,0,0,0
ENSMUSG00000101516,Gm29074,0,0,0,0,0,0,0,0,0,0,0,0
ENSMUSG00000101359,Gm28211,0,0,0,0,0,0,0,0,0,0,0,0
ENSMUSG00000094052,Gm21118,0,0,0,0,0,0,0,0,0,0,0,0
ENSMUSG00000100790,Gm28518,0,0,0,0,0,0,0,0,0,0,0,0
ENSMUSG00000101302,Gm28519,0,0,0,0,0,0,0,0,0,0,0,0
ENSMUSG00000102125,Gm28520,0,0,0,0,0,0,0,0,0,0,0,0
ENSMUSG00000101725,Gm29423,0,0,0,0,0,0,0,0,0,0,0,0
ENSMUSG00000099948,Gm29424,0,0,0,0,0,0,0,0,0,0,0,0
ENSMUSG00000104442,4932431L22Rik,0,0,0,0,0,0,0,0,0,0,0,0
ENSMUSG00000101440,Gm29425,0,0,0,0,0,0,0,0,0,0,0,0
ENSMUSG00000095011,Gm20838,0,0,0,0,0,0,0,0,0,0,0,0
ENSMUSG00000094616,Gm20888,0,0,0,0,0,0,0,0,0,0,0,0
ENSMUSG00000094064,Gm21626,0,0,0,0,0,0,0,0,0,0,0,0
ENSMUSG00000100653,Gm28238,0,0,0,0,0,0,0,0,0,0,0,0
ENSMUSG00000101421,Gm28433,0,0,0,0,0,0,0,0,0,0,0,0
ENSMUSG00000099461,Gm28521,0,0,0,0,0,0,0,0,0,0,0,0
ENSMUSG00000101706,Gm28431,0,0,0,0,0,0,0,0,0,0,0,0
ENSMUSG00000096532,Gm21633,0,0,0,0,0,0,0,0,0,0,0,0
ENSMUSG00000101627,Gm28432,0,0,0,0,0,0,0,0,0,0,0,0
ENSMUSG00000101852,Gm20886,0,0,0,0,0,0,0,0,0,0,0,0
ENSMUSG00000101681,Gm28522,0,0,0,0,0,0,0,0,0,0,0,0
ENSMUSG00000099438,Gm21808,0,0,0,0,0,0,0,0,0,0,0,0
ENSMUSG00000101870,Gm21745,0,0,0,0,0,0,0,0,0,0,0,0
ENSMUSG00000101472,Gm28517,0,0,0,0,0,0,0,0,0,0,0,0
ENSMUSG00000101407,Gm29532,0,0,0,0,0,0,0,0,0,0,0,0
ENSMUSG00000099500,Gm29531,0,0,0,0,0,0,0,0,0,0,0,0
ENSMUSG00000101786,Gm28840,0,0,0,0,0,0,0,0,0,0,0,0
ENSMUSG00000100097,Gm28464,0,0,0,0,0,0,0,0,0,0,0,0
ENSMUSG00000099806,Gm28841,0,0,0,0,0,0,0,0,0,0,0,0
ENSMUSG00000101474,Gm29656,0,0,0,0,0,0,0,0,0,0,0,0
ENSMUSG00000099704,Gm28842,0,0,0,0,0,0,0,0,0,0,0,0
ENSMUSG00000101383,Gm28843,0,0,0,0,0,0,0,0,0,0,0,0
ENSMUSG00000099737,Gm29655,0,0,0,0,0,0,0,0,0,0,0,0
ENSMUSG00000099914,Gm28837,0,0,0,0,0,0,0,0,0,0,0,0
ENSMUSG00000101417,Gm21647,0,0,0,0,0,0,0,0,0,0,0,0
ENSMUSG00000101654,Gm29653,0,0,0,0,0,0,0,0,0,0,0,0
ENSMUSG00000099369,Gm28838,0,0,0,0,0,0,0,0,0,0,0,0
ENSMUSG00000101808,Gm29654,0,0,0,0,0,0,0,0,0,0,0,0
ENSMUSG00000101893,Gm28839,0,0,0,0,0,0,0,0,0,0,0,0
ENSMUSG00000099910,Gm29651,0,0,0,0,0,0,0,0,0,0,0,0
ENSMUSG00000100442,Gm20866,0,0,0,0,0,0,0,0,0,0,0,0
ENSMUSG00000101518,Gm20868,0,0,0,0,0,0,0,0,0,0,0,0
ENSMUSG00000099818,Gm29652,0,0,0,0,0,0,0,0,0,0,0,0
ENSMUSG00000100500,Gm29080,0,0,0,0,0,0,0,0,0,0,0,0
ENSMUSG00000100677,Gm21184,0,0,0,0,0,0,0,0,0,0,0,0
ENSMUSG00000100171,Gm21201,0,0,0,0,0,0,0,0,0,0,0,0
ENSMUSG00000101374,Gm28844,0,0,0,0,0,0,0,0,0,0,0,0
ENSMUSG00000101255,Gm21841,0,0,0,0,0,0,0,0,0,0,0,0
ENSMUSG00000099463,Gm29081,0,0,0,0,0,0,0,0,0,0,0,0
ENSMUSG00000101713,Gm28668,0,0,0,0,0,0,0,0,0,0,0,0
ENSMUSG00000100745,Gm29077,0,0,0,0,0,0,0,0,0,0,0,0
ENSMUSG00000101341,Gm29076,0,0,0,0,0,0,0,0,0,0,0,0
ENSMUSG00000099531,Gm20869,0,0,0,0,0,0,0,0,0,0,0,0
ENSMUSG00000100193,Gm29079,0,0,0,0,0,0,0,0,0,0,0,0
ENSMUSG00000100008,Gm28481,0,0,0,0,0,0,0,0,0,0,0,0
ENSMUSG00000099651,Gm29078,0,0,0,0,0,0,0,0,0,0,0,0
ENSMUSG00000101134,Gm28482,0,0,0,0,0,0,0,0,0,0,0,0
ENSMUSG00000101787,Gm20853,0,0,0,0,0,0,0,0,0,0,0,0
ENSMUSG00000100537,Gm28485,0,0,0,0,0,0,0,0,0,0,0,0
ENSMUSG00000101043,Gm29075,0,0,0,0,0,0,0,0,0,0,0,0
ENSMUSG00000100535,Gm20870,0,0,0,0,0,0,0,0,0,0,0,0
ENSMUSG00000099390,Gm29225,0,0,0,0,0,0,0,0,0,0,0,0
ENSMUSG00000099738,Gm28483,0,0,0,0,0,0,0,0,0,0,0,0
ENSMUSG00000100422,Gm29226,0,0,0,0,0,0,0,0,0,0,0,0
ENSMUSG00000101988,Gm28484,0,0,0,0,0,0,0,0,0,0,0,0
ENSMUSG00000100385,Gm29227,0,0,0,0,0,0,0,0,0,0,0,0
ENSMUSG00000101336,Gm28480,0,0,0,0,0,0,0,0,0,0,0,0
ENSMUSG00000100064,Gm28339,0,0,0,0,0,0,0,0,0,0,0,0
ENSMUSG00000101593,Gm20842,0,0,0,0,0,0,0,0,0,0,0,0
ENSMUSG00000095793,Gm20855,0,0,0,0,0,0,0,0,0,0,0,0
ENSMUSG00000101444,Gm29179,0,0,0,0,0,0,0,0,0,0,0,0
ENSMUSG00000099733,Gm21880,0,0,0,0,0,0,0,0,0,0,0,0
ENSMUSG00000101339,Gm29180,0,0,0,0,0,0,0,0,0,0,0,0
ENSMUSG00000101626,Gm29386,0,0,0,0,0,0,0,0,0,0,0,0
ENSMUSG00000099731,Gm29181,0,0,0,0,0,0,0,0,0,0,0,0
ENSMUSG00000101091,Gm29384,0,0,0,0,0,0,0,0,0,0,0,0
ENSMUSG00000100229,Gm21896,0,0,0,0,0,0,0,0,0,0,0,0
ENSMUSG00000101691,Gm29280,0,0,0,0,0,0,0,0,0,0,0,0
ENSMUSG00000100540,Gm20799,0,0,0,0,0,0,0,0,0,0,0,0
ENSMUSG00000100244,Gm29279,0,0,0,0,0,0,0,0,0,0,0,0
ENSMUSG00000096902,Gm20843,0,0,0,0,0,0,0,0,0,0,0,0
ENSMUSG00000100694,Gm29182,0,0,0,0,0,0,0,0,0,0,0,0
ENSMUSG00000099799,Gm28260,0,0,0,0,0,0,0,0,0,0,0,0
ENSMUSG00000099999,Gm21795,0,0,0,0,0,0,0,0,0,0,0,0
ENSMUSG00000101844,Gm20844,0,0,0,0,0,0,0,0,0,0,0,0
ENSMUSG00000101806,Gm28261,0,0,0,0,0,0,0,0,0,0,0,0
ENSMUSG00000101632,Gm28264,0,0,0,0,0,0,0,0,0,0,0,0
ENSMUSG00000099525,Gm21872,0,0,0,0,0,0,0,0,0,0,0,0
ENSMUSG00000100749,Gm20798,0,0,0,0,0,0,0,0,0,0,0,0
ENSMUSG00000099963,Gm28463,0,0,0,0,0,0,0,0,0,0,0,0
ENSMUSG00000100898,Gm29178,0,0,0,0,0,0,0,0,0,0,0,0
ENSMUSG00000100299,Gm28584,0,0,0,0,0,0,0,0,0,0,0,0
ENSMUSG00000101857,Gm21757,0,0,0,0,0,0,0,0,0,0,0,0
ENSMUSG00000101127,Gm28585,0,0,0,0,0,0,0,0,0,0,0,0
ENSMUSG00000101836,Gm28968,0,0,0,0,0,0,0,0,0,0,0,0
ENSMUSG00000102008,Gm28495,0,0,0,0,0,0,0,0,0,0,0,0
ENSMUSG00000100869,Gm20846,0,0,0,0,0,0,0,0,0,0,0,0
ENSMUSG00000101277,Gm20847,0,0,0,0,0,0,0,0,0,0,0,0
ENSMUSG00000099371,Gm20848,0,0,0,0,0,0,0,0,0,0,0,0
ENSMUSG00000102129,Gm28969,0,0,0,0,0,0,0,0,0,0,0,0
ENSMUSG00000100359,Gm21766,0,0,0,0,0,0,0,0,0,0,0,0
ENSMUSG00000099495,Gm20800,0,0,0,0,0,0,0,0,0,0,0,0
ENSMUSG00000101747,Gm21683,0,0,0,0,0,0,0,0,0,0,0,0
ENSMUSG00000096650,Gm20896,0,0,0,0,0,0,0,0,0,0,0,0
ENSMUSG00000102058,Gm28470,0,0,0,0,0,0,0,0,0,0,0,0
ENSMUSG00000100034,Gm28469,0,0,0,0,0,0,0,0,0,0,0,0
ENSMUSG00000099589,Gm21898,0,0,0,0,0,0,0,0,0,0,0,0
ENSMUSG00000100263,Gm28468,0,0,0,0,0,0,0,0,0,0,0,0
ENSMUSG00000100379,Gm28677,0,0,0,0,0,0,0,0,0,0,0,0
ENSMUSG00000101575,Gm20898,0,0,0,0,0,0,0,0,0,0,0,0
ENSMUSG00000101715,Gm21855,0,0,0,0,0,0,0,0,0,0,0,0
ENSMUSG00000100785,Gm29333,0,0,0,0,0,0,0,0,0,0,0,0
ENSMUSG00000101425,Gm29255,0,0,0,0,0,0,0,0,0,0,0,0
ENSMUSG00000100698,Gm20902,0,0,0,0,0,0,0,0,0,0,0,0
ENSMUSG00000099822,Gm28332,0,0,0,0,0,0,0,0,0,0,0,0
ENSMUSG00000099547,Gm28678,0,0,0,0,0,0,0,0,0,0,0,0
ENSMUSG00000101781,Gm28333,0,0,0,0,0,0,0,0,0,0,0,0
ENSMUSG00000101271,Gm28334,0,0,0,0,0,0,0,0,0,0,0,0
ENSMUSG00000099504,Gm28335,0,0,0,0,0,0,0,0,0,0,0,0
ENSMUSG00000099782,Gm20903,0,0,0,0,0,0,0,0,0,0,0,0
ENSMUSG00000101377,Gm28336,0,0,0,0,0,0,0,0,0,0,0,0
ENSMUSG00000101038,Gm28272,0,0,0,0,0,0,0,0,0,0,0,0
ENSMUSG00000101709,Gm28337,0,0,0,0,0,0,0,0,0,0,0,0
ENSMUSG00000100604,Gm29256,0,0,0,0,0,0,0,0,0,0,0,0
ENSMUSG00000099554,Gm28259,0,0,0,0,0,0,0,0,0,0,0,0
ENSMUSG00000099814,Gm28338,0,0,0,0,0,0,0,0,0,0,0,0
ENSMUSG00000101757,Gm28273,0,0,0,0,0,0,0,0,0,0,0,0
ENSMUSG00000100316,Gm28812,0,0,0,0,0,0,0,0,0,0,0,0
ENSMUSG00000101284,Gm28811,0,0,0,0,0,0,0,0,0,0,0,0
ENSMUSG00000100179,Gm21715,0,0,0,0,0,0,0,0,0,0,0,0
ENSMUSG00000100651,Gm28810,0,0,0,0,0,0,0,0,0,0,0,0
ENSMUSG00000101933,Gm20835,0,0,0,0,0,0,0,0,0,0,0,0
ENSMUSG00000100647,Gm29027,0,0,0,0,0,0,0,0,0,0,0,0
ENSMUSG00000101815,Gm29028,0,0,0,0,0,0,0,0,0,0,0,0
ENSMUSG00000099685,Gm29617,0,0,0,0,0,0,0,0,0,0,0,0
ENSMUSG00000101538,Gm29029,0,0,0,0,0,0,0,0,0,0,0,0
ENSMUSG00000100251,Gm29615,0,0,0,0,0,0,0,0,0,0,0,0
ENSMUSG00000100983,Gm29030,0,0,0,0,0,0,0,0,0,0,0,0
ENSMUSG00000101774,Gm29616,0,0,0,0,0,0,0,0,0,0,0,0
ENSMUSG00000101820,Gm29023,0,0,0,0,0,0,0,0,0,0,0,0
ENSMUSG00000100283,Gm29024,0,0,0,0,0,0,0,0,0,0,0,0
ENSMUSG00000099883,Gm21784,0,0,0,0,0,0,0,0,0,0,0,0
ENSMUSG00000099832,Gm29025,0,0,0,0,0,0,0,0,0,0,0,0
ENSMUSG00000100363,Gm20805,0,0,0,0,0,0,0,0,0,0,0,0
ENSMUSG00000101246,Gm29026,0,0,0,0,0,0,0,0,0,0,0,0
ENSMUSG00000100276,Gm29618,0,0,0,0,0,0,0,0,0,0,0,0
ENSMUSG00000101382,Gm28213,0,0,0,0,0,0,0,0,0,0,0,0
ENSMUSG00000101318,Gm29109,0,0,0,0,0,0,0,0,0,0,0,0
ENSMUSG00000099967,Gm28212,0,0,0,0,0,0,0,0,0,0,0,0
ENSMUSG00000100805,Gm29108,0,0,0,0,0,0,0,0,0,0,0,0
ENSMUSG00000101161,Gm21799,0,0,0,0,0,0,0,0,0,0,0,0
ENSMUSG00000100705,Gm28227,0,0,0,0,0,0,0,0,0,0,0,0
ENSMUSG00000101528,Gm29110,0,0,0,0,0,0,0,0,0,0,0,0
ENSMUSG00000099661,Gm28781,0,0,0,0,0,0,0,0,0,0,0,0
ENSMUSG00000101157,Gm20905,0,0,0,0,0,0,0,0,0,0,0,0
ENSMUSG00000099712,Gm29411,0,0,0,0,0,0,0,0,0,0,0,0
ENSMUSG00000094507,Gm21913,0,0,0,0,0,0,0,0,0,0,0,0
ENSMUSG00000100115,Gm28174,0,0,0,0,0,0,0,0,0,0,0,0
ENSMUSG00000099586,Gm28222,0,0,0,0,0,0,0,0,0,0,0,0
ENSMUSG00002075716,#N/A,0,0,0,0,0,0,0,0,0,0,0,0
ENSMUSG00000100066,Gm21835,0,0,0,0,0,0,0,0,0,0,0,0
ENSMUSG00000101881,Gm21076,0,0,0,0,0,0,0,0,0,0,0,0
ENSMUSG00000101879,Gm28820,0,0,0,0,0,0,0,0,0,0,0,0
ENSMUSG00000101218,Gm29416,0,0,0,0,0,0,0,0,0,0,0,0
ENSMUSG00000099412,Gm28223,0,0,0,0,0,0,0,0,0,0,0,0
ENSMUSG00002075673,#N/A,0,0,0,0,0,0,0,0,0,0,0,0
ENSMUSG00000101831,Gm29412,0,0,0,0,0,0,0,0,0,0,0,0
ENSMUSG00000101128,Gm21869,0,0,0,0,0,0,0,0,0,0,0,0
ENSMUSG00000101788,Gm20813,0,0,0,0,0,0,0,0,0,0,0,0
ENSMUSG00000100428,Gm29413,0,0,0,0,0,0,0,0,0,0,0,0
ENSMUSG00000102087,Gm28790,0,0,0,0,0,0,0,0,0,0,0,0
ENSMUSG00000099601,Gm29671,0,0,0,0,0,0,0,0,0,0,0,0
ENSMUSG00000101704,Gm21878,0,0,0,0,0,0,0,0,0,0,0,0
ENSMUSG00000101428,Gm29272,0,0,0,0,0,0,0,0,0,0,0,0
ENSMUSG00000101349,Gm28162,0,0,0,0,0,0,0,0,0,0,0,0
ENSMUSG00000100140,Gm28789,0,0,0,0,0,0,0,0,0,0,0,0
ENSMUSG00000101710,Gm20922,0,0,0,0,0,0,0,0,0,0,0,0
ENSMUSG00000094575,Gm20738,0,0,0,0,0,0,0,0,0,0,0,0
ENSMUSG00000101146,Gm20814,0,0,0,0,0,0,0,0,0,0,0,0
ENSMUSG00000099499,Gm28787,0,0,0,0,0,0,0,0,0,0,0,0
ENSMUSG00000101213,Gm28788,0,0,0,0,0,0,0,0,0,0,0,0
ENSMUSG00000100952,Gm28545,0,0,0,0,0,0,0,0,0,0,0,0
ENSMUSG00000099730,Gm28547,0,0,0,0,0,0,0,0,0,0,0,0
ENSMUSG00000099896,Gm29278,0,0,0,0,0,0,0,0,0,0,0,0
ENSMUSG00000101873,Gm28546,0,0,0,0,0,0,0,0,0,0,0,0
ENSMUSG00000101980,Gm21922,0,0,0,0,0,0,0,0,0,0,0,0
ENSMUSG00000100203,Gm21924,0,0,0,0,0,0,0,0,0,0,0,0
ENSMUSG00000100669,Gm21111,0,0,0,0,0,0,0,0,0,0,0,0
ENSMUSG00000099460,Gm21735,0,0,0,0,0,0,0,0,0,0,0,0
ENSMUSG00000100260,Gm28608,0,0,0,0,0,0,0,0,0,0,0,0
ENSMUSG00000100675,Gm28607,0,0,0,0,0,0,0,0,0,0,0,0
ENSMUSG00000099807,Gm28771,0,0,0,0,0,0,0,0,0,0,0,0
ENSMUSG00000101435,Gm28772,0,0,0,0,0,0,0,0,0,0,0,0
ENSMUSG00000100544,Gm28606,0,0,0,0,0,0,0,0,0,0,0,0
ENSMUSG00000100883,Gm28773,0,0,0,0,0,0,0,0,0,0,0,0
ENSMUSG00000100902,Gm20850,0,0,0,0,0,0,0,0,0,0,0,0
ENSMUSG00000100892,Gm20897,0,0,0,0,0,0,0,0,0,0,0,0
ENSMUSG00000100673,Gm29574,0,0,0,0,0,0,0,0,0,0,0,0
ENSMUSG00000101050,Gm28774,0,0,0,0,0,0,0,0,0,0,0,0
ENSMUSG00000102025,Gm29575,0,0,0,0,0,0,0,0,0,0,0,0
ENSMUSG00000099793,Gm28775,0,0,0,0,0,0,0,0,0,0,0,0
ENSMUSG00000099944,Gm21875,0,0,0,0,0,0,0,0,0,0,0,0
ENSMUSG00000100226,Gm20904,0,0,0,0,0,0,0,0,0,0,0,0
ENSMUSG00000100699,Gm21765,0,0,0,0,0,0,0,0,0,0,0,0
ENSMUSG00000096438,Gapdh-ps15,1,0,0,0,1,0,0,0,0,0,0,0
ENSMUSG00000101957,Gm29576,0,0,0,0,0,0,0,0,0,0,0,0
ENSMUSG00000101071,Gm29577,0,0,0,0,0,0,0,0,0,0,0,0
ENSMUSG00000099351,Gm28776,0,0,0,0,0,0,0,0,0,0,0,0
ENSMUSG00000099489,Gm21787,0,0,0,0,0,0,0,0,0,0,0,0
ENSMUSG00000099425,Gm29573,0,0,0,0,0,0,0,0,0,0,0,0
ENSMUSG00000100845,Gm28770,0,0,0,0,0,0,0,0,0,0,0,0
ENSMUSG00000101020,Gm28377,0,0,0,0,0,0,0,0,0,0,0,0
ENSMUSG00000096275,Gm20901,0,0,0,0,0,0,0,0,0,0,0,0
ENSMUSG00000094404,Gm21776,0,0,0,0,0,0,0,0,0,0,0,0
ENSMUSG00000101408,Gm21155,0,0,0,0,0,0,0,0,0,0,0,0
ENSMUSG00000101771,Gm28176,0,0,0,0,0,0,0,0,0,0,0,0
ENSMUSG00000100719,Gm28786,0,0,0,0,0,0,0,0,0,0,0,0
ENSMUSG00000100643,Gm21163,0,0,0,0,0,0,0,0,0,0,0,0
ENSMUSG00000101898,Gm28122,0,0,0,0,0,0,0,0,0,0,0,0
ENSMUSG00000101740,Gm29360,0,0,0,0,0,0,0,0,0,0,0,0
ENSMUSG00000100050,Gm28121,0,0,0,0,0,0,0,0,0,0,0,0
ENSMUSG00000101292,Gm29496,0,0,0,0,0,0,0,0,0,0,0,0
ENSMUSG00000100588,Gm29497,0,0,0,0,0,0,0,0,0,0,0,0
ENSMUSG00000100708,Gm21173,0,0,0,0,0,0,0,0,0,0,0,0
ENSMUSG00000102050,Gm29499,0,0,0,0,0,0,0,0,0,0,0,0
ENSMUSG00000101238,Gm28123,0,0,0,0,0,0,0,0,0,0,0,0
ENSMUSG00000100406,Gm28120,0,0,0,0,0,0,0,0,0,0,0,0
ENSMUSG00000099526,Gm29313,0,0,0,0,0,0,0,0,0,0,0,0
ENSMUSG00000101040,Gm29498,0,0,0,0,0,0,0,0,0,0,0,0
ENSMUSG00000100560,Gm21180,0,0,0,0,0,0,0,0,0,0,0,0
ENSMUSG00000101272,Gm36782,0,0,0,0,0,0,0,0,0,0,0,0
ENSMUSG00000101478,Gm20859,0,0,0,0,0,0,0,0,0,0,0,0
ENSMUSG00000101633,Gm29839,0,0,0,0,0,0,0,0,0,0,0,0
ENSMUSG00000101283,Gm29314,0,0,0,0,0,0,0,0,0,0,0,0
ENSMUSG00000101727,Gm29495,0,0,0,0,0,0,0,0,0,0,0,0
ENSMUSG00000100907,Gm29310,0,0,0,0,0,0,0,0,0,0,0,0
ENSMUSG00000101124,Gm28371,0,0,0,0,0,0,0,0,0,0,0,0
ENSMUSG00000101960,Gm29311,0,0,0,0,0,0,0,0,0,0,0,0
ENSMUSG00000099723,Gm28595,0,0,0,0,0,0,0,0,0,0,0,0
ENSMUSG00000095179,Gm21638,0,0,0,0,0,0,0,0,0,0,0,0
ENSMUSG00000104381,Gm37032,0,0,0,0,0,0,0,0,0,0,0,0
ENSMUSG00000101917,Gm29312,0,0,0,0,0,0,0,0,0,0,0,0
ENSMUSG00000101205,Gm29308,0,0,0,0,0,0,0,0,0,0,0,0
ENSMUSG00000100526,Gm29309,0,0,0,0,0,0,0,0,0,0,0,0
ENSMUSG00000101785,Gm28702,0,0,0,0,0,0,0,0,0,0,0,0
ENSMUSG00000100149,Gm28701,0,0,0,0,0,0,0,0,0,0,0,0
ENSMUSG00000101602,Gm28700,0,0,0,0,0,0,0,0,0,0,0,0
ENSMUSG00000093895,Gm21865,0,0,0,0,0,0,0,0,0,0,0,0
ENSMUSG00000099953,Gm28699,0,0,0,0,0,0,0,0,0,0,0,0
ENSMUSG00000100043,Gm29433,0,0,0,0,0,0,0,0,0,0,0,0
ENSMUSG00000102032,Gm28705,0,0,0,0,0,0,0,0,0,0,0,0
ENSMUSG00000099786,Gm29215,0,0,0,0,0,0,0,0,0,0,0,0
ENSMUSG00000100823,Gm28704,0,0,0,0,0,0,0,0,0,0,0,0
ENSMUSG00000094354,Gm21882,0,0,0,0,0,0,0,0,0,0,0,0
ENSMUSG00000095725,Gm21801,0,0,0,0,0,0,0,0,0,0,0,0
ENSMUSG00000099416,Gm28540,0,0,0,0,0,0,0,0,0,0,0,0
ENSMUSG00000100900,Gm28850,0,0,0,0,0,0,0,0,0,0,0,0
ENSMUSG00000095433,Gm21914,0,0,0,0,0,0,0,0,0,0,0,0
ENSMUSG00000094647,Gm21650,0,0,0,0,0,0,0,0,0,0,0,0
ENSMUSG00000100508,Gm28617,0,0,0,0,0,0,0,0,0,0,0,0
ENSMUSG00000099646,Gm28541,0,0,0,0,0,0,0,0,0,0,0,0
ENSMUSG00000100771,Gm28618,0,0,0,0,0,0,0,0,0,0,0,0
ENSMUSG00000101090,Gm28619,0,0,0,0,0,0,0,0,0,0,0,0
ENSMUSG00000099535,Gm28542,0,0,0,0,0,0,0,0,0,0,0,0
ENSMUSG00000099606,Gm28537,0,0,0,0,0,0,0,0,0,0,0,0
ENSMUSG00000100063,Gm28538,0,0,0,0,0,0,0,0,0,0,0,0
ENSMUSG00000100644,Gm20793,0,0,0,0,0,0,0,0,0,0,0,0
ENSMUSG00002075449,#N/A,0,0,0,0,0,0,0,0,0,0,0,0
ENSMUSG00002074974,#N/A,0,0,0,0,0,0,0,0,0,0,0,0
ENSMUSG00000100722,Gm29569,0,0,0,0,0,0,0,0,0,0,0,0
ENSMUSG00000096898,Gm20867,0,0,0,0,0,0,0,0,0,0,0,0
ENSMUSG00000099379,Gm28993,0,0,0,0,0,0,0,0,0,0,0,0
ENSMUSG00000101017,Gm21658,0,0,0,0,0,0,0,0,0,0,0,0
ENSMUSG00000100070,Gm28994,0,0,0,0,0,0,0,0,0,0,0,0
ENSMUSG00000100366,Gm29568,0,0,0,0,0,0,0,0,0,0,0,0
ENSMUSG00000096885,Gm21797,0,0,0,0,0,0,0,0,0,0,0,0
ENSMUSG00000100888,Gm29567,0,0,0,0,0,0,0,0,0,0,0,0
ENSMUSG00000100433,Gm21198,0,0,0,0,0,0,0,0,0,0,0,0
ENSMUSG00000102111,Gm29566,0,0,0,0,0,0,0,0,0,0,0,0
ENSMUSG00000101060,Gm29565,0,0,0,0,0,0,0,0,0,0,0,0
ENSMUSG00000099792,Gm29564,0,0,0,0,0,0,0,0,0,0,0,0
ENSMUSG00000099497,Gm29147,0,0,0,0,0,0,0,0,0,0,0,0
ENSMUSG00000099479,Gm29146,0,0,0,0,0,0,0,0,0,0,0,0
ENSMUSG00000101115,Gm28664,0,0,0,0,0,0,0,0,0,0,0,0
ENSMUSG00000100849,Gm28663,0,0,0,0,0,0,0,0,0,0,0,0
ENSMUSG00000095452,Gm20795,0,0,0,0,0,0,0,0,0,0,0,0
ENSMUSG00000101194,Gm29149,0,0,0,0,0,0,0,0,0,0,0,0
ENSMUSG00000100797,Gm28596,0,0,0,0,0,0,0,0,0,0,0,0
ENSMUSG00000099742,Gm29148,0,0,0,0,0,0,0,0,0,0,0,0
ENSMUSG00000099645,Gm20832,0,0,0,0,0,0,0,0,0,0,0,0
ENSMUSG00000100999,Gm29145,0,0,0,0,0,0,0,0,0,0,0,0
ENSMUSG00000101562,Gm29144,0,0,0,0,0,0,0,0,0,0,0,0
ENSMUSG00000100091,Gm28597,0,0,0,0,0,0,0,0,0,0,0,0
ENSMUSG00000101321,Gm28817,0,0,0,0,0,0,0,0,0,0,0,0
ENSMUSG00000100649,Gm28428,0,0,0,0,0,0,0,0,0,0,0,0
ENSMUSG00000100328,Gm28816,0,0,0,0,0,0,0,0,0,0,0,0
ENSMUSG00000100196,Gm20827,0,0,0,0,0,0,0,0,0,0,0,0
ENSMUSG00000101098,Gm20808,0,0,0,0,0,0,0,0,0,0,0,0
ENSMUSG00000099628,Gm28427,0,0,0,0,0,0,0,0,0,0,0,0
ENSMUSG00000096120,Gm21800,0,0,0,0,0,0,0,0,0,0,0,0
ENSMUSG00000094739,Gm20806,0,0,0,0,0,0,0,0,0,0,0,0
ENSMUSG00000099897,Gm28426,0,0,0,0,0,0,0,0,0,0,0,0
ENSMUSG00000102071,Gm28815,0,0,0,0,0,0,0,0,0,0,0,0
ENSMUSG00000100741,Gm28814,0,0,0,0,0,0,0,0,0,0,0,0
ENSMUSG00000099785,Gm28425,0,0,0,0,0,0,0,0,0,0,0,0
ENSMUSG00000094071,Gm21729,0,0,0,0,0,0,0,0,0,0,0,0
ENSMUSG00000101804,Gm28813,0,0,0,0,0,0,0,0,0,0,0,0
ENSMUSG00000101536,Gm28834,0,0,0,0,0,0,0,0,0,0,0,0
ENSMUSG00000099621,Gm20919,0,0,0,0,0,0,0,0,0,0,0,0
ENSMUSG00000099652,Gm28833,0,0,0,0,0,0,0,0,0,0,0,0
ENSMUSG00000100737,Gm21774,0,0,0,0,0,0,0,0,0,0,0,0
ENSMUSG00000095867,Gm20917,0,0,0,0,0,0,0,0,0,0,0,0
ENSMUSG00000100784,Gm28421,0,0,0,0,0,0,0,0,0,0,0,0
ENSMUSG00000099780,Gm29537,0,0,0,0,0,0,0,0,0,0,0,0
ENSMUSG00000101044,Gm28420,0,0,0,0,0,0,0,0,0,0,0,0
ENSMUSG00000099849,Gm29274,0,0,0,0,0,0,0,0,0,0,0,0
ENSMUSG00000099670,Gm28423,0,0,0,0,0,0,0,0,0,0,0,0
ENSMUSG00000100822,Gm29275,0,0,0,0,0,0,0,0,0,0,0,0
ENSMUSG00000099636,Gm28422,0,0,0,0,0,0,0,0,0,0,0,0
ENSMUSG00000101471,Gm29276,0,0,0,0,0,0,0,0,0,0,0,0
ENSMUSG00000101455,Gm21805,0,0,0,0,0,0,0,0,0,0,0,0
ENSMUSG00000094746,Gm20916,0,0,0,0,0,0,0,0,0,0,0,0
ENSMUSG00000099700,Gm29645,0,0,0,0,0,0,0,0,0,0,0,0
ENSMUSG00000100494,Gm29033,0,0,0,0,0,0,0,0,0,0,0,0
ENSMUSG00000101811,Gm28312,0,0,0,0,0,0,0,0,0,0,0,0
ENSMUSG00000101118,Gm29034,0,0,0,0,0,0,0,0,0,0,0,0
ENSMUSG00000099833,Gm29165,0,0,0,0,0,0,0,0,0,0,0,0
ENSMUSG00000101748,Gm21823,0,0,0,0,0,0,0,0,0,0,0,0
ENSMUSG00000101259,Gm21242,0,0,0,0,0,0,0,0,0,0,0,0
ENSMUSG00000101247,Gm29042,0,0,0,0,0,0,0,0,0,0,0,0
ENSMUSG00000100610,Gm29031,0,0,0,0,0,0,0,0,0,0,0,0
ENSMUSG00000099408,Gm28311,0,0,0,0,0,0,0,0,0,0,0,0
ENSMUSG00000101197,Gm29032,0,0,0,0,0,0,0,0,0,0,0,0
ENSMUSG00000101207,Gm28310,0,0,0,0,0,0,0,0,0,0,0,0
ENSMUSG00000102016,Gm29606,0,0,0,0,0,0,0,0,0,0,0,0
ENSMUSG00000099542,Gm28504,0,0,0,0,0,0,0,0,0,0,0,0
ENSMUSG00000101340,Gm29607,0,0,0,0,0,0,0,0,0,0,0,0
ENSMUSG00000100107,Gm28567,0,0,0,0,0,0,0,0,0,0,0,0
ENSMUSG00000099972,Gm21248,0,0,0,0,0,0,0,0,0,0,0,0
ENSMUSG00000100051,Gm28568,0,0,0,0,0,0,0,0,0,0,0,0
ENSMUSG00000101733,Gm29189,0,0,0,0,0,0,0,0,0,0,0,0
ENSMUSG00000102019,Gm21873,0,0,0,0,0,0,0,0,0,0,0,0
ENSMUSG00000099977,Gm29286,0,0,0,0,0,0,0,0,0,0,0,0
ENSMUSG00000101465,Gm29190,0,0,0,0,0,0,0,0,0,0,0,0
ENSMUSG00000099415,Gm29285,0,0,0,0,0,0,0,0,0,0,0,0
ENSMUSG00000100953,Gm28280,0,0,0,0,0,0,0,0,0,0,0,0
ENSMUSG00000096332,Gm21241,0,0,0,0,0,0,0,0,0,0,0,0
ENSMUSG00000095578,Gm21760,0,0,0,0,0,0,0,0,0,0,0,0
ENSMUSG00000099734,Gm28159,0,0,0,0,0,0,0,0,0,0,0,0
ENSMUSG00000100693,Gm28278,0,0,0,0,0,0,0,0,0,0,0,0
ENSMUSG00000100723,Gm28160,0,0,0,0,0,0,0,0,0,0,0,0
ENSMUSG00000101981,Gm28157,0,0,0,0,0,0,0,0,0,0,0,0
ENSMUSG00000099638,Gm28279,0,0,0,0,0,0,0,0,0,0,0,0
ENSMUSG00000100148,Gm28158,0,0,0,0,0,0,0,0,0,0,0,0
ENSMUSG00000100756,Gm21257,0,0,0,0,0,0,0,0,0,0,0,0
ENSMUSG00000099805,Gm28161,0,0,0,0,0,0,0,0,0,0,0,0
ENSMUSG00000101070,Gm28695,0,0,0,0,0,0,0,0,0,0,0,0
ENSMUSG00000100286,Gm28696,0,0,0,0,0,0,0,0,0,0,0,0
ENSMUSG00000094181,Gm21739,0,0,0,0,0,0,0,0,0,0,0,0
ENSMUSG00000101833,Gm20791,0,0,0,0,0,0,0,0,0,0,0,0
ENSMUSG00000102081,Gm28886,0,0,0,0,0,0,0,0,0,0,0,0
ENSMUSG00000101688,Gm20841,0,0,0,0,0,0,0,0,0,0,0,0
ENSMUSG00000099679,Gm28899,0,0,0,0,0,0,0,0,0,0,0,0
ENSMUSG00000102031,Gm29426,0,0,0,0,0,0,0,0,0,0,0,0
ENSMUSG00000099677,Gm21722,0,0,0,0,0,0,0,0,0,0,0,0
ENSMUSG00000100925,Gm28898,0,0,0,0,0,0,0,0,0,0,0,0
ENSMUSG00000100408,Gm28885,0,0,0,0,0,0,0,0,0,0,0,0
ENSMUSG00000100991,Gm21856,0,0,0,0,0,0,0,0,0,0,0,0
ENSMUSG00000102116,Gm28887,0,0,0,0,0,0,0,0,0,0,0,0
ENSMUSG00000099740,Gm28897,0,0,0,0,0,0,0,0,0,0,0,0
ENSMUSG00000101637,Gm28896,0,0,0,0,0,0,0,0,0,0,0,0
ENSMUSG00000101649,Gm29444,0,0,0,0,0,0,0,0,0,0,0,0
ENSMUSG00000100245,Gm21282,0,0,0,0,0,0,0,0,0,0,0,0
ENSMUSG00000095353,Gm21783,0,0,0,0,0,0,0,0,0,0,0,0
ENSMUSG00000100469,Gm28895,0,0,0,0,0,0,0,0,0,0,0,0
ENSMUSG00000101802,Gm29445,0,0,0,0,0,0,0,0,0,0,0,0
ENSMUSG00000100821,Gm28894,0,0,0,0,0,0,0,0,0,0,0,0
ENSMUSG00000101058,Gm21829,0,0,0,0,0,0,0,0,0,0,0,0
ENSMUSG00000099790,Gm28457,0,0,0,0,0,0,0,0,0,0,0,0
ENSMUSG00000100187,Gm29324,0,0,0,0,0,0,0,0,0,0,0,0
ENSMUSG00000101594,Gm21779,0,0,0,0,0,0,0,0,0,0,0,0
ENSMUSG00000099894,Gm20911,0,0,0,0,0,0,0,0,0,0,0,0
ENSMUSG00000100125,Gm28739,0,0,0,0,0,0,0,0,0,0,0,0
ENSMUSG00000101962,Gm28741,0,0,0,0,0,0,0,0,0,0,0,0
ENSMUSG00000100978,Gm20912,0,0,0,0,0,0,0,0,0,0,0,0
ENSMUSG00000100519,Gm20801,0,0,0,0,0,0,0,0,0,0,0,0
ENSMUSG00000100598,Gm28742,0,0,0,0,0,0,0,0,0,0,0,0
ENSMUSG00000100011,Gm28458,0,0,0,0,0,0,0,0,0,0,0,0
ENSMUSG00000100591,Gm21919,0,0,0,0,0,0,0,0,0,0,0,0
ENSMUSG00000100879,Gm28743,0,0,0,0,0,0,0,0,0,0,0,0
ENSMUSG00000100974,Gm28459,0,0,0,0,0,0,0,0,0,0,0,0
ENSMUSG00000101675,Gm28461,0,0,0,0,0,0,0,0,0,0,0,0
ENSMUSG00000099480,Gm28124,0,0,0,0,0,0,0,0,0,0,0,0
ENSMUSG00000101914,Gm21790,0,0,0,0,0,0,0,0,0,0,0,0
ENSMUSG00000099834,Gm21728,0,0,0,0,0,0,0,0,0,0,0,0
ENSMUSG00000100499,Gm28460,0,0,0,0,0,0,0,0,0,0,0,0
ENSMUSG00000100298,Gm28126,0,0,0,0,0,0,0,0,0,0,0,0
ENSMUSG00000100256,Gm28851,0,0,0,0,0,0,0,0,0,0,0,0
ENSMUSG00000101201,Gm28125,0,0,0,0,0,0,0,0,0,0,0,0
ENSMUSG00000101003,Gm28456,0,0,0,0,0,0,0,0,0,0,0,0
ENSMUSG00000100438,Gm21825,0,0,0,0,0,0,0,0,0,0,0,0
ENSMUSG00000100640,Gm29073,0,0,0,0,0,0,0,0,0,0,0,0
ENSMUSG00000100628,Gm29648,0,0,0,0,0,0,0,0,0,0,0,0
ENSMUSG00000100989,Gm29647,0,0,0,0,0,0,0,0,0,0,0,0
ENSMUSG00000101286,Gm21317,0,0,0,0,0,0,0,0,0,0,0,0
ENSMUSG00000100268,Gm29468,0,0,0,0,0,0,0,0,0,0,0,0
ENSMUSG00000100003,Gm29646,0,0,0,0,0,0,0,0,0,0,0,0
ENSMUSG00000101343,Gm29469,0,0,0,0,0,0,0,0,0,0,0,0
ENSMUSG00000101907,Gm29472,0,0,0,0,0,0,0,0,0,0,0,0
ENSMUSG00000099462,Gm28549,0,0,0,0,0,0,0,0,0,0,0,0
ENSMUSG00000100035,Gm29473,0,0,0,0,0,0,0,0,0,0,0,0
ENSMUSG00000101434,Gm29211,0,0,0,0,0,0,0,0,0,0,0,0
ENSMUSG00000101072,Gm29470,0,0,0,0,0,0,0,0,0,0,0,0
ENSMUSG00000100061,Gm29212,0,0,0,0,0,0,0,0,0,0,0,0
ENSMUSG00000100994,Gm21333,0,0,0,0,0,0,0,0,0,0,0,0
ENSMUSG00000100611,Gm21247,0,0,0,0,0,0,0,0,0,0,0,0
ENSMUSG00000100861,Gm29382,0,0,0,0,0,0,0,0,0,0,0,0
ENSMUSG00000100317,Gm28224,0,0,0,0,0,0,0,0,0,0,0,0
ENSMUSG00000101138,Gm29210,0,0,0,0,0,0,0,0,0,0,0,0
ENSMUSG00000101329,Gm28226,0,0,0,0,0,0,0,0,0,0,0,0
ENSMUSG00000100871,Gm29213,0,0,0,0,0,0,0,0,0,0,0,0
ENSMUSG00000100532,Gm28225,0,0,0,0,0,0,0,0,0,0,0,0
ENSMUSG00000100716,Gm28550,0,0,0,0,0,0,0,0,0,0,0,0
ENSMUSG00000099374,Gm21344,0,0,0,0,0,0,0,0,0,0,0,0
ENSMUSG00000100325,Gm28604,0,0,0,0,0,0,0,0,0,0,0,0
ENSMUSG00000100882,Gm20849,0,0,0,0,0,0,0,0,0,0,0,0
ENSMUSG00000100048,Gm28603,0,0,0,0,0,0,0,0,0,0,0,0
ENSMUSG00000101772,Gm28829,0,0,0,0,0,0,0,0,0,0,0,0
ENSMUSG00000099667,Gm21901,0,0,0,0,0,0,0,0,0,0,0,0
ENSMUSG00000099789,Gm28565,0,0,0,0,0,0,0,0,0,0,0,0
ENSMUSG00000099593,Gm28566,0,0,0,0,0,0,0,0,0,0,0,0
ENSMUSG00000099925,Gm28827,0,0,0,0,0,0,0,0,0,0,0,0
ENSMUSG00000101109,Gm28697,0,0,0,0,0,0,0,0,0,0,0,0
ENSMUSG00000101582,Gm28828,0,0,0,0,0,0,0,0,0,0,0,0
ENSMUSG00000101541,Gm28554,0,0,0,0,0,0,0,0,0,0,0,0
ENSMUSG00000101273,Gm28831,0,0,0,0,0,0,0,0,0,0,0,0
ENSMUSG00000101508,Gm28832,0,0,0,0,0,0,0,0,0,0,0,0
ENSMUSG00000100339,Gm21864,0,0,0,0,0,0,0,0,0,0,0,0
ENSMUSG00000094782,Gm21256,0,0,0,0,0,0,0,0,0,0,0,0
ENSMUSG00000099546,Gm21802,0,0,0,0,0,0,0,0,0,0,0,0
ENSMUSG00000101884,Gm28658,0,0,0,0,0,0,0,0,0,0,0,0
ENSMUSG00000100906,Gm29238,0,0,0,0,0,0,0,0,0,0,0,0
ENSMUSG00000100852,Gm29056,0,0,0,0,0,0,0,0,0,0,0,0
ENSMUSG00000100092,Gm21088,0,0,0,0,0,0,0,0,0,0,0,0
ENSMUSG00000100284,Gm29239,0,0,0,0,0,0,0,0,0,0,0,0
ENSMUSG00000099532,Gm29098,0,0,0,0,0,0,0,0,0,0,0,0
ENSMUSG00002075613,#N/A,0,0,0,0,0,0,0,0,0,0,0,0
ENSMUSG00000118466,Gm21170,0,0,0,0,0,0,0,0,0,0,0,0
ENSMUSG00000100986,Gm21741,0,0,0,0,0,0,0,0,0,0,0,0
ENSMUSG00000102054,Gm29373,0,0,0,0,0,0,0,0,0,0,0,0
ENSMUSG00000101718,Gm20862,0,0,0,0,0,0,0,0,0,0,0,0
ENSMUSG00002076259,#N/A,0,0,0,0,0,0,0,0,0,0,0,0
ENSMUSG00000101131,Gm29370,0,0,0,0,0,0,0,0,0,0,0,0
ENSMUSG00000099736,Gm20863,0,0,0,0,0,0,0,0,0,0,0,0
ENSMUSG00000099339,Gm21751,0,0,0,0,0,0,0,0,0,0,0,0
ENSMUSG00000101657,Gm20864,0,0,0,0,0,0,0,0,0,0,0,0
ENSMUSG00000100740,Gm29476,0,0,0,0,0,0,0,0,0,0,0,0
ENSMUSG00000099674,Gm29166,0,0,0,0,0,0,0,0,0,0,0,0
ENSMUSG00000100718,Gm21717,0,0,0,0,0,0,0,0,0,0,0,0
ENSMUSG00000101069,Gm28194,0,0,0,0,0,0,0,0,0,0,0,0
ENSMUSG00000100407,Gm28472,0,0,0,0,0,0,0,0,0,0,0,0
ENSMUSG00000101653,Gm20792,0,0,0,0,0,0,0,0,0,0,0,0
ENSMUSG00000100423,Gm28754,0,0,0,0,0,0,0,0,0,0,0,0
ENSMUSG00000095153,Gm21095,0,0,0,0,0,0,0,0,0,0,0,0
ENSMUSG00000100946,Gm28473,0,0,0,0,0,0,0,0,0,0,0,0
ENSMUSG00000100023,Gm28753,0,0,0,0,0,0,0,0,0,0,0,0
ENSMUSG00000101851,Gm28474,0,0,0,0,0,0,0,0,0,0,0,0
ENSMUSG00000099915,Gm21191,0,0,0,0,0,0,0,0,0,0,0,0
ENSMUSG00000100086,Gm21271,0,0,0,0,0,0,0,0,0,0,0,0
ENSMUSG00000100531,Gm28475,0,0,0,0,0,0,0,0,0,0,0,0
ENSMUSG00000099483,Gm28476,0,0,0,0,0,0,0,0,0,0,0,0
ENSMUSG00000101310,Gm21281,0,0,0,0,0,0,0,0,0,0,0,0
ENSMUSG00000101742,Gm21380,0,0,0,0,0,0,0,0,0,0,0,0
ENSMUSG00000100646,Gm28193,0,0,0,0,0,0,0,0,0,0,0,0
ENSMUSG00000100024,Gm21782,0,0,0,0,0,0,0,0,0,0,0,0
ENSMUSG00000101200,Gm20802,0,0,0,0,0,0,0,0,0,0,0,0
ENSMUSG00000099903,Gm29070,0,0,0,0,0,0,0,0,0,0,0,0
ENSMUSG00000094660,Gm21394,0,0,0,0,0,0,0,0,0,0,0,0
ENSMUSG00000101052,Gm28471,0,0,0,0,0,0,0,0,0,0,0,0
ENSMUSG00000100881,Gm21824,0,0,0,0,0,0,0,0,0,0,0,0
ENSMUSG00000101160,Gm29338,0,0,0,0,0,0,0,0,0,0,0,0
ENSMUSG00000100972,Gm28553,0,0,0,0,0,0,0,0,0,0,0,0
ENSMUSG00000099409,Gm28751,0,0,0,0,0,0,0,0,0,0,0,0
ENSMUSG00000099522,Gm28752,0,0,0,0,0,0,0,0,0,0,0,0
ENSMUSG00000099840,Gm21409,0,0,0,0,0,0,0,0,0,0,0,0
ENSMUSG00000100951,Gm29339,0,0,0,0,0,0,0,0,0,0,0,0
ENSMUSG00000100938,Gm28726,0,0,0,0,0,0,0,0,0,0,0,0
ENSMUSG00000101068,Gm28759,0,0,0,0,0,0,0,0,0,0,0,0
ENSMUSG00000101821,Gm21308,0,0,0,0,0,0,0,0,0,0,0,0
ENSMUSG00000101405,Gm28758,0,0,0,0,0,0,0,0,0,0,0,0
ENSMUSG00000101950,Gm29267,0,0,0,0,0,0,0,0,0,0,0,0
ENSMUSG00000099633,Gm29071,0,0,0,0,0,0,0,0,0,0,0,0
ENSMUSG00000099441,Gm29268,0,0,0,0,0,0,0,0,0,0,0,0
ENSMUSG00000102079,Gm21879,0,0,0,0,0,0,0,0,0,0,0,0
ENSMUSG00000100411,Gm29269,0,0,0,0,0,0,0,0,0,0,0,0
ENSMUSG00000100449,Gm28757,0,0,0,0,0,0,0,0,0,0,0,0
ENSMUSG00000100970,Gm29270,0,0,0,0,0,0,0,0,0,0,0,0
ENSMUSG00000101990,Gm20856,0,0,0,0,0,0,0,0,0,0,0,0
ENSMUSG00000099642,Gm28348,0,0,0,0,0,0,0,0,0,0,0,0
ENSMUSG00000101354,Gm28973,0,0,0,0,0,0,0,0,0,0,0,0
ENSMUSG00000101204,Gm29271,0,0,0,0,0,0,0,0,0,0,0,0
ENSMUSG00000101835,Gm21734,0,0,0,0,0,0,0,0,0,0,0,0
ENSMUSG00000102127,Gm28972,0,0,0,0,0,0,0,0,0,0,0,0
ENSMUSG00000099362,Gm28970,0,0,0,0,0,0,0,0,0,0,0,0
ENSMUSG00000099921,Gm28971,0,0,0,0,0,0,0,0,0,0,0,0
ENSMUSG00002076147,#N/A,0,0,0,0,0,0,0,0,0,0,0,0
ENSMUSG00000100581,Gm21785,0,0,0,0,0,0,0,0,0,0,0,0
ENSMUSG00000095979,Gm21209,0,0,0,0,0,0,0,0,0,0,0,0
ENSMUSG00000100564,Gm28682,0,0,0,0,0,0,0,0,0,0,0,0
ENSMUSG00000095650,Gm20854,0,0,0,0,0,0,0,0,0,0,0,0
ENSMUSG00000101215,Gm28569,0,0,0,0,0,0,0,0,0,0,0,0
ENSMUSG00000099477,Gm28349,0,0,0,0,0,0,0,0,0,0,0,0
ENSMUSG00000100206,Gm28681,0,0,0,0,0,0,0,0,0,0,0,0
ENSMUSG00000102092,Gm21892,0,0,0,0,0,0,0,0,0,0,0,0
ENSMUSG00000100765,Gm28684,0,0,0,0,0,0,0,0,0,0,0,0
ENSMUSG00000101989,Gm28346,0,0,0,0,0,0,0,0,0,0,0,0
ENSMUSG00000100288,Gm28345,0,0,0,0,0,0,0,0,0,0,0,0
ENSMUSG00000101475,Gm21316,0,0,0,0,0,0,0,0,0,0,0,0
ENSMUSG00000099341,Gm29090,0,0,0,0,0,0,0,0,0,0,0,0
ENSMUSG00000099713,Gm21923,0,0,0,0,0,0,0,0,0,0,0,0
ENSMUSG00000099831,Gm28683,0,0,0,0,0,0,0,0,0,0,0,0
ENSMUSG00000101282,Gm28152,0,0,0,0,0,0,0,0,0,0,0,0
ENSMUSG00000101868,Gm28680,0,0,0,0,0,0,0,0,0,0,0,0
ENSMUSG00002075299,#N/A,0,0,0,0,0,0,0,0,0,0,0,0
ENSMUSG00000101221,Gm21881,0,0,0,0,0,0,0,0,0,0,0,0
ENSMUSG00000099992,Gm21435,0,0,0,0,0,0,0,0,0,0,0,0
ENSMUSG00000100914,Gm28679,0,0,0,0,0,0,0,0,0,0,0,0
ENSMUSG00000101346,Gm29505,0,0,0,0,0,0,0,0,0,0,0,0
ENSMUSG00000101230,Gm21862,0,0,0,0,0,0,0,0,0,0,0,0
ENSMUSG00000100338,Gm28870,0,0,0,0,0,0,0,0,0,0,0,0
ENSMUSG00000102061,Gm28823,0,0,0,0,0,0,0,0,0,0,0,0
ENSMUSG00000100541,Gm28871,0,0,0,0,0,0,0,0,0,0,0,0
ENSMUSG00000101961,Gm28220,0,0,0,0,0,0,0,0,0,0,0,0
ENSMUSG00000099367,Gm29512,0,0,0,0,0,0,0,0,0,0,0,0
ENSMUSG00000099666,Gm29511,0,0,0,0,0,0,0,0,0,0,0,0
ENSMUSG00000100240,Gm20820,0,0,0,0,0,0,0,0,0,0,0,0
ENSMUSG00000100331,Gm20880,0,0,0,0,0,0,0,0,0,0,0,0
ENSMUSG00000101347,Gm28219,0,0,0,0,0,0,0,0,0,0,0,0
ENSMUSG00000100390,Gm20881,0,0,0,0,0,0,0,0,0,0,0,0
ENSMUSG00000099824,Gm28218,0,0,0,0,0,0,0,0,0,0,0,0
ENSMUSG00000101263,Gm29121,0,0,0,0,0,0,0,0,0,0,0,0
ENSMUSG00002076549,#N/A,0,0,0,0,0,0,0,0,0,0,0,0
ENSMUSG00000099986,Gm29120,0,0,0,0,0,0,0,0,0,0,0,0
ENSMUSG00000100116,Gm20861,0,0,0,0,0,0,0,0,0,0,0,0
ENSMUSG00000100118,Gm29117,0,0,0,0,0,0,0,0,0,0,0,0
ENSMUSG00000099524,Gm20860,0,0,0,0,0,0,0,0,0,0,0,0
ENSMUSG00000100854,Gm28057,0,0,0,0,0,0,0,0,0,0,0,0
ENSMUSG00000101092,Gm21796,0,0,0,0,0,0,0,0,0,0,0,0
ENSMUSG00000100817,Gm29302,0,0,0,0,0,0,0,0,0,0,0,0
ENSMUSG00000102122,Gm20883,0,0,0,0,0,0,0,0,0,0,0,0
ENSMUSG00000099513,Gm29119,0,0,0,0,0,0,0,0,0,0,0,0
ENSMUSG00000101552,Gm29118,0,0,0,0,0,0,0,0,0,0,0,0
ENSMUSG00000102110,Gm28440,0,0,0,0,0,0,0,0,0,0,0,0
ENSMUSG00000100973,Gm29299,0,0,0,0,0,0,0,0,0,0,0,0
ENSMUSG00000100388,Gm29116,0,0,0,0,0,0,0,0,0,0,0,0
ENSMUSG00000100802,Gm20889,0,0,0,0,0,0,0,0,0,0,0,0
ENSMUSG00000099588,Gm29298,0,0,0,0,0,0,0,0,0,0,0,0
ENSMUSG00000101752,Gm20887,0,0,0,0,0,0,0,0,0,0,0,0
ENSMUSG00000100028,Gm29092,0,0,0,0,0,0,0,0,0,0,0,0
ENSMUSG00000100350,Gm29091,0,0,0,0,0,0,0,0,0,0,0,0
ENSMUSG00000099867,Gm29320,0,0,0,0,0,0,0,0,0,0,0,0
ENSMUSG00000101193,Gm21849,0,0,0,0,0,0,0,0,0,0,0,0
ENSMUSG00000100887,Gm29297,0,0,0,0,0,0,0,0,0,0,0,0
ENSMUSG00000100655,Gm21462,0,0,0,0,0,0,0,0,0,0,0,0
ENSMUSG00000100915,Gm29321,0,0,0,0,0,0,0,0,0,0,0,0
ENSMUSG00000101670,Gm21470,0,0,0,0,0,0,0,0,0,0,0,0
ENSMUSG00000100773,Gm28366,0,0,0,0,0,0,0,0,0,0,0,0
ENSMUSG00000101829,Gm21752,0,0,0,0,0,0,0,0,0,0,0,0
ENSMUSG00000099496,Gm28365,0,0,0,0,0,0,0,0,0,0,0,0
ENSMUSG00000096769,Gm21117,0,0,0,0,0,0,0,0,0,0,0,0
ENSMUSG00000100365,Gm29319,0,0,0,0,0,0,0,0,0,0,0,0
ENSMUSG00000099985,Gm28317,0,0,0,0,0,0,0,0,0,0,0,0
ENSMUSG00000099916,Gm28318,0,0,0,0,0,0,0,0,0,0,0,0
ENSMUSG00000094399,Gm21477,0,0,0,0,0,0,0,0,0,0,0,0
ENSMUSG00000101631,Gm20884,0,0,0,0,0,0,0,0,0,0,0,0
ENSMUSG00000099912,Gm28368,0,0,0,0,0,0,0,0,0,0,0,0
ENSMUSG00000099613,Gm28313,0,0,0,0,0,0,0,0,0,0,0,0
ENSMUSG00000101557,Gm28314,0,0,0,0,0,0,0,0,0,0,0,0
ENSMUSG00000100377,Gm28369,0,0,0,0,0,0,0,0,0,0,0,0
ENSMUSG00000101222,Gm28315,0,0,0,0,0,0,0,0,0,0,0,0
ENSMUSG00000100243,Gm28367,0,0,0,0,0,0,0,0,0,0,0,0
ENSMUSG00000101902,Gm29115,0,0,0,0,0,0,0,0,0,0,0,0
ENSMUSG00000102132,Gm21813,0,0,0,0,0,0,0,0,0,0,0,0
ENSMUSG00000100787,Gm28316,0,0,0,0,0,0,0,0,0,0,0,0
ENSMUSG00000100098,Gm21387,0,0,0,0,0,0,0,0,0,0,0,0
ENSMUSG00000099709,Gm21396,0,0,0,0,0,0,0,0,0,0,0,0
ENSMUSG00000101002,Gm28944,0,0,0,0,0,0,0,0,0,0,0,0
ENSMUSG00000099856,Gm20906,0,0,0,0,0,0,0,0,0,0,0,0
ENSMUSG00000101019,Gm28943,0,0,0,0,0,0,0,0,0,0,0,0
ENSMUSG00000101241,Gm29111,0,0,0,0,0,0,0,0,0,0,0,0
ENSMUSG00000101684,Gm28946,0,0,0,0,0,0,0,0,0,0,0,0
ENSMUSG00000100695,Gm28110,0,0,0,0,0,0,0,0,0,0,0,0
ENSMUSG00000100820,Gm28945,0,0,0,0,0,0,0,0,0,0,0,0
ENSMUSG00000101866,Gm28109,0,0,0,0,0,0,0,0,0,0,0,0
ENSMUSG00000101931,Gm28108,0,0,0,0,0,0,0,0,0,0,0,0
ENSMUSG00000100355,Gm28107,0,0,0,0,0,0,0,0,0,0,0,0
ENSMUSG00000100232,Gm28947,0,0,0,0,0,0,0,0,0,0,0,0
ENSMUSG00000101646,Gm28106,0,0,0,0,0,0,0,0,0,0,0,0
ENSMUSG00000101250,Gm28105,0,0,0,0,0,0,0,0,0,0,0,0
ENSMUSG00000100352,Gm28104,0,0,0,0,0,0,0,0,0,0,0,0
ENSMUSG00000100682,Gm28103,0,0,0,0,0,0,0,0,0,0,0,0
ENSMUSG00000100485,Gm20920,0,0,0,0,0,0,0,0,0,0,0,0
ENSMUSG00000100947,Gm28949,0,0,0,0,0,0,0,0,0,0,0,0
ENSMUSG00000101915,Gm28102,0,0,0,0,0,0,0,0,0,0,0,0
ENSMUSG00000100461,Gm28948,0,0,0,0,0,0,0,0,0,0,0,0
ENSMUSG00000100746,Gm28716,0,0,0,0,0,0,0,0,0,0,0,0
ENSMUSG00000099675,Gm28717,0,0,0,0,0,0,0,0,0,0,0,0
ENSMUSG00000101770,Gm28718,0,0,0,0,0,0,0,0,0,0,0,0
ENSMUSG00000100248,Gm28950,0,0,0,0,0,0,0,0,0,0,0,0
ENSMUSG00000101623,Gm21245,0,0,0,0,0,0,0,0,0,0,0,0
ENSMUSG00000099643,Gm29162,0,0,0,0,0,0,0,0,0,0,0,0
ENSMUSG00000100996,Gm29169,0,0,0,0,0,0,0,0,0,0,0,0
ENSMUSG00000099777,Gm21777,0,0,0,0,0,0,0,0,0,0,0,0
ENSMUSG00000101515,Gm21899,0,0,0,0,0,0,0,0,0,0,0,0
ENSMUSG00000100930,Gm28866,0,0,0,0,0,0,0,0,0,0,0,0
ENSMUSG00000099559,Gm29063,0,0,0,0,0,0,0,0,0,0,0,0
ENSMUSG00000099637,Gm28737,0,0,0,0,0,0,0,0,0,0,0,0
ENSMUSG00000100440,Gm28405,0,0,0,0,0,0,0,0,0,0,0,0
ENSMUSG00000101494,Gm21792,0,0,0,0,0,0,0,0,0,0,0,0
ENSMUSG00000099565,Gm28738,0,0,0,0,0,0,0,0,0,0,0,0
ENSMUSG00000099649,Gm28406,0,0,0,0,0,0,0,0,0,0,0,0
ENSMUSG00000100343,Gm20923,0,0,0,0,0,0,0,0,0,0,0,0
ENSMUSG00000100391,Gm28978,0,0,0,0,0,0,0,0,0,0,0,0
ENSMUSG00000101984,Gm29436,0,0,0,0,0,0,0,0,0,0,0,0
ENSMUSG00000099494,Gm28197,0,0,0,0,0,0,0,0,0,0,0,0
ENSMUSG00000100637,Gm20819,0,0,0,0,0,0,0,0,0,0,0,0
ENSMUSG00000102044,Gm21249,0,0,0,0,0,0,0,0,0,0,0,0
ENSMUSG00000101850,Gm29437,0,0,0,0,0,0,0,0,0,0,0,0
ENSMUSG00000099745,Gm28736,0,0,0,0,0,0,0,0,0,0,0,0
ENSMUSG00000099436,Gm28977,0,0,0,0,0,0,0,0,0,0,0,0
ENSMUSG00000101883,Gm21840,0,0,0,0,0,0,0,0,0,0,0,0
ENSMUSG00000100067,Gm28407,0,0,0,0,0,0,0,0,0,0,0,0
ENSMUSG00000100818,Gm21287,0,0,0,0,0,0,0,0,0,0,0,0
ENSMUSG00000099529,Gm29390,0,0,0,0,0,0,0,0,0,0,0,0
ENSMUSG00000102022,Gm28735,0,0,0,0,0,0,0,0,0,0,0,0
ENSMUSG00000101497,Gm29391,0,0,0,0,0,0,0,0,0,0,0,0
ENSMUSG00000100870,Gm21720,0,0,0,0,0,0,0,0,0,0,0,0
ENSMUSG00000101694,Gm29392,0,0,0,0,0,0,0,0,0,0,0,0
ENSMUSG00000101533,Gm29393,0,0,0,0,0,0,0,0,0,0,0,0
ENSMUSG00000102045,Gm21294,0,0,0,0,0,0,0,0,0,0,0,0
ENSMUSG00000095606,Gm21258,0,0,0,0,0,0,0,0,0,0,0,0
ENSMUSG00000100492,Gm28672,0,0,0,0,0,0,0,0,0,0,0,0
ENSMUSG00000099725,Gm28734,0,0,0,0,0,0,0,0,0,0,0,0
ENSMUSG00000100403,Gm21838,0,0,0,0,0,0,0,0,0,0,0,0
ENSMUSG00000100853,Gm28232,0,0,0,0,0,0,0,0,0,0,0,0
ENSMUSG00000099982,Gm28670,0,0,0,0,0,0,0,0,0,0,0,0
ENSMUSG00000100036,Gm28671,0,0,0,0,0,0,0,0,0,0,0,0
ENSMUSG00000099506,Gm28732,0,0,0,0,0,0,0,0,0,0,0,0
ENSMUSG00000101402,Gm28673,0,0,0,0,0,0,0,0,0,0,0,0
ENSMUSG00000100584,Gm28733,0,0,0,0,0,0,0,0,0,0,0,0
ENSMUSG00000100574,Gm28674,0,0,0,0,0,0,0,0,0,0,0,0
ENSMUSG00000101987,Gm21268,0,0,0,0,0,0,0,0,0,0,0,0
ENSMUSG00000100330,Gm28531,0,0,0,0,0,0,0,0,0,0,0,0
ENSMUSG00000100072,Gm21275,0,0,0,0,0,0,0,0,0,0,0,0
ENSMUSG00000101570,Gm28233,0,0,0,0,0,0,0,0,0,0,0,0
ENSMUSG00000101885,Gm28235,0,0,0,0,0,0,0,0,0,0,0,0
ENSMUSG00000100095,Gm28234,0,0,0,0,0,0,0,0,0,0,0,0
ENSMUSG00000100608,Gm21996,0,0,0,0,0,0,0,0,0,0,0,0
ENSMUSG00000101420,Gm21902,0,0,0,0,0,0,0,0,0,0,0,0
ENSMUSG00000100270,Gm21803,0,0,0,0,0,0,0,0,0,0,0,0
ENSMUSG00000102011,Gm28930,0,0,0,0,0,0,0,0,0,0,0,0
ENSMUSG00000100246,Gm20879,0,0,0,0,0,0,0,0,0,0,0,0
ENSMUSG00000099654,Gm28236,0,0,0,0,0,0,0,0,0,0,0,0
ENSMUSG00000100834,Gm21285,0,0,0,0,0,0,0,0,0,0,0,0
ENSMUSG00000100533,Gm29504,0,0,0,0,0,0,0,0,0,0,0,0
ENSMUSG00000094729,Gm20747,0,0,0,0,0,0,0,0,0,0,0,0
ENSMUSG00000100332,Gm29250,0,0,0,0,0,0,0,0,0,0,0,0
ENSMUSG00000100678,Gm29251,0,0,0,0,0,0,0,0,0,0,0,0
ENSMUSG00000096178,Gm20837,0,0,0,0,0,0,0,0,0,0,0,0
ENSMUSG00000100507,Gm21906,0,0,0,0,0,0,0,0,0,0,0,0
ENSMUSG00000100964,Gm29503,0,0,0,0,0,0,0,0,0,0,0,0
ENSMUSG00000101547,Gm29252,0,0,0,0,0,0,0,0,0,0,0,0
ENSMUSG00000099619,Gm28300,0,0,0,0,0,0,0,0,0,0,0,0
ENSMUSG00000100401,Gm29248,0,0,0,0,0,0,0,0,0,0,0,0
ENSMUSG00000099399,Gm28301,0,0,0,0,0,0,0,0,0,0,0,0
ENSMUSG00000101992,Gm29249,0,0,0,0,0,0,0,0,0,0,0,0
ENSMUSG00000101367,Gm29484,0,0,0,0,0,0,0,0,0,0,0,0
ENSMUSG00000095366,Gm21860,0,0,0,0,0,0,0,0,0,0,3,1
ENSMUSG00000101665,Gm21920,0,0,0,0,0,0,0,0,0,0,0,0
ENSMUSG00000100778,Gm28908,0,0,0,0,0,0,0,0,0,0,0,0
ENSMUSG00000095134,Mid1-ps1,0,2,1,4,1,0,1,0,1,1,0,0
ENSMUSG00000100835,Gm28907,0,0,0,0,0,0,0,0,0,0,0,0
ENSMUSG00000101446,Gm21749,0,0,0,0,0,0,0,0,0,0,0,0
ENSMUSG00000100045,Gm20929,0,0,0,0,0,0,0,0,0,0,0,0
ENSMUSG00000101018,Gm28910,0,0,0,0,0,0,0,0,0,0,0,0
ENSMUSG00000101178,Gm28909,0,0,0,0,0,0,0,0,0,0,0,0
ENSMUSG00000096768,Gm47283,280,349,300,314,718,334,217,176,281,280,828,682
ENSMUSG00000101566,Gm28276,0,0,0,0,0,0,0,0,0,0,0,0
ENSMUSG00000099871,Gm21742,0,0,0,0,0,0,0,0,0,0,0,0
ENSMUSG00000096850,Gm21748,0,0,0,0,0,0,0,0,0,0,0,0
ENSMUSG00000101190,Gm28274,0,0,0,0,0,0,0,0,0,0,0,0
ENSMUSG00000099942,Gm28275,0,0,0,0,0,0,0,0,0,0,0,0
ENSMUSG00000100864,Gm21302,0,0,0,0,0,0,0,0,0,0,0,0
ENSMUSG00000101368,Gm28290,0,0,0,0,0,0,0,0,0,0,0,0
ENSMUSG00000099682,Gm28292,0,0,0,0,0,0,0,0,0,0,0,0
ENSMUSG00000100227,Gm28291,0,0,0,0,0,0,0,0,0,0,0,0
ENSMUSG00000099456,Gm28293,0,0,0,0,0,0,0,0,0,0,0,0
ENSMUSG00000099594,Gm21740,0,0,0,0,0,0,0,0,0,0,0,0
ENSMUSG00000101267,Gm21912,0,0,0,0,0,0,0,0,0,0,0,0
ENSMUSG00000101783,Gm28698,0,0,0,0,0,0,0,0,0,0,0,0
ENSMUSG00000099466,Gm29304,0,0,0,0,0,0,0,0,0,0,0,0
ENSMUSG00000100089,Gm29305,0,0,0,0,0,0,0,0,0,0,0,0
ENSMUSG00000101542,Gm29303,0,0,0,0,0,0,0,0,0,0,0,0
ENSMUSG00000096518,Gm21894,0,0,0,0,0,0,0,0,0,0,0,0
ENSMUSG00000099509,Gm29307,0,0,0,0,0,0,0,0,0,0,0,0
ENSMUSG00000100424,Gm29557,0,0,0,0,0,0,0,0,0,0,0,0
ENSMUSG00002076770,#N/A,0,0,0,0,0,0,0,0,0,0,0,0
ENSMUSG00000101490,Gm20927,0,0,0,0,0,0,0,0,0,0,0,0
ENSMUSG00000099993,Gm20930,0,0,0,0,0,0,0,0,0,0,0,0
ENSMUSG00000101534,Gm29306,0,0,0,0,0,0,0,0,0,0,0,0
ENSMUSG00000101364,Gm29300,0,0,0,0,0,0,0,0,0,0,0,0
ENSMUSG00000101422,Gm29301,0,0,0,0,0,0,0,0,0,0,0,0
ENSMUSG00000094570,Gm20931,0,0,0,0,0,0,0,0,0,0,0,0
ENSMUSG00000100488,Gm29559,0,0,0,0,0,0,0,0,0,0,0,0
ENSMUSG00000100184,Gm29558,0,0,0,0,0,0,0,0,0,0,0,0
ENSMUSG00000101967,Gm29555,0,0,0,0,0,0,0,0,0,0,0,0
ENSMUSG00000102035,Gm21733,0,0,0,0,0,0,0,0,0,0,0,0
ENSMUSG00000101228,Gm21330,0,0,0,0,0,0,0,0,0,0,0,0
ENSMUSG00000101723,Gm28355,0,0,0,0,0,0,0,0,0,0,0,0
ENSMUSG00000102056,Gm28354,0,0,0,0,0,0,0,0,0,0,0,0
ENSMUSG00000100052,Gm28353,0,0,0,0,0,0,0,0,0,0,0,0
ENSMUSG00000099442,Gm28352,0,0,0,0,0,0,0,0,0,0,0,0
ENSMUSG00000095135,Gm21858,0,0,0,0,0,0,0,0,0,0,0,0
ENSMUSG00000100195,Gm29244,0,0,0,0,0,0,0,0,0,0,0,0
ENSMUSG00000101148,Gm28200,0,0,0,0,0,0,0,0,0,0,0,0
ENSMUSG00000101580,Gm28201,0,0,0,0,0,0,0,0,0,0,0,0
ENSMUSG00000100054,Gm28202,0,0,0,0,0,0,0,0,0,0,0,0
ENSMUSG00000100207,Gm28203,0,0,0,0,0,0,0,0,0,0,0,0
ENSMUSG00000100142,Gm21340,0,0,0,0,0,0,0,0,0,0,0,0
ENSMUSG00000100889,Gm28204,0,0,0,0,0,0,0,0,0,0,0,0
ENSMUSG00000099607,Gm28205,0,0,0,0,0,0,0,0,0,0,0,0
ENSMUSG00000100242,Gm28206,0,0,0,0,0,0,0,0,0,0,0,0
ENSMUSG00000100167,Gm28207,0,0,0,0,0,0,0,0,0,0,0,0
ENSMUSG00000100144,Gm28208,0,0,0,0,0,0,0,0,0,0,0,0
ENSMUSG00000102103,Gm21851,0,0,0,0,0,0,0,0,0,0,0,0
ENSMUSG00000099527,Gm21819,0,0,0,0,0,0,0,0,0,0,0,0
ENSMUSG00000101045,Gm29224,0,0,0,0,0,0,0,0,0,0,0,0
ENSMUSG00000099920,Gm29223,0,0,0,0,0,0,0,0,0,0,0,0
ENSMUSG00000101021,Gm29222,0,0,0,0,0,0,0,0,0,0,0,0
ENSMUSG00000099485,Gm29221,0,0,0,0,0,0,0,0,0,0,0,0
ENSMUSG00000099548,Gm29220,0,0,0,0,0,0,0,0,0,0,0,0
ENSMUSG00000096875,Gm21815,0,0,0,0,0,0,0,0,0,0,0,0
ENSMUSG00000099978,Gm29407,0,0,0,0,0,0,0,0,0,0,0,0
ENSMUSG00000101150,Gm29405,0,0,0,0,0,0,0,0,0,0,0,0
ENSMUSG00000099595,Gm29406,0,0,0,0,0,0,0,0,0,0,0,0
ENSMUSG00000100539,Gm20913,0,0,0,0,0,0,0,0,0,0,0,0
ENSMUSG00000100073,Gm29404,0,0,0,0,0,0,0,0,0,0,0,0
ENSMUSG00000100223,Gm29403,0,0,0,0,0,0,0,0,0,0,0,0
ENSMUSG00000100772,Gm28350,0,0,0,0,0,0,0,0,0,0,0,0
ENSMUSG00000101782,Gm28964,0,0,0,0,0,0,0,0,0,0,0,0
ENSMUSG00000101155,Sly,0,0,0,0,0,0,0,0,0,0,0,0
ENSMUSG00000100295,Gm28165,0,0,0,0,0,0,0,0,0,0,0,0
ENSMUSG00000100578,Gm28709,0,0,0,0,0,0,0,0,0,0,0,0
ENSMUSG00000101245,Gm28965,0,0,0,0,0,0,0,0,0,0,0,0
ENSMUSG00000100456,Gm21868,0,0,0,0,0,0,0,0,0,0,0,0
ENSMUSG00000096122,Gm21943,0,0,0,0,0,0,0,0,0,0,0,0
ENSMUSG00000101943,Gm28532,0,0,0,0,0,0,0,0,0,0,0,0
ENSMUSG00000100724,Gm28533,0,0,0,0,0,0,0,0,0,0,0,0
ENSMUSG00000099388,Gm28966,0,0,0,0,0,0,0,0,0,0,0,0
ENSMUSG00000101399,Gm28961,0,0,0,0,0,0,0,0,0,0,0,0
ENSMUSG00000101350,Gm28962,0,0,0,0,0,0,0,0,0,0,0,0
ENSMUSG00000100614,Gm28963,0,0,0,0,0,0,0,0,0,0,0,0
ENSMUSG00000100501,Gm29466,0,0,0,0,0,0,0,0,0,0,0,0
ENSMUSG00000100083,Gm29467,0,0,0,0,0,0,0,0,0,0,0,0
ENSMUSG00000101991,Gm21724,0,0,0,0,0,0,0,0,0,0,0,0
ENSMUSG00000100076,Gm20963,0,0,0,0,0,0,0,0,0,0,0,0
ENSMUSG00000101100,Gm28326,0,0,0,0,0,0,0,0,0,0,0,0
ENSMUSG00000101744,Gm28325,0,0,0,0,0,0,0,0,0,0,0,0
ENSMUSG00000095807,Gm21405,0,0,0,0,0,0,0,0,0,0,0,0
ENSMUSG00000101317,Gm28284,0,0,0,0,0,0,0,0,0,0,0,0
ENSMUSG00000101244,Gm29368,0,0,0,0,0,0,0,0,0,0,0,0
ENSMUSG00000096626,Gm21861,0,0,0,0,0,0,0,0,0,0,0,0
ENSMUSG00000100085,Gm21413,0,0,0,0,0,0,0,0,0,0,0,0
ENSMUSG00000101424,Gm28073,0,0,0,0,0,0,0,0,0,0,0,0
ENSMUSG00000100264,Gm21419,0,0,0,0,0,0,0,0,0,0,0,0
ENSMUSG00000100715,Gm28074,0,0,0,0,0,0,0,0,0,0,0,0
ENSMUSG00000100582,Gm21428,0,0,0,0,0,0,0,0,0,0,0,0
ENSMUSG00000099551,Gm28072,0,0,0,0,0,0,0,0,0,0,0,0
ENSMUSG00000096347,Gm21758,0,0,0,0,0,0,0,0,0,0,0,0
ENSMUSG00000101531,Gm29672,0,0,0,0,0,0,0,0,0,0,0,0
ENSMUSG00000100425,Gm29131,0,0,0,0,0,0,0,0,0,0,0,0
ENSMUSG00000101005,Gm20871,0,0,0,0,0,0,0,0,0,0,0,0
ENSMUSG00000101300,Gm29130,0,0,0,0,0,0,0,0,0,0,0,0
ENSMUSG00000101426,Gm20978,0,0,0,0,0,0,0,0,0,0,0,0
ENSMUSG00000101891,Gm29132,0,0,0,0,0,0,0,0,0,0,0,0
ENSMUSG00000100238,Gm21450,0,0,0,0,0,0,0,0,0,0,0,0
ENSMUSG00000101103,Gm21843,0,0,0,0,0,0,0,0,0,0,0,0
ENSMUSG00000099866,Gm28889,0,0,0,0,0,0,0,0,0,0,0,0
ENSMUSG00000101110,Gm28890,0,0,0,0,0,0,0,0,0,0,0,0
ENSMUSG00000095141,Gm28891,0,0,0,0,0,0,0,0,0,0,0,0
ENSMUSG00000101910,Gm28691,0,0,0,0,0,0,0,0,0,0,0,0
ENSMUSG00000100579,Gm28692,0,0,0,0,0,0,0,0,0,0,0,0
ENSMUSG00000094217,Gm20794,0,0,0,0,0,0,0,0,0,0,0,0
ENSMUSG00000100057,Gm28690,0,0,0,0,0,0,0,0,0,0,0,0
ENSMUSG00000101592,Gm28689,0,0,0,0,0,0,0,0,0,0,0,0
ENSMUSG00000100609,Gm28687,0,0,0,0,0,0,0,0,0,0,0,0
ENSMUSG00000101993,Gm20987,0,0,0,0,0,0,0,0,0,0,0,0
ENSMUSG00000099935,Gm21918,0,0,0,0,0,0,0,0,0,0,0,0
ENSMUSG00000100667,1700040F15Rik,0,0,0,0,0,0,0,0,0,0,0,0
ENSMUSG00000100012,Gm29207,0,0,0,0,0,0,0,0,0,0,0,0
ENSMUSG00000099836,Gm29204,0,0,0,0,0,0,0,0,0,0,0,0
ENSMUSG00000100575,Gm21489,0,0,0,0,0,0,0,0,0,0,0,0
ENSMUSG00000101676,Gm21832,0,0,0,0,0,0,0,0,0,0,0,0
ENSMUSG00000101510,Gm21573,0,0,0,0,0,0,0,0,0,0,0,0
ENSMUSG00000099393,Gm28179,0,0,0,0,0,0,0,0,0,0,0,0
ENSMUSG00000100404,Gm21577,0,0,0,0,0,0,0,0,0,0,0,0
ENSMUSG00000099865,Gm29206,0,0,0,0,0,0,0,0,0,0,0,0
ENSMUSG00000101353,Gm29203,0,0,0,0,0,0,0,0,0,0,0,0
ENSMUSG00000100726,Gm21497,0,0,0,0,0,0,0,0,0,0,0,0
ENSMUSG00000100474,Gm29614,0,0,0,0,0,0,0,0,0,0,0,0
ENSMUSG00000100757,Gm29613,0,0,0,0,0,0,0,0,0,0,0,0
ENSMUSG00000100606,Gm29612,0,0,0,0,0,0,0,0,0,0,0,0
ENSMUSG00000101170,Gm29343,0,0,0,0,0,0,0,0,0,0,0,0
ENSMUSG00000099355,Gm29342,0,0,0,0,0,0,0,0,0,0,0,0
ENSMUSG00000100559,Gm20803,0,0,0,0,0,0,0,0,0,0,0,0
ENSMUSG00000099739,Gm20804,0,0,0,0,0,0,0,0,0,0,0,0
ENSMUSG00000100874,Gm28598,0,0,0,0,0,0,0,0,0,0,0,0
ENSMUSG00000101689,Gm28599,0,0,0,0,0,0,0,0,0,0,0,0
ENSMUSG00000101285,Gm28600,0,0,0,0,0,0,0,0,0,0,0,0
ENSMUSG00000094821,Gm21518,0,0,0,0,0,0,0,0,0,0,0,0
ENSMUSG00000099626,Gm28185,0,0,0,0,0,0,0,0,0,0,0,0
ENSMUSG00000102108,Gm29037,0,0,0,0,0,0,0,0,0,0,0,0
ENSMUSG00000093950,Gm20823,0,0,0,0,0,0,0,0,0,0,0,0
ENSMUSG00000101323,Gm21877,0,0,0,0,0,0,0,0,0,0,0,0
ENSMUSG00000101326,Gm28835,0,0,0,0,0,0,0,0,0,0,0,0
ENSMUSG00000101466,Gm29548,0,0,0,0,0,0,0,0,0,0,0,0
ENSMUSG00000101614,Gm29547,0,0,0,0,0,0,0,0,0,0,0,0
ENSMUSG00000100307,Gm29546,0,0,0,0,0,0,0,0,0,0,0,0
ENSMUSG00000101882,Gm29545,0,0,0,0,0,0,0,0,0,0,0,0
ENSMUSG00000099585,Gm29544,0,0,0,0,0,0,0,0,0,0,0,0
ENSMUSG00000101182,Gm29209,0,0,0,0,0,0,0,0,0,0,0,0
ENSMUSG00000101668,Gm29549,0,0,0,0,0,0,0,0,0,0,0,0
ENSMUSG00000101998,Gm21530,0,0,0,0,0,0,0,0,0,0,0,0
ENSMUSG00000099975,Gm21617,0,0,0,0,0,0,0,0,0,0,0,0
ENSMUSG00000099783,Gm28589,0,0,0,0,0,0,0,0,0,0,0,0
ENSMUSG00000101390,Gm29420,0,0,0,0,0,0,0,0,0,0,0,0
ENSMUSG00000099699,Gm29421,0,0,0,0,0,0,0,0,0,0,0,0
ENSMUSG00000100856,Gm21627,0,0,0,0,0,0,0,0,0,0,0,0
ENSMUSG00000101544,Gm29422,0,0,0,0,0,0,0,0,0,0,0,0
ENSMUSG00000100159,Gm28808,0,0,0,0,0,0,0,0,0,0,0,0
ENSMUSG00000101864,Gm21634,0,0,0,0,0,0,0,0,0,0,0,0
ENSMUSG00000100712,Gm28446,0,0,0,0,0,0,0,0,0,0,0,0
ENSMUSG00000101119,Gm29060,0,0,0,0,0,0,0,0,0,0,0,0
ENSMUSG00000099520,Gm29061,0,0,0,0,0,0,0,0,0,0,0,0
ENSMUSG00000100520,Gm20885,0,0,0,0,0,0,0,0,0,0,0,0
ENSMUSG00000102107,Gm29062,0,0,0,0,0,0,0,0,0,0,0,0
ENSMUSG00000101057,Gm29057,0,0,0,0,0,0,0,0,0,0,0,0
ENSMUSG00000101125,Gm29625,0,0,0,0,0,0,0,0,0,0,0,0
ENSMUSG00000101887,Gm21654,0,0,0,0,0,0,0,0,0,0,0,0
ENSMUSG00000100521,Gm29058,0,0,0,0,0,0,0,0,0,0,0,0
ENSMUSG00000101790,Gm29059,0,0,0,0,0,0,0,0,0,0,0,0
ENSMUSG00000100452,Gm29628,0,0,0,0,0,0,0,0,0,0,0,0
ENSMUSG00000101403,Gm20882,0,0,0,0,0,0,0,0,0,0,0,0
ENSMUSG00000101830,Gm20907,0,0,0,0,0,0,0,0,0,0,0,0
ENSMUSG00000100322,Gm29624,0,0,0,0,0,0,0,0,0,0,0,0
ENSMUSG00000099350,Gm29623,0,0,0,0,0,0,0,0,0,0,0,0
ENSMUSG00000100329,Gm29622,0,0,0,0,0,0,0,0,0,0,0,0
ENSMUSG00000099940,Gm29265,0,0,0,0,0,0,0,0,0,0,0,0
ENSMUSG00000101766,Gm20908,0,0,0,0,0,0,0,0,0,0,0,0
ENSMUSG00000101530,Gm29259,0,0,0,0,0,0,0,0,0,0,0,0
ENSMUSG00000100676,Gm28860,0,0,0,0,0,0,0,0,0,0,0,0
ENSMUSG00000101539,Gm28252,0,0,0,0,0,0,0,0,0,0,0,0
ENSMUSG00000100353,Gm28859,0,0,0,0,0,0,0,0,0,0,0,0
ENSMUSG00000101022,Gm20921,0,0,0,0,0,0,0,0,0,0,0,0
ENSMUSG00000100165,Gm28253,0,0,0,0,0,0,0,0,0,0,0,0
ENSMUSG00000100077,Gm21826,0,0,0,0,0,0,0,0,0,0,0,0
ENSMUSG00000101569,Gm28254,0,0,0,0,0,0,0,0,0,0,0,0
ENSMUSG00000101184,Gm28861,0,0,0,0,0,0,0,0,0,0,0,0
ENSMUSG00000099386,Gm28255,0,0,0,0,0,0,0,0,0,0,0,0
ENSMUSG00000095103,Gm21171,0,0,0,0,0,0,0,0,0,0,0,0
ENSMUSG00000095785,Gm20924,0,0,0,0,0,0,0,0,0,0,0,0
ENSMUSG00000101982,Gm28990,0,0,0,0,0,0,0,0,0,0,0,0
ENSMUSG00000099487,Gm21848,0,0,0,0,0,0,0,0,0,0,0,0
ENSMUSG00000101507,Gm29457,0,0,0,0,0,0,0,0,0,0,0,0
ENSMUSG00000093993,Gm20736,0,0,0,0,0,0,0,0,0,0,0,0
ENSMUSG00000100956,Gm28558,0,0,0,0,0,0,0,0,0,0,0,0
ENSMUSG00000100942,Gm28560,0,0,0,0,0,0,0,0,0,0,0,0
ENSMUSG00000100333,Gm28561,0,0,0,0,0,0,0,0,0,0,0,0
ENSMUSG00000100126,Gm29584,0,0,0,0,0,0,0,0,0,0,0,0
ENSMUSG00000101679,Gm20936,0,0,0,0,0,0,0,0,0,0,0,0
ENSMUSG00000099434,Gm20934,0,0,0,0,0,0,0,0,0,0,0,0
ENSMUSG00000101177,Gm29586,0,0,0,0,0,0,0,0,0,0,0,0
ENSMUSG00000100993,Gm21895,0,0,0,0,0,0,0,0,0,0,0,0
ENSMUSG00000099778,Gm28134,0,0,0,0,0,0,0,0,0,0,0,0
ENSMUSG00000101512,Gm28135,0,0,0,0,0,0,0,0,0,0,0,0
ENSMUSG00000100136,Gm20933,0,0,0,0,0,0,0,0,0,0,0,0
ENSMUSG00000101256,Gm28133,0,0,0,0,0,0,0,0,0,0,0,0
ENSMUSG00000101758,Gm28137,0,0,0,0,0,0,0,0,0,0,0,0
ENSMUSG00000099395,Gm28138,0,0,0,0,0,0,0,0,0,0,0,0
ENSMUSG00000100982,Gm21837,0,0,0,0,0,0,0,0,0,0,0,0
ENSMUSG00000100988,Gm28136,0,0,0,0,0,0,0,0,0,0,0,0
ENSMUSG00000099368,Gm21910,0,0,0,0,0,0,0,0,0,0,0,0
ENSMUSG00000101032,Gm29377,0,0,0,0,0,0,0,0,0,0,0,0
ENSMUSG00000101010,Gm21889,0,0,0,0,0,0,0,0,0,0,0,0
ENSMUSG00000100447,Gm29378,0,0,0,0,0,0,0,0,0,0,0,0
ENSMUSG00000100607,Gm29379,0,0,0,0,0,0,0,0,0,0,0,0
ENSMUSG00000099829,Gm29380,0,0,0,0,0,0,0,0,0,0,0,0
ENSMUSG00000101278,Gm29381,0,0,0,0,0,0,0,0,0,0,0,0
ENSMUSG00000101442,Gm28795,0,0,0,0,0,0,0,0,0,0,0,0
ENSMUSG00000096666,Gm20852,0,0,0,0,0,0,0,0,0,0,0,0
ENSMUSG00000100373,Gm29003,0,0,0,0,0,0,0,0,0,0,0,0
ENSMUSG00000101202,Gm28749,0,0,0,0,0,0,0,0,0,0,0,0
ENSMUSG00000102077,Gm29001,0,0,0,0,0,0,0,0,0,0,0,0
ENSMUSG00000099852,Gm29002,0,0,0,0,0,0,0,0,0,0,0,0
ENSMUSG00000095302,Ssty2,0,0,0,0,0,0,0,0,0,0,0,0
ENSMUSG00000099570,Gm29000,0,0,0,0,0,0,0,0,0,0,0,0
ENSMUSG00000100569,Gm28646,0,0,0,0,0,0,0,0,0,0,0,0
ENSMUSG00000100809,Gm28612,0,0,0,0,0,0,0,0,0,0,0,0
ENSMUSG00000099962,Gm28613,0,0,0,0,0,0,0,0,0,0,0,0
ENSMUSG00000100547,Gm28611,0,0,0,0,0,0,0,0,0,0,0,0
ENSMUSG00000099755,Gm21114,0,0,0,0,0,0,0,0,0,0,0,0
ENSMUSG00000101686,Gm29633,0,0,0,0,0,0,0,0,0,0,0,0
ENSMUSG00000099457,Gm21794,0,0,0,0,0,0,0,0,0,0,0,0
ENSMUSG00000101313,Gm29219,0,0,0,0,0,0,0,0,0,0,0,0
ENSMUSG00000100478,Gm29632,0,0,0,0,0,0,0,0,0,0,0,0
ENSMUSG00000101083,Gm29631,0,0,0,0,0,0,0,0,0,0,0,0
ENSMUSG00000102118,Gm29637,0,0,0,0,0,0,0,0,0,0,0,0
ENSMUSG00000096881,Gm20874,0,0,0,0,0,0,0,0,0,0,0,0
ENSMUSG00000099716,Gm29082,0,0,0,0,0,0,0,0,0,0,0,0
ENSMUSG00000101794,Gm29217,0,0,0,0,0,0,0,0,0,0,0,0
ENSMUSG00000101529,Gm29636,0,0,0,0,0,0,0,0,0,0,0,0
ENSMUSG00000099335,Gm29635,0,0,0,0,0,0,0,0,0,0,0,0
ENSMUSG00000100897,Gm29634,0,0,0,0,0,0,0,0,0,0,0,0
ENSMUSG00000101139,Gm29639,0,0,0,0,0,0,0,0,0,0,0,0
ENSMUSG00000101164,Gm29218,0,0,0,0,0,0,0,0,0,0,0,0
ENSMUSG00000101825,Gm21806,0,0,0,0,0,0,0,0,0,0,0,0
ENSMUSG00000099976,Gm20935,0,0,0,0,0,0,0,0,0,0,0,0
ENSMUSG00000099501,Gm29662,0,0,0,0,0,0,0,0,0,0,0,0
ENSMUSG00000099991,Gm29660,0,0,0,0,0,0,0,0,0,0,0,0
ENSMUSG00000101358,Gm29661,0,0,0,0,0,0,0,0,0,0,0,0
ENSMUSG00000101816,Gm29659,0,0,0,0,0,0,0,0,0,0,0,0
ENSMUSG00000096016,Gm20937,0,0,0,0,0,0,0,0,0,0,0,0
ENSMUSG00000101861,Gm29450,0,0,0,0,0,0,0,0,0,0,0,0
ENSMUSG00000101598,Gm29449,0,0,0,0,0,0,0,0,0,0,0,0
ENSMUSG00000102230,Gm31335,0,0,0,0,0,0,0,0,0,0,0,0
ENSMUSG00000104345,Gm37690,0,0,0,0,0,0,0,0,0,0,0,0
ENSMUSG00000102262,Gm38107,0,0,0,0,0,0,0,0,0,0,0,0
ENSMUSG00000103528,Gm31571,0,0,0,0,0,0,0,0,0,0,0,0
ENSMUSG00000102772,Gm32114,0,0,0,0,0,0,0,0,0,0,0,0
ENSMUSG00000103425,Gm37075,0,0,0,0,0,0,0,0,0,0,0,0
ENSMUSG00000102486,Gm37921,0,0,0,0,0,0,0,0,0,0,0,0
ENSMUSG00000103250,Gm32180,0,0,0,0,0,0,0,0,0,0,0,0
ENSMUSG00000103077,Gm38371,0,0,0,0,0,0,0,0,0,0,0,0
ENSMUSG00000103787,Gm37657,0,0,0,0,0,0,0,0,0,0,0,0
ENSMUSG00000103987,Gm37448,0,0,0,0,0,0,0,0,0,0,0,0
ENSMUSG00000103063,Gm33163,0,0,0,0,0,0,0,0,0,0,0,0
ENSMUSG00000102957,Gm21065,0,0,0,0,0,0,0,0,0,0,0,0
ENSMUSG00000103269,Gm36978,0,0,0,0,0,0,0,0,0,0,0,0
ENSMUSG00000103954,Gm37721,0,0,0,0,0,0,0,0,0,0,0,0
ENSMUSG00000103894,Gm37129,0,0,0,0,0,0,0,0,0,0,0,0
ENSMUSG00000103795,Gm37990,0,0,0,0,0,0,0,0,0,0,0,0
ENSMUSG00000103919,Gm21366,0,0,0,0,0,0,0,0,0,0,0,0
ENSMUSG00000103812,Gm33954,0,0,0,0,0,0,0,0,0,0,0,0
ENSMUSG00000104259,Gm37538,0,0,0,0,0,0,0,0,0,0,0,0
ENSMUSG00000102487,Gm21871,0,0,0,0,0,0,0,0,0,0,0,0
ENSMUSG00000102847,Gm34274,0,0,0,0,0,0,0,0,0,0,0,0
ENSMUSG00000103773,Gm34217,0,0,0,0,0,0,0,0,0,0,0,0
ENSMUSG00000102347,Gm21469,0,0,0,0,0,0,0,0,0,0,0,0
ENSMUSG00000104480,Gm21661,0,0,0,0,0,0,0,0,0,0,0,0
ENSMUSG00000104062,Gm37952,0,0,0,0,0,0,0,0,0,0,0,0
ENSMUSG00000103231,Gm21907,0,0,0,0,0,0,0,0,0,0,0,0
ENSMUSG00000102318,Gm37627,0,0,0,0,0,0,0,0,0,0,0,0
ENSMUSG00000103074,Gm20925,0,0,0,0,0,0,0,0,0,0,0,0
ENSMUSG00000102965,Gm20926,0,0,0,0,0,0,0,0,0,0,0,0
ENSMUSG00000104289,Gm37454,0,0,0,0,0,0,0,0,0,0,0,0
ENSMUSG00000102730,Gm38138,0,0,0,0,0,0,0,0,0,0,0,0
ENSMUSG00000102529,Gm29740,0,0,0,0,0,0,0,0,0,0,0,0
ENSMUSG00000103589,Gm37840,0,0,0,0,0,0,0,0,0,0,0,0
ENSMUSG00000102396,Gm37574,0,0,0,0,0,0,0,0,0,0,0,0
ENSMUSG00000104247,Gm21768,0,0,0,0,0,0,0,0,0,0,0,0
ENSMUSG00000104255,Gm37172,0,0,0,0,0,0,0,0,0,0,0,0
ENSMUSG00000102598,Gm35670,0,0,0,0,0,0,0,0,0,0,0,0
ENSMUSG00000102402,Gm20840,0,0,0,0,0,0,0,0,0,0,0,0
ENSMUSG00000104228,Gm35955,0,0,0,0,0,0,0,0,0,0,0,0
ENSMUSG00000103029,Gm37687,0,0,0,0,0,0,0,0,0,0,0,0
ENSMUSG00000102239,Gm38296,0,0,0,0,0,0,0,0,0,0,0,0
ENSMUSG00000103153,Gm38290,0,0,0,0,0,0,0,0,0,0,0,0
ENSMUSG00000103086,Gm38121,0,0,0,0,0,0,0,0,0,0,0,0
ENSMUSG00000103327,Gm36047,0,0,0,0,0,0,0,0,0,0,0,0
ENSMUSG00000104500,Gm36345,0,0,0,0,0,0,0,0,0,0,0,0
ENSMUSG00000103236,Gm37157,0,0,0,0,0,0,0,0,0,0,0,0
ENSMUSG00000102911,Gm38017,0,0,0,0,0,0,0,0,0,0,0,0
ENSMUSG00000103008,Gm36468,0,0,0,0,0,0,0,0,0,0,0,0
ENSMUSG00000103058,Gm21845,0,0,0,0,0,0,0,0,0,0,0,0
ENSMUSG00000093868,Gm20809,0,0,0,0,0,0,0,0,0,0,0,0
ENSMUSG00000102350,Gm37434,0,0,0,0,0,0,0,0,0,0,0,0
ENSMUSG00000102993,Gm37765,0,0,0,0,0,0,0,0,0,0,0,0
ENSMUSG00000103311,Gm38229,0,0,0,0,0,0,0,0,0,0,0,0
ENSMUSG00000104070,Gm36866,0,0,0,0,0,0,0,0,0,0,0,0
ENSMUSG00000103615,Gm30045,0,0,0,0,0,0,0,0,0,0,0,0
ENSMUSG00000094911,Gm21921,0,0,0,0,0,0,0,0,0,0,0,0
ENSMUSG00000104431,Gm37112,0,0,0,0,0,0,0,0,0,0,0,0
ENSMUSG00000103758,Gm37287,0,0,0,0,0,0,0,0,0,0,0,0
ENSMUSG00000104146,Gm30175,0,0,0,0,0,0,0,0,0,0,0,0
ENSMUSG00000102507,Gm21350,0,0,0,0,0,0,0,0,0,0,0,0
ENSMUSG00000102358,Gm21412,0,0,0,0,0,0,0,0,0,0,0,0
ENSMUSG00000103977,Gm37071,0,0,0,0,0,0,0,0,0,0,0,0
ENSMUSG00000102643,Gm37547,0,0,0,0,0,0,0,0,0,0,0,0
ENSMUSG00000103064,Gm36968,0,0,0,0,0,0,0,0,0,0,0,0
ENSMUSG00000102842,Gm38035,0,0,0,0,0,0,0,0,0,0,0,0
ENSMUSG00000103714,Gm20857,0,0,0,0,0,0,0,0,0,0,0,0
ENSMUSG00000103660,Gm30705,0,0,0,0,0,0,0,0,0,0,0,0
ENSMUSG00000094939,Gm21773,0,0,0,0,0,0,0,0,0,0,0,0
ENSMUSG00000103982,Gm37451,0,0,0,0,0,0,0,0,0,0,0,0
ENSMUSG00000102328,Gm37793,0,0,0,0,0,0,0,0,0,0,0,0
ENSMUSG00000103487,Gm30858,0,0,0,0,0,0,0,0,0,0,0,0
ENSMUSG00000103639,Gm21791,0,0,0,0,0,0,0,0,0,0,0,0
ENSMUSG00000104085,Gm21427,0,0,0,0,0,0,0,0,0,0,0,0
ENSMUSG00000102576,Gm37875,0,0,0,0,0,0,0,0,0,0,0,0
ENSMUSG00000103372,Gm37237,0,0,0,0,0,0,0,0,0,0,0,0
ENSMUSG00000102354,Gm38350,0,0,0,0,0,0,0,0,0,0,0,0
ENSMUSG00000102906,Gm20858,0,0,0,0,0,0,0,0,0,0,0,0
ENSMUSG00000103813,Gm31422,0,0,0,0,0,0,0,0,0,0,0,0
ENSMUSG00000104412,Gm37798,0,0,0,0,0,0,0,0,0,0,0,0
ENSMUSG00000104321,Gm37318,0,0,0,0,0,0,0,0,0,0,0,0
ENSMUSG00000103892,Gm31572,0,0,0,0,0,0,0,0,0,0,0,0
ENSMUSG00000103969,Gm21890,0,0,0,0,0,0,0,0,0,0,0,0
ENSMUSG00000102339,Gm21443,0,0,0,0,0,0,0,0,0,0,0,0
ENSMUSG00000102977,Gm37346,0,0,0,0,0,0,0,0,0,0,0,0
ENSMUSG00000102547,Gm38136,0,0,0,0,0,0,0,0,0,0,0,0
ENSMUSG00000103675,Gm37991,0,0,0,0,0,0,0,0,0,0,0,0
ENSMUSG00000103842,Gm37808,0,0,0,0,0,0,0,0,0,0,0,0
ENSMUSG00000104024,Gm33571,0,0,0,0,0,0,0,0,0,0,0,0
ENSMUSG00000103462,Gm32181,0,0,0,0,0,0,0,0,0,0,0,0
ENSMUSG00000101467,Gm28662,0,0,0,0,0,0,0,0,0,0,0,0
ENSMUSG00000101260,Gm28780,0,0,0,0,0,0,0,0,0,0,0,0
ENSMUSG00000101105,Gm21755,0,0,0,0,0,0,0,0,0,0,0,0
ENSMUSG00000099346,Gm20895,0,0,0,0,0,0,0,0,0,0,0,0
ENSMUSG00000101513,Gm28853,0,0,0,0,0,0,0,0,0,0,0,0
ENSMUSG00000101809,Gm28852,0,0,0,0,0,0,0,0,0,0,0,0
ENSMUSG00000099841,Gm28855,0,0,0,0,0,0,0,0,0,0,0,0
ENSMUSG00000099573,Gm28854,0,0,0,0,0,0,0,0,0,0,0,0
ENSMUSG00000102104,Gm28858,0,0,0,0,0,0,0,0,0,0,0,0
ENSMUSG00000100055,Gm20890,0,0,0,0,0,0,0,0,0,0,0,0
ENSMUSG00000101929,Gm28245,0,0,0,0,0,0,0,0,0,0,0,0
ENSMUSG00000101971,Gm28246,0,0,0,0,0,0,0,0,0,0,0,0
ENSMUSG00000101839,Gm28247,0,0,0,0,0,0,0,0,0,0,0,0
ENSMUSG00000102010,Gm28248,0,0,0,0,0,0,0,0,0,0,0,0
ENSMUSG00000101149,Gm20892,0,0,0,0,0,0,0,0,0,0,0,0
ENSMUSG00000101743,Gm28249,0,0,0,0,0,0,0,0,0,0,0,0
ENSMUSG00000101311,Gm28250,0,0,0,0,0,0,0,0,0,0,0,0
ENSMUSG00000100803,Gm28251,0,0,0,0,0,0,0,0,0,0,0,0
ENSMUSG00000100873,Gm28243,0,0,0,0,0,0,0,0,0,0,0,0
ENSMUSG00000101692,Gm28244,0,0,0,0,0,0,0,0,0,0,0,0
ENSMUSG00000100464,Gm21771,0,0,0,0,0,0,0,0,0,0,0,0
ENSMUSG00000102015,Gm21476,0,0,0,0,0,0,0,0,0,0,0,0
ENSMUSG00000101198,Gm29021,0,0,0,0,0,0,0,0,0,0,0,0
ENSMUSG00000099955,Gm28880,0,0,0,0,0,0,0,0,0,0,0,0
ENSMUSG00000099873,Gm28452,0,0,0,0,0,0,0,0,0,0,0,0
ENSMUSG00000099541,Gm21488,0,0,0,0,0,0,0,0,0,0,0,0
ENSMUSG00000101920,Gm28454,0,0,0,0,0,0,0,0,0,0,0,0
ENSMUSG00000099430,Gm28878,0,0,0,0,0,0,0,0,0,0,0,0
ENSMUSG00000100099,Gm28879,0,0,0,0,0,0,0,0,0,0,0,0
ENSMUSG00000100495,Gm29369,0,0,0,0,0,0,0,0,0,0,0,0
ENSMUSG00000100413,Gm21506,0,0,0,0,0,0,0,0,0,0,0,0
ENSMUSG00000100570,Gm29399,0,0,0,0,0,0,0,0,0,0,0,0
ENSMUSG00000101863,Gm29400,0,0,0,0,0,0,0,0,0,0,0,0
ENSMUSG00000099727,Gm29401,0,0,0,0,0,0,0,0,0,0,0,0
ENSMUSG00000099791,Gm20891,0,0,0,0,0,0,0,0,0,0,0,0
ENSMUSG00000101473,Gm20893,0,0,0,0,0,0,0,0,0,0,0,0
ENSMUSG00000101753,Gm28799,0,0,0,0,0,0,0,0,0,0,0,0
ENSMUSG00000101484,Gm28798,0,0,0,0,0,0,0,0,0,0,0,0
ENSMUSG00000100587,Gm28797,0,0,0,0,0,0,0,0,0,0,0,0
ENSMUSG00000099828,Gm28796,0,0,0,0,0,0,0,0,0,0,0,0
ENSMUSG00000101158,Gm20894,0,0,0,0,0,0,0,0,0,0,0,0
ENSMUSG00000099537,Gm28938,0,0,0,0,0,0,0,0,0,0,0,0
ENSMUSG00000101669,Gm28937,0,0,0,0,0,0,0,0,0,0,0,0
ENSMUSG00000099862,Gm28936,0,0,0,0,0,0,0,0,0,0,0,0
ENSMUSG00000101908,Gm21642,0,0,0,0,0,0,0,0,0,0,0,0
ENSMUSG00000100473,Gm21804,0,0,0,0,0,0,0,0,0,0,0,0
ENSMUSG00000101192,Gm29122,0,0,0,0,0,0,0,0,0,0,0,0
ENSMUSG00000101607,Gm28939,0,0,0,0,0,0,0,0,0,0,0,0
ENSMUSG00000101418,Gm28983,0,0,0,0,0,0,0,0,0,0,0,0
ENSMUSG00000099431,Gm28985,0,0,0,0,0,0,0,0,0,0,0,0
ENSMUSG00000101837,Gm20810,0,0,0,0,0,0,0,0,0,0,0,0
ENSMUSG00000100233,Gm20811,0,0,0,0,0,0,0,0,0,0,0,0
ENSMUSG00000100859,Gm28725,0,0,0,0,0,0,0,0,0,0,0,0
ENSMUSG00000099653,Gm28984,0,0,0,0,0,0,0,0,0,0,0,0
ENSMUSG00000100875,Gm28987,0,0,0,0,0,0,0,0,0,0,0,0
ENSMUSG00000100117,Gm28986,0,0,0,0,0,0,0,0,0,0,0,0
ENSMUSG00000101305,Gm29171,0,0,0,0,0,0,0,0,0,0,0,0
ENSMUSG00000099650,Gm28129,0,0,0,0,0,0,0,0,0,0,0,0
ENSMUSG00000101560,Gm28127,0,0,0,0,0,0,0,0,0,0,0,0
ENSMUSG00000101954,Gm28128,0,0,0,0,0,0,0,0,0,0,0,0
ENSMUSG00000096538,Gm21853,0,0,0,0,0,0,0,0,0,0,0,0
ENSMUSG00000099348,Gm28132,0,0,0,0,0,0,0,0,0,0,0,0
ENSMUSG00000099380,Gm28130,0,0,0,0,0,0,0,0,0,0,0,0
ENSMUSG00000101412,Gm28131,0,0,0,0,0,0,0,0,0,0,0,0
ENSMUSG00000118461,Gm21679,0,0,0,0,0,0,0,0,0,0,0,0
ENSMUSG00000099817,Gm29317,0,0,0,0,0,0,0,0,0,0,0,0
ENSMUSG00000099880,Gm29316,0,0,0,0,0,0,0,0,0,0,0,0
ENSMUSG00000101642,Gm29315,0,0,0,0,0,0,0,0,0,0,0,0
ENSMUSG00000101719,Gm28216,0,0,0,0,0,0,0,0,0,0,0,0
ENSMUSG00000100896,Gm28217,0,0,0,0,0,0,0,0,0,0,0,0
ENSMUSG00000099347,Gm28093,0,0,0,0,0,0,0,0,0,0,0,0
ENSMUSG00000101379,Gm28092,0,0,0,0,0,0,0,0,0,0,0,0
ENSMUSG00000100565,Gm28091,0,0,0,0,0,0,0,0,0,0,0,0
ENSMUSG00000101489,Gm28090,0,0,0,0,0,0,0,0,0,0,0,0
ENSMUSG00000100038,Gm29580,0,0,0,0,0,0,0,0,0,0,0,0
ENSMUSG00000100415,Gm28089,0,0,0,0,0,0,0,0,0,0,0,0
ENSMUSG00000101775,Gm28088,0,0,0,0,0,0,0,0,0,0,0,0
ENSMUSG00000100321,Gm29579,0,0,0,0,0,0,0,0,0,0,0,0
ENSMUSG00000100467,Gm29582,0,0,0,0,0,0,0,0,0,0,0,0
ENSMUSG00000095192,Gm21529,0,0,0,0,0,0,0,0,0,0,0,0
ENSMUSG00000100311,Gm29581,0,0,0,0,0,0,0,0,0,0,0,0
ENSMUSG00000094232,Gm21539,0,0,0,0,0,0,0,0,0,0,0,0
ENSMUSG00000099990,Gm29578,0,0,0,0,0,0,0,0,0,0,0,0
ENSMUSG00000101527,Gm21908,0,0,0,0,0,0,0,0,0,0,0,0
ENSMUSG00000096698,Gm21780,0,0,0,0,0,0,0,0,0,0,0,0
ENSMUSG00000099855,Gm28486,0,0,0,0,0,0,0,0,0,0,0,0
ENSMUSG00000094623,Gm21737,0,0,0,0,0,0,0,0,0,0,0,0
ENSMUSG00000100928,Gm28487,0,0,0,0,0,0,0,0,0,0,0,0
ENSMUSG00000101667,Gm29289,0,0,0,0,0,0,0,0,0,0,0,0
ENSMUSG00000093918,Gm21677,0,0,0,0,0,0,0,0,0,0,0,0
ENSMUSG00000099455,Gm29288,0,0,0,0,0,0,0,0,0,0,0,0
ENSMUSG00000094511,Gm21693,0,0,0,0,0,0,0,0,0,0,0,0
ENSMUSG00000101141,Gm21139,0,0,0,0,0,0,0,0,0,0,0,0
ENSMUSG00000093987,Gm21704,0,0,0,0,0,0,0,0,0,0,0,0
ENSMUSG00000100285,Gm21147,0,0,0,0,0,0,0,0,0,0,0,0
ENSMUSG00000095948,Gm21708,0,0,0,0,0,0,0,0,0,0,0,0
ENSMUSG00000100960,Gm21156,0,0,0,0,0,0,0,0,0,0,0,0
ENSMUSG00000099970,Rhoay-ps2,0,0,0,0,0,0,0,0,0,0,0,0
ENSMUSG00000099660,Gm2316,0,0,0,0,0,0,0,0,0,0,0,0
ENSMUSG00000096520,Gm3376,0,0,0,0,0,0,0,0,0,0,0,0
ENSMUSG00000101016,Gm2325,0,0,0,0,0,0,0,0,0,0,0,0
ENSMUSG00000100360,Gm28649,0,0,0,0,0,0,0,0,0,0,0,0
ENSMUSG00000099838,Gm8521,0,0,0,0,0,0,0,0,0,0,0,0
ENSMUSG00000100132,Gm18177,0,0,0,0,0,0,0,0,0,0,0,0
ENSMUSG00000101030,Gm28429,0,0,0,0,0,0,0,0,0,0,0,0
ENSMUSG00000100641,Gm28413,0,0,0,0,0,0,0,0,0,0,0,0
ENSMUSG00000101145,Gm28412,0,0,0,0,0,0,0,0,0,0,0,0
ENSMUSG00000100656,Gm8525,1,0,0,3,2,0,0,0,0,1,0,0
ENSMUSG00000100082,Gm28414,0,0,0,0,0,0,0,0,0,0,0,0
ENSMUSG00000101712,Gm28648,0,0,0,0,0,0,0,0,0,0,0,0
ENSMUSG00000101558,Gm28647,0,0,0,0,0,0,0,0,0,0,0,0
ENSMUSG00000100753,Gm29435,0,0,0,0,0,0,0,0,0,0,0,0
ENSMUSG00000101499,Vmn2r-ps139,0,0,0,0,0,0,0,0,0,0,0,0
ENSMUSG00000101108,Gm29038,0,0,0,0,0,0,0,0,0,0,0,0
ENSMUSG00000100300,Gm28191,0,0,0,0,0,0,0,0,0,0,0,0
ENSMUSG00000100683,Gm28186,0,0,0,0,0,0,0,0,0,0,0,0
ENSMUSG00000102088,Gm21064,0,0,0,0,0,0,0,0,0,0,0,0
ENSMUSG00000099514,Gm28241,0,0,0,0,0,0,0,0,0,0,0,0
ENSMUSG00000100446,Gm28242,0,0,0,0,0,0,0,0,0,0,0,0
ENSMUSG00000102680,Gm37222,0,0,0,0,0,0,0,0,0,0,0,0
ENSMUSG00000099684,Gm28356,0,0,0,0,0,0,0,0,0,0,0,0
ENSMUSG00000100984,Gm28357,0,0,0,0,0,0,0,0,0,0,0,0
ENSMUSG00000100137,Gm29352,0,0,0,0,0,0,0,0,0,0,0,0
ENSMUSG00000100958,Gm29351,0,0,0,0,0,0,0,0,0,0,0,0
ENSMUSG00000099575,Gm29350,0,0,0,0,0,0,0,0,0,0,0,0
ENSMUSG00000100597,Gm29349,0,0,0,0,0,0,0,0,0,0,0,0
ENSMUSG00000099410,Gm29355,0,0,0,0,0,0,0,0,0,0,0,0
ENSMUSG00000093927,Gm20918,0,0,0,0,0,0,0,0,0,0,0,0
ENSMUSG00000101212,Gm29354,0,0,0,0,0,0,0,0,0,0,0,0
ENSMUSG00000101041,Gm29353,0,0,0,0,0,0,0,0,0,0,0,0
ENSMUSG00000118417,Gm50460,0,0,0,0,0,0,0,0,0,0,0,0
ENSMUSG00000095693,Gm21820,0,0,0,0,0,0,0,0,0,0,0,0
ENSMUSG00000101611,Gm29357,0,0,0,0,0,0,0,0,0,0,0,0
ENSMUSG00000101769,Gm29356,0,0,0,0,0,0,0,0,0,0,0,0
ENSMUSG00000100792,Gm29161,0,0,0,0,0,0,0,0,0,0,0,0
ENSMUSG00000099766,Gm28767,0,0,0,0,0,0,0,0,0,0,0,0
ENSMUSG00000099726,Gm29160,0,0,0,0,0,0,0,0,0,0,0,0
ENSMUSG00000101576,Gm20915,0,0,0,0,0,0,0,0,0,0,0,0
ENSMUSG00000102115,Gm28766,0,0,0,0,0,0,0,0,0,0,0,0
ENSMUSG00000102102,Gm29159,0,0,0,0,0,0,0,0,0,0,0,0
ENSMUSG00002075850,#N/A,0,0,0,0,0,0,0,0,0,0,0,0
ENSMUSG00000099761,Gm29158,0,0,0,0,0,0,0,0,0,0,0,0
ENSMUSG00000096706,Gm21854,0,0,0,0,0,0,0,0,0,0,0,0
ENSMUSG00000101805,Gm28768,0,0,0,0,0,0,0,0,0,0,0,0
ENSMUSG00000101380,Gm28769,0,0,0,0,0,0,0,0,0,0,0,0
ENSMUSG00000096268,Gm20914,0,0,0,0,0,0,0,0,0,0,0,0
ENSMUSG00000100634,Gm28171,0,0,0,0,0,0,0,0,0,0,0,0
ENSMUSG00000100056,Gm28173,0,0,0,0,0,0,0,0,0,0,0,0
ENSMUSG00000102338,Gm37236,0,0,0,0,0,0,0,0,0,0,0,0
ENSMUSG00000101291,Gm29194,0,0,0,0,0,0,0,0,0,0,0,0
ENSMUSG00000096036,Gm21778,0,0,0,0,0,0,0,0,0,0,0,0
ENSMUSG00000102042,Gm29195,0,0,0,0,0,0,0,0,0,0,0,0
ENSMUSG00000100878,Gm29196,0,0,0,0,0,0,0,0,0,0,0,0
ENSMUSG00000099721,Gm28435,0,0,0,0,0,0,0,0,0,0,0,0
ENSMUSG00000101619,Gm28436,0,0,0,0,0,0,0,0,0,0,0,0
ENSMUSG00000100710,Gm29197,0,0,0,0,0,0,0,0,0,0,0,0
ENSMUSG00000100292,Gm29198,0,0,0,0,0,0,0,0,0,0,0,0
ENSMUSG00000101081,Gm29193,0,0,0,0,0,0,0,0,0,0,0,0
ENSMUSG00000099815,Gm28430,0,0,0,1,0,0,0,0,0,0,0,0
ENSMUSG00000118404,Gm21746,0,0,0,0,0,0,0,0,0,0,0,0
ENSMUSG00000101525,Gm28593,0,0,0,0,0,0,0,0,0,0,0,0
ENSMUSG00000095148,Gm20873,0,0,0,0,0,0,0,0,0,0,0,0
ENSMUSG00000101707,Gm28916,0,0,0,0,0,0,0,0,0,0,0,0
ENSMUSG00000100275,Gm28915,0,0,0,0,0,0,0,0,0,0,0,0
ENSMUSG00000100472,Gm28918,0,0,0,0,0,0,0,0,0,0,0,0
ENSMUSG00000100289,Gm28917,0,0,0,0,0,0,0,0,0,0,0,0
ENSMUSG00000101243,Gm28919,0,0,0,0,0,0,0,0,0,0,0,0
ENSMUSG00000079806,Gm21719,0,0,0,0,0,0,0,0,0,0,0,0
ENSMUSG00000100479,Gm28921,0,0,0,0,0,0,0,0,0,0,0,0
ENSMUSG00000099352,Gm28920,0,0,0,0,0,0,0,0,0,0,0,0
ENSMUSG00000101388,Gm28444,0,0,0,0,0,0,0,0,0,0,0,0
ENSMUSG00000101055,Gm28443,0,0,0,0,0,0,0,0,0,0,0,0
ENSMUSG00000096686,Gm20830,0,0,0,0,0,0,0,0,0,0,0,0
ENSMUSG00000099505,Gm28442,0,0,0,0,0,0,0,0,0,0,0,0
ENSMUSG00000100161,Gm28445,0,0,0,0,0,0,0,0,0,0,0,0
ENSMUSG00000102039,Gm20788,0,0,0,0,0,0,0,0,0,0,0,0
ENSMUSG00000101913,Gm28999,0,0,0,0,0,0,0,0,0,0,0,0
ENSMUSG00000094484,Gm21244,0,0,0,0,0,0,0,0,0,0,0,0
ENSMUSG00000101479,Gm28997,0,0,0,0,0,0,0,0,0,0,0,0
ENSMUSG00000100939,Gm28998,0,0,0,0,0,0,0,0,0,0,0,0
ENSMUSG00000100262,Gm28398,0,0,0,0,0,0,0,0,0,0,0,0
ENSMUSG00000100453,Gm28397,0,0,0,0,0,0,0,0,0,0,0,0
ENSMUSG00000100858,Gm28400,0,0,0,0,0,0,0,0,0,0,0,0
ENSMUSG00000099965,Gm28399,0,0,0,0,0,0,0,0,0,0,0,0
ENSMUSG00000100948,Gm28395,0,0,0,0,0,0,0,0,0,0,0,0
ENSMUSG00000118447,Gm21788,0,0,0,0,0,0,0,0,0,0,0,0
ENSMUSG00000100961,Gm28394,0,0,0,0,0,0,0,0,0,0,0,0
ENSMUSG00000100806,Gm28396,0,0,0,0,0,0,0,0,0,0,0,0
ENSMUSG00000101521,Gm28393,0,0,0,0,0,0,0,0,0,0,0,0
ENSMUSG00000094081,Gm20826,0,0,0,0,0,0,0,0,0,0,0,0
ENSMUSG00000101181,Vmn2r-ps149,0,0,0,0,0,0,0,0,0,0,0,0
ENSMUSG00000100645,Gm28576,0,0,0,0,0,0,0,0,0,0,0,0
ENSMUSG00000100124,Gm28575,0,0,0,0,0,0,0,0,0,0,0,0
ENSMUSG00000101956,Gm28574,0,0,0,0,0,0,0,0,0,0,0,0
ENSMUSG00000101351,Gm28573,0,0,0,0,0,0,0,0,0,0,0,0
ENSMUSG00000100412,Gm28572,0,0,0,0,0,0,0,0,0,0,0,0
ENSMUSG00000102026,Gm28571,0,0,0,0,0,0,0,0,0,0,0,0
ENSMUSG00000099800,Gm28570,0,0,0,0,0,0,0,0,0,0,0,0
ENSMUSG00000099861,Gm29049,0,0,0,0,0,0,0,0,0,0,0,0
ENSMUSG00000095324,Gm20825,0,0,0,0,0,0,0,0,0,0,0,0
ENSMUSG00000101616,Gm29047,0,0,0,0,0,0,0,0,0,0,0,0
ENSMUSG00000100312,Gm29048,0,0,0,0,0,0,0,0,0,0,0,0
ENSMUSG00000100258,Gm29045,0,0,0,0,0,0,0,0,0,0,0,0
ENSMUSG00000101229,Gm29046,0,0,0,0,0,0,0,0,0,0,0,0
ENSMUSG00000101456,Gm29043,0,0,0,0,0,0,0,0,0,0,0,0
ENSMUSG00000100421,Gm29044,0,0,0,0,0,0,0,0,0,0,0,0
ENSMUSG00000103618,Gm37951,0,0,0,0,0,0,0,0,0,0,0,0
ENSMUSG00000101928,Gm20824,0,0,0,0,0,0,0,0,0,0,0,0
ENSMUSG00000100239,Gm28146,0,0,0,0,0,0,0,0,0,0,0,0
ENSMUSG00000100460,Gm28145,0,0,0,0,0,0,0,0,0,0,0,0
ENSMUSG00000101331,Gm28148,0,0,0,0,0,0,0,0,0,0,0,0
ENSMUSG00000101366,Gm28147,0,0,0,0,0,0,0,0,0,0,0,0
ENSMUSG00000101142,Gm28142,0,0,0,0,0,0,0,0,0,0,0,0
ENSMUSG00000100047,Gm28141,0,0,0,0,0,0,0,0,0,0,0,0
ENSMUSG00000101858,Gm28144,0,0,0,0,0,0,0,0,0,0,0,0
ENSMUSG00000100933,Gm28143,0,0,0,0,0,0,0,0,0,0,0,0
ENSMUSG00000100804,Gm28150,0,0,0,0,0,0,0,0,0,0,0,0
ENSMUSG00000101672,Gm28149,0,0,0,0,0,0,0,0,0,0,0,0
ENSMUSG00000099929,Gm28098,0,0,0,0,0,0,0,0,0,0,0,0
ENSMUSG00000099939,Gm28330,0,0,0,0,0,0,0,0,0,0,0,0
ENSMUSG00000100491,Gm28331,0,0,0,0,0,0,0,0,0,0,0,0
ENSMUSG00000099566,Gm28099,0,0,0,0,0,0,0,0,0,0,0,0
ENSMUSG00000101053,Gm20815,0,0,0,0,0,0,0,0,0,0,0,0
ENSMUSG00000101732,Gm28328,0,0,0,0,0,0,0,0,0,0,0,0
ENSMUSG00000101056,Gm28329,0,0,0,0,0,0,0,0,0,0,0,0
ENSMUSG00000099904,Gm28270,0,0,0,0,0,0,0,0,0,0,0,0
ENSMUSG00000099523,Gm28327,0,0,0,0,0,0,0,0,0,0,0,0
ENSMUSG00000100542,Gm28097,0,0,0,0,0,0,0,0,0,0,0,0
ENSMUSG00000099956,Gm29365,0,0,0,0,0,0,0,0,0,0,0,0
ENSMUSG00000100080,Gm29364,0,0,0,0,0,0,0,0,0,0,0,0
ENSMUSG00000101441,Gm29363,0,0,0,0,0,0,0,0,0,0,0,0
ENSMUSG00000091077,Gm21292,0,0,0,0,0,0,0,0,0,0,0,0
ENSMUSG00000094679,Gm21721,0,0,0,0,0,0,0,0,0,0,0,0
ENSMUSG00000100109,Gm29366,0,0,0,0,0,0,0,0,0,0,0,0
ENSMUSG00000100848,Gm29281,0,0,0,0,0,0,0,0,0,0,0,0
ENSMUSG00000100105,Gm29330,0,0,0,0,0,0,0,0,0,0,0,0
ENSMUSG00000101095,Gm29329,0,0,0,0,0,0,0,0,0,0,0,0
ENSMUSG00000094773,Gm21812,0,0,0,0,0,0,0,0,0,0,0,0
ENSMUSG00000099688,Gm29535,0,0,0,0,0,0,0,0,0,0,0,0
ENSMUSG00000101094,Gm29533,0,0,0,0,0,0,0,0,0,0,0,0
ENSMUSG00000101647,Gm29534,0,0,0,0,0,0,0,0,0,0,0,0
ENSMUSG00000096223,Gm21874,0,0,0,0,0,0,0,0,0,0,0,0
ENSMUSG00000101737,Gm28849,0,0,0,0,0,0,0,0,0,0,0,0
ENSMUSG00000100752,Gm28847,0,0,0,0,0,0,0,0,0,0,0,0
ENSMUSG00000100463,Gm28848,0,0,0,0,0,0,0,0,0,0,0,0
ENSMUSG00000101977,Gm28846,0,0,0,0,0,0,0,0,0,0,0,0
ENSMUSG00000100661,Gm29471,0,0,0,0,0,0,0,0,0,0,0,0
ENSMUSG00000100571,Gm29474,0,0,0,0,0,0,0,0,0,0,0,0
ENSMUSG00000100087,Gm29475,0,0,0,0,0,0,0,0,0,0,0,0
ENSMUSG00000094556,Gm20821,0,0,0,0,0,0,0,0,0,0,0,0
ENSMUSG00000100049,Gm28506,0,0,0,0,0,0,0,0,0,0,0,0
ENSMUSG00000100477,Gm28507,0,0,0,0,0,0,0,0,0,0,0,0
ENSMUSG00000100800,Gm21301,0,0,0,0,0,0,0,0,0,0,0,0
ENSMUSG00000099439,Gm29142,0,0,0,0,0,0,0,0,0,0,0,0
ENSMUSG00000095032,Gm21310,0,0,0,0,0,0,0,0,0,0,0,0
ENSMUSG00000099372,Gm28509,0,0,0,0,0,0,0,0,0,0,0,0
ENSMUSG00000101699,Gm28508,0,0,0,0,0,0,0,0,0,0,0,0
ENSMUSG00000095242,Gm20834,0,0,0,0,0,0,0,0,0,0,0,0
ENSMUSG00000101396,Gm28510,0,0,0,0,0,0,0,0,0,0,0,0
ENSMUSG00000100995,Gm29525,0,0,0,0,0,0,0,0,0,0,0,0
ENSMUSG00000100273,Gm29526,0,0,0,0,0,0,0,0,0,0,0,0
ENSMUSG00000095950,Gm20737,0,0,0,0,0,0,0,0,0,0,0,0
ENSMUSG00000118472,Gm21775,0,0,0,0,0,0,0,0,0,0,0,0
ENSMUSG00000118422,Gm21900,0,0,0,0,0,0,0,0,0,0,0,0
ENSMUSG00000100369,Gm29527,0,0,0,0,0,0,0,0,0,0,0,0
ENSMUSG00000075359,Gm20775,0,0,0,0,1,0,0,0,0,0,0,0
ENSMUSG00000099668,Gm29522,0,0,0,0,0,0,0,0,0,0,0,0
ENSMUSG00000100731,Gm29523,0,0,0,0,0,0,0,0,0,0,0,0
ENSMUSG00000100074,Gm29524,0,0,0,0,0,0,0,0,0,0,0,0
ENSMUSG00000099676,Gm29528,0,0,0,0,0,0,0,0,0,0,0,0
ENSMUSG00000094813,Gm20777,0,0,0,0,0,0,0,0,0,0,0,0
ENSMUSG00000099482,Gm28955,0,0,0,0,0,0,0,0,0,0,0,0
ENSMUSG00000099776,Gm28954,0,0,0,0,0,0,0,0,0,0,0,0
ENSMUSG00000100742,Gm28953,0,0,0,0,0,0,0,0,0,0,0,0
ENSMUSG00000100730,Gm20776,0,0,0,0,0,0,0,0,0,0,0,0
ENSMUSG00000100567,Gm28958,0,0,0,0,0,0,0,0,0,0,0,0
ENSMUSG00000094838,Gm20828,0,0,0,0,0,0,0,0,0,0,0,0
ENSMUSG00000101319,Gm28957,0,0,0,0,0,0,0,0,0,0,0,0
ENSMUSG00000101789,Gm28956,0,0,0,0,0,0,0,0,0,0,0,0
ENSMUSG00000100015,Gm28952,0,0,0,0,0,0,0,0,0,0,0,0
ENSMUSG00000099572,Gm28951,0,0,0,0,0,0,0,0,0,0,0,0
ENSMUSG00000101690,Gm28390,0,0,0,0,0,0,0,0,0,0,0,0
ENSMUSG00000101842,Gm28391,0,0,0,0,0,0,0,0,0,0,0,0
ENSMUSG00000101871,Gm28389,0,0,0,0,0,0,0,0,0,0,0,0
ENSMUSG00000100919,Gm28655,0,0,0,0,0,0,0,0,0,0,0,0
ENSMUSG00000101123,Gm28654,0,0,0,0,0,0,0,0,0,0,0,0
ENSMUSG00000101276,Gm28657,0,0,0,0,0,0,0,0,0,0,0,0
ENSMUSG00000100368,Gm28656,0,0,0,0,0,0,0,0,0,0,0,0
ENSMUSG00000100231,Gm29554,0,0,0,0,0,0,0,0,0,0,0,0
ENSMUSG00000101469,Gm29556,0,0,0,0,0,0,0,0,0,0,0,0
ENSMUSG00000095508,Gm20812,0,0,0,0,0,0,0,0,0,0,0,0
ENSMUSG00000103330,Gm35108,0,0,0,0,0,0,0,0,0,0,0,0
ENSMUSG00000104505,Gm37739,0,0,0,0,0,0,0,0,0,0,0,0
ENSMUSG00000104468,Gm21736,0,0,0,0,0,0,0,0,0,0,0,0
ENSMUSG00000094135,Gm21379,0,0,0,0,0,0,0,0,0,0,0,0
ENSMUSG00000103361,Gm36928,0,0,0,0,0,0,0,0,0,0,0,0
ENSMUSG00000104267,Gm20807,0,0,0,0,0,0,0,0,0,0,0,0
ENSMUSG00000103352,Gm38084,0,0,0,0,0,0,0,0,0,0,0,0
ENSMUSG00000102335,Gm37231,0,0,0,0,0,0,0,0,0,0,0,0
ENSMUSG00000095769,Gm21891,0,0,0,0,0,0,0,0,0,0,0,0
ENSMUSG00000096820,Gm21425,0,0,0,0,0,0,0,0,0,0,0,0
ENSMUSG00000103474,Gm37252,0,0,0,0,0,0,0,0,0,0,0,0
ENSMUSG00000095759,Gm21828,0,0,0,0,0,0,0,0,0,0,0,0
ENSMUSG00000103468,Gm21440,0,0,0,0,0,0,0,0,0,0,0,0
ENSMUSG00000093903,Gm21454,0,0,0,0,0,0,0,0,0,0,0,0
ENSMUSG00000103176,Gm37147,0,0,0,0,0,0,0,0,0,0,0,0
ENSMUSG00000104522,Gm38159,0,0,0,0,0,0,0,0,0,0,0,0
ENSMUSG00000095462,Gm21725,0,0,0,0,0,0,0,0,0,0,0,0
ENSMUSG00000102177,Gm37870,0,0,0,0,0,0,0,0,0,0,0,0
ENSMUSG00000102346,Gm37378,0,0,0,0,0,0,0,0,0,0,0,0
ENSMUSG00000093883,Gm21866,0,0,0,0,0,0,0,0,0,0,0,0
ENSMUSG00000095900,Gm20773,0,0,0,0,0,0,0,0,0,0,0,0
ENSMUSG00000102174,Gm36398,0,0,0,0,0,0,0,0,0,0,0,0
ENSMUSG00000102583,Gm37441,0,0,0,0,0,0,0,0,0,0,0,0
ENSMUSG00000104048,Gm37561,0,0,0,0,0,0,0,0,0,0,0,0
ENSMUSG00000104404,Gm36728,0,0,0,0,0,0,0,0,0,0,0,0
ENSMUSG00000102799,Gm32295,0,0,0,0,0,0,0,0,0,0,0,0
ENSMUSG00000102613,Gm20836,0,0,0,0,0,0,0,0,0,0,0,0
ENSMUSG00000103524,Gm37263,0,0,0,0,0,0,0,0,0,0,0,0
ENSMUSG00000094227,Gm21767,0,0,0,0,0,0,0,0,0,0,0,0
ENSMUSG00000103681,Gm37130,0,0,0,0,0,0,0,0,0,0,0,0
ENSMUSG00000104409,Gm37467,0,0,0,0,0,0,0,0,0,0,0,0
ENSMUSG00000104127,Gm20928,0,0,0,0,0,0,0,0,0,0,0,0
ENSMUSG00000103872,Gm38363,0,0,0,0,0,0,0,0,0,0,0,0
ENSMUSG00000102787,Gm30174,0,0,0,0,0,0,0,0,0,0,0,0
ENSMUSG00000104499,Gm30353,0,0,0,0,0,0,0,0,0,0,0,0
ENSMUSG00000103431,Gm30686,0,0,0,0,0,0,0,0,0,0,0,0
ENSMUSG00000104191,Gm30737,0,0,0,0,0,0,0,0,0,0,0,0
ENSMUSG00000102492,Gm36987,0,0,0,0,0,0,0,0,0,0,0,0
ENSMUSG00000104260,Gm31186,0,0,0,0,0,0,0,0,0,0,0,0
ENSMUSG00000102251,Gm37654,0,0,0,0,0,0,0,0,0,0,0,0
ENSMUSG00000102366,Gm37044,0,0,0,0,0,0,0,0,0,0,0,0
ENSMUSG00000103909,Gm31511,0,0,0,0,0,0,0,0,0,0,0,0
ENSMUSG00000102835,Gm37572,0,0,0,0,0,0,0,0,0,0,0,0
ENSMUSG00000103943,Gm37344,0,0,0,0,0,0,0,0,0,0,0,0
ENSMUSG00000102624,Gm37059,0,0,0,0,0,0,0,0,0,0,0,0
ENSMUSG00000102138,Gm31942,0,0,0,0,0,0,0,0,0,0,0,0
ENSMUSG00000102582,Gm37440,0,0,0,0,0,0,0,0,0,0,0,0
ENSMUSG00000103666,Gm38185,0,0,0,0,0,0,0,0,0,0,0,0
ENSMUSG00000104207,Gm37395,0,0,0,0,0,0,0,0,0,0,0,0
ENSMUSG00000102392,Gm37577,0,0,0,0,0,0,0,0,0,0,0,0
ENSMUSG00000095172,Gm20822,0,0,0,0,0,0,0,0,0,0,0,0
ENSMUSG00000102754,Gm38183,0,0,0,0,0,0,0,0,0,0,0,0
ENSMUSG00000103167,Gm38149,0,0,0,0,0,0,0,0,0,0,0,0
ENSMUSG00000102387,Gm38145,0,0,0,0,0,0,0,0,0,0,0,0
ENSMUSG00000102208,Gm32033,0,0,0,0,0,0,0,0,0,0,0,0
ENSMUSG00000102265,Gm32447,0,0,0,0,0,0,0,0,0,0,0,0
ENSMUSG00000104490,Gm20770,0,0,0,0,0,0,0,0,0,0,0,0
ENSMUSG00000103112,Gm38016,0,0,0,0,0,0,0,0,0,0,0,0
ENSMUSG00000103234,Gm37158,0,0,0,0,0,0,0,0,0,0,0,0
ENSMUSG00000102288,Gm36998,0,0,0,0,0,0,0,0,0,0,0,0
ENSMUSG00000103417,Gm33112,0,0,0,0,0,0,0,0,0,0,0,0
ENSMUSG00000094829,Gm21809,0,0,0,0,0,0,0,0,0,0,0,0
ENSMUSG00000104510,Gm34015,0,0,0,0,0,0,0,0,0,0,0,0
ENSMUSG00000095520,Gm20877,0,0,0,0,0,0,0,0,0,0,0,0
ENSMUSG00000103602,Gm33191,0,0,0,0,0,0,0,0,0,0,0,0
ENSMUSG00000102586,Gm38003,0,0,0,0,0,0,0,0,0,0,0,0
ENSMUSG00000102170,Gm20781,0,0,0,0,0,0,0,0,0,0,0,0
ENSMUSG00000095365,Rbm31y,0,0,0,0,0,0,0,0,0,0,0,0
ENSMUSG00000102421,Gm37325,0,0,0,0,0,0,0,0,0,0,0,0
ENSMUSG00000104032,Gm20833,0,0,0,0,0,0,0,0,0,0,0,0
ENSMUSG00000102400,Gm37865,0,0,0,0,0,0,0,0,0,0,0,0
ENSMUSG00000102520,Gm36941,0,0,0,0,0,0,0,0,0,0,0,0
ENSMUSG00000094161,Gm21904,0,0,0,0,0,0,0,0,0,0,0,0
ENSMUSG00000102726,Gm37937,0,0,0,0,0,0,0,0,0,0,0,0
ENSMUSG00000102739,Gm20772,0,0,0,0,0,0,0,0,0,0,0,0
ENSMUSG00000094325,Gm20831,0,0,0,0,0,0,0,0,0,0,0,0
ENSMUSG00000103757,Gm37286,0,0,0,0,0,0,0,0,0,0,0,0
ENSMUSG00000096819,Srsy,0,0,0,0,0,0,0,0,0,0,0,0
ENSMUSG00000103994,Gm38028,0,0,0,0,0,0,0,0,0,0,0,0
ENSMUSG00000095879,Gm21764,0,0,0,0,0,0,0,0,0,0,0,0
ENSMUSG00000095267,Ssty1,0,0,0,0,0,0,0,0,0,0,0,0
ENSMUSG00000103917,Gm38072,0,0,0,0,0,0,0,0,0,0,0,0
ENSMUSG00000104439,Gm20851,0,0,0,0,0,0,0,0,0,0,0,0
ENSMUSG00000104446,Gm30312,0,0,0,0,0,0,0,0,0,0,0,0
ENSMUSG00000103514,Gm37433,0,0,0,0,0,0,0,0,0,0,0,0
ENSMUSG00000102150,Gm37473,0,0,0,0,0,0,0,0,0,0,0,0
ENSMUSG00000103782,Gm37656,0,0,0,0,0,0,0,0,0,0,0,0
ENSMUSG00000104050,Gm38127,0,0,0,0,0,0,0,0,0,0,0,0
ENSMUSG00000102264,Gm30638,0,0,0,0,0,0,0,0,0,0,0,0
ENSMUSG00000103871,Gm38361,0,0,0,0,0,0,0,0,0,0,0,0
ENSMUSG00000104356,Gm31260,0,0,0,0,0,0,0,0,0,0,0,0
ENSMUSG00000103802,Gm21660,0,0,0,0,0,0,0,0,0,0,0,0
ENSMUSG00000104472,Gm38209,0,0,0,0,0,0,0,0,0,0,0,0
ENSMUSG00000095927,Gm21822,0,0,0,0,0,0,0,0,0,0,0,0
ENSMUSG00000103347,Gm37734,0,0,0,0,0,0,0,0,0,0,0,0
ENSMUSG00000104407,Gm38013,0,0,0,0,0,0,0,0,0,0,0,0
ENSMUSG00000102290,Gm21678,0,0,0,0,0,0,0,0,0,0,0,0
ENSMUSG00000103612,Gm37948,0,0,0,0,0,0,0,0,0,0,0,0
ENSMUSG00000102580,Gm37442,0,0,0,0,0,0,0,0,0,0,0,0
ENSMUSG00000102273,Gm34550,0,0,0,0,0,0,0,0,0,0,0,0
ENSMUSG00000102294,Gm37544,0,0,0,0,0,0,0,0,0,0,0,0
ENSMUSG00000103190,Gm34716,0,0,0,0,0,0,0,0,0,0,0,0
ENSMUSG00000102867,Gm37635,0,0,0,0,0,0,0,0,0,0,0,0
ENSMUSG00000102968,Gm35070,0,0,0,0,0,0,0,0,0,0,0,0
ENSMUSG00000103371,Gm35134,0,0,0,0,0,0,0,0,0,0,0,0
ENSMUSG00000103489,Gm37998,0,0,0,0,0,0,0,0,0,0,0,0
ENSMUSG00000103796,Gm38094,0,0,0,0,0,0,0,0,0,0,0,0
ENSMUSG00000102552,Gm21763,0,0,0,0,0,0,0,0,0,0,0,0
ENSMUSG00000104426,Gm38369,0,0,0,0,0,0,0,0,0,0,0,0
ENSMUSG00000102304,Gm35843,0,0,0,0,0,0,0,0,0,0,0,0
ENSMUSG00000102195,Gm38168,0,0,0,0,0,0,0,0,0,0,0,0
ENSMUSG00000104506,Gm37740,0,0,0,0,0,0,0,0,0,0,0,0
ENSMUSG00002074919,#N/A,0,0,0,0,0,0,0,0,0,0,0,0
ENSMUSG00000102913,Gm37723,0,0,0,0,0,0,0,0,0,0,0,0
ENSMUSG00000103664,Gm36261,0,0,0,0,0,0,0,0,0,0,0,0
ENSMUSG00000103005,Gm37898,0,0,0,0,0,0,0,0,0,0,0,0
ENSMUSG00000103752,Gm36467,0,0,0,0,0,0,0,0,0,0,0,0
ENSMUSG00000102551,Gm37927,0,0,0,0,0,0,0,0,0,0,0,0
ENSMUSG00000102255,Gm36891,0,0,0,0,0,0,0,0,0,0,0,0
ENSMUSG00000103365,Gm36929,0,0,0,0,0,0,0,0,0,0,0,0
ENSMUSG00000103829,Gm38174,0,0,0,0,0,0,0,0,0,0,0,0
ENSMUSG00000102668,Gm29866,0,0,0,0,0,1,0,0,0,0,0,0
ENSMUSG00000104131,Gm36950,0,0,0,0,0,0,0,0,0,0,0,0
ENSMUSG00000103023,Gm20910,0,0,0,0,0,0,0,0,0,0,0,0
ENSMUSG00000103689,Gm30598,0,0,0,0,0,0,0,0,0,0,0,0
ENSMUSG00000094294,Gm20909,0,0,0,0,0,0,0,0,0,0,0,0
ENSMUSG00000093848,Gm20865,0,0,0,0,0,0,0,0,0,0,0,0
ENSMUSG00000102429,Gm37462,0,0,0,0,0,0,0,0,0,0,0,0
ENSMUSG00000102849,Gm37658,0,0,0,0,0,0,0,0,0,0,0,0
ENSMUSG00000102513,Gm32347,0,0,0,0,0,0,0,0,0,0,0,0
ENSMUSG00000102966,Gm31123,0,0,0,0,0,0,0,0,0,0,0,0
ENSMUSG00000104425,Gm38370,0,0,0,0,0,0,0,0,0,0,0,0
ENSMUSG00000102146,Gm38054,0,0,0,0,0,0,0,0,0,0,0,0
ENSMUSG00000102159,Gm37476,0,0,0,0,0,0,0,0,0,0,0,0
ENSMUSG00000102506,Gm37369,0,0,0,0,0,0,0,0,0,0,0,0
ENSMUSG00000102826,Gm38181,0,0,0,0,0,0,0,0,0,0,0,0
ENSMUSG00000101796,Gm29277,0,0,0,0,0,0,0,0,0,0,0,0
ENSMUSG00000101492,Gm29089,0,0,0,0,0,0,0,0,0,0,0,0
ENSMUSG00000100968,Gm2098,0,0,0,0,0,0,0,0,0,0,0,0
ENSMUSG00000053211,Zfy1,0,0,0,0,0,0,0,0,0,0,0,0
ENSMUSG00000069053,Uba1y,0,0,0,0,0,0,0,0,0,0,0,0
ENSMUSG00000101036,Gm28588,0,0,0,0,0,0,0,0,0,0,0,0
ENSMUSG00000101107,Gm28587,0,0,0,0,0,0,0,0,0,0,0,0
ENSMUSG00000101666,Rhoay-ps3,0,0,0,0,0,0,0,0,0,0,0,0
ENSMUSG00000056673,Kdm5d,719,790,619,608,0,0,430,643,715,664,0,0
ENSMUSG00000075874,n-R5s1,0,0,0,0,0,0,0,0,0,0,0,0
ENSMUSG00002076920,#N/A,0,0,0,0,0,0,0,0,0,0,0,0
ENSMUSG00000069049,Eif2s3y,1011,1092,1263,1260,0,1,705,778,1146,1155,2,1
ENSMUSG00000099876,Gm29650,12,13,24,30,0,0,8,16,14,16,0,0
ENSMUSG00000091749,Tspy-ps,0,1,0,0,0,0,0,0,0,0,0,0
ENSMUSG00000068457,Uty,274,244,212,227,0,0,132,252,219,255,0,0
ENSMUSG00000069045,Ddx3y,1891,1834,1193,1258,2,1,1110,1540,1313,1821,0,0
ENSMUSG00000101059,Gm4017,5,4,7,4,0,0,6,5,7,6,0,0
ENSMUSG00000099809,Gm18665,2,2,3,0,0,0,0,3,0,2,0,0
ENSMUSG00000069044,Usp9y,0,0,0,0,0,0,0,0,0,0,0,0
ENSMUSG00000077793,Gm25565,0,0,0,0,0,0,0,0,0,0,0,0
ENSMUSG00000100842,Gm17790,0,0,0,0,0,0,0,0,0,0,0,0
ENSMUSG00000101947,Gm29167,0,0,0,0,0,0,0,0,0,0,0,0
ENSMUSG00000100619,Gm8446,0,0,0,0,0,2,0,1,0,0,0,0
ENSMUSG00000100877,Gm28534,0,0,0,0,0,0,0,0,0,0,0,0
ENSMUSG00000100576,Gm28975,0,0,0,0,0,0,0,0,0,0,0,0
ENSMUSG00000100326,Gm28974,0,0,0,0,0,0,0,0,0,0,0,0
ENSMUSG00000100356,Gm18797,0,0,0,0,0,0,0,0,0,0,0,0
ENSMUSG00000101443,Rhoay-ps1,0,0,0,0,0,0,0,0,0,0,0,0
ENSMUSG00000000103,Zfy2,0,0,0,0,0,0,0,0,0,0,0,0
ENSMUSG00000099614,Uba1y-ps2,0,0,0,0,0,0,0,0,0,0,0,0
ENSMUSG00000099973,Gm18796,0,0,0,0,0,0,0,0,0,0,0,0
ENSMUSG00000099888,Gm29552,0,0,0,0,0,0,0,0,0,0,0,0
ENSMUSG00000100445,Gm29550,0,0,0,0,0,0,0,0,0,0,0,0
ENSMUSG00000102072,Gm29551,0,0,0,0,0,0,0,0,0,0,0,0
ENSMUSG00000101290,Gm8480,0,0,0,0,0,0,0,0,0,0,0,0
ENSMUSG00000100103,Gm29553,0,0,0,0,0,0,0,0,0,0,0,0
ENSMUSG00002075837,#N/A,0,0,0,0,0,0,0,0,0,0,1,0
ENSMUSG00000102120,Gm28630,0,0,0,0,0,0,0,0,0,0,0,0
ENSMUSG00000099445,Gm28629,0,0,0,0,0,0,0,0,0,0,0,0
ENSMUSG00000094881,H2al2c,0,0,0,0,0,0,0,0,0,0,0,0
ENSMUSG00000099748,Uba1y-ps1,0,0,0,0,0,0,0,0,0,0,0,0
ENSMUSG00000069036,Sry,0,0,0,0,0,0,0,0,0,2,0,0
ENSMUSG00000101064,Gm18798,0,0,0,0,0,0,0,0,0,0,0,0
ENSMUSG00000095573,H2al2b,0,0,0,0,0,0,0,0,0,0,0,0
ENSMUSG00000101114,Gm28628,0,0,0,0,0,0,0,0,0,0,0,0
ENSMUSG00000102053,Gm4064,0,0,0,0,0,0,0,0,0,0,0,0
ENSMUSG00000100700,Gm6137,0,0,0,0,0,0,0,0,0,0,0,0
ENSMUSG00000101066,Gm8498,0,0,0,0,0,0,0,0,0,0,0,0
ENSMUSG00000094658,Rbmy,0,0,0,0,0,0,0,0,0,0,0,0
ENSMUSG00000095852,Gm10256,0,0,0,0,0,0,0,0,0,0,0,0
ENSMUSG00000100145,Gm8502,0,0,0,0,0,0,0,0,0,0,0,0
ENSMUSG00000099405,Gm8506,0,0,0,0,0,0,0,0,0,0,0,0
ENSMUSG00000091987,Gm10352,0,0,0,0,0,0,0,0,0,0,0,0
ENSMUSG00000099728,Gm8510,0,0,0,0,0,0,0,0,0,0,0,0
ENSMUSG00000117541,Gm50048,0,0,0,0,0,0,0,0,0,0,0,0
ENSMUSG00000118362,Gm19466,0,0,0,0,0,1,0,0,0,0,0,0
ENSMUSG00000047161,Chst9,0,0,0,0,0,0,0,0,0,0,0,0
ENSMUSG00000058064,Gm10036,64,93,58,79,69,28,64,61,73,72,60,81
ENSMUSG00000089454,Gm24228,0,0,0,0,0,0,0,0,0,0,0,0
ENSMUSG00000043223,Gm4835,1,4,1,3,2,2,2,6,3,4,2,6
ENSMUSG00002076444,#N/A,0,0,0,0,0,0,0,0,0,0,0,0
ENSMUSG00000117532,Gm50076,0,0,0,0,0,0,0,0,0,0,0,0
ENSMUSG00002076050,#N/A,0,0,0,0,0,0,0,0,0,0,0,0
ENSMUSG00000063628,Gm7665,1,0,0,0,0,0,0,0,0,1,0,0
ENSMUSG00000024304,Cdh2,0,0,0,0,0,0,0,1,0,0,2,0
ENSMUSG00000085575,Gm15485,0,0,0,0,0,0,0,0,0,0,0,0
ENSMUSG00000086095,Gm15328,0,0,0,0,0,0,0,0,0,0,0,0
ENSMUSG00000082608,Gm7670,1,3,0,1,2,0,2,0,0,0,0,1
ENSMUSG00000087170,1700001G01Rik,0,0,0,0,0,0,0,0,0,0,0,0
ENSMUSG00000077305,Gm22470,0,0,0,0,0,0,0,0,0,0,0,0
ENSMUSG00002076623,#N/A,0,0,0,0,0,0,0,0,0,0,0,0
ENSMUSG00000117460,4921533I20Rik,0,0,0,0,0,0,0,1,0,1,0,0
ENSMUSG00000117615,4930545E07Rik,0,0,0,0,0,0,0,0,0,0,0,0
ENSMUSG00000117491,Gm50082,0,0,0,0,0,0,0,0,0,0,0,0
ENSMUSG00000048799,Cep120,827,881,710,724,737,461,641,825,767,682,633,622
ENSMUSG00000117439,Gm50083,0,0,0,0,0,0,0,0,0,0,0,0
ENSMUSG00002076588,#N/A,0,0,0,0,1,0,0,0,0,0,0,0
ENSMUSG00000117574,Gm50084,0,0,0,0,0,0,0,0,0,0,0,0
ENSMUSG00000117378,Gm31086,0,0,0,0,0,0,0,0,0,0,0,0
ENSMUSG00000117636,Gm38432,0,0,0,0,0,0,0,0,0,0,0,0
ENSMUSG00000117407,Gm7720,0,0,0,0,0,0,0,0,0,0,0,1
ENSMUSG00002075071,#N/A,0,0,0,0,0,0,0,0,0,0,0,0
ENSMUSG00002076979,#N/A,0,0,0,0,0,0,0,0,0,0,0,0
ENSMUSG00000073563,Csnk1g3,1487,1650,1256,1310,1188,1108,1074,1265,1353,1218,1212,1051
ENSMUSG00000069376,Gm5507,12,18,3,13,9,4,16,20,10,10,3,7
ENSMUSG00000117769,Gm8594,0,0,1,0,0,0,2,0,0,0,0,0
ENSMUSG00000096982,Redrum,0,0,0,0,0,1,0,0,0,0,2,0
ENSMUSG00000117881,Gm50361,0,0,0,0,0,1,0,0,0,0,0,0
ENSMUSG00000118103,4933434P08Rik,0,0,0,0,0,0,0,0,0,0,0,0
ENSMUSG00000118154,9330117O12Rik,0,0,0,0,0,0,0,0,0,0,0,0
ENSMUSG00000118307,Gm5821,0,1,1,0,0,1,3,1,0,0,2,0
ENSMUSG00000118120,Gm33732,0,0,0,0,0,0,0,0,0,0,0,0
ENSMUSG00000117825,Gm50365,0,0,0,0,0,0,0,0,0,0,0,0
ENSMUSG00000118063,Gm50366,0,0,0,0,0,0,0,0,0,0,0,0
ENSMUSG00000059898,Dsc3,0,0,0,0,2,1,0,0,0,0,0,0
ENSMUSG00000052713,Zfp608,235,233,197,199,116,94,163,284,178,205,258,213
ENSMUSG00000096948,Gm4221,1,4,2,2,0,0,6,2,2,5,2,1
ENSMUSG00000084521,Gm24183,0,0,0,0,0,0,0,0,0,0,0,0
ENSMUSG00000117733,AC163347.1,0,0,0,0,0,0,0,0,0,0,0,0
ENSMUSG00000104521,Gm34073,0,0,0,0,0,0,0,0,0,0,0,0
ENSMUSG00000088227,Gm22597,0,0,0,0,0,0,0,0,0,0,0,0
ENSMUSG00000104455,Gm37828,0,0,0,0,0,0,0,0,0,0,0,0
ENSMUSG00000103555,Gm37337,0,0,0,0,0,0,0,0,0,0,0,0
ENSMUSG00000092702,Gm24514,0,0,0,0,0,7,0,0,0,0,0,0
ENSMUSG00000098119,Gm26959,1,5,0,3,2,0,4,3,1,1,3,1
ENSMUSG00000098007,Gm8614,3,16,3,7,3,1,4,1,3,3,1,2
ENSMUSG00000118348,Gm6942,0,0,0,0,0,0,0,0,0,0,0,0
ENSMUSG00000118141,Gm4230,0,0,0,0,0,0,0,0,0,0,0,0
ENSMUSG00002076978,#N/A,0,0,0,0,0,0,0,0,0,0,0,0
ENSMUSG00000098141,Gm6944,10,4,4,8,2,2,9,5,2,4,6,2
ENSMUSG00002075198,#N/A,0,0,0,0,0,0,0,0,0,0,0,0
ENSMUSG00000088440,Gm23555,0,0,0,0,0,0,0,0,0,0,0,0
ENSMUSG00002075430,#N/A,0,0,0,0,0,0,0,0,0,0,0,0
ENSMUSG00000118137,Gm50385,0,0,0,0,0,0,0,0,0,0,0,0
ENSMUSG00000117688,Gm8629,0,0,0,0,0,0,0,0,0,0,0,0
ENSMUSG00000001700,Gramd3,285,308,372,429,252,139,374,451,311,290,266,193
ENSMUSG00000024331,Dsc2,0,0,0,0,0,0,0,0,0,0,0,0
ENSMUSG00000044322,Dsc1,0,0,0,0,0,0,0,0,0,0,0,0
ENSMUSG00000034774,Dsg1c,0,0,0,0,0,0,0,0,0,0,0,0
ENSMUSG00000069441,Dsg1a,0,0,0,0,0,1,0,0,0,0,0,0
ENSMUSG00000061928,Dsg1b,0,0,0,0,0,0,0,0,0,0,1,0
ENSMUSG00000053644,Aldh7a1,476,466,353,328,308,171,310,352,343,350,383,314
ENSMUSG00000118186,Gm8642,0,0,0,0,0,0,0,0,0,0,0,0
ENSMUSG00000099196,Mir1258,0,0,0,0,0,0,0,0,0,0,0,0
ENSMUSG00000001804,Dsg4,1,0,0,0,0,0,0,0,1,0,1,1
ENSMUSG00000117480,Gm5688,0,0,1,0,0,0,0,0,0,0,0,1
ENSMUSG00000008301,Phax,1333,1413,1019,1173,1033,965,1074,1313,1173,1152,1178,930
ENSMUSG00000032900,Tex43,0,0,0,1,0,0,0,0,0,0,1,0
ENSMUSG00000117812,Gm50283,0,0,0,0,0,0,0,0,0,0,0,0
ENSMUSG00000118153,Gm50288,0,0,0,0,0,0,0,0,0,0,0,0
ENSMUSG00000118275,Gm50289,0,0,0,0,0,1,0,1,1,0,0,0
ENSMUSG00000024590,Lmnb1,3576,3795,3291,3146,4112,2681,3566,4036,3747,3355,4317,3856
ENSMUSG00000032656,44623,41,38,43,33,32,11,26,36,31,36,27,25
ENSMUSG00000056632,Dsg3,0,0,0,0,0,4,0,0,0,0,0,0
ENSMUSG00000087597,Gm15345,0,0,0,0,0,0,0,0,0,0,0,0
ENSMUSG00000117917,Gm18087,0,0,0,2,0,0,0,0,0,0,0,2
ENSMUSG00000117627,Tpi-rs10,1,0,1,0,0,0,1,2,0,1,2,0
ENSMUSG00000024592,C330018D20Rik,182,213,178,193,202,151,157,153,167,154,198,201
ENSMUSG00000118050,Gm18739,0,0,0,0,0,0,0,0,0,0,0,0
ENSMUSG00000118177,Gm19486,0,0,0,0,0,0,0,0,0,0,0,0
ENSMUSG00000044393,Dsg2,29,29,17,11,8,15,11,18,17,18,12,11
ENSMUSG00000085595,Gm16090,0,0,0,0,0,0,0,0,0,0,0,0
ENSMUSG00000061808,Ttr,0,0,0,0,0,0,0,0,0,0,0,0
ENSMUSG00000091449,Gm10269,1,1,1,3,3,1,2,1,0,1,0,2
ENSMUSG00000056124,B4galt6,0,1,0,0,1,0,1,2,3,0,1,1
ENSMUSG00000024593,Megf10,0,1,0,0,0,3,0,0,0,0,0,0
ENSMUSG00000118230,Gm50200,0,0,0,0,0,1,0,0,0,0,0,0
ENSMUSG00000118343,Gm50201,0,0,0,0,0,0,0,0,0,0,0,0
ENSMUSG00000117802,Gm18929,0,0,0,0,0,0,0,0,0,0,0,0
ENSMUSG00000024594,Prrc1,1582,1699,1263,1301,1056,527,1171,1292,1335,1323,966,993
ENSMUSG00000086607,4930511M06Rik,0,0,0,0,0,2,0,0,0,0,0,0
ENSMUSG00000117864,Gm19500,0,0,0,0,1,6,0,0,0,0,1,0
ENSMUSG00000069372,Ctxn3,0,0,0,0,0,2,0,0,0,0,0,0
ENSMUSG00000085800,1700066O22Rik,0,0,0,0,0,0,0,0,0,0,0,0
ENSMUSG00000033382,Trappc8,1368,1513,1223,1179,1114,792,847,1240,1232,1147,1243,1060
ENSMUSG00002076630,#N/A,1,0,0,0,1,0,0,0,1,1,1,0
ENSMUSG00000058925,Ccdc192,0,0,0,0,0,0,0,0,0,0,0,0
ENSMUSG00000118322,2210409D07Rik,0,0,0,0,0,0,0,0,0,0,0,0
ENSMUSG00000033107,Rnf125,125,118,130,141,113,81,96,142,96,95,126,125
ENSMUSG00000088776,Gm26038,0,0,0,0,0,0,0,0,0,0,0,0
ENSMUSG00002074848,#N/A,0,0,0,0,0,0,0,0,0,0,0,0
ENSMUSG00000118391,Gm19519,0,0,0,0,0,3,0,0,0,0,0,0
ENSMUSG00000024597,Slc12a2,2385,2429,1898,1760,2043,1354,1441,2021,2054,1888,1748,1737
ENSMUSG00000024317,Rnf138,1103,1095,893,910,849,699,914,886,1042,989,995,907
ENSMUSG00000024313,Mep1b,0,0,1,0,0,0,0,0,0,0,0,0
ENSMUSG00000062962,Gm6378,0,1,0,0,1,2,0,0,2,0,0,1
ENSMUSG00000042680,Garem1,0,0,0,0,0,3,0,0,1,0,0,1
ENSMUSG00000119849,#N/A,0,0,0,0,0,0,0,0,0,0,0,0
ENSMUSG00000117632,Gm50049,0,0,0,0,0,0,0,0,0,0,0,0
ENSMUSG00000117357,AC158774.1,0,0,0,1,2,0,0,0,0,0,0,0
ENSMUSG00000117590,Gm50052,0,0,0,0,0,0,0,0,0,0,0,0
ENSMUSG00000119907,#N/A,0,0,0,0,0,0,0,0,0,0,0,0
ENSMUSG00000117386,Gm4837,2,2,0,2,2,3,0,0,2,2,1,1
ENSMUSG00000024598,Fbn2,0,0,0,0,2,6,0,1,0,1,3,0
ENSMUSG00002076821,#N/A,0,0,0,0,0,0,0,0,0,0,0,0
ENSMUSG00000042514,Klhl14,0,0,0,0,0,0,0,0,0,0,0,0
ENSMUSG00000024600,Slc27a6,7,12,8,4,2,5,6,2,7,4,5,0
ENSMUSG00000043168,4930426D05Rik,0,0,0,0,0,1,0,0,0,0,0,0
ENSMUSG00000077243,Gm23270,0,0,0,0,0,0,0,0,0,0,0,0
ENSMUSG00000024601,Isoc1,1101,1257,892,896,1150,638,1019,1088,1216,1113,1256,1208
ENSMUSG00000118337,Gm50227,0,0,0,0,0,0,0,0,0,0,0,0
ENSMUSG00000053441,Adamts19,0,0,0,0,0,3,0,0,0,0,0,0
ENSMUSG00000024306,Ccdc178,0,0,0,0,0,0,0,0,0,0,0,0
ENSMUSG00000050875,Minar2,0,0,0,0,0,3,0,0,0,0,0,0
ENSMUSG00000058152,Chsy3,0,0,0,0,0,0,0,0,0,2,1,0
ENSMUSG00000098287,Mir6355,0,0,0,0,0,0,0,0,0,0,0,0
ENSMUSG00002076257,#N/A,0,0,0,0,0,0,0,0,0,0,0,0
ENSMUSG00000118327,Gm8697,3,2,1,0,0,0,1,0,1,0,0,0
ENSMUSG00000117701,Gm38695,0,0,0,0,0,0,0,0,0,0,0,0
ENSMUSG00000117940,Gm50235,0,0,0,0,0,0,0,0,0,0,0,0
ENSMUSG00000117999,Gm18217,0,0,0,0,0,0,0,0,0,0,0,0
ENSMUSG00002075688,#N/A,0,0,0,0,0,0,0,0,0,0,0,0
ENSMUSG00000118538,AC108942.1,0,0,0,0,0,0,0,0,0,0,0,0
ENSMUSG00000073555,Gm4951,11,16,30,29,10,6,51,47,15,14,16,12
ENSMUSG00000085977,Gm5970,1,5,7,7,0,5,6,20,5,7,6,1
ENSMUSG00000068606,Gm4841,3,11,15,28,10,3,15,25,18,19,10,12
ENSMUSG00000118361,Gm50237,0,0,0,2,0,0,0,0,1,3,0,0
ENSMUSG00000090942,F830016B08Rik,3,4,7,8,10,5,0,10,1,13,10,3
ENSMUSG00000118051,Gm8714,5,13,18,26,10,6,11,38,16,16,9,7
ENSMUSG00000045215,Asxl3,0,0,0,0,0,6,0,0,0,0,0,0
ENSMUSG00000054072,Iigp1,252,300,314,294,145,126,423,515,274,263,252,206
ENSMUSG00000073554,Gm6960,4,2,0,3,1,1,1,1,2,5,3,3
ENSMUSG00000063388,BC023105,1,0,0,2,1,0,0,5,0,0,1,0
ENSMUSG00000038059,Smim3,1030,1218,1109,1301,546,216,933,961,693,625,319,332
ENSMUSG00000024603,Dctn4,1320,1429,1272,1194,1047,643,951,1256,1126,1073,928,887
ENSMUSG00000041923,Nol4,0,0,0,0,0,0,0,0,0,0,0,0
ENSMUSG00000077680,Gm22495,0,0,0,0,0,0,0,0,0,0,0,0
ENSMUSG00000117475,Gm7788,4,14,8,10,8,3,7,9,9,3,6,8
ENSMUSG00000024604,Rbm22,2752,3146,2300,2268,2222,1298,2373,2663,2647,2301,2195,2073
ENSMUSG00000049173,Myoz3,0,0,0,0,1,2,0,0,0,0,0,0
ENSMUSG00000043079,Synpo,556,559,509,460,303,168,383,502,553,527,400,371
ENSMUSG00000054008,Ndst1,1573,1689,1406,1357,1532,746,1194,1730,1687,1656,1537,1543
ENSMUSG00000024608,Rps14,9921,16405,10771,12046,11564,2017,12033,11424,11092,10100,9763,8623
ENSMUSG00000080779,Gm8731,7,11,10,9,0,1,6,5,9,13,4,15
ENSMUSG00000024302,Dtna,0,0,0,0,0,0,0,0,0,0,0,0
ENSMUSG00000024610,Cd74,1092,1256,783,925,624,278,806,810,1199,1092,689,706
ENSMUSG00000093327,Mir5107,0,0,1,1,0,0,0,0,0,0,0,0
ENSMUSG00000114088,Gm47898,0,0,0,0,0,0,0,0,0,0,0,0
ENSMUSG00000086287,Gm15972,0,0,0,0,2,0,0,0,0,0,0,0
ENSMUSG00000024277,Mapre2,3078,3410,2193,2444,2438,1599,2127,2526,2640,2438,2533,2223
ENSMUSG00000098607,Mir6360,0,0,0,0,0,0,0,0,0,0,0,0
ENSMUSG00000089290,Gm23207,0,0,0,0,0,0,0,0,0,0,0,0
ENSMUSG00000117504,Gm46611,1,1,3,0,6,0,2,0,2,1,4,1
ENSMUSG00000117405,Rpl19-ps7,1,0,0,1,0,0,1,1,1,0,0,1
ENSMUSG00000024276,Zfp397,1470,1433,1219,1224,1499,1168,801,1156,1211,1381,1724,1522
ENSMUSG00000024274,Zscan30,8,15,19,18,14,12,8,13,11,10,15,15
ENSMUSG00000063281,Zfp35,600,602,506,478,562,354,413,516,570,441,583,509
ENSMUSG00000051469,Zfp24,963,975,745,739,782,582,626,798,938,825,871,899
ENSMUSG00000117500,Gm18085,1,1,0,1,0,0,0,0,0,1,0,0
ENSMUSG00000047989,Ino80c,1273,1466,1203,1250,1133,797,1225,1221,1298,1119,875,874
ENSMUSG00000024613,Tcof1,7878,8087,6602,6804,7073,3976,6366,7582,6959,6586,7640,6810
ENSMUSG00000036412,Arsi,0,0,0,0,0,0,0,0,0,0,0,0
ENSMUSG00000000420,Galnt1,2353,2628,2028,2115,2207,1249,1755,2084,2393,2226,2220,2091
ENSMUSG00000091363,Gm7701,21,12,18,20,9,10,14,27,20,20,23,25
ENSMUSG00000117570,Gm38410,0,0,0,0,0,0,0,0,0,0,0,0
ENSMUSG00000065532,Mir187,0,0,0,0,0,0,0,0,0,0,0,0
ENSMUSG00000024273,2700062C07Rik,296,368,257,284,288,149,305,276,355,307,288,294
ENSMUSG00000040446,Rprd1a,357,324,279,264,337,285,243,273,336,275,341,351
ENSMUSG00002075893,#N/A,0,0,0,0,0,0,0,0,0,0,0,0
ENSMUSG00000024270,Slc39a6,3669,4059,2814,3060,2723,1994,2590,3269,3211,3115,2934,2581
ENSMUSG00000024617,Camk2a,2,7,1,1,2,3,0,2,0,1,3,6
ENSMUSG00000098247,Mir7220,0,0,0,0,0,0,0,0,0,0,0,0
ENSMUSG00000098475,Mir6982,0,0,0,0,0,0,0,0,0,0,0,0
ENSMUSG00000052026,Slc6a7,0,0,0,0,0,0,0,0,0,0,0,0
ENSMUSG00000024619,Cdx1,0,0,0,0,0,0,0,0,0,0,0,0
ENSMUSG00000024271,Elp2,2503,2731,2166,2169,2422,1471,1991,2453,2535,2387,2466,2495
ENSMUSG00000039616,Mocos,45,52,35,45,11,6,42,43,20,22,17,27
ENSMUSG00002076538,#N/A,0,0,0,0,0,0,0,0,0,0,0,0
ENSMUSG00000024620,Pdgfrb,1,1,0,1,0,1,0,0,3,0,1,0
ENSMUSG00000024621,Csf1r,0,0,0,0,0,0,0,1,2,0,0,1
ENSMUSG00000098389,Mir6983,0,0,0,0,0,0,0,0,0,0,0,0
ENSMUSG00000024622,Hmgxb3,2632,2835,2223,2193,2161,916,1726,2253,2295,2149,2061,2040
ENSMUSG00000089125,Gm26403,7,12,8,7,4,5,2,5,7,4,7,7
ENSMUSG00000034320,Slc26a2,1182,1268,1070,1057,745,596,642,1012,1023,987,747,730
ENSMUSG00000034295,Fhod3,16,7,3,1,1,1,5,2,4,1,3,0
ENSMUSG00000024575,Pde6a,1,0,0,0,0,0,0,0,1,1,0,0
ENSMUSG00000091957,Rps2-ps10,0,0,0,2,2,0,1,1,1,0,1,0
ENSMUSG00000054745,Gm9955,0,0,0,0,0,0,0,0,0,0,0,0
ENSMUSG00002076216,#N/A,0,0,0,0,0,0,0,0,0,0,0,0
ENSMUSG00000024269,Tpgs2,298,266,214,207,224,199,228,240,271,222,249,242
ENSMUSG00000033871,Ppargc1b,261,226,187,182,166,86,181,222,239,239,230,174
ENSMUSG00002075787,#N/A,0,0,0,0,0,0,0,0,0,0,0,0
ENSMUSG00000105200,Mir378a,0,0,0,0,0,0,0,0,0,0,0,0
ENSMUSG00000118286,Gm8755,0,0,0,0,0,0,0,0,0,0,0,0
ENSMUSG00000089541,Gm25834,0,0,0,0,0,0,0,0,0,0,0,0
ENSMUSG00000118229,Lncbate10,0,0,0,0,0,3,0,0,0,0,0,0
ENSMUSG00000117713,Gm46637,0,0,0,0,0,0,0,0,0,0,0,0
ENSMUSG00000033632,AW554918,90,84,91,84,113,108,86,107,84,71,105,112
ENSMUSG00000045094,Arhgef37,0,2,0,0,0,6,0,0,0,0,1,0
ENSMUSG00000089908,Gm16558,0,0,0,0,0,0,0,1,0,0,1,1
ENSMUSG00000024268,Celf4,20,31,27,23,12,27,26,15,20,32,31,24
ENSMUSG00000114306,Gm3227,0,0,0,0,0,0,0,0,0,0,0,0
ENSMUSG00002074964,#N/A,0,0,0,0,0,0,0,0,0,0,0,0
ENSMUSG00000114511,0710001A04Rik,0,0,0,0,0,0,0,0,0,0,0,0
ENSMUSG00000087121,Gm7847,7,1,2,3,1,0,3,1,7,2,2,2
ENSMUSG00000117410,Gm50304,0,0,0,0,0,0,0,0,0,0,0,0
ENSMUSG00000117604,Gm33228,0,0,0,0,0,1,0,0,0,0,0,0
ENSMUSG00000088098,Gm23674,0,0,0,0,0,0,0,0,0,0,0,0
ENSMUSG00000117516,Gm18089,0,0,0,0,0,0,0,0,0,0,0,0
ENSMUSG00000117346,Gm7874,0,0,0,0,0,0,0,0,0,0,0,0
ENSMUSG00000117646,Gm49977,0,0,0,0,0,0,0,0,0,0,0,0
ENSMUSG00000046636,Gm7729,4,3,0,0,4,1,2,1,3,5,3,4
ENSMUSG00000117529,Gm49978,0,0,0,0,0,0,0,0,0,0,0,0
ENSMUSG00000117467,Gm33674,0,0,0,0,0,0,0,0,0,0,0,0
ENSMUSG00000117416,Gm5064,2,4,2,6,5,1,5,2,5,2,1,1
ENSMUSG00000087940,Gm24246,0,0,0,0,0,0,0,0,0,0,0,0
ENSMUSG00000117449,Gm6643,0,0,0,1,0,2,0,0,2,1,0,0
ENSMUSG00000117348,Gm34658,0,0,0,0,0,0,0,0,0,0,0,0
ENSMUSG00000117550,Gm20096,0,0,0,0,0,0,0,0,0,0,0,0
ENSMUSG00000117478,BC051408,0,0,0,0,0,0,0,0,0,0,0,1
ENSMUSG00000117473,Gm33948,0,0,0,0,0,1,0,0,0,0,0,0
ENSMUSG00000117638,Gm34743,0,0,0,0,0,0,0,0,0,0,0,0
ENSMUSG00000117618,4930578E11Rik,0,0,0,0,0,0,0,0,0,0,0,0
ENSMUSG00000117554,4930527G23Rik,0,0,0,0,0,0,0,0,0,0,0,0
ENSMUSG00000117626,Gm7917,0,0,0,0,0,0,0,0,0,0,0,0
ENSMUSG00000117465,Gm49980,85,104,70,57,82,68,107,110,74,74,102,79
ENSMUSG00000033628,Pik3c3,749,800,693,653,683,440,626,684,685,722,646,636
ENSMUSG00000117345,Gm7926,2,5,1,2,3,1,3,3,3,2,1,3
ENSMUSG00000117419,Gm7930,0,0,0,0,0,0,0,0,0,0,0,0
ENSMUSG00000091785,Rpl29-ps5,0,1,0,0,0,0,0,0,0,0,0,0
ENSMUSG00000088126,Gm22870,0,0,0,0,0,0,0,0,0,0,0,0
ENSMUSG00000055771,Gm7936,1,1,1,1,1,1,0,0,2,4,1,0
ENSMUSG00000117526,Gm41780,12,15,9,3,7,2,14,13,23,16,12,11
ENSMUSG00000057455,Rit2,0,0,0,0,0,0,0,0,0,0,0,0
ENSMUSG00000117502,Gm7941,1,1,2,0,2,3,0,2,1,3,1,4
ENSMUSG00002075774,#N/A,0,0,0,0,0,0,0,0,0,0,0,0
ENSMUSG00000024261,Syt4,0,0,0,0,0,0,0,0,0,0,0,0
ENSMUSG00000096934,Gm26658,0,0,0,0,1,0,0,0,0,0,0,0
ENSMUSG00000024576,Csnk1a1,8344,8359,7267,6923,7312,5076,6223,7455,8213,7276,7463,6904
ENSMUSG00000077169,Gm25396,0,0,0,0,0,0,0,0,0,0,0,0
ENSMUSG00000117576,Gm5241,0,0,0,1,0,0,0,0,0,0,0,0
ENSMUSG00000098098,Bvht,0,2,0,0,1,0,0,1,0,0,0,3
ENSMUSG00000065592,Mir145a,0,0,0,0,0,0,0,0,0,0,0,0
ENSMUSG00000065445,Mir143,0,0,0,0,0,0,0,0,0,0,0,0
ENSMUSG00000097324,Carmn,0,0,0,0,0,0,0,0,0,0,0,0
ENSMUSG00000024259,Slc25a46,1274,1473,1031,1059,1069,851,920,1054,1195,1049,1120,1045
ENSMUSG00000092124,B930094E09Rik,3,4,4,7,2,1,5,8,3,5,3,5
ENSMUSG00000024578,Il17b,0,0,0,0,0,0,0,0,0,0,0,0
ENSMUSG00000102778,Gm38165,0,0,0,0,0,0,0,0,0,0,0,0
ENSMUSG00000024579,Pcyox1l,277,313,240,230,327,172,271,265,260,215,290,286
ENSMUSG00000024580,Grpel2,799,789,644,634,715,433,568,661,744,710,723,687
ENSMUSG00000098702,1500015A07Rik,52,65,37,51,84,38,78,54,59,51,77,58
ENSMUSG00000033032,Afap1l1,9,11,15,24,6,1,7,6,6,14,5,8
ENSMUSG00000024260,Sap130,1626,1539,1230,1204,1180,1097,1180,1559,1280,1267,1303,1095
ENSMUSG00000117533,Gm50060,0,0,0,0,0,0,0,0,0,0,0,0
ENSMUSG00000032735,Ablim3,0,3,2,3,8,6,1,5,1,3,3,4
ENSMUSG00000104035,Gm37774,0,0,0,0,0,0,0,0,0,0,0,0
ENSMUSG00000041915,Ammecr1l,1487,1573,1054,1052,1139,684,806,1200,1190,1208,1101,945
ENSMUSG00000097748,Gm26533,1,4,10,5,11,4,6,5,5,6,12,7
ENSMUSG00000024258,Polr2d,668,790,614,671,636,356,726,699,699,617,549,556
ENSMUSG00000045629,Sh3tc2,0,0,0,0,0,0,0,0,0,0,0,0
ENSMUSG00000118370,Gm41750,0,0,1,1,1,0,0,0,1,0,0,0
ENSMUSG00000045730,Adrb2,42,59,89,106,70,46,92,88,56,56,37,36
ENSMUSG00000054589,Gm9949,1,0,1,1,0,1,0,1,0,0,1,3
ENSMUSG00000024400,Wdr33,2657,2972,2421,2562,2684,1516,2072,2634,2628,2408,2454,2226
ENSMUSG00000091561,Gm6665,0,0,0,0,0,0,0,0,0,0,0,0
ENSMUSG00000044982,Sft2d3,127,134,171,127,103,51,129,115,128,124,93,77
ENSMUSG00000026322,Htr4,0,0,0,0,0,2,0,0,0,0,0,0
ENSMUSG00000024395,Lims2,0,3,3,2,2,1,3,3,4,1,1,0
ENSMUSG00000052229,Gpr17,0,0,0,0,1,0,0,0,0,0,0,0
ENSMUSG00000042211,Fbxo38,1439,1496,1171,1256,1171,798,899,1293,1310,1181,1160,1064
ENSMUSG00000024388,Myo7b,0,0,0,0,0,0,0,0,0,0,0,0
ENSMUSG00000084824,Gm16344,0,0,0,0,0,0,0,0,0,0,0,0
ENSMUSG00000085300,Gm16345,0,0,1,0,0,1,0,0,0,0,0,0
ENSMUSG00000044176,Spink10,0,0,1,0,4,0,0,0,0,0,0,0
ENSMUSG00000110576,Gm36368,0,0,0,0,0,0,0,0,0,0,0,0
ENSMUSG00000060201,Spink7,0,0,0,0,0,0,0,0,0,0,0,0
ENSMUSG00000073551,Spink13,0,0,0,0,0,0,0,0,0,0,0,0
ENSMUSG00000117712,Gm19159,0,0,0,0,0,0,0,0,0,0,0,0
ENSMUSG00000041789,2700046A07Rik,0,0,0,0,0,0,0,0,0,0,0,0
ENSMUSG00000117671,Gm50128,0,0,0,0,0,0,0,0,0,0,0,0
ENSMUSG00000024384,Iws1,2322,2365,2004,2055,1860,1921,1618,2121,2161,2054,1902,1864
ENSMUSG00000117481,Gm49966,0,0,0,0,0,0,0,0,0,0,0,0
ENSMUSG00000117650,4933435E02Rik,0,0,0,0,0,0,0,0,0,0,0,0
ENSMUSG00000071847,Apcdd1,6,8,9,7,4,3,8,10,5,2,3,6
ENSMUSG00000024386,Proc,0,0,0,0,0,0,0,0,0,0,0,0
ENSMUSG00000117606,Gm5969,1,0,0,1,0,1,1,0,0,0,3,1
ENSMUSG00000097363,Gm26717,0,0,0,0,0,0,0,0,0,0,0,0
ENSMUSG00000024383,Map3k2,982,1015,953,865,828,589,524,906,930,928,940,917
ENSMUSG00000024382,Ercc3,1494,1601,1327,1327,1228,823,1105,1310,1427,1325,1230,1131
ENSMUSG00002075437,#N/A,0,0,0,0,0,0,0,0,0,0,0,0
ENSMUSG00000097413,A830052D11Rik,0,0,0,1,0,2,0,1,0,1,1,0
ENSMUSG00000024581,Napg,490,520,449,497,448,292,428,499,510,434,395,399
ENSMUSG00000024381,Bin1,1362,1601,1004,1025,836,349,1053,1107,1236,1178,940,792
ENSMUSG00000109238,Gm35060,0,0,0,0,0,0,0,0,0,0,0,0
ENSMUSG00000109232,Gm44577,0,0,0,0,0,0,0,0,0,0,0,0
ENSMUSG00000108896,Gm20136,0,0,0,0,0,0,0,0,0,0,0,0
ENSMUSG00000090523,Gypc,642,688,737,703,641,392,798,849,651,555,616,553
ENSMUSG00000087715,Gm25826,0,0,0,0,0,0,0,0,0,0,0,0
ENSMUSG00000024379,Tslp,2,5,1,2,5,4,2,4,5,3,4,1
ENSMUSG00000119098,#N/A,0,0,0,0,0,0,0,0,0,0,0,0
ENSMUSG00000038299,Wdr36,4477,5196,4030,4122,4351,2222,3355,4024,4645,4260,4052,3607
ENSMUSG00000098252,Mir6361,0,0,0,0,0,0,0,0,0,0,0,0
ENSMUSG00000097710,2310026I22Rik,0,6,3,4,1,0,2,4,1,2,3,3
ENSMUSG00000038128,Camk4,753,777,682,742,834,581,671,847,656,629,832,714
ENSMUSG00002075498,#N/A,0,0,0,0,0,0,0,0,0,0,0,0
ENSMUSG00000024378,Stard4,1125,1340,1131,1101,826,439,875,1203,1099,991,886,861
ENSMUSG00000117730,Gm5503,0,0,0,0,0,0,2,0,0,0,0,0
ENSMUSG00000042834,Nrep,2,1,4,0,2,0,0,0,0,2,4,0
ENSMUSG00000118292,Gm10549,0,0,0,0,0,0,0,0,0,0,0,0
ENSMUSG00000117689,Gm50392,0,1,0,0,1,0,0,0,0,0,0,0
ENSMUSG00000087590,Epb41l4aos,483,502,421,411,361,207,506,516,432,391,366,342
ENSMUSG00000092819,Gm23639,37,46,31,31,24,6,32,28,30,26,14,25
ENSMUSG00000024376,Epb41l4a,0,0,1,0,2,3,1,3,1,0,2,2
ENSMUSG00000088501,Gm22788,0,0,0,0,0,0,0,0,0,0,0,0
ENSMUSG00000117961,Gm50265,0,0,0,0,0,0,0,0,0,0,0,0
ENSMUSG00000118246,Gm6052,1,3,2,1,3,0,0,0,1,2,3,1
ENSMUSG00000077263,Gm24432,0,0,0,0,0,0,0,0,0,0,0,0
ENSMUSG00000118054,Gm5238,0,0,0,0,0,0,0,0,0,0,0,0
ENSMUSG00000119457,#N/A,0,0,0,0,0,0,0,0,0,0,0,0
ENSMUSG00000073607,Gm10548,36,30,23,31,28,19,18,19,29,27,27,28
ENSMUSG00000041482,Piezo2,0,0,0,0,1,8,0,0,0,1,0,0
ENSMUSG00000118039,Gm50171,0,0,0,0,0,0,0,0,0,0,0,0
ENSMUSG00000118336,Gm50172,0,0,0,0,0,0,0,0,0,0,0,0
ENSMUSG00000097980,Gm26972,0,0,0,0,0,2,0,0,0,0,0,0
ENSMUSG00000089156,Gm23581,0,0,0,0,0,0,0,0,0,0,0,0
ENSMUSG00002076873,#N/A,0,0,0,0,0,0,0,0,0,0,0,0
ENSMUSG00000088726,Gm22210,0,0,0,0,0,0,0,0,0,0,0,0
ENSMUSG00000117875,Gm6789,14,7,8,4,7,3,14,9,18,3,6,11
ENSMUSG00000088656,Gm24848,0,0,0,0,0,0,0,0,0,0,0,0
ENSMUSG00000005871,Apc,2589,2566,2104,2078,1815,1750,1229,2291,1982,2099,2129,1881
ENSMUSG00000014504,Srp19,1186,1180,1044,1016,1130,1038,1200,1163,1209,1084,1243,1108
ENSMUSG00000005873,Reep5,2632,3040,2329,2570,2372,1129,2780,2692,2526,2172,2115,1891
ENSMUSG00000024583,Txnl1,3111,3278,2660,2714,3202,2426,2744,2952,3226,2965,2997,2889
ENSMUSG00000014503,Pkd2l2,4,2,0,3,1,2,4,3,3,3,4,1
ENSMUSG00000036501,Fam13b,852,835,738,728,670,475,435,750,772,681,662,611
ENSMUSG00002076603,#N/A,0,0,0,0,0,0,0,0,0,0,0,0
ENSMUSG00000012282,Wnt8a,0,0,0,0,0,0,0,0,0,0,0,0
ENSMUSG00000035984,Nme5,1,1,2,2,0,0,5,0,0,1,0,0
ENSMUSG00000049357,Brd8dc,5,2,4,0,3,1,3,5,0,3,4,1
ENSMUSG00000040560,Wdr7,327,318,230,224,236,119,163,239,253,252,273,266
ENSMUSG00000117795,Gm50104,0,0,0,0,0,0,0,0,0,0,0,0
ENSMUSG00000117977,Gm50106,0,0,0,0,0,0,0,0,0,0,0,0
ENSMUSG00000118258,Gm19076,0,0,0,0,1,0,0,0,0,0,0,0
ENSMUSG00000119255,#N/A,0,0,0,0,0,0,0,0,0,0,0,0
ENSMUSG00000117673,Gm6974,7,6,1,2,2,0,1,2,3,5,0,3
ENSMUSG00000118189,Gm50109,0,0,0,0,1,0,1,0,0,0,0,1
ENSMUSG00000086128,St8sia3os,0,0,0,0,0,0,0,0,0,0,0,0
ENSMUSG00000118191,Gm45934,0,0,0,0,0,0,0,0,0,0,0,0
ENSMUSG00000118022,Prdx1-ps,0,0,0,0,0,0,0,0,0,0,0,0
ENSMUSG00000056812,St8sia3,0,0,0,0,0,1,0,1,0,0,0,0
ENSMUSG00000118264,Rps15-ps3,5,10,3,6,3,3,10,5,3,6,7,2
ENSMUSG00000045991,Onecut2,44,46,67,42,31,22,26,60,35,27,61,56
ENSMUSG00000118375,Gm36804,0,0,0,0,0,0,0,1,0,0,1,0
ENSMUSG00000060096,Amd-ps3,0,0,0,0,0,0,0,0,0,0,0,0
ENSMUSG00000003778,Brd8,1199,1208,1055,1050,1263,885,1011,1255,1079,985,1237,1156
ENSMUSG00000024588,Fech,273,235,228,213,198,156,187,273,219,218,187,213
ENSMUSG00000003779,Kif20a,952,1132,1086,1076,2193,1668,1389,1600,1049,894,1730,1521
ENSMUSG00000024370,Cdc23,915,1102,1024,1036,1237,628,967,1069,1013,933,1097,1106
ENSMUSG00000064857,n-R5s25,0,0,0,0,0,0,0,0,0,0,0,0
ENSMUSG00000024366,Gfra3,0,0,0,0,0,0,0,0,0,0,0,0
ENSMUSG00000044201,Cdc25c,91,113,97,107,165,79,143,141,84,96,135,127
ENSMUSG00000078240,Gm3550,3,2,2,0,4,4,2,0,0,1,2,0
ENSMUSG00000024587,Nars,6961,7547,6636,6845,6237,4470,5209,5938,6640,5801,6243,5586
ENSMUSG00000097755,2010110K18Rik,7,17,9,13,10,13,9,12,15,7,22,18
ENSMUSG00000034300,Fam53c,1076,1099,955,954,1063,455,819,1015,966,891,1035,874
ENSMUSG00000039529,Atp8b1,0,0,0,0,2,5,0,1,1,0,1,0
ENSMUSG00000117808,Gm50338,0,0,0,0,0,0,0,0,0,0,0,0
ENSMUSG00000118133,Gm6978,0,1,1,0,0,0,0,0,0,0,0,0
ENSMUSG00000118224,Gm50352,0,0,0,0,0,0,0,0,0,0,0,0
ENSMUSG00000118356,Gm50353,0,0,0,0,2,1,0,0,0,0,2,0
ENSMUSG00000117766,Gm50354,0,0,0,0,0,0,0,0,0,0,0,0
ENSMUSG00000118900,#N/A,0,0,0,0,0,0,0,0,0,0,0,0
ENSMUSG00000088304,Gm24504,0,0,0,0,0,0,0,0,0,0,0,0
ENSMUSG00000118045,Gm29860,0,0,0,0,0,0,0,0,0,0,0,0
ENSMUSG00000114210,A330084C13Rik,1,0,0,0,2,0,0,1,0,0,0,0
ENSMUSG00000038773,Kdm3b,1740,1885,1581,1453,1582,911,1212,1845,1718,1607,1723,1546
ENSMUSG00000038555,Reep2,23,24,13,9,15,9,9,17,7,13,24,23
ENSMUSG00000038418,Egr1,1913,1932,1278,1340,722,531,1153,1529,1140,1150,1169,1005
ENSMUSG00000024360,Etf1,14314,14813,11966,12117,11884,9941,10680,12303,13982,13087,12324,11769
ENSMUSG00000024359,Hspa9,18349,20367,16215,16869,16625,11281,13854,16874,17829,16255,16787,15100
ENSMUSG00000089239,Gm22200,3,2,4,6,0,1,2,1,4,1,2,1
ENSMUSG00000065904,Gm26109,8,6,2,5,0,1,4,4,1,1,3,1
ENSMUSG00000118145,Gm6724,0,0,0,0,0,0,0,0,0,0,0,0
ENSMUSG00000118380,Gm36037,0,0,0,0,1,4,0,1,0,0,1,0
ENSMUSG00000117727,Gm3587,0,0,0,0,0,0,0,0,0,0,0,0
ENSMUSG00000037815,Ctnna1,2823,3183,2115,2316,1729,1197,1733,2374,2244,2194,1831,1624
ENSMUSG00000071862,Lrrtm2,0,0,1,0,0,1,1,0,2,0,0,0
ENSMUSG00000117876,Gm50146,0,0,0,0,0,0,0,0,0,0,1,0
ENSMUSG00000024357,Sil1,525,534,414,379,436,231,426,473,479,399,459,381
ENSMUSG00000117731,Gm50145,0,0,0,0,0,0,0,0,0,0,0,0
ENSMUSG00000118184,Gm50144,0,1,0,0,0,0,0,0,0,0,1,1
ENSMUSG00000118386,Gm50149,0,0,0,0,1,0,1,0,1,2,0,1
ENSMUSG00000062742,Gm5239,11,10,4,3,9,3,5,7,10,5,12,10
ENSMUSG00000117869,Snhg4,1351,1409,1150,1139,1144,873,1026,1237,1308,1171,1409,1172
ENSMUSG00000117694,Snhg4,12,6,10,11,10,13,10,11,13,4,15,15
ENSMUSG00002076696,#N/A,0,0,0,0,0,0,0,0,0,0,0,0
ENSMUSG00000105743,Mir1949,0,0,0,0,0,0,0,0,0,0,0,0
ENSMUSG00000065649,Snora74a,0,0,0,0,0,0,0,0,0,0,0,0
ENSMUSG00002075136,#N/A,1,0,0,0,0,0,0,0,0,1,1,1
ENSMUSG00000037236,Matr3,3114,2855,2540,2376,2443,2563,2311,2883,2731,3139,3150,2889
ENSMUSG00000102496,Gm36989,38,19,36,21,33,100,24,23,34,46,90,93
ENSMUSG00000118030,Gm50163,6,3,1,2,5,4,7,2,5,2,4,1
ENSMUSG00000037058,Paip2,715,863,674,728,810,688,875,914,743,719,817,691
ENSMUSG00000024354,Slc23a1,0,1,0,0,1,0,0,0,0,0,0,1
ENSMUSG00000024353,Mzb1,0,0,0,0,0,0,0,0,0,0,0,0
ENSMUSG00000117874,Gm50318,0,0,0,0,0,0,0,0,0,0,0,0
ENSMUSG00000073600,Prob1,15,3,6,7,15,2,8,4,6,5,9,8
ENSMUSG00000024352,Spata24,5,17,16,8,19,5,20,21,16,11,17,7
ENSMUSG00000024350,Dnajc18,321,367,262,258,254,192,275,297,309,253,320,259
ENSMUSG00000073598,1700066B19Rik,13,13,17,14,17,12,23,17,20,11,26,15
ENSMUSG00000073599,Ecscr,3,3,2,1,2,0,2,2,1,2,0,2
ENSMUSG00000024349,Tmem173,890,1038,771,829,606,247,1091,1075,826,750,833,714
ENSMUSG00000091842,Gm16490,0,0,0,0,0,0,0,0,0,1,0,0
ENSMUSG00000091896,Ube2d2a,1107,969,731,745,778,621,796,845,1071,896,956,874
ENSMUSG00000117841,Gm50371,0,0,0,0,0,0,0,0,0,0,0,0
ENSMUSG00000046668,Cxxc5,151,147,186,169,203,107,202,196,200,178,110,87
ENSMUSG00000100320,Gm29417,1,1,2,3,2,2,4,0,3,2,1,1
ENSMUSG00000117840,Gm50399,0,0,0,0,1,0,0,0,0,0,0,0
ENSMUSG00000118080,Gm41693,0,0,0,0,0,0,0,0,0,0,0,0
ENSMUSG00000118358,Gm36315,0,0,0,1,0,1,0,0,0,0,0,0
ENSMUSG00000118347,C330008A17Rik,0,0,0,0,0,0,0,0,0,0,0,0
ENSMUSG00000118122,Gm50405,0,0,0,0,1,0,0,0,0,0,0,0
ENSMUSG00002075971,#N/A,0,0,0,0,0,0,0,0,0,0,0,0
ENSMUSG00000024347,Psd2,1,7,6,3,5,4,5,5,3,2,3,4
ENSMUSG00000060275,Nrg2,2,3,1,3,0,1,2,1,6,4,1,1
ENSMUSG00000117852,4930471G03Rik,0,0,0,0,0,0,0,0,0,0,0,0
ENSMUSG00000043991,Pura,1427,1565,1327,1341,1483,1304,1420,1458,1485,1400,1593,1543
ENSMUSG00000110185,Igip,119,103,84,80,129,88,76,92,71,111,145,145
ENSMUSG00000046727,Cystm1,238,289,144,164,165,65,154,148,155,160,211,184
ENSMUSG00000024346,Pfdn1,685,908,697,753,886,664,813,822,851,656,783,687
ENSMUSG00000024486,Hbegf,1067,1164,758,811,546,256,571,679,667,583,464,424
ENSMUSG00000118214,Gm50199,0,2,0,0,0,2,0,0,0,0,0,0
ENSMUSG00000024485,Slc4a9,0,0,0,0,0,0,0,0,0,0,0,0
ENSMUSG00000024483,Ankhd1,1891,1816,1718,1637,1516,1681,1148,1768,1652,1632,1647,1612
ENSMUSG00000085172,Gm6542,11,26,21,25,16,4,36,15,22,12,25,18
ENSMUSG00000117942,Maskbp3,34,28,32,18,28,45,26,30,34,40,46,36
ENSMUSG00000090264,Eif4ebp3,5,6,11,9,1,3,4,4,6,5,7,5
ENSMUSG00000006050,Sra1,857,1000,772,830,933,512,900,908,1015,797,867,801
ENSMUSG00000117679,Apbb3,412,484,400,429,393,170,340,369,402,328,380,401
ENSMUSG00000033272,Slc35a4,2693,3169,2274,2380,2404,956,2246,2316,2780,2483,2267,2217
ENSMUSG00000044719,E230025N22Rik,0,0,0,0,0,0,0,0,0,0,0,0
ENSMUSG00000051439,Cd14,1,5,1,1,0,0,1,0,0,1,1,0
ENSMUSG00000006850,Tmco6,75,77,64,79,123,39,88,101,75,69,98,94
ENSMUSG00000014294,Ndufa2,515,751,569,613,673,204,694,513,578,495,497,499
ENSMUSG00000024589,Nedd4l,143,137,118,131,167,118,122,147,139,153,142,119
ENSMUSG00000117895,Gm50368,0,0,0,0,0,0,0,0,0,0,0,0
ENSMUSG00000118017,Gm29966,0,0,0,0,0,0,0,0,0,0,0,0
ENSMUSG00000065402,Mir122,0,0,0,0,0,0,0,0,0,0,0,0
ENSMUSG00000032845,Alpk2,412,395,209,201,119,58,119,175,208,235,220,196
ENSMUSG00000118101,F730048M01Rik,0,1,0,0,0,0,1,0,0,0,0,0
ENSMUSG00000024474,Ik,2800,2875,2168,2254,2621,2809,2149,2553,2627,2344,2989,2394
ENSMUSG00000117971,Gm50220,2,0,0,0,0,0,0,0,0,0,0,0
ENSMUSG00000118163,Gm41757,3,2,1,1,0,0,2,1,0,1,3,1
ENSMUSG00000117721,Gm50221,9,6,3,3,2,1,2,3,2,2,0,5
ENSMUSG00000118078,Gm50228,0,0,0,3,0,1,0,0,0,0,0,0
ENSMUSG00000118285,Gm46618,0,2,0,1,0,0,0,0,0,0,0,0
ENSMUSG00000093283,Gm22567,0,0,0,0,0,52,0,5,0,0,6,0
ENSMUSG00000042660,Wdr55,1977,2068,1574,1712,1900,1161,1599,1740,2047,1618,1837,1751
ENSMUSG00000044595,Dnd1,36,53,49,42,59,25,31,28,37,28,52,63
ENSMUSG00000001380,Hars,3662,4026,3006,3104,3052,2015,2946,3247,3433,3120,3536,3153
ENSMUSG00000019143,Hars2,697,708,616,557,607,288,583,621,652,610,569,561
ENSMUSG00000001383,Zmat2,1510,1577,1189,1293,1361,1482,1449,1456,1573,1295,1566,1361
ENSMUSG00000032688,Malt1,6586,6446,4536,4645,3130,3341,3022,4410,5716,5669,4477,4213
ENSMUSG00002074846,#N/A,0,2,0,1,2,0,3,2,0,1,0,0
ENSMUSG00002075575,#N/A,0,0,0,0,0,0,0,0,0,0,0,0
ENSMUSG00000063514,Gm6756,0,0,2,1,1,1,2,2,0,1,0,0
ENSMUSG00000118389,Gm50246,1,1,0,1,0,1,0,1,2,0,1,3
ENSMUSG00000117860,Gm30018,0,0,0,0,0,0,0,0,0,0,0,0
ENSMUSG00000118179,Gm50247,0,0,0,0,0,0,0,0,0,0,0,0
ENSMUSG00000117992,Gm41760,0,0,0,0,0,0,0,0,0,0,0,0
ENSMUSG00000103442,Pcdha1,0,0,0,0,0,0,0,0,0,0,0,0
ENSMUSG00000103386,Gm37751,0,0,0,0,0,0,0,0,0,0,0,0
ENSMUSG00000104148,Pcdha2,0,0,0,0,0,0,0,0,0,0,0,0
ENSMUSG00000102312,Pcdha3,0,0,0,0,0,0,0,0,0,0,0,0
ENSMUSG00000104252,Pcdha4,0,0,0,0,0,0,0,0,0,0,0,0
ENSMUSG00000102634,Gm38225,0,0,0,0,0,0,0,0,0,0,0,0
ENSMUSG00000103458,Gm42416,0,0,0,0,0,0,0,0,0,0,0,0
ENSMUSG00000103092,Pcdha5,0,0,0,0,0,0,0,0,0,0,0,0
ENSMUSG00000103384,Gm37753,0,0,0,0,0,0,0,0,0,0,0,0
ENSMUSG00000103707,Pcdha6,0,0,0,0,0,0,0,0,0,0,0,0
ENSMUSG00000102836,Gm37013,0,0,0,0,0,0,0,0,0,0,0,0
ENSMUSG00000104318,Pcdha7,0,0,0,0,0,0,0,0,0,0,0,0
ENSMUSG00000103125,Gm37388,0,0,0,0,0,0,0,0,0,0,0,0
ENSMUSG00000104240,Gm36858,0,0,0,0,0,0,0,0,0,0,0,0
ENSMUSG00000103800,Pcdha8,0,0,0,0,0,0,0,0,0,0,0,0
ENSMUSG00000103770,Pcdha9,0,1,0,0,0,0,0,0,0,0,0,0
ENSMUSG00000007440,Pcdha11,0,0,0,0,0,0,0,0,0,0,0,0
ENSMUSG00000073594,Gm10545,0,0,0,0,0,1,0,0,0,0,0,0
ENSMUSG00000102206,Pcdha11,0,0,0,0,0,0,0,0,0,0,0,0
ENSMUSG00000103601,Gm18150,0,0,0,0,0,0,0,0,0,0,0,0
ENSMUSG00000042439,Zfp532,0,2,1,1,2,1,1,0,0,0,1,0
ENSMUSG00000103194,Gm37643,0,0,0,0,0,0,0,0,0,0,1,0
ENSMUSG00000118234,Gm50115,0,0,0,0,0,1,0,0,0,0,0,0
ENSMUSG00000117775,Gm50462,0,0,0,1,0,0,0,0,0,1,0,0
ENSMUSG00000103310,Pcdha12,0,0,0,0,0,0,0,0,0,0,0,0
ENSMUSG00000102232,Gm19035,0,0,0,0,0,0,0,0,0,0,0,0
ENSMUSG00000046610,Oacyl,0,0,0,0,0,0,0,0,0,0,0,0
ENSMUSG00000118208,Gm50234,0,0,0,0,0,0,0,0,0,0,0,0
ENSMUSG00000103255,Pcdhac1,0,0,0,0,0,0,0,0,0,0,0,0
ENSMUSG00000102697,Pcdhac2,0,0,0,0,0,0,0,0,0,0,0,0
ENSMUSG00000097430,Gm10544,0,0,0,0,0,0,0,0,0,0,0,0
ENSMUSG00000103456,Gm38097,0,0,0,0,0,0,0,0,0,0,0,0
ENSMUSG00000051663,Pcdhb1,0,0,0,0,0,0,0,0,0,0,0,0
ENSMUSG00000051599,Pcdhb2,0,0,0,0,0,0,0,0,0,0,0,0
ENSMUSG00000045498,Pcdhb3,0,0,0,0,0,0,0,0,0,0,0,0
ENSMUSG00000104264,Gm18529,0,0,0,0,0,1,0,0,0,0,0,0
ENSMUSG00000045689,Pcdhb4,0,0,0,0,0,0,0,0,0,2,0,0
ENSMUSG00000063687,Pcdhb5,0,0,0,0,0,0,0,0,0,0,0,0
ENSMUSG00000051678,Pcdhb6,0,0,0,0,1,0,0,0,0,0,0,0
ENSMUSG00000045062,Pcdhb7,0,0,0,0,0,0,0,0,0,0,0,0
ENSMUSG00000045876,Pcdhb8,0,0,0,0,0,0,0,0,0,0,0,0
ENSMUSG00000051242,Pcdhb9,0,0,0,0,0,0,0,0,0,0,0,0
ENSMUSG00000024516,Sec11c,1021,1066,853,888,1005,629,855,845,805,742,777,746
ENSMUSG00000045657,Pcdhb10,0,0,0,0,0,0,0,0,0,0,0,0
ENSMUSG00000117751,Gm50256,0,0,0,0,0,0,0,0,0,0,0,0
ENSMUSG00000051486,Pcdhb11,0,0,0,0,0,0,0,0,0,0,0,0
ENSMUSG00000117866,Gm50175,0,0,0,0,0,0,0,0,0,0,0,0
ENSMUSG00000103985,Gm37446,0,0,0,0,0,0,0,0,0,0,0,0
ENSMUSG00000103483,Gm20162,0,0,0,0,0,0,0,0,0,0,0,0
ENSMUSG00000117910,Gm50174,0,1,2,2,0,0,0,0,0,1,1,1
ENSMUSG00000118170,Gm30094,0,0,0,0,0,0,0,0,0,0,0,0
ENSMUSG00000043458,Pcdhb12,0,0,0,0,0,0,0,0,0,0,0,0
ENSMUSG00000047307,Pcdhb13,0,0,0,0,1,1,0,0,0,0,0,0
ENSMUSG00000044043,Pcdhb14,0,0,1,0,1,5,0,0,3,0,0,1
ENSMUSG00000047033,Pcdhb15,0,0,0,0,0,1,0,0,0,0,0,0
ENSMUSG00000047910,Pcdhb16,0,0,0,0,0,1,0,0,0,0,0,0
ENSMUSG00000046387,Pcdhb17,0,0,0,0,0,0,0,0,0,0,0,0
ENSMUSG00000024517,Grp,3,2,2,0,0,0,1,0,0,4,1,3
ENSMUSG00000087746,Gm25150,0,0,0,0,0,0,0,0,0,0,0,0
ENSMUSG00000048347,Pcdhb18,0,0,0,0,0,0,0,0,0,0,0,0
ENSMUSG00000117734,Gm50117,0,0,0,0,0,0,0,0,0,0,0,0
ENSMUSG00000117846,Gm50118,0,0,0,0,0,0,0,0,0,0,0,0
ENSMUSG00000043313,Pcdhb19,0,0,0,0,1,0,0,0,0,0,0,0
ENSMUSG00000118162,Gm50119,0,0,0,0,0,0,0,0,0,0,0,0
ENSMUSG00000046191,Pcdhb20,0,0,0,0,0,0,0,0,0,0,0,0
ENSMUSG00000044022,Pcdhb21,0,0,0,0,0,0,0,0,0,0,0,0
ENSMUSG00000073591,Pcdhb22,1,1,2,0,0,0,0,1,1,0,1,0
ENSMUSG00000024518,Rax,0,0,0,0,0,5,0,0,0,0,0,1
ENSMUSG00000104225,4930517L18Rik,0,0,0,0,0,1,0,0,0,0,1,0
ENSMUSG00000097907,Raxos1,0,0,0,0,0,0,0,0,0,0,0,0
ENSMUSG00000050304,Slc25a2,4,3,2,1,2,1,2,2,0,2,2,1
ENSMUSG00000051316,Taf7,391,494,347,422,366,359,340,444,437,443,399,379
ENSMUSG00000024519,Cplx4,0,0,0,0,0,0,0,0,0,0,0,0
ENSMUSG00000102827,Gm8242,1,1,3,1,5,0,0,2,3,0,0,0
ENSMUSG00000073590,3222401L13Rik,1,0,0,4,0,1,0,1,0,1,1,1
ENSMUSG00000103144,Pcdhga1,3,3,0,3,1,1,0,4,2,4,0,2
ENSMUSG00000103956,Gm37118,0,0,0,0,0,0,0,0,0,0,0,0
ENSMUSG00000103332,Pcdhga2,2,0,4,2,1,0,2,0,2,1,1,2
ENSMUSG00000104346,Pcdhga3,0,0,2,3,0,0,0,0,0,0,1,0
ENSMUSG00000103037,Pcdhgb1,0,0,0,0,0,1,0,1,0,0,0,0
ENSMUSG00000103677,Pcdhga4,4,3,0,0,1,1,1,1,2,0,0,1
ENSMUSG00000102748,Pcdhgb2,3,6,6,2,7,3,7,8,12,10,2,3
ENSMUSG00000103567,Pcdhga5,7,4,3,4,3,2,5,3,5,6,7,4
ENSMUSG00000118501,AC020971.1,0,0,0,0,0,1,0,0,1,0,0,0
ENSMUSG00000088493,Gm24401,0,0,0,0,0,0,0,0,0,0,1,0
ENSMUSG00000103793,Pcdhga6,2,0,0,0,0,0,0,0,0,0,0,0
ENSMUSG00000104512,Gm37165,0,0,0,0,0,0,0,0,0,0,0,0
ENSMUSG00000103472,Pcdhga7,2,7,4,4,3,0,4,1,8,2,1,3
ENSMUSG00000103585,Pcdhgb4,3,4,4,6,2,1,3,4,5,3,2,3
ENSMUSG00000041891,Lman1,2956,3099,2642,2471,2756,1893,2276,2951,2818,2503,2715,2545
ENSMUSG00000117907,Gm50142,0,0,0,0,0,0,0,0,0,0,0,0
ENSMUSG00000103897,Pcdhga8,1,1,5,2,2,0,2,2,3,2,3,3
ENSMUSG00000103749,Pcdhgb5,16,17,20,13,13,5,12,21,16,12,13,12
ENSMUSG00000046318,Ccbe1,0,3,3,0,5,11,3,4,1,0,2,6
ENSMUSG00000117764,Gm50143,0,0,0,0,0,0,0,0,0,0,0,0
ENSMUSG00000076147,Mir694,0,0,0,0,0,0,0,0,0,0,0,0
ENSMUSG00000085055,Gm15958,0,0,0,0,0,0,0,0,0,0,0,0
ENSMUSG00000117680,Gm50148,0,0,0,0,0,0,0,0,0,0,0,0
ENSMUSG00000118228,Gm50153,0,0,0,0,0,0,0,0,0,0,0,0
ENSMUSG00000117665,Gm20294,0,0,0,0,0,0,0,0,0,0,0,0
ENSMUSG00000118218,Gm50154,0,0,0,0,0,0,0,0,0,0,0,0
ENSMUSG00000024521,Pmaip1,706,762,677,656,569,428,635,668,615,543,518,458
ENSMUSG00000117884,Gm50156,0,0,0,0,0,0,0,1,0,0,0,0
ENSMUSG00000102440,Pcdhga9,0,2,3,3,6,1,1,1,3,0,0,3
ENSMUSG00000118376,Gm9926,0,0,0,0,0,0,0,0,0,0,0,0
ENSMUSG00000117918,Gm50157,0,0,0,1,0,0,0,0,0,0,0,0
ENSMUSG00000118148,Gm50158,0,0,0,0,0,0,0,0,0,0,0,0
ENSMUSG00000089387,Gm24679,0,0,0,0,0,0,0,0,0,0,0,0
ENSMUSG00000118187,Gm36092,0,0,0,0,0,0,0,0,0,0,0,0
ENSMUSG00000117843,Gm50159,0,0,0,0,0,0,0,0,0,0,0,0
ENSMUSG00000118349,Gm50160,0,0,0,0,0,0,0,0,0,0,0,0
ENSMUSG00000118201,Gm50161,0,0,0,0,0,0,0,0,0,0,0,0
ENSMUSG00000117750,Gm30190,0,0,0,0,0,0,0,0,0,0,0,0
ENSMUSG00000117737,Gm22219,0,0,0,0,0,4,0,0,0,0,0,0
ENSMUSG00002075864,#N/A,0,0,0,0,0,0,0,0,0,0,0,0
ENSMUSG00000117968,Gm50162,0,0,0,0,0,0,0,0,0,0,0,0
ENSMUSG00000047259,Mc4r,0,0,0,0,0,0,0,0,0,0,0,0
ENSMUSG00000118216,Gm19784,0,0,0,0,0,0,0,0,0,0,0,0
ENSMUSG00000117798,Gm50164,0,1,0,0,0,0,0,0,0,0,0,0
ENSMUSG00000117868,Gm50165,0,1,0,0,0,1,0,0,0,0,0,0
ENSMUSG00000117815,Gm50166,0,0,0,0,0,5,0,0,1,0,0,0
ENSMUSG00000103088,Pcdhgb6,20,9,10,9,11,6,9,19,10,17,13,9
ENSMUSG00000097330,Gm26672,1,0,1,1,0,2,0,0,0,1,0,1
ENSMUSG00000102222,Pcdhga10,5,8,7,8,7,5,5,4,11,3,6,6
ENSMUSG00000104063,Pcdhgb7,26,22,21,14,16,16,8,25,17,13,12,3
ENSMUSG00000102742,Pcdhga11,9,7,3,2,7,1,3,4,10,4,4,7
ENSMUSG00000103081,Pcdhgb8,3,1,3,2,2,0,2,2,4,4,3,6
ENSMUSG00000102428,Pcdhga12,16,17,20,10,14,12,8,19,11,9,7,10
ENSMUSG00000103309,BC037039,2,3,3,1,4,3,0,2,0,7,4,0
ENSMUSG00000102918,Pcdhgc3,158,130,115,120,121,67,87,140,111,64,102,100
ENSMUSG00000024524,Gnal,27,34,38,30,26,28,17,38,25,37,24,22
ENSMUSG00000117982,Gm50170,0,0,0,0,0,0,0,0,0,0,0,0
ENSMUSG00000118131,Gm50167,0,0,0,0,0,0,0,0,0,0,0,0
ENSMUSG00000119766,#N/A,0,0,0,0,0,0,0,0,0,0,0,0
ENSMUSG00000117757,Gm50169,1,2,3,1,1,3,2,3,3,4,1,4
ENSMUSG00000109901,Chmp1b,1104,1174,938,1013,727,594,873,1089,1099,1071,893,724
ENSMUSG00000062526,Mppe1,337,365,258,256,229,133,266,276,309,316,347,317
ENSMUSG00000023036,Pcdhgc4,5,5,8,3,5,1,6,5,4,5,5,4
ENSMUSG00000024525,Impa2,338,396,386,292,378,201,363,400,337,353,463,455
ENSMUSG00000046415,B430212C06Rik,0,0,0,1,0,0,0,0,0,0,0,0
ENSMUSG00000024526,Cidea,0,0,0,0,0,0,1,0,0,0,0,0
ENSMUSG00000001473,Tubb6,460,488,367,431,497,189,400,419,332,283,426,373
ENSMUSG00000024527,Afg3l2,3346,3681,2807,2798,2869,1544,2309,2943,3290,2963,2774,2677
ENSMUSG00002076292,#N/A,0,0,0,0,0,0,0,0,0,0,0,0
ENSMUSG00000102543,Pcdhgc5,14,12,12,8,10,8,8,13,11,10,8,7
ENSMUSG00000024530,Prelid3a,26,28,12,12,15,8,15,20,19,10,13,17
ENSMUSG00000102828,Gm38182,0,0,0,0,0,0,0,0,0,0,0,0
ENSMUSG00000102713,Gm29994,3,3,4,3,0,0,1,0,0,0,1,1
ENSMUSG00000024533,Spire1,867,899,709,691,822,614,640,748,822,807,939,915
ENSMUSG00000091695,Gm17669,0,0,1,3,2,0,0,0,1,1,0,2
ENSMUSG00000073542,Cep76,627,675,566,560,578,403,550,692,554,511,619,573
ENSMUSG00000024456,Diaph1,4290,4434,3387,3375,3542,2002,2798,3699,3440,3323,4105,3715
ENSMUSG00000098706,Mir6979,0,0,0,0,1,0,0,0,1,0,0,0
ENSMUSG00000117686,Gm50122,0,0,0,0,0,0,0,0,0,0,0,0
ENSMUSG00000024537,Psmg2,759,895,736,794,927,423,894,700,849,760,799,922
ENSMUSG00000024454,Hdac3,1646,1770,1292,1333,1481,727,1389,1349,1647,1431,1555,1483
ENSMUSG00000024539,Ptpn2,2055,2192,1729,1834,1755,1625,1690,2023,1862,1776,1958,1585
ENSMUSG00000118134,4930549G23Rik,2,4,1,1,1,2,0,2,0,2,0,1
ENSMUSG00000097835,Gm26910,15,13,9,11,17,7,15,20,18,15,12,9
ENSMUSG00000079614,Seh1l,2676,2833,2518,2607,2799,2390,2490,2819,2793,2622,3014,2634
ENSMUSG00000044024,Rell2,80,65,46,45,63,32,46,42,78,71,103,114
ENSMUSG00000024542,Cep192,1015,958,936,816,1226,825,713,1136,861,841,1117,1019
ENSMUSG00000118326,Gm8887,0,0,0,0,0,0,0,0,0,0,0,0
ENSMUSG00000024544,Ldlrad4,91,135,55,59,48,57,46,51,83,94,48,52
ENSMUSG00000117891,Gm41764,0,0,0,0,0,1,0,0,0,0,1,0
ENSMUSG00000118306,Gm18149,0,0,0,0,0,0,0,0,0,0,0,0
ENSMUSG00000038121,Fam210a,1816,1983,1637,1546,1539,892,1069,1505,1696,1670,1472,1395
ENSMUSG00000098253,Mir7219,0,0,0,0,0,0,0,0,0,0,0,0
ENSMUSG00000038524,Fchsd1,148,139,93,95,98,52,85,108,130,105,136,111
ENSMUSG00000009535,Rnmt,1520,1717,1492,1546,1313,854,1412,1453,1461,1467,1417,1253
ENSMUSG00000007480,Mc5r,1,0,2,0,2,1,0,4,1,1,0,0
ENSMUSG00000045569,Mc2r,0,0,0,0,0,0,0,0,0,0,0,0
ENSMUSG00000118288,Gm50258,0,0,0,0,0,0,0,0,0,0,0,0
ENSMUSG00000117811,Gm29677,0,0,0,0,0,0,0,0,0,0,0,0
ENSMUSG00000118041,Gm50259,0,0,0,0,0,0,0,0,0,0,0,0
ENSMUSG00000118317,Gm30641,0,0,0,0,0,0,0,0,0,0,0,0
ENSMUSG00000099300,Mir6356,0,0,0,0,0,0,0,0,0,0,0,0
ENSMUSG00000118102,Gm50260,0,0,0,0,0,0,0,0,0,0,0,0
ENSMUSG00000024546,4930546C10Rik,0,1,0,0,0,0,0,0,0,0,0,0
ENSMUSG00000098366,Mir145b,0,0,0,0,0,0,0,0,0,0,0,0
ENSMUSG00002075616,#N/A,0,0,0,0,0,0,0,0,0,0,0,0
ENSMUSG00000110211,Gm31294,0,0,0,0,0,0,0,0,0,0,0,0
ENSMUSG00000117889,A730085E03Rik,0,0,0,0,0,0,0,0,0,0,0,0
ENSMUSG00000117970,Gm4402,0,0,0,0,0,0,0,0,0,0,0,0
ENSMUSG00000098060,Gm4842,0,2,0,0,0,0,0,0,0,0,0,0
ENSMUSG00000024451,Arap3,11,10,11,18,3,2,1,7,9,9,3,2
ENSMUSG00000098608,Mir6981,0,0,0,0,0,0,0,0,0,0,0,0
ENSMUSG00000098297,Mir6980,0,0,0,0,0,0,0,0,0,0,0,0
ENSMUSG00000118056,Gm30093,0,0,0,0,0,0,0,0,0,0,0,0
ENSMUSG00000051375,Pcdh1,2,1,0,0,1,1,0,0,4,0,6,5
ENSMUSG00000089983,2010320O07Rik,0,0,0,0,0,0,0,0,0,0,0,0
ENSMUSG00000097080,1700086O06Rik,46,39,21,36,47,7,31,43,44,24,28,35
ENSMUSG00000066475,Gm10268,5,9,8,5,5,1,4,2,7,9,4,4
ENSMUSG00000024442,Dele1,922,1007,809,801,810,471,709,829,861,809,770,834
ENSMUSG00000024440,Pcdh12,0,0,0,0,0,1,0,0,0,0,0,0
ENSMUSG00000060450,Rnf14,707,812,629,603,632,358,520,617,679,574,632,568
ENSMUSG00000089296,Gm23205,1,1,1,0,1,7,0,0,3,0,2,2
ENSMUSG00000052102,Gnpda1,1548,1610,852,791,948,592,806,917,1265,1133,1441,1186
ENSMUSG00002076358,#N/A,0,0,0,0,0,0,0,0,0,0,0,0
ENSMUSG00000118140,Gm4949,4,1,1,2,0,4,1,2,0,4,3,1
ENSMUSG00000024425,Ndfip1,12044,13844,10389,10559,9597,4290,10210,9361,11926,10987,8444,8352
ENSMUSG00000117986,Gm50344,6,4,6,2,6,2,4,1,2,3,1,3
ENSMUSG00000118112,Gm50349,0,0,0,0,0,0,0,0,0,0,0,0
ENSMUSG00000118296,Gm19100,0,0,0,0,0,0,0,0,0,0,0,0
ENSMUSG00000024427,Spry4,74,77,57,47,55,6,33,54,32,50,54,34
ENSMUSG00002075777,#N/A,0,0,0,0,0,1,0,0,0,0,0,0
ENSMUSG00002076038,#N/A,0,0,0,0,0,0,0,0,0,0,0,0
ENSMUSG00000118257,9630014M24Rik,0,2,0,0,0,1,0,0,0,0,0,0
ENSMUSG00000118193,Arhgap26,0,0,0,0,0,0,0,0,0,0,0,0
ENSMUSG00000099488,Gm19774,0,0,1,0,0,0,2,0,0,0,1,1
ENSMUSG00000083766,Gm15335,0,0,0,0,0,1,0,0,0,0,0,0
ENSMUSG00000081773,Gm8302,0,3,2,1,1,0,0,1,2,0,1,3
ENSMUSG00000036585,Fgf1,0,0,0,0,0,0,0,0,0,1,0,0
ENSMUSG00000117994,Gm5820,0,0,0,0,0,0,0,0,0,0,0,0
ENSMUSG00000036452,Arhgap26,346,362,300,298,274,236,257,279,297,277,398,334
ENSMUSG00000086991,Gm15334,0,0,0,0,0,0,0,0,0,0,0,0
ENSMUSG00000086312,Gm15336,0,0,0,0,0,0,0,0,0,0,0,0
ENSMUSG00000082287,Gm15333,0,0,0,0,0,0,0,0,0,0,0,0
ENSMUSG00000085289,Gm15337,0,0,0,0,0,0,0,0,0,0,0,0
ENSMUSG00000024431,Nr3c1,1251,1245,1024,1062,1197,776,806,1128,1093,1128,1156,1087
ENSMUSG00000117922,Gm50397,0,0,0,0,0,0,0,0,0,0,0,0
ENSMUSG00000118117,Gm30961,0,0,0,0,0,0,0,0,0,0,0,0
ENSMUSG00000117983,Gm50398,0,0,0,1,0,0,0,0,0,0,0,0
ENSMUSG00000051732,Pabpc2,0,0,0,0,0,0,0,0,0,1,0,0
ENSMUSG00000118015,Gm41708,0,0,0,0,0,0,0,0,0,0,0,0
ENSMUSG00000118042,Gm50395,0,0,0,0,0,0,0,0,0,0,0,0
ENSMUSG00000117838,Gm50396,0,0,0,0,0,0,0,0,0,0,0,0
ENSMUSG00000024487,Yipf5,959,1088,761,829,790,490,834,850,945,830,700,694
ENSMUSG00000117674,Gm31087,0,0,0,0,0,0,0,0,0,0,0,0
ENSMUSG00000051401,Kctd16,0,0,0,0,0,4,0,0,0,0,0,0
ENSMUSG00000117943,Gm50403,0,0,0,0,0,2,0,0,0,0,0,0
ENSMUSG00000118315,Gm31019,0,0,0,0,0,0,0,0,0,0,0,0
ENSMUSG00000118202,C030017B01Rik,0,0,0,0,0,1,0,0,0,0,0,0
ENSMUSG00000117847,Gm31205,0,0,0,0,0,0,0,0,0,0,0,0
ENSMUSG00000095150,Rps19-ps13,2,0,0,2,0,0,0,0,3,2,2,0
ENSMUSG00002076547,#N/A,0,0,0,0,0,0,0,0,0,0,0,0
ENSMUSG00000118091,Gm50407,0,0,0,0,0,0,0,0,0,0,0,0
ENSMUSG00002075393,#N/A,0,0,0,0,0,0,0,0,0,0,0,0
ENSMUSG00002075105,#N/A,0,0,0,0,0,0,0,0,0,0,0,0
ENSMUSG00000118299,Gm50408,0,0,0,1,0,0,0,0,0,0,0,0
ENSMUSG00000117677,Gm50409,0,0,0,0,0,0,0,0,0,0,0,0
ENSMUSG00000117708,Gm18530,0,0,0,0,0,0,0,0,0,0,0,0
ENSMUSG00000117745,Gm50410,0,0,0,0,0,0,0,0,0,0,0,0
ENSMUSG00000056671,Prelid2,536,645,512,588,445,416,530,630,484,446,362,358
ENSMUSG00000118266,Gm18371,1,1,1,0,0,0,2,1,0,0,2,3
ENSMUSG00000073574,Grxcr2,0,0,1,0,0,0,0,2,0,0,0,0
ENSMUSG00000057719,Sh3rf2,0,0,0,0,0,0,0,0,0,0,0,0
ENSMUSG00000034339,Cstdc7,0,0,0,0,0,0,0,0,0,0,0,0
ENSMUSG00000059455,Plac8l1,0,1,0,2,0,0,0,1,0,1,0,0
ENSMUSG00000117660,Gm18086,10,5,4,5,5,1,8,6,12,11,7,13
ENSMUSG00000117753,Gm5504,0,0,0,1,0,1,0,1,0,0,1,1
ENSMUSG00000024493,Lars,3437,3543,3061,3273,2993,1746,2026,2493,3176,2870,3063,2786
ENSMUSG00000096699,Rps19-ps4,9,5,2,2,3,0,3,6,11,11,3,6
ENSMUSG00000117662,Gm4013,10,18,11,15,15,7,14,9,9,13,5,9
ENSMUSG00000024491,Rbm27,3525,3467,3063,2955,2855,2762,2394,3195,3103,3210,3118,2829
ENSMUSG00002075016,#N/A,0,0,0,0,0,0,0,0,0,0,0,0
ENSMUSG00000024497,Pou4f3,0,0,0,0,0,0,1,0,0,0,0,0
ENSMUSG00000056849,Gm16415,1,1,0,2,0,0,0,2,0,1,2,0
ENSMUSG00000118058,Gm3631,0,0,0,0,0,0,0,0,0,0,0,0
ENSMUSG00000024498,Tcerg1,7466,7086,5932,5834,5674,6176,5131,6696,6840,6535,6123,5770
ENSMUSG00002076197,#N/A,4,1,0,1,0,0,1,2,0,4,0,7
ENSMUSG00000042816,Gpr151,0,0,0,0,0,0,0,0,0,1,0,0
ENSMUSG00000117719,Gm50214,0,0,0,0,0,0,0,0,0,0,0,0
ENSMUSG00000117882,Gm50213,0,0,0,0,0,0,0,0,0,0,0,0
ENSMUSG00000117926,C030004G16Rik,0,0,0,0,0,0,0,0,0,0,0,0
ENSMUSG00000024500,Ppp2r2b,0,0,0,0,0,0,0,0,0,0,0,0
ENSMUSG00000084959,4933407I08Rik,0,0,0,0,0,0,0,0,0,0,0,0
ENSMUSG00000117792,4930588A03Rik,0,0,0,0,0,2,0,0,0,0,0,0
ENSMUSG00000119082,#N/A,0,0,0,0,2,0,1,0,0,2,0,0
ENSMUSG00000048188,Gm8181,2,1,2,4,1,3,3,3,2,1,5,0
ENSMUSG00000039954,Stk32a,0,0,0,0,0,0,0,0,0,0,0,0
ENSMUSG00000024501,Dpysl3,42,37,20,23,14,19,15,12,12,14,11,8
ENSMUSG00000097891,Gm3650,0,0,0,0,0,0,0,0,0,0,0,0
ENSMUSG00000043424,Eif3j2,12,11,13,11,8,7,14,15,12,17,10,14
ENSMUSG00002076479,#N/A,0,0,0,0,0,0,0,0,0,0,0,0
ENSMUSG00000118018,AC156546.1,0,0,0,0,0,0,0,0,0,0,0,0
ENSMUSG00000024502,Jakmip2,0,0,0,0,0,6,0,0,0,0,0,0
ENSMUSG00000024503,Spink1,0,0,0,0,0,0,0,0,0,0,0,0
ENSMUSG00002075964,#N/A,0,0,0,0,0,2,0,0,0,0,0,0
ENSMUSG00000038791,Scgb3a2,0,0,0,0,0,0,0,0,0,0,0,0
ENSMUSG00000071858,Gm94,0,0,0,0,0,0,1,0,0,0,0,0
ENSMUSG00000117902,Gm41715,0,0,0,0,0,0,0,0,0,0,0,0
ENSMUSG00000118043,Gm50206,0,0,0,0,0,0,0,0,0,0,0,0
ENSMUSG00000118006,Gm50207,0,0,0,0,0,0,0,0,0,0,0,0
ENSMUSG00000055561,Spink5,0,0,0,0,1,0,0,0,0,0,0,0
ENSMUSG00000051050,Spink14,0,0,0,0,0,0,0,0,0,0,0,0
ENSMUSG00000118199,Gm8390,0,0,0,0,0,0,0,0,0,0,0,0
ENSMUSG00000055095,Spink6,0,0,0,0,0,0,0,0,0,0,0,0
ENSMUSG00000061144,Spink12,0,0,0,0,0,0,0,0,0,0,0,0
ENSMUSG00000110628,Gm37797,0,0,0,0,0,0,0,0,0,0,0,0
ENSMUSG00000069385,Gm10267,0,0,0,0,0,1,0,0,0,0,0,0
ENSMUSG00000053729,Spinkl,0,0,0,0,0,0,0,0,0,0,0,0
ENSMUSG00000073573,Spink11,0,0,0,0,0,0,0,0,0,0,0,0
ENSMUSG00000073572,Gm10542,0,0,0,0,0,0,0,0,0,0,0,0
ENSMUSG00000038071,Npy6r,0,0,0,0,0,1,0,0,0,0,0,0
ENSMUSG00000117919,Gm41717,0,0,0,0,0,0,0,0,0,0,0,0
ENSMUSG00000024471,Myot,0,0,0,0,0,0,0,0,0,0,0,0
ENSMUSG00000024472,Dcp2,2701,2645,2500,2356,2426,1496,1668,2439,2527,2343,2351,2314
ENSMUSG00000071856,Mcc,1,1,0,1,1,8,0,0,1,0,0,1
ENSMUSG00000097610,A930012L18Rik,0,0,1,0,0,2,0,0,0,0,1,0
ENSMUSG00000117832,Gm50263,0,0,1,0,0,0,0,0,2,0,0,1
ENSMUSG00000107325,Gm43425,0,0,0,0,0,0,0,0,0,0,0,0
ENSMUSG00000034653,Ythdc2,523,472,361,345,420,420,243,359,363,422,552,510
ENSMUSG00000118013,Gm31706,0,2,0,0,0,0,0,0,0,0,0,0
ENSMUSG00000118188,Gm50123,0,0,0,0,0,0,0,0,0,0,0,0
ENSMUSG00000117929,Gm6663,0,2,0,0,0,0,0,0,0,0,0,0
ENSMUSG00000098244,Gm26928,0,0,0,2,2,0,0,3,1,1,1,0
ENSMUSG00000118034,Gm4839,0,0,0,0,0,0,0,0,0,0,0,0
ENSMUSG00000118143,Gm50124,0,0,0,0,0,0,0,0,0,0,0,0
ENSMUSG00000054477,Kcnn2,0,0,0,0,0,0,0,0,0,0,0,0
ENSMUSG00000073569,Gm10540,0,0,0,0,0,0,0,0,0,1,0,0
ENSMUSG00000117844,Gm18652,0,0,0,0,0,0,0,0,0,0,0,0
ENSMUSG00000118074,Gm31907,0,0,0,0,0,6,0,0,0,0,0,0
ENSMUSG00000098284,A330093E20Rik,0,0,0,0,0,0,0,0,0,0,0,0
ENSMUSG00000118037,Gm50125,0,0,0,0,0,0,0,0,0,0,0,0
ENSMUSG00000088649,Gm26262,0,0,0,0,0,0,0,0,0,0,0,0
ENSMUSG00000104009,Gm38337,0,0,0,0,0,0,0,0,0,0,0,0
ENSMUSG00000033949,Trim36,150,144,111,93,100,73,107,121,106,102,76,63
ENSMUSG00000103616,1700018A14Rik,0,0,0,0,0,0,0,0,0,0,0,0
ENSMUSG00000024477,Pggt1b,1229,1186,1011,1069,882,836,862,1120,950,1136,1035,955
ENSMUSG00000071855,Ccdc112,54,66,48,38,40,55,60,66,42,42,49,39
ENSMUSG00000117742,4930415P13Rik,0,0,0,0,0,0,0,0,0,0,0,0
ENSMUSG00000118282,Gm4840,0,0,0,0,0,0,0,0,0,1,1,0
ENSMUSG00000118002,Gm4107,0,0,0,0,0,0,0,0,0,0,0,0
ENSMUSG00002075435,#N/A,1,0,1,1,0,0,0,0,0,0,0,0
ENSMUSG00000046487,Mospd4,0,1,0,0,0,0,0,0,0,0,1,0
ENSMUSG00002076599,#N/A,0,0,0,0,0,0,0,0,0,0,0,0
ENSMUSG00000118116,Gm3720,0,2,0,2,0,0,0,0,0,0,0,1
ENSMUSG00000033319,Fem1c,980,1084,957,929,973,693,892,903,959,872,924,888
ENSMUSG00000056130,Ticam2,75,83,59,55,76,54,50,75,77,64,73,72
ENSMUSG00000033184,Tmed7,3369,3415,2984,2861,2489,2052,2446,2824,3164,3074,2711,2597
ENSMUSG00000057561,Eif1a,4047,4139,3463,3475,2917,2268,3084,3415,3726,3460,3283,3125
ENSMUSG00000117780,Gm3734,0,2,1,1,0,0,0,2,0,1,0,0
ENSMUSG00000033022,Cdo1,10,13,12,11,10,9,4,7,14,5,8,14
ENSMUSG00000032905,Atg12,634,744,579,512,558,344,514,583,581,547,454,455
ENSMUSG00000024480,Ap3s1,222,253,222,187,201,133,238,219,223,197,223,191
ENSMUSG00000117429,A430019L02Rik,2,0,1,3,2,1,1,3,2,0,5,2
ENSMUSG00000117599,Gm49971,1,0,3,2,0,2,0,3,2,5,2,2
ENSMUSG00000117372,Gm49972,0,2,2,0,0,0,0,2,1,1,0,0
ENSMUSG00000024481,Lvrn,0,0,0,0,0,0,0,0,0,0,0,0
ENSMUSG00000119886,#N/A,0,0,0,0,0,0,0,0,0,0,0,0
ENSMUSG00000117630,Gm49973,0,0,0,0,0,0,0,0,0,0,0,0
ENSMUSG00000073568,Arl14epl,1,0,0,0,0,0,0,0,0,0,1,0
ENSMUSG00000117411,Gm3744,0,0,0,0,0,0,0,0,0,0,0,0
ENSMUSG00000117588,Gm49974,0,0,1,0,1,0,3,0,0,0,0,1
ENSMUSG00000042705,Commd10,454,549,368,385,347,220,427,380,432,386,368,315
ENSMUSG00000087857,Gm22791,0,0,0,0,0,0,0,0,0,0,0,0
ENSMUSG00000117621,Hspe1-rs1,35,28,16,27,18,58,16,31,26,17,39,28
ENSMUSG00000117377,Gm8468,0,0,1,0,0,0,0,0,0,0,0,0
ENSMUSG00000117350,Gm49975,0,0,0,0,1,0,0,1,0,0,0,0
ENSMUSG00002075683,#N/A,0,0,0,0,0,0,0,0,0,0,0,0
ENSMUSG00000019647,Sema6a,4,7,13,1,2,8,7,10,7,1,9,6
ENSMUSG00000117515,Gm6883,12,12,7,5,4,7,13,4,13,12,4,11
ENSMUSG00000117474,Gm50086,0,0,0,0,0,0,0,0,0,0,0,0
ENSMUSG00000117602,9130209A04Rik,0,0,0,0,0,0,0,0,0,0,0,0
ENSMUSG00000118180,Gm50223,0,0,0,0,0,0,0,0,0,0,0,0
ENSMUSG00000118259,Gm5095,0,0,0,0,0,0,0,0,0,0,0,0
ENSMUSG00000117765,Gm5236,3,0,0,0,0,0,0,0,1,0,0,0
ENSMUSG00000118139,Gm41720,0,0,0,0,0,1,0,0,0,0,0,0
ENSMUSG00000118113,Gm4146,0,0,0,0,0,0,0,0,0,0,0,0
ENSMUSG00000118110,Gm50224,0,0,0,0,0,0,0,0,0,0,0,0
ENSMUSG00000118267,G630055G22Rik,0,0,0,0,1,0,0,0,0,0,0,0
ENSMUSG00000059040,Eno1b,0,1,1,0,0,2,1,1,0,0,0,0
ENSMUSG00000118097,Gm5237,1,0,0,0,0,0,1,0,0,0,0,0
ENSMUSG00000097965,Gm5839,6,3,0,3,3,0,2,3,3,5,4,0
ENSMUSG00000117885,Gm50229,0,0,0,0,0,0,0,0,0,0,0,0
ENSMUSG00000118290,Gm18993,0,0,0,0,0,0,0,0,0,0,0,0
ENSMUSG00000117724,Gm50231,0,0,0,0,0,0,0,0,0,0,0,0
ENSMUSG00000100297,1700044K03Rik,0,0,0,0,0,0,0,0,0,0,0,0
ENSMUSG00002075161,#N/A,0,0,0,0,0,0,0,0,0,0,0,0
ENSMUSG00000024505,Dtwd2,299,276,229,215,306,169,226,227,328,291,303,269
ENSMUSG00000087020,Gm16283,4,3,1,6,8,3,7,7,3,4,8,10
ENSMUSG00000100134,1700065O20Rik,0,0,0,0,0,0,0,0,0,0,0,0
ENSMUSG00000037416,Dmxl1,1537,1541,1241,1278,1208,1089,703,1240,1229,1378,1346,1329
ENSMUSG00000062210,Tnfaip8,2257,2431,1923,2064,1787,1325,1762,1853,1952,1835,1529,1456
ENSMUSG00000086600,C030005K06Rik,1,0,0,0,0,1,1,0,1,0,1,0
ENSMUSG00000024507,Hsd17b4,530,569,435,461,551,280,426,531,416,384,556,543
ENSMUSG00000085939,Cd63-ps,0,2,0,0,0,0,0,0,1,0,0,0
ENSMUSG00000117714,Gm50439,0,2,2,0,0,0,0,0,0,0,0,1
ENSMUSG00000098058,Gm8529,13,9,8,7,6,0,11,6,10,9,4,1
ENSMUSG00000118595,AC118632.1,0,0,0,0,0,0,0,0,0,0,0,0
ENSMUSG00000035420,Fam170a,0,0,0,0,0,0,0,0,0,0,0,0
ENSMUSG00000048875,Pudp,0,0,0,0,0,2,0,0,0,0,0,0
ENSMUSG00000118088,Gm3815,3,5,0,0,2,1,0,0,1,1,2,6
ENSMUSG00000073565,Prr16,0,0,1,0,0,0,0,0,0,0,0,0
ENSMUSG00000119809,#N/A,0,0,0,0,0,0,0,0,0,0,0,0
ENSMUSG00000077317,Gm25785,0,0,0,0,0,0,0,0,0,0,0,0
ENSMUSG00000069379,Gm4950,1,0,0,1,1,0,0,2,0,1,1,1
ENSMUSG00000118334,Gm50446,0,0,0,0,0,0,0,0,0,0,0,0
ENSMUSG00000118351,Gm50447,0,0,0,0,0,0,0,0,0,0,0,0
ENSMUSG00000118046,Gm50448,0,0,0,0,0,0,0,0,0,0,0,0
ENSMUSG00000119171,#N/A,0,0,0,0,0,0,0,0,0,0,0,0
ENSMUSG00000024510,Ftmt,0,0,0,0,0,0,0,0,0,0,0,0
ENSMUSG00000024528,Srfbp1,1247,1321,960,1087,949,960,809,1015,1261,1137,1109,968
ENSMUSG00000098000,Gm27026,0,1,0,0,0,0,0,0,0,0,0,0
ENSMUSG00000024529,Lox,0,0,0,0,0,0,0,0,1,4,0,0
ENSMUSG00000118365,Gm41724,0,0,0,0,0,0,0,0,0,0,0,0
ENSMUSG00000046886,Zfp474,0,0,0,0,0,0,0,0,0,0,0,0
ENSMUSG00000024532,1700034E13Rik,0,0,0,0,0,1,0,0,0,0,0,0
ENSMUSG00000053624,Gykl1,0,0,0,0,0,0,0,0,0,0,0,0
ENSMUSG00000024534,Sncaip,0,0,0,0,0,2,0,0,0,0,0,0
ENSMUSG00000118407,Gm50457,0,0,0,0,0,0,0,0,0,0,0,0
ENSMUSG00000118195,Gm8572,0,0,0,0,0,0,0,0,0,0,0,0
ENSMUSG00000034484,Snx2,823,898,632,641,653,644,647,698,808,687,703,672
ENSMUSG00000118240,Gm1859,0,1,2,4,0,0,0,1,3,0,1,1
ENSMUSG00000024535,Snx24,29,24,18,11,12,2,11,14,18,20,12,15
ENSMUSG00000024538,Ppic,241,276,173,155,234,142,231,267,224,201,193,189
ENSMUSG00000069378,Prdm6,0,0,0,0,3,0,0,0,0,0,0,0
ENSMUSG00000053477,Tcf4,185,206,168,171,114,92,162,199,158,119,133,97
ENSMUSG00002075924,#N/A,0,0,0,0,0,0,0,0,0,0,0,0
ENSMUSG00000119124,#N/A,0,0,0,0,0,0,0,0,0,0,0,0
ENSMUSG00000118028,Gm50215,0,0,0,0,0,2,0,0,0,0,0,0
ENSMUSG00000038903,Ccdc68,0,0,0,0,0,0,0,0,0,0,0,0
ENSMUSG00000084948,1700061H18Rik,0,0,0,0,0,0,0,0,0,0,0,0
ENSMUSG00000086824,4930448D08Rik,0,0,0,0,0,0,0,0,0,0,0,0
ENSMUSG00000024511,Rab27b,0,0,2,1,0,1,3,2,1,0,2,0
ENSMUSG00000117678,Gm50219,0,0,0,0,0,0,0,0,0,0,0,0
ENSMUSG00000024512,Dynap,0,0,0,0,0,0,0,0,0,0,0,0
ENSMUSG00000118497,AC124764.1,0,0,0,0,0,0,0,0,0,0,0,0
ENSMUSG00000110495,Gm45879,0,0,0,0,0,0,0,0,0,0,0,0
ENSMUSG00000044906,4930503L19Rik,517,476,467,417,440,353,387,478,362,375,524,580
ENSMUSG00000079608,Stard6,7,10,6,5,9,9,7,4,1,8,4,3
ENSMUSG00000038425,Poli,130,155,105,115,175,143,120,126,169,141,216,170
ENSMUSG00000098721,Mir6357,0,1,0,0,0,0,0,0,0,0,0,0
ENSMUSG00000024513,Mbd2,2434,2550,1949,2030,2024,1742,2160,2332,2403,2196,2083,1916
ENSMUSG00000117810,Gm8934,17,10,9,10,5,0,6,1,6,10,7,5
ENSMUSG00000118309,Gm50261,0,0,0,0,0,0,0,0,0,0,0,0
ENSMUSG00000117735,Gm18963,0,0,0,0,1,0,0,0,0,0,0,0
ENSMUSG00000117932,Gm21046,0,0,0,0,0,0,0,0,0,0,0,0
ENSMUSG00000118271,Gm50262,0,0,0,0,0,0,0,0,0,0,0,0
ENSMUSG00000060534,Dcc,0,0,0,0,0,5,0,0,0,0,1,0
ENSMUSG00000117831,Gm6995,0,0,0,0,0,0,0,0,0,0,0,0
ENSMUSG00000117984,Gm31819,0,0,0,0,0,5,0,0,0,0,0,0
ENSMUSG00002074977,#N/A,0,0,0,0,0,0,0,0,0,0,0,0
ENSMUSG00000118316,Gm31908,0,0,0,0,0,0,0,0,0,0,0,0
ENSMUSG00002075795,#N/A,32,48,89,72,120,35,178,96,58,61,17,24
ENSMUSG00000037253,Mex3c,2695,2662,2028,1842,2043,1165,1709,2032,2235,2140,1858,1801
ENSMUSG00000064527,Gm26438,0,0,0,0,0,0,1,0,0,0,0,0
ENSMUSG00002076644,#N/A,0,0,0,0,0,0,0,0,0,0,0,0
ENSMUSG00000024515,Smad4,1119,1333,989,1009,1037,709,876,1139,1028,1016,1075,932
ENSMUSG00000118185,Gm50126,0,0,0,0,0,0,0,0,0,0,0,0
ENSMUSG00000117985,Gm32548,0,0,0,0,0,0,0,0,0,0,0,0
ENSMUSG00000118321,Gm17943,0,0,0,0,0,0,0,0,0,0,0,0
ENSMUSG00000036941,Elac1,224,224,159,165,184,143,162,191,208,184,257,233
ENSMUSG00000024556,Me2,1100,1118,880,939,1214,758,945,1091,1082,980,1368,1224
ENSMUSG00000064036,Mro,0,0,0,0,0,2,0,0,0,0,0,0
ENSMUSG00000024558,Mapk4,0,0,0,0,0,2,0,0,0,1,0,0
ENSMUSG00000090263,D730045A05Rik,0,0,0,0,0,0,0,0,0,0,0,0
ENSMUSG00000053861,Gm9925,0,0,0,0,0,0,0,0,0,0,0,0
ENSMUSG00000036223,Ska1,78,92,97,92,144,174,140,133,89,76,159,164
ENSMUSG00000024560,Cxxc1,2072,2082,1617,1547,1750,1086,1523,1732,2066,1815,2058,1893
ENSMUSG00000118151,Gm5690,1,0,1,0,0,0,1,0,0,1,0,0
ENSMUSG00000024561,Mbd1,1366,1520,1110,1073,1105,669,989,1219,1206,1067,1122,1071
ENSMUSG00000035394,Cfap53,4,3,0,2,3,3,3,7,2,0,2,1
ENSMUSG00000095419,Gm14328,3,3,0,1,4,0,0,4,1,1,3,2
ENSMUSG00000117898,Gm8986,0,0,0,0,0,0,0,0,0,0,0,0
ENSMUSG00000118303,Gm50168,0,0,0,0,0,0,0,0,0,0,0,0
ENSMUSG00000025885,Myo5b,18,9,9,6,14,5,5,2,10,5,1,3
ENSMUSG00000086333,1700120E14Rik,0,0,0,0,0,0,0,0,0,0,0,0
ENSMUSG00000088689,Scarna17,9,14,9,12,21,13,14,7,8,6,7,11
ENSMUSG00000089235,Gm23119,48,36,46,42,54,65,53,44,44,47,35,55
ENSMUSG00000036880,Acaa2,377,522,354,412,375,152,454,433,421,331,361,305
ENSMUSG00002075900,#N/A,0,0,0,0,0,2,0,0,0,0,0,0
ENSMUSG00000117754,Rpl37a-ps2,0,0,0,0,0,0,0,0,0,0,0,0
ENSMUSG00002075101,#N/A,0,0,0,0,0,0,0,0,0,0,0,0
ENSMUSG00000117767,Gm18786,0,0,0,0,0,0,0,0,0,0,0,0
ENSMUSG00000053846,Lipg,128,155,148,206,76,47,105,166,128,125,35,35
ENSMUSG00000118384,9030625G05Rik,0,0,0,0,0,0,0,0,0,0,0,0
ENSMUSG00000062328,Rpl17,223,292,214,250,241,133,238,259,226,235,217,221
ENSMUSG00000064871,Snord58b,14,14,19,7,13,5,11,9,15,12,9,18
ENSMUSG00000064647,Gm23301,28,25,26,20,41,18,18,12,20,16,33,22
ENSMUSG00000064844,Gm26202,43,38,32,34,23,12,36,36,33,32,32,29
ENSMUSG00000118144,Gm50313,0,0,0,0,0,0,0,0,0,0,0,0
ENSMUSG00000036299,BC031181,655,762,579,626,660,407,678,638,775,582,677,625
ENSMUSG00000035765,Dym,264,295,237,205,348,187,224,284,284,221,404,360
ENSMUSG00002075461,#N/A,0,0,0,0,0,0,0,0,0,0,0,0
ENSMUSG00000094153,Gm8807,3,2,1,0,1,0,1,1,0,0,0,2
ENSMUSG00000102047,2010010A06Rik,1,0,0,0,0,0,0,0,0,0,0,3
ENSMUSG00000092569,Gm20544,0,0,1,0,2,0,2,2,2,4,0,2
ENSMUSG00000025880,Smad7,607,600,472,519,356,153,364,431,519,473,355,358
ENSMUSG00000052928,Ctif,130,97,65,69,84,54,84,127,83,66,96,77
ENSMUSG00000097712,Gm10532,1,0,1,1,0,1,0,2,0,1,0,2
ENSMUSG00000118164,Gm20570,0,2,0,2,0,0,3,3,1,0,5,0
ENSMUSG00000097302,1700034B16Rik,0,0,0,0,0,0,0,0,0,0,0,0
ENSMUSG00000044646,Zbtb7c,0,1,1,1,1,3,1,2,7,3,3,0
ENSMUSG00000118311,1700003O11Rik,0,0,0,0,0,0,0,0,0,0,0,0
ENSMUSG00000117797,2900057B20Rik,0,0,0,0,0,0,0,0,0,0,0,0
ENSMUSG00000098276,Mir6358,0,0,0,0,0,0,0,0,0,0,0,0
ENSMUSG00000118294,Gm9028,1,4,2,0,0,0,2,3,2,1,1,1
ENSMUSG00000118004,BC026513,1,0,1,0,0,0,1,0,0,1,3,0
ENSMUSG00000024563,Smad2,1742,1968,1670,1579,1571,1055,1445,1698,1777,1730,1596,1487
ENSMUSG00000117816,Gm50360,1,7,0,3,2,1,0,0,1,2,1,0
ENSMUSG00000117960,Gm31933,0,0,0,0,0,0,0,0,0,0,0,0
ENSMUSG00000091519,Skor2,0,0,0,0,0,0,0,0,0,1,0,0
ENSMUSG00000090000,Ier3ip1,573,617,551,467,456,283,541,480,579,535,435,443
ENSMUSG00000117732,Gm50364,0,4,2,2,3,1,3,2,1,6,0,2
ENSMUSG00000025421,Hdhd2,136,138,117,146,79,54,97,108,95,107,103,104
ENSMUSG00000025420,Katnal2,0,0,0,0,0,1,0,0,0,0,0,0
ENSMUSG00000025423,Pias2,780,771,591,632,701,522,664,718,687,645,754,640
ENSMUSG00000073532,Gm7276,0,1,0,0,0,0,0,0,0,0,0,0
ENSMUSG00000025425,St8sia5,1,0,0,0,1,1,0,1,1,2,0,0
ENSMUSG00000082784,Gm15957,1,4,1,2,2,1,3,3,2,2,1,0
ENSMUSG00000118108,Gm50284,0,0,0,0,0,0,0,0,0,0,0,0
ENSMUSG00000032818,Loxhd1,0,0,0,0,1,1,1,0,0,1,0,0
ENSMUSG00000025427,Rnf165,2,5,4,5,7,6,4,0,2,0,0,1
ENSMUSG00000117855,Gm50197,0,0,0,0,0,0,0,0,0,0,0,0
ENSMUSG00000039840,Epg5,636,686,503,516,530,221,374,553,554,562,497,506
ENSMUSG00000091055,Siglec15,2,4,1,3,4,0,0,1,0,1,3,5
ENSMUSG00000059336,Slc14a1,6,14,6,10,3,1,10,9,12,13,3,9
ENSMUSG00000024552,Slc14a2,0,0,0,1,0,0,0,0,0,0,0,0
ENSMUSG00000090451,Gm6133,1,1,0,1,0,0,1,0,0,0,0,0
ENSMUSG00000117661,4931439C15Rik,0,0,0,0,0,0,0,0,0,0,0,0
ENSMUSG00000119659,#N/A,0,0,0,0,0,0,0,0,0,0,0,0
ENSMUSG00000088733,Gm23895,0,0,0,0,0,0,0,0,0,0,0,0
ENSMUSG00000024548,Setbp1,219,231,201,199,143,112,124,155,126,140,145,125
ENSMUSG00000117936,Gm18978,0,0,0,0,0,0,0,0,0,0,0,0
ENSMUSG00000117828,Gm2116,0,0,0,0,0,0,0,1,0,0,0,0
ENSMUSG00000118301,Gm20593,0,0,0,0,0,0,0,0,0,0,0,0
ENSMUSG00000087717,Gm25824,0,0,0,0,0,0,0,0,0,0,0,0
ENSMUSG00000118130,Gm50176,0,0,0,0,0,0,0,0,0,0,0,0
ENSMUSG00000117787,Gm50177,0,0,0,0,0,0,1,0,0,0,0,0
ENSMUSG00000117709,Gm50178,0,0,0,0,0,0,0,0,0,0,0,0
ENSMUSG00000117963,Gm19062,0,0,0,0,0,0,0,0,0,0,0,0
ENSMUSG00000098165,Gm26977,6,5,1,0,0,0,5,2,6,5,1,7
ENSMUSG00000117669,Gm5509,0,1,0,3,0,0,0,0,0,3,1,0
ENSMUSG00000117722,Gm18910,0,0,0,0,0,0,0,0,0,0,0,0
ENSMUSG00000117813,Gm5823,6,3,3,4,2,1,6,2,6,3,4,1
ENSMUSG00000117759,AA684185,0,0,0,0,2,0,0,1,0,0,0,0
ENSMUSG00000118176,Gm50179,0,0,0,0,0,0,0,0,0,0,0,1
ENSMUSG00000118357,Gm36627,0,0,0,0,0,0,0,0,0,0,0,0
ENSMUSG00000118304,Gm36718,0,0,0,0,0,0,0,0,0,0,0,0
ENSMUSG00000117949,Gm50180,0,0,0,0,0,0,0,0,0,0,0,0
ENSMUSG00000117857,Gm50190,0,0,0,0,0,0,0,0,0,0,0,0
ENSMUSG00000117851,Gm50192,0,0,0,0,0,0,0,0,0,0,0,0
ENSMUSG00000117933,Gm50193,0,0,0,0,0,0,0,0,0,0,0,0
ENSMUSG00000056214,Pard6g,94,99,73,81,97,43,59,98,118,103,106,115
ENSMUSG00000118269,Gm50195,0,0,0,0,0,0,0,0,0,0,0,0
ENSMUSG00000096597,Gm21886,0,0,0,0,0,0,0,0,0,0,0,0
ENSMUSG00000053950,Adnp2,795,916,672,740,663,312,531,700,667,681,721,683
ENSMUSG00000118373,Gm41787,0,0,0,0,0,1,0,0,0,0,0,0
ENSMUSG00000117904,Gm7447,0,0,0,0,0,0,0,0,0,0,0,0
ENSMUSG00000118061,Rbfaos,8,2,3,6,3,3,6,4,6,4,5,4
ENSMUSG00000118244,Gm46629,0,0,0,0,0,0,0,0,0,0,0,0
ENSMUSG00000024570,Rbfa,1067,1075,863,881,967,488,938,965,1036,930,1009,1041
ENSMUSG00000024571,Gm16286,3411,3944,3136,3265,3075,1335,3103,3378,3463,3065,3247,2900
ENSMUSG00000057130,Txnl4a,770,922,693,681,927,647,781,737,832,720,984,894
ENSMUSG00000078963,Hsbp1l1,0,0,0,2,1,1,0,0,0,0,0,0
ENSMUSG00000063087,Gm10125,6,5,2,4,0,3,6,1,6,1,6,2
ENSMUSG00000034006,Pqlc1,145,167,143,123,117,25,110,109,117,96,89,117
ENSMUSG00000059852,Kcng2,1,3,0,2,3,0,0,0,0,0,1,0
ENSMUSG00000102959,Gm37015,0,0,0,0,0,0,0,0,0,0,0,0
ENSMUSG00000097593,Gm26676,0,0,0,0,0,0,0,0,1,0,0,0
ENSMUSG00000102260,D330025C20Rik,0,0,0,0,1,1,0,0,0,0,0,0
ENSMUSG00000033323,Ctdp1,2047,2208,1665,1709,1487,812,1474,1896,1851,1746,1395,1288
ENSMUSG00000118070,Gm50209,2,3,2,4,0,2,0,0,3,1,1,2
ENSMUSG00000118319,Gm2176,0,0,0,1,0,0,0,0,0,0,0,0
ENSMUSG00000118379,Gm41790,3,6,1,1,0,0,0,3,0,4,1,2
ENSMUSG00000041225,Arhgap12,372,468,316,319,337,279,292,378,343,365,427,383
ENSMUSG00000033016,Nfatc1,14625,14123,9238,9337,7219,4503,7161,9724,12425,12164,8040,7612
ENSMUSG00000118265,Gm50211,0,0,0,0,0,0,0,0,0,0,1,0
ENSMUSG00000024566,Atp9b,2428,2679,2074,2150,1762,899,1706,2054,2110,2016,1843,1698
ENSMUSG00000114891,Gm47272,0,0,0,0,0,0,0,0,0,0,0,0
ENSMUSG00000114756,Gm47273,0,0,0,1,2,0,1,2,1,1,0,0
ENSMUSG00002075248,#N/A,0,2,3,1,0,0,0,1,0,0,0,0
ENSMUSG00000024565,Sall3,2,1,0,0,0,4,2,0,2,2,2,0
ENSMUSG00000098720,Gm27239,0,0,0,0,0,0,0,0,0,0,0,0
ENSMUSG00000118235,Gm7503,0,0,0,1,0,1,0,0,2,0,0,0
ENSMUSG00000089257,Gm25718,0,0,0,0,0,0,0,0,0,0,0,0
ENSMUSG00000118268,Gm50424,0,0,0,0,0,0,0,0,0,0,0,0
ENSMUSG00000118262,Gm50423,0,0,0,0,0,0,0,0,0,0,0,0
ENSMUSG00000097181,4930594M17Rik,0,0,0,0,0,0,0,0,0,0,0,0
ENSMUSG00000117717,Gm30192,0,0,0,0,0,0,0,0,0,0,0,0
ENSMUSG00000118227,Gm30288,0,0,0,0,0,0,0,0,0,0,0,0
ENSMUSG00000118300,Gm50412,0,0,0,0,0,0,0,0,0,0,0,0
ENSMUSG00000117870,Gm41792,0,0,0,0,0,0,0,0,0,0,0,0
ENSMUSG00000118172,Gm50414,0,0,0,0,1,1,0,0,0,0,0,0
ENSMUSG00000118363,Gm50290,0,0,0,0,0,0,0,0,0,0,0,0
ENSMUSG00000118073,Gm50291,0,0,0,0,0,0,0,0,0,0,0,0
ENSMUSG00000118254,Gm46614,0,0,1,0,0,0,0,0,0,0,0,0
ENSMUSG00000117892,Gm30454,0,0,0,0,0,0,0,0,0,0,0,0
ENSMUSG00000117817,Gm50292,0,0,0,0,0,0,0,0,0,0,0,0
ENSMUSG00000117923,Gm30593,0,0,0,0,0,1,0,0,0,0,0,0
ENSMUSG00000077599,Gm26012,0,0,0,0,0,0,0,0,0,0,0,0
ENSMUSG00000093036,Mir5127,0,0,0,0,0,0,0,0,0,0,0,0
ENSMUSG00000118278,Gm50293,0,0,0,0,0,0,0,0,0,0,0,0
ENSMUSG00000117913,Gm50294,0,0,0,0,0,0,0,0,0,0,0,0
ENSMUSG00000117663,Gm50297,0,0,0,0,0,0,0,0,0,0,0,0
ENSMUSG00000118279,Gm50298,0,0,0,0,0,0,0,0,0,0,0,0
ENSMUSG00000118057,B020010K11Rik,0,0,0,0,0,4,0,0,0,0,0,0
ENSMUSG00000058625,Gm17383,4,0,0,0,1,1,2,2,0,1,1,0
ENSMUSG00002075868,#N/A,0,0,0,0,0,0,0,0,0,0,0,0
ENSMUSG00000024553,Galr1,0,0,0,0,0,0,0,0,1,0,0,0
ENSMUSG00000118256,Gm50303,0,0,0,0,0,0,0,0,0,0,0,0
ENSMUSG00000041607,Mbp,7867,8690,6502,7276,6576,2829,5607,7246,7445,7348,4338,4095
ENSMUSG00000061684,Rpl21-ps8,22,8,6,5,4,1,3,5,15,13,1,21
ENSMUSG00000041258,Zfp236,1716,1796,1344,1321,1258,831,964,1449,1466,1552,1316,1272
ENSMUSG00000118160,Gm50347,0,0,0,0,0,0,0,0,0,0,0,0
ENSMUSG00000097141,Gm10524,62,71,45,59,52,14,28,53,47,55,33,28
ENSMUSG00000118012,Gm46620,12,19,10,22,17,4,10,15,11,12,19,12
ENSMUSG00000117824,Gm50350,0,0,0,0,0,0,0,0,0,0,0,0
ENSMUSG00000117842,Gm41793,0,0,0,0,0,0,0,0,0,0,0,0
ENSMUSG00000117888,Gm50351,0,0,0,0,0,0,0,0,0,0,0,0
ENSMUSG00000092638,Mir5112,0,0,0,0,0,0,0,0,0,0,0,0
ENSMUSG00000117849,Gm50355,0,0,0,0,0,0,0,0,0,0,0,0
ENSMUSG00000101773,2210420H20Rik,0,0,0,0,0,0,0,0,0,0,0,0
ENSMUSG00000118085,Gm50356,0,0,0,0,0,0,0,0,0,0,0,0
ENSMUSG00000097738,4930445N18Rik,0,0,0,0,0,0,0,0,0,0,0,0
ENSMUSG00000117762,Gm30889,0,0,0,0,0,0,0,0,0,0,0,0
ENSMUSG00000058881,Zfp516,173,192,130,131,148,55,100,122,131,124,105,138
ENSMUSG00000118339,4930592I03Rik,0,0,0,0,0,0,0,0,0,0,0,0
ENSMUSG00000118094,AC142100.1,0,0,0,0,0,3,0,0,0,0,0,0
ENSMUSG00000117976,Gm50437,0,0,0,0,0,0,0,0,0,0,0,0
ENSMUSG00000100430,1700095A13Rik,0,1,0,0,0,0,0,0,0,0,0,0
ENSMUSG00000118333,4921531P14Rik,0,0,0,0,0,1,0,0,0,0,0,0
ENSMUSG00002074865,#N/A,0,0,0,0,0,0,0,0,0,0,0,0
ENSMUSG00000117783,Gm31265,0,0,0,0,0,1,0,0,0,0,0,0
ENSMUSG00000117993,Gm31503,0,0,0,0,0,0,0,0,0,0,0,0
ENSMUSG00000117715,Gm50413,0,0,0,0,0,0,0,0,0,0,0,0
ENSMUSG00000118060,4933401L05Rik,0,0,0,0,0,0,0,0,0,0,0,0
ENSMUSG00000118156,Gm7569,0,0,0,0,0,0,0,0,0,0,0,0
ENSMUSG00000118387,Gm50415,0,0,0,0,0,0,0,0,0,0,0,0
ENSMUSG00000118175,Gm50416,0,0,0,0,0,0,0,0,0,0,0,0
ENSMUSG00000117658,Gm50417,0,0,0,0,0,0,0,0,0,0,0,0
ENSMUSG00000118222,Gm50418,0,0,0,0,0,0,0,0,0,0,0,0
ENSMUSG00000118200,Gm31621,0,0,0,0,0,2,0,0,0,0,0,0
ENSMUSG00000118024,Gm50419,0,0,0,0,0,0,0,0,0,0,0,0
ENSMUSG00000117826,Gm50420,0,0,0,0,0,0,0,0,0,0,0,0
ENSMUSG00000117894,Gm50421,0,0,0,0,0,0,0,0,0,0,0,0
ENSMUSG00000046982,Tshz1,1199,1185,1049,1045,940,548,1058,1235,1066,969,969,841
ENSMUSG00000049090,Zadh2,359,412,280,330,376,250,335,406,423,324,447,350
ENSMUSG00000118225,Gm31854,0,0,0,0,0,0,0,0,0,0,0,0
ENSMUSG00000117915,Gm50309,0,0,0,0,0,0,0,0,0,0,0,0
ENSMUSG00000048410,Zfp407,968,1010,795,783,686,582,406,747,866,805,715,632
ENSMUSG00000118385,Gm50311,0,0,0,0,2,0,0,0,0,1,0,0
ENSMUSG00000102951,Gm37216,1,0,0,0,1,3,1,1,1,0,3,6
ENSMUSG00000056162,Cndp1,0,0,0,0,0,1,0,0,0,0,0,0
ENSMUSG00000117676,Gm50314,0,0,0,0,0,0,0,0,0,0,0,0
ENSMUSG00000092056,Gm7289,4,1,1,1,9,5,1,3,0,10,2,4
ENSMUSG00000024644,Cndp2,3462,3612,3075,3301,2942,1340,2917,3116,3321,3031,2813,2676
ENSMUSG00000118152,Gm2390,0,0,0,0,0,0,0,0,0,0,0,0
ENSMUSG00000089760,D030046N08Rik,0,0,0,0,0,0,0,0,0,0,0,0
ENSMUSG00000047992,Dipk1c,0,0,0,0,2,8,1,0,0,0,3,1
ENSMUSG00002075114,#N/A,0,0,0,0,0,0,0,0,0,0,0,0
ENSMUSG00000065746,Gm25005,0,0,0,0,0,0,0,0,0,0,0,0
ENSMUSG00000118075,Gm38576,0,0,0,0,0,0,0,0,0,0,1,0
ENSMUSG00000117781,Gm17266,0,0,0,0,0,0,0,0,0,0,0,0
ENSMUSG00002075287,#N/A,0,0,0,0,0,0,0,0,0,0,0,0
ENSMUSG00000024646,Cyb5a,544,668,488,564,562,417,655,694,541,479,491,462
ENSMUSG00000089744,Gm16146,1,5,2,0,2,1,0,2,2,1,1,0
ENSMUSG00000034391,Fbxo15,2,3,3,7,7,1,2,4,2,1,2,2
ENSMUSG00000024645,Timm21,383,435,363,392,559,342,369,440,447,381,514,503
ENSMUSG00000118255,Gm50369,0,0,0,0,0,0,0,0,0,0,0,0
ENSMUSG00000118198,Gm50370,0,0,0,0,0,0,0,0,0,0,0,0
ENSMUSG00000117854,Gm7612,0,0,0,0,0,0,0,0,0,0,0,0
ENSMUSG00000118241,Gm5824,0,0,0,2,0,0,1,0,0,0,0,1
ENSMUSG00000117906,Gm50381,0,0,0,0,0,0,0,0,0,0,0,0
ENSMUSG00000118283,Gm7623,0,1,1,3,4,0,0,2,1,1,0,2
ENSMUSG00000119275,#N/A,0,0,0,0,0,0,0,0,0,0,0,0
ENSMUSG00000050321,Neto1,1,0,0,0,1,1,3,1,0,0,1,1
ENSMUSG00000117778,Gm50384,0,0,0,0,0,0,0,0,0,0,0,0
ENSMUSG00000117736,Gm50386,0,0,0,0,0,0,1,0,0,0,0,0
ENSMUSG00000024647,Cbln2,0,0,0,0,0,1,0,0,0,0,0,0
ENSMUSG00000118328,Gm46615,0,0,0,0,0,0,0,0,0,1,0,0
ENSMUSG00000118025,Gm5691,0,0,0,0,0,0,0,0,0,0,0,0
ENSMUSG00000117908,Gm5971,0,0,0,0,0,1,0,0,0,0,0,0
ENSMUSG00000118250,Gm5234,1,0,0,0,0,11,0,1,2,0,1,1
ENSMUSG00000117969,Gm5826,0,2,1,0,2,0,0,0,1,2,0,1
ENSMUSG00000117683,Gm50389,0,0,0,0,0,0,0,0,0,0,0,0
ENSMUSG00000069324,Gm5096,0,0,0,0,0,0,0,0,0,0,0,0
ENSMUSG00000118171,Gm50390,0,0,0,0,0,0,0,0,0,0,0,0
ENSMUSG00000077641,Gm24987,0,0,0,0,0,0,0,0,0,0,0,0
ENSMUSG00000117801,Gm50391,0,0,0,0,0,0,0,0,0,0,0,0
ENSMUSG00000117830,Gm50400,0,0,0,0,0,0,0,0,0,0,1,0
ENSMUSG00000118352,Gm50401,0,0,0,0,0,0,0,0,0,0,0,0
ENSMUSG00000118247,Gm7662,2,0,0,0,0,0,0,0,0,0,0,0
ENSMUSG00000056153,Socs6,489,477,398,380,335,256,388,393,446,427,307,363
ENSMUSG00000117887,Gm50404,0,0,0,0,0,0,0,0,0,0,0,0
ENSMUSG00000117948,Gm6409,0,0,0,0,1,3,2,3,1,1,1,0
ENSMUSG00000118089,Gm50406,0,0,0,0,0,0,0,0,0,0,0,0
ENSMUSG00000117777,Gm50267,0,0,0,0,0,0,0,0,0,0,0,0
ENSMUSG00000023066,Rttn,254,256,326,296,395,266,221,351,242,265,353,354
ENSMUSG00000098676,Mir6359,0,0,0,0,0,0,0,0,0,0,0,0
ENSMUSG00000034028,Cd226,281,336,226,225,455,428,187,258,416,466,578,590
ENSMUSG00000073514,Dok6,2,2,0,1,2,3,0,0,0,0,1,0
ENSMUSG00000118274,Gm50204,0,1,0,0,0,0,0,0,0,0,0,0
ENSMUSG00000089885,Gm16296,4,4,1,2,3,0,5,2,2,3,1,0
ENSMUSG00000090047,Gm16297,0,1,1,0,1,0,1,0,0,0,1,0
ENSMUSG00002075318,#N/A,0,0,0,0,0,0,0,0,0,0,0,0
ENSMUSG00000098126,Gm27037,1,4,0,1,3,1,4,1,3,3,1,1
ENSMUSG00000118035,Gm6173,0,0,0,0,0,0,0,0,0,0,0,0
ENSMUSG00000089008,Gm23859,0,0,0,0,0,0,0,0,0,0,0,0
ENSMUSG00000091697,Eif3s6-ps2,4,1,1,3,8,1,9,6,5,5,3,5
ENSMUSG00000117726,Gm7674,0,0,0,0,0,0,0,0,0,0,0,0
ENSMUSG00000118372,Gm50434,0,0,0,0,0,0,0,0,0,0,0,0
ENSMUSG00000117805,Gm18280,0,0,0,0,0,0,1,0,0,0,0,0
ENSMUSG00000077402,Gm25418,0,0,0,0,0,0,0,0,0,0,0,0
ENSMUSG00000024614,Tmx3,1647,1699,1379,1321,1356,1232,1150,1434,1434,1464,1488,1476
ENSMUSG00000097222,1010001N08Rik,0,0,0,0,0,0,0,0,0,0,0,0
ENSMUSG00000117747,Gm50438,0,0,0,1,0,0,0,0,0,1,0,0
ENSMUSG00000110277,Gm45871,87,87,73,68,105,131,95,85,118,94,112,108
ENSMUSG00000109923,Gm20039,0,0,1,2,0,0,0,0,0,1,0,0
ENSMUSG00000117535,Gm50067,0,0,0,0,0,0,1,0,0,0,0,0
ENSMUSG00000041238,Rbbp8,991,1130,895,913,1023,867,730,1043,978,892,871,777
ENSMUSG00000117634,Gm50069,15,8,16,10,25,19,15,13,10,11,19,16
ENSMUSG00000117589,Gm18713,0,0,0,0,0,0,0,0,0,0,0,0
ENSMUSG00000097440,Gm6277,1,7,11,11,12,2,17,24,11,4,14,10
ENSMUSG00000040957,Cables1,67,106,221,201,302,121,261,280,142,117,149,154
ENSMUSG00000084565,Mir1901,0,0,0,0,0,0,0,0,0,0,0,0
ENSMUSG00000117430,Gm49968,1,1,2,2,5,2,3,8,1,1,3,3
ENSMUSG00000049411,Tmem241,37,43,27,32,30,33,44,46,34,25,30,35
ENSMUSG00000024404,Riok3,2277,2556,1925,2013,1596,891,1663,1816,1988,1783,1701,1500
ENSMUSG00000084748,Gm25289,0,0,0,0,0,0,0,0,0,0,0,0
ENSMUSG00000024410,Rmc1,942,1025,833,806,790,519,790,813,773,742,792,797
ENSMUSG00000024413,Npc1,691,687,504,485,579,302,510,658,538,464,633,576
ENSMUSG00000086935,Gm15956,1,3,2,2,2,2,0,3,3,2,5,5
ENSMUSG00000057766,Ankrd29,47,45,40,40,34,22,46,45,35,44,23,41
ENSMUSG00000082051,Gm16072,0,0,0,0,0,0,0,0,0,0,0,0
ENSMUSG00000024421,Lama3,2,7,3,3,4,5,5,1,3,1,4,5
ENSMUSG00000099663,Gm29201,0,0,0,1,1,0,0,0,0,0,0,1
ENSMUSG00000100090,Gm29199,1,2,0,0,4,0,1,2,2,2,1,1
ENSMUSG00000101406,Gm29200,0,0,0,0,0,0,0,0,0,0,0,0
ENSMUSG00002076039,#N/A,0,0,0,0,0,0,0,0,0,0,0,0
ENSMUSG00000024424,Ttc39c,1162,1277,1041,1120,1151,454,1131,1209,1009,893,1162,1142
ENSMUSG00000117418,Gm50063,0,0,0,0,0,1,0,1,0,0,0,1
ENSMUSG00000117573,Gm41668,0,0,0,0,0,0,0,0,0,0,0,0
ENSMUSG00000087950,Mir1948,0,0,2,0,0,0,0,1,0,0,0,0
ENSMUSG00000024430,Cabyr,6,2,12,6,2,2,6,6,5,2,2,4
ENSMUSG00000083332,Gm7599,0,0,0,0,0,0,1,0,0,0,0,0
ENSMUSG00000044252,Osbpl1a,20,25,14,18,19,13,12,20,36,24,30,21
ENSMUSG00000117494,Gm49970,0,0,0,0,0,0,0,0,0,0,0,0
ENSMUSG00000080866,Gm5687,3,4,9,4,4,2,5,6,12,15,6,9
ENSMUSG00000024423,Impact,453,530,458,452,395,303,344,421,398,434,513,410
ENSMUSG00002075789,#N/A,4,5,10,2,2,9,0,4,9,13,2,4
ENSMUSG00000037346,Hrh4,0,0,0,0,0,0,0,0,0,0,0,0
ENSMUSG00000117447,Gm5240,0,0,2,2,1,1,1,1,1,0,0,0
ENSMUSG00000117583,Gm18083,0,0,0,0,0,0,0,0,0,0,0,0
ENSMUSG00000119747,#N/A,0,0,0,0,0,0,0,0,0,0,0,0
ENSMUSG00000117536,Gm41669,0,0,0,0,0,0,0,0,0,0,0,0
ENSMUSG00000117367,Gm50093,1,1,0,1,0,0,2,1,1,2,0,1
ENSMUSG00000117608,AC103362.1,0,0,0,0,0,0,0,0,0,0,0,0
ENSMUSG00000024420,Zfp521,0,0,0,1,0,4,0,0,1,1,0,0
ENSMUSG00000117600,Gm50094,0,0,0,0,0,0,0,0,0,0,0,0
ENSMUSG00000117633,8430422H06Rik,0,0,0,0,0,0,0,0,0,0,0,0
ENSMUSG00000117470,Gm50095,0,0,0,0,0,0,0,0,0,0,0,0
ENSMUSG00000117365,Gm29992,0,0,0,0,0,0,0,0,0,0,0,0
ENSMUSG00000117605,Gm50097,0,0,0,0,0,0,0,0,0,0,0,0
ENSMUSG00000055795,Gm5160,0,0,0,0,0,0,0,0,2,0,0,2
ENSMUSG00000117607,Gm50098,0,0,0,0,0,0,1,0,0,0,0,0
ENSMUSG00000053740,Gm6457,8,8,10,9,7,6,8,12,6,10,5,2
ENSMUSG00000037013,Ss18,3048,3049,2433,2531,2230,1803,2252,2547,2689,2491,2444,2251
ENSMUSG00000094306,Gm24924,0,0,0,1,0,0,0,0,0,0,0,1
ENSMUSG00000036743,Psma8,5,1,2,4,1,0,0,1,2,2,4,5
ENSMUSG00000054321,Taf4b,1469,1714,1409,1574,1133,780,1033,1407,1488,1455,1048,966
ENSMUSG00000117530,Gm21055,0,0,1,0,0,2,0,0,0,1,0,1
ENSMUSG00000117436,Gm9474,0,0,0,0,0,0,0,0,2,0,0,0
ENSMUSG00000036225,Kctd1,132,139,93,135,104,97,111,106,148,93,120,130
ENSMUSG00000117450,4933424G05Rik,1,3,3,2,0,0,0,0,0,1,0,0
ENSMUSG00000071867,Gm6304,0,0,1,0,1,1,0,0,0,0,0,0
ENSMUSG00000117613,Gm2629,2,3,0,0,0,0,0,1,3,1,0,0
ENSMUSG00000117404,Gm50035,0,0,0,0,0,0,0,0,0,0,0,0
ENSMUSG00000117380,E430002N23Rik,0,2,1,0,0,0,0,1,0,0,0,0
ENSMUSG00000117645,A830021F12Rik,0,0,0,0,0,4,0,0,0,0,0,0
ENSMUSG00000024411,Aqp4,0,0,0,0,0,0,0,0,0,0,1,0
ENSMUSG00000047466,8030462N17Rik,1146,1251,979,1024,1132,678,817,1029,1154,991,1121,1015
ENSMUSG00000077593,Gm26014,0,0,0,0,0,0,0,0,0,0,0,0
ENSMUSG00000056682,4930465K10Rik,0,0,0,1,2,2,0,0,1,0,0,0
ENSMUSG00000097666,A330094K24Rik,0,0,0,0,0,0,0,0,0,0,0,0
ENSMUSG00000041840,Haus1,184,183,180,193,244,189,250,248,222,162,270,198
ENSMUSG00000025428,Atp5a1,16270,18275,13347,14297,15709,8107,14033,14705,17488,14999,14997,14128
ENSMUSG00000025429,Pstpip2,0,1,5,7,2,5,4,5,4,4,3,1
ENSMUSG00000073529,F830208F22Rik,0,0,0,0,0,0,0,0,1,0,0,0
ENSMUSG00002075798,#N/A,0,0,0,0,0,0,0,0,0,0,0,0
ENSMUSG00000117547,Gm50072,0,0,0,0,0,0,0,0,0,0,0,0
ENSMUSG00000093774,Vmn1r-ps151,0,0,0,0,0,0,0,0,0,0,0,0
ENSMUSG00000093444,Vmn1r-ps152,0,0,0,0,0,0,0,0,0,0,0,0
ENSMUSG00000117531,Gm50073,0,0,0,0,0,0,0,0,0,0,0,0
ENSMUSG00000091539,Vmn1r238,0,0,0,0,0,0,0,0,0,0,0,0
ENSMUSG00000117353,Gm50074,0,0,0,0,0,0,0,0,0,0,0,0
ENSMUSG00000117464,Gm50075,0,0,0,0,0,0,0,0,0,0,0,0
ENSMUSG00000063889,Crem,313,332,541,542,608,394,793,705,354,295,611,533
ENSMUSG00000097746,Gm6225,28,12,18,24,18,27,3,19,16,14,16,15
ENSMUSG00000024231,Cul2,1652,1794,1444,1438,1482,1244,1393,1567,1617,1477,1532,1509
ENSMUSG00000117370,Gm6235,0,2,0,3,0,0,2,0,1,0,0,0
ENSMUSG00000117389,Gm50088,0,0,0,0,0,0,0,0,0,0,0,0
ENSMUSG00000096528,G430049J08Rik,0,0,0,0,0,0,0,0,0,0,0,0
ENSMUSG00000117469,Gm50089,0,0,0,0,0,0,0,0,0,0,0,0
ENSMUSG00000024232,Bambi,24,19,19,19,20,7,20,18,20,13,25,24
ENSMUSG00000117454,Gm50090,0,0,0,0,0,0,0,0,0,0,0,0
ENSMUSG00000117506,Gm50091,0,0,0,0,0,0,0,0,0,0,0,0
ENSMUSG00002075705,#N/A,0,0,0,0,0,0,0,0,0,0,0,0
ENSMUSG00000117463,Rpl7a-ps6,0,0,2,3,0,1,1,0,0,2,1,1
ENSMUSG00002075179,#N/A,0,0,0,0,0,0,0,0,0,0,0,0
ENSMUSG00000117395,Gm7378,0,0,0,0,0,0,0,0,0,0,0,0
ENSMUSG00000117565,Gm6248,0,1,0,0,0,0,0,0,0,0,0,0
ENSMUSG00000024233,Lyzl1,0,0,0,0,0,0,0,0,0,0,0,0
ENSMUSG00000073647,Gm10557,48,26,41,38,27,58,21,41,37,46,37,41
ENSMUSG00000117482,Gm7400,2,0,0,2,0,1,0,3,2,2,2,4
ENSMUSG00000024235,Map3k8,1005,1154,840,1025,882,478,741,767,930,1004,739,658
ENSMUSG00000117401,4833419F23Rik,68,123,177,201,123,100,134,163,96,107,58,44
ENSMUSG00000117594,Gm50096,0,0,0,0,0,0,0,0,0,0,0,0
ENSMUSG00000097641,Gm26865,2,0,0,1,1,1,0,0,1,0,1,0
ENSMUSG00000024234,Mtpap,1061,1123,986,922,1001,768,885,966,1053,1038,1073,948
ENSMUSG00000117579,Gm50023,4,3,4,6,7,5,4,11,10,8,7,12
ENSMUSG00000117640,Gm7411,0,0,0,0,1,0,0,0,0,0,0,0
ENSMUSG00000117521,Gm50024,1,1,0,0,0,1,1,0,0,2,0,1
ENSMUSG00000033960,Jcad,1141,1179,910,848,948,575,681,998,700,784,1000,803
ENSMUSG00000117585,Gm5047,5,2,3,1,2,0,1,1,6,3,0,5
ENSMUSG00000097043,Gm10556,0,0,0,0,0,0,0,0,0,0,0,0
ENSMUSG00000024236,Svil,1674,1704,1297,1155,1349,925,977,1476,1437,1383,1337,1197
ENSMUSG00000097888,Gm26682,0,0,1,0,0,0,0,0,0,0,0,0
ENSMUSG00000050945,Zfp438,95,125,95,68,131,113,60,99,106,86,144,116
ENSMUSG00000117520,Gm50064,0,0,0,0,0,0,0,0,0,0,0,0
ENSMUSG00000117617,Gm50065,0,0,0,0,0,0,0,0,0,0,0,0
ENSMUSG00000097926,Gm26575,0,0,0,1,0,1,0,0,0,3,2,0
ENSMUSG00000103138,Gm2238,4,0,1,3,1,0,1,1,2,1,3,3
ENSMUSG00000024238,Zeb1,1244,1430,1237,1208,1047,937,900,1285,1019,1048,982,888
ENSMUSG00000090078,Gm16147,0,0,0,0,0,0,0,0,0,0,0,0
ENSMUSG00002076906,#N/A,0,0,0,0,0,0,0,0,0,0,0,0
ENSMUSG00000117508,Gm34804,0,0,0,0,0,0,0,0,0,0,0,0
ENSMUSG00000117548,Gm41662,3,1,0,1,0,0,0,0,0,0,0,0
ENSMUSG00000006740,Kif5b,5299,5612,4404,4450,3972,3724,3309,4624,4252,4457,4509,4022
ENSMUSG00000091165,Gm17036,0,0,0,0,2,2,0,0,2,0,1,0
ENSMUSG00000117519,Gm41664,1,0,0,0,1,0,0,1,1,1,2,1
ENSMUSG00000073640,Rpl27-ps3,0,4,0,2,0,29,3,3,0,0,1,0
ENSMUSG00000117387,Gm49986,0,0,0,0,0,0,0,0,0,0,0,0
ENSMUSG00000095614,Gm6291,1,0,1,0,1,1,0,1,0,0,0,3
ENSMUSG00000024240,Epc1,1563,1542,1211,1294,1205,1033,1132,1295,1398,1388,1192,1037
ENSMUSG00000101320,Gm28529,12,14,16,8,18,3,9,15,15,17,15,11
ENSMUSG00000084514,Mir1893,0,0,0,0,0,0,0,0,0,0,0,0
ENSMUSG00000117425,Gm7464,0,0,0,0,0,2,0,0,0,0,0,0
ENSMUSG00000039540,4921524L21Rik,0,0,0,0,0,0,0,0,0,0,0,0
ENSMUSG00000117620,Gm50077,0,0,0,0,0,0,0,0,0,0,0,0
ENSMUSG00000073639,Rab18,1284,1346,1209,1169,1069,956,1168,1262,1266,1124,1181,1026
ENSMUSG00000117359,Gm7466,6,4,5,14,2,0,2,2,9,5,0,2
ENSMUSG00000117461,Gm50081,0,0,0,0,0,0,0,0,0,0,0,0
ENSMUSG00000117652,Gm2350,0,0,0,0,0,0,0,0,0,0,0,0
ENSMUSG00000061013,Mkx,0,0,0,0,1,1,0,0,0,0,0,0
ENSMUSG00000117356,Gm46633,0,0,0,0,0,0,0,0,0,0,0,0
ENSMUSG00000117381,Gm10350,0,0,0,0,0,0,0,0,0,0,0,0
ENSMUSG00000061802,Armc4,0,0,0,0,0,1,0,0,0,0,0,0
ENSMUSG00000117360,Gm18581,0,0,0,0,0,0,0,0,0,0,0,0
ENSMUSG00000117383,4930415O11Rik,0,0,0,0,0,0,0,0,0,0,0,0
ENSMUSG00000057440,Mpp7,133,128,156,114,148,103,119,150,115,111,165,140
ENSMUSG00000117556,Gm18948,0,0,0,0,0,0,1,0,0,0,0,0
ENSMUSG00000094334,Fabp5l2,0,1,0,0,0,0,0,0,0,0,0,0
ENSMUSG00000117542,Gm18763,2,0,0,1,1,0,2,3,1,1,0,1
ENSMUSG00000064822,Gm24292,0,0,0,0,0,0,0,0,0,0,0,0
ENSMUSG00000117462,Gm50027,0,0,0,0,0,0,0,0,0,0,0,0
ENSMUSG00000117505,Gm9993,9,15,16,10,16,2,4,6,9,12,15,10
ENSMUSG00000024283,Wac,2027,2175,1633,1723,1714,1865,1420,1851,1825,1685,1863,1551
ENSMUSG00000091019,Gm7502,0,1,0,0,0,0,0,1,1,0,3,0
ENSMUSG00000117428,Gm4833,11,11,3,5,2,1,7,3,15,5,2,2
ENSMUSG00000117490,Gm35031,0,0,0,0,0,1,0,0,0,0,0,0
ENSMUSG00000117385,Gm20147,0,2,0,0,1,0,2,1,0,1,0,0
ENSMUSG00000117484,Gm5500,12,10,8,11,13,9,5,11,4,7,13,5
ENSMUSG00000117424,Gm35232,0,0,0,0,0,0,0,0,0,0,0,0
ENSMUSG00000092097,Gm5819,0,0,0,0,0,0,0,1,0,0,0,0
ENSMUSG00002076391,#N/A,0,0,0,0,0,0,0,0,0,0,0,0
ENSMUSG00000103172,Gm37148,0,0,0,0,0,0,0,0,0,0,0,0
ENSMUSG00000117549,Gm7523,0,0,0,0,0,0,0,0,0,0,0,0
ENSMUSG00000117483,Gm18526,0,0,0,0,0,0,0,0,0,0,0,0
ENSMUSG00000036904,Fzd8,0,0,0,0,0,0,0,0,0,0,1,0
ENSMUSG00000036855,Gjd4,0,0,0,0,0,0,0,0,0,0,0,0
ENSMUSG00000117644,Gm50053,0,0,0,0,0,0,0,0,0,0,0,0
ENSMUSG00000024286,Ccny,2964,3251,2365,2359,2417,1810,1936,2382,3007,2626,2506,2246
ENSMUSG00000117448,Gm50055,2,2,1,0,0,3,0,0,2,0,1,2
ENSMUSG00000117503,Gm7527,2,1,0,0,1,0,4,2,5,2,1,4
ENSMUSG00000117435,Gm7532,0,0,0,0,0,0,0,0,0,0,0,0
ENSMUSG00000117349,Gm7274,0,0,0,0,0,0,0,0,0,0,0,0
ENSMUSG00000117641,Gm46641,0,0,0,0,0,0,0,0,0,0,0,0
ENSMUSG00002076359,#N/A,0,0,0,0,0,0,0,0,0,0,0,0
ENSMUSG00000050996,Cetn1,0,0,0,0,0,0,0,0,0,0,0,0
ENSMUSG00000117402,Gm4834,0,0,0,0,0,0,0,1,0,0,0,0
ENSMUSG00000036103,Colec12,0,0,0,0,0,0,0,0,0,0,0,0
ENSMUSG00000117390,Gm50080,0,0,0,0,0,0,0,0,0,0,0,0
ENSMUSG00000117597,Gm50078,0,0,0,0,0,0,0,0,0,0,0,0
ENSMUSG00000091285,Gm17430,0,3,4,3,2,0,0,1,5,5,2,2
ENSMUSG00000098235,Gm7497,11,14,3,12,3,2,13,8,6,7,0,7
ENSMUSG00000089054,Gm23350,0,0,0,0,0,0,0,0,0,0,0,0
ENSMUSG00000117619,Gm50079,0,0,0,0,0,0,0,0,0,0,0,0
ENSMUSG00002076222,#N/A,0,0,0,0,0,1,0,0,0,0,0,0
ENSMUSG00000117453,Gm2424,0,1,0,0,1,2,0,0,0,0,0,0
ENSMUSG00000092039,Gm5501,0,0,0,0,0,0,0,0,0,0,0,0
ENSMUSG00000024287,Thoc1,2680,2886,2278,2219,2239,2241,2143,2532,2380,2432,2235,2097
ENSMUSG00000047879,Usp14,2383,2714,2051,2084,2374,1751,2315,2242,2427,2255,2392,2418
ENSMUSG00000024290,Rock1,3544,3590,2796,2858,2689,3669,2416,3123,2635,3190,3304,2858
ENSMUSG00000058567,Gm2531,1,0,0,2,1,2,1,1,0,1,0,1
ENSMUSG00000095616,Gm26244,0,0,2,0,1,0,2,0,0,0,0,0
ENSMUSG00000117510,Gm50032,0,0,0,0,0,0,0,0,0,0,0,0
ENSMUSG00000117512,Gm7156,0,0,0,0,0,0,0,0,0,1,0,0
ENSMUSG00000117492,Gm19052,0,0,0,0,0,3,0,0,0,0,0,0
ENSMUSG00000117552,Gm5686,10,7,0,7,3,3,2,2,5,5,7,2
ENSMUSG00000117363,Gm50033,0,0,0,0,0,0,0,0,0,0,0,0
ENSMUSG00000042942,Greb1l,1,0,0,0,0,3,0,0,1,0,0,1
ENSMUSG00002076537,#N/A,0,0,0,0,0,0,0,0,0,0,0,0
ENSMUSG00000094111,Nutf2-ps2,0,0,0,0,0,0,0,0,0,0,0,0
ENSMUSG00002075008,#N/A,0,0,0,0,0,0,0,0,0,0,0,1
ENSMUSG00000024293,Esco1,963,1099,716,749,641,659,462,772,792,931,800,723
ENSMUSG00000002477,Snrpd1,2296,2363,1982,2194,2610,4273,2457,2723,2410,2299,2767,2327
ENSMUSG00000002475,Abhd3,2,4,0,0,0,1,0,0,1,0,1,0
ENSMUSG00000097387,4930563E18Rik,0,0,0,0,0,0,0,0,1,0,0,0
ENSMUSG00000024294,Mib1,2610,2366,2148,1935,1849,1289,1368,1993,2237,2098,1899,1812
ENSMUSG00000087816,Gm25116,0,0,0,0,0,0,0,0,0,0,0,0
ENSMUSG00000095438,Mir133a-1hg,0,0,0,0,0,0,0,0,0,0,0,0
ENSMUSG00000065399,Mir133a-1,0,0,0,0,0,0,0,0,0,0,0,0
ENSMUSG00000080662,Mir1b,0,0,3,0,0,0,0,0,0,0,0,0
ENSMUSG00000106348,Mir1a-2,0,0,0,0,0,0,0,0,0,0,0,0
ENSMUSG00000117593,Gm18764,0,0,0,0,0,0,0,0,0,0,0,0
ENSMUSG00000117563,Gm7575,0,0,0,1,0,2,1,2,0,0,0,1
ENSMUSG00000005836,Gata6,0,0,0,1,0,4,0,0,0,0,0,0
ENSMUSG00000117456,Gm49976,0,0,0,0,0,0,0,1,0,0,0,0
ENSMUSG00002076202,#N/A,0,0,0,0,0,0,0,0,0,0,0,0
ENSMUSG00000077223,Gm22271,0,0,0,0,0,0,0,0,0,0,0,0
ENSMUSG00000118155,Gm50136,0,0,0,0,0,0,0,0,0,0,0,0
ENSMUSG00000044387,2410080I02Rik,0,0,0,0,1,1,0,0,1,1,0,0
ENSMUSG00000033863,Klf9,674,711,511,482,390,282,405,396,542,535,417,371
ENSMUSG00000080626,Mir1192,0,1,0,0,0,0,0,0,0,1,0,0
ENSMUSG00000006456,Rbm14,1850,1760,1284,1392,1929,839,1385,1569,1752,1550,1773,1829
ENSMUSG00000095913,Gm21844,0,0,0,0,0,0,0,0,1,0,1,0
ENSMUSG00000025075,Habp2,0,0,0,0,0,0,0,0,0,0,0,0
ENSMUSG00000034108,Ccs,202,206,166,209,222,80,198,233,214,196,221,208
ENSMUSG00000067872,Ccdc87,2,3,1,0,0,0,0,0,0,0,0,0
ENSMUSG00000083282,Ctsf,25,42,19,17,10,2,12,9,14,18,9,3
ENSMUSG00000006457,Actn3,18,26,23,27,19,13,13,19,27,21,11,12
ENSMUSG00000024943,Smc5,1528,1572,1346,1372,1320,1347,1051,1500,1193,1294,1519,1319
ENSMUSG00000117837,Gm41821,0,0,0,0,0,0,0,0,0,0,1,0
ENSMUSG00000118919,#N/A,0,0,0,0,0,0,0,0,0,0,0,0
ENSMUSG00000006463,Zdhhc24,108,105,83,96,128,57,70,71,121,79,136,130
ENSMUSG00000033207,Mamdc2,7,11,15,15,6,4,8,15,5,6,12,5
ENSMUSG00000118092,Gm50445,0,0,0,0,0,0,0,0,0,0,0,0
ENSMUSG00000117850,Gm50443,0,0,1,0,0,0,0,0,0,0,0,0
ENSMUSG00000033053,1700028P14Rik,0,0,0,0,0,0,0,0,0,0,0,0
ENSMUSG00000117944,Gm50422,13,2,2,0,0,3,0,0,4,7,2,2
ENSMUSG00000044424,Gm9493,13,9,3,9,8,3,13,6,14,11,1,11
ENSMUSG00000088027,Gm22144,0,0,0,0,0,0,0,0,0,0,0,0
ENSMUSG00000098010,Gm21542,3,1,1,1,0,0,0,0,0,1,1,0
ENSMUSG00000051255,Gm6563,16,10,21,13,23,8,24,15,24,20,25,26
ENSMUSG00000074925,Ptar1,1248,1320,1225,1110,1187,990,630,1140,1209,1178,1296,1240
ENSMUSG00000117685,Gm50299,0,0,0,0,0,1,0,0,0,0,0,0
ENSMUSG00000006464,Bbs1,27,19,15,15,13,4,20,26,13,17,12,6
ENSMUSG00002074886,#N/A,0,0,0,0,0,0,0,0,0,0,0,0
ENSMUSG00000024897,Apba1,5,3,3,1,11,11,2,3,4,1,1,2
ENSMUSG00000118287,Gm50300,0,0,0,0,0,0,0,0,0,0,0,0
ENSMUSG00000118340,Gm50301,0,0,0,0,0,0,0,0,0,0,0,0
ENSMUSG00000071604,Fam189a2,0,0,0,0,0,0,0,0,0,0,0,0
ENSMUSG00000117820,Gm50305,0,0,0,0,0,0,0,1,0,0,0,0
ENSMUSG00000096796,1700021P04Rik,0,0,0,0,0,0,0,0,0,0,0,0
ENSMUSG00000063904,Dpp3,2656,3001,2289,2362,2313,750,1965,2184,2619,2365,2284,2242
ENSMUSG00000024812,Tjp2,1510,1630,1276,1358,1157,725,1100,1336,1488,1344,730,708
ENSMUSG00000118277,Gm50310,0,0,0,0,0,0,0,0,0,0,0,0
ENSMUSG00000118371,Gm50308,0,0,0,0,0,0,0,0,0,0,0,0
ENSMUSG00000024901,Peli3,5,10,6,4,5,3,4,7,8,5,6,3
ENSMUSG00000059363,Fxn,189,180,173,208,212,122,196,212,172,192,226,178
ENSMUSG00000082107,Gm16216,0,0,0,0,0,0,0,0,0,0,0,0
ENSMUSG00000024902,Mrpl11,919,1024,786,925,936,402,953,926,1095,866,904,822
ENSMUSG00000045903,Npas4,149,151,32,34,37,16,27,29,98,77,82,57
ENSMUSG00000118364,AC124502.1,55,48,6,9,7,6,2,7,20,15,42,23
ENSMUSG00000117723,Gm50382,0,0,0,0,0,0,0,0,0,0,0,0
ENSMUSG00000024867,Pip5k1b,30,43,24,33,28,20,24,34,30,15,19,18
ENSMUSG00000085003,Pip5k1bos,0,0,0,0,0,0,0,0,0,1,0,0
ENSMUSG00000074922,Fam122a,387,438,305,335,299,247,297,325,404,414,316,288
ENSMUSG00000117979,Gm50341,0,0,0,0,0,0,0,0,0,0,4,0
ENSMUSG00000048572,Tmem252,0,0,0,0,0,0,0,0,0,0,0,0
ENSMUSG00000041731,Pgm5,0,0,0,0,1,2,1,0,0,0,0,0
ENSMUSG00000097950,Gm17800,3,6,1,4,4,0,6,1,2,4,1,2
ENSMUSG00000117934,Gm50342,0,0,0,0,0,0,0,0,0,0,0,0
ENSMUSG00000058927,Gm10053,1,0,0,0,0,0,0,1,0,0,0,0
ENSMUSG00000051490,Foxd4,0,0,0,0,0,0,0,2,0,0,0,0
ENSMUSG00000049134,Nrap,0,1,0,0,0,1,0,0,0,0,0,1
ENSMUSG00000024891,Slc29a2,355,432,274,303,264,133,202,263,336,336,354,363
ENSMUSG00000090990,Gm17197,0,0,0,0,0,0,0,0,0,0,0,0
ENSMUSG00000047379,B4gat1,8,1,5,4,4,6,8,7,7,6,7,3
ENSMUSG00000024878,Cbwd1,642,766,600,628,621,506,563,670,649,578,541,554
ENSMUSG00000117789,Gm50388,1,2,0,0,0,0,0,0,0,0,0,0
ENSMUSG00000119558,#N/A,0,0,0,0,0,0,0,0,0,0,0,0
ENSMUSG00002075381,#N/A,0,0,0,0,0,0,0,0,0,0,0,0
ENSMUSG00000025076,Casp7,161,177,136,127,132,92,159,180,147,139,156,145
ENSMUSG00000080268,Brms1,7,5,7,9,6,5,4,2,7,10,7,10
ENSMUSG00000052085,Dock8,2863,3111,1992,1998,1922,1224,1539,2163,2378,2300,2669,2346
ENSMUSG00000024883,Rin1,33,54,47,40,27,15,28,48,50,49,32,27
ENSMUSG00000065634,Gm24252,0,0,0,0,0,0,0,0,0,0,0,0
ENSMUSG00000056481,Cd248,0,0,0,0,0,3,0,0,0,0,0,0
ENSMUSG00000061451,Tmem151a,9,1,2,4,2,2,5,2,6,2,0,1
ENSMUSG00000117893,Gm46658,0,0,0,0,0,0,0,0,0,0,0,0
ENSMUSG00000032702,Kank1,0,0,1,0,0,0,0,0,0,0,0,0
ENSMUSG00000118238,Gm34432,0,1,1,0,0,0,0,0,2,1,0,1
ENSMUSG00000064843,Gm26207,0,0,0,0,0,0,0,0,0,0,0,0
ENSMUSG00000117720,Gm5249,1,2,0,0,3,1,0,0,2,1,1,1
ENSMUSG00000024837,Dmrt1,0,0,0,0,0,4,0,0,1,0,0,0
ENSMUSG00000042372,Dmrt3,0,0,0,0,0,0,0,0,0,0,0,0
ENSMUSG00000101089,2610016A17Rik,0,0,0,0,0,0,0,0,0,0,0,0
ENSMUSG00000048138,Dmrt2,3,0,2,4,0,2,3,0,1,7,5,2
ENSMUSG00000098105,Gm8825,2,4,2,2,2,0,3,6,1,4,2,1
ENSMUSG00000118016,1700048O14Rik,0,0,0,0,0,0,0,0,0,0,0,0
ENSMUSG00000117950,Gm50376,0,0,0,0,0,0,0,0,0,0,0,0
ENSMUSG00000084589,Gm25176,0,0,0,0,0,0,0,0,0,0,0,0
ENSMUSG00000024875,Yif1a,557,680,463,496,460,187,434,463,608,531,482,495
ENSMUSG00000118005,Gm50377,0,0,0,0,0,0,0,0,0,0,0,0
ENSMUSG00000117707,Gm50378,0,0,0,0,0,0,0,0,0,0,0,0
ENSMUSG00000118001,Gm34808,0,0,0,0,0,1,0,0,0,0,0,0
ENSMUSG00000117803,Gm50379,0,0,0,0,0,0,0,0,0,0,0,0
ENSMUSG00000025078,Nhlrc2,1513,1662,1451,1380,1379,749,1126,1414,1576,1424,1449,1310
ENSMUSG00000114682,Gm48775,0,0,0,0,0,0,0,0,0,0,0,0
ENSMUSG00000117890,Gm32441,0,0,0,0,0,0,0,0,0,0,0,0
ENSMUSG00000117859,Gm32492,0,0,0,0,0,0,0,0,0,0,0,0
ENSMUSG00000035283,Adrb1,0,1,2,1,0,2,0,1,3,0,1,0
ENSMUSG00000024873,Cnih2,174,204,147,161,119,28,131,107,189,155,121,112
ENSMUSG00000117696,Gm50100,0,0,0,0,0,0,0,0,0,0,0,0
ENSMUSG00000067063,Gm6990,0,0,0,0,0,0,0,0,0,0,0,0
ENSMUSG00000035173,Ccdc186,448,501,420,401,337,354,263,378,379,322,317,336
ENSMUSG00000024870,Rab1b,2421,2727,1690,1919,1811,590,1938,1984,2334,2049,1890,1754
ENSMUSG00000024862,Klc2,783,755,480,560,543,196,426,574,736,597,579,524
ENSMUSG00000117710,Gm10817,5,6,2,2,2,1,0,2,6,6,3,3
ENSMUSG00000117729,Gm5242,0,3,3,1,3,1,2,1,3,6,2,1
ENSMUSG00000024855,Pacs1,918,1048,688,753,835,346,692,813,1019,929,973,839
ENSMUSG00002076406,#N/A,0,0,0,0,3,3,0,0,0,1,0,1
ENSMUSG00000118104,Gm50189,0,0,0,0,0,0,0,0,0,0,0,0
ENSMUSG00000024853,Sf3b2,6653,6638,5109,5330,5829,3684,5026,6189,6485,5823,6860,6040
ENSMUSG00000118243,Gm50203,5,0,3,0,1,2,7,1,3,1,2,4
ENSMUSG00000047658,Gal3st3,0,1,2,1,1,7,0,0,0,0,0,0
ENSMUSG00000118263,Gm42064,4,0,2,4,1,0,1,0,1,1,2,1
ENSMUSG00000118009,Gm50208,0,0,0,0,0,0,0,0,0,0,0,0
ENSMUSG00000117807,Gm7074,1,1,0,1,0,1,1,0,0,0,1,1
ENSMUSG00000038498,Catsper1,0,0,0,0,0,0,0,0,0,0,0,0
ENSMUSG00000024846,Cst6,47,48,12,24,46,14,21,24,56,60,28,30
ENSMUSG00000118610,AC122861.1,0,1,0,1,0,0,2,0,0,0,0,0
ENSMUSG00000025081,Tdrd1,0,1,4,7,0,1,1,1,1,1,0,1
ENSMUSG00000024844,Banf1,2841,2945,2505,2761,2922,1302,3023,2856,3193,2619,2833,2893
ENSMUSG00000024841,Eif1ad,2408,2634,2234,2249,2231,1068,2201,2237,2482,2198,2275,2047
ENSMUSG00000025082,Vwa2,1,1,0,0,0,0,0,0,0,0,0,0
ENSMUSG00000039148,Sart1,4201,4101,3183,3341,3182,2120,2866,3511,4053,3520,3594,3350
ENSMUSG00000117959,D330050I16Rik,78,75,58,44,73,39,59,73,122,70,66,69
ENSMUSG00000039330,Tsga10ip,0,1,0,0,1,1,0,3,0,1,0,0
ENSMUSG00000086938,4930481A15Rik,14,8,8,7,9,16,9,8,4,4,20,11
ENSMUSG00000051133,Gm6293,0,0,1,0,0,0,0,0,0,0,0,0
ENSMUSG00000024914,Drap1,1663,1707,1275,1403,1488,835,1678,1597,1742,1556,1601,1542
ENSMUSG00000047423,AI837181,481,538,352,380,402,88,428,383,427,394,366,357
ENSMUSG00002076078,#N/A,0,0,0,0,0,0,0,0,0,0,0,0
ENSMUSG00000117771,Gm25432,17,17,9,12,16,12,8,11,20,17,17,20
ENSMUSG00000117845,Gm31070,0,1,0,0,0,0,0,1,1,0,0,2
ENSMUSG00000024912,Fosl1,878,871,613,656,426,489,536,574,617,479,614,493
ENSMUSG00000095098,Ccdc85b,350,404,307,356,347,88,362,314,512,364,367,347
ENSMUSG00000025083,Afap1l2,4,0,1,3,0,1,0,4,0,0,0,0
ENSMUSG00000024911,Fibp,362,404,300,304,314,141,340,359,314,334,316,305
ENSMUSG00000024910,Ctsw,1882,2322,1395,1554,1378,488,1204,1122,2000,1759,1206,1201
ENSMUSG00000024909,Efemp2,60,66,29,30,19,16,23,34,49,43,36,33
ENSMUSG00000024906,Mus81,424,443,338,320,408,129,275,340,437,360,416,423
ENSMUSG00000117966,1700061A03Rik,0,1,0,0,1,0,0,0,1,0,0,0
ENSMUSG00000056201,Cfl1,10532,11555,8213,8966,10117,7532,9959,10087,11559,9874,10408,9532
ENSMUSG00000056185,Snx32,17,11,7,10,12,8,6,12,14,16,12,20
ENSMUSG00000100937,1700020D05Rik,0,3,1,2,1,1,1,2,1,0,0,3
ENSMUSG00000109695,Gm31166,2,1,3,1,2,1,2,5,3,2,4,5
ENSMUSG00000024922,Ovol1,1,2,1,1,2,1,5,0,1,1,2,1
ENSMUSG00000117861,1810058N15Rik,0,0,0,0,0,0,0,0,0,0,0,0
ENSMUSG00000049562,Ap5b1,237,229,159,148,158,46,130,177,203,196,173,195
ENSMUSG00000024925,Rnaseh2c,241,291,317,346,545,126,377,371,261,225,395,386
ENSMUSG00000024921,Smarca2,239,260,223,230,250,223,211,250,249,264,306,242
ENSMUSG00000093628,Gm20616,0,0,0,0,0,0,0,0,0,0,0,0
ENSMUSG00000093772,4931403E22Rik,0,0,1,0,0,0,0,0,0,0,0,0
ENSMUSG00000118331,Gm18380,0,0,0,0,0,0,0,0,0,0,0,0
ENSMUSG00000074913,Gm815,0,0,0,0,0,0,0,0,0,0,0,0
ENSMUSG00000118313,Gm50121,0,0,0,0,0,0,0,0,0,0,0,0
ENSMUSG00000118209,Gm35438,0,0,0,0,0,0,0,0,0,0,0,0
ENSMUSG00000118020,Gm35438,0,0,0,0,1,1,0,0,1,0,0,0
ENSMUSG00000024926,Kat5,1008,1041,829,867,818,584,784,921,990,832,753,773
ENSMUSG00000024927,Rela,3742,4104,3099,3236,2433,1355,2630,3028,3017,2810,2405,2232
ENSMUSG00000024924,Vldlr,84,82,65,87,45,23,55,58,53,59,37,31
ENSMUSG00000117692,Gm50114,0,0,0,0,0,0,0,0,0,0,0,0
ENSMUSG00000047298,Kcnv2,0,0,0,0,0,0,0,0,1,0,0,0
ENSMUSG00000117752,Gm35554,0,0,0,0,0,0,0,0,0,0,0,0
ENSMUSG00000117705,Gm50113,0,0,0,0,0,0,0,0,0,0,0,0
ENSMUSG00000041360,Pum3,6651,7133,5144,5224,5316,5294,4434,5254,6422,5783,6041,5371
ENSMUSG00000118072,Gm50101,1,0,0,0,0,0,0,0,0,0,0,0
ENSMUSG00000088266,Gm24782,0,0,0,0,0,0,0,0,0,0,0,0
ENSMUSG00000040929,Rfx3,32,22,26,30,25,32,25,30,44,25,57,38
ENSMUSG00000025085,Ablim1,3474,3585,3209,3186,2903,1717,3165,4038,2954,2828,3281,2908
ENSMUSG00000092617,Gm8412,0,0,0,0,0,0,0,0,0,0,0,0
ENSMUSG00000092182,Gm20407,0,0,0,0,0,0,0,0,0,0,0,0
ENSMUSG00000117788,Gm5517,1,1,0,0,2,0,4,1,0,1,2,0
ENSMUSG00000101084,Gm28228,0,0,0,0,0,0,0,0,0,0,0,0
ENSMUSG00000117862,Gm35781,0,0,0,0,0,0,0,0,0,0,1,0
ENSMUSG00000117684,4930449E18Rik,0,0,0,0,0,0,0,0,0,0,0,0
ENSMUSG00000097785,B230217O12Rik,11,17,17,18,16,11,15,26,14,18,27,15
ENSMUSG00000117670,Gm50270,0,0,0,0,0,0,0,0,0,0,0,0
ENSMUSG00000033478,Fam160b1,1043,1127,939,870,834,483,752,970,875,907,919,842
ENSMUSG00000117927,Gm50271,0,0,0,0,0,0,0,0,0,0,0,0
ENSMUSG00000052942,Glis3,2,7,5,1,9,1,5,9,5,6,1,1
ENSMUSG00000089952,4933413C19Rik,0,0,0,0,0,0,0,0,0,0,0,0
ENSMUSG00000025086,Trub1,923,1029,880,869,916,623,755,897,937,878,1024,957
ENSMUSG00000097735,D930032P07Rik,0,0,0,0,0,0,0,0,0,0,0,0
ENSMUSG00000067351,Rps15a-ps2,1,0,0,0,0,0,0,0,0,2,0,0
ENSMUSG00000090737,Gm6788,0,0,2,0,0,2,1,1,0,2,1,0
ENSMUSG00000056917,Sipa1,983,1044,747,733,817,289,709,777,844,788,1064,1034
ENSMUSG00000098069,Gm26942,0,0,0,0,0,0,0,0,0,0,0,0
ENSMUSG00000117655,6720468P15Rik,1,0,0,0,0,0,0,0,0,0,0,0
ENSMUSG00000118178,Gm32932,0,0,0,0,0,0,0,0,0,0,0,0
ENSMUSG00000118248,Gm50279,0,0,0,0,0,0,0,0,0,0,0,0
ENSMUSG00000117770,Gm50285,0,0,0,0,0,0,0,0,0,0,0,0
ENSMUSG00000117978,Gm50286,0,0,0,1,0,0,0,0,1,0,0,0
ENSMUSG00000024935,Slc1a1,12,9,7,13,14,5,9,9,9,7,5,8
ENSMUSG00000089993,Gm5822,8,13,11,12,13,5,25,9,9,12,8,8
ENSMUSG00000054843,Atrnl1,82,92,81,81,66,28,62,77,55,45,50,51
ENSMUSG00000093757,Mir5623,0,0,0,0,0,0,0,0,0,0,0,0
ENSMUSG00000117871,Gm50287,1,4,1,5,3,1,3,4,8,1,5,3
ENSMUSG00000087002,Gm16277,0,0,0,0,0,0,0,0,0,0,0,0
ENSMUSG00000064202,4430402I18Rik,6,8,3,5,4,3,6,3,8,1,3,2
ENSMUSG00000040105,Plpp6,202,271,243,253,243,136,224,244,240,268,173,178
ENSMUSG00000118165,Gm3621,0,0,0,0,0,0,0,1,0,0,2,0
ENSMUSG00000025089,Gfra1,57,82,50,67,59,25,61,80,41,44,27,20
ENSMUSG00000118253,Gm50185,0,0,0,0,0,0,0,0,0,0,0,0
ENSMUSG00000025090,Ccdc172,0,0,0,0,0,0,0,0,0,0,0,0
ENSMUSG00000100001,1810007D17Rik,0,0,0,0,0,0,0,0,0,1,0,0
ENSMUSG00000046008,Pnlip,0,0,0,0,1,0,0,0,0,0,0,0
ENSMUSG00000118223,1810035K13Rik,0,0,0,0,0,0,0,0,0,0,0,0
ENSMUSG00000101088,1810018F18Rik,0,0,0,0,2,5,1,0,0,0,0,0
ENSMUSG00000024780,Cdc37l1,1520,1448,1155,1231,1387,1017,891,1190,1397,1290,1473,1334
ENSMUSG00000042179,Pnliprp1,0,0,0,0,0,0,0,0,0,0,0,0
ENSMUSG00000054874,Pcnx3,2622,2645,2041,2054,1987,600,1450,2113,2198,2214,2061,2057
ENSMUSG00000063754,Gm10136,7,5,8,4,5,3,4,4,5,10,2,6
ENSMUSG00000025091,Pnliprp2,1,1,0,0,0,2,0,0,1,1,0,0
ENSMUSG00000024782,Ak3,1258,1480,1202,1329,1282,725,1167,1292,1279,1122,995,1005
ENSMUSG00000100075,1700018L02Rik,2,3,3,1,2,2,5,2,2,5,0,1
ENSMUSG00000098568,Mir6987,0,0,0,0,0,0,0,0,0,2,0,0
ENSMUSG00000118038,Gm9895,9,18,10,10,11,3,6,10,9,5,7,3
ENSMUSG00000118320,Gm50425,0,0,0,0,0,0,0,0,0,0,0,0
ENSMUSG00000026931,1700019N19Rik,0,0,0,0,0,4,0,0,0,0,0,1
ENSMUSG00002076056,#N/A,0,0,0,0,0,0,0,0,0,0,0,0
ENSMUSG00000091410,Gm17150,0,1,1,1,1,0,2,0,3,2,0,1
ENSMUSG00000024785,Rcl1,3959,4887,3416,3850,3309,1621,3230,3467,4065,3776,2849,2865
ENSMUSG00000004054,Map3k11,3746,3825,2473,2489,2139,775,2042,2403,3206,2772,2089,2018
ENSMUSG00000065556,Mir101b,1,0,1,0,0,0,0,0,0,0,0,0
ENSMUSG00000118077,Gm50315,7,6,3,5,8,1,4,5,7,6,5,3
ENSMUSG00000068466,Gm5518,1,2,2,0,2,0,0,1,1,2,3,0
ENSMUSG00000024936,Kcnk7,34,39,27,39,17,10,40,34,22,25,11,19
ENSMUSG00000025092,Hspa12a,2,1,3,0,6,5,1,5,2,1,2,1
ENSMUSG00000092813,Mir3086,0,0,0,0,0,0,0,0,0,0,0,0
ENSMUSG00000048029,Eno4,1,0,1,2,0,0,0,1,2,0,1,2
ENSMUSG00000024789,Jak2,18820,20492,18699,19940,14639,12615,11333,16206,15674,15702,10770,10031
ENSMUSG00000050957,Insl6,177,236,235,269,127,67,217,172,160,158,71,68
ENSMUSG00000039097,Rln1,0,1,0,0,0,0,1,0,0,0,0,0
ENSMUSG00000041362,Shtn1,196,190,197,192,289,233,146,198,202,146,119,94
ENSMUSG00000118377,Gm9276,5,1,1,1,1,0,1,1,0,2,4,7
ENSMUSG00000006270,Vax1,0,0,2,0,0,1,0,0,0,0,1,0
ENSMUSG00000117834,Gm50429,0,3,2,2,3,0,5,0,0,0,1,1
ENSMUSG00000040901,Kcnk18,0,0,0,0,0,0,0,0,0,0,0,0
ENSMUSG00000101630,Gm29261,0,0,1,0,0,0,0,0,0,0,0,0
ENSMUSG00000016495,Plgrkt,979,1035,749,778,899,472,740,751,1029,952,818,758
ENSMUSG00000025094,Slc18a2,2,4,15,14,8,6,12,15,4,7,3,4
ENSMUSG00000016496,Cd274,5917,6824,4983,4819,3247,2959,3722,4443,5182,4888,3563,3337
ENSMUSG00000117964,Gm36043,3,2,0,1,2,0,2,3,6,4,1,2
ENSMUSG00000074746,Pdzd8,2990,3138,2373,2302,2165,1834,1618,2495,2599,2596,2329,2158
ENSMUSG00000067038,Rps12-ps3,0,0,0,0,0,0,0,1,0,0,0,0
ENSMUSG00000118276,Gm50440,0,0,0,0,0,0,0,0,0,0,0,0
ENSMUSG00000110210,Gm33756,0,0,0,0,0,0,0,0,0,0,0,0
ENSMUSG00000087095,Emx2os,0,0,0,0,0,1,0,0,0,0,0,0
ENSMUSG00000043969,Emx2,0,0,0,0,0,4,0,0,0,0,0,0
ENSMUSG00000100119,2700089I24Rik,0,0,0,0,0,0,0,0,0,0,0,0
ENSMUSG00000118118,Gm18161,0,0,0,0,0,0,0,0,0,0,0,0
ENSMUSG00000016498,Pdcd1lg2,809,813,647,675,698,359,616,537,695,572,496,467
ENSMUSG00000118031,Gm19956,0,0,0,0,0,0,0,0,0,0,0,0
ENSMUSG00000118190,Gm50411,0,0,0,0,0,0,0,0,0,0,0,0
ENSMUSG00000090965,Gm17203,6,3,2,2,4,0,1,3,3,0,5,2
ENSMUSG00000097855,A930007I19Rik,12,17,14,11,11,8,12,11,21,13,14,7
ENSMUSG00000040022,Rab11fip2,226,180,184,159,155,152,120,161,208,195,210,191
ENSMUSG00000091378,Gm4219,0,2,0,1,0,0,0,1,0,1,0,0
ENSMUSG00000118291,Csf1r-ps,0,0,0,0,0,0,0,0,0,0,0,0
ENSMUSG00000118166,Gm50296,1,0,0,0,0,0,0,0,0,0,0,0
ENSMUSG00000053117,E330013P04Rik,0,0,0,0,0,0,0,0,0,0,0,0
ENSMUSG00000057858,Fam204a,583,670,534,536,499,422,439,561,620,583,599,545
ENSMUSG00000043623,4933412A08Rik,6,2,1,2,1,3,2,0,1,1,1,0
ENSMUSG00000099678,Gm28351,0,0,0,0,0,0,0,0,0,0,0,0
ENSMUSG00000045052,Prlhr,0,0,0,0,0,0,0,0,0,0,0,0
ENSMUSG00000024937,Ehbp1l1,537,551,411,437,336,152,327,460,456,450,518,427
ENSMUSG00000089766,Gm16538,3,2,1,2,2,0,1,1,4,1,0,1
ENSMUSG00000024939,Fam89b,0,0,1,2,1,1,1,0,0,0,0,0
ENSMUSG00000118125,Gm50387,52,35,36,46,55,23,45,51,36,34,40,53
ENSMUSG00000038658,Ric1,1653,1523,1351,1255,1353,966,886,1295,1323,1217,1242,1085
ENSMUSG00000079478,Znrd2,32,27,35,32,45,23,21,20,21,22,26,18
ENSMUSG00000033417,Cacul1,1593,1612,1288,1313,1141,671,1112,1389,1475,1468,1124,1062
ENSMUSG00002075851,#N/A,2,0,1,0,1,0,4,1,5,5,2,0
ENSMUSG00000117790,Gm46652,0,0,0,0,0,0,0,0,0,0,0,0
ENSMUSG00000072437,Nanos1,100,92,75,80,122,50,96,100,122,91,81,100
ENSMUSG00000024991,Eif3a,25005,25475,18904,19850,19831,24517,14873,20205,20283,21843,25104,20700
ENSMUSG00000118735,#N/A,0,0,0,0,0,0,0,0,0,0,0,0
ENSMUSG00002075991,#N/A,0,0,0,0,0,0,1,0,0,0,0,0
ENSMUSG00002075125,#N/A,0,1,0,0,0,2,1,0,1,2,0,0
ENSMUSG00000046324,Ermp1,1377,1526,1312,1261,1542,1080,959,1320,1347,1201,1469,1330
ENSMUSG00000024806,Mlana,0,1,0,3,1,2,0,2,1,0,0,0
ENSMUSG00000024940,Ltbp3,99,114,53,55,49,34,44,62,62,60,66,45
ENSMUSG00000024993,Fam45a,328,351,247,271,292,216,230,265,312,295,287,282
ENSMUSG00000046138,9930021J03Rik,1499,1519,1304,1241,1317,1369,981,1404,1212,1293,1385,1187
ENSMUSG00000118251,Gm50373,0,0,0,0,0,0,1,0,1,0,0,2
ENSMUSG00000083036,Gm15959,0,0,0,0,0,0,0,0,0,0,0,0
ENSMUSG00000074909,Ranbp6,441,465,351,356,291,203,262,353,315,356,325,283
ENSMUSG00000117883,Gm50380,0,0,0,0,0,0,0,0,0,0,0,0
ENSMUSG00000063698,Sfxn4,6,8,5,3,6,4,4,1,5,3,6,15
ENSMUSG00000024997,Prdx3,1948,2554,1908,2024,2275,835,1909,1760,2199,1961,2035,1872
ENSMUSG00000024810,Il33,27,26,40,36,13,14,18,17,17,15,9,4
ENSMUSG00000087937,Gm26046,0,0,0,0,0,0,0,0,0,0,0,0
ENSMUSG00000024815,Trpd52l3,0,0,0,0,0,0,0,0,0,0,0,0
ENSMUSG00000003228,Grk5,245,271,210,246,224,87,161,193,205,220,120,135
ENSMUSG00000096578,Gm9529,0,0,0,0,0,0,0,0,0,0,0,0
ENSMUSG00000088894,Gm22520,0,0,0,0,0,0,0,0,0,0,0,0
ENSMUSG00000074733,Zfp950,237,234,205,180,197,276,165,196,165,218,279,255
ENSMUSG00000070263,Gm22365,0,0,0,0,0,0,0,0,0,0,0,0
ENSMUSG00000118252,Gm5521,3,3,0,1,1,2,2,1,8,2,1,4
ENSMUSG00000094649,Gm7102,0,0,0,0,0,0,0,1,0,0,0,0
ENSMUSG00000069475,Gm6020,3,3,0,0,0,1,1,0,0,0,1,1
ENSMUSG00000024817,Uhrf2,1403,1384,1367,1296,1387,930,1066,1322,1261,1174,1359,1312
ENSMUSG00000024941,Scyl1,1637,1703,1313,1511,1279,581,1307,1575,1487,1272,1310,1193
ENSMUSG00000059326,Csf2ra,208,219,155,189,241,195,214,177,192,184,234,247
ENSMUSG00000117740,Gm4242,0,0,0,0,0,0,0,0,0,0,0,0
ENSMUSG00000117782,Gm18999,0,0,0,0,0,0,0,1,0,0,0,0
ENSMUSG00000117951,Gm50357,0,0,0,0,0,0,0,0,1,0,0,0
ENSMUSG00000095993,Gm21060,0,0,0,0,0,0,0,0,0,0,0,0
ENSMUSG00000118197,Gm20762,30,63,39,52,39,8,41,31,26,32,41,20
ENSMUSG00000024827,Gldc,115,82,96,95,117,70,97,90,68,77,54,58
ENSMUSG00000058607,Rpl31-ps20,7,5,2,2,6,3,2,6,0,5,3,1
ENSMUSG00000024863,Mbl2,0,0,0,0,0,0,0,0,0,0,0,0
ENSMUSG00002075891,#N/A,0,0,0,0,0,0,0,0,0,0,0,0
ENSMUSG00002075253,#N/A,0,0,0,0,0,0,0,0,1,0,0,0
ENSMUSG00000118374,Gm17885,0,0,0,0,0,0,0,0,0,0,0,0
ENSMUSG00000117953,Gm50264,0,1,0,0,0,0,0,0,0,0,0,0
ENSMUSG00000058816,Ppp1r2-ps3,0,0,0,0,0,0,0,0,0,0,0,0
ENSMUSG00000024868,Dkk1,0,0,0,0,0,0,0,0,0,0,0,0
ENSMUSG00000052920,Prkg1,3,3,2,4,0,2,4,1,0,0,1,0
ENSMUSG00002076671,#N/A,0,0,0,0,0,0,0,0,0,0,0,0
ENSMUSG00000053536,Cstf2t,1774,1868,1546,1524,1224,758,1056,1336,1502,1417,1224,1179
ENSMUSG00000118011,Gm50266,0,0,0,0,0,0,0,0,0,0,0,0
ENSMUSG00000052595,A1cf,43,37,31,52,64,46,32,55,46,44,46,47
ENSMUSG00000114443,Gm19241,3,1,7,1,5,0,0,4,2,6,0,2
ENSMUSG00000118366,9130016M20Rik,14,9,12,14,16,22,10,22,12,12,14,14
ENSMUSG00000024887,Asah2,67,71,53,50,72,58,59,67,45,68,72,54
ENSMUSG00000040451,Sgms1,232,242,228,240,216,153,268,320,242,240,240,212
ENSMUSG00000118064,Gm50210,0,0,1,0,1,0,0,0,0,1,0,0
ENSMUSG00000097787,2700046G09Rik,3,1,2,9,12,3,4,2,5,3,5,13
ENSMUSG00000118355,Gm38616,0,0,0,0,0,0,0,0,0,0,0,0
ENSMUSG00000118329,Gm9563,0,0,0,0,0,0,0,1,0,0,0,0
ENSMUSG00000062456,Rpl9-ps6,10,22,13,10,15,43,23,26,7,8,15,5
ENSMUSG00000024896,Minpp1,1198,1402,1037,1144,1113,438,1038,1074,1212,1053,942,880
ENSMUSG00000118106,AC115752.1,95,88,66,85,70,26,79,83,78,87,53,41
ENSMUSG00000118168,Gm36419,0,0,0,0,0,0,0,0,0,0,0,0
ENSMUSG00000024899,Papss2,16,32,25,29,4,6,7,7,13,19,7,8
ENSMUSG00000013662,Atad1,3995,4600,3712,3640,3829,2532,3347,3862,3942,3767,3606,3273
ENSMUSG00000013663,Pten,2195,2213,2009,1878,1720,1424,1380,1815,2018,1961,1493,1467
ENSMUSG00002074891,#N/A,0,0,0,0,0,0,0,0,0,0,0,0
ENSMUSG00000117664,Gm36860,0,0,0,0,0,0,0,0,0,0,0,0
ENSMUSG00000117914,Gm29863,0,0,0,0,0,0,0,0,0,1,0,0
ENSMUSG00000118196,Gm29946,1,2,0,1,0,0,0,0,0,0,0,0
ENSMUSG00000071573,Rnls,1,2,3,2,11,1,3,0,4,5,5,5
ENSMUSG00000106278,Mir3970,0,0,0,0,0,0,0,0,0,0,0,0
ENSMUSG00000087112,Gm7237,0,0,0,0,0,0,0,0,0,0,0,0
ENSMUSG00000118289,Gm19724,0,0,0,0,0,0,0,0,0,0,0,0
ENSMUSG00000086875,Lipo5,0,0,0,0,0,0,0,0,0,0,0,0
ENSMUSG00000079344,Lipo4,0,0,0,0,0,0,0,0,0,0,0,0
ENSMUSG00000118121,Gm50233,0,0,0,0,0,0,0,0,0,0,0,0
ENSMUSG00000024766,Lipo3,185,141,149,113,109,131,165,157,163,168,169,164
ENSMUSG00000118513,AC141640.1,0,0,0,0,0,0,0,0,0,0,0,0
ENSMUSG00002075994,#N/A,0,0,0,0,0,0,0,0,0,0,0,0
ENSMUSG00000086812,Gm8978,0,0,0,0,0,0,0,0,0,0,0,0
ENSMUSG00000118360,Gm19755,0,0,0,0,0,0,0,0,0,0,0,0
ENSMUSG00000117667,Gm18293,0,1,4,0,0,0,0,4,2,1,0,0
ENSMUSG00000085924,Gm8980,0,0,0,0,0,0,0,0,0,0,0,0
ENSMUSG00000087303,Lipo2,0,0,0,0,0,0,0,0,0,0,0,0
ENSMUSG00000079342,Lipo1,0,0,0,0,0,0,0,0,0,0,0,0
ENSMUSG00000037603,Gm5519,0,0,0,0,0,0,0,0,0,0,0,0
ENSMUSG00000085934,Gm8988,0,0,0,0,0,0,0,0,0,0,0,0
ENSMUSG00000117821,Gm50120,0,0,0,0,0,1,0,0,0,0,0,0
ENSMUSG00000065380,Gm23095,0,0,0,0,0,0,0,0,0,0,0,0
ENSMUSG00000024768,Lipf,0,0,0,0,0,0,0,0,0,0,0,0
ENSMUSG00000024771,Lipk,0,0,0,0,0,0,0,0,0,0,0,0
ENSMUSG00000118302,Gm31300,1,2,0,1,0,1,0,0,0,1,0,0
ENSMUSG00000024770,Lipn,0,0,0,0,0,0,0,0,0,0,0,0
ENSMUSG00002075813,#N/A,0,0,0,0,0,0,0,0,0,0,0,0
ENSMUSG00000056078,Lipm,0,0,1,2,3,1,0,2,1,1,0,0
ENSMUSG00000024774,Ankrd22,0,0,0,0,0,0,0,0,0,0,1,1
ENSMUSG00000024776,Stambpl1,473,608,470,526,581,425,509,566,504,474,545,477
ENSMUSG00000035783,Acta2,0,2,4,0,1,0,2,4,1,2,0,1
ENSMUSG00000118066,Gm50239,0,0,0,0,0,0,0,0,0,0,0,0
ENSMUSG00000024778,Fas,562,589,703,784,836,549,728,802,695,633,512,451
ENSMUSG00002075250,#N/A,0,1,1,1,0,0,0,1,1,0,1,0
ENSMUSG00002076079,#N/A,0,0,0,0,0,0,0,0,0,0,0,0
ENSMUSG00000050370,Ch25h,2,1,9,8,12,4,7,7,2,0,2,4
ENSMUSG00000097558,Gm26902,0,0,2,2,4,1,2,3,1,1,0,0
ENSMUSG00000024781,Lipa,142,172,133,126,170,84,173,180,152,160,153,159
ENSMUSG00000118048,Gm50257,0,0,0,0,0,0,0,0,0,0,0,0
ENSMUSG00000045932,Ifit2,162,161,136,137,172,138,175,134,141,163,175,183
ENSMUSG00000074896,Ifit3,0,4,5,1,2,1,1,11,4,1,10,2
ENSMUSG00000079339,Ifit1bl1,19,33,22,26,20,11,26,37,23,31,22,15
ENSMUSG00000062488,Ifit3b,0,0,1,0,0,0,0,1,0,0,1,1
ENSMUSG00000024786,Majin,0,0,1,0,0,1,0,0,0,1,0,0
ENSMUSG00000067297,Ifit1bl2,3,1,1,1,1,3,1,2,1,0,0,1
ENSMUSG00000118260,Cnn2-ps,0,0,0,0,0,1,0,0,0,0,0,0
ENSMUSG00000034459,Ifit1,6,23,15,39,21,20,38,37,23,26,24,23
ENSMUSG00000024784,Gpha2,0,0,0,0,0,0,0,0,0,0,0,0
ENSMUSG00000009378,Slc16a12,0,0,0,0,1,0,0,0,1,0,3,0
ENSMUSG00000118098,Gm18425,0,0,0,0,0,0,0,0,0,0,0,0
ENSMUSG00002074940,#N/A,0,0,0,0,0,0,0,0,0,0,0,0
ENSMUSG00000118083,Gm50173,0,0,0,0,0,0,0,0,0,0,0,0
ENSMUSG00000088212,Gm22082,0,0,0,0,0,0,0,0,0,0,0,0
ENSMUSG00000117945,Gm50116,0,0,0,0,0,0,0,0,0,0,0,0
ENSMUSG00000024777,Ppp2r5b,114,89,66,63,86,17,65,74,67,66,112,102
ENSMUSG00000033610,Pank1,61,67,69,55,86,64,76,76,92,58,89,88
ENSMUSG00000065594,Mir107,0,0,0,0,0,0,0,0,0,0,0,0
ENSMUSG00000024773,Atg2a,602,602,518,579,462,192,453,589,460,449,448,453
ENSMUSG00000065582,Mir194-2,0,0,0,0,0,0,0,0,0,0,0,0
ENSMUSG00000065523,Mir192,0,0,0,0,0,0,0,0,0,0,0,0
ENSMUSG00000085196,Gm14963,2,2,4,3,1,1,2,2,1,1,0,3
ENSMUSG00000024772,Ehd1,4289,4736,4305,4680,4130,1654,3972,4606,4006,3651,2885,2730
ENSMUSG00000024769,Cdc42bpg,77,52,41,39,32,15,44,61,57,46,51,53
ENSMUSG00000117681,Gm50198,0,0,0,0,0,0,0,0,0,0,0,0
ENSMUSG00000024795,Kif20b,667,741,704,731,1293,1670,667,1170,532,695,1176,1014
ENSMUSG00000089151,Mir1950,0,1,0,1,1,3,0,2,0,0,1,1
ENSMUSG00000101966,Gm5248,0,0,0,0,0,0,0,1,0,0,0,0
ENSMUSG00000117865,Gm50137,0,0,0,0,0,0,0,0,0,0,0,0
ENSMUSG00000117973,Gm50140,0,0,0,0,0,0,0,0,0,0,0,0
ENSMUSG00000089087,Gm24006,0,0,0,0,0,0,0,0,0,0,0,0
ENSMUSG00002075816,#N/A,0,0,0,0,0,0,0,0,0,0,0,0
ENSMUSG00002076303,#N/A,0,0,0,0,0,0,0,0,0,0,0,0
ENSMUSG00000118212,Gm41836,0,0,0,0,0,1,0,0,0,0,0,0
ENSMUSG00000077205,Gm25611,0,0,0,0,0,0,0,0,0,0,0,0
ENSMUSG00000094707,A830019P07Rik,0,0,0,0,0,0,0,0,0,0,0,0
ENSMUSG00000024798,Htr7,0,1,0,0,0,1,0,2,0,1,2,0
ENSMUSG00000024800,Rpp30,415,418,466,439,575,509,517,487,462,434,468,445
ENSMUSG00000024803,Ankrd1,0,0,0,0,0,5,0,0,0,0,0,0
ENSMUSG00000117998,Gm32081,0,0,0,0,0,0,0,0,0,0,0,0
ENSMUSG00000117990,Gm32027,0,0,0,0,0,2,0,0,0,0,0,0
ENSMUSG00000118032,Gm50147,0,0,0,0,0,0,0,0,0,0,0,0
ENSMUSG00000114859,Gm47735,1,1,0,4,5,0,0,1,1,0,0,3
ENSMUSG00000100969,1700030N03Rik,0,0,1,0,0,0,0,0,0,0,0,0
ENSMUSG00000117761,Gm50428,0,0,0,0,0,0,0,0,0,0,0,0
ENSMUSG00000118966,#N/A,0,0,0,0,0,0,0,0,0,0,0,0
ENSMUSG00000118182,Gm50427,0,0,0,0,0,0,0,0,0,0,0,0
ENSMUSG00000117928,Gm42068,0,0,0,0,0,0,0,0,0,0,0,0
ENSMUSG00000118393,Gm50426,0,0,0,0,0,0,0,0,0,0,0,0
ENSMUSG00000118052,Gm50432,2,7,2,4,5,21,7,8,2,3,8,7
ENSMUSG00000118203,Gm7798,0,0,0,0,0,0,0,0,0,0,0,0
ENSMUSG00000117886,Gm2106,4,1,3,1,3,2,0,2,2,0,0,4
ENSMUSG00000024947,Men1,893,933,638,649,854,373,681,789,766,666,943,784
ENSMUSG00000024805,Pcgf5,1081,1073,1100,1040,1235,900,1044,1180,1136,1095,1034,1047
ENSMUSG00000114285,Gm47773,4,8,5,0,8,6,13,9,6,3,7,7
ENSMUSG00002076963,#N/A,0,0,0,0,0,0,0,0,0,0,0,0
ENSMUSG00000114409,Gm9042,5,7,7,4,15,16,1,1,8,9,19,10
ENSMUSG00000114235,F530104D19Rik,0,1,1,0,0,0,0,0,0,1,0,0
ENSMUSG00000024831,Ighmbp2,705,775,584,594,445,205,462,630,632,562,476,488
ENSMUSG00000024829,Mrpl21,839,987,777,846,954,463,843,789,970,843,884,813
ENSMUSG00000099261,Mir6984,1,0,0,1,1,0,1,2,0,0,1,0
ENSMUSG00000118213,Gm50307,0,1,1,1,1,1,1,2,0,0,1,1
ENSMUSG00000024900,Cpt1a,492,513,356,334,342,159,315,394,415,404,286,313
ENSMUSG00000041180,Hectd2,681,658,501,535,410,356,349,510,537,584,327,371
ENSMUSG00000087579,Hectd2os,2,0,0,0,0,0,0,0,1,0,0,0
ENSMUSG00000067279,Ppp1r3c,0,1,0,1,0,0,0,0,0,0,3,0
ENSMUSG00000117938,Gm50112,0,0,0,0,0,0,0,0,0,0,0,0
ENSMUSG00000024905,Tesmin,4,3,4,0,1,1,5,0,5,3,1,2
ENSMUSG00000024907,Gal,6,10,5,7,10,3,3,3,5,1,0,3
ENSMUSG00000024811,Tnks2,4079,4065,3304,3400,3444,2261,2694,3530,3670,3294,3283,3136
ENSMUSG00000047632,Fgfbp3,34,39,25,26,25,28,31,30,47,47,42,37
ENSMUSG00000024948,Map4k2,1453,1514,1006,1028,1091,468,1048,1176,1375,1178,1252,1263
ENSMUSG00000040565,Btaf1,4007,4124,3270,3204,3317,2509,2106,3262,3572,3412,3472,3211
ENSMUSG00000099230,Mir6989,0,0,0,0,3,2,1,2,0,0,2,0
ENSMUSG00000079467,Gm14966,10,9,8,7,5,8,6,14,7,12,11,5
ENSMUSG00000024908,Ppp6r3,2848,3141,2526,2612,2612,1623,1932,2613,2857,2713,2406,2372
ENSMUSG00000114315,Gm48696,0,0,0,0,0,0,0,0,0,0,0,0
ENSMUSG00000075908,Gm23940,0,0,0,0,0,0,0,0,0,0,0,0
ENSMUSG00000114302,Gm48683,0,0,0,0,0,0,0,0,0,0,0,0
ENSMUSG00000024913,Lrp5,433,417,272,277,421,215,259,347,370,333,420,384
ENSMUSG00000118249,Gm36608,0,0,0,1,1,0,0,0,0,0,0,2
ENSMUSG00000035372,1810055G02Rik,974,1117,827,815,705,686,809,956,877,746,620,577
ENSMUSG00000117739,Gm36787,3,0,0,1,1,0,1,1,0,5,3,1
ENSMUSG00000118231,Gm2141,0,0,0,0,0,0,0,0,0,0,0,0
ENSMUSG00000118096,Gm50374,0,0,0,0,0,1,0,0,0,0,0,0
ENSMUSG00000117773,Gm50375,0,0,0,0,0,1,0,0,0,0,1,0
ENSMUSG00000024949,Sf1,12627,12496,10042,10068,10138,5922,9607,11547,11157,10469,10804,9645
ENSMUSG00000032648,Pygm,44,58,52,60,30,14,38,44,60,40,31,35
ENSMUSG00000053799,Exoc6,1109,1110,980,1028,1215,887,889,1082,1068,1010,1034,935
ENSMUSG00000062432,Cyp26c1,0,0,1,2,0,0,1,1,0,2,1,2
ENSMUSG00000024987,Cyp26a1,0,0,0,1,1,0,0,1,0,0,0,0
ENSMUSG00000117989,Gm9066,1,0,0,0,0,0,0,0,0,0,0,0
ENSMUSG00000117939,Gm9067,4,1,2,0,2,1,3,3,3,0,2,6
ENSMUSG00000118115,Gm4757,0,0,0,0,0,0,0,0,0,0,0,0
ENSMUSG00000032946,Rasgrp2,76,90,89,118,111,52,104,129,83,94,98,88
ENSMUSG00000084876,Gm14965,0,0,1,0,0,3,0,0,0,0,0,0
ENSMUSG00000045098,Kmt5b,2216,2420,1850,1867,1788,1497,1358,1814,2060,1989,1880,1650
ENSMUSG00000082848,Gm16066,1,0,0,0,0,0,1,0,0,0,1,0
ENSMUSG00000033768,Nrxn2,7,8,1,5,3,20,2,0,4,4,2,3
ENSMUSG00000048612,Myof,22,27,43,44,7,1,21,34,12,6,3,3
ENSMUSG00000117897,Gm50151,0,0,0,0,0,0,0,0,0,0,0,0
ENSMUSG00000052188,Gm14964,0,0,0,0,0,1,0,0,0,0,0,0
ENSMUSG00000069554,I830134H01Rik,0,0,0,0,1,1,0,0,0,1,2,0
ENSMUSG00000061742,Slc22a12,0,0,0,0,0,0,0,0,0,0,0,0
ENSMUSG00000024989,Cep55,666,614,757,669,1105,960,850,1075,617,574,959,891
ENSMUSG00000064646,Gm23300,1,0,0,0,2,0,0,0,0,0,0,1
ENSMUSG00000054200,Ffar4,3,2,4,2,5,0,2,5,2,4,2,1
ENSMUSG00000024990,Rbp4,2,1,0,1,1,1,0,0,1,1,0,0
ENSMUSG00000024992,Pde6c,0,0,1,1,0,0,0,0,1,0,0,0
ENSMUSG00000054237,Fra10ac1,300,310,283,279,308,302,277,277,286,263,342,331
ENSMUSG00000067242,Lgi1,0,0,0,0,0,0,0,0,0,0,0,0
ENSMUSG00000118242,Gm50141,0,0,1,0,0,0,0,0,0,0,0,0
ENSMUSG00000105709,Gm42723,0,0,0,0,0,0,0,0,0,0,0,0
ENSMUSG00000118381,Gm50150,0,0,0,0,0,0,0,0,1,0,1,0
ENSMUSG00000117920,Gm50155,0,0,0,0,0,0,0,0,0,0,0,0
ENSMUSG00000118335,Gm18936,0,0,0,0,0,0,1,0,0,0,0,0
ENSMUSG00000044026,Slc35g1,1927,2089,1690,1623,1904,1057,1386,1845,1982,1804,1728,1637
ENSMUSG00002075727,#N/A,0,0,0,0,0,0,0,0,0,0,0,0
ENSMUSG00000024998,Plce1,0,0,1,0,3,2,1,0,1,1,0,0
ENSMUSG00000117935,Gm8717,0,1,0,0,0,2,1,0,1,0,0,2
ENSMUSG00000101079,Gm28991,0,0,0,0,0,0,0,0,0,0,0,0
ENSMUSG00000024999,Noc3l,3606,3877,2807,2938,2786,2358,2166,2895,3663,3371,3218,3083
ENSMUSG00000048720,Tbc1d12,256,258,213,166,202,131,174,181,209,220,197,202
ENSMUSG00002075032,#N/A,0,0,0,0,0,2,0,0,0,0,0,0
ENSMUSG00000025001,Hells,3077,3093,3045,2838,3624,3911,2743,3685,2767,2952,3902,3553
ENSMUSG00000114610,Cyp2c52-ps,1,1,0,1,0,2,0,0,0,0,1,0
ENSMUSG00000025002,Cyp2c55,0,0,0,0,0,0,0,0,0,0,0,0
ENSMUSG00002075482,#N/A,0,0,0,0,0,0,0,0,0,0,0,0
ENSMUSG00000067231,Cyp2c65,0,0,0,0,0,0,0,0,0,0,0,0
ENSMUSG00000067229,Cyp2c66,0,0,0,0,0,1,0,0,0,0,0,0
ENSMUSG00000093610,Cyp2c53-ps,0,0,0,0,0,0,0,0,0,0,0,0
ENSMUSG00000003053,Cyp2c29,0,0,0,0,0,0,0,0,0,0,0,0
ENSMUSG00000118146,Cyp2c72-ps,0,0,0,0,0,0,0,0,0,0,0,0
ENSMUSG00000032808,Cyp2c38,0,0,0,0,0,0,0,0,0,0,0,0
ENSMUSG00000025003,Cyp2c39,0,0,0,0,0,1,0,0,0,0,0,0
ENSMUSG00000062624,Cyp2c67,0,0,0,0,0,0,0,0,0,0,0,0
ENSMUSG00000074882,Cyp2c68,0,0,0,0,0,0,0,0,0,0,0,0
ENSMUSG00000025004,Cyp2c40,0,0,0,0,0,0,0,0,0,0,0,0
ENSMUSG00000036278,Macrod1,153,170,101,100,90,43,153,173,135,130,100,94
ENSMUSG00000092008,Cyp2c69,0,0,0,0,0,0,0,0,0,0,0,0
ENSMUSG00000117901,AC109619.1,0,0,0,0,0,0,0,0,0,0,0,0
ENSMUSG00000117738,Cyp2c71-ps,0,0,0,0,0,0,0,0,0,0,0,0
ENSMUSG00000047787,Flrt1,0,0,0,0,0,0,0,0,0,0,0,0
ENSMUSG00000042248,Cyp2c37,0,0,0,0,0,0,0,0,0,0,0,0
ENSMUSG00000067225,Cyp2c54,0,0,0,0,0,0,0,0,0,0,0,0
ENSMUSG00000024767,Otub1,1970,2064,1496,1658,1624,693,1756,1708,1958,1674,1585,1561
ENSMUSG00000035885,Cox8a,1535,1924,1548,1622,1797,559,1911,1716,1615,1513,1553,1432
ENSMUSG00000054827,Cyp2c50,0,0,0,0,0,0,0,0,0,0,0,0
ENSMUSG00000024764,Naa40,1981,2275,1682,1717,1963,832,1630,1809,1919,1722,1859,1880
ENSMUSG00000119835,#N/A,0,0,0,0,0,0,0,0,0,0,0,0
ENSMUSG00002075307,#N/A,0,0,0,0,0,0,0,0,0,0,0,0
ENSMUSG00000060613,Cyp2c70,0,0,0,0,0,1,0,0,0,0,0,0
ENSMUSG00000117785,Gm5827,0,0,1,0,0,0,0,0,0,0,2,0
ENSMUSG00000098091,Gm16470,25,22,23,18,11,1,19,19,24,23,10,14
ENSMUSG00000055044,Pdlim1,531,740,626,629,812,332,848,776,621,558,614,512
ENSMUSG00000117793,Gm5693,0,0,0,0,0,0,1,0,0,0,0,0
ENSMUSG00000024968,Rcor2,154,137,95,102,128,64,82,127,151,126,166,152
ENSMUSG00000025006,Sorbs1,50,54,56,50,49,44,29,68,60,51,64,48
ENSMUSG00000114796,A930028N01Rik,0,0,0,0,0,0,0,0,0,0,0,0
ENSMUSG00000024969,Mark2,3216,3399,2552,2597,2473,1197,2519,2931,2792,2550,2609,2207
ENSMUSG00000091558,Gm17227,0,0,0,0,0,0,0,0,0,0,0,0
ENSMUSG00000024970,Spindoc,277,261,193,219,202,85,230,249,204,195,191,211
ENSMUSG00000117743,Gm50232,0,0,0,0,0,3,0,0,0,0,0,0
ENSMUSG00000099923,1700105P06Rik,0,0,0,0,0,1,0,1,2,0,0,1
ENSMUSG00000095690,Rab11b-ps2,5,8,9,7,6,2,13,14,11,10,3,4
ENSMUSG00000118297,Gm18842,0,0,0,0,0,0,0,0,0,0,0,0
ENSMUSG00000041845,Rhod,7,11,11,5,6,4,6,7,4,5,15,7
ENSMUSG00000087132,A930001C03Rik,3,0,3,4,0,4,3,0,3,0,2,1
ENSMUSG00000053080,2700081O15Rik,289,270,203,193,199,77,151,185,221,205,219,227
ENSMUSG00000098293,Mir6991,0,0,0,0,2,0,0,0,0,1,0,0
ENSMUSG00000049303,Syt12,20,24,18,12,13,7,11,22,18,20,18,20
ENSMUSG00000042041,2010003K11Rik,1,0,0,0,0,0,0,0,0,0,0,0
ENSMUSG00000025007,Aldh18a1,3641,4139,3391,3487,2960,1346,2431,2828,3106,2980,2531,2515
ENSMUSG00000096592,Gm15801,0,0,0,0,0,0,0,0,0,0,0,0
ENSMUSG00000097792,Gm27042,5,3,6,5,5,8,4,2,6,3,3,4
ENSMUSG00000024758,Rtn3,2545,2640,2074,2170,2734,1743,2385,2597,2297,2037,2678,2583
ENSMUSG00000025008,Tctn3,121,140,105,115,114,33,78,103,103,112,84,70
ENSMUSG00000024892,Pcx,153,170,131,112,83,47,124,180,98,84,84,110
ENSMUSG00000045045,Lrfn4,404,430,309,294,334,92,256,332,434,347,300,398
ENSMUSG00000048120,Entpd1,42,46,60,74,40,17,55,75,35,46,31,16
ENSMUSG00000090041,Gm16027,0,0,0,0,0,0,0,1,0,0,0,0
ENSMUSG00000094388,Gm8783,0,0,0,0,0,0,0,0,0,0,0,0
ENSMUSG00000117952,Gm50132,0,0,0,0,0,0,0,0,0,0,0,0
ENSMUSG00000108929,Cc2d2b,0,0,0,1,0,1,0,1,1,3,1,0
ENSMUSG00000024889,Rce1,818,886,621,671,744,222,729,647,846,739,706,724
ENSMUSG00000098346,Mir6986,2,1,1,2,0,0,0,0,1,0,0,0
ENSMUSG00000025010,Ccnj,411,411,304,328,355,203,270,328,408,361,360,335
ENSMUSG00000097740,E030044B06Rik,0,1,0,0,0,1,0,2,0,0,0,0
ENSMUSG00000099118,Mir8092,0,0,0,0,0,0,0,0,0,0,0,0
ENSMUSG00000024759,Atl3,2368,2454,2102,2040,2182,1235,1666,2159,2294,2127,2416,2221
ENSMUSG00000049164,Zfp518a,527,637,426,516,461,574,287,512,477,629,608,508
ENSMUSG00000071691,Gm960,0,0,0,0,2,2,0,2,0,1,1,1
ENSMUSG00000117746,Gm50372,0,0,0,0,0,0,0,0,0,0,0,0
ENSMUSG00000060675,Plaat3,313,434,354,434,423,184,468,497,388,331,327,331
ENSMUSG00000061132,Blnk,2,0,2,0,0,0,1,1,2,1,1,0
ENSMUSG00000096370,Gm21992,17,20,27,17,26,24,31,28,27,18,41,27
ENSMUSG00000024972,Lgals12,0,0,0,0,0,0,0,0,0,1,0,0
ENSMUSG00000025014,Dntt,6,8,0,6,0,1,2,3,0,0,1,1
ENSMUSG00000050121,Opalin,0,0,0,0,0,0,0,0,0,0,0,0
ENSMUSG00000024973,Plaat5,0,0,0,0,0,0,0,0,0,0,0,0
ENSMUSG00000024761,Gm16437,0,2,1,2,1,7,2,4,2,3,2,0
ENSMUSG00000024757,Slc22a19,0,0,0,0,4,1,0,0,0,0,0,0
ENSMUSG00000083160,Gm15967,0,0,0,0,0,0,0,0,0,0,0,0
ENSMUSG00000081596,Gm15968,0,0,0,0,0,0,0,0,0,0,0,0
ENSMUSG00000117937,Gm8157,1,1,1,1,2,0,2,2,2,1,0,1
ENSMUSG00000025013,Tll2,0,0,0,0,0,0,0,0,0,0,0,0
ENSMUSG00000053303,Slc22a26,0,0,0,0,0,0,0,0,0,0,0,0
ENSMUSG00000118312,Gm7096,0,0,0,0,0,0,0,0,0,0,0,0
ENSMUSG00000025016,Tm9sf3,8254,8422,6905,6895,6864,5339,5984,7147,8207,7613,7492,6906
ENSMUSG00000067656,Slc22a27,0,0,0,0,0,0,0,0,0,0,0,0
ENSMUSG00002076220,#N/A,22,26,17,31,20,5,37,15,20,27,16,19
ENSMUSG00000118220,Gm6192,11,4,7,3,3,0,9,2,9,3,4,1
ENSMUSG00000118036,Gm6386,1,2,1,1,0,0,1,0,1,2,1,0
ENSMUSG00000063590,Slc22a28,0,0,0,0,0,1,0,0,0,0,0,0
ENSMUSG00000025017,Pik3ap1,2413,2769,1707,1845,1048,497,1025,1352,2317,1981,962,955
ENSMUSG00000075044,Slc22a29,0,0,0,0,0,0,0,0,0,0,0,0
ENSMUSG00000118280,Gm41804,0,0,0,0,0,0,0,0,0,0,0,0
ENSMUSG00000044065,Gm9788,0,0,0,0,0,0,0,0,0,0,2,0
ENSMUSG00000118345,Gm7105,32,35,17,25,21,15,26,36,22,28,27,19
ENSMUSG00000117877,Gm8184,1,1,0,2,0,0,0,1,2,1,1,1
ENSMUSG00000025019,Lcor,813,847,640,577,596,432,317,668,667,711,733,684
ENSMUSG00000098286,Mir8091,15,7,9,10,17,5,5,10,9,5,11,10
ENSMUSG00000052562,Slc22a30,0,0,0,0,1,0,0,0,0,0,1,0
ENSMUSG00000110298,Gm8189,2,1,2,1,1,2,1,4,2,3,3,5
ENSMUSG00000086174,Gm6425,0,0,0,0,0,0,0,0,0,1,0,0
ENSMUSG00000063796,Slc22a8,0,0,0,0,0,0,0,0,0,0,0,0
ENSMUSG00000024650,Slc22a6,0,0,0,0,0,0,0,0,0,0,0,0
ENSMUSG00000117763,9830166K06Rik,0,0,0,0,0,0,0,1,1,2,0,0
ENSMUSG00000032773,Chrm1,0,0,0,0,0,2,1,0,0,0,0,0
ENSMUSG00002075107,#N/A,0,0,0,0,0,0,0,0,0,0,0,0
ENSMUSG00000010095,Slc3a2,6950,7266,5755,6187,4734,2085,5316,5476,6248,5748,4427,4448
ENSMUSG00000025020,Slit1,2,2,0,4,0,2,0,0,0,1,0,0
ENSMUSG00002075271,#N/A,0,0,0,0,0,0,0,0,0,1,0,0
ENSMUSG00000108414,Snhg1,3180,3612,3143,2977,2799,1832,3366,3196,3069,3003,2783,2781
ENSMUSG00000064721,Gm25855,0,0,0,0,0,0,0,0,0,0,0,0
ENSMUSG00000065392,Gm25894,0,0,0,0,0,0,0,0,0,0,0,0
ENSMUSG00000065281,Gm24452,0,0,0,0,0,0,0,0,0,0,0,0
ENSMUSG00000065280,Gm24453,0,0,0,0,0,0,0,0,0,0,0,0
ENSMUSG00000065378,Gm22744,0,0,0,0,0,0,0,0,0,0,0,0
ENSMUSG00000065782,Gm22680,0,0,0,0,0,0,0,0,0,0,0,0
ENSMUSG00000065305,Gm23246,0,0,0,0,0,0,0,0,0,0,0,0
ENSMUSG00000065087,Snord22,0,0,0,0,0,0,0,0,0,0,0,0
ENSMUSG00000042729,Wdr74,2517,2818,2144,2361,2355,1057,2334,2258,2595,2424,2205,2200
ENSMUSG00000025154,Arhgap19,36,35,45,51,106,67,64,81,57,52,83,98
ENSMUSG00000090840,1700092M07Rik,15,11,9,11,20,5,8,25,6,22,13,12
ENSMUSG00000067199,Frat1,21,36,38,39,16,12,35,22,21,40,19,19
ENSMUSG00000047604,Frat2,17,23,21,35,25,20,35,19,30,16,10,12
ENSMUSG00000035049,Rrp12,6173,6677,4683,4806,4183,1862,3413,4443,5246,5125,4562,4127
ENSMUSG00000117675,Gm46644,0,0,0,0,0,0,0,0,0,0,0,0
ENSMUSG00000011752,Pgam1,305,300,253,254,297,77,290,301,320,253,319,287
ENSMUSG00000034321,Exosc1,1423,1623,1275,1374,1463,1233,1333,1485,1503,1311,1553,1354
ENSMUSG00000025157,Zdhhc16,772,767,633,663,726,357,707,734,687,610,716,764
ENSMUSG00000010110,Stx5a,347,397,352,348,328,145,349,290,350,351,354,311
ENSMUSG00000098844,Mir6992,0,0,0,0,0,0,0,0,0,0,0,0
ENSMUSG00000010097,Nxf1,3899,4114,3238,3334,3814,2392,3227,3580,3699,3329,3953,3715
ENSMUSG00000117924,Tmem223,112,133,116,118,125,42,130,120,113,94,112,99
ENSMUSG00000118346,Tmem179b,228,300,213,248,264,158,275,247,262,213,228,238
ENSMUSG00000003680,Taf6l,344,393,325,317,385,99,302,343,416,350,342,417
ENSMUSG00000118261,Gm2518,0,1,0,1,0,0,1,1,0,0,0,0
ENSMUSG00000118305,Gm50131,1,1,0,0,1,0,0,2,1,0,0,0
ENSMUSG00000071662,Polr2g,939,1016,810,840,909,382,966,848,944,813,824,843
ENSMUSG00000071661,Zbtb3,59,72,47,58,58,17,70,71,58,82,67,67
ENSMUSG00000071660,Ttc9c,668,697,653,559,774,549,565,639,679,574,859,773
ENSMUSG00000071659,Hnrnpul2,5034,4873,4116,4130,4374,2792,3814,4524,4665,4178,4776,4231
ENSMUSG00000118124,Gm50139,0,0,0,0,0,0,0,0,0,0,0,0
ENSMUSG00000071658,Gng3,3,3,2,3,0,1,5,6,3,0,1,1
ENSMUSG00000071657,Bscl2,488,524,404,400,343,153,427,461,393,381,390,305
ENSMUSG00000071656,Lrrn4cl,8,5,3,3,4,7,5,1,5,3,6,3
ENSMUSG00000071655,Ubxn1,1913,2000,1592,1613,1626,1688,1853,1923,2045,1686,1904,1658
ENSMUSG00000071654,Uqcc3,227,260,183,210,204,120,239,232,256,210,215,218
ENSMUSG00000025159,Mms19,1041,1169,1027,981,1022,430,790,990,949,917,1003,878
ENSMUSG00000096740,Lbhd1,251,266,251,215,257,216,226,249,219,190,253,214
ENSMUSG00000116166,Gm49403,0,0,0,0,0,0,0,0,0,0,0,0
ENSMUSG00000070167,Snora57,50,70,52,57,48,8,72,61,44,44,48,36
ENSMUSG00000093314,Mir5136,2,0,1,3,1,0,0,1,3,0,0,3
ENSMUSG00000089102,Gm23113,0,0,0,0,0,0,0,0,0,0,0,0
ENSMUSG00000025171,Ubtd1,177,192,112,170,109,35,153,132,157,155,131,111
ENSMUSG00000071653,1810009A15Rik,8,7,10,4,18,19,8,11,8,10,26,15
ENSMUSG00000116347,Gm49416,0,0,0,0,0,0,0,0,0,0,0,0
ENSMUSG00000071652,Ints5,1407,1466,1144,1133,1122,314,1037,1126,1321,1249,1116,1038
ENSMUSG00000025172,Ankrd2,0,0,0,0,0,0,0,0,0,0,0,1
ENSMUSG00000025176,Hoga1,0,0,0,2,0,0,3,1,0,0,0,0
ENSMUSG00000090369,4933411K16Rik,0,0,0,0,0,0,0,0,0,0,0,0
ENSMUSG00000049670,Morn4,24,20,13,22,11,8,25,23,12,17,22,25
ENSMUSG00000025178,Pi4k2a,862,1013,925,809,699,250,752,885,890,786,649,699
ENSMUSG00000018821,Avpi1,81,89,77,82,90,25,94,86,71,58,51,52
ENSMUSG00000044345,Marveld1,414,408,262,256,335,116,370,347,364,307,399,424
ENSMUSG00000117856,Gm6937,0,0,0,2,1,0,0,0,3,0,1,0
ENSMUSG00000018820,Zfyve27,643,697,552,516,499,171,478,507,511,484,460,446
ENSMUSG00000071650,Ganab,2970,3288,2688,2812,3203,1222,2364,2802,2980,2708,3055,2979
ENSMUSG00000018822,Sfrp5,0,0,0,0,0,0,0,0,0,0,0,0
ENSMUSG00000071649,B3gat3,536,466,406,388,430,184,397,400,491,386,445,437
ENSMUSG00000042532,Golga7b,0,0,0,0,0,0,0,0,0,0,0,0
ENSMUSG00000071648,Rom1,74,85,64,57,69,36,69,60,61,60,92,63
ENSMUSG00000071647,Eml3,1055,1127,799,852,929,345,787,920,1005,891,990,988
ENSMUSG00000042401,Crtac1,0,0,3,0,0,0,0,0,0,0,0,0
ENSMUSG00000114220,Gm10353,45,44,36,33,33,15,37,28,34,40,38,55
ENSMUSG00002075478,#N/A,0,0,0,0,0,0,0,0,0,0,0,0
ENSMUSG00000093234,Mir3085,0,0,0,0,0,0,0,0,0,0,0,0
ENSMUSG00000117706,Gm50184,0,0,0,0,0,0,0,0,0,0,0,0
ENSMUSG00000117728,Gm34299,0,0,0,0,0,0,0,0,0,0,0,0
ENSMUSG00000025184,R3hcc1l,597,623,471,506,532,426,380,565,518,526,486,446
ENSMUSG00000090117,Gm16541,0,0,0,0,0,0,0,0,0,1,0,0
ENSMUSG00000071646,Mta2,9268,9730,6994,7342,6689,3243,6180,7926,8643,8045,7016,6605
ENSMUSG00000071645,Tut1,1759,1786,1359,1420,1370,813,1222,1448,1640,1431,1627,1498
ENSMUSG00000025185,Loxl4,5,4,2,4,2,4,1,0,1,2,0,0
ENSMUSG00000077768,Gm25216,0,0,0,0,0,0,0,0,0,0,0,0
ENSMUSG00000071644,Eef1g,4490,5025,3924,3936,3844,1897,4034,3759,4477,4047,4043,3543
ENSMUSG00000069833,Ahnak,12113,11723,8843,8134,4446,2236,3799,7102,7764,8011,4015,3986
ENSMUSG00000024653,Scgb1a1,0,0,0,0,0,0,0,0,0,0,0,0
ENSMUSG00000024654,Asrgl1,234,241,197,209,297,163,234,282,221,192,280,240
ENSMUSG00000024658,Gm9750,0,0,2,1,0,0,1,0,0,0,0,0
ENSMUSG00000117804,Gm6252,8,4,10,4,3,0,1,9,7,5,4,4
ENSMUSG00002074975,#N/A,0,0,0,0,0,0,0,0,0,0,0,0
ENSMUSG00000067608,Pcna-ps2,18,19,15,17,25,15,20,17,11,13,17,6
ENSMUSG00000101398,Gm2617,0,0,0,0,0,0,0,0,0,0,0,0
ENSMUSG00000071640,Stxbp3-ps,0,0,1,0,1,0,1,1,1,1,0,1
ENSMUSG00000096818,Gm29231,0,0,0,0,0,0,0,0,0,0,0,0
ENSMUSG00000060224,Pyroxd2,2,9,3,6,6,1,0,3,0,3,0,2
ENSMUSG00000100141,Gm6445,5,5,7,8,4,15,3,8,9,7,10,11
ENSMUSG00000117756,Gm50320,0,0,0,0,0,0,0,0,0,0,0,0
ENSMUSG00000118383,Gm50321,0,0,0,0,0,0,0,0,0,0,0,0
ENSMUSG00000118354,Gm19437,0,0,0,0,0,0,0,0,0,0,0,0
ENSMUSG00000096872,Scgb2a2,0,0,0,0,0,0,0,0,0,0,0,0
ENSMUSG00002076484,#N/A,0,0,0,0,0,0,0,0,0,0,0,0
ENSMUSG00000118138,Gm50322,37,35,42,34,31,33,45,60,27,24,30,30
ENSMUSG00000024660,Incenp,1900,1827,2023,1869,2871,2260,2305,2888,1716,1551,2437,2053
ENSMUSG00000118325,Gm50324,0,2,5,2,2,0,2,8,2,1,0,2
ENSMUSG00000118100,Gm50340,2,3,5,6,5,3,7,6,7,3,8,5
ENSMUSG00002075984,#N/A,0,0,0,0,0,0,0,0,0,0,0,0
ENSMUSG00000118008,Gm36913,0,1,0,1,0,0,0,0,0,0,0,0
ENSMUSG00000118065,Gm50343,0,0,0,0,0,0,0,0,0,0,0,0
ENSMUSG00000118183,Gm50345,0,0,0,0,0,0,0,0,0,0,0,0
ENSMUSG00000118123,Gm50346,0,0,0,0,0,0,0,0,0,0,0,0
ENSMUSG00000024661,Fth1,7003,7385,5206,5615,4802,3277,7272,7088,6722,6157,4889,4713
ENSMUSG00000037418,Best1,0,0,0,0,1,0,0,1,0,0,0,0
ENSMUSG00000025188,Hps1,718,764,545,574,635,222,516,566,651,613,656,591
ENSMUSG00000090235,Gm16244,3,2,2,2,2,3,1,2,6,2,2,1
ENSMUSG00000074852,Hpse2,0,0,0,0,0,3,0,0,0,0,0,0
ENSMUSG00002074881,#N/A,0,0,0,0,0,0,0,0,0,0,0,0
ENSMUSG00000117880,Gm34517,0,0,0,0,0,0,0,0,0,0,0,0
ENSMUSG00000117682,Gm18379,1,0,0,0,0,0,0,1,0,0,0,0
ENSMUSG00000047509,Gm6776,3,0,0,0,0,1,0,0,1,0,2,2
ENSMUSG00000114742,Gm47936,0,0,0,0,0,0,0,0,0,0,0,0
ENSMUSG00000024663,Rab3il1,0,0,0,0,1,0,1,0,1,0,0,0
ENSMUSG00000025189,Cnnm1,5,5,5,1,13,6,7,8,5,3,8,4
ENSMUSG00000114721,Gm47938,0,0,0,0,0,0,0,0,0,0,0,0
ENSMUSG00000025190,Got1,1210,1444,1256,1428,1224,576,1257,1303,1230,1013,1079,995
ENSMUSG00000118221,Gm50194,0,0,0,0,0,0,0,0,0,0,0,0
ENSMUSG00000118308,Gm19179,0,0,0,0,0,0,0,0,0,0,0,0
ENSMUSG00000117991,Gm34636,0,0,0,0,0,0,0,0,0,0,0,0
ENSMUSG00000092250,Gm20467,0,0,0,0,0,0,0,0,0,0,0,0
ENSMUSG00000044220,Nkx2-3,0,0,0,0,0,3,0,0,0,0,0,0
ENSMUSG00002074883,#N/A,0,0,0,0,0,0,0,0,0,0,0,0
ENSMUSG00000118236,Gm34922,0,0,0,0,0,0,0,0,0,0,0,0
ENSMUSG00000040414,Slc25a28,405,460,331,393,363,189,383,447,418,347,367,375
ENSMUSG00000024664,Fads3,23,43,50,30,46,19,24,43,20,32,17,18
ENSMUSG00000117698,BC037704,4,5,4,8,6,5,4,5,10,7,10,4
ENSMUSG00000025192,Entpd7,254,230,234,185,220,130,197,289,199,158,198,180
ENSMUSG00000024665,Fads2,355,433,454,522,344,198,563,678,421,329,256,261
ENSMUSG00000117700,Gm50359,0,0,0,0,0,0,0,0,0,0,0,0
ENSMUSG00000040018,Cox15,992,998,780,774,876,496,763,809,909,862,864,787
ENSMUSG00000010663,Fads1,396,431,333,339,368,158,372,391,320,315,394,345
ENSMUSG00000098363,Mir6993,0,0,0,0,1,0,0,1,0,0,0,0
ENSMUSG00000064032,Gm10143,4,2,4,0,5,3,4,6,11,6,6,6
ENSMUSG00000025193,Cutc,58,62,55,65,73,58,75,69,77,49,83,80
ENSMUSG00000024742,Fen1,1978,2144,1997,1979,2294,882,2341,2366,2027,1676,1943,1984
ENSMUSG00000036372,Tmem258,674,746,655,718,920,399,793,749,722,613,717,651
ENSMUSG00000025194,Abcc2,0,0,0,0,0,0,0,0,0,0,0,0
ENSMUSG00000025195,Dnmbp,269,233,239,179,162,101,158,180,183,187,181,162
ENSMUSG00000036098,Myrf,13,12,12,17,11,8,7,14,6,8,19,19
ENSMUSG00000088490,Gm24400,3,0,0,0,0,0,0,0,1,0,0,0
ENSMUSG00000118000,Gm50217,0,0,0,0,0,0,0,0,0,0,0,0
ENSMUSG00002075235,#N/A,0,0,0,0,0,0,0,0,0,0,0,0
ENSMUSG00000025196,Cpn1,0,0,0,0,0,0,0,0,1,0,0,1
ENSMUSG00000035735,Dagla,27,24,23,15,26,5,9,17,12,21,15,10
ENSMUSG00000118330,Gm30042,0,0,0,0,0,0,0,0,0,0,0,0
ENSMUSG00000025197,Cyp2c23,0,1,3,0,0,0,0,0,1,0,0,0
ENSMUSG00000025198,Erlin1,438,466,296,332,318,231,300,354,406,361,445,442
ENSMUSG00000025199,Chuk,1890,1948,1637,1540,1487,925,1312,1545,1728,1613,1458,1423
ENSMUSG00000025200,Cwf19l1,872,952,705,769,777,509,720,849,828,786,784,729
ENSMUSG00000077391,Gm24336,3,4,4,1,9,2,5,4,3,1,3,3
ENSMUSG00000024743,Syt7,7,8,8,9,12,8,6,11,10,8,11,10
ENSMUSG00000118310,Gm50268,0,1,0,0,0,0,1,4,0,0,0,0
ENSMUSG00000090291,Lrrc10b,0,0,0,0,0,1,0,0,0,0,0,0
ENSMUSG00000057506,Bloc1s2,214,230,207,210,167,84,206,230,173,174,209,175
ENSMUSG00000037578,Pkd2l1,0,0,1,0,0,1,0,0,0,0,0,0
ENSMUSG00000025202,Scd3,0,1,0,0,1,0,1,0,0,1,2,0
ENSMUSG00000117900,Gm50323,1,1,3,1,0,2,0,2,1,1,2,0
ENSMUSG00000118217,Gm6951,4,5,3,4,4,7,2,5,5,3,5,4
ENSMUSG00000117958,Gm35183,0,0,0,0,0,0,0,0,0,0,0,0
ENSMUSG00000035179,Ppp1r32,14,4,1,6,3,2,6,3,5,5,3,4
ENSMUSG00000025203,Scd2,8821,9282,7525,7519,9347,4765,7881,9821,7225,6779,8619,7930
ENSMUSG00000093315,Mir5114,0,0,0,0,0,0,0,0,0,0,0,0
ENSMUSG00000117957,Gm50334,1,1,1,0,1,0,4,0,0,5,0,6
ENSMUSG00000050195,Scd4,2,3,2,1,5,0,2,3,1,2,3,2
ENSMUSG00000037071,Scd1,574,597,599,630,923,590,624,810,528,489,901,809
ENSMUSG00000024668,Sdhaf2,919,960,730,800,771,577,731,778,860,760,864,810
ENSMUSG00000118076,Gm50337,0,0,0,0,0,0,0,0,0,0,0,0
ENSMUSG00000117796,Gm35406,2,4,2,0,2,0,2,2,0,3,0,0
ENSMUSG00000036961,Wnt8b,1,0,0,0,0,0,0,0,0,1,0,0
ENSMUSG00000034820,Cpsf7,2747,2823,2467,2324,2246,1332,1963,2584,2533,2384,2382,2083
ENSMUSG00000051984,Sec31b,18,33,12,6,9,6,15,7,12,17,9,20
ENSMUSG00000091471,Gm20538,0,0,0,0,0,0,0,0,0,0,0,0
ENSMUSG00000024667,Tmem216,64,71,68,53,75,32,83,72,83,51,80,88
ENSMUSG00000025204,Ndufb8,880,938,768,878,977,363,976,1012,913,797,940,876
ENSMUSG00000024666,Tmem138,125,164,104,122,154,65,129,123,118,105,133,123
ENSMUSG00000117955,Gm50205,0,0,0,0,1,2,0,0,0,0,0,0
ENSMUSG00000036450,Hif1an,1422,1619,1197,1197,1338,603,974,1287,1336,1314,1227,1189
ENSMUSG00000117911,Gm35460,0,0,0,0,0,0,0,0,0,0,0,0
ENSMUSG00000097683,Gm26644,0,0,0,0,0,0,0,0,0,0,0,0
ENSMUSG00000117823,Gm35610,0,0,0,0,0,5,0,0,0,0,0,1
ENSMUSG00000004231,Pax2,0,0,0,0,0,4,0,0,0,0,0,0
ENSMUSG00000092469,Gm20395,0,0,0,0,0,1,0,0,0,0,0,0
ENSMUSG00000098952,Mir6405,0,0,0,0,0,0,0,0,0,0,0,0
ENSMUSG00000092369,1700039E22Rik,0,0,0,0,0,0,0,0,0,0,0,0
ENSMUSG00000117967,Gm5246,0,0,0,0,0,0,0,0,0,0,0,0
ENSMUSG00000034445,Cyb561a3,179,216,142,151,168,52,141,130,148,146,207,166
ENSMUSG00000036097,Slf2,1434,1408,1185,1155,1098,819,794,1238,1380,1266,1217,1138
ENSMUSG00000065159,Gm25482,0,0,0,0,1,0,0,2,0,0,0,0
ENSMUSG00000118204,4930414N06Rik,0,0,0,0,0,0,0,0,0,0,0,0
ENSMUSG00000034371,Tkfc,226,271,216,224,317,121,183,262,236,208,258,222
ENSMUSG00000025207,Sema4g,10,8,8,4,5,2,6,10,7,7,4,8
ENSMUSG00000025208,Mrpl43,1083,1183,964,1007,896,399,1056,1010,1166,1054,929,872
ENSMUSG00000025209,Twnk,843,823,718,710,755,472,655,750,864,815,821,814
ENSMUSG00000024740,Ddb1,12102,12698,9800,10014,10390,4570,7680,9808,11045,9895,10875,10001
ENSMUSG00000035342,Lzts2,11,15,11,14,17,5,11,19,23,15,35,23
ENSMUSG00000043789,Vwce,2,3,3,1,2,1,2,2,1,2,1,2
ENSMUSG00000118392,4930524O05Rik,0,0,0,0,0,0,0,0,0,0,0,0
ENSMUSG00000024738,Pga5,0,0,0,0,0,0,0,0,0,0,0,0
ENSMUSG00000114772,2210404E10Rik,0,0,0,0,0,0,0,0,0,0,0,0
ENSMUSG00000048832,Vps37c,455,470,401,390,342,137,385,378,417,341,341,269
ENSMUSG00000074818,Pdzd7,0,0,0,0,0,0,1,0,0,1,1,0
ENSMUSG00000024669,Cd5,9425,9900,7838,8495,6834,4104,7298,8182,8765,8114,4928,4668
ENSMUSG00000067577,A430093F15Rik,514,615,451,522,316,193,392,371,531,508,260,263
ENSMUSG00000025212,Sfxn3,188,191,163,178,131,59,198,198,155,180,187,127
ENSMUSG00000117848,Gm35867,0,0,3,0,2,0,1,0,0,0,0,0
ENSMUSG00000025213,Kazald1,1,2,0,1,6,1,5,3,2,5,4,6
ENSMUSG00000025215,Tlx1,0,0,0,0,0,0,0,0,0,0,0,0
ENSMUSG00000092346,Tlx1os,0,0,0,0,0,1,0,0,0,0,0,0
ENSMUSG00000025216,Lbx1,0,0,0,1,1,1,0,0,0,0,0,0
ENSMUSG00000100417,Gm28578,0,0,0,0,0,0,0,0,0,0,0,0
ENSMUSG00000102057,Gm29594,0,0,0,0,0,0,0,0,0,0,0,0
ENSMUSG00000114673,1700016H03Rik,0,0,0,0,0,0,0,0,0,0,0,0
ENSMUSG00000024670,Cd6,11914,12652,10380,10810,8449,3754,9306,10634,10918,9664,6261,5794
ENSMUSG00000024737,Slc15a3,176,218,234,238,208,114,208,225,177,136,141,129
ENSMUSG00000118027,Gm10802,0,0,0,0,0,0,0,0,1,0,0,0
ENSMUSG00000024736,Tmem132a,72,71,54,44,35,11,28,41,44,52,47,47
ENSMUSG00000034659,Tmem109,2984,3235,2787,2812,3204,1015,3101,3004,2809,2435,2780,2641
ENSMUSG00000025217,Btrc,243,255,182,155,199,160,135,194,237,189,247,215
ENSMUSG00000057605,Gm6807,11,6,4,3,5,4,7,1,5,7,2,0
ENSMUSG00000025218,Poll,343,369,300,309,345,102,291,297,348,348,305,321
ENSMUSG00000041035,Gm17018,252,244,186,221,255,107,276,253,212,206,263,209
ENSMUSG00000024735,Prpf19,6416,6944,5584,5619,6215,3442,5332,5673,6944,5859,5680,5701
ENSMUSG00000024734,Zp1,0,0,0,0,0,0,0,0,0,0,0,0
ENSMUSG00000040913,Fbxw4,183,233,138,155,131,44,159,159,212,177,165,193
ENSMUSG00000034117,Ptgdr2,0,1,0,0,0,1,2,0,0,0,1,0
ENSMUSG00000024732,Ccdc86,3699,3861,2724,2850,2548,1271,2621,2760,3390,2999,2607,2631
ENSMUSG00000024731,Ms4a10,0,0,0,0,0,0,0,0,0,0,0,0
ENSMUSG00000067571,Ms4a15,0,0,0,0,2,0,0,0,0,0,0,0
ENSMUSG00000094584,Ms4a18,0,0,0,0,0,0,0,0,0,0,0,0
ENSMUSG00000101264,Gm28347,0,0,1,0,2,0,0,1,0,0,0,0
ENSMUSG00000075010,AW112010,897,1299,1206,1492,1026,578,1842,1791,1034,1062,1061,956
ENSMUSG00000025219,Fgf8,0,0,0,0,1,1,0,0,0,0,1,0
ENSMUSG00000024730,Ms4a8a,4,3,5,2,1,3,6,4,2,2,2,2
ENSMUSG00000101439,Gm336,0,2,3,3,1,1,0,1,1,4,0,2
ENSMUSG00000024729,Ms4a20,1,0,0,2,0,0,0,1,0,0,0,0
ENSMUSG00000099998,Gm6501,23,8,11,17,5,1,10,3,15,25,12,17
ENSMUSG00000024728,Ms4a19,0,0,0,0,0,0,0,0,0,0,0,0
ENSMUSG00000056209,Npm3,1533,1915,1410,1536,1778,433,1636,1478,1723,1359,1758,1528
ENSMUSG00000087367,Gm15491,57,58,37,37,45,46,55,57,64,43,46,42
ENSMUSG00000057240,Ms4a13,0,0,0,0,0,0,0,0,0,0,0,0
ENSMUSG00000097091,4930526L06Rik,0,0,0,0,0,0,0,1,0,0,0,0
ENSMUSG00000101031,Ms4a12,0,0,0,0,0,0,0,0,0,0,0,0
ENSMUSG00000024673,Ms4a1,8,8,0,2,0,1,0,0,3,3,0,0
ENSMUSG00000025220,Oga,4123,4472,4136,4049,3105,2014,3282,4274,3642,3530,2753,2495
ENSMUSG00000054523,Ms4a5,0,0,0,0,0,0,0,0,0,0,0,0
ENSMUSG00000099398,Ms4a14,0,0,0,0,0,0,0,0,0,0,0,0
ENSMUSG00000024672,Ms4a7,0,0,1,0,0,0,0,2,0,0,0,0
ENSMUSG00000100392,Gm28935,34,41,42,33,19,29,35,47,35,49,15,21
ENSMUSG00000101389,Ms4a4a,12,22,18,21,26,13,19,13,33,28,14,26
ENSMUSG00000101024,Gm5692,0,0,0,0,0,0,0,0,0,0,0,0
ENSMUSG00000024675,Ms4a4c,107,121,169,198,276,220,129,152,179,185,278,190
ENSMUSG00000100615,Gm5511,3,2,1,2,1,1,3,5,3,1,0,0
ENSMUSG00000056290,Ms4a4b,1906,2428,2636,2739,2519,1779,2742,2978,2495,2524,2445,2152
ENSMUSG00000079419,Ms4a6c,38,48,39,31,52,25,46,41,45,39,32,31
ENSMUSG00000099757,BE692007,121,127,112,125,149,174,110,161,128,121,284,192
ENSMUSG00000058470,Gm8369,420,480,544,570,356,332,574,602,437,395,365,348
ENSMUSG00000100529,Gm19261,5,3,4,5,7,3,1,3,0,1,4,2
ENSMUSG00000024677,Ms4a6b,1568,1825,2155,2307,2133,1298,2208,2379,1647,1632,1930,1729
ENSMUSG00000024678,Ms4a4d,1,0,2,4,2,0,7,0,3,1,2,3
ENSMUSG00000067555,Gm10212,0,0,0,0,0,0,0,0,0,0,0,0
ENSMUSG00000104088,Gm38275,0,0,0,0,0,1,0,0,0,0,0,0
ENSMUSG00000024679,Ms4a6d,27,46,44,44,27,23,46,32,36,27,19,20
ENSMUSG00000119417,#N/A,0,0,0,0,0,0,0,0,0,0,0,0
ENSMUSG00000024680,Ms4a2,0,0,0,0,0,0,0,0,0,0,0,0
ENSMUSG00000024681,Ms4a3,0,0,0,0,0,0,0,0,1,0,0,0
ENSMUSG00000055895,Oosp2,0,0,0,0,0,0,0,0,0,0,0,0
ENSMUSG00000041857,Oosp1,1,5,1,0,0,1,0,1,1,0,2,1
ENSMUSG00000088310,Gm26183,0,0,0,0,0,0,0,0,0,0,0,0
ENSMUSG00000089625,Gm25443,0,0,0,0,0,0,0,0,0,0,0,0
ENSMUSG00000055933,Oosp3,0,0,0,0,0,0,0,0,0,0,0,0
ENSMUSG00000100918,Gm19224,0,0,0,0,0,0,0,0,0,0,0,0
ENSMUSG00000024682,Cblif,0,0,0,0,0,0,0,0,0,0,0,0
ENSMUSG00000024683,Mrpl16,920,1069,897,887,970,455,897,1023,917,843,944,877
ENSMUSG00000025221,Kcnip2,4,5,3,2,7,2,3,5,3,4,14,13
ENSMUSG00000039901,Armh3,195,200,152,156,163,77,166,199,187,162,192,159
ENSMUSG00000117956,Gm50196,0,0,0,0,0,4,0,0,0,0,0,0
ENSMUSG00000117972,Gm6813,4,1,0,2,1,2,2,2,2,1,0,1
ENSMUSG00000097690,4930505N22Rik,1,1,0,2,0,0,2,1,1,3,0,1
ENSMUSG00000074811,Hps6,316,352,255,292,240,32,298,294,303,255,185,201
ENSMUSG00000041488,Stx3,31,26,19,16,17,12,16,16,18,17,19,18
ENSMUSG00000048292,Olfr1417,0,0,0,0,0,0,0,0,0,0,0,0
ENSMUSG00000060556,Olfr1418,0,0,0,0,0,2,0,0,0,0,0,0
ENSMUSG00000108966,Gm45119,0,0,0,0,0,0,0,0,0,0,0,0
ENSMUSG00000067545,Olfr1419,24,14,10,17,5,3,4,2,16,9,3,5
ENSMUSG00000051548,Gm6365,1,4,4,1,3,2,1,3,2,4,3,1
ENSMUSG00000060878,Olfr1420,0,0,0,0,0,0,0,0,0,0,0,0
ENSMUSG00000046139,Patl1,2272,2316,1789,1815,1841,1619,1844,2174,1988,1826,2036,1771
ENSMUSG00000104979,Mir6994,0,0,1,0,0,0,1,0,0,0,0,1
ENSMUSG00000077227,Gm22272,0,0,0,0,0,0,0,0,0,0,0,0
ENSMUSG00000024687,Osbp,1825,2041,1592,1550,1448,824,1264,1613,1501,1382,1326,1232
ENSMUSG00000109030,Olfr1421-ps1,0,0,0,0,0,2,0,0,0,0,0,0
ENSMUSG00000109047,Gm45115,0,0,0,0,0,0,0,0,0,0,0,0
ENSMUSG00000108947,Olfr1422-ps1,0,0,0,0,0,0,0,0,0,0,0,0
ENSMUSG00000109223,Gm45116,0,0,0,0,0,0,0,0,0,0,0,0
ENSMUSG00000067529,Olfr1423,0,0,1,0,0,0,0,0,0,1,1,0
ENSMUSG00000109417,Gm44859,0,0,0,0,0,0,0,0,0,0,0,0
ENSMUSG00000067528,Olfr1424,0,0,0,0,0,0,0,0,0,0,0,0
ENSMUSG00000067526,Olfr1425,0,0,0,0,0,0,0,0,0,0,0,0
ENSMUSG00000044994,Olfr1426,0,0,0,0,0,0,0,0,0,0,0,0
ENSMUSG00000067525,Olfr1427,0,0,0,0,0,0,0,0,0,0,0,0
ENSMUSG00000067524,Olfr1428,0,0,0,0,0,0,0,0,0,0,0,0
ENSMUSG00000067522,Olfr76,0,0,0,0,0,0,0,0,0,0,0,0
ENSMUSG00000108889,Olfr1555-ps1,0,0,0,0,0,0,0,0,0,0,0,0
ENSMUSG00000109410,Olfr1430-ps1,0,0,0,0,0,0,0,0,0,0,0,0
ENSMUSG00000094133,Olfr1431,0,0,1,0,0,2,0,0,0,0,1,0
ENSMUSG00000109022,Olfr1432,0,0,0,0,0,0,0,0,0,0,0,0
ENSMUSG00000025223,Ldb1,3393,3294,2240,2337,2943,1535,2394,2522,3286,2832,3953,3864
ENSMUSG00000067519,Olfr262,0,0,0,0,0,0,0,0,0,0,0,0
ENSMUSG00000097646,Gm26864,0,0,0,0,0,0,0,0,0,0,0,0
ENSMUSG00000060049,Olfr235,0,0,0,0,0,0,0,0,0,0,0,0
ENSMUSG00000118093,Gm17802,7,6,1,3,1,1,2,1,2,4,2,1
ENSMUSG00000095640,Olfr1434,0,0,0,0,0,0,0,0,0,0,0,0
ENSMUSG00000109433,Olfr1435-ps1,0,0,0,0,0,0,0,0,0,0,0,0
ENSMUSG00000067513,Olfr1436,0,0,0,0,0,0,0,0,0,0,0,0
ENSMUSG00000109229,Gm44858,0,0,0,0,0,0,0,0,0,0,0,0
ENSMUSG00000096436,Olfr1437,0,0,0,0,0,0,0,0,0,0,0,0
ENSMUSG00000109328,Olfr1438-ps1,0,0,0,0,1,0,0,0,0,0,0,0
ENSMUSG00000109007,Olfr1439-ps1,0,0,0,0,0,1,0,0,0,0,0,0
ENSMUSG00000046650,Olfr1440,0,0,0,0,0,0,0,0,0,0,0,0
ENSMUSG00000050815,Olfr1441,0,0,0,0,0,0,0,0,0,0,0,0
ENSMUSG00000040065,Pfpl,0,0,2,4,0,0,0,0,0,0,0,0
ENSMUSG00000046805,Mpeg1,19,27,28,26,10,6,28,30,25,23,11,12
ENSMUSG00000039982,Dtx4,84,74,95,110,64,31,68,81,84,86,44,46
ENSMUSG00000086213,A330040F15Rik,0,0,0,0,1,0,0,0,0,0,0,0
ENSMUSG00000114644,Gm47243,0,0,0,0,0,0,0,0,0,0,0,0
ENSMUSG00000111118,Gm6545,1,3,4,3,7,6,2,5,3,5,8,8
ENSMUSG00000114761,Gm47242,0,0,0,0,0,0,0,1,0,0,1,0
ENSMUSG00000055491,Pprc1,6488,6679,5216,5575,5536,2795,4507,5859,5668,5569,6188,6062
ENSMUSG00000024691,Fam111a,462,489,357,346,542,484,392,469,434,384,629,570
ENSMUSG00000084836,Gm16274,0,0,0,0,0,0,0,0,0,0,0,0
ENSMUSG00000071633,Gm4952,0,0,1,0,0,0,0,0,0,0,1,0
ENSMUSG00000063683,Glyat,0,0,0,0,0,0,0,0,0,0,0,0
ENSMUSG00000065892,Gm24521,0,0,0,0,0,0,0,0,0,0,0,0
ENSMUSG00000044441,Olfr1442,0,0,0,0,0,1,0,0,0,0,0,0
ENSMUSG00000045030,Olfr1443,0,0,0,0,0,0,0,0,0,0,0,0
ENSMUSG00000109309,Gm49772,0,0,0,0,0,0,0,0,0,0,0,0
ENSMUSG00000024694,Keg1,0,0,0,0,0,0,0,0,0,0,0,0
ENSMUSG00000084981,Gm15962,0,0,0,0,0,0,0,0,0,0,0,0
ENSMUSG00000079415,Cntf,2,6,8,7,9,3,2,7,10,8,1,4
ENSMUSG00000118491,Zfp91,0,0,0,0,0,0,0,0,0,0,0,0
ENSMUSG00000024695,Zfp91,2952,2680,2509,2469,2216,2249,2141,2620,2700,2509,2356,2192
ENSMUSG00000015176,Nolc1,15707,16082,13026,13916,13413,10762,12178,14622,15636,14283,15075,12872
ENSMUSG00000117703,Gm50306,0,0,0,0,0,0,0,0,0,0,0,0
ENSMUSG00000038754,Elovl3,0,0,0,0,1,0,0,0,0,0,0,0
ENSMUSG00000024696,Lpxn,608,755,611,619,472,139,481,485,582,510,606,578
ENSMUSG00000091014,Gm5244,1,1,1,1,0,0,1,2,2,2,0,2
ENSMUSG00000025229,Pitx3,1,0,0,0,0,0,0,0,0,0,0,0
ENSMUSG00000046272,Olfr1444,1,0,1,1,0,0,2,1,0,2,1,3
ENSMUSG00000045126,Olfr1445,0,1,0,0,0,0,0,0,0,0,0,0
ENSMUSG00000057817,Olfr1446,0,0,0,0,0,0,0,0,0,0,0,0
ENSMUSG00000060303,Olfr1447,0,0,0,0,0,0,0,0,0,0,0,0
ENSMUSG00000112693,Gm5512,0,0,0,0,0,0,0,0,0,0,0,0
ENSMUSG00000048456,Olfr1448,0,0,0,0,0,0,0,0,0,0,0,0
ENSMUSG00000049498,Olfr1449,0,0,0,0,0,0,0,0,0,0,0,0
ENSMUSG00000062892,Olfr1450,0,0,0,0,0,0,0,0,0,0,0,0
ENSMUSG00000046913,Olfr1451,0,0,0,0,0,0,0,0,0,0,0,0
ENSMUSG00000109148,Olfr1452-ps1,0,0,0,0,0,0,0,0,0,0,0,0
ENSMUSG00000094755,Olfr1453,0,0,0,0,0,0,0,0,0,0,0,0
ENSMUSG00000094986,Olfr1454,0,0,0,0,0,1,0,0,0,0,0,0
ENSMUSG00000109126,Olfr1455-ps1,0,0,0,0,0,0,0,0,0,0,0,0
ENSMUSG00000067482,Olfr1456-ps1,0,0,0,0,0,0,0,0,0,0,0,0
ENSMUSG00000061637,Olfr1457,0,0,0,0,1,0,0,0,0,0,0,0
ENSMUSG00000062844,Olfr1458,0,0,0,0,0,0,0,0,0,0,0,0
ENSMUSG00000057503,Olfr1459,0,0,0,0,0,0,0,0,0,0,0,0
ENSMUSG00000109415,Olfr1460-ps1,0,0,0,0,0,0,0,0,0,0,0,0
ENSMUSG00000045883,Olfr1461,0,0,0,0,0,0,0,0,0,0,0,0
ENSMUSG00000094721,Olfr1462,0,0,0,0,0,0,0,0,0,0,0,0
ENSMUSG00000096365,Olfr1463,0,0,0,0,0,0,0,0,0,0,0,0
ENSMUSG00000109100,Olfr1464-ps1,0,0,0,0,0,0,0,0,0,0,0,0
ENSMUSG00000119251,#N/A,0,0,0,0,0,0,0,0,0,0,0,0
ENSMUSG00000062199,Olfr1465,0,0,0,0,0,0,0,0,0,0,0,0
ENSMUSG00000096485,Olfr1466,0,0,0,0,0,0,0,0,0,0,0,0
ENSMUSG00000049015,Olfr1467,0,0,0,0,2,5,0,0,0,0,0,1
ENSMUSG00000109544,Olfr1468-ps1,0,0,0,0,0,0,0,0,0,0,0,0
ENSMUSG00000108881,Gm44849,0,0,0,0,0,0,0,0,0,0,0,0
ENSMUSG00000063777,Olfr1469,0,0,0,0,0,0,0,0,0,0,0,0
ENSMUSG00000109230,Olfr1470-ps1,0,0,0,0,0,0,0,0,0,0,0,0
ENSMUSG00000096320,Olfr1471,0,0,0,0,0,0,0,0,0,0,0,0
ENSMUSG00000095189,Olfr1472,0,0,0,0,0,0,0,0,0,0,0,0
ENSMUSG00000109573,Olfr1473-ps1,0,0,0,0,0,0,0,0,0,0,0,0
ENSMUSG00000096273,Olfr1474,0,0,0,0,0,0,0,0,0,0,0,0
ENSMUSG00000096708,Olfr1475,0,0,0,0,0,0,0,0,0,0,0,0
ENSMUSG00000109189,Olfr1476-ps1,0,0,0,0,0,0,0,0,0,0,0,0
ENSMUSG00000071629,Olfr1477,0,0,0,0,0,0,0,0,0,0,0,0
ENSMUSG00000025224,Gbf1,1615,1684,1163,1187,1278,727,921,1253,1357,1252,1410,1277
ENSMUSG00000109184,Olfr1478-ps1,0,0,0,0,0,0,0,0,0,0,0,0
ENSMUSG00000108887,Olfr1479-ps1,0,0,0,0,0,0,0,0,0,0,0,0
ENSMUSG00000118174,Gm3188,0,0,0,0,0,0,0,0,0,0,0,0
ENSMUSG00000095484,Olfr1480,0,0,0,0,0,0,0,0,0,0,0,0
ENSMUSG00000108945,Olfr1481-ps1,0,0,0,0,0,0,0,0,0,0,0,0
ENSMUSG00000109319,Olfr1482-ps1,0,0,0,0,0,0,0,0,0,0,0,0
ENSMUSG00000108974,Olfr1483-ps1,0,0,0,0,0,0,0,0,0,0,0,0
ENSMUSG00000093525,Gm8974,0,0,0,0,0,0,0,0,0,0,0,0
ENSMUSG00000086816,Gm16726,1,0,2,0,0,0,0,0,0,0,0,0
ENSMUSG00000118087,4833438C02Rik,139,131,140,159,165,83,133,154,172,126,109,129
ENSMUSG00000096289,Olfr1484,0,0,0,0,0,0,0,0,0,0,0,0
ENSMUSG00000109496,Olfr1485-ps1,0,0,0,0,0,0,0,0,0,0,0,0
ENSMUSG00000109343,Olfr1486-ps1,0,0,0,0,0,0,0,0,0,0,0,0
ENSMUSG00002075623,#N/A,0,0,0,0,0,0,0,0,0,0,0,0
ENSMUSG00002076425,#N/A,0,0,0,0,0,0,0,0,0,0,0,0
ENSMUSG00000094846,Olfr1487,0,0,0,0,0,0,0,0,0,0,0,0
ENSMUSG00000109285,Olfr1488-ps1,0,0,0,0,0,0,0,0,0,0,0,0
ENSMUSG00000045678,Olfr1489,0,0,1,0,0,0,0,0,0,0,0,0
ENSMUSG00000077291,Gm24124,0,0,0,0,0,0,0,0,0,0,0,0
ENSMUSG00000061387,Olfr1490,0,0,0,0,0,1,0,0,0,0,1,0
ENSMUSG00000051156,Olfr1491,0,0,0,0,0,0,0,0,0,0,0,0
ENSMUSG00000109527,Olfr1492-ps1,0,0,0,0,0,0,0,0,0,0,0,0
ENSMUSG00000109520,Olfr1493-ps1,0,0,0,0,0,0,0,0,0,0,0,0
ENSMUSG00000050865,Olfr1494,0,0,0,0,0,1,0,0,0,0,0,0
ENSMUSG00000047207,Olfr1495,0,0,0,0,0,0,0,0,0,0,0,0
ENSMUSG00000048356,Olfr1496,0,0,0,0,0,0,0,0,0,0,0,0
ENSMUSG00000044040,Olfr1497,0,0,0,0,0,1,0,0,0,0,0,0
ENSMUSG00000109530,Olfr1498-ps1,0,0,0,0,0,0,0,0,0,0,0,0
ENSMUSG00000045395,Olfr1499,0,0,0,0,0,0,0,0,0,0,0,0
ENSMUSG00000054526,Olfr1500,0,0,0,0,0,2,0,0,0,0,0,0
ENSMUSG00000057270,Olfr1501,0,0,0,0,0,1,0,0,0,0,0,0
ENSMUSG00000056858,Olfr1502,0,0,0,0,0,0,0,0,0,0,0,0
ENSMUSG00000058078,Olfr1503-ps1,0,0,0,0,0,0,0,0,0,0,0,0
ENSMUSG00000059105,Olfr1504,0,0,0,0,0,0,0,0,0,0,0,0
ENSMUSG00000062314,Olfr1505,0,0,0,0,0,0,0,0,0,0,0,0
ENSMUSG00000098074,Gm26993,0,0,0,0,0,0,0,0,0,0,0,0
ENSMUSG00000025225,Nfkb2,12746,13506,11556,12384,10498,4004,9395,11545,11190,10522,7681,7375
ENSMUSG00000024642,Tle4,902,1015,830,798,663,517,604,745,938,891,684,607
ENSMUSG00000103488,Gm37997,0,0,0,0,0,0,0,0,0,0,0,0
ENSMUSG00002076668,#N/A,0,0,0,0,0,0,0,0,0,0,0,0
ENSMUSG00000063586,Gm5513,7,3,2,3,6,2,0,7,8,4,3,6
ENSMUSG00000118757,#N/A,0,0,0,0,0,0,0,0,0,0,0,0
ENSMUSG00000117995,Gm50348,0,0,0,0,0,1,0,0,0,0,1,0
ENSMUSG00000024640,Psat1,4761,5336,5237,5435,4851,2484,4700,4877,4630,3930,4520,4255
ENSMUSG00000090147,Gm3329,0,0,0,0,0,0,0,0,1,0,0,0
ENSMUSG00000041491,Cep78,233,244,190,191,269,220,169,203,234,245,323,296
ENSMUSG00000097557,C130060C02Rik,1,2,1,0,0,4,0,3,1,0,2,0
ENSMUSG00000117711,Rpl37-ps1,0,0,0,0,0,0,0,2,0,0,0,0
ENSMUSG00000037126,Psd,9,5,5,4,9,4,5,8,11,7,4,1
ENSMUSG00000024639,Gnaq,858,912,787,778,670,434,737,861,774,697,694,660
ENSMUSG00000057990,E030024N20Rik,1,3,1,0,2,0,0,3,0,0,2,0
ENSMUSG00000075268,Gm10819,1,2,0,0,1,1,2,0,1,1,1,2
ENSMUSG00000078528,Gm17068,18,27,14,16,11,4,18,19,10,7,9,8
ENSMUSG00000098718,Mir496b,0,0,0,0,0,0,0,0,0,0,0,0
ENSMUSG00000118142,Gm19312,0,0,0,0,0,0,0,0,0,0,0,0
ENSMUSG00000025226,Fbxl15,108,136,92,122,138,22,147,98,142,108,103,75
ENSMUSG00000118033,Gm50362,0,0,0,0,0,0,0,0,0,0,0,0
ENSMUSG00000024697,Gna14,0,0,0,0,0,0,0,0,0,0,1,1
ENSMUSG00000117699,Gm8222,1,0,0,0,0,0,0,0,0,0,0,0
ENSMUSG00000118023,Gm50363,1,0,0,0,0,0,0,0,0,0,0,1
ENSMUSG00000036748,Cuedc2,422,443,393,397,361,142,388,418,370,340,374,333
ENSMUSG00000025227,Mfsd13a,125,127,105,96,102,41,130,137,98,97,118,146
ENSMUSG00000070127,Mir146b,0,0,0,0,0,0,0,0,0,0,0,1
ENSMUSG00000099655,2310034G01Rik,5,3,6,3,5,0,2,2,3,2,6,5
ENSMUSG00000065204,Gm24610,0,0,0,0,0,0,0,0,0,0,0,0
ENSMUSG00000025228,Actr1a,2049,2180,1546,1568,1580,600,1538,1780,1765,1563,1643,1502
ENSMUSG00000046230,Vps13a,1628,1757,1394,1542,1580,1386,648,1337,1086,1545,1773,1584
ENSMUSG00000114931,Gm32256,0,0,0,0,0,0,1,0,0,0,0,0
ENSMUSG00000046388,Gm9806,0,2,2,0,1,0,2,0,1,1,0,1
ENSMUSG00000118126,Gm32341,0,0,0,0,0,1,0,0,0,0,0,0
ENSMUSG00000056829,Foxb2,0,0,0,0,0,0,1,0,0,0,0,0
ENSMUSG00000039126,Prune2,0,0,0,0,1,0,0,0,0,1,0,0
ENSMUSG00000025231,Sufu,1286,1343,1019,1028,929,435,892,1093,1067,1042,941,818
ENSMUSG00002075332,#N/A,0,0,0,0,0,0,0,0,0,0,0,0
ENSMUSG00002076046,#N/A,0,0,0,0,0,0,0,0,0,0,0,0
ENSMUSG00000117941,Gm50276,0,0,0,0,0,0,0,0,0,0,0,0
ENSMUSG00000118367,Gm50277,0,0,0,0,0,0,0,0,0,0,0,0
ENSMUSG00000117946,Gm50280,0,0,0,0,0,0,0,0,0,0,0,0
ENSMUSG00000025034,Trim8,5579,5751,3502,3575,2969,1302,2852,3293,4340,3873,2967,2796
ENSMUSG00000038843,Gcnt1,136,150,185,165,96,76,133,126,148,112,105,103
ENSMUSG00000024712,Rfk,1235,1221,1107,1073,1090,643,1072,1097,1232,1077,1055,968
ENSMUSG00000025035,Arl3,465,477,392,384,349,317,407,454,443,343,414,367
ENSMUSG00000025036,Sfxn2,261,272,262,221,268,130,239,209,301,240,331,340
ENSMUSG00000047731,Wbp1l,1428,1649,1048,1141,928,402,1012,1243,1361,1171,1006,906
ENSMUSG00000118040,Gm36602,0,0,0,0,0,0,0,0,0,0,0,0
ENSMUSG00000024713,Pcsk5,0,0,0,0,0,1,0,0,0,0,1,0
ENSMUSG00000003555,Cyp17a1,0,0,0,0,0,0,0,0,0,0,0,0
ENSMUSG00000118270,Gm17819,0,0,0,0,0,0,1,0,0,0,0,0
ENSMUSG00000088370,Gm22880,0,0,0,0,0,0,0,0,0,0,0,0
ENSMUSG00000118079,Gm50181,0,0,0,0,0,0,0,0,0,0,0,0
ENSMUSG00000097937,Gm6967,12,15,8,12,16,3,19,15,6,10,11,7
ENSMUSG00000119544,#N/A,0,0,0,0,0,0,0,0,0,0,0,0
ENSMUSG00000117822,Eef1a1-ps1,26,50,25,39,29,11,52,32,27,25,22,29
ENSMUSG00002076798,#N/A,0,0,0,0,0,0,0,0,0,0,0,0
ENSMUSG00000117687,Gm50182,0,0,0,0,0,0,0,0,0,0,0,0
ENSMUSG00000117774,Gm18610,0,0,0,0,0,0,0,0,0,0,0,0
ENSMUSG00000062376,Borcs7,192,175,168,179,154,82,211,195,170,182,187,131
ENSMUSG00000118192,Gm50183,0,0,0,0,0,0,0,0,0,0,0,0
ENSMUSG00000003559,As3mt,33,34,15,24,15,14,24,28,36,27,27,26
ENSMUSG00000024725,Ostf1,1426,1785,1496,1622,1114,636,1607,1665,1247,1117,959,859
ENSMUSG00000080783,Gm8250,4,3,3,3,1,4,3,1,14,3,2,7
ENSMUSG00000064105,Cnnm2,110,103,75,67,60,35,57,83,83,81,59,62
ENSMUSG00000117814,Gm50431,17,23,15,16,20,7,14,20,8,6,17,15
ENSMUSG00000037847,Nmrk1,68,76,98,91,80,52,80,80,57,60,54,63
ENSMUSG00000024726,Carnmt1,275,274,257,247,279,210,213,252,311,285,313,304
ENSMUSG00000047044,D030056L22Rik,717,795,824,774,873,425,773,679,722,656,637,660
ENSMUSG00000117878,Gm50202,0,0,0,0,0,0,0,0,0,0,0,0
ENSMUSG00000064941,Gm23238,0,0,0,0,0,0,0,0,0,0,0,0
ENSMUSG00000024727,Trpm6,106,113,172,181,197,150,50,62,72,52,87,52
ENSMUSG00002075776,#N/A,0,0,0,0,0,0,0,0,0,0,0,0
ENSMUSG00000036192,Rorb,0,0,0,0,0,5,0,0,0,0,1,1
ENSMUSG00000117909,Gm50212,0,0,0,0,0,0,0,0,0,0,0,0
ENSMUSG00000025041,Nt5c2,568,652,447,412,507,315,461,554,621,502,611,574
ENSMUSG00000088907,Gm25437,0,0,0,0,0,0,0,0,0,0,0,0
ENSMUSG00000118109,Gm41815,0,0,0,0,0,0,0,0,0,0,0,0
ENSMUSG00000118167,Gm50216,1,1,0,0,0,0,0,0,1,1,0,1
ENSMUSG00000118150,Gm3728,0,0,0,0,0,0,0,0,0,0,0,0
ENSMUSG00000064783,Gm22684,0,0,0,0,0,0,0,0,0,0,0,0
ENSMUSG00000118067,Gm32629,0,0,0,0,0,0,0,0,0,0,0,0
ENSMUSG00000034336,Ina,170,164,115,87,159,87,71,101,177,148,182,194
ENSMUSG00000094732,1500015L24Rik,0,0,0,0,0,0,0,0,0,0,0,0
ENSMUSG00000025050,Pcgf6,1191,1301,1111,1129,1108,647,985,1132,1219,1173,1126,1070
ENSMUSG00000117691,Gm50319,0,0,0,0,0,1,0,0,0,1,0,0
ENSMUSG00000118915,#N/A,0,0,0,0,1,0,0,0,0,0,0,0
ENSMUSG00000025049,Taf5,401,402,399,398,447,303,393,447,440,355,413,380
ENSMUSG00000071528,Atp5md,48,59,43,62,125,34,99,60,49,56,58,80
ENSMUSG00000025047,Pdcd11,9784,9811,7914,7896,7113,3443,5909,7379,9042,8619,7441,7416
ENSMUSG00000033033,Calhm2,291,303,252,243,331,93,264,273,314,270,253,211
ENSMUSG00000079258,Calhm1,0,0,0,1,0,0,2,1,1,0,0,0
ENSMUSG00000094219,Calhm3,0,0,0,0,0,1,0,0,0,0,0,0
ENSMUSG00000091230,H1f11-ps,0,0,0,0,0,0,0,0,0,0,1,0
ENSMUSG00000024659,Anxa1,445,525,429,511,186,129,365,344,305,293,142,120
ENSMUSG00000114469,C730002L08Rik,0,0,0,0,0,0,0,0,0,0,0,0
ENSMUSG00000006435,Neurl1a,0,3,0,1,0,1,1,1,1,3,0,0
ENSMUSG00000118127,Gm36693,0,0,0,0,0,0,0,0,0,0,0,0
ENSMUSG00000117659,Gm50339,0,0,0,0,0,0,0,0,0,0,0,0
ENSMUSG00000118029,AC132288.1,0,0,0,0,0,0,0,0,0,0,0,0
ENSMUSG00000053279,Aldh1a1,0,0,0,0,0,3,0,0,0,0,0,0
ENSMUSG00000047168,Gm6684,0,0,0,0,0,0,0,0,0,0,0,0
ENSMUSG00000024747,Aldh1a7,0,0,0,0,0,0,0,0,0,0,0,0
ENSMUSG00000024749,Tmc1,0,0,0,0,0,1,0,0,0,0,0,0
ENSMUSG00000118293,Gm32750,0,0,0,0,0,0,0,0,0,0,0,0
ENSMUSG00000053617,Sh3pxd2a,90,79,54,53,72,50,40,72,71,74,127,115
ENSMUSG00000098786,Mir6995,0,0,0,0,0,0,0,0,0,0,0,0
ENSMUSG00000118047,4930554I06Rik,0,0,0,0,0,0,0,0,1,0,0,0
ENSMUSG00000118086,AC106834.1,0,0,0,0,0,0,0,0,0,0,0,0
ENSMUSG00000118090,Gm50236,0,0,0,0,0,0,0,0,0,0,0,0
ENSMUSG00000118044,Gm50243,0,0,0,0,0,0,0,0,0,0,0,0
ENSMUSG00000024750,Zfand5,1903,1750,1404,1355,1307,903,1443,1454,1823,1615,1297,1393
ENSMUSG00000118342,Gm50255,0,0,0,0,0,0,0,0,0,0,0,0
ENSMUSG00000042694,Stn1,274,297,253,292,332,201,330,310,332,251,283,290
ENSMUSG00000097990,Gm19557,8,10,11,6,10,7,9,24,8,13,4,11
ENSMUSG00000058624,Gda,2,1,0,0,1,0,1,1,1,0,2,4
ENSMUSG00000079382,Gm3443,0,0,0,0,0,0,0,0,0,0,0,0
ENSMUSG00000035171,1110059E24Rik,59,74,50,55,64,56,69,62,61,53,61,54
ENSMUSG00000047368,Abhd17b,1303,1278,875,950,909,592,906,836,1073,1035,957,887
ENSMUSG00000118055,Gm50129,0,0,0,0,0,0,0,0,0,0,0,0
ENSMUSG00000025060,Slk,2935,2986,2571,2434,2389,2458,1962,2946,2668,2600,2601,2343
ENSMUSG00000118206,Gm50358,0,0,0,0,0,1,0,0,0,0,0,0
ENSMUSG00000086121,Gm16068,0,0,0,0,1,0,0,0,0,0,0,0
ENSMUSG00000024754,Cemip2,965,938,725,730,482,302,469,682,699,665,470,385
ENSMUSG00000118021,Gm50130,0,0,0,0,0,0,0,0,0,0,0,0
ENSMUSG00000045104,Gm5514,0,0,0,1,0,0,0,0,0,0,0,0
ENSMUSG00000118237,Gm50133,0,0,0,0,0,0,0,0,0,0,0,0
ENSMUSG00000118273,Gm41819,0,0,0,0,0,0,0,0,0,0,0,0
ENSMUSG00000118226,Gm50134,0,0,0,0,0,0,0,0,0,0,0,0
ENSMUSG00000025064,Col17a1,0,1,0,2,2,2,2,4,1,3,0,0
ENSMUSG00000117702,Gm50281,0,0,0,0,0,0,0,0,0,0,0,0
ENSMUSG00000088525,Gm26085,0,0,0,0,0,0,0,0,0,0,0,0
ENSMUSG00001118662,#N/A,0,0,0,0,0,0,0,0,0,0,0,0
ENSMUSG00000118149,Gm50282,0,0,0,0,0,0,0,0,0,0,0,0
ENSMUSG00000025066,Sfr1,2496,2278,2012,2140,2257,2981,2585,2705,2637,2388,2699,2316
ENSMUSG00000044948,Cfap43,0,3,0,2,0,4,1,2,0,0,0,2
ENSMUSG00000099069,Mir8090,0,0,0,0,0,0,0,0,0,0,0,0
ENSMUSG00000025068,Gsto1,1633,1736,1441,1584,1490,776,1800,1627,1817,1606,1630,1597
ENSMUSG00000025069,Gsto2,1,0,0,0,2,0,0,0,1,1,1,1
ENSMUSG00000117975,Itprip,284,317,248,250,305,93,247,292,213,239,275,310
ENSMUSG00002075899,#N/A,0,0,0,0,0,0,0,0,0,0,0,0
ENSMUSG00000046585,Cfap58,4,3,0,0,2,0,1,0,0,4,0,0
ENSMUSG00000117690,Gm50430,0,0,0,0,0,0,0,0,0,0,0,0
ENSMUSG00000063434,Sorcs3,0,0,0,0,0,0,0,0,0,0,1,0
ENSMUSG00002075051,#N/A,0,0,0,0,0,0,0,0,0,0,0,0
ENSMUSG00000117930,Gm50436,0,0,0,0,0,0,0,0,0,0,0,0
ENSMUSG00000118014,4930535F04Rik,0,0,0,0,0,0,0,0,0,0,0,0
ENSMUSG00000117996,Gm50441,0,0,0,0,0,0,0,0,0,0,0,0
ENSMUSG00000118111,Gm50442,0,0,0,0,0,0,0,0,0,0,0,0
ENSMUSG00000117931,Gm50444,0,0,0,0,0,0,0,0,0,0,0,0
ENSMUSG00000118059,Gm6975,0,0,0,1,0,0,0,0,0,0,0,1
ENSMUSG00002076593,#N/A,0,0,0,0,0,0,0,0,0,0,0,0
ENSMUSG00000117697,Siah1-ps1,0,0,0,0,0,0,0,0,0,0,0,0
ENSMUSG00000062083,Rpl13a-ps1,29,17,18,18,24,30,21,25,33,37,18,33
ENSMUSG00000043531,Sorcs1,10,15,8,10,15,11,3,11,7,8,22,23
ENSMUSG00002075054,#N/A,0,0,0,0,0,0,0,0,0,0,0,0
ENSMUSG00000110007,Gm45352,0,0,0,0,0,0,0,0,0,0,0,0
ENSMUSG00000097446,Gm26629,0,0,0,0,0,0,0,0,0,0,0,0
ENSMUSG00000117758,Gm50302,0,0,0,0,0,0,0,0,0,0,0,0
ENSMUSG00002076015,#N/A,0,0,0,0,0,0,0,0,0,0,0,0
ENSMUSG00000118338,Gm50317,0,0,0,0,0,0,0,0,0,0,0,0
ENSMUSG00000065143,Gm25644,0,0,0,0,0,0,0,0,0,0,0,0
ENSMUSG00000117806,Gm50325,0,0,0,0,0,0,0,0,0,0,0,0
ENSMUSG00000118158,Gm50326,0,0,0,0,0,0,0,0,0,0,0,0
ENSMUSG00000097719,Rpl31-ps18,2,0,1,1,4,1,2,0,1,1,0,1
ENSMUSG00000117867,Gm50330,0,0,0,0,0,0,0,0,0,0,0,0
ENSMUSG00000118173,Gm50329,0,0,0,0,0,0,0,0,0,0,0,0
ENSMUSG00000035804,Ins1,0,0,0,0,0,0,0,0,0,0,0,0
ENSMUSG00000118128,Gm50331,0,0,0,0,0,0,0,0,0,0,0,0
ENSMUSG00000118114,Gm50332,0,0,0,0,0,0,0,0,0,0,0,0
ENSMUSG00000117896,AA387883,0,0,0,0,1,3,0,0,0,0,0,0
ENSMUSG00000025027,Xpnpep1,1633,1849,1222,1314,1353,567,1148,1238,1679,1441,1473,1352
ENSMUSG00000098730,Mir6407,1,0,0,0,0,0,1,0,0,0,0,0
ENSMUSG00000099988,1700054A03Rik,0,0,0,0,0,1,0,0,0,0,0,0
ENSMUSG00000118233,Gm30381,0,0,0,0,0,0,0,0,0,0,0,0
ENSMUSG00000118003,Gm9618,0,0,0,0,0,0,1,0,0,0,0,0
ENSMUSG00000025026,Add3,551,593,512,526,585,377,533,612,581,560,551,489
ENSMUSG00002075407,#N/A,0,0,0,0,0,0,0,0,0,0,0,0
ENSMUSG00000118314,1700001K23Rik,1,0,4,2,1,0,3,1,0,1,1,0
ENSMUSG00000118350,Gm36339,0,0,0,0,0,0,0,0,0,0,0,0
ENSMUSG00000025025,Mxi1,489,553,526,562,628,401,614,691,404,353,582,545
ENSMUSG00000118369,Gm30541,1,0,0,0,1,2,0,0,1,0,0,0
ENSMUSG00000067085,Gm10197,0,0,0,0,1,0,0,0,0,0,0,0
ENSMUSG00000025024,Smndc1,2196,2278,1963,1973,1991,1545,2117,2158,2319,2015,1987,1792
ENSMUSG00000117768,8030456M14Rik,6,13,12,10,8,19,4,10,7,3,16,11
ENSMUSG00000097636,Mirt1,45,61,65,84,128,97,71,78,46,54,105,102
ENSMUSG00000097779,4833407H14Rik,104,107,119,117,300,170,166,124,129,133,169,136
ENSMUSG00000118378,Gm50393,0,1,0,1,0,4,0,1,0,0,0,0
ENSMUSG00000118210,Gm50394,18,4,18,21,20,3,16,9,20,19,11,11
ENSMUSG00000034765,Dusp5,5344,6039,6720,7235,9978,3883,7085,7792,6475,6076,6760,6485
ENSMUSG00000071497,Nutf2-ps1,0,3,0,2,2,6,2,2,1,0,1,0
ENSMUSG00000118159,Gm50402,4,5,12,11,7,4,13,12,4,9,3,4
ENSMUSG00000024974,Smc3,3256,3400,2766,2906,3521,4830,2667,3314,2369,2979,3810,3311
ENSMUSG00000043639,Rbm20,0,0,2,0,1,3,0,3,1,2,1,0
ENSMUSG00000089807,Gm16298,18,2,2,3,4,3,3,3,21,16,6,9
ENSMUSG00000089679,Gm16299,6,5,16,12,12,7,4,3,5,16,25,20
ENSMUSG00000117693,Gm50272,0,0,0,0,0,0,0,0,0,0,0,0
ENSMUSG00000024975,Pdcd4,337,333,419,366,506,520,397,480,417,378,566,508
ENSMUSG00000052387,Trpm3,0,0,0,0,1,11,1,1,1,0,1,0
ENSMUSG00000084957,Bbip1,563,649,516,551,545,328,522,594,580,557,520,511
ENSMUSG00000024976,Shoc2,1244,1308,1017,1110,983,841,901,1103,1143,1168,1061,951
ENSMUSG00000088558,Gm22506,0,0,0,0,0,0,0,0,0,0,0,0
ENSMUSG00000117704,Gm50273,0,0,0,0,0,0,0,0,0,0,0,0
ENSMUSG00000098739,Gm27151,0,0,0,0,0,0,0,0,0,0,0,0
ENSMUSG00000118353,Nsa2-ps1,2,2,1,1,0,0,2,0,0,0,0,0
ENSMUSG00000117981,4930484I04Rik,0,0,0,0,0,0,0,0,0,0,0,0
ENSMUSG00000065507,Mir204,0,0,0,0,0,0,0,0,0,0,0,0
ENSMUSG00000033717,Adra2a,3,0,5,3,1,0,6,1,2,2,0,1
ENSMUSG00000097930,C330002G04Rik,0,0,0,0,0,2,0,0,0,0,1,0
ENSMUSG00000117921,Gm50186,0,0,0,0,0,0,0,0,0,0,0,0
ENSMUSG00000118324,Gm50187,0,0,0,0,0,0,0,0,0,0,0,0
ENSMUSG00000117755,Gm50188,0,0,0,0,0,0,0,0,0,0,0,0
ENSMUSG00000118207,Gm50191,0,0,0,0,0,0,0,0,0,0,0,0
ENSMUSG00000024978,Gpam,895,929,656,701,656,378,576,685,770,744,638,622
ENSMUSG00000118099,Gm31356,0,0,0,0,0,1,0,1,2,0,1,0
ENSMUSG00000024979,Tectb,0,0,0,0,0,0,0,0,0,0,0,0
ENSMUSG00000098289,Mir6715,0,0,0,0,0,0,0,0,0,0,0,0
ENSMUSG00000055523,Gucy2g,0,0,0,0,0,1,0,0,0,0,0,0
ENSMUSG00000024981,Acsl5,7790,8587,6706,6966,6772,3464,6269,6857,7740,6978,6498,6349
ENSMUSG00000024982,Zdhhc6,1512,1729,1369,1392,1575,1034,1252,1462,1497,1428,1514,1345
ENSMUSG00000024983,Vti1a,505,468,403,386,405,315,390,472,465,406,545,478
ENSMUSG00000024985,Tcf7l2,0,0,0,0,4,13,2,1,0,2,1,0
ENSMUSG00000099746,Ppnr,0,0,0,0,0,0,0,0,0,0,0,0
ENSMUSG00000117833,Gm50135,0,0,0,0,0,0,0,0,0,0,0,0
ENSMUSG00000117827,D730002M21Rik,0,0,0,0,0,1,0,0,0,0,0,0
ENSMUSG00000117695,Gm31912,0,0,0,0,0,0,0,0,0,0,0,0
ENSMUSG00000117779,Gm19209,0,1,0,0,0,0,1,1,0,0,0,0
ENSMUSG00000024843,Chka,827,727,718,699,560,271,577,652,787,692,575,627
ENSMUSG00000117912,Gm50383,4,2,6,0,2,11,1,0,0,0,3,1
ENSMUSG00000001750,Tcirg1,496,554,400,412,435,149,419,499,431,419,520,514
ENSMUSG00000059734,Ndufs8,1100,1490,1067,1254,1314,570,1366,1371,1354,1147,1135,1055
ENSMUSG00000024885,Aldh3b1,0,0,0,2,0,0,0,0,0,0,0,0
ENSMUSG00000118129,Gm50327,0,0,0,0,0,0,0,0,0,0,0,0
ENSMUSG00000036908,Unc93b1,190,248,198,255,166,87,256,264,224,190,201,193
ENSMUSG00000037263,Aldh3b3,0,0,0,0,0,6,1,0,0,0,0,0
ENSMUSG00000075296,Aldh3b2,0,0,0,0,0,0,0,0,0,0,0,0
ENSMUSG00000024866,Acy3,12,14,7,5,8,8,8,4,12,15,15,10
ENSMUSG00000037477,Tbx10,0,0,0,0,0,0,0,0,0,0,0,0
ENSMUSG00000118132,4833408A19Rik,2,2,4,1,2,3,2,2,3,0,0,4
ENSMUSG00000110949,Nudt8,9,8,5,11,5,0,4,9,8,5,11,9
ENSMUSG00000024869,Gm49405,31,22,27,28,54,35,23,28,17,19,54,37
ENSMUSG00000086107,Gm16312,0,0,0,0,0,0,0,1,0,0,0,0
ENSMUSG00000024871,Doc2g,33,14,27,25,29,9,30,26,18,21,33,44
ENSMUSG00000037916,Ndufv1,1234,1329,968,1068,1182,433,1143,1082,1241,1032,1139,1145
ENSMUSG00000060803,Gstp1,148,154,102,121,192,39,175,109,129,115,137,130
ENSMUSG00000038155,Gstp2,0,2,2,2,3,0,1,1,0,0,1,1
ENSMUSG00000058216,Gstp3,394,426,381,472,428,253,452,466,388,374,319,321
ENSMUSG00000104921,Gm23927,0,0,0,0,0,0,0,0,0,0,0,0
ENSMUSG00000064400,Gm23927,0,0,0,0,0,0,0,0,0,0,0,0
ENSMUSG00000024857,Cabp2,0,0,0,0,0,0,0,0,0,0,0,0
ENSMUSG00000024856,Cdk2ap2,472,546,436,456,521,150,559,492,449,377,463,462
ENSMUSG00000024851,Pitpnm1,467,437,396,373,471,136,351,446,459,348,437,464
ENSMUSG00000024847,Aip,1043,1087,924,947,1049,474,1073,1023,1106,914,1138,965
ENSMUSG00000024845,Tmem134,550,627,497,546,442,141,551,607,567,542,424,449
ENSMUSG00000024842,Cabp4,3,4,0,3,0,4,1,4,1,3,5,1
ENSMUSG00000044724,Gpr152,1,0,1,1,0,2,3,3,4,1,2,0
ENSMUSG00000024835,Coro1b,1560,1616,1102,1158,1011,414,986,1165,1496,1270,1128,1172
ENSMUSG00000045826,Ptprcap,5916,6932,4669,5155,4976,2203,5186,4680,6954,6011,5213,5331
ENSMUSG00000024830,Rps6kb2,419,470,335,325,272,166,308,355,414,358,313,285
ENSMUSG00000075289,Carns1,189,211,143,166,109,78,191,146,179,150,134,132
ENSMUSG00000117905,Gm50230,9,5,5,6,12,4,5,4,5,7,13,13
ENSMUSG00000097233,Gm17552,2,5,3,1,1,6,4,6,7,8,3,8
ENSMUSG00000040247,Tbc1d10c,201,257,152,174,190,69,244,214,196,177,253,256
ENSMUSG00000040385,Ppp1ca,5674,6364,4703,5066,5466,2100,5473,5795,5615,4775,5105,5017
ENSMUSG00000117839,Gm50251,4,1,5,3,8,0,2,3,9,5,4,5
ENSMUSG00000024824,Rad9a,672,704,633,613,607,226,692,708,527,555,578,622
ENSMUSG00000118245,Gm30082,0,0,0,0,1,0,1,1,0,0,2,1
ENSMUSG00000040663,Clcf1,1584,1612,1658,1605,1910,803,1179,1393,1418,1314,1067,1041
ENSMUSG00000117873,Gm45928,0,0,0,0,0,0,0,0,0,0,0,0
ENSMUSG00002075602,#N/A,5,1,3,1,1,0,0,3,5,6,1,2
ENSMUSG00000024854,Pold4,162,177,124,149,160,78,173,160,153,148,116,144
ENSMUSG00000117718,1500032F14Rik,0,0,0,0,0,0,0,0,0,0,0,0
ENSMUSG00000034616,Ssh3,101,79,81,97,99,30,90,82,103,52,76,69
ENSMUSG00000099290,Mir6985,0,0,0,0,0,0,0,0,0,0,0,0
ENSMUSG00000005986,Ankrd13d,34,26,24,25,16,11,28,22,17,11,17,14
ENSMUSG00000118344,Gm50152,0,0,0,0,0,0,0,0,0,0,0,0
ENSMUSG00000024858,Grk2,4510,4707,3521,3511,3832,1589,3635,4022,4309,3701,4102,4064
ENSMUSG00000054611,Kdm2a,4445,4595,3557,3418,3564,2731,3054,3930,3972,3769,4023,3750
ENSMUSG00000092341,Malat1,14747,11069,13170,9929,6853,7936,9302,13329,13601,13508,10569,12984
ENSMUSG00002076626,#N/A,0,0,0,0,0,0,0,0,0,0,0,0
ENSMUSG00000102349,Gm37376,2,2,0,1,1,3,3,1,1,0,0,2
ENSMUSG00002074969,#N/A,0,0,0,0,0,0,0,0,0,0,0,0
ENSMUSG00000092274,Neat1,691,704,622,614,661,407,578,690,686,710,696,769
ENSMUSG00002076852,#N/A,0,0,0,0,0,0,0,0,0,0,0,0
ENSMUSG00002075794,#N/A,0,0,0,0,0,0,0,0,0,0,0,0
ENSMUSG00002076763,#N/A,0,0,0,0,0,0,0,0,0,0,0,0
ENSMUSG00000043488,Frmd8os,1,1,0,2,1,0,0,0,0,1,0,0
ENSMUSG00000024816,Frmd8,356,398,360,387,415,100,452,416,317,273,408,364
ENSMUSG00000024818,Slc25a45,51,55,42,48,65,42,59,46,50,42,81,81
ENSMUSG00000044390,Tigd3,33,38,30,25,22,17,40,26,20,22,34,29
ENSMUSG00000024826,Dpf2,1564,1678,1300,1327,1435,737,1285,1460,1560,1338,1531,1279
ENSMUSG00000110156,Gm42067,9,8,9,15,20,8,11,15,9,10,13,13
ENSMUSG00000045664,Cdc42ep2,4,1,2,6,4,1,5,5,2,2,4,0
ENSMUSG00000024833,Pola2,1094,1042,1032,975,1242,660,1048,1308,1122,925,1298,1206
ENSMUSG00000037451,Slc22a20,0,0,0,0,0,0,0,0,0,0,0,0
ENSMUSG00000024942,Capn1,1540,1785,1139,1256,940,423,1203,1467,1339,1124,1063,1009
ENSMUSG00000097404,Gm10814,2,1,4,1,3,1,4,4,3,1,0,0
ENSMUSG00000118194,Gm19505,0,0,0,0,0,0,0,0,0,0,0,0
ENSMUSG00000094281,Gm8034,1,6,1,5,2,2,1,4,2,2,5,7
ENSMUSG00000024807,Syvn1,1939,1968,1436,1434,1212,522,1252,1518,1261,1245,1065,985
ENSMUSG00000098928,Mir6988,0,0,0,0,0,0,1,0,1,0,0,0
ENSMUSG00000007338,Mrpl49,590,655,560,557,689,422,622,621,577,500,698,632
ENSMUSG00000118496,AC131692.1,0,0,0,0,0,0,0,0,0,0,0,0
ENSMUSG00000038274,Fau,103,117,78,115,96,39,97,100,96,122,118,81
ENSMUSG00000075227,Znhit2,575,657,404,527,519,132,481,443,604,556,410,437
ENSMUSG00000024799,Tm7sf2,50,77,75,67,92,23,80,76,58,52,51,44
ENSMUSG00000024797,Vps51,480,487,468,488,516,213,465,501,526,423,436,463
ENSMUSG00000100621,Gm28374,2,0,2,4,0,0,1,1,1,3,1,1
ENSMUSG00000047733,Tmem262,0,1,2,3,2,0,1,4,0,1,1,4
ENSMUSG00000024792,Zfpl1,352,425,302,335,327,105,348,339,362,297,270,258
ENSMUSG00000024791,Cdca5,364,414,472,500,654,250,699,612,362,351,393,422
ENSMUSG00000117666,Gm550,7,11,9,12,13,10,13,14,4,6,6,8
ENSMUSG00000054999,Naaladl1,0,4,8,6,6,3,6,14,7,4,11,7
ENSMUSG00000024790,Sac3d1,556,662,539,552,660,137,622,549,646,501,497,557
ENSMUSG00000024787,Snx15,301,337,225,211,259,92,305,261,324,281,322,307
ENSMUSG00000024944,Arl2,127,114,82,108,136,61,78,96,115,109,120,171
ENSMUSG00000039699,Batf2,0,1,2,1,3,1,4,2,4,1,0,0
ENSMUSG00002076495,#N/A,0,0,0,0,0,0,0,0,0,0,0,0
ENSMUSG00000083458,Gm5510,0,1,0,0,0,0,1,1,0,0,0,0
ENSMUSG00000118181,CAAA01066123.1,0,0,0,0,0,0,0,0,0,0,0,0
ENSMUSG00000104884,Mir5046,0,0,0,0,0,0,0,0,0,0,0,0
ENSMUSG00000047810,Ccdc88b,4507,4598,3661,3785,3159,1276,2782,3692,3915,3685,3679,3578
ENSMUSG00000024953,Prdx5,1631,1788,1391,1575,1449,516,1605,1556,1757,1416,1296,1241
ENSMUSG00000038812,Trmt112,112,101,89,103,115,110,123,97,123,79,93,105
ENSMUSG00000024955,Esrra,928,917,666,729,618,230,511,623,789,744,703,706
ENSMUSG00000098413,Mir6990,0,0,0,0,0,0,0,0,0,0,0,0
ENSMUSG00000050623,Catsperz,1,1,1,0,0,0,0,0,0,1,0,0
ENSMUSG00000024957,Kcnk4,0,0,0,0,0,1,0,0,0,0,0,0
ENSMUSG00000024958,Gpr137,60,69,40,44,67,16,49,52,53,46,98,60
ENSMUSG00000024959,Bad,80,72,46,66,72,16,84,65,64,56,89,94
ENSMUSG00000024960,Plcb3,342,335,227,227,274,153,198,256,248,272,339,295
ENSMUSG00000056612,Ppp1r14b,877,1153,806,847,917,188,892,691,1074,864,813,822
ENSMUSG00000056629,Fkbp2,349,305,271,338,372,320,327,393,337,292,433,403
ENSMUSG00000024962,Vegfb,156,168,115,119,96,54,173,169,173,117,133,135
ENSMUSG00000024963,Dnajc4,151,144,113,115,133,93,138,160,136,121,124,126
ENSMUSG00000037349,Nudt22,53,46,28,39,51,12,39,25,55,32,44,42
ENSMUSG00000047656,Trpt1,16,10,8,18,31,8,17,15,14,5,25,25
ENSMUSG00000024965,Fermt3,3919,4335,3059,3214,2119,765,3009,3260,3243,2883,2995,2677
ENSMUSG00000024966,Stip1,7712,8157,6309,6772,8603,6323,6507,7749,8274,6867,9411,8181
ENSMUSG00002075372,#N/A,0,0,0,0,0,0,0,0,0,0,0,0
ENSMUSG00000118062,Gm50435,0,0,0,1,0,0,0,0,0,0,0,0
ENSMUSG00000084221,Hmgb1-ps4,0,5,1,2,2,1,1,2,0,3,8,4
ENSMUSG00000084825,2410152P15Rik,0,0,0,0,0,0,0,0,0,0,0,0
ENSMUSG00000085285,Gm14968,0,0,0,0,0,0,0,0,0,0,0,0
ENSMUSG00000118668,#N/A,507,586,396,427,393,106,338,409,505,436,392,358
ENSMUSG00000039652,Cpeb3,9,2,2,4,7,7,2,1,6,5,7,4
ENSMUSG00002075338,#N/A,0,0,0,0,0,0,0,0,0,0,0,0
ENSMUSG00000097591,A330032B11Rik,0,0,0,0,0,0,0,0,0,0,0,0
ENSMUSG00002075087,#N/A,0,0,0,0,0,0,0,0,0,0,0,0
ENSMUSG00000023307,44625,1394,1451,1208,1259,1222,673,1320,1230,1308,1177,1211,1122
ENSMUSG00000089143,Gm25268,0,0,0,0,0,0,0,0,0,0,0,0
ENSMUSG00000056999,Ide,3052,3048,2624,2337,3022,2037,2098,2739,2908,2723,3688,3359
ENSMUSG00000080885,Rpl10-ps6,2,3,0,8,0,0,4,3,2,1,2,0
ENSMUSG00000012443,Kif11,1496,1626,1946,1807,3157,2330,1861,2434,1527,1506,2401,2177
ENSMUSG00000117988,Gm8663,8,5,4,0,6,7,5,5,3,5,8,7
ENSMUSG00000118211,Gm46649,0,0,1,0,1,3,0,0,1,1,1,0
ENSMUSG00000102353,Gm38345,0,0,0,0,0,0,0,0,0,1,1,0
ENSMUSG00000024986,Hhex,4,5,5,6,5,1,7,8,10,4,7,2
ENSMUSG00002075640,#N/A,0,0,0,0,0,0,0,0,0,0,0,0
ENSMUSG00000117800,1700122C19Rik,1,2,0,0,0,1,3,2,2,1,1,0
ENSMUSG00000067889,Sptbn2,59,52,63,52,23,21,22,55,43,51,10,13
ENSMUSG00000033760,Rbm4b,397,398,301,278,389,242,277,318,412,346,390,360
ENSMUSG00000103651,Gm37206,130,118,119,112,74,97,65,118,110,92,122,92
ENSMUSG00000094936,Rbm4,121,132,105,106,108,64,90,107,135,109,109,136
ENSMUSG00000035818,Plekhs1,0,1,2,0,0,1,0,0,0,1,0,0
ENSMUSG00000025077,Dclre1a,436,439,336,323,393,354,319,361,355,350,403,376
ENSMUSG00000064336,mt-Tf,0,0,0,0,0,0,0,1,0,0,0,0
ENSMUSG00000064337,mt-Rnr1,22362,24849,23942,24414,15784,32677,21092,25789,23445,21859,13689,11677
ENSMUSG00000064338,mt-Tv,1,2,3,4,1,0,2,4,4,3,2,1
ENSMUSG00000064339,mt-Rnr2,45698,50249,43340,43106,25736,54253,37624,49371,49030,46759,26848,22185
ENSMUSG00000064340,mt-Tl1,45,99,62,73,48,7,72,61,38,54,27,33
ENSMUSG00000064341,mt-Nd1,64430,63378,45300,46770,46332,116513,53560,70684,62302,63632,62027,49183
ENSMUSG00000064342,mt-Ti,13,11,8,3,13,57,12,10,17,12,23,14
ENSMUSG00000064343,mt-Tq,5,6,1,8,2,1,4,3,4,3,2,0
ENSMUSG00000064344,mt-Tm,0,10,5,3,10,16,5,3,7,11,11,2
ENSMUSG00000064345,mt-Nd2,37333,35842,27910,28119,31122,96594,33062,45068,34970,37419,41679,33427
ENSMUSG00000064346,mt-Tw,28,39,20,27,11,3,20,25,27,34,15,10
ENSMUSG00000064347,mt-Ta,1,0,1,0,0,1,1,0,0,1,1,0
ENSMUSG00000064348,mt-Tn,0,1,0,0,0,0,1,0,4,0,1,2
ENSMUSG00000064349,mt-Tc,0,0,0,0,0,0,1,0,1,0,1,0
ENSMUSG00000064350,mt-Ty,0,0,0,0,0,0,0,0,0,0,0,0
ENSMUSG00000064351,mt-Co1,90408,110889,61448,63580,60203,91108,55412,76041,70913,79970,66409,57811
ENSMUSG00000064352,mt-Ts1,0,0,0,0,0,0,0,0,0,0,0,0
ENSMUSG00000064353,mt-Td,0,0,0,0,0,0,0,0,0,0,0,0
ENSMUSG00000064354,mt-Co2,0,0,0,0,0,0,0,0,0,0,0,0
ENSMUSG00000064355,mt-Tk,0,0,0,0,0,0,0,0,0,0,0,0
ENSMUSG00000064356,mt-Atp8,0,0,0,0,0,0,0,0,0,0,0,0
ENSMUSG00000064357,mt-Atp6,0,0,0,0,0,0,0,0,0,0,0,0
ENSMUSG00000064358,mt-Co3,0,0,0,0,0,0,0,0,0,0,0,0
ENSMUSG00000064359,mt-Tg,0,0,0,0,0,0,0,0,0,0,0,0
ENSMUSG00000064360,mt-Nd3,0,0,0,0,0,0,0,0,0,0,0,0
ENSMUSG00000064361,mt-Tr,0,0,0,0,0,0,0,0,0,0,0,0
ENSMUSG00000065947,mt-Nd4l,0,0,0,0,0,0,0,0,0,0,0,0
ENSMUSG00000064363,mt-Nd4,30778,30860,20270,20596,22374,61891,23045,28980,25952,26783,28869,23813
ENSMUSG00000064364,mt-Th,0,0,0,0,0,0,0,0,0,0,0,0
ENSMUSG00000064365,mt-Ts2,0,0,0,0,0,0,0,0,0,0,0,0
ENSMUSG00000064366,mt-Tl2,0,0,0,0,0,0,0,0,0,0,0,0
ENSMUSG00000064367,mt-Nd5,46926,43726,32593,30677,28787,95748,28662,45937,34200,38936,40724,31290
ENSMUSG00000064368,mt-Nd6,1213,890,1079,959,829,1327,1513,1372,773,820,1174,836
ENSMUSG00000064369,mt-Te,0,0,0,0,1,0,1,0,1,2,1,0
ENSMUSG00000064370,mt-Cytb,73282,83656,51171,53842,60922,141883,60252,76337,62977,67712,79891,61769
ENSMUSG00000064371,mt-Tt,59,55,49,35,6,22,52,48,54,47,8,11
ENSMUSG00000064372,mt-Tp,6,12,4,4,4,9,7,5,7,4,18,27
